# <Transmitter Set: Tx: 20 tx_ant_grid_60_m - Point 31> 
# <Receiver Set: Rx: 17 rx_ant_grid> 
# <X(m)> <Y(m)> <Z(m)> <Distance(m)> <PathGain(dB)>
1 84.9784 -13.2734 2 597.985 -95.4891
2 94.9784 -13.2734 2 598.143 -95.9631
3 104.978 -13.2734 2 598.467 -95.9832
4 114.978 -13.2734 2 598.959 -93.2299
5 124.978 -13.2734 2 599.616 -126.603
6 134.978 -13.2734 2 600.44 -90.4131
7 144.978 -13.2734 2 601.429 -93.1232
8 154.978 -13.2734 2 602.582 -94.7128
9 164.978 -13.2734 2 603.899 -131.276
10 174.978 -13.2734 2 605.378 -137.361
11 184.978 -13.2734 2 607.018 -140.522
12 194.978 -13.2734 2 608.818 -135.153
13 204.978 -13.2734 2 610.776 -134.927
14 214.978 -13.2734 2 612.892 -134.409
15 224.978 -13.2734 2 615.162 -140.298
16 234.978 -13.2734 2 617.587 -137.853
17 244.978 -13.2734 2 620.163 -149.617
18 254.978 -13.2734 2 622.889 -124.648
19 264.978 -13.2734 2 625.762 -127.733
20 274.978 -13.2734 2 628.782 -127.535
21 284.978 -13.2734 2 631.946 -126.313
22 294.978 -13.2734 2 635.251 -131.311
23 304.978 -13.2734 2 638.696 -131.865
24 314.978 -13.2734 2 642.278 -156.317
25 324.978 -13.2734 2 645.995 -162.371
26 334.978 -13.2734 2 649.845 -156.253
27 344.978 -13.2734 2 653.825 -132.643
28 354.978 -13.2734 2 657.932 -133.299
29 364.978 -13.2734 2 662.166 -161.722
30 374.978 -13.2734 2 666.522 -148.445
31 384.978 -13.2734 2 671 -115.125
32 394.978 -13.2734 2 675.595 -116.256
33 404.978 -13.2734 2 680.307 -116.295
34 414.978 -13.2734 2 685.132 -116.854
35 424.978 -13.2734 2 690.068 -124.803
36 434.978 -13.2734 2 695.114 -130.58
37 444.978 -13.2734 2 700.265 -136.597
38 454.978 -13.2734 2 705.521 -154.71
39 464.978 -13.2734 2 710.879 -147.804
40 474.978 -13.2734 2 716.336 -156.705
41 484.978 -13.2734 2 721.89 -149.013
42 84.9784 -3.2734 2 588.033 -94.7501
43 94.9784 -3.2734 2 588.193 -94.6577
44 104.978 -3.2734 2 588.524 -97.106
45 114.978 -3.2734 2 589.023 -97.1019
46 124.978 -3.2734 2 589.692 -185.943
47 134.978 -3.2734 2 590.53 -98.7396
48 144.978 -3.2734 2 591.535 -97.2503
49 154.978 -3.2734 2 592.708 -122.085
50 164.978 -3.2734 2 594.046 -132.493
51 174.978 -3.2734 2 595.55 -137.339
52 184.978 -3.2734 2 597.217 -141.163
53 194.978 -3.2734 2 599.046 -142.948
54 204.978 -3.2734 2 601.036 -134.813
55 214.978 -3.2734 2 603.186 -138.333
56 224.978 -3.2734 2 605.493 -138.027
57 234.978 -3.2734 2 607.956 -140.703
58 244.978 -3.2734 2 610.572 -149.419
59 254.978 -3.2734 2 613.341 -138.742
60 264.978 -3.2734 2 616.259 -121.766
61 274.978 -3.2734 2 619.326 -116.627
62 284.978 -3.2734 2 622.537 -124.717
63 294.978 -3.2734 2 625.892 -160.706
64 304.978 -3.2734 2 629.388 -250
65 314.978 -3.2734 2 633.023 -250
66 324.978 -3.2734 2 636.794 -250
67 334.978 -3.2734 2 640.699 -195.429
68 344.978 -3.2734 2 644.735 -132.586
69 354.978 -3.2734 2 648.901 -172.464
70 364.978 -3.2734 2 653.193 -173.899
71 374.978 -3.2734 2 657.609 -174.45
72 384.978 -3.2734 2 662.146 -173.115
73 394.978 -3.2734 2 666.803 -121.379
74 404.978 -3.2734 2 671.576 -111.674
75 414.978 -3.2734 2 676.464 -114.998
76 424.978 -3.2734 2 681.463 -127.23
77 434.978 -3.2734 2 686.571 -126.408
78 444.978 -3.2734 2 691.786 -171.799
79 454.978 -3.2734 2 697.106 -250
80 464.978 -3.2734 2 702.528 -250
81 474.978 -3.2734 2 708.049 -148.407
82 484.978 -3.2734 2 713.668 -134.095
83 84.9784 6.7266 2 578.083 -93.5985
84 94.9784 6.7266 2 578.246 -94.2445
85 104.978 6.7266 2 578.582 -101.24
86 114.978 6.7266 2 579.09 -100.128
87 124.978 6.7266 2 579.771 -250
88 134.978 6.7266 2 580.622 -104.682
89 144.978 6.7266 2 581.645 -92.7576
90 154.978 6.7266 2 582.837 -131.413
91 164.978 6.7266 2 584.198 -134.287
92 174.978 6.7266 2 585.727 -135.151
93 184.978 6.7266 2 587.422 -140.24
94 194.978 6.7266 2 589.282 -141.738
95 204.978 6.7266 2 591.305 -145.245
96 214.978 6.7266 2 593.49 -141.761
97 224.978 6.7266 2 595.835 -147.037
98 234.978 6.7266 2 598.337 -137.534
99 244.978 6.7266 2 600.996 -143.823
100 254.978 6.7266 2 603.808 -142.285
101 264.978 6.7266 2 606.772 -125.583
102 274.978 6.7266 2 609.886 -129.104
103 284.978 6.7266 2 613.147 -129.306
104 294.978 6.7266 2 616.553 -250
105 304.978 6.7266 2 620.102 -250
106 314.978 6.7266 2 623.791 -250
107 324.978 6.7266 2 627.617 -250
108 334.978 6.7266 2 631.579 -250
109 344.978 6.7266 2 635.673 -250
110 354.978 6.7266 2 639.898 -250
111 364.978 6.7266 2 644.25 -250
112 374.978 6.7266 2 648.726 -250
113 384.978 6.7266 2 653.326 -250
114 394.978 6.7266 2 658.045 -121.08
115 404.978 6.7266 2 662.881 -129.336
116 414.978 6.7266 2 667.832 -113.365
117 424.978 6.7266 2 672.896 -119.547
118 434.978 6.7266 2 678.069 -119.945
119 444.978 6.7266 2 683.349 -250
120 454.978 6.7266 2 688.734 -250
121 464.978 6.7266 2 694.221 -250
122 474.978 6.7266 2 699.808 -150.47
123 484.978 6.7266 2 705.492 -135.636
124 84.9784 16.7266 2 568.135 -92.6961
125 94.9784 16.7266 2 568.301 -93.3525
126 104.978 16.7266 2 568.642 -105.141
127 114.978 16.7266 2 569.159 -104.512
128 124.978 16.7266 2 569.852 -250
129 134.978 16.7266 2 570.718 -105.371
130 144.978 16.7266 2 571.759 -107.7
131 154.978 16.7266 2 572.972 -133.584
132 164.978 16.7266 2 574.356 -136.566
133 174.978 16.7266 2 575.911 -138.18
134 184.978 16.7266 2 577.635 -138.762
135 194.978 16.7266 2 579.526 -250
136 204.978 16.7266 2 581.583 -250
137 214.978 16.7266 2 583.804 -250
138 224.978 16.7266 2 586.188 -250
139 234.978 16.7266 2 588.731 -250
140 244.978 16.7266 2 591.433 -250
141 254.978 16.7266 2 594.291 -250
142 264.978 16.7266 2 597.302 -112.078
143 274.978 16.7266 2 600.465 -129.835
144 284.978 16.7266 2 603.777 -124.994
145 294.978 16.7266 2 607.236 -250
146 304.978 16.7266 2 610.838 -250
147 314.978 16.7266 2 614.583 -250
148 324.978 16.7266 2 618.466 -122.462
149 334.978 16.7266 2 622.486 -121.104
150 344.978 16.7266 2 626.64 -250
151 354.978 16.7266 2 630.925 -250
152 364.978 16.7266 2 635.338 -250
153 374.978 16.7266 2 639.877 -250
154 384.978 16.7266 2 644.54 -119.119
155 394.978 16.7266 2 649.323 -125.765
156 404.978 16.7266 2 654.224 -130.262
157 414.978 16.7266 2 659.24 -113.353
158 424.978 16.7266 2 664.368 -115.331
159 434.978 16.7266 2 669.607 -128.682
160 444.978 16.7266 2 674.954 -250
161 454.978 16.7266 2 680.405 -250
162 464.978 16.7266 2 685.959 -250
163 474.978 16.7266 2 691.613 -138.581
164 484.978 16.7266 2 697.364 -148.043
165 84.9784 26.7266 2 558.188 -92.2371
166 94.9784 26.7266 2 558.357 -92.0577
167 104.978 26.7266 2 558.705 -109.849
168 114.978 26.7266 2 559.231 -108.756
169 124.978 26.7266 2 559.936 -102.376
170 134.978 26.7266 2 560.818 -107.828
171 144.978 26.7266 2 561.876 -106.022
172 154.978 26.7266 2 563.111 -144.659
173 164.978 26.7266 2 564.519 -134.312
174 174.978 26.7266 2 566.101 -134.824
175 184.978 26.7266 2 567.855 -143.183
176 194.978 26.7266 2 569.778 -250
177 204.978 26.7266 2 571.87 -250
178 214.978 26.7266 2 574.129 -250
179 224.978 26.7266 2 576.553 -250
180 234.978 26.7266 2 579.138 -250
181 244.978 26.7266 2 581.885 -250
182 254.978 26.7266 2 584.789 -250
183 264.978 26.7266 2 587.849 -113.321
184 274.978 26.7266 2 591.063 -124.045
185 284.978 26.7266 2 594.427 -132.773
186 294.978 26.7266 2 597.94 -250
187 304.978 26.7266 2 601.598 -250
188 314.978 26.7266 2 605.4 -107.695
189 324.978 26.7266 2 609.342 -135.304
190 334.978 26.7266 2 613.422 -125.445
191 344.978 26.7266 2 617.636 -127.355
192 354.978 26.7266 2 621.983 -121.787
193 364.978 26.7266 2 626.46 -250
194 374.978 26.7266 2 631.063 -250
195 384.978 26.7266 2 635.79 -120.821
196 394.978 26.7266 2 640.638 -161.68
197 404.978 26.7266 2 645.605 -124.452
198 414.978 26.7266 2 650.687 -131.06
199 424.978 26.7266 2 655.883 -112.247
200 434.978 26.7266 2 661.189 -120.695
201 444.978 26.7266 2 666.603 -141.528
202 454.978 26.7266 2 672.122 -250
203 464.978 26.7266 2 677.744 -250
204 474.978 26.7266 2 683.465 -133.637
205 484.978 26.7266 2 689.285 -142.313
206 84.9784 36.7266 2 548.244 -92.1769
207 94.9784 36.7266 2 548.416 -92.0034
208 104.978 36.7266 2 548.77 -113.26
209 114.978 36.7266 2 549.305 -114.447
210 124.978 36.7266 2 550.023 -127.196
211 134.978 36.7266 2 550.921 -102.097
212 144.978 36.7266 2 551.998 -103.224
213 154.978 36.7266 2 553.254 -113.525
214 164.978 36.7266 2 554.688 -145.275
215 174.978 36.7266 2 556.298 -163.987
216 184.978 36.7266 2 558.082 -154.303
217 194.978 36.7266 2 560.04 -148.856
218 204.978 36.7266 2 562.168 -129.511
219 214.978 36.7266 2 564.466 -110.961
220 224.978 36.7266 2 566.93 -250
221 234.978 36.7266 2 569.56 -250
222 244.978 36.7266 2 572.352 -250
223 254.978 36.7266 2 575.305 -250
224 264.978 36.7266 2 578.415 -125.029
225 274.978 36.7266 2 581.681 -109.156
226 284.978 36.7266 2 585.099 -122.693
227 294.978 36.7266 2 588.667 -250
228 304.978 36.7266 2 592.383 -250
229 314.978 36.7266 2 596.243 -127.608
230 324.978 36.7266 2 600.245 -107.551
231 334.978 36.7266 2 604.387 -119.608
232 344.978 36.7266 2 608.664 -130.257
233 354.978 36.7266 2 613.074 -120.892
234 364.978 36.7266 2 617.615 -126.656
235 374.978 36.7266 2 622.284 -112.076
236 384.978 36.7266 2 627.077 -250
237 394.978 36.7266 2 631.992 -250
238 404.978 36.7266 2 637.026 -128.94
239 414.978 36.7266 2 642.177 -126.442
240 424.978 36.7266 2 647.441 -131.77
241 434.978 36.7266 2 652.815 -107.799
242 444.978 36.7266 2 658.298 -119.868
243 454.978 36.7266 2 663.886 -250
244 464.978 36.7266 2 669.577 -250
245 474.978 36.7266 2 675.368 -132.856
246 484.978 36.7266 2 681.256 -145.738
247 84.9784 46.7266 2 538.301 -92.2262
248 94.9784 46.7266 2 538.476 -91.8646
249 104.978 46.7266 2 538.837 -118.059
250 114.978 46.7266 2 539.383 -112.828
251 124.978 46.7266 2 540.113 -115.816
252 134.978 46.7266 2 541.027 -109.064
253 144.978 46.7266 2 542.125 -97.9235
254 154.978 46.7266 2 543.404 -250
255 164.978 46.7266 2 544.863 -250
256 174.978 46.7266 2 546.502 -250
257 184.978 46.7266 2 548.318 -250
258 194.978 46.7266 2 550.31 -250
259 204.978 46.7266 2 552.476 -128.651
260 214.978 46.7266 2 554.814 -106.829
261 224.978 46.7266 2 557.321 -124.517
262 234.978 46.7266 2 559.996 -121.95
263 244.978 46.7266 2 562.836 -122.14
264 254.978 46.7266 2 565.838 -130.993
265 264.978 46.7266 2 569 -124.528
266 274.978 46.7266 2 572.319 -120.469
267 284.978 46.7266 2 575.793 -126.25
268 294.978 46.7266 2 579.419 -250
269 304.978 46.7266 2 583.194 -250
270 314.978 46.7266 2 587.114 -250
271 324.978 46.7266 2 591.178 -250
272 334.978 46.7266 2 595.382 -250
273 344.978 46.7266 2 599.724 -250
274 354.978 46.7266 2 604.2 -250
275 364.978 46.7266 2 608.807 -125.75
276 374.978 46.7266 2 613.542 -113.741
277 384.978 46.7266 2 618.403 -250
278 394.978 46.7266 2 623.387 -250
279 404.978 46.7266 2 628.49 -128.818
280 414.978 46.7266 2 633.71 -126.05
281 424.978 46.7266 2 639.043 -132.861
282 434.978 46.7266 2 644.488 -125.398
283 444.978 46.7266 2 650.041 -110.743
284 454.978 46.7266 2 655.7 -250
285 464.978 46.7266 2 661.461 -250
286 474.978 46.7266 2 667.322 -137.929
287 484.978 46.7266 2 673.281 -140.577
288 84.9784 56.7266 2 528.361 -93.1616
289 94.9784 56.7266 2 528.539 -93.7356
290 104.978 56.7266 2 528.906 -121.649
291 114.978 56.7266 2 529.463 -122.117
292 124.978 56.7266 2 530.207 -118.212
293 134.978 56.7266 2 531.138 -117.732
294 144.978 56.7266 2 532.256 -103.588
295 154.978 56.7266 2 533.558 -250
296 164.978 56.7266 2 535.045 -250
297 174.978 56.7266 2 536.714 -250
298 184.978 56.7266 2 538.563 -250
299 194.978 56.7266 2 540.591 -250
300 204.978 56.7266 2 542.795 -120.695
301 214.978 56.7266 2 545.175 -112.113
302 224.978 56.7266 2 547.726 -113.573
303 234.978 56.7266 2 550.447 -126.549
304 244.978 56.7266 2 553.336 -127.636
305 254.978 56.7266 2 556.39 -130.544
306 264.978 56.7266 2 559.605 -124.379
307 274.978 56.7266 2 562.98 -126.911
308 284.978 56.7266 2 566.511 -120.277
309 294.978 56.7266 2 570.196 -250
310 304.978 56.7266 2 574.031 -250
311 314.978 56.7266 2 578.014 -250
312 324.978 56.7266 2 582.141 -250
313 334.978 56.7266 2 586.41 -250
314 344.978 56.7266 2 590.818 -250
315 354.978 56.7266 2 595.361 -250
316 364.978 56.7266 2 600.036 -113.937
317 374.978 56.7266 2 604.84 -114.201
318 384.978 56.7266 2 609.77 -250
319 394.978 56.7266 2 614.824 -250
320 404.978 56.7266 2 619.997 -124.019
321 414.978 56.7266 2 625.288 -151.162
322 424.978 56.7266 2 630.693 -132.773
323 434.978 56.7266 2 636.209 -129.531
324 444.978 56.7266 2 641.834 -109.92
325 454.978 56.7266 2 647.564 -250
326 464.978 56.7266 2 653.397 -250
327 474.978 56.7266 2 659.33 -157.03
328 484.978 56.7266 2 665.36 -132.511
329 84.9784 66.7266 2 518.423 -93.2311
330 94.9784 66.7266 2 518.604 -92.8247
331 104.978 66.7266 2 518.979 -127.469
332 114.978 66.7266 2 519.546 -120.715
333 124.978 66.7266 2 520.304 -124.701
334 134.978 66.7266 2 521.253 -109.434
335 144.978 66.7266 2 522.392 -98.0796
336 154.978 66.7266 2 523.719 -117.924
337 164.978 66.7266 2 525.233 -119.384
338 174.978 66.7266 2 526.933 -101.118
339 184.978 66.7266 2 528.817 -100.012
340 194.978 66.7266 2 530.882 -102.89
341 204.978 66.7266 2 533.127 -122.887
342 214.978 66.7266 2 535.549 -119.287
343 224.978 66.7266 2 538.146 -122.616
344 234.978 66.7266 2 540.915 -120.634
345 244.978 66.7266 2 543.855 -141.423
346 254.978 66.7266 2 546.961 -137.826
347 264.978 66.7266 2 550.232 -125.543
348 274.978 66.7266 2 553.664 -124.328
349 284.978 66.7266 2 557.254 -121.29
350 294.978 66.7266 2 560.999 -101.565
351 304.978 66.7266 2 564.897 -112.959
352 314.978 66.7266 2 568.944 -103.298
353 324.978 66.7266 2 573.137 -104.907
354 334.978 66.7266 2 577.472 -93.1312
355 344.978 66.7266 2 581.947 -110.053
356 354.978 66.7266 2 586.559 -113.798
357 364.978 66.7266 2 591.303 -110.721
358 374.978 66.7266 2 596.178 -112.833
359 384.978 66.7266 2 601.179 -115.504
360 394.978 66.7266 2 606.304 -125.303
361 404.978 66.7266 2 611.55 -117.832
362 414.978 66.7266 2 616.913 -128.475
363 424.978 66.7266 2 622.391 -114.213
364 434.978 66.7266 2 627.98 -113.931
365 444.978 66.7266 2 633.678 -123.971
366 454.978 66.7266 2 639.481 -147.804
367 464.978 66.7266 2 645.387 -140.805
368 474.978 66.7266 2 651.393 -132.121
369 484.978 66.7266 2 657.496 -134.036
370 84.9784 76.7266 2 508.487 -94.7588
371 94.9784 76.7266 2 508.672 -94.2359
372 104.978 76.7266 2 509.054 -125.978
373 114.978 76.7266 2 509.632 -132.982
374 124.978 76.7266 2 510.405 -122.266
375 134.978 76.7266 2 511.372 -100.336
376 144.978 76.7266 2 512.533 -109.8
377 154.978 76.7266 2 513.886 -112.587
378 164.978 76.7266 2 515.429 -116.537
379 174.978 76.7266 2 517.161 -98.0521
380 184.978 76.7266 2 519.08 -94.8063
381 194.978 76.7266 2 521.184 -109.332
382 204.978 76.7266 2 523.47 -109.838
383 214.978 76.7266 2 525.937 -129.173
384 224.978 76.7266 2 528.581 -116.402
385 234.978 76.7266 2 531.4 -115.76
386 244.978 76.7266 2 534.392 -130.864
387 254.978 76.7266 2 537.553 -124.51
388 264.978 76.7266 2 540.881 -128.847
389 274.978 76.7266 2 544.371 -127.089
390 284.978 76.7266 2 548.023 -105.998
391 294.978 76.7266 2 551.831 -107.32
392 304.978 76.7266 2 555.793 -111.655
393 314.978 76.7266 2 559.906 -109.416
394 324.978 76.7266 2 564.166 -98.8404
395 334.978 76.7266 2 568.569 -99.964
396 344.978 76.7266 2 573.114 -101.42
397 354.978 76.7266 2 577.796 -117.125
398 364.978 76.7266 2 582.612 -111.085
399 374.978 76.7266 2 587.559 -111.277
400 384.978 76.7266 2 592.633 -124.727
401 394.978 76.7266 2 597.831 -115.919
402 404.978 76.7266 2 603.151 -132.335
403 414.978 76.7266 2 608.588 -118.476
404 424.978 76.7266 2 614.14 -115.698
405 434.978 76.7266 2 619.803 -125.994
406 444.978 76.7266 2 625.575 -155.407
407 454.978 76.7266 2 631.453 -142.33
408 464.978 76.7266 2 637.434 -123.235
409 474.978 76.7266 2 643.514 -135.392
410 484.978 76.7266 2 649.691 -114.185
411 84.9784 86.7266 2 498.554 -95.6498
412 94.9784 86.7266 2 498.743 -96.061
413 104.978 86.7266 2 499.132 -250
414 114.978 86.7266 2 499.722 -250
415 124.978 86.7266 2 500.51 -250
416 134.978 86.7266 2 501.496 -109.013
417 144.978 86.7266 2 502.68 -104.677
418 154.978 86.7266 2 504.059 -250
419 164.978 86.7266 2 505.632 -250
420 174.978 86.7266 2 507.398 -250
421 184.978 86.7266 2 509.354 -94.0777
422 194.978 86.7266 2 511.497 -115.8
423 204.978 86.7266 2 513.827 -126.12
424 214.978 86.7266 2 516.339 -123.312
425 224.978 86.7266 2 519.033 -250
426 234.978 86.7266 2 521.904 -250
427 244.978 86.7266 2 524.949 -250
428 254.978 86.7266 2 528.167 -132.701
429 264.978 86.7266 2 531.553 -131.61
430 274.978 86.7266 2 535.105 -131.629
431 284.978 86.7266 2 538.819 -114.58
432 294.978 86.7266 2 542.692 -107.782
433 304.978 86.7266 2 546.72 -105.95
434 314.978 86.7266 2 550.9 -108.157
435 324.978 86.7266 2 555.229 -93.118
436 334.978 86.7266 2 559.704 -103.274
437 344.978 86.7266 2 564.32 -99.8756
438 354.978 86.7266 2 569.074 -103.415
439 364.978 86.7266 2 573.963 -114.225
440 374.978 86.7266 2 578.984 -111.087
441 384.978 86.7266 2 584.132 -250
442 394.978 86.7266 2 589.406 -250
443 404.978 86.7266 2 594.8 -250
444 414.978 86.7266 2 600.313 -120.475
445 424.978 86.7266 2 605.941 -124.202
446 434.978 86.7266 2 611.681 -126.962
447 444.978 86.7266 2 617.529 -250
448 454.978 86.7266 2 623.482 -250
449 464.978 86.7266 2 629.538 -250
450 474.978 86.7266 2 635.694 -116.903
451 484.978 86.7266 2 641.947 -117.721
452 84.9784 96.7266 2 488.624 -96.7035
453 94.9784 96.7266 2 488.817 -97.1613
454 104.978 96.7266 2 489.214 -97.8494
455 114.978 96.7266 2 489.815 -118.365
456 124.978 96.7266 2 490.619 -105.306
457 134.978 96.7266 2 491.625 -122.945
458 144.978 96.7266 2 492.833 -111.432
459 154.978 96.7266 2 494.239 -250
460 164.978 96.7266 2 495.844 -250
461 174.978 96.7266 2 497.644 -250
462 184.978 96.7266 2 499.638 -106.624
463 194.978 96.7266 2 501.823 -250
464 204.978 96.7266 2 504.197 -250
465 214.978 96.7266 2 506.758 -250
466 224.978 96.7266 2 509.502 -250
467 234.978 96.7266 2 512.426 -250
468 244.978 96.7266 2 515.528 -250
469 254.978 96.7266 2 518.804 -250
470 264.978 96.7266 2 522.251 -250
471 274.978 96.7266 2 525.865 -108.197
472 284.978 96.7266 2 529.644 -102.483
473 294.978 96.7266 2 533.583 -111.22
474 304.978 96.7266 2 537.68 -109.109
475 314.978 96.7266 2 541.93 -110.657
476 324.978 96.7266 2 546.33 -110.543
477 334.978 96.7266 2 550.877 -106.504
478 344.978 96.7266 2 555.566 -101.983
479 354.978 96.7266 2 560.395 -102.882
480 364.978 96.7266 2 565.359 -112.589
481 374.978 96.7266 2 570.455 -129.873
482 384.978 96.7266 2 575.68 -250
483 394.978 96.7266 2 581.03 -250
484 404.978 96.7266 2 586.502 -250
485 414.978 96.7266 2 592.092 -103.012
486 424.978 96.7266 2 597.797 -111.042
487 434.978 96.7266 2 603.614 -131.422
488 444.978 96.7266 2 609.54 -250
489 454.978 96.7266 2 615.57 -250
490 464.978 96.7266 2 621.704 -250
491 474.978 96.7266 2 627.936 -132.949
492 484.978 96.7266 2 634.265 -133.781
493 84.9784 106.727 2 478.696 -96.7962
494 94.9784 106.727 2 478.893 -96.0022
495 104.978 106.727 2 479.299 -94.8085
496 114.978 106.727 2 479.912 -120.865
497 124.978 106.727 2 480.733 -102.077
498 134.978 106.727 2 481.76 -102.341
499 144.978 106.727 2 482.992 -110.349
500 154.978 106.727 2 484.427 -250
501 164.978 106.727 2 486.064 -250
502 174.978 106.727 2 487.9 -250
503 184.978 106.727 2 489.934 -106.7
504 194.978 106.727 2 492.162 -250
505 204.978 106.727 2 494.583 -250
506 214.978 106.727 2 497.193 -250
507 224.978 106.727 2 499.989 -250
508 234.978 106.727 2 502.969 -250
509 244.978 106.727 2 506.128 -250
510 254.978 106.727 2 509.465 -250
511 264.978 106.727 2 512.975 -250
512 274.978 106.727 2 516.654 -108.68
513 284.978 106.727 2 520.5 -119.936
514 294.978 106.727 2 524.508 -112.63
515 304.978 106.727 2 528.675 -119.196
516 314.978 106.727 2 532.997 -89.3285
517 324.978 106.727 2 537.47 -108.738
518 334.978 106.727 2 542.091 -106.912
519 344.978 106.727 2 546.855 -107.204
520 354.978 106.727 2 551.76 -109.42
521 364.978 106.727 2 556.801 -112.811
522 374.978 106.727 2 561.975 -123.598
523 384.978 106.727 2 567.278 -250
524 394.978 106.727 2 572.707 -250
525 404.978 106.727 2 578.257 -250
526 414.978 106.727 2 583.926 -114.762
527 424.978 106.727 2 589.711 -107.983
528 434.978 106.727 2 595.606 -117.723
529 444.978 106.727 2 601.611 -250
530 454.978 106.727 2 607.72 -250
531 464.978 106.727 2 613.932 -250
532 474.978 106.727 2 620.243 -113.94
533 484.978 106.727 2 626.649 -116.588
534 84.9784 116.727 2 468.772 -95.6192
535 94.9784 116.727 2 468.973 -95.4251
536 104.978 116.727 2 469.387 -91.5371
537 114.978 116.727 2 470.013 -250
538 124.978 116.727 2 470.852 -250
539 134.978 116.727 2 471.9 -250
540 144.978 116.727 2 473.158 -250
541 154.978 116.727 2 474.623 -250
542 164.978 116.727 2 476.293 -250
543 174.978 116.727 2 478.167 -250
544 184.978 116.727 2 480.242 -112.147
545 194.978 116.727 2 482.515 -250
546 204.978 116.727 2 484.984 -250
547 214.978 116.727 2 487.645 -250
548 224.978 116.727 2 490.496 -250
549 234.978 116.727 2 493.533 -250
550 244.978 116.727 2 496.752 -250
551 254.978 116.727 2 500.151 -250
552 264.978 116.727 2 503.726 -250
553 274.978 116.727 2 507.473 -104.32
554 284.978 116.727 2 511.387 -112.916
555 294.978 116.727 2 515.466 -106.81
556 304.978 116.727 2 519.706 -104.515
557 314.978 116.727 2 524.101 -95.9575
558 324.978 116.727 2 528.65 -250
559 334.978 116.727 2 533.347 -250
560 344.978 116.727 2 538.189 -250
561 354.978 116.727 2 543.172 -250
562 364.978 116.727 2 548.293 -250
563 374.978 116.727 2 553.546 -250
564 384.978 116.727 2 558.929 -250
565 394.978 116.727 2 564.438 -250
566 404.978 116.727 2 570.069 -250
567 414.978 116.727 2 575.819 -250
568 424.978 116.727 2 581.683 -99.5821
569 434.978 116.727 2 587.66 -114.716
570 444.978 116.727 2 593.745 -250
571 454.978 116.727 2 599.934 -250
572 464.978 116.727 2 606.226 -250
573 474.978 116.727 2 612.616 -149.729
574 484.978 116.727 2 619.101 -116.974
575 84.9784 126.727 2 458.851 -93.9939
576 94.9784 126.727 2 459.056 -93.6092
577 104.978 126.727 2 459.479 -91.2221
578 114.978 126.727 2 460.119 -250
579 124.978 126.727 2 460.975 -250
580 134.978 126.727 2 462.046 -250
581 144.978 126.727 2 463.33 -250
582 154.978 126.727 2 464.826 -250
583 164.978 126.727 2 466.532 -250
584 174.978 126.727 2 468.445 -250
585 184.978 126.727 2 470.563 -93.91
586 194.978 126.727 2 472.882 -95.7732
587 204.978 126.727 2 475.401 -91.1724
588 214.978 126.727 2 478.116 -95.5802
589 224.978 126.727 2 481.023 -250
590 234.978 126.727 2 484.119 -250
591 244.978 126.727 2 487.401 -250
592 254.978 126.727 2 490.865 -103.652
593 264.978 126.727 2 494.507 -97.2282
594 274.978 126.727 2 498.323 -94.5601
595 284.978 126.727 2 502.309 -112.162
596 294.978 126.727 2 506.461 -108.251
597 304.978 126.727 2 510.775 -101.727
598 314.978 126.727 2 515.247 -116.005
599 324.978 126.727 2 519.873 -250
600 334.978 126.727 2 524.649 -250
601 344.978 126.727 2 529.57 -250
602 354.978 126.727 2 534.634 -250
603 364.978 126.727 2 539.835 -250
604 374.978 126.727 2 545.17 -250
605 384.978 126.727 2 550.635 -250
606 394.978 126.727 2 556.226 -250
607 404.978 126.727 2 561.939 -250
608 414.978 126.727 2 567.771 -250
609 424.978 126.727 2 573.718 -114.426
610 434.978 126.727 2 579.777 -98.9869
611 444.978 126.727 2 585.943 -250
612 454.978 126.727 2 592.215 -250
613 464.978 126.727 2 598.587 -250
614 474.978 126.727 2 605.058 -124.21
615 484.978 126.727 2 611.624 -108.464
616 84.9784 136.727 2 448.933 -92.292
617 94.9784 136.727 2 449.143 -93.7651
618 104.978 136.727 2 449.576 -97.6458
619 114.978 136.727 2 450.23 -117.746
620 124.978 136.727 2 451.104 -114.268
621 134.978 136.727 2 452.199 -250
622 144.978 136.727 2 453.511 -250
623 154.978 136.727 2 455.039 -250
624 164.978 136.727 2 456.781 -250
625 174.978 136.727 2 458.735 -250
626 184.978 136.727 2 460.897 -92.4557
627 194.978 136.727 2 463.265 -94.1325
628 204.978 136.727 2 465.836 -89.7773
629 214.978 136.727 2 468.606 -100.102
630 224.978 136.727 2 471.572 -250
631 234.978 136.727 2 474.73 -250
632 244.978 136.727 2 478.076 -250
633 254.978 136.727 2 481.607 -101.318
634 264.978 136.727 2 485.318 -99.3068
635 274.978 136.727 2 489.206 -95.166
636 284.978 136.727 2 493.266 -115.788
637 294.978 136.727 2 497.493 -103.317
638 304.978 136.727 2 501.884 -96.3523
639 314.978 136.727 2 506.435 -118.557
640 324.978 136.727 2 511.141 -250
641 334.978 136.727 2 515.997 -250
642 344.978 136.727 2 521.001 -250
643 354.978 136.727 2 526.147 -250
644 364.978 136.727 2 531.431 -250
645 374.978 136.727 2 536.849 -250
646 384.978 136.727 2 542.398 -250
647 394.978 136.727 2 548.073 -250
648 404.978 136.727 2 553.871 -250
649 414.978 136.727 2 559.787 -250
650 424.978 136.727 2 565.818 -105.086
651 434.978 136.727 2 571.96 -105.823
652 444.978 136.727 2 578.21 -250
653 454.978 136.727 2 584.564 -250
654 464.978 136.727 2 591.019 -250
655 474.978 136.727 2 597.572 -110.153
656 484.978 136.727 2 604.219 -106.375
657 84.9784 146.727 2 439.02 -91.5666
658 94.9784 146.727 2 439.234 -90.7432
659 104.978 146.727 2 439.676 -91.3789
660 114.978 146.727 2 440.345 -111.397
661 124.978 146.727 2 441.239 -106.546
662 134.978 146.727 2 442.358 -120.497
663 144.978 146.727 2 443.699 -97.9571
664 154.978 146.727 2 445.261 -91.9966
665 164.978 146.727 2 447.042 -92.9826
666 174.978 146.727 2 449.037 -90.0324
667 184.978 146.727 2 451.246 -91.6161
668 194.978 146.727 2 453.665 -94.3016
669 204.978 146.727 2 456.289 -102.475
670 214.978 146.727 2 459.117 -92.4434
671 224.978 146.727 2 462.144 -90.7129
672 234.978 146.727 2 465.366 -106.626
673 244.978 146.727 2 468.779 -104.196
674 254.978 146.727 2 472.38 -102.303
675 264.978 146.727 2 476.163 -114.057
676 274.978 146.727 2 480.124 -95.9983
677 284.978 146.727 2 484.26 -98.2271
678 294.978 146.727 2 488.566 -94.4325
679 304.978 146.727 2 493.036 -115.996
680 314.978 146.727 2 497.668 -125.663
681 324.978 146.727 2 502.456 -119.717
682 334.978 146.727 2 507.396 -110.72
683 344.978 146.727 2 512.483 -133.136
684 354.978 146.727 2 517.714 -125.456
685 364.978 146.727 2 523.083 -123.533
686 374.978 146.727 2 528.587 -105.674
687 384.978 146.727 2 534.222 -122.003
688 394.978 146.727 2 539.983 -114.155
689 404.978 146.727 2 545.866 -111.438
690 414.978 146.727 2 551.868 -107.415
691 424.978 146.727 2 557.984 -102.557
692 434.978 146.727 2 564.212 -112.892
693 444.978 146.727 2 570.547 -100.021
694 454.978 146.727 2 576.985 -101.576
695 464.978 146.727 2 583.524 -102.304
696 474.978 146.727 2 590.16 -106.098
697 484.978 146.727 2 596.89 -127.68
698 84.9784 156.727 2 429.11 -91.5753
699 94.9784 156.727 2 429.329 -90.5487
700 104.978 156.727 2 429.782 -90.2436
701 114.978 156.727 2 430.466 -103.612
702 124.978 156.727 2 431.381 -124.77
703 134.978 156.727 2 432.525 -112.472
704 144.978 156.727 2 433.897 -100.208
705 154.978 156.727 2 435.494 -94.5885
706 164.978 156.727 2 437.314 -96.8754
707 174.978 156.727 2 439.354 -94.457
708 184.978 156.727 2 441.611 -93.5722
709 194.978 156.727 2 444.082 -98.2064
710 204.978 156.727 2 446.763 -90.2029
711 214.978 156.727 2 449.651 -85.1589
712 224.978 156.727 2 452.741 -98.8835
713 234.978 156.727 2 456.029 -102.89
714 244.978 156.727 2 459.512 -98.9609
715 254.978 156.727 2 463.184 -102.511
716 264.978 156.727 2 467.042 -127.188
717 274.978 156.727 2 471.08 -110.82
718 284.978 156.727 2 475.295 -96.9171
719 294.978 156.727 2 479.681 -96.5879
720 304.978 156.727 2 484.233 -115.049
721 314.978 156.727 2 488.948 -115.952
722 324.978 156.727 2 493.821 -133.005
723 334.978 156.727 2 498.846 -141.265
724 344.978 156.727 2 504.02 -111.341
725 354.978 156.727 2 509.337 -112.833
726 364.978 156.727 2 514.794 -131.472
727 374.978 156.727 2 520.386 -138.784
728 384.978 156.727 2 526.108 -113.872
729 394.978 156.727 2 531.957 -112.718
730 404.978 156.727 2 537.928 -107.163
731 414.978 156.727 2 544.018 -103.759
732 424.978 156.727 2 550.222 -99.0443
733 434.978 156.727 2 556.536 -112.202
734 444.978 156.727 2 562.957 -128.159
735 454.978 156.727 2 569.481 -118.972
736 464.978 156.727 2 576.106 -104.168
737 474.978 156.727 2 582.826 -110.191
738 484.978 156.727 2 589.639 -122.675
739 84.9784 166.727 2 419.204 -90.5515
740 94.9784 166.727 2 419.429 -89.7846
741 104.978 166.727 2 419.892 -90.3163
742 114.978 166.727 2 420.592 -103.136
743 124.978 166.727 2 421.528 -100.075
744 134.978 166.727 2 422.699 -125.204
745 144.978 166.727 2 424.103 -103.64
746 154.978 166.727 2 425.737 -99.966
747 164.978 166.727 2 427.598 -100.988
748 174.978 166.727 2 429.684 -104.294
749 184.978 166.727 2 431.992 -118.206
750 194.978 166.727 2 434.518 -101.967
751 204.978 166.727 2 437.257 -95.6304
752 214.978 166.727 2 440.207 -91.6358
753 224.978 166.727 2 443.363 -250
754 234.978 166.727 2 446.721 -113.39
755 244.978 166.727 2 450.276 -250
756 254.978 166.727 2 454.023 -250
757 264.978 166.727 2 457.957 -250
758 274.978 166.727 2 462.075 -125.76
759 284.978 166.727 2 466.371 -93.9229
760 294.978 166.727 2 470.84 -250
761 304.978 166.727 2 475.478 -250
762 314.978 166.727 2 480.278 -250
763 324.978 166.727 2 485.238 -250
764 334.978 166.727 2 490.351 -250
765 344.978 166.727 2 495.614 -250
766 354.978 166.727 2 501.02 -121.014
767 364.978 166.727 2 506.567 -127.121
768 374.978 166.727 2 512.248 -250
769 384.978 166.727 2 518.061 -112.192
770 394.978 166.727 2 523.999 -104.686
771 404.978 166.727 2 530.06 -130.093
772 414.978 166.727 2 536.239 -108.178
773 424.978 166.727 2 542.532 -109.031
774 434.978 166.727 2 548.935 -107.325
775 444.978 166.727 2 555.444 -250
776 454.978 166.727 2 562.055 -250
777 464.978 166.727 2 568.766 -250
778 474.978 166.727 2 575.572 -122.716
779 484.978 166.727 2 582.47 -112.462
780 84.9784 176.727 2 409.303 -91.2301
781 94.9784 176.727 2 409.534 -91.3837
782 104.978 176.727 2 410.008 -90.5148
783 114.978 176.727 2 410.725 -100.486
784 124.978 176.727 2 411.683 -98.1435
785 134.978 176.727 2 412.882 -118.434
786 144.978 176.727 2 414.319 -104.307
787 154.978 176.727 2 415.991 -98.0723
788 164.978 176.727 2 417.896 -98.2935
789 174.978 176.727 2 420.031 -109.369
790 184.978 176.727 2 422.391 -99.2314
791 194.978 176.727 2 424.974 -99.9768
792 204.978 176.727 2 427.775 -95.6437
793 214.978 176.727 2 430.79 -89.0861
794 224.978 176.727 2 434.014 -250
795 234.978 176.727 2 437.443 -102.79
796 244.978 176.727 2 441.073 -250
797 254.978 176.727 2 444.897 -250
798 264.978 176.727 2 448.912 -250
799 274.978 176.727 2 453.112 -112.55
800 284.978 176.727 2 457.492 -99.9001
801 294.978 176.727 2 462.047 -250
802 304.978 176.727 2 466.772 -250
803 314.978 176.727 2 471.661 -250
804 324.978 176.727 2 476.711 -250
805 334.978 176.727 2 481.914 -250
806 344.978 176.727 2 487.268 -250
807 354.978 176.727 2 492.766 -131.299
808 364.978 176.727 2 498.404 -124.467
809 374.978 176.727 2 504.178 -250
810 384.978 176.727 2 510.082 -120.512
811 394.978 176.727 2 516.113 -121.97
812 404.978 176.727 2 522.265 -114.55
813 414.978 176.727 2 528.535 -108.961
814 424.978 176.727 2 534.918 -110.024
815 434.978 176.727 2 541.411 -119.236
816 444.978 176.727 2 548.01 -250
817 454.978 176.727 2 554.71 -250
818 464.978 176.727 2 561.508 -250
819 474.978 176.727 2 568.401 -128.663
820 484.978 176.727 2 575.386 -126.981
821 84.9784 186.727 2 399.408 -93.2041
822 94.9784 186.727 2 399.643 -91.6998
823 104.978 186.727 2 400.129 -89.7908
824 114.978 186.727 2 400.864 -100.457
825 124.978 186.727 2 401.846 -102.674
826 134.978 186.727 2 403.074 -115.726
827 144.978 186.727 2 404.546 -104.105
828 154.978 186.727 2 406.258 -104.698
829 164.978 186.727 2 408.209 -101.096
830 174.978 186.727 2 410.393 -106.079
831 184.978 186.727 2 412.809 -95.949
832 194.978 186.727 2 415.451 -103.913
833 204.978 186.727 2 418.316 -93.4126
834 214.978 186.727 2 421.398 -87.5013
835 224.978 186.727 2 424.694 -250
836 234.978 186.727 2 428.198 -102.611
837 244.978 186.727 2 431.905 -250
838 254.978 186.727 2 435.81 -250
839 264.978 186.727 2 439.908 -250
840 274.978 186.727 2 444.193 -92.441
841 284.978 186.727 2 448.66 -106.228
842 294.978 186.727 2 453.304 -101.357
843 304.978 186.727 2 458.119 -101.727
844 314.978 186.727 2 463.1 -107.871
845 324.978 186.727 2 468.241 -97.5487
846 334.978 186.727 2 473.538 -250
847 344.978 186.727 2 478.985 -250
848 354.978 186.727 2 484.578 -250
849 364.978 186.727 2 490.31 -250
850 374.978 186.727 2 496.178 -250
851 384.978 186.727 2 502.176 -117.52
852 394.978 186.727 2 508.3 -123.318
853 404.978 186.727 2 514.546 -108.116
854 414.978 186.727 2 520.909 -109.706
855 424.978 186.727 2 527.385 -109.902
856 434.978 186.727 2 533.969 -114.848
857 444.978 186.727 2 540.659 -250
858 454.978 186.727 2 547.449 -250
859 464.978 186.727 2 554.336 -250
860 474.978 186.727 2 561.317 -127.773
861 484.978 186.727 2 568.389 -131.306
862 84.9784 196.727 2 389.517 -94.4583
863 94.9784 196.727 2 389.759 -93.4021
864 104.978 196.727 2 390.257 -91.7077
865 114.978 196.727 2 391.01 -103.243
866 124.978 196.727 2 392.017 -108.368
867 134.978 196.727 2 393.276 -115.683
868 144.978 196.727 2 394.784 -102.243
869 154.978 196.727 2 396.538 -100.686
870 164.978 196.727 2 398.536 -102.141
871 174.978 196.727 2 400.774 -100.097
872 184.978 196.727 2 403.247 -102.834
873 194.978 196.727 2 405.952 -100.72
874 204.978 196.727 2 408.883 -99.5971
875 214.978 196.727 2 412.036 -90.8017
876 224.978 196.727 2 415.406 -250
877 234.978 196.727 2 418.988 -94.3157
878 244.978 196.727 2 422.775 -88.5971
879 254.978 196.727 2 426.764 -94.4664
880 264.978 196.727 2 430.948 -90.8275
881 274.978 196.727 2 435.321 -97.8611
882 284.978 196.727 2 439.878 -113.08
883 294.978 196.727 2 444.614 -107.146
884 304.978 196.727 2 449.522 -106.165
885 314.978 196.727 2 454.597 -108.498
886 324.978 196.727 2 459.834 -104.784
887 334.978 196.727 2 465.226 -250
888 344.978 196.727 2 470.769 -250
889 354.978 196.727 2 476.458 -142.726
890 364.978 196.727 2 482.287 -131.818
891 374.978 196.727 2 488.251 -125.63
892 384.978 196.727 2 494.346 -115.308
893 394.978 196.727 2 500.566 -120.781
894 404.978 196.727 2 506.907 -125.511
895 414.978 196.727 2 513.365 -112.422
896 424.978 196.727 2 519.934 -250
897 434.978 196.727 2 526.612 -250
898 444.978 196.727 2 533.394 -250
899 454.978 196.727 2 540.275 -250
900 464.978 196.727 2 547.253 -250
901 474.978 196.727 2 554.323 -120.157
902 484.978 196.727 2 561.483 -126.257
903 84.9784 206.727 2 379.632 -93.6296
904 94.9784 206.727 2 379.88 -93.656
905 104.978 206.727 2 380.391 -94.6109
906 114.978 206.727 2 381.164 -109.558
907 124.978 206.727 2 382.197 -250
908 134.978 206.727 2 383.488 -109.97
909 144.978 206.727 2 385.034 -100.498
910 154.978 206.727 2 386.833 -99.3189
911 164.978 206.727 2 388.881 -104.895
912 174.978 206.727 2 391.174 -99.8595
913 184.978 206.727 2 393.707 -101.65
914 194.978 206.727 2 396.477 -105.758
915 204.978 206.727 2 399.477 -93.2081
916 214.978 206.727 2 402.704 -95.5775
917 224.978 206.727 2 406.152 -95.6323
918 234.978 206.727 2 409.814 -91.7215
919 244.978 206.727 2 413.686 -94.5659
920 254.978 206.727 2 417.761 -91.9229
921 264.978 206.727 2 422.034 -87.9439
922 274.978 206.727 2 426.499 -107.296
923 284.978 206.727 2 431.15 -105.564
924 294.978 206.727 2 435.98 -109.358
925 304.978 206.727 2 440.984 -106.62
926 314.978 206.727 2 446.156 -104.031
927 324.978 206.727 2 451.491 -105.922
928 334.978 206.727 2 456.982 -250
929 344.978 206.727 2 462.624 -250
930 354.978 206.727 2 468.412 -139.695
931 364.978 206.727 2 474.339 -132.705
932 374.978 206.727 2 480.402 -114.443
933 384.978 206.727 2 486.595 -111.193
934 394.978 206.727 2 492.913 -110.105
935 404.978 206.727 2 499.351 -123.704
936 414.978 206.727 2 505.905 -122.751
937 424.978 206.727 2 512.571 -250
938 434.978 206.727 2 519.343 -250
939 444.978 206.727 2 526.218 -250
940 454.978 206.727 2 533.192 -250
941 464.978 206.727 2 540.262 -250
942 474.978 206.727 2 547.422 -142.791
943 484.978 206.727 2 554.671 -123.089
944 84.9784 216.727 2 369.753 -91.5556
945 94.9784 216.727 2 370.008 -90.5385
946 104.978 216.727 2 370.533 -118.914
947 114.978 216.727 2 371.326 -121.257
948 124.978 216.727 2 372.386 -250
949 134.978 216.727 2 373.711 -107.044
950 144.978 216.727 2 375.298 -104.168
951 154.978 216.727 2 377.143 -99.1082
952 164.978 216.727 2 379.243 -116.457
953 174.978 216.727 2 381.594 -98.0529
954 184.978 216.727 2 384.19 -97.5842
955 194.978 216.727 2 387.028 -98.7617
956 204.978 216.727 2 390.102 -101.891
957 214.978 216.727 2 393.405 -95.6898
958 224.978 216.727 2 396.933 -96.0924
959 234.978 216.727 2 400.68 -94.4892
960 244.978 216.727 2 404.64 -90.3679
961 254.978 216.727 2 408.805 -93.9169
962 264.978 216.727 2 413.171 -95.8913
963 274.978 216.727 2 417.73 -101.387
964 284.978 216.727 2 422.477 -103.23
965 294.978 216.727 2 427.406 -250
966 304.978 216.727 2 432.509 -250
967 314.978 216.727 2 437.781 -250
968 324.978 216.727 2 443.217 -250
969 334.978 216.727 2 448.809 -250
970 344.978 216.727 2 454.552 -250
971 354.978 216.727 2 460.442 -127.06
972 364.978 216.727 2 466.471 -133.396
973 374.978 216.727 2 472.635 -119.735
974 384.978 216.727 2 478.928 -117.436
975 394.978 216.727 2 485.346 -112.779
976 404.978 216.727 2 491.883 -122.509
977 414.978 216.727 2 498.535 -118.301
978 424.978 216.727 2 505.298 -250
979 434.978 216.727 2 512.166 -250
980 444.978 216.727 2 519.137 -250
981 454.978 216.727 2 526.205 -250
982 464.978 216.727 2 533.366 -250
983 474.978 216.727 2 540.618 -133.007
984 484.978 216.727 2 547.957 -134.3
985 84.9784 226.727 2 359.881 -89.9358
986 94.9784 226.727 2 360.143 -90.4154
987 104.978 226.727 2 360.682 -250
988 114.978 226.727 2 361.497 -250
989 124.978 226.727 2 362.586 -250
990 134.978 226.727 2 363.946 -103.497
991 144.978 226.727 2 365.575 -101.77
992 154.978 226.727 2 367.469 -102.691
993 164.978 226.727 2 369.625 -105.395
994 174.978 226.727 2 372.036 -98.0331
995 184.978 226.727 2 374.699 -100.054
996 194.978 226.727 2 377.608 -92.2408
997 204.978 226.727 2 380.757 -96.7494
998 214.978 226.727 2 384.142 -96.4569
999 224.978 226.727 2 387.754 -91.0551
1000 234.978 226.727 2 391.589 -98.9934
1001 244.978 226.727 2 395.639 -91.6943
1002 254.978 226.727 2 399.898 -94.013
1003 264.978 226.727 2 404.36 -105.04
1004 274.978 226.727 2 409.018 -96.5397
1005 284.978 226.727 2 413.865 -101.44
1006 294.978 226.727 2 418.894 -250
1007 304.978 226.727 2 424.1 -250
1008 314.978 226.727 2 429.476 -250
1009 324.978 226.727 2 435.015 -250
1010 334.978 226.727 2 440.711 -250
1011 344.978 226.727 2 446.559 -250
1012 354.978 226.727 2 452.552 -124.374
1013 364.978 226.727 2 458.685 -118.442
1014 374.978 226.727 2 464.952 -119.51
1015 384.978 226.727 2 471.348 -117.326
1016 394.978 226.727 2 477.868 -134.302
1017 404.978 226.727 2 484.506 -129.042
1018 414.978 226.727 2 491.258 -112.465
1019 424.978 226.727 2 498.119 -250
1020 434.978 226.727 2 505.085 -250
1021 444.978 226.727 2 512.152 -250
1022 454.978 226.727 2 519.315 -250
1023 464.978 226.727 2 526.571 -250
1024 474.978 226.727 2 533.915 -135.335
1025 484.978 226.727 2 541.344 -143.376
1026 84.9784 236.727 2 350.016 -90.1948
1027 94.9784 236.727 2 350.286 -92.4886
1028 104.978 236.727 2 350.84 -93.1205
1029 114.978 236.727 2 351.677 -99.2111
1030 124.978 236.727 2 352.797 -250
1031 134.978 236.727 2 354.195 -107.336
1032 144.978 236.727 2 355.868 -102.696
1033 154.978 236.727 2 357.814 -108.735
1034 164.978 236.727 2 360.027 -107.609
1035 174.978 236.727 2 362.502 -98.1952
1036 184.978 236.727 2 365.235 -99.6498
1037 194.978 236.727 2 368.218 -99.5083
1038 204.978 236.727 2 371.447 -98.0945
1039 214.978 236.727 2 374.916 -101.625
1040 224.978 236.727 2 378.616 -103.485
1041 234.978 236.727 2 382.542 -94.6039
1042 244.978 236.727 2 386.687 -99.1986
1043 254.978 236.727 2 391.044 -107.576
1044 264.978 236.727 2 395.606 -97.936
1045 274.978 236.727 2 400.366 -104.094
1046 284.978 236.727 2 405.316 -102.916
1047 294.978 236.727 2 410.45 -250
1048 304.978 236.727 2 415.762 -250
1049 314.978 236.727 2 421.244 -250
1050 324.978 236.727 2 426.89 -250
1051 334.978 236.727 2 432.693 -250
1052 344.978 236.727 2 438.648 -250
1053 354.978 236.727 2 444.748 -138.004
1054 364.978 236.727 2 450.987 -117.542
1055 374.978 236.727 2 457.359 -111.839
1056 384.978 236.727 2 463.86 -130.387
1057 394.978 236.727 2 470.483 -120.221
1058 404.978 236.727 2 477.224 -121.402
1059 414.978 236.727 2 484.078 -250
1060 424.978 236.727 2 491.04 -250
1061 434.978 236.727 2 498.105 -250
1062 444.978 236.727 2 505.269 -250
1063 454.978 236.727 2 512.528 -250
1064 464.978 236.727 2 519.879 -250
1065 474.978 236.727 2 527.316 -118.955
1066 484.978 236.727 2 534.837 -139.203
1067 84.9784 246.727 2 340.159 -88.2723
1068 94.9784 246.727 2 340.436 -90.5477
1069 104.978 246.727 2 341.007 -89.2314
1070 114.978 246.727 2 341.868 -106.559
1071 124.978 246.727 2 343.02 -108.285
1072 134.978 246.727 2 344.457 -105.966
1073 144.978 246.727 2 346.178 -109.212
1074 154.978 246.727 2 348.178 -107.266
1075 164.978 246.727 2 350.452 -99.2074
1076 174.978 246.727 2 352.994 -98.1376
1077 184.978 246.727 2 355.8 -101.314
1078 194.978 246.727 2 358.862 -103.394
1079 204.978 246.727 2 362.174 -96.9542
1080 214.978 246.727 2 365.73 -104.67
1081 224.978 246.727 2 369.523 -97.9999
1082 234.978 246.727 2 373.545 -90.9739
1083 244.978 246.727 2 377.789 -91.2673
1084 254.978 246.727 2 382.247 -108.833
1085 264.978 246.727 2 386.912 -96.116
1086 274.978 246.727 2 391.778 -98.5975
1087 284.978 246.727 2 396.835 -114.153
1088 294.978 246.727 2 402.078 -102.467
1089 304.978 246.727 2 407.499 -104.843
1090 314.978 246.727 2 413.09 -113.573
1091 324.978 246.727 2 418.846 -122.896
1092 334.978 246.727 2 424.759 -119.647
1093 344.978 246.727 2 430.824 -117.709
1094 354.978 246.727 2 437.033 -112.704
1095 364.978 246.727 2 443.38 -114.796
1096 374.978 246.727 2 449.86 -127.379
1097 384.978 246.727 2 456.468 -129.999
1098 394.978 246.727 2 463.197 -135.568
1099 404.978 246.727 2 470.042 -118.406
1100 414.978 246.727 2 476.999 -122.743
1101 424.978 246.727 2 484.063 -129.96
1102 434.978 246.727 2 491.228 -125.429
1103 444.978 246.727 2 498.492 -136.989
1104 454.978 246.727 2 505.848 -137.658
1105 464.978 246.727 2 513.294 -127.645
1106 474.978 246.727 2 520.826 -131.091
1107 484.978 246.727 2 528.439 -135.793
1108 84.9784 256.727 2 330.311 -91.2696
1109 94.9784 256.727 2 330.596 -91.2082
1110 104.978 256.727 2 331.183 -91.9206
1111 114.978 256.727 2 332.071 -102.784
1112 124.978 256.727 2 333.256 -99.6222
1113 134.978 256.727 2 334.736 -101.572
1114 144.978 256.727 2 336.506 -109.077
1115 154.978 256.727 2 338.563 -114.385
1116 164.978 256.727 2 340.901 -112.606
1117 174.978 256.727 2 343.514 -101.279
1118 184.978 256.727 2 346.396 -100.735
1119 194.978 256.727 2 349.541 -103.347
1120 204.978 256.727 2 352.941 -98.9808
1121 214.978 256.727 2 356.589 -101.602
1122 224.978 256.727 2 360.478 -103.214
1123 234.978 256.727 2 364.599 -90.0053
1124 244.978 256.727 2 368.946 -103.577
1125 254.978 256.727 2 373.51 -113.877
1126 264.978 256.727 2 378.283 -103.026
1127 274.978 256.727 2 383.258 -103.237
1128 284.978 256.727 2 388.426 -112.278
1129 294.978 256.727 2 393.781 -101.563
1130 304.978 256.727 2 399.315 -105.924
1131 314.978 256.727 2 405.019 -115.34
1132 324.978 256.727 2 410.888 -119.036
1133 334.978 256.727 2 416.914 -121.947
1134 344.978 256.727 2 423.091 -112.643
1135 354.978 256.727 2 429.412 -112.133
1136 364.978 256.727 2 435.87 -118.371
1137 374.978 256.727 2 442.461 -126.545
1138 384.978 256.727 2 449.177 -114.888
1139 394.978 256.727 2 456.014 -114.835
1140 404.978 256.727 2 462.965 -131.884
1141 414.978 256.727 2 470.027 -126.738
1142 424.978 256.727 2 477.194 -120.818
1143 434.978 256.727 2 484.461 -121.694
1144 444.978 256.727 2 491.824 -131.278
1145 454.978 256.727 2 499.279 -135.212
1146 464.978 256.727 2 506.821 -143.58
1147 474.978 256.727 2 514.448 -124.312
1148 484.978 256.727 2 522.154 -133.542
1149 84.9784 266.727 2 320.472 -91.4022
1150 94.9784 266.727 2 320.766 -90.8269
1151 104.978 266.727 2 321.371 -92.5916
1152 114.978 266.727 2 322.286 -98.9281
1153 124.978 266.727 2 323.506 -99.0339
1154 134.978 266.727 2 325.031 -250
1155 144.978 266.727 2 326.854 -250
1156 154.978 266.727 2 328.971 -250
1157 164.978 266.727 2 331.376 -250
1158 174.978 266.727 2 334.064 -113.145
1159 184.978 266.727 2 337.027 -103.735
1160 194.978 266.727 2 340.258 -107.254
1161 204.978 266.727 2 343.75 -101.848
1162 214.978 266.727 2 347.495 -103.558
1163 224.978 266.727 2 351.484 -92.2352
1164 234.978 266.727 2 355.71 -88.2195
1165 244.978 266.727 2 360.164 -250
1166 254.978 266.727 2 364.838 -250
1167 264.978 266.727 2 369.723 -250
1168 274.978 266.727 2 374.812 -105.913
1169 284.978 266.727 2 380.095 -99.5703
1170 294.978 266.727 2 385.565 -250
1171 304.978 266.727 2 391.215 -250
1172 314.978 266.727 2 397.036 -250
1173 324.978 266.727 2 403.021 -250
1174 334.978 266.727 2 409.163 -250
1175 344.978 266.727 2 415.455 -250
1176 354.978 266.727 2 421.89 -250
1177 364.978 266.727 2 428.462 -250
1178 374.978 266.727 2 435.165 -250
1179 384.978 266.727 2 441.992 -250
1180 394.978 266.727 2 448.938 -250
1181 404.978 266.727 2 455.998 -250
1182 414.978 266.727 2 463.166 -250
1183 424.978 266.727 2 470.437 -250
1184 434.978 266.727 2 477.807 -250
1185 444.978 266.727 2 485.271 -250
1186 454.978 266.727 2 492.825 -250
1187 464.978 266.727 2 500.465 -250
1188 474.978 266.727 2 508.186 -138.811
1189 484.978 266.727 2 515.986 -128.205
1190 84.9784 276.727 2 310.644 -90.2558
1191 94.9784 276.727 2 310.947 -86.8192
1192 104.978 276.727 2 311.571 -90.5626
1193 114.978 276.727 2 312.514 -99.9505
1194 124.978 276.727 2 313.773 -100.526
1195 134.978 276.727 2 315.344 -250
1196 144.978 276.727 2 317.223 -250
1197 154.978 276.727 2 319.404 -250
1198 164.978 276.727 2 321.881 -250
1199 174.978 276.727 2 324.647 -110.816
1200 184.978 276.727 2 327.696 -107.754
1201 194.978 276.727 2 331.018 -104.83
1202 204.978 276.727 2 334.606 -101.293
1203 214.978 276.727 2 338.452 -96.0242
1204 224.978 276.727 2 342.547 -95.8561
1205 234.978 276.727 2 346.881 -94.9602
1206 244.978 276.727 2 351.447 -250
1207 254.978 276.727 2 356.235 -250
1208 264.978 276.727 2 361.237 -250
1209 274.978 276.727 2 366.443 -108.329
1210 284.978 276.727 2 371.846 -99.5777
1211 294.978 276.727 2 377.436 -250
1212 304.978 276.727 2 383.205 -250
1213 314.978 276.727 2 389.146 -250
1214 324.978 276.727 2 395.251 -250
1215 334.978 276.727 2 401.512 -250
1216 344.978 276.727 2 407.922 -250
1217 354.978 276.727 2 414.474 -250
1218 364.978 276.727 2 421.162 -250
1219 374.978 276.727 2 427.978 -250
1220 384.978 276.727 2 434.918 -250
1221 394.978 276.727 2 441.976 -250
1222 404.978 276.727 2 449.145 -250
1223 414.978 276.727 2 456.42 -250
1224 424.978 276.727 2 463.797 -250
1225 434.978 276.727 2 471.271 -250
1226 444.978 276.727 2 478.837 -250
1227 454.978 276.727 2 486.491 -250
1228 464.978 276.727 2 494.229 -250
1229 474.978 276.727 2 502.046 -143.119
1230 484.978 276.727 2 509.94 -128.18
1231 84.9784 286.727 2 300.826 -88.3761
1232 94.9784 286.727 2 301.14 -85.7149
1233 104.978 286.727 2 301.784 -87.105
1234 114.978 286.727 2 302.757 -98.391
1235 124.978 286.727 2 304.057 -101.551
1236 134.978 286.727 2 305.678 -250
1237 144.978 286.727 2 307.616 -250
1238 154.978 286.727 2 309.864 -250
1239 164.978 286.727 2 312.417 -250
1240 174.978 286.727 2 315.266 -101.888
1241 184.978 286.727 2 318.404 -128.348
1242 194.978 286.727 2 321.823 -109.515
1243 204.978 286.727 2 325.512 -107.612
1244 214.978 286.727 2 329.464 -105.105
1245 224.978 286.727 2 333.669 -92.9978
1246 234.978 286.727 2 338.118 -105.479
1247 244.978 286.727 2 342.801 -250
1248 254.978 286.727 2 347.708 -250
1249 264.978 286.727 2 352.83 -250
1250 274.978 286.727 2 358.159 -108.339
1251 284.978 286.727 2 363.684 -97.5251
1252 294.978 286.727 2 369.398 -250
1253 304.978 286.727 2 375.291 -250
1254 314.978 286.727 2 381.355 -250
1255 324.978 286.727 2 387.582 -250
1256 334.978 286.727 2 393.965 -250
1257 344.978 286.727 2 400.496 -250
1258 354.978 286.727 2 407.168 -250
1259 364.978 286.727 2 413.973 -250
1260 374.978 286.727 2 420.907 -250
1261 384.978 286.727 2 427.961 -250
1262 394.978 286.727 2 435.132 -250
1263 404.978 286.727 2 442.412 -250
1264 414.978 286.727 2 449.796 -250
1265 424.978 286.727 2 457.28 -250
1266 434.978 286.727 2 464.859 -250
1267 444.978 286.727 2 472.527 -250
1268 454.978 286.727 2 480.282 -250
1269 464.978 286.727 2 488.118 -250
1270 474.978 286.727 2 496.032 -135.455
1271 484.978 286.727 2 504.02 -134.124
1272 84.9784 296.727 2 291.022 -90.9109
1273 94.9784 296.727 2 291.345 -91.9829
1274 104.978 296.727 2 292.011 -87.832
1275 114.978 296.727 2 293.017 -92.6126
1276 124.978 296.727 2 294.359 -95.4777
1277 134.978 296.727 2 296.034 -250
1278 144.978 296.727 2 298.034 -250
1279 154.978 296.727 2 300.355 -250
1280 164.978 296.727 2 302.987 -250
1281 174.978 296.727 2 305.925 -111.353
1282 184.978 296.727 2 309.158 -105.644
1283 194.978 296.727 2 312.677 -111.928
1284 204.978 296.727 2 316.473 -103.474
1285 214.978 296.727 2 320.537 -107.614
1286 224.978 296.727 2 324.857 -107.734
1287 234.978 296.727 2 329.425 -107.428
1288 244.978 296.727 2 334.229 -250
1289 254.978 296.727 2 339.261 -250
1290 264.978 296.727 2 344.509 -250
1291 274.978 296.727 2 349.964 -124.176
1292 284.978 296.727 2 355.617 -102.491
1293 294.978 296.727 2 361.458 -250
1294 304.978 296.727 2 367.478 -250
1295 314.978 296.727 2 373.669 -250
1296 324.978 296.727 2 380.023 -126.672
1297 334.978 296.727 2 386.53 -129.357
1298 344.978 296.727 2 393.185 -126.861
1299 354.978 296.727 2 399.978 -138.671
1300 364.978 296.727 2 406.904 -130.735
1301 374.978 296.727 2 413.956 -125.034
1302 384.978 296.727 2 421.127 -125.403
1303 394.978 296.727 2 428.412 -130.269
1304 404.978 296.727 2 435.804 -128.868
1305 414.978 296.727 2 443.298 -131.309
1306 424.978 296.727 2 450.89 -137.686
1307 434.978 296.727 2 458.574 -250
1308 444.978 296.727 2 466.346 -250
1309 454.978 296.727 2 474.202 -250
1310 464.978 296.727 2 482.137 -250
1311 474.978 296.727 2 490.147 -131.981
1312 484.978 296.727 2 498.23 -143.608
1313 84.9784 306.727 2 281.23 -89.4328
1314 94.9784 306.727 2 281.565 -89.5846
1315 104.978 306.727 2 282.254 -89.3502
1316 114.978 306.727 2 283.295 -96.3831
1317 124.978 306.727 2 284.683 -97.3745
1318 134.978 306.727 2 286.414 -250
1319 144.978 306.727 2 288.481 -250
1320 154.978 306.727 2 290.878 -250
1321 164.978 306.727 2 293.596 -250
1322 174.978 306.727 2 296.626 -105.735
1323 184.978 306.727 2 299.959 -105.639
1324 194.978 306.727 2 303.585 -97.402
1325 204.978 306.727 2 307.494 -112.384
1326 214.978 306.727 2 311.674 -102.978
1327 224.978 306.727 2 316.116 -106.151
1328 234.978 306.727 2 320.808 -102.983
1329 244.978 306.727 2 325.74 -250
1330 254.978 306.727 2 330.9 -250
1331 264.978 306.727 2 336.279 -250
1332 274.978 306.727 2 341.865 -106.806
1333 284.978 306.727 2 347.65 -108.393
1334 294.978 306.727 2 353.622 -250
1335 304.978 306.727 2 359.774 -250
1336 314.978 306.727 2 366.095 -250
1337 324.978 306.727 2 372.578 -125.296
1338 334.978 306.727 2 379.213 -250
1339 344.978 306.727 2 385.994 -250
1340 354.978 306.727 2 392.912 -250
1341 364.978 306.727 2 399.96 -121.529
1342 374.978 306.727 2 407.132 -250
1343 384.978 306.727 2 414.421 -250
1344 394.978 306.727 2 421.822 -250
1345 404.978 306.727 2 429.327 -250
1346 414.978 306.727 2 436.933 -250
1347 424.978 306.727 2 444.634 -250
1348 434.978 306.727 2 452.424 -250
1349 444.978 306.727 2 460.3 -250
1350 454.978 306.727 2 468.257 -250
1351 464.978 306.727 2 476.291 -250
1352 474.978 306.727 2 484.398 -116.231
1353 484.978 306.727 2 492.575 -124.765
1354 84.9784 316.727 2 271.455 -88.7008
1355 94.9784 316.727 2 271.802 -86.5461
1356 104.978 316.727 2 272.515 -94.3597
1357 114.978 316.727 2 273.593 -99.0387
1358 124.978 316.727 2 275.03 -103.979
1359 134.978 316.727 2 276.821 -250
1360 144.978 316.727 2 278.96 -250
1361 154.978 316.727 2 281.437 -250
1362 164.978 316.727 2 284.245 -250
1363 174.978 316.727 2 287.374 -115.033
1364 184.978 316.727 2 290.813 -107.615
1365 194.978 316.727 2 294.552 -114.998
1366 204.978 316.727 2 298.579 -108.285
1367 214.978 316.727 2 302.883 -119.711
1368 224.978 316.727 2 307.451 -116.501
1369 234.978 316.727 2 312.274 -105.227
1370 244.978 316.727 2 317.338 -250
1371 254.978 316.727 2 322.633 -250
1372 264.978 316.727 2 328.147 -250
1373 274.978 316.727 2 333.869 -130.56
1374 284.978 316.727 2 339.79 -110.778
1375 294.978 316.727 2 345.898 -250
1376 304.978 316.727 2 352.185 -250
1377 314.978 316.727 2 358.64 -250
1378 324.978 316.727 2 365.255 -119.275
1379 334.978 316.727 2 372.021 -250
1380 344.978 316.727 2 378.93 -250
1381 354.978 316.727 2 385.975 -250
1382 364.978 316.727 2 393.148 -118.099
1383 374.978 316.727 2 400.442 -250
1384 384.978 316.727 2 407.851 -250
1385 394.978 316.727 2 415.368 -250
1386 404.978 316.727 2 422.988 -250
1387 414.978 316.727 2 430.706 -250
1388 424.978 316.727 2 438.516 -250
1389 434.978 316.727 2 446.413 -250
1390 444.978 316.727 2 454.393 -250
1391 454.978 316.727 2 462.452 -250
1392 464.978 316.727 2 470.585 -250
1393 474.978 316.727 2 478.788 -136.372
1394 484.978 316.727 2 487.059 -106.811
1395 84.9784 326.727 2 261.696 -88.0304
1396 94.9784 326.727 2 262.056 -89.9922
1397 104.978 326.727 2 262.796 -99.9979
1398 114.978 326.727 2 263.913 -98.437
1399 124.978 326.727 2 265.403 -93.5688
1400 134.978 326.727 2 267.258 -110.053
1401 144.978 326.727 2 269.473 -103.467
1402 154.978 326.727 2 272.037 -104.679
1403 164.978 326.727 2 274.941 -124.384
1404 174.978 326.727 2 278.174 -120.206
1405 184.978 326.727 2 281.726 -105.816
1406 194.978 326.727 2 285.583 -105.868
1407 204.978 326.727 2 289.735 -106.082
1408 214.978 326.727 2 294.168 -107.354
1409 224.978 326.727 2 298.87 -103.22
1410 234.978 326.727 2 303.829 -105.639
1411 244.978 326.727 2 309.031 -125.369
1412 254.978 326.727 2 314.466 -116.3
1413 264.978 326.727 2 320.121 -111.232
1414 274.978 326.727 2 325.984 -113.638
1415 284.978 326.727 2 332.046 -130.686
1416 294.978 326.727 2 338.294 -118.864
1417 304.978 326.727 2 344.719 -111.885
1418 314.978 326.727 2 351.311 -116.999
1419 324.978 326.727 2 358.062 -111.417
1420 334.978 326.727 2 364.961 -101.85
1421 344.978 326.727 2 372.002 -101.761
1422 354.978 326.727 2 379.175 -108.615
1423 364.978 326.727 2 386.474 -112.524
1424 374.978 326.727 2 393.892 -113.985
1425 384.978 326.727 2 401.421 -128.897
1426 394.978 326.727 2 409.057 -121.903
1427 404.978 326.727 2 416.793 -139.556
1428 414.978 326.727 2 424.623 -110.087
1429 424.978 326.727 2 432.543 -109.516
1430 434.978 326.727 2 440.547 -108.477
1431 444.978 326.727 2 448.631 -103.202
1432 454.978 326.727 2 456.791 -101.7
1433 464.978 326.727 2 465.024 -108.229
1434 474.978 326.727 2 473.324 -111.371
1435 484.978 326.727 2 481.689 -116.052
1436 84.9784 336.727 2 251.956 -87.4967
1437 94.9784 336.727 2 252.329 -88.4502
1438 104.978 336.727 2 253.098 -109.459
1439 114.978 336.727 2 254.258 -106.143
1440 124.978 336.727 2 255.804 -97.0758
1441 134.978 336.727 2 257.729 -105.336
1442 144.978 336.727 2 260.024 -104.5
1443 154.978 336.727 2 262.68 -126.182
1444 164.978 336.727 2 265.687 -114.965
1445 174.978 336.727 2 269.032 -126.28
1446 184.978 336.727 2 272.702 -108.643
1447 194.978 336.727 2 276.686 -120.903
1448 204.978 336.727 2 280.969 -113.623
1449 214.978 336.727 2 285.538 -116.208
1450 224.978 336.727 2 290.38 -102.556
1451 234.978 336.727 2 295.481 -102.142
1452 244.978 336.727 2 300.828 -117.003
1453 254.978 336.727 2 306.408 -126.777
1454 264.978 336.727 2 312.209 -114.781
1455 274.978 336.727 2 318.218 -103.048
1456 284.978 336.727 2 324.425 -114.243
1457 294.978 336.727 2 330.817 -114.3
1458 304.978 336.727 2 337.384 -113.703
1459 314.978 336.727 2 344.117 -114.754
1460 324.978 336.727 2 351.006 -106.937
1461 334.978 336.727 2 358.041 -107.462
1462 344.978 336.727 2 365.215 -113.854
1463 354.978 336.727 2 372.519 -114.148
1464 364.978 336.727 2 379.946 -105.287
1465 374.978 336.727 2 387.489 -112.172
1466 384.978 336.727 2 395.141 -111.415
1467 394.978 336.727 2 402.895 -112.69
1468 404.978 336.727 2 410.747 -113.51
1469 414.978 336.727 2 418.69 -108.1
1470 424.978 336.727 2 426.72 -101.683
1471 434.978 336.727 2 434.832 -101.356
1472 444.978 336.727 2 443.02 -102.638
1473 454.978 336.727 2 451.282 -108.46
1474 464.978 336.727 2 459.613 -104.885
1475 474.978 336.727 2 468.009 -106.038
1476 484.978 336.727 2 476.467 -105.348
1477 84.9784 346.727 2 242.237 -88.4192
1478 94.9784 346.727 2 242.626 -87.2321
1479 104.978 346.727 2 243.425 -110.692
1480 114.978 346.727 2 244.631 -250
1481 124.978 346.727 2 246.237 -250
1482 134.978 346.727 2 248.236 -250
1483 144.978 346.727 2 250.618 -250
1484 154.978 346.727 2 253.373 -250
1485 164.978 346.727 2 256.489 -250
1486 174.978 346.727 2 259.952 -250
1487 184.978 346.727 2 263.749 -121.014
1488 194.978 346.727 2 267.866 -102.574
1489 204.978 346.727 2 272.287 -112.208
1490 214.978 346.727 2 277 -109.355
1491 224.978 346.727 2 281.988 -99.7922
1492 234.978 346.727 2 287.238 -118.564
1493 244.978 346.727 2 292.736 -250
1494 254.978 346.727 2 298.468 -250
1495 264.978 346.727 2 304.42 -250
1496 274.978 346.727 2 310.58 -106.134
1497 284.978 346.727 2 316.936 -117.594
1498 294.978 346.727 2 323.476 -119.356
1499 304.978 346.727 2 330.19 -114.44
1500 314.978 346.727 2 337.066 -112.915
1501 324.978 346.727 2 344.096 -112.17
1502 334.978 346.727 2 351.27 -130.705
1503 344.978 346.727 2 358.579 -123.533
1504 354.978 346.727 2 366.016 -112.68
1505 364.978 346.727 2 373.572 -107.778
1506 374.978 346.727 2 381.241 -110.692
1507 384.978 346.727 2 389.016 -250
1508 394.978 346.727 2 396.89 -250
1509 404.978 346.727 2 404.858 -250
1510 414.978 346.727 2 412.915 -250
1511 424.978 346.727 2 421.055 -250
1512 434.978 346.727 2 429.273 -250
1513 444.978 346.727 2 437.566 -114.596
1514 454.978 346.727 2 445.929 -250
1515 464.978 346.727 2 454.358 -250
1516 474.978 346.727 2 462.849 -141.796
1517 484.978 346.727 2 471.4 -107.877
1518 84.9784 356.727 2 232.542 -88.3372
1519 94.9784 356.727 2 232.947 -86.1451
1520 104.978 356.727 2 233.779 -250
1521 114.978 356.727 2 235.034 -250
1522 124.978 356.727 2 236.706 -250
1523 134.978 356.727 2 238.785 -250
1524 144.978 356.727 2 241.26 -250
1525 154.978 356.727 2 244.121 -250
1526 164.978 356.727 2 247.353 -250
1527 174.978 356.727 2 250.942 -250
1528 184.978 356.727 2 254.873 -112.699
1529 194.978 356.727 2 259.131 -108.183
1530 204.978 356.727 2 263.7 -127.033
1531 214.978 356.727 2 268.563 -107.709
1532 224.978 356.727 2 273.705 -110.795
1533 234.978 356.727 2 279.111 -124.632
1534 244.978 356.727 2 284.766 -250
1535 254.978 356.727 2 290.654 -250
1536 264.978 356.727 2 296.763 -250
1537 274.978 356.727 2 303.079 -107.803
1538 284.978 356.727 2 309.589 -127.687
1539 294.978 356.727 2 316.281 -111.983
1540 304.978 356.727 2 323.144 -104.68
1541 314.978 356.727 2 330.168 -113.407
1542 324.978 356.727 2 337.341 -110.968
1543 334.978 356.727 2 344.656 -116.944
1544 344.978 356.727 2 352.103 -117.219
1545 354.978 356.727 2 359.673 -123.056
1546 364.978 356.727 2 367.36 -120.512
1547 374.978 356.727 2 375.156 -107.947
1548 384.978 356.727 2 383.054 -100.566
1549 394.978 356.727 2 391.048 -250
1550 404.978 356.727 2 399.133 -250
1551 414.978 356.727 2 407.303 -250
1552 424.978 356.727 2 415.553 -250
1553 434.978 356.727 2 423.878 -250
1554 444.978 356.727 2 432.274 -109.806
1555 454.978 356.727 2 440.737 -250
1556 464.978 356.727 2 449.264 -250
1557 474.978 356.727 2 457.85 -119.949
1558 484.978 356.727 2 466.492 -117.498
1559 84.9784 366.727 2 222.874 -87.5979
1560 94.9784 366.727 2 223.296 -86.7329
1561 104.978 366.727 2 224.164 -250
1562 114.978 366.727 2 225.473 -250
1563 124.978 366.727 2 227.215 -250
1564 134.978 366.727 2 229.38 -250
1565 144.978 366.727 2 231.956 -250
1566 154.978 366.727 2 234.93 -250
1567 164.978 366.727 2 238.287 -250
1568 174.978 366.727 2 242.01 -250
1569 184.978 366.727 2 246.084 -123.136
1570 194.978 366.727 2 250.492 -250
1571 204.978 366.727 2 255.215 -250
1572 214.978 366.727 2 260.236 -250
1573 224.978 366.727 2 265.54 -250
1574 234.978 366.727 2 271.109 -250
1575 244.978 366.727 2 276.927 -250
1576 254.978 366.727 2 282.979 -250
1577 264.978 366.727 2 289.25 -250
1578 274.978 366.727 2 295.726 -109.855
1579 284.978 366.727 2 302.394 -129.022
1580 294.978 366.727 2 309.242 -117.203
1581 304.978 366.727 2 316.258 -118.336
1582 314.978 366.727 2 323.431 -126.539
1583 324.978 366.727 2 330.751 -107.205
1584 334.978 366.727 2 338.208 -114.467
1585 344.978 366.727 2 345.794 -118.262
1586 354.978 366.727 2 353.499 -123.979
1587 364.978 366.727 2 361.317 -109.594
1588 374.978 366.727 2 369.241 -108.867
1589 384.978 366.727 2 377.263 -122.339
1590 394.978 366.727 2 385.377 -250
1591 404.978 366.727 2 393.579 -250
1592 414.978 366.727 2 401.861 -250
1593 424.978 366.727 2 410.221 -250
1594 434.978 366.727 2 418.652 -250
1595 444.978 366.727 2 427.151 -116.052
1596 454.978 366.727 2 435.714 -250
1597 464.978 366.727 2 444.337 -250
1598 474.978 366.727 2 453.016 -125.969
1599 484.978 366.727 2 461.749 -129.701
1600 84.9784 376.727 2 213.236 -86.3673
1601 94.9784 376.727 2 213.678 -86.7971
1602 104.978 376.727 2 214.585 -250
1603 114.978 376.727 2 215.952 -250
1604 124.978 376.727 2 217.77 -250
1605 134.978 376.727 2 220.028 -250
1606 144.978 376.727 2 222.712 -250
1607 154.978 376.727 2 225.808 -250
1608 164.978 376.727 2 229.298 -250
1609 174.978 376.727 2 233.165 -250
1610 184.978 376.727 2 237.391 -110.679
1611 194.978 376.727 2 241.957 -250
1612 204.978 376.727 2 246.843 -250
1613 214.978 376.727 2 252.032 -250
1614 224.978 376.727 2 257.504 -250
1615 234.978 376.727 2 263.243 -250
1616 244.978 376.727 2 269.231 -250
1617 254.978 376.727 2 275.452 -250
1618 264.978 376.727 2 281.891 -250
1619 274.978 376.727 2 288.532 -104.388
1620 284.978 376.727 2 295.363 -115.076
1621 294.978 376.727 2 302.37 -131.032
1622 304.978 376.727 2 309.542 -117.984
1623 314.978 376.727 2 316.867 -106.115
1624 324.978 376.727 2 324.335 -133.283
1625 334.978 376.727 2 331.936 -111.118
1626 344.978 376.727 2 339.662 -123.655
1627 354.978 376.727 2 347.504 -113.965
1628 364.978 376.727 2 355.454 -118.72
1629 374.978 376.727 2 363.505 -104.143
1630 384.978 376.727 2 371.651 -250
1631 394.978 376.727 2 379.885 -250
1632 404.978 376.727 2 388.202 -250
1633 414.978 376.727 2 396.598 -250
1634 424.978 376.727 2 405.066 -250
1635 434.978 376.727 2 413.602 -250
1636 444.978 376.727 2 422.203 -250
1637 454.978 376.727 2 430.864 -250
1638 464.978 376.727 2 439.582 -250
1639 474.978 376.727 2 448.353 -127.638
1640 484.978 376.727 2 457.175 -136.44
1641 84.9784 386.727 2 203.634 -86.7903
1642 94.9784 386.727 2 204.096 -87.1208
1643 104.978 386.727 2 205.046 -81.9826
1644 114.978 386.727 2 206.476 -250
1645 124.978 386.727 2 208.376 -250
1646 134.978 386.727 2 210.735 -250
1647 144.978 386.727 2 213.536 -250
1648 154.978 386.727 2 216.763 -250
1649 164.978 386.727 2 220.396 -250
1650 174.978 386.727 2 224.417 -250
1651 184.978 386.727 2 228.805 -93.5844
1652 194.978 386.727 2 233.538 -250
1653 204.978 386.727 2 238.597 -250
1654 214.978 386.727 2 243.961 -250
1655 224.978 386.727 2 249.611 -250
1656 234.978 386.727 2 255.527 -250
1657 244.978 386.727 2 261.692 -250
1658 254.978 386.727 2 268.088 -250
1659 264.978 386.727 2 274.699 -250
1660 274.978 386.727 2 281.51 -127.692
1661 284.978 386.727 2 288.507 -110.778
1662 294.978 386.727 2 295.677 -116.381
1663 304.978 386.727 2 303.007 -110.729
1664 314.978 386.727 2 310.486 -111.727
1665 324.978 386.727 2 318.104 -121.282
1666 334.978 386.727 2 325.851 -110.643
1667 344.978 386.727 2 333.717 -115.194
1668 354.978 386.727 2 341.695 -114.933
1669 364.978 386.727 2 349.777 -117.512
1670 374.978 386.727 2 357.956 -104.746
1671 384.978 386.727 2 366.226 -250
1672 394.978 386.727 2 374.579 -250
1673 404.978 386.727 2 383.012 -250
1674 414.978 386.727 2 391.518 -250
1675 424.978 386.727 2 400.094 -250
1676 434.978 386.727 2 408.734 -250
1677 444.978 386.727 2 417.435 -250
1678 454.978 386.727 2 426.193 -250
1679 464.978 386.727 2 435.005 -250
1680 474.978 386.727 2 443.867 -131.038
1681 484.978 386.727 2 452.776 -143.751
1682 84.9784 396.727 2 194.072 -85.1514
1683 94.9784 396.727 2 194.557 -84.8427
1684 104.978 396.727 2 195.552 -84.6623
1685 114.978 396.727 2 197.051 -86.0839
1686 124.978 396.727 2 199.042 -99.9037
1687 134.978 396.727 2 201.51 -104.858
1688 144.978 396.727 2 204.437 -93.0243
1689 154.978 396.727 2 207.806 -113.725
1690 164.978 396.727 2 211.593 -91.3282
1691 174.978 396.727 2 215.778 -92.9718
1692 184.978 396.727 2 220.337 -105.803
1693 194.978 396.727 2 225.249 -97.7419
1694 204.978 396.727 2 230.49 -122.407
1695 214.978 396.727 2 236.038 -114.3
1696 224.978 396.727 2 241.873 -115.182
1697 234.978 396.727 2 247.974 -113.681
1698 244.978 396.727 2 254.322 -250
1699 254.978 396.727 2 260.898 -250
1700 264.978 396.727 2 267.687 -250
1701 274.978 396.727 2 274.672 -125.382
1702 284.978 396.727 2 281.839 -109.285
1703 294.978 396.727 2 289.174 -112.823
1704 304.978 396.727 2 296.665 -118.91
1705 314.978 396.727 2 304.301 -116.167
1706 324.978 396.727 2 312.069 -112.035
1707 334.978 396.727 2 319.962 -113.343
1708 344.978 396.727 2 327.97 -110.67
1709 354.978 396.727 2 336.084 -109.779
1710 364.978 396.727 2 344.298 -112.164
1711 374.978 396.727 2 352.604 -106.104
1712 384.978 396.727 2 360.996 -250
1713 394.978 396.727 2 369.468 -250
1714 404.978 396.727 2 378.015 -250
1715 414.978 396.727 2 386.631 -250
1716 424.978 396.727 2 395.313 -250
1717 434.978 396.727 2 404.055 -250
1718 444.978 396.727 2 412.855 -250
1719 454.978 396.727 2 421.708 -250
1720 464.978 396.727 2 430.611 -250
1721 474.978 396.727 2 439.562 -129.193
1722 484.978 396.727 2 448.557 -121.952
1723 84.9784 406.727 2 184.556 -86.2784
1724 94.9784 406.727 2 185.066 -86.1173
1725 104.978 406.727 2 186.112 -80.8309
1726 114.978 406.727 2 187.686 -95.9039
1727 124.978 406.727 2 189.775 -106.917
1728 134.978 406.727 2 192.362 -95.279
1729 144.978 406.727 2 195.427 -100.484
1730 154.978 406.727 2 198.948 -104.587
1731 164.978 406.727 2 202.901 -94.3756
1732 174.978 406.727 2 207.261 -102.569
1733 184.978 406.727 2 212.004 -107.811
1734 194.978 406.727 2 217.104 -107.984
1735 204.978 406.727 2 222.537 -105.898
1736 214.978 406.727 2 228.278 -121.522
1737 224.978 406.727 2 234.306 -119.773
1738 234.978 406.727 2 240.599 -111.407
1739 244.978 406.727 2 247.137 -113.601
1740 254.978 406.727 2 253.9 -111.297
1741 264.978 406.727 2 260.871 -107.418
1742 274.978 406.727 2 268.033 -125.189
1743 284.978 406.727 2 275.373 -109.712
1744 294.978 406.727 2 282.876 -122.006
1745 304.978 406.727 2 290.529 -115.304
1746 314.978 406.727 2 298.322 -119.428
1747 324.978 406.727 2 306.242 -120.816
1748 334.978 406.727 2 314.281 -109.095
1749 344.978 406.727 2 322.43 -109.847
1750 354.978 406.727 2 330.681 -115.956
1751 364.978 406.727 2 339.025 -111.938
1752 374.978 406.727 2 347.458 -132.147
1753 384.978 406.727 2 355.971 -118.34
1754 394.978 406.727 2 364.56 -135.121
1755 404.978 406.727 2 373.219 -141.183
1756 414.978 406.727 2 381.943 -134.75
1757 424.978 406.727 2 390.729 -129.563
1758 434.978 406.727 2 399.572 -134.152
1759 444.978 406.727 2 408.468 -121.506
1760 454.978 406.727 2 417.414 -140.022
1761 464.978 406.727 2 426.407 -127.785
1762 474.978 406.727 2 435.444 -123.379
1763 484.978 406.727 2 444.522 -123.638
1764 84.9784 416.727 2 175.094 -82.6318
1765 94.9784 416.727 2 175.631 -83.1393
1766 104.978 416.727 2 176.734 -85.8561
1767 114.978 416.727 2 178.391 -250
1768 124.978 416.727 2 180.587 -250
1769 134.978 416.727 2 183.304 -250
1770 144.978 416.727 2 186.517 -250
1771 154.978 416.727 2 190.203 -106.028
1772 164.978 416.727 2 194.334 -116.477
1773 174.978 416.727 2 198.882 -113.784
1774 184.978 416.727 2 203.82 -112.557
1775 194.978 416.727 2 209.12 -111.874
1776 204.978 416.727 2 214.755 -109.879
1777 214.978 416.727 2 220.699 -104.537
1778 224.978 416.727 2 226.928 -116.954
1779 234.978 416.727 2 233.42 -123.359
1780 244.978 416.727 2 240.153 -121.533
1781 254.978 416.727 2 247.107 -121.801
1782 264.978 416.727 2 254.265 -112.463
1783 274.978 416.727 2 261.608 -105.342
1784 284.978 416.727 2 269.123 -105.431
1785 294.978 416.727 2 276.796 -109.801
1786 304.978 416.727 2 284.613 -136.126
1787 314.978 416.727 2 292.563 -136.586
1788 324.978 416.727 2 300.635 -115.975
1789 334.978 416.727 2 308.82 -112.08
1790 344.978 416.727 2 317.109 -115.174
1791 354.978 416.727 2 325.495 -116.562
1792 364.978 416.727 2 333.969 -133.342
1793 374.978 416.727 2 342.526 -141.974
1794 384.978 416.727 2 351.158 -133.992
1795 394.978 416.727 2 359.862 -120.991
1796 404.978 416.727 2 368.632 -141.423
1797 414.978 416.727 2 377.462 -127.29
1798 424.978 416.727 2 386.35 -142.149
1799 434.978 416.727 2 395.291 -149.065
1800 444.978 416.727 2 404.281 -129.015
1801 454.978 416.727 2 413.318 -105.541
1802 464.978 416.727 2 422.398 -149.253
1803 474.978 416.727 2 431.519 -142.743
1804 484.978 416.727 2 440.678 -109.141
1805 84.9784 426.727 2 165.695 -81.5483
1806 94.9784 426.727 2 166.263 -86.7751
1807 104.978 426.727 2 167.427 -81.5712
1808 114.978 426.727 2 169.175 -250
1809 124.978 426.727 2 171.49 -250
1810 134.978 426.727 2 174.348 -250
1811 144.978 426.727 2 177.724 -250
1812 154.978 426.727 2 181.588 -108.898
1813 164.978 426.727 2 185.91 -250
1814 174.978 426.727 2 190.66 -250
1815 184.978 426.727 2 195.805 -250
1816 194.978 426.727 2 201.316 -250
1817 204.978 426.727 2 207.163 -250
1818 214.978 426.727 2 213.319 -250
1819 224.978 426.727 2 219.758 -122.815
1820 234.978 426.727 2 226.455 -250
1821 244.978 426.727 2 233.389 -250
1822 254.978 426.727 2 240.539 -250
1823 264.978 426.727 2 247.886 -250
1824 274.978 426.727 2 255.413 -118.519
1825 284.978 426.727 2 263.105 -105.079
1826 294.978 426.727 2 270.948 -109.456
1827 304.978 426.727 2 278.929 -250
1828 314.978 426.727 2 287.036 -250
1829 324.978 426.727 2 295.26 -250
1830 334.978 426.727 2 303.59 -250
1831 344.978 426.727 2 312.018 -250
1832 354.978 426.727 2 320.537 -250
1833 364.978 426.727 2 329.139 -250
1834 374.978 426.727 2 337.818 -250
1835 384.978 426.727 2 346.568 -250
1836 394.978 426.727 2 355.384 -250
1837 404.978 426.727 2 364.261 -250
1838 414.978 426.727 2 373.195 -250
1839 424.978 426.727 2 382.182 -250
1840 434.978 426.727 2 391.218 -250
1841 444.978 426.727 2 400.3 -250
1842 454.978 426.727 2 409.425 -250
1843 464.978 426.727 2 418.589 -148.242
1844 474.978 426.727 2 427.792 -130.937
1845 484.978 426.727 2 437.029 -250
1846 84.9784 436.727 2 156.371 -79.8444
1847 94.9784 436.727 2 156.972 -83.0928
1848 104.978 436.727 2 158.205 -86.1468
1849 114.978 436.727 2 160.054 -250
1850 124.978 436.727 2 162.498 -250
1851 134.978 436.727 2 165.512 -250
1852 144.978 436.727 2 169.064 -250
1853 154.978 436.727 2 173.122 -112.777
1854 164.978 436.727 2 177.65 -250
1855 174.978 436.727 2 182.615 -250
1856 184.978 436.727 2 187.98 -250
1857 194.978 436.727 2 193.714 -250
1858 204.978 436.727 2 199.784 -250
1859 214.978 436.727 2 206.16 -250
1860 224.978 436.727 2 212.816 -133.73
1861 234.978 436.727 2 219.725 -250
1862 244.978 436.727 2 226.865 -250
1863 254.978 436.727 2 234.214 -250
1864 264.978 436.727 2 241.753 -250
1865 274.978 436.727 2 249.465 -113.83
1866 284.978 436.727 2 257.335 -100.696
1867 294.978 436.727 2 265.349 -105.272
1868 304.978 436.727 2 273.493 -250
1869 314.978 436.727 2 281.757 -250
1870 324.978 436.727 2 290.13 -250
1871 334.978 436.727 2 298.603 -250
1872 344.978 436.727 2 307.168 -250
1873 354.978 436.727 2 315.818 -250
1874 364.978 436.727 2 324.545 -250
1875 374.978 436.727 2 333.343 -250
1876 384.978 436.727 2 342.208 -250
1877 394.978 436.727 2 351.134 -250
1878 404.978 436.727 2 360.116 -250
1879 414.978 436.727 2 369.15 -250
1880 424.978 436.727 2 378.233 -250
1881 434.978 436.727 2 387.361 -250
1882 444.978 436.727 2 396.531 -250
1883 454.978 436.727 2 405.741 -250
1884 464.978 436.727 2 414.987 -147.399
1885 474.978 436.727 2 424.267 -140.192
1886 484.978 436.727 2 433.579 -250
1887 84.9784 446.727 2 147.135 -80.8588
1888 94.9784 446.727 2 147.775 -83.4232
1889 104.978 446.727 2 149.083 -83.441
1890 114.978 446.727 2 151.044 -250
1891 124.978 446.727 2 153.632 -250
1892 134.978 446.727 2 156.816 -250
1893 144.978 446.727 2 160.561 -250
1894 154.978 446.727 2 164.828 -107.576
1895 164.978 446.727 2 169.578 -250
1896 174.978 446.727 2 174.772 -250
1897 184.978 446.727 2 180.371 -250
1898 194.978 446.727 2 186.339 -250
1899 204.978 446.727 2 192.641 -250
1900 214.978 446.727 2 199.246 -250
1901 224.978 446.727 2 206.125 -128.83
1902 234.978 446.727 2 213.251 -250
1903 244.978 446.727 2 220.6 -250
1904 254.978 446.727 2 228.151 -250
1905 264.978 446.727 2 235.885 -250
1906 274.978 446.727 2 243.783 -99.7652
1907 284.978 446.727 2 251.83 -108.68
1908 294.978 446.727 2 260.013 -102.089
1909 304.978 446.727 2 268.32 -250
1910 314.978 446.727 2 276.738 -250
1911 324.978 446.727 2 285.259 -250
1912 334.978 446.727 2 293.872 -250
1913 344.978 446.727 2 302.571 -250
1914 354.978 446.727 2 311.348 -250
1915 364.978 446.727 2 320.197 -250
1916 374.978 446.727 2 329.112 -250
1917 384.978 446.727 2 338.088 -250
1918 394.978 446.727 2 347.119 -250
1919 404.978 446.727 2 356.203 -250
1920 414.978 446.727 2 365.334 -250
1921 424.978 446.727 2 374.509 -250
1922 434.978 446.727 2 383.726 -250
1923 444.978 446.727 2 392.981 -250
1924 454.978 446.727 2 402.272 -250
1925 464.978 446.727 2 411.596 -166.922
1926 474.978 446.727 2 420.951 -140.317
1927 484.978 446.727 2 430.335 -250
1928 84.9784 456.727 2 138.007 -80.614
1929 94.9784 456.727 2 138.688 -84.2975
1930 104.978 456.727 2 140.082 -84.7001
1931 114.978 456.727 2 142.166 -250
1932 124.978 456.727 2 144.913 -250
1933 134.978 456.727 2 148.284 -250
1934 144.978 456.727 2 152.239 -250
1935 154.978 456.727 2 156.733 -103.899
1936 164.978 456.727 2 161.721 -250
1937 174.978 456.727 2 167.159 -250
1938 184.978 456.727 2 173.005 -250
1939 194.978 456.727 2 179.218 -250
1940 204.978 456.727 2 185.762 -250
1941 214.978 456.727 2 192.604 -250
1942 224.978 456.727 2 199.711 -116.717
1943 234.978 456.727 2 207.058 -250
1944 244.978 456.727 2 214.62 -250
1945 254.978 456.727 2 222.374 -250
1946 264.978 456.727 2 230.301 -250
1947 274.978 456.727 2 238.384 -96.1106
1948 284.978 456.727 2 246.608 -99.9237
1949 294.978 456.727 2 254.959 -98.5596
1950 304.978 456.727 2 263.425 -250
1951 314.978 456.727 2 271.994 -250
1952 324.978 456.727 2 280.659 -250
1953 334.978 456.727 2 289.41 -250
1954 344.978 456.727 2 298.239 -250
1955 354.978 456.727 2 307.14 -250
1956 364.978 456.727 2 316.107 -250
1957 374.978 456.727 2 325.134 -250
1958 384.978 456.727 2 334.216 -250
1959 394.978 456.727 2 343.349 -250
1960 404.978 456.727 2 352.53 -250
1961 414.978 456.727 2 361.754 -250
1962 424.978 456.727 2 371.018 -250
1963 434.978 456.727 2 380.319 -250
1964 444.978 456.727 2 389.655 -250
1965 454.978 456.727 2 399.023 -250
1966 464.978 456.727 2 408.422 -146.632
1967 474.978 456.727 2 417.848 -140.59
1968 484.978 456.727 2 427.3 -250
1969 84.9784 466.727 2 129.007 -88.2611
1970 94.9784 466.727 2 129.736 -91.6599
1971 104.978 466.727 2 131.224 -85.7236
1972 114.978 466.727 2 133.448 -250
1973 124.978 466.727 2 136.37 -250
1974 134.978 466.727 2 139.947 -250
1975 144.978 466.727 2 144.131 -250
1976 154.978 466.727 2 148.87 -100.707
1977 164.978 466.727 2 154.113 -250
1978 174.978 466.727 2 159.81 -250
1979 184.978 466.727 2 165.915 -250
1980 194.978 466.727 2 172.384 -250
1981 204.978 466.727 2 179.178 -250
1982 214.978 466.727 2 186.261 -250
1983 224.978 466.727 2 193.602 -121.408
1984 234.978 466.727 2 201.172 -250
1985 244.978 466.727 2 208.946 -250
1986 254.978 466.727 2 216.903 -250
1987 264.978 466.727 2 225.023 -250
1988 274.978 466.727 2 233.29 -113.417
1989 284.978 466.727 2 241.687 -105.974
1990 294.978 466.727 2 250.202 -116.723
1991 304.978 466.727 2 258.823 -250
1992 314.978 466.727 2 267.541 -250
1993 324.978 466.727 2 276.345 -250
1994 334.978 466.727 2 285.228 -250
1995 344.978 466.727 2 294.183 -250
1996 354.978 466.727 2 303.203 -250
1997 364.978 466.727 2 312.283 -250
1998 374.978 466.727 2 321.417 -250
1999 384.978 466.727 2 330.601 -250
2000 394.978 466.727 2 339.832 -250
2001 404.978 466.727 2 349.105 -250
2002 414.978 466.727 2 358.417 -250
2003 424.978 466.727 2 367.765 -250
2004 434.978 466.727 2 377.147 -250
2005 444.978 466.727 2 386.559 -250
2006 454.978 466.727 2 396.001 -250
2007 464.978 466.727 2 405.469 -137.389
2008 474.978 466.727 2 414.962 -136.766
2009 484.978 466.727 2 424.479 -250
2010 84.9784 476.727 2 120.166 -85.8678
2011 94.9784 476.727 2 120.948 -80.5661
2012 104.978 476.727 2 122.543 -85.5506
2013 114.978 476.727 2 124.921 -107.138
2014 124.978 476.727 2 128.038 -102.122
2015 134.978 476.727 2 131.842 -114.281
2016 144.978 476.727 2 136.275 -113.02
2017 154.978 476.727 2 141.277 -94.4528
2018 164.978 476.727 2 146.792 -112.709
2019 174.978 476.727 2 152.762 -111.931
2020 184.978 476.727 2 159.137 -107.522
2021 194.978 476.727 2 165.871 -133.468
2022 204.978 476.727 2 172.921 -103.275
2023 214.978 476.727 2 180.25 -98.2523
2024 224.978 476.727 2 187.826 -95.0881
2025 234.978 476.727 2 195.62 -101.108
2026 244.978 476.727 2 203.607 -113.493
2027 254.978 476.727 2 211.764 -110.175
2028 264.978 476.727 2 220.074 -112.624
2029 274.978 476.727 2 228.519 -122.386
2030 284.978 476.727 2 237.086 -106.408
2031 294.978 476.727 2 245.76 -102.86
2032 304.978 476.727 2 254.532 -250
2033 314.978 476.727 2 263.391 -250
2034 324.978 476.727 2 272.33 -250
2035 334.978 476.727 2 281.34 -250
2036 344.978 476.727 2 290.414 -250
2037 354.978 476.727 2 299.548 -250
2038 364.978 476.727 2 308.735 -250
2039 374.978 476.727 2 317.972 -250
2040 384.978 476.727 2 327.253 -250
2041 394.978 476.727 2 336.575 -250
2042 404.978 476.727 2 345.935 -250
2043 414.978 476.727 2 355.331 -250
2044 424.978 476.727 2 364.758 -250
2045 434.978 476.727 2 374.215 -250
2046 444.978 476.727 2 383.699 -250
2047 454.978 476.727 2 393.21 -250
2048 464.978 476.727 2 402.743 -127.364
2049 474.978 476.727 2 412.299 -143.861
2050 484.978 476.727 2 421.876 -250
2051 84.9784 486.727 2 111.521 -76.8666
2052 94.9784 486.727 2 112.363 -76.5191
2053 104.978 486.727 2 114.078 -81.6749
2054 114.978 486.727 2 116.629 -96.2057
2055 124.978 486.727 2 119.962 -98.2403
2056 134.978 486.727 2 124.013 -102.842
2057 144.978 486.727 2 128.716 -103.613
2058 154.978 486.727 2 134.001 -99.4523
2059 164.978 486.727 2 139.803 -104.135
2060 174.978 486.727 2 146.059 -100.35
2061 184.978 486.727 2 152.715 -117.334
2062 194.978 486.727 2 159.719 -115.049
2063 204.978 486.727 2 167.029 -119.014
2064 214.978 486.727 2 174.606 -120.638
2065 224.978 486.727 2 182.416 -119.619
2066 234.978 486.727 2 190.431 -115.755
2067 244.978 486.727 2 198.627 -104.456
2068 254.978 486.727 2 206.981 -106.993
2069 264.978 486.727 2 215.475 -113.336
2070 274.978 486.727 2 224.094 -107.476
2071 284.978 486.727 2 232.823 -113.22
2072 294.978 486.727 2 241.651 -111.06
2073 304.978 486.727 2 250.566 -103.729
2074 314.978 486.727 2 259.561 -104.777
2075 324.978 486.727 2 268.627 -101.506
2076 334.978 486.727 2 277.757 -97.6117
2077 344.978 486.727 2 286.945 -99.7713
2078 354.978 486.727 2 296.186 -97.4908
2079 364.978 486.727 2 305.474 -109.782
2080 374.978 486.727 2 314.806 -97.7934
2081 384.978 486.727 2 324.178 -94.1493
2082 394.978 486.727 2 333.586 -104.077
2083 404.978 486.727 2 343.028 -98.0888
2084 414.978 486.727 2 352.501 -98.3635
2085 424.978 486.727 2 362.002 -101.395
2086 434.978 486.727 2 371.529 -106.643
2087 444.978 486.727 2 381.08 -106.087
2088 454.978 486.727 2 390.654 -108.988
2089 464.978 486.727 2 400.249 -106.498
2090 474.978 486.727 2 409.863 -120.734
2091 484.978 486.727 2 419.495 -140.617
2092 84.9784 496.727 2 103.121 -90.5804
2093 94.9784 496.727 2 104.031 -85.4139
2094 104.978 496.727 2 105.882 -250
2095 114.978 496.727 2 108.625 -250
2096 124.978 496.727 2 112.196 -250
2097 134.978 496.727 2 116.518 -250
2098 144.978 496.727 2 121.511 -250
2099 154.978 496.727 2 127.096 -250
2100 164.978 496.727 2 133.198 -250
2101 174.978 496.727 2 139.751 -250
2102 184.978 496.727 2 146.693 -250
2103 194.978 496.727 2 153.972 -250
2104 204.978 496.727 2 161.542 -121.203
2105 214.978 496.727 2 169.364 -112.155
2106 224.978 496.727 2 177.405 -110.31
2107 234.978 496.727 2 185.637 -250
2108 244.978 496.727 2 194.035 -250
2109 254.978 496.727 2 202.579 -250
2110 264.978 496.727 2 211.25 -250
2111 274.978 496.727 2 220.034 -106.818
2112 284.978 496.727 2 228.918 -103.964
2113 294.978 496.727 2 237.891 -103.056
2114 304.978 496.727 2 246.942 -102.431
2115 314.978 496.727 2 256.065 -108.093
2116 324.978 496.727 2 265.25 -108.127
2117 334.978 496.727 2 274.492 -99.8063
2118 344.978 496.727 2 283.786 -107.943
2119 354.978 496.727 2 293.126 -86.7879
2120 364.978 496.727 2 302.509 -91.8004
2121 374.978 496.727 2 311.929 -96.7587
2122 384.978 496.727 2 321.385 -110.058
2123 394.978 496.727 2 330.873 -107.521
2124 404.978 496.727 2 340.39 -103.748
2125 414.978 496.727 2 349.934 -99.6691
2126 424.978 496.727 2 359.503 -98.3189
2127 434.978 496.727 2 369.095 -103.705
2128 444.978 496.727 2 378.707 -101.962
2129 454.978 496.727 2 388.34 -106.945
2130 464.978 496.727 2 397.99 -110.719
2131 474.978 496.727 2 407.658 -114.273
2132 484.978 496.727 2 417.341 -106.762
2133 84.9784 506.727 2 95.0313 -76.7443
2134 94.9784 506.727 2 96.0179 -77.484
2135 104.978 506.727 2 98.02 -250
2136 114.978 506.727 2 100.977 -250
2137 124.978 506.727 2 104.809 -250
2138 134.978 506.727 2 109.423 -250
2139 144.978 506.727 2 114.725 -250
2140 154.978 506.727 2 120.625 -250
2141 164.978 506.727 2 127.039 -250
2142 174.978 506.727 2 133.893 -250
2143 184.978 506.727 2 141.123 -250
2144 194.978 506.727 2 148.675 -250
2145 204.978 506.727 2 156.502 -121.057
2146 214.978 506.727 2 164.564 -104.831
2147 224.978 506.727 2 172.829 -124.617
2148 234.978 506.727 2 181.268 -250
2149 244.978 506.727 2 189.86 -250
2150 254.978 506.727 2 198.583 -250
2151 264.978 506.727 2 207.421 -250
2152 274.978 506.727 2 216.361 -106.835
2153 284.978 506.727 2 225.39 -115.354
2154 294.978 506.727 2 234.498 -250
2155 304.978 506.727 2 243.675 -250
2156 314.978 506.727 2 252.915 -250
2157 324.978 506.727 2 262.211 -250
2158 334.978 506.727 2 271.557 -250
2159 344.978 506.727 2 280.947 -250
2160 354.978 506.727 2 290.379 -250
2161 364.978 506.727 2 299.847 -250
2162 374.978 506.727 2 309.349 -250
2163 384.978 506.727 2 318.882 -250
2164 394.978 506.727 2 328.442 -250
2165 404.978 506.727 2 338.027 -250
2166 414.978 506.727 2 347.636 -250
2167 424.978 506.727 2 357.266 -138.278
2168 434.978 506.727 2 366.917 -135.413
2169 444.978 506.727 2 376.585 -104.108
2170 454.978 506.727 2 386.27 -100.972
2171 464.978 506.727 2 395.971 -99.582
2172 474.978 506.727 2 405.687 -101.995
2173 484.978 506.727 2 415.416 -250
2174 84.9784 516.727 2 87.3383 -79.618
2175 94.9784 516.727 2 88.4107 -78.4413
2176 104.978 516.727 2 90.5811 -250
2177 114.978 516.727 2 93.7732 -250
2178 124.978 516.727 2 97.8872 -250
2179 134.978 516.727 2 102.812 -250
2180 144.978 516.727 2 108.438 -250
2181 154.978 516.727 2 114.662 -250
2182 164.978 516.727 2 121.391 -250
2183 174.978 516.727 2 128.547 -250
2184 184.978 516.727 2 136.062 -250
2185 194.978 516.727 2 143.879 -250
2186 204.978 516.727 2 151.953 -115.461
2187 214.978 516.727 2 160.244 -122.618
2188 224.978 516.727 2 168.721 -98.9386
2189 234.978 516.727 2 177.356 -250
2190 244.978 516.727 2 186.128 -250
2191 254.978 516.727 2 195.018 -250
2192 264.978 516.727 2 204.011 -250
2193 274.978 516.727 2 213.094 -107.909
2194 284.978 516.727 2 222.256 -118.727
2195 294.978 516.727 2 231.487 -250
2196 304.978 516.727 2 240.779 -250
2197 314.978 516.727 2 250.126 -250
2198 324.978 516.727 2 259.522 -250
2199 334.978 516.727 2 268.961 -250
2200 344.978 516.727 2 278.439 -250
2201 354.978 516.727 2 287.953 -250
2202 364.978 516.727 2 297.499 -250
2203 374.978 516.727 2 307.073 -250
2204 384.978 516.727 2 316.674 -250
2205 394.978 516.727 2 326.299 -250
2206 404.978 516.727 2 335.946 -250
2207 414.978 516.727 2 345.612 -250
2208 424.978 516.727 2 355.298 -124.837
2209 434.978 516.727 2 365 -144.006
2210 444.978 516.727 2 374.718 -128.578
2211 454.978 516.727 2 384.45 -135.934
2212 464.978 516.727 2 394.196 -99.6469
2213 474.978 516.727 2 403.954 -100.585
2214 484.978 516.727 2 413.724 -250
2215 84.9784 526.727 2 80.1561 -85.4585
2216 94.9784 526.727 2 81.3233 -72.1981
2217 104.978 526.727 2 83.6777 -250
2218 114.978 526.727 2 87.1231 -250
2219 124.978 526.727 2 91.5365 -250
2220 134.978 526.727 2 96.7854 -250
2221 144.978 526.727 2 102.742 -250
2222 154.978 526.727 2 109.29 -250
2223 164.978 526.727 2 116.331 -250
2224 174.978 526.727 2 123.779 -250
2225 184.978 526.727 2 131.567 -250
2226 194.978 526.727 2 139.636 -250
2227 204.978 526.727 2 147.942 -128.283
2228 214.978 526.727 2 156.446 -108.377
2229 224.978 526.727 2 165.117 -106.681
2230 234.978 526.727 2 173.932 -250
2231 244.978 526.727 2 182.868 -250
2232 254.978 526.727 2 191.909 -250
2233 264.978 526.727 2 201.041 -250
2234 274.978 526.727 2 210.253 -107.355
2235 284.978 526.727 2 219.533 -107.688
2236 294.978 526.727 2 228.874 -250
2237 304.978 526.727 2 238.268 -250
2238 314.978 526.727 2 247.71 -250
2239 324.978 526.727 2 257.194 -250
2240 334.978 526.727 2 266.715 -250
2241 344.978 526.727 2 276.271 -250
2242 354.978 526.727 2 285.857 -250
2243 364.978 526.727 2 295.47 -250
2244 374.978 526.727 2 305.108 -250
2245 384.978 526.727 2 314.769 -250
2246 394.978 526.727 2 324.45 -250
2247 404.978 526.727 2 334.15 -250
2248 414.978 526.727 2 343.868 -250
2249 424.978 526.727 2 353.601 -123.001
2250 434.978 526.727 2 363.348 -119.223
2251 444.978 526.727 2 373.109 -111.632
2252 454.978 526.727 2 382.882 -113.279
2253 464.978 526.727 2 392.667 -113.304
2254 474.978 526.727 2 402.462 -109.685
2255 484.978 526.727 2 412.267 -250
2256 84.9784 536.727 2 73.6343 -82.504
2257 94.9784 536.727 2 74.9032 -72.5548
2258 104.978 536.727 2 77.4531 -250
2259 114.978 536.727 2 81.1632 -250
2260 124.978 536.727 2 85.8833 -250
2261 134.978 536.727 2 91.4572 -250
2262 144.978 536.727 2 97.739 -250
2263 154.978 536.727 2 104.601 -250
2264 164.978 536.727 2 111.937 -250
2265 174.978 536.727 2 119.659 -250
2266 184.978 536.727 2 127.698 -250
2267 194.978 536.727 2 135.997 -250
2268 204.978 536.727 2 144.512 -112.107
2269 214.978 536.727 2 153.207 -102.395
2270 224.978 536.727 2 162.052 -101.917
2271 234.978 536.727 2 171.024 -250
2272 244.978 536.727 2 180.105 -250
2273 254.978 536.727 2 189.278 -250
2274 264.978 536.727 2 198.531 -250
2275 274.978 536.727 2 207.854 -103.829
2276 284.978 536.727 2 217.236 -102.334
2277 294.978 536.727 2 226.672 -250
2278 304.978 536.727 2 236.154 -250
2279 314.978 536.727 2 245.677 -250
2280 324.978 536.727 2 255.236 -250
2281 334.978 536.727 2 264.828 -250
2282 344.978 536.727 2 274.45 -250
2283 354.978 536.727 2 284.097 -250
2284 364.978 536.727 2 293.768 -250
2285 374.978 536.727 2 303.46 -250
2286 384.978 536.727 2 313.172 -250
2287 394.978 536.727 2 322.901 -250
2288 404.978 536.727 2 332.646 -250
2289 414.978 536.727 2 342.406 -250
2290 424.978 536.727 2 352.18 -105.774
2291 434.978 536.727 2 361.965 -111.099
2292 444.978 536.727 2 371.763 -110.618
2293 454.978 536.727 2 381.57 -108.43
2294 464.978 536.727 2 391.388 -110.724
2295 474.978 536.727 2 401.214 -115.854
2296 484.978 536.727 2 411.049 -250
2297 84.9784 546.727 2 67.9634 -81.1947
2298 94.9784 546.727 2 69.3362 -73.2495
2299 104.978 546.727 2 72.0832 -250
2300 114.978 546.727 2 76.0557 -250
2301 124.978 546.727 2 81.0738 -250
2302 134.978 546.727 2 86.9565 -250
2303 144.978 546.727 2 93.541 -250
2304 154.978 546.727 2 100.69 -250
2305 164.978 546.727 2 108.291 -250
2306 174.978 546.727 2 116.256 -250
2307 184.978 546.727 2 124.514 -250
2308 194.978 546.727 2 133.013 -250
2309 204.978 546.727 2 141.707 -87.2383
2310 214.978 546.727 2 150.563 -89.6877
2311 224.978 546.727 2 159.555 -85.2709
2312 234.978 546.727 2 168.66 -250
2313 244.978 546.727 2 177.862 -250
2314 254.978 546.727 2 187.145 -250
2315 264.978 546.727 2 196.499 -250
2316 274.978 546.727 2 205.913 -106.251
2317 284.978 546.727 2 215.38 -103.312
2318 294.978 546.727 2 224.894 -250
2319 304.978 546.727 2 234.448 -250
2320 314.978 546.727 2 244.037 -250
2321 324.978 546.727 2 253.658 -250
2322 334.978 546.727 2 263.308 -250
2323 344.978 546.727 2 272.983 -250
2324 354.978 546.727 2 282.68 -250
2325 364.978 546.727 2 292.398 -250
2326 374.978 546.727 2 302.134 -250
2327 384.978 546.727 2 311.887 -250
2328 394.978 546.727 2 321.655 -250
2329 404.978 546.727 2 331.437 -250
2330 414.978 546.727 2 341.232 -250
2331 424.978 546.727 2 351.038 -104.207
2332 434.978 546.727 2 360.854 -106.994
2333 444.978 546.727 2 370.681 -98.2462
2334 454.978 546.727 2 380.517 -92.9391
2335 464.978 546.727 2 390.361 -93.8331
2336 474.978 546.727 2 400.212 -91.4494
2337 484.978 546.727 2 410.071 -250
2338 84.9784 556.727 2 63.3723 -82.3545
2339 94.9784 556.727 2 64.8424 -73.7032
2340 104.978 556.727 2 67.7718 -78.5147
2341 114.978 556.727 2 71.9826 -74.8736
2342 124.978 556.727 2 77.2656 -79.039
2343 134.978 556.727 2 83.4174 -79.6447
2344 144.978 556.727 2 90.2604 -72.2588
2345 154.978 556.727 2 97.6495 -77.5456
2346 164.978 556.727 2 105.47 -77.0412
2347 174.978 556.727 2 113.633 -76.8938
2348 184.978 556.727 2 122.069 -80.1893
2349 194.978 556.727 2 130.726 -79.9403
2350 204.978 556.727 2 139.563 -81.084
2351 214.978 556.727 2 148.547 -91.9418
2352 224.978 556.727 2 157.654 -83.2767
2353 234.978 556.727 2 166.863 -86.0768
2354 244.978 556.727 2 176.158 -86.6365
2355 254.978 556.727 2 185.527 -83.4891
2356 264.978 556.727 2 194.958 -85.8334
2357 274.978 556.727 2 204.444 -80.1535
2358 284.978 556.727 2 213.976 -89.1523
2359 294.978 556.727 2 223.549 -88.898
2360 304.978 556.727 2 233.158 -86.7687
2361 314.978 556.727 2 242.799 -84.5036
2362 324.978 556.727 2 252.467 -87.607
2363 334.978 556.727 2 262.16 -89.5636
2364 344.978 556.727 2 271.876 -89.645
2365 354.978 556.727 2 281.612 -89.6408
2366 364.978 556.727 2 291.365 -84.6694
2367 374.978 556.727 2 301.135 -83.7162
2368 384.978 556.727 2 310.919 -87.7223
2369 394.978 556.727 2 320.716 -90.6608
2370 404.978 556.727 2 330.526 -89.6166
2371 414.978 556.727 2 340.347 -90.1766
2372 424.978 556.727 2 350.178 -89.3702
2373 434.978 556.727 2 360.018 -90.0933
2374 444.978 556.727 2 369.867 -91.8515
2375 454.978 556.727 2 379.723 -102.817
2376 464.978 556.727 2 389.587 -90.7839
2377 474.978 556.727 2 399.458 -88.8846
2378 484.978 556.727 2 409.335 -95.2263
2379 84.9784 566.727 2 60.1088 -71.8208
2380 94.9784 566.727 2 61.6567 -74.6108
2381 104.978 566.727 2 64.7305 -73.0888
2382 114.978 566.727 2 69.1268 -77.6421
2383 124.978 566.727 2 74.6123 -74.2793
2384 134.978 566.727 2 80.9659 -78.6651
2385 144.978 566.727 2 87.9998 -78.3549
2386 154.978 566.727 2 95.5638 -76.758
2387 164.978 566.727 2 103.542 -76.2389
2388 174.978 566.727 2 111.845 -83.4494
2389 184.978 566.727 2 120.407 -86.8622
2390 194.978 566.727 2 129.176 -76.5479
2391 204.978 566.727 2 138.112 -77.697
2392 214.978 566.727 2 147.185 -81.0114
2393 224.978 566.727 2 156.371 -78.4586
2394 234.978 566.727 2 165.651 -81.6365
2395 244.978 566.727 2 175.011 -87.6853
2396 254.978 566.727 2 184.438 -83.3865
2397 264.978 566.727 2 193.922 -84.7644
2398 274.978 566.727 2 203.456 -86.362
2399 284.978 566.727 2 213.032 -85.1597
2400 294.978 566.727 2 222.646 -87.3683
2401 304.978 566.727 2 232.292 -86.2989
2402 314.978 566.727 2 241.967 -86.8258
2403 324.978 566.727 2 251.668 -86.267
2404 334.978 566.727 2 261.391 -87.5832
2405 344.978 566.727 2 271.134 -88.0734
2406 354.978 566.727 2 280.895 -87.8978
2407 364.978 566.727 2 290.673 -88.3571
2408 374.978 566.727 2 300.465 -89.8816
2409 384.978 566.727 2 310.27 -89.1929
2410 394.978 566.727 2 320.088 -95.1602
2411 404.978 566.727 2 329.916 -97.2347
2412 414.978 566.727 2 339.754 -85.509
2413 424.978 566.727 2 349.602 -84.0842
2414 434.978 566.727 2 359.458 -89.3357
2415 444.978 566.727 2 369.322 -92.444
2416 454.978 566.727 2 379.192 -92.1375
2417 464.978 566.727 2 389.07 -91.4408
2418 474.978 566.727 2 398.953 -92.4535
2419 484.978 566.727 2 408.843 -90.0811
2420 84.9784 576.727 2 58.3959 -73.1208
2421 94.9784 576.727 2 59.9881 -72.0155
2422 104.978 576.727 2 63.1431 -81.6726
2423 114.978 576.727 2 67.6427 -77.199
2424 124.978 576.727 2 73.2394 -80.5631
2425 134.978 576.727 2 79.7026 -79.4442
2426 144.978 576.727 2 86.8388 -82.0159
2427 154.978 576.727 2 94.4958 -77.643
2428 164.978 576.727 2 102.557 -78.1191
2429 174.978 576.727 2 110.934 -85.1713
2430 184.978 576.727 2 119.561 -75.7985
2431 194.978 576.727 2 128.388 -77.1584
2432 204.978 576.727 2 137.375 -76.9506
2433 214.978 576.727 2 146.494 -82.136
2434 224.978 576.727 2 155.72 -81.3732
2435 234.978 576.727 2 165.037 -82.7406
2436 244.978 576.727 2 174.43 -89.8065
2437 254.978 576.727 2 183.887 -82.3738
2438 264.978 576.727 2 193.398 -89.6859
2439 274.978 576.727 2 202.956 -83.5528
2440 284.978 576.727 2 212.555 -86.4658
2441 294.978 576.727 2 222.19 -86.0917
2442 304.978 576.727 2 231.855 -87.4689
2443 314.978 576.727 2 241.547 -86.7935
2444 324.978 576.727 2 251.264 -87.9001
2445 334.978 576.727 2 261.002 -88.052
2446 344.978 576.727 2 270.759 -89.59
2447 354.978 576.727 2 280.534 -88.6999
2448 364.978 576.727 2 290.323 -88.4542
2449 374.978 576.727 2 300.127 -89.5205
2450 384.978 576.727 2 309.943 -90.6906
2451 394.978 576.727 2 319.77 -91.2067
2452 404.978 576.727 2 329.608 -90.7339
2453 414.978 576.727 2 339.455 -89.6434
2454 424.978 576.727 2 349.311 -89.7024
2455 434.978 576.727 2 359.175 -90.5477
2456 444.978 576.727 2 369.047 -90.7686
2457 454.978 576.727 2 378.925 -88.4472
2458 464.978 576.727 2 388.809 -101.578
2459 474.978 576.727 2 398.699 -84.9849
2460 484.978 576.727 2 408.594 -90.937
2461 84.9784 586.727 2 58.3704 -72.3061
2462 94.9784 586.727 2 59.9632 -72.005
2463 104.978 586.727 2 63.1195 -80.918
2464 114.978 586.727 2 67.6206 -76.6993
2465 124.978 586.727 2 73.2191 -77.5292
2466 134.978 586.727 2 79.6838 -78.665
2467 144.978 586.727 2 86.8216 -77.5964
2468 154.978 586.727 2 94.48 -76.578
2469 164.978 586.727 2 102.542 -82.9402
2470 174.978 586.727 2 110.921 -78.6781
2471 184.978 586.727 2 119.549 -78.961
2472 194.978 586.727 2 128.376 -79.858
2473 204.978 586.727 2 137.364 -80.2218
2474 214.978 586.727 2 146.483 -81.9192
2475 224.978 586.727 2 155.711 -82.7674
2476 234.978 586.727 2 165.028 -84.0753
2477 244.978 586.727 2 174.421 -83.2242
2478 254.978 586.727 2 183.878 -86.757
2479 264.978 586.727 2 193.39 -85.1843
2480 274.978 586.727 2 202.949 -88.4051
2481 284.978 586.727 2 212.548 -87.0977
2482 294.978 586.727 2 222.183 -85.223
2483 304.978 586.727 2 231.848 -89.0225
2484 314.978 586.727 2 241.541 -89.4871
2485 324.978 586.727 2 251.258 -88.162
2486 334.978 586.727 2 260.996 -88.6932
2487 344.978 586.727 2 270.754 -89.1268
2488 354.978 586.727 2 280.528 -89.9175
2489 364.978 586.727 2 290.318 -88.9355
2490 374.978 586.727 2 300.122 -89.8363
2491 384.978 586.727 2 309.938 -89.9695
2492 394.978 586.727 2 319.766 -90.5994
2493 404.978 586.727 2 329.604 -91.394
2494 414.978 586.727 2 339.451 -90.1083
2495 424.978 586.727 2 349.307 -89.5668
2496 434.978 586.727 2 359.171 -90.5383
2497 444.978 586.727 2 369.043 -91.1971
2498 454.978 586.727 2 378.921 -91.9432
2499 464.978 586.727 2 388.805 -92.2992
2500 474.978 586.727 2 398.695 -91.6915
2501 484.978 586.727 2 408.591 -94.064
