# <Transmitter Set: Tx: 18 tx_ant_grid_40_m - Point 1> 
# <Receiver Set: Rx: 17 rx_ant_grid> 
# <X(m)> <Y(m)> <Z(m)> <Distance(m)> <PathGain(dB)>
1 84.9784 -13.2734 2 38.563 -75.4987
2 94.9784 -13.2734 2 40.9339 -68.819
3 104.978 -13.2734 2 45.432 -71.0636
4 114.978 -13.2734 2 51.5029 -72.0983
5 124.978 -13.2734 2 58.6603 -77.3724
6 134.978 -13.2734 2 66.5546 -73.7927
7 144.978 -13.2734 2 74.9533 -75.5627
8 154.978 -13.2734 2 83.7047 -76.6708
9 164.978 -13.2734 2 92.709 -79.6081
10 174.978 -13.2734 2 101.899 -82.5451
11 184.978 -13.2734 2 111.229 -82.7051
12 194.978 -13.2734 2 120.667 -82.7602
13 204.978 -13.2734 2 130.188 -81.7649
14 214.978 -13.2734 2 139.776 -82.4876
15 224.978 -13.2734 2 149.418 -85.941
16 234.978 -13.2734 2 159.105 -85.6662
17 244.978 -13.2734 2 168.828 -84.2936
18 254.978 -13.2734 2 178.581 -86.6597
19 264.978 -13.2734 2 188.361 -84.3084
20 274.978 -13.2734 2 198.162 -83.2001
21 284.978 -13.2734 2 207.983 -88.1896
22 294.978 -13.2734 2 217.819 -88.3905
23 304.978 -13.2734 2 227.67 -82.324
24 314.978 -13.2734 2 237.534 -87.117
25 324.978 -13.2734 2 247.408 -84.6408
26 334.978 -13.2734 2 257.292 -86.9777
27 344.978 -13.2734 2 267.185 -89.3321
28 354.978 -13.2734 2 277.085 -87.2983
29 364.978 -13.2734 2 286.992 -87.6057
30 374.978 -13.2734 2 296.906 -87.9111
31 384.978 -13.2734 2 306.825 -90.0117
32 394.978 -13.2734 2 316.749 -95.4759
33 404.978 -13.2734 2 326.678 -92.6666
34 414.978 -13.2734 2 336.611 -92.4804
35 424.978 -13.2734 2 346.548 -88.2461
36 434.978 -13.2734 2 356.488 -88.1198
37 444.978 -13.2734 2 366.432 -88.3172
38 454.978 -13.2734 2 376.379 -90.5789
39 464.978 -13.2734 2 386.328 -90.0846
40 474.978 -13.2734 2 396.28 -92.0788
41 484.978 -13.2734 2 406.234 -92.0072
42 84.9784 -3.2734 2 41.0381 -69.1397
43 94.9784 -3.2734 2 43.2736 -77.6795
44 104.978 -3.2734 2 47.5509 -70.2217
45 114.978 -3.2734 2 53.3814 -77.1275
46 124.978 -3.2734 2 60.3163 -73.9052
47 134.978 -3.2734 2 68.0186 -77.9501
48 144.978 -3.2734 2 76.2563 -80.1564
49 154.978 -3.2734 2 84.8734 -76.4954
50 164.978 -3.2734 2 93.7656 -82.1689
51 174.978 -3.2734 2 102.861 -81.6265
52 184.978 -3.2734 2 112.111 -82.0824
53 194.978 -3.2734 2 121.48 -83.6202
54 204.978 -3.2734 2 130.942 -82.4779
55 214.978 -3.2734 2 140.479 -82.186
56 224.978 -3.2734 2 150.076 -83.4159
57 234.978 -3.2734 2 159.723 -87.4577
58 244.978 -3.2734 2 169.41 -80.537
59 254.978 -3.2734 2 179.132 -84.7164
60 264.978 -3.2734 2 188.883 -84.652
61 274.978 -3.2734 2 198.659 -85.5595
62 284.978 -3.2734 2 208.456 -81.5399
63 294.978 -3.2734 2 218.271 -83.7489
64 304.978 -3.2734 2 228.102 -83.3714
65 314.978 -3.2734 2 237.948 -88.279
66 324.978 -3.2734 2 247.806 -89.1167
67 334.978 -3.2734 2 257.675 -91.2593
68 344.978 -3.2734 2 267.553 -88.5719
69 354.978 -3.2734 2 277.44 -86.1481
70 364.978 -3.2734 2 287.335 -83.7243
71 374.978 -3.2734 2 297.237 -82.7685
72 384.978 -3.2734 2 307.146 -90.7499
73 394.978 -3.2734 2 317.06 -94.4184
74 404.978 -3.2734 2 326.979 -101.97
75 414.978 -3.2734 2 336.904 -91.8759
76 424.978 -3.2734 2 346.832 -90.8302
77 434.978 -3.2734 2 356.765 -87.7466
78 444.978 -3.2734 2 366.701 -88.2308
79 454.978 -3.2734 2 376.64 -94.8004
80 464.978 -3.2734 2 386.583 -95.6154
81 474.978 -3.2734 2 396.529 -97.0999
82 484.978 -3.2734 2 406.477 -94.9848
83 84.9784 6.7266 2 45.6195 -69.7156
84 94.9784 6.7266 2 47.6406 -70.3448
85 104.978 6.7266 2 51.5568 -71.8546
86 114.978 6.7266 2 56.9788 -71.8662
87 124.978 6.7266 2 63.5222 -250
88 134.978 6.7266 2 70.877 -104.005
89 144.978 6.7266 2 78.8165 -77.9725
90 154.978 6.7266 2 87.1809 -81.4718
91 164.978 6.7266 2 95.8593 -79.3675
92 174.978 6.7266 2 104.773 -78.9579
93 184.978 6.7266 2 113.868 -80.4856
94 194.978 6.7266 2 123.103 -83.5209
95 204.978 6.7266 2 132.45 -82.9473
96 214.978 6.7266 2 141.885 -90.9587
97 224.978 6.7266 2 151.393 -79.7165
98 234.978 6.7266 2 160.961 -82.8311
99 244.978 6.7266 2 170.578 -81.7626
100 254.978 6.7266 2 180.237 -101.876
101 264.978 6.7266 2 189.931 -86.0934
102 274.978 6.7266 2 199.655 -87.8945
103 284.978 6.7266 2 209.406 -83.1485
104 294.978 6.7266 2 219.179 -250
105 304.978 6.7266 2 228.971 -250
106 314.978 6.7266 2 238.781 -250
107 324.978 6.7266 2 248.606 -250
108 334.978 6.7266 2 258.444 -250
109 344.978 6.7266 2 268.294 -250
110 354.978 6.7266 2 278.155 -250
111 364.978 6.7266 2 288.025 -250
112 374.978 6.7266 2 297.905 -250
113 384.978 6.7266 2 307.792 -250
114 394.978 6.7266 2 317.686 -101.828
115 404.978 6.7266 2 327.586 -110.947
116 414.978 6.7266 2 337.492 -102.917
117 424.978 6.7266 2 347.404 -111.15
118 434.978 6.7266 2 357.321 -101.857
119 444.978 6.7266 2 367.242 -250
120 454.978 6.7266 2 377.167 -250
121 464.978 6.7266 2 387.096 -250
122 474.978 6.7266 2 397.029 -131.032
123 484.978 6.7266 2 406.965 -127.365
124 84.9784 16.7266 2 51.7509 -71.065
125 94.9784 16.7266 2 53.541 -75.1103
126 104.978 16.7266 2 57.0537 -72.0634
127 114.978 16.7266 2 61.9968 -74.5575
128 124.978 16.7266 2 68.0595 -250
129 134.978 16.7266 2 74.9705 -99.7658
130 144.978 16.7266 2 82.517 -77.6025
131 154.978 16.7266 2 90.5402 -76.6315
132 164.978 16.7266 2 98.9243 -79.1438
133 174.978 16.7266 2 107.585 -78.0657
134 184.978 16.7266 2 116.46 -86.9296
135 194.978 16.7266 2 125.505 -250
136 204.978 16.7266 2 134.685 -250
137 214.978 16.7266 2 143.974 -250
138 224.978 16.7266 2 153.352 -250
139 234.978 16.7266 2 162.805 -250
140 244.978 16.7266 2 172.319 -250
141 254.978 16.7266 2 181.886 -250
142 264.978 16.7266 2 191.496 -98.2518
143 274.978 16.7266 2 201.145 -90.0858
144 284.978 16.7266 2 210.826 -87.0633
145 294.978 16.7266 2 220.536 -250
146 304.978 16.7266 2 230.271 -250
147 314.978 16.7266 2 240.028 -250
148 324.978 16.7266 2 249.803 -123.758
149 334.978 16.7266 2 259.596 -111.01
150 344.978 16.7266 2 269.404 -250
151 354.978 16.7266 2 279.226 -250
152 364.978 16.7266 2 289.06 -250
153 374.978 16.7266 2 298.905 -250
154 384.978 16.7266 2 308.76 -99.1433
155 394.978 16.7266 2 318.624 -98.0784
156 404.978 16.7266 2 328.496 -101.039
157 414.978 16.7266 2 338.376 -101.094
158 424.978 16.7266 2 348.262 -101.555
159 434.978 16.7266 2 358.155 -98.9245
160 444.978 16.7266 2 368.054 -250
161 454.978 16.7266 2 377.958 -250
162 464.978 16.7266 2 387.867 -250
163 474.978 16.7266 2 397.78 -129.543
164 484.978 16.7266 2 407.698 -126.344
165 84.9784 26.7266 2 58.9506 -74.953
166 94.9784 26.7266 2 60.5282 -75.4753
167 104.978 26.7266 2 63.6564 -75.4758
168 114.978 26.7266 2 68.1221 -81.7002
169 124.978 26.7266 2 73.6825 -75.7296
170 134.978 26.7266 2 80.1099 -76.9229
171 144.978 26.7266 2 87.2128 -78.2242
172 154.978 26.7266 2 94.8396 -85.4068
173 164.978 26.7266 2 102.874 -89.9341
174 174.978 26.7266 2 111.227 -77.6986
175 184.978 26.7266 2 119.833 -85.6626
176 194.978 26.7266 2 128.641 -250
177 204.978 26.7266 2 137.612 -250
178 214.978 26.7266 2 146.716 -250
179 224.978 26.7266 2 155.929 -250
180 234.978 26.7266 2 165.234 -250
181 244.978 26.7266 2 174.616 -250
182 254.978 26.7266 2 184.064 -250
183 264.978 26.7266 2 193.566 -102.461
184 274.978 26.7266 2 203.117 -100.544
185 284.978 26.7266 2 212.708 -97.4999
186 294.978 26.7266 2 222.336 -250
187 304.978 26.7266 2 231.995 -250
188 314.978 26.7266 2 241.682 -122.159
189 324.978 26.7266 2 251.394 -106.685
190 334.978 26.7266 2 261.127 -112.079
191 344.978 26.7266 2 270.88 -101.568
192 354.978 26.7266 2 280.65 -111.964
193 364.978 26.7266 2 290.435 -250
194 374.978 26.7266 2 300.235 -250
195 384.978 26.7266 2 310.048 -94.9546
196 394.978 26.7266 2 319.872 -100.403
197 404.978 26.7266 2 329.707 -102.887
198 414.978 26.7266 2 339.551 -114.716
199 424.978 26.7266 2 349.405 -109.343
200 434.978 26.7266 2 359.266 -105.342
201 444.978 26.7266 2 369.135 -103.94
202 454.978 26.7266 2 379.011 -250
203 464.978 26.7266 2 388.893 -250
204 474.978 26.7266 2 398.781 -127.261
205 484.978 26.7266 2 408.674 -124.266
206 84.9784 36.7266 2 66.8745 -74.7181
207 94.9784 36.7266 2 68.2692 -80.8242
208 104.978 36.7266 2 71.0575 -76.2207
209 114.978 36.7266 2 75.0842 -75.805
210 124.978 36.7266 2 80.1631 -76.1094
211 134.978 36.7266 2 86.1081 -78.9696
212 144.978 36.7266 2 92.7528 -78.2172
213 154.978 36.7266 2 99.9579 -91.0365
214 164.978 36.7266 2 107.611 -88.269
215 174.978 36.7266 2 115.622 -86.7261
216 184.978 36.7266 2 123.923 -93.3406
217 194.978 36.7266 2 132.459 -86.1078
218 204.978 36.7266 2 141.188 -83.1173
219 214.978 36.7266 2 150.075 -98.855
220 224.978 36.7266 2 159.094 -250
221 234.978 36.7266 2 168.224 -250
222 244.978 36.7266 2 177.448 -250
223 254.978 36.7266 2 186.752 -250
224 264.978 36.7266 2 196.125 -104.666
225 274.978 36.7266 2 205.556 -100.491
226 284.978 36.7266 2 215.039 -100.898
227 294.978 36.7266 2 224.567 -250
228 304.978 36.7266 2 234.134 -250
229 314.978 36.7266 2 243.736 -94.7083
230 324.978 36.7266 2 253.369 -95.7027
231 334.978 36.7266 2 263.029 -102.189
232 344.978 36.7266 2 272.714 -97.5966
233 354.978 36.7266 2 282.42 -96.5459
234 364.978 36.7266 2 292.147 -98.8538
235 374.978 36.7266 2 301.891 -109.314
236 384.978 36.7266 2 311.652 -250
237 394.978 36.7266 2 321.427 -250
238 404.978 36.7266 2 331.215 -99.9645
239 414.978 36.7266 2 341.016 -123.246
240 424.978 36.7266 2 350.828 -104.553
241 434.978 36.7266 2 360.651 -102.275
242 444.978 36.7266 2 370.483 -111.809
243 454.978 36.7266 2 380.324 -250
244 464.978 36.7266 2 390.172 -250
245 474.978 36.7266 2 400.029 -112.54
246 484.978 36.7266 2 409.892 -131.98
247 84.9784 46.7266 2 75.2942 -76.3733
248 94.9784 46.7266 2 76.5356 -80.8911
249 104.978 46.7266 2 79.0328 -74.9486
250 114.978 46.7266 2 82.672 -80.483
251 124.978 46.7266 2 87.3106 -83.6375
252 134.978 46.7266 2 92.7989 -79.7909
253 144.978 46.7266 2 98.9955 -78.4489
254 154.978 46.7266 2 105.776 -250
255 164.978 46.7266 2 113.036 -250
256 174.978 46.7266 2 120.688 -250
257 184.978 46.7266 2 128.662 -250
258 194.978 46.7266 2 136.903 -250
259 204.978 46.7266 2 145.365 -101.337
260 214.978 46.7266 2 154.011 -103.483
261 224.978 46.7266 2 162.813 -92.0312
262 234.978 46.7266 2 171.745 -96.3744
263 244.978 46.7266 2 180.79 -91.4753
264 254.978 46.7266 2 189.93 -88.7439
265 264.978 46.7266 2 199.153 -99.7024
266 274.978 46.7266 2 208.448 -90.6603
267 284.978 46.7266 2 217.805 -95.1403
268 294.978 46.7266 2 227.217 -250
269 304.978 46.7266 2 236.677 -250
270 314.978 46.7266 2 246.179 -250
271 324.978 46.7266 2 255.72 -250
272 334.978 46.7266 2 265.295 -250
273 344.978 46.7266 2 274.9 -250
274 354.978 46.7266 2 284.532 -250
275 364.978 46.7266 2 294.188 -113.903
276 374.978 46.7266 2 303.867 -106.761
277 384.978 46.7266 2 313.566 -250
278 394.978 46.7266 2 323.283 -250
279 404.978 46.7266 2 333.017 -105.04
280 414.978 46.7266 2 342.767 -108.079
281 424.978 46.7266 2 352.53 -124.039
282 434.978 46.7266 2 362.307 -101.971
283 444.978 46.7266 2 372.095 -111.662
284 454.978 46.7266 2 381.894 -250
285 464.978 46.7266 2 391.703 -250
286 474.978 46.7266 2 401.522 -106.411
287 484.978 46.7266 2 411.35 -118.156
288 84.9784 56.7266 2 84.0609 -76.4417
289 94.9784 56.7266 2 85.1746 -77.6771
290 104.978 56.7266 2 87.4254 -82.6266
291 114.978 56.7266 2 90.7286 -77.2403
292 124.978 56.7266 2 94.9745 -81.235
293 134.978 56.7266 2 100.043 -80.0431
294 144.978 56.7266 2 105.816 -76.7382
295 154.978 56.7266 2 112.186 -250
296 164.978 56.7266 2 119.055 -250
297 174.978 56.7266 2 126.343 -250
298 184.978 56.7266 2 133.982 -250
299 194.978 56.7266 2 141.914 -250
300 204.978 56.7266 2 150.093 -101.034
301 214.978 56.7266 2 158.482 -100.045
302 224.978 56.7266 2 167.048 -99.0221
303 234.978 56.7266 2 175.765 -95.2936
304 244.978 56.7266 2 184.613 -91.283
305 254.978 56.7266 2 193.573 -100.429
306 264.978 56.7266 2 202.63 -93.2078
307 274.978 56.7266 2 211.772 -86.0699
308 284.978 56.7266 2 220.988 -92.9574
309 294.978 56.7266 2 230.27 -250
310 304.978 56.7266 2 239.61 -250
311 314.978 56.7266 2 249.001 -250
312 324.978 56.7266 2 258.437 -250
313 334.978 56.7266 2 267.915 -250
314 344.978 56.7266 2 277.429 -250
315 354.978 56.7266 2 286.976 -250
316 364.978 56.7266 2 296.553 -120.222
317 374.978 56.7266 2 306.157 -108.438
318 384.978 56.7266 2 315.786 -250
319 394.978 56.7266 2 325.437 -250
320 404.978 56.7266 2 335.108 -103.407
321 414.978 56.7266 2 344.799 -95.5856
322 424.978 56.7266 2 354.506 -93.3356
323 434.978 56.7266 2 364.229 -107.833
324 444.978 56.7266 2 373.967 -102.314
325 454.978 56.7266 2 383.719 -250
326 464.978 56.7266 2 393.483 -250
327 474.978 56.7266 2 403.258 -126.828
328 484.978 56.7266 2 413.044 -100.775
329 84.9784 66.7266 2 93.0766 -80.3082
330 94.9784 66.7266 2 94.0837 -80.1891
331 104.978 66.7266 2 96.126 -80.085
332 114.978 66.7266 2 99.1398 -78.946
333 124.978 66.7266 2 103.04 -80.8916
334 134.978 66.7266 2 107.73 -78.3109
335 144.978 66.7266 2 113.111 -80.3049
336 154.978 66.7266 2 119.091 -79.5972
337 164.978 66.7266 2 125.583 -92.9187
338 174.978 66.7266 2 132.513 -90.2231
339 184.978 66.7266 2 139.814 -86.7195
340 194.978 66.7266 2 147.433 -90.7923
341 204.978 66.7266 2 155.322 -97.1983
342 214.978 66.7266 2 163.443 -107.117
343 224.978 66.7266 2 171.761 -94.5108
344 234.978 66.7266 2 180.251 -100.519
345 244.978 66.7266 2 188.889 -95.0095
346 254.978 66.7266 2 197.655 -87.8144
347 264.978 66.7266 2 206.533 -91.1786
348 274.978 66.7266 2 215.51 -92.9075
349 284.978 66.7266 2 224.573 -95.2994
350 294.978 66.7266 2 233.712 -107.744
351 304.978 66.7266 2 242.919 -107.196
352 314.978 66.7266 2 252.187 -102.845
353 324.978 66.7266 2 261.509 -102.393
354 334.978 66.7266 2 270.879 -99.3893
355 344.978 66.7266 2 280.292 -99.5331
356 354.978 66.7266 2 289.745 -95.7771
357 364.978 66.7266 2 299.234 -100.919
358 374.978 66.7266 2 308.754 -104.808
359 384.978 66.7266 2 318.304 -106.488
360 394.978 66.7266 2 327.881 -101.851
361 404.978 66.7266 2 337.483 -91.469
362 414.978 66.7266 2 347.107 -113.432
363 424.978 66.7266 2 356.752 -102.172
364 434.978 66.7266 2 366.415 -102.81
365 444.978 66.7266 2 376.097 -100.365
366 454.978 66.7266 2 385.794 -108.924
367 464.978 66.7266 2 395.507 -107.606
368 474.978 66.7266 2 405.233 -100.12
369 484.978 66.7266 2 414.973 -94.547
370 84.9784 76.7266 2 102.275 -83.0579
371 94.9784 76.7266 2 103.193 -80.0036
372 104.978 76.7266 2 105.058 -82.9798
373 114.978 76.7266 2 107.823 -78.4553
374 124.978 76.7266 2 111.419 -83.5163
375 134.978 76.7266 2 115.77 -78.9187
376 144.978 76.7266 2 120.794 -79.7536
377 154.978 76.7266 2 126.411 -80.2774
378 164.978 76.7266 2 132.545 -89.148
379 174.978 76.7266 2 139.128 -82.6595
380 184.978 76.7266 2 146.1 -86.0709
381 194.978 76.7266 2 153.407 -87.9025
382 204.978 76.7266 2 161.003 -90.0123
383 214.978 76.7266 2 168.851 -89.8712
384 224.978 76.7266 2 176.915 -99.7112
385 234.978 76.7266 2 185.169 -95.6728
386 244.978 76.7266 2 193.587 -93.8323
387 254.978 76.7266 2 202.15 -88.5149
388 264.978 76.7266 2 210.839 -85.0691
389 274.978 76.7266 2 219.639 -92.0005
390 284.978 76.7266 2 228.539 -101.111
391 294.978 76.7266 2 237.526 -93.629
392 304.978 76.7266 2 246.591 -109.369
393 314.978 76.7266 2 255.725 -99.1605
394 324.978 76.7266 2 264.922 -97.9079
395 334.978 76.7266 2 274.176 -111.537
396 344.978 76.7266 2 283.48 -97.4062
397 354.978 76.7266 2 292.83 -103.963
398 364.978 76.7266 2 302.221 -99.395
399 374.978 76.7266 2 311.651 -96.2094
400 384.978 76.7266 2 321.115 -95.5323
401 394.978 76.7266 2 330.61 -106.509
402 404.978 76.7266 2 340.135 -110.059
403 414.978 76.7266 2 349.686 -110.308
404 424.978 76.7266 2 359.261 -111.686
405 434.978 76.7266 2 368.859 -103.007
406 444.978 76.7266 2 378.478 -103.97
407 454.978 76.7266 2 388.116 -110.245
408 464.978 76.7266 2 397.772 -114.074
409 474.978 76.7266 2 407.445 -102.32
410 484.978 76.7266 2 417.133 -101.458
411 84.9784 86.7266 2 111.612 -82.2177
412 94.9784 86.7266 2 112.453 -80.999
413 104.978 86.7266 2 114.168 -250
414 114.978 86.7266 2 116.716 -250
415 124.978 86.7266 2 120.047 -250
416 134.978 86.7266 2 124.096 -88.43
417 144.978 86.7266 2 128.795 -86.0528
418 154.978 86.7266 2 134.077 -250
419 164.978 86.7266 2 139.875 -250
420 174.978 86.7266 2 146.129 -250
421 184.978 86.7266 2 152.781 -101.086
422 194.978 86.7266 2 159.783 -84.0826
423 204.978 86.7266 2 167.09 -83.3147
424 214.978 86.7266 2 174.664 -84.0921
425 224.978 86.7266 2 182.472 -250
426 234.978 86.7266 2 190.485 -250
427 244.978 86.7266 2 198.678 -250
428 254.978 86.7266 2 207.03 -93.6122
429 264.978 86.7266 2 215.523 -95.029
430 274.978 86.7266 2 224.139 -89.1196
431 284.978 86.7266 2 232.867 -83.2864
432 294.978 86.7266 2 241.693 -88.2846
433 304.978 86.7266 2 250.607 -95.6031
434 314.978 86.7266 2 259.6 -95.2348
435 324.978 86.7266 2 268.665 -90.8589
436 334.978 86.7266 2 277.794 -91.3141
437 344.978 86.7266 2 286.981 -91.9995
438 354.978 86.7266 2 296.22 -96.3115
439 364.978 86.7266 2 305.507 -102.485
440 374.978 86.7266 2 314.838 -97.8077
441 384.978 86.7266 2 324.209 -250
442 394.978 86.7266 2 333.617 -250
443 404.978 86.7266 2 343.058 -250
444 414.978 86.7266 2 352.53 -102.625
445 424.978 86.7266 2 362.03 -105.062
446 434.978 86.7266 2 371.556 -108.671
447 444.978 86.7266 2 381.107 -250
448 454.978 86.7266 2 390.68 -250
449 464.978 86.7266 2 400.274 -250
450 474.978 86.7266 2 409.888 -112.018
451 484.978 86.7266 2 419.519 -110.185
452 84.9784 96.7266 2 121.055 -83.2429
453 94.9784 96.7266 2 121.831 -84.7109
454 104.978 96.7266 2 123.415 -114.072
455 114.978 96.7266 2 125.777 -89.113
456 124.978 96.7266 2 128.873 -90.5543
457 134.978 96.7266 2 132.653 -91.1728
458 144.978 96.7266 2 137.059 -78.4747
459 154.978 96.7266 2 142.034 -250
460 164.978 96.7266 2 147.52 -250
461 174.978 96.7266 2 153.462 -250
462 184.978 96.7266 2 159.81 -102.395
463 194.978 96.7266 2 166.516 -250
464 204.978 96.7266 2 173.54 -250
465 214.978 96.7266 2 180.844 -250
466 224.978 96.7266 2 188.396 -250
467 234.978 96.7266 2 196.167 -250
468 244.978 96.7266 2 204.132 -250
469 254.978 96.7266 2 212.27 -250
470 264.978 96.7266 2 220.561 -250
471 274.978 96.7266 2 228.988 -99.43
472 284.978 96.7266 2 237.537 -87.7765
473 294.978 96.7266 2 246.196 -88.8442
474 304.978 96.7266 2 254.953 -87.2097
475 314.978 96.7266 2 263.798 -89.9334
476 324.978 96.7266 2 272.723 -86.4659
477 334.978 96.7266 2 281.72 -85.4558
478 344.978 96.7266 2 290.783 -82.8463
479 354.978 96.7266 2 299.906 -97.7312
480 364.978 96.7266 2 309.082 -98.4006
481 374.978 96.7266 2 318.308 -99.0952
482 384.978 96.7266 2 327.58 -250
483 394.978 96.7266 2 336.894 -250
484 404.978 96.7266 2 346.245 -250
485 414.978 96.7266 2 355.632 -114.433
486 424.978 96.7266 2 365.052 -106.661
487 434.978 96.7266 2 374.501 -104.837
488 444.978 96.7266 2 383.979 -250
489 454.978 96.7266 2 393.482 -250
490 464.978 96.7266 2 403.009 -250
491 474.978 96.7266 2 412.559 -120.734
492 484.978 96.7266 2 422.13 -129.524
493 84.9784 106.727 2 130.581 -82.112
494 94.9784 106.727 2 131.3 -82.232
495 104.978 106.727 2 132.772 -100.718
496 114.978 106.727 2 134.97 -94.9114
497 124.978 106.727 2 137.86 -108.901
498 134.978 106.727 2 141.399 -94.7897
499 144.978 106.727 2 145.541 -89.2791
500 154.978 106.727 2 150.235 -250
501 164.978 106.727 2 155.432 -250
502 174.978 106.727 2 161.083 -250
503 184.978 106.727 2 167.141 -114.353
504 194.978 106.727 2 173.564 -250
505 204.978 106.727 2 180.314 -250
506 214.978 106.727 2 187.354 -250
507 224.978 106.727 2 194.654 -250
508 234.978 106.727 2 202.184 -250
509 244.978 106.727 2 209.922 -250
510 254.978 106.727 2 217.843 -250
511 264.978 106.727 2 225.929 -250
512 274.978 106.727 2 234.163 -122.86
513 284.978 106.727 2 242.53 -113.415
514 294.978 106.727 2 251.017 -100.938
515 304.978 106.727 2 259.611 -88.8475
516 314.978 106.727 2 268.303 -88.9676
517 324.978 106.727 2 277.083 -81.3149
518 334.978 106.727 2 285.943 -82.8533
519 344.978 106.727 2 294.876 -92.8128
520 354.978 106.727 2 303.876 -91.4981
521 364.978 106.727 2 312.936 -89.3523
522 374.978 106.727 2 322.052 -89.4098
523 384.978 106.727 2 331.219 -250
524 394.978 106.727 2 340.432 -250
525 404.978 106.727 2 349.69 -250
526 414.978 106.727 2 358.986 -112.137
527 424.978 106.727 2 368.32 -122.501
528 434.978 106.727 2 377.688 -126.304
529 444.978 106.727 2 387.087 -250
530 454.978 106.727 2 396.516 -250
531 464.978 106.727 2 405.972 -250
532 474.978 106.727 2 415.454 -125.821
533 484.978 106.727 2 424.96 -133.016
534 84.9784 116.727 2 140.173 -82.4414
535 94.9784 116.727 2 140.843 -83.0726
536 104.978 116.727 2 142.216 -88.3896
537 114.978 116.727 2 144.27 -250
538 124.978 116.727 2 146.977 -250
539 134.978 116.727 2 150.302 -250
540 144.978 116.727 2 154.205 -250
541 154.978 116.727 2 158.643 -250
542 164.978 116.727 2 163.573 -250
543 174.978 116.727 2 168.952 -250
544 184.978 116.727 2 174.737 -107.312
545 194.978 116.727 2 180.891 -250
546 204.978 116.727 2 187.377 -250
547 214.978 116.727 2 194.161 -250
548 224.978 116.727 2 201.214 -250
549 234.978 116.727 2 208.508 -250
550 244.978 116.727 2 216.019 -250
551 254.978 116.727 2 223.724 -250
552 264.978 116.727 2 231.605 -250
553 274.978 116.727 2 239.645 -102.81
554 284.978 116.727 2 247.827 -98.033
555 294.978 116.727 2 256.138 -116.531
556 304.978 116.727 2 264.566 -95.6831
557 314.978 116.727 2 273.1 -91.5818
558 324.978 116.727 2 281.73 -250
559 334.978 116.727 2 290.449 -250
560 344.978 116.727 2 299.247 -250
561 354.978 116.727 2 308.119 -250
562 364.978 116.727 2 317.058 -250
563 374.978 116.727 2 326.059 -250
564 384.978 116.727 2 335.116 -250
565 394.978 116.727 2 344.226 -250
566 404.978 116.727 2 353.383 -250
567 414.978 116.727 2 362.586 -250
568 424.978 116.727 2 371.829 -126.93
569 434.978 116.727 2 381.111 -120.799
570 444.978 116.727 2 390.428 -250
571 454.978 116.727 2 399.778 -250
572 464.978 116.727 2 409.158 -250
573 474.978 116.727 2 418.568 -144.952
574 484.978 116.727 2 428.004 -138.652
575 84.9784 126.727 2 149.818 -83.9313
576 94.9784 126.727 2 150.445 -83.8032
577 104.978 126.727 2 151.731 -89.4808
578 114.978 126.727 2 153.658 -250
579 124.978 126.727 2 156.203 -250
580 134.978 126.727 2 159.335 -250
581 144.978 126.727 2 163.022 -250
582 154.978 126.727 2 167.227 -250
583 164.978 126.727 2 171.911 -250
584 174.978 126.727 2 177.036 -250
585 184.978 126.727 2 182.566 -111.285
586 194.978 126.727 2 188.464 -98.9285
587 204.978 126.727 2 194.698 -115.75
588 214.978 126.727 2 201.235 -105.164
589 224.978 126.727 2 208.048 -250
590 234.978 126.727 2 215.111 -250
591 244.978 126.727 2 222.398 -250
592 254.978 126.727 2 229.89 -112.935
593 264.978 126.727 2 237.567 -103.374
594 274.978 126.727 2 245.411 -107.82
595 284.978 126.727 2 253.407 -99.149
596 294.978 126.727 2 261.541 -97.0019
597 304.978 126.727 2 269.8 -99.9903
598 314.978 126.727 2 278.173 -105.179
599 324.978 126.727 2 286.651 -250
600 334.978 126.727 2 295.224 -250
601 344.978 126.727 2 303.885 -250
602 354.978 126.727 2 312.625 -250
603 364.978 126.727 2 321.439 -250
604 374.978 126.727 2 330.32 -250
605 384.978 126.727 2 339.264 -250
606 394.978 126.727 2 348.265 -250
607 404.978 126.727 2 357.319 -250
608 414.978 126.727 2 366.422 -250
609 424.978 126.727 2 375.571 -130.832
610 434.978 126.727 2 384.763 -117.131
611 444.978 126.727 2 393.993 -250
612 454.978 126.727 2 403.261 -250
613 464.978 126.727 2 412.562 -250
614 474.978 126.727 2 421.896 -143.908
615 484.978 126.727 2 431.259 -129.386
616 84.9784 136.727 2 159.507 -84.1585
617 94.9784 136.727 2 160.096 -84.9911
618 104.978 136.727 2 161.305 -79.7932
619 114.978 136.727 2 163.119 -101.861
620 124.978 136.727 2 165.518 -92.6081
621 134.978 136.727 2 168.478 -250
622 144.978 136.727 2 171.969 -250
623 154.978 136.727 2 175.96 -250
624 164.978 136.727 2 180.417 -250
625 174.978 136.727 2 185.307 -250
626 184.978 136.727 2 190.597 -110.74
627 194.978 136.727 2 196.254 -98.2485
628 204.978 136.727 2 202.248 -105.825
629 214.978 136.727 2 208.549 -108.236
630 224.978 136.727 2 215.131 -250
631 234.978 136.727 2 221.968 -250
632 244.978 136.727 2 229.037 -250
633 254.978 136.727 2 236.319 -112.859
634 264.978 136.727 2 243.793 -104.347
635 274.978 136.727 2 251.443 -100.046
636 284.978 136.727 2 259.253 -104.763
637 294.978 136.727 2 267.209 -111.739
638 304.978 136.727 2 275.298 -103.044
639 314.978 136.727 2 283.509 -109.316
640 324.978 136.727 2 291.832 -250
641 334.978 136.727 2 300.257 -250
642 344.978 136.727 2 308.776 -250
643 354.978 136.727 2 317.382 -250
644 364.978 136.727 2 326.067 -250
645 374.978 136.727 2 334.826 -250
646 384.978 136.727 2 343.652 -250
647 394.978 136.727 2 352.541 -250
648 404.978 136.727 2 361.488 -250
649 414.978 136.727 2 370.489 -250
650 424.978 136.727 2 379.54 -133.94
651 434.978 136.727 2 388.638 -124.607
652 444.978 136.727 2 397.779 -250
653 454.978 136.727 2 406.96 -250
654 464.978 136.727 2 416.179 -250
655 474.978 136.727 2 425.433 -121.879
656 484.978 136.727 2 434.72 -129.797
657 84.9784 146.727 2 169.232 -83.145
658 94.9784 146.727 2 169.788 -84.7062
659 104.978 146.727 2 170.928 -83.8935
660 114.978 146.727 2 172.641 -95.1823
661 124.978 146.727 2 174.909 -97.708
662 134.978 146.727 2 177.713 -95.8276
663 144.978 146.727 2 181.026 -98.8152
664 154.978 146.727 2 184.821 -99.6432
665 164.978 146.727 2 189.069 -99.711
666 174.978 146.727 2 193.741 -100.553
667 184.978 146.727 2 198.807 -98.1649
668 194.978 146.727 2 204.237 -95.9546
669 204.978 146.727 2 210.003 -97.5439
670 214.978 146.727 2 216.078 -94.4544
671 224.978 146.727 2 222.437 -97.2602
672 234.978 146.727 2 229.056 -106.506
673 244.978 146.727 2 235.913 -100.928
674 254.978 146.727 2 242.989 -95.8354
675 264.978 146.727 2 250.264 -101.984
676 274.978 146.727 2 257.722 -104.365
677 284.978 146.727 2 265.347 -112.511
678 294.978 146.727 2 273.125 -103.708
679 304.978 146.727 2 281.044 -124.426
680 314.978 146.727 2 289.093 -117.486
681 324.978 146.727 2 297.259 -125.124
682 334.978 146.727 2 305.535 -126.04
683 344.978 146.727 2 313.911 -112.987
684 354.978 146.727 2 322.379 -126.65
685 364.978 146.727 2 330.933 -116.953
686 374.978 146.727 2 339.566 -128.643
687 384.978 146.727 2 348.273 -129.477
688 394.978 146.727 2 357.047 -122.006
689 404.978 146.727 2 365.884 -129.781
690 414.978 146.727 2 374.779 -116.452
691 424.978 146.727 2 383.729 -126.89
692 434.978 146.727 2 392.729 -110.942
693 444.978 146.727 2 401.777 -123.157
694 454.978 146.727 2 410.869 -132.921
695 464.978 146.727 2 420.002 -126.467
696 474.978 146.727 2 429.174 -134.443
697 484.978 146.727 2 438.382 -135.882
698 84.9784 156.727 2 178.987 -86.6603
699 94.9784 156.727 2 179.513 -86.0159
700 104.978 156.727 2 180.592 -83.9222
701 114.978 156.727 2 182.214 -94.2457
702 124.978 156.727 2 184.365 -90.4078
703 134.978 156.727 2 187.026 -87.8847
704 144.978 156.727 2 190.177 -96.9164
705 154.978 156.727 2 193.793 -102.686
706 164.978 156.727 2 197.849 -98.0661
707 174.978 156.727 2 202.318 -95.0904
708 184.978 156.727 2 207.174 -97.2436
709 194.978 156.727 2 212.39 -96.0511
710 204.978 156.727 2 217.941 -97.4672
711 214.978 156.727 2 223.801 -96.0562
712 224.978 156.727 2 229.946 -97.0497
713 234.978 156.727 2 236.355 -91.9296
714 244.978 156.727 2 243.006 -96.3951
715 254.978 156.727 2 249.881 -111.282
716 264.978 156.727 2 256.961 -111.475
717 274.978 156.727 2 264.23 -123.64
718 284.978 156.727 2 271.673 -104.576
719 294.978 156.727 2 279.275 -116.522
720 304.978 156.727 2 287.024 -119.549
721 314.978 156.727 2 294.909 -117.003
722 324.978 156.727 2 302.919 -102.323
723 334.978 156.727 2 311.044 -118.145
724 344.978 156.727 2 319.276 -121.978
725 354.978 156.727 2 327.606 -129.668
726 364.978 156.727 2 336.027 -132.085
727 374.978 156.727 2 344.532 -117.798
728 384.978 156.727 2 353.116 -126.024
729 394.978 156.727 2 361.773 -116.405
730 404.978 156.727 2 370.497 -123.771
731 414.978 156.727 2 379.284 -124.038
732 424.978 156.727 2 388.13 -107.136
733 434.978 156.727 2 397.031 -135.409
734 444.978 156.727 2 405.982 -113.978
735 454.978 156.727 2 414.982 -126.187
736 464.978 156.727 2 424.027 -133.365
737 474.978 156.727 2 433.113 -135.634
738 484.978 156.727 2 442.239 -128.262
739 84.9784 166.727 2 188.768 -85.3604
740 94.9784 166.727 2 189.267 -84.0414
741 104.978 166.727 2 190.29 -86.5003
742 114.978 166.727 2 191.83 -90.1126
743 124.978 166.727 2 193.875 -90.2126
744 134.978 166.727 2 196.407 -95.4602
745 144.978 166.727 2 199.41 -98.5729
746 154.978 166.727 2 202.862 -111.017
747 164.978 166.727 2 206.74 -100.398
748 174.978 166.727 2 211.021 -98.9794
749 184.978 166.727 2 215.681 -93.8469
750 194.978 166.727 2 220.696 -96.3973
751 204.978 166.727 2 226.043 -103.992
752 214.978 166.727 2 231.697 -98.9778
753 224.978 166.727 2 237.639 -250
754 234.978 166.727 2 243.846 -117.631
755 244.978 166.727 2 250.298 -250
756 254.978 166.727 2 256.978 -250
757 264.978 166.727 2 263.868 -250
758 274.978 166.727 2 270.951 -112.749
759 284.978 166.727 2 278.214 -100.793
760 294.978 166.727 2 285.642 -250
761 304.978 166.727 2 293.224 -250
762 314.978 166.727 2 300.946 -250
763 324.978 166.727 2 308.799 -250
764 334.978 166.727 2 316.774 -250
765 344.978 166.727 2 324.86 -250
766 354.978 166.727 2 333.05 -134.911
767 364.978 166.727 2 341.337 -133.01
768 374.978 166.727 2 349.713 -250
769 384.978 166.727 2 358.173 -131.216
770 394.978 166.727 2 366.71 -121.148
771 404.978 166.727 2 375.32 -124.898
772 414.978 166.727 2 383.997 -108.143
773 424.978 166.727 2 392.736 -119.449
774 434.978 166.727 2 401.535 -127.472
775 444.978 166.727 2 410.389 -250
776 454.978 166.727 2 419.294 -250
777 464.978 166.727 2 428.247 -250
778 474.978 166.727 2 437.246 -135.629
779 484.978 166.727 2 446.288 -138.161
780 84.9784 176.727 2 198.571 -85.5472
781 94.9784 176.727 2 199.045 -86.0271
782 104.978 176.727 2 200.019 -86.0144
783 114.978 176.727 2 201.484 -92.4004
784 124.978 176.727 2 203.432 -83.295
785 134.978 176.727 2 205.847 -84.5034
786 144.978 176.727 2 208.714 -98.9483
787 154.978 176.727 2 212.014 -101.698
788 164.978 176.727 2 215.727 -95.5219
789 174.978 176.727 2 219.834 -97.1262
790 184.978 176.727 2 224.311 -98.3387
791 194.978 176.727 2 229.137 -97.5775
792 204.978 176.727 2 234.291 -98.7359
793 214.978 176.727 2 239.751 -97.206
794 224.978 176.727 2 245.498 -250
795 234.978 176.727 2 251.511 -126.542
796 244.978 176.727 2 257.772 -250
797 254.978 176.727 2 264.262 -250
798 264.978 176.727 2 270.967 -250
799 274.978 176.727 2 277.87 -125.202
800 284.978 176.727 2 284.956 -114.468
801 294.978 176.727 2 292.213 -250
802 304.978 176.727 2 299.628 -250
803 314.978 176.727 2 307.19 -250
804 324.978 176.727 2 314.887 -250
805 334.978 176.727 2 322.711 -250
806 344.978 176.727 2 330.652 -250
807 354.978 176.727 2 338.703 -125.5
808 364.978 176.727 2 346.854 -142.899
809 374.978 176.727 2 355.101 -250
810 384.978 176.727 2 363.435 -128.779
811 394.978 176.727 2 371.851 -126.968
812 404.978 176.727 2 380.344 -105.531
813 414.978 176.727 2 388.909 -119.798
814 424.978 176.727 2 397.541 -120.784
815 434.978 176.727 2 406.236 -131.409
816 444.978 176.727 2 414.989 -250
817 454.978 176.727 2 423.797 -250
818 464.978 176.727 2 432.658 -250
819 474.978 176.727 2 441.567 -133.754
820 484.978 176.727 2 450.522 -136.704
821 84.9784 186.727 2 208.393 -86.7666
822 94.9784 186.727 2 208.844 -86.6437
823 104.978 186.727 2 209.772 -85.8028
824 114.978 186.727 2 211.17 -90.7312
825 124.978 186.727 2 213.029 -86.9248
826 134.978 186.727 2 215.337 -92.3574
827 144.978 186.727 2 218.079 -92.8878
828 154.978 186.727 2 221.239 -97.2883
829 164.978 186.727 2 224.801 -100.315
830 174.978 186.727 2 228.744 -91.065
831 184.978 186.727 2 233.05 -97.6397
832 194.978 186.727 2 237.699 -94.8885
833 204.978 186.727 2 242.671 -90.9591
834 214.978 186.727 2 247.947 -95.3021
835 224.978 186.727 2 253.508 -250
836 234.978 186.727 2 259.335 -119.216
837 244.978 186.727 2 265.411 -250
838 254.978 186.727 2 271.72 -250
839 264.978 186.727 2 278.245 -250
840 274.978 186.727 2 284.971 -111.288
841 284.978 186.727 2 291.885 -100.891
842 294.978 186.727 2 298.974 -99.2578
843 304.978 186.727 2 306.226 -99.9675
844 314.978 186.727 2 313.628 -114.442
845 324.978 186.727 2 321.171 -116.048
846 334.978 186.727 2 328.846 -250
847 344.978 186.727 2 336.642 -250
848 354.978 186.727 2 344.553 -250
849 364.978 186.727 2 352.569 -250
850 374.978 186.727 2 360.685 -250
851 384.978 186.727 2 368.893 -132.785
852 394.978 186.727 2 377.188 -127.898
853 404.978 186.727 2 385.563 -114.352
854 414.978 186.727 2 394.014 -119.595
855 424.978 186.727 2 402.537 -120.217
856 434.978 186.727 2 411.126 -116.815
857 444.978 186.727 2 419.777 -250
858 454.978 186.727 2 428.487 -250
859 464.978 186.727 2 437.253 -250
860 474.978 186.727 2 446.07 -136.505
861 484.978 186.727 2 454.936 -148.933
862 84.9784 196.727 2 218.23 -87.8026
863 94.9784 196.727 2 218.662 -86.7532
864 104.978 196.727 2 219.548 -87.9724
865 114.978 196.727 2 220.884 -84.8033
866 124.978 196.727 2 222.662 -82.8716
867 134.978 196.727 2 224.871 -86.6335
868 144.978 196.727 2 227.498 -86.8441
869 154.978 196.727 2 230.53 -92.0108
870 164.978 196.727 2 233.949 -95.1424
871 174.978 196.727 2 237.741 -98.3211
872 184.978 196.727 2 241.887 -93.0902
873 194.978 196.727 2 246.369 -94.9965
874 204.978 196.727 2 251.17 -93.0055
875 214.978 196.727 2 256.271 -94.1358
876 224.978 196.727 2 261.655 -250
877 234.978 196.727 2 267.305 -112.246
878 244.978 196.727 2 273.204 -110.995
879 254.978 196.727 2 279.336 -107.457
880 264.978 196.727 2 285.687 -114.105
881 274.978 196.727 2 292.242 -104.506
882 284.978 196.727 2 298.989 -96.961
883 294.978 196.727 2 305.913 -99.7624
884 304.978 196.727 2 313.003 -108.151
885 314.978 196.727 2 320.249 -114.942
886 324.978 196.727 2 327.64 -112.188
887 334.978 196.727 2 335.166 -250
888 344.978 196.727 2 342.819 -250
889 354.978 196.727 2 350.59 -133.736
890 364.978 196.727 2 358.472 -148.141
891 374.978 196.727 2 366.457 -139.474
892 384.978 196.727 2 374.538 -127.306
893 394.978 196.727 2 382.711 -109.783
894 404.978 196.727 2 390.968 -127.357
895 414.978 196.727 2 399.305 -119.099
896 424.978 196.727 2 407.717 -250
897 434.978 196.727 2 416.199 -250
898 444.978 196.727 2 424.747 -250
899 454.978 196.727 2 433.357 -250
900 464.978 196.727 2 442.026 -250
901 474.978 196.727 2 450.75 -139.448
902 484.978 196.727 2 459.526 -137.924
903 84.9784 206.727 2 228.082 -85.3162
904 94.9784 206.727 2 228.495 -85.6025
905 104.978 206.727 2 229.344 -86.2633
906 114.978 206.727 2 230.623 -84.1583
907 124.978 206.727 2 232.326 -250
908 134.978 206.727 2 234.444 -92.1921
909 144.978 206.727 2 236.965 -85.2702
910 154.978 206.727 2 239.877 -87.1796
911 164.978 206.727 2 243.165 -90.1458
912 174.978 206.727 2 246.815 -89.0845
913 184.978 206.727 2 250.811 -91.917
914 194.978 206.727 2 255.137 -91.3075
915 204.978 206.727 2 259.775 -91.8029
916 214.978 206.727 2 264.711 -98.8399
917 224.978 206.727 2 269.926 -100.528
918 234.978 206.727 2 275.407 -113.898
919 244.978 206.727 2 281.136 -110.386
920 254.978 206.727 2 287.099 -106.119
921 264.978 206.727 2 293.282 -119.759
922 274.978 206.727 2 299.671 -96.7091
923 284.978 206.727 2 306.253 -97.7297
924 294.978 206.727 2 313.017 -98.8665
925 304.978 206.727 2 319.95 -119.136
926 314.978 206.727 2 327.042 -103.945
927 324.978 206.727 2 334.283 -110.671
928 334.978 206.727 2 341.663 -250
929 344.978 206.727 2 349.173 -250
930 354.978 206.727 2 356.806 -137.051
931 364.978 206.727 2 364.553 -133.263
932 374.978 206.727 2 372.408 -127.093
933 384.978 206.727 2 380.363 -111.141
934 394.978 206.727 2 388.413 -127.448
935 404.978 206.727 2 396.551 -121.845
936 414.978 206.727 2 404.773 -126.958
937 424.978 206.727 2 413.074 -250
938 434.978 206.727 2 421.448 -250
939 444.978 206.727 2 429.892 -250
940 454.978 206.727 2 438.401 -250
941 464.978 206.727 2 446.972 -250
942 474.978 206.727 2 455.601 -135.82
943 484.978 206.727 2 464.285 -132.03
944 84.9784 216.727 2 237.946 -86.3947
945 94.9784 216.727 2 238.342 -86.7316
946 104.978 216.727 2 239.156 -83.9505
947 114.978 216.727 2 240.383 -81.2571
948 124.978 216.727 2 242.017 -250
949 134.978 216.727 2 244.051 -104.694
950 144.978 216.727 2 246.474 -89.1922
951 154.978 216.727 2 249.275 -88.851
952 164.978 216.727 2 252.441 -87.1768
953 174.978 216.727 2 255.959 -89.2428
954 184.978 216.727 2 259.814 -101.824
955 194.978 216.727 2 263.992 -94.7482
956 204.978 216.727 2 268.478 -88.3577
957 214.978 216.727 2 273.256 -96.0908
958 224.978 216.727 2 278.311 -97.9881
959 234.978 216.727 2 283.63 -99.8354
960 244.978 216.727 2 289.196 -108.228
961 254.978 216.727 2 294.996 -101.391
962 264.978 216.727 2 301.017 -102.698
963 274.978 216.727 2 307.245 -94.8892
964 284.978 216.727 2 313.669 -92.5681
965 294.978 216.727 2 320.276 -250
966 304.978 216.727 2 327.055 -250
967 314.978 216.727 2 333.996 -250
968 324.978 216.727 2 341.09 -250
969 334.978 216.727 2 348.325 -250
970 344.978 216.727 2 355.695 -250
971 354.978 216.727 2 363.191 -126.679
972 364.978 216.727 2 370.805 -127.462
973 374.978 216.727 2 378.529 -111.159
974 384.978 216.727 2 386.359 -125.747
975 394.978 216.727 2 394.286 -118.911
976 404.978 216.727 2 402.306 -123.701
977 414.978 216.727 2 410.413 -126.743
978 424.978 216.727 2 418.601 -250
979 434.978 216.727 2 426.867 -250
980 444.978 216.727 2 435.206 -250
981 454.978 216.727 2 443.613 -250
982 464.978 216.727 2 452.085 -250
983 474.978 216.727 2 460.618 -132.166
984 484.978 216.727 2 469.21 -142.418
985 84.9784 226.727 2 247.822 -87.1173
986 94.9784 226.727 2 248.202 -90.7316
987 104.978 226.727 2 248.983 -250
988 114.978 226.727 2 250.162 -250
989 124.978 226.727 2 251.733 -250
990 134.978 226.727 2 253.689 -104.241
991 144.978 226.727 2 256.02 -91.4765
992 154.978 226.727 2 258.718 -89.8394
993 164.978 226.727 2 261.77 -90.0093
994 174.978 226.727 2 265.164 -85.7856
995 184.978 226.727 2 268.887 -89.3782
996 194.978 226.727 2 272.926 -86.9555
997 204.978 226.727 2 277.268 -97.2407
998 214.978 226.727 2 281.897 -94.6725
999 224.978 226.727 2 286.8 -94.7432
1000 234.978 226.727 2 291.964 -92.4003
1001 244.978 226.727 2 297.374 -95.8457
1002 254.978 226.727 2 303.018 -121.794
1003 264.978 226.727 2 308.882 -94.8918
1004 274.978 226.727 2 314.955 -95.1521
1005 284.978 226.727 2 321.225 -98.4949
1006 294.978 226.727 2 327.679 -250
1007 304.978 226.727 2 334.308 -250
1008 314.978 226.727 2 341.102 -250
1009 324.978 226.727 2 348.05 -250
1010 334.978 226.727 2 355.144 -250
1011 344.978 226.727 2 362.376 -250
1012 354.978 226.727 2 369.736 -134.798
1013 364.978 226.727 2 377.218 -113.964
1014 374.978 226.727 2 384.814 -119.717
1015 384.978 226.727 2 392.518 -119.231
1016 394.978 226.727 2 400.323 -123.431
1017 404.978 226.727 2 408.224 -130.838
1018 414.978 226.727 2 416.216 -124.519
1019 424.978 226.727 2 424.292 -250
1020 434.978 226.727 2 432.449 -250
1021 444.978 226.727 2 440.682 -250
1022 454.978 226.727 2 448.987 -250
1023 464.978 226.727 2 457.36 -250
1024 474.978 226.727 2 465.796 -134.016
1025 484.978 226.727 2 474.294 -134.545
1026 84.9784 236.727 2 257.706 -89.6442
1027 94.9784 236.727 2 258.072 -89.6082
1028 104.978 236.727 2 258.823 -113.272
1029 114.978 236.727 2 259.958 -98.3657
1030 124.978 236.727 2 261.47 -250
1031 134.978 236.727 2 263.353 -107.452
1032 144.978 236.727 2 265.6 -88.9066
1033 154.978 236.727 2 268.201 -85.1607
1034 164.978 236.727 2 271.147 -84.138
1035 174.978 236.727 2 274.425 -85.9752
1036 184.978 236.727 2 278.024 -88.9713
1037 194.978 236.727 2 281.932 -86.6725
1038 204.978 236.727 2 286.137 -88.5422
1039 214.978 236.727 2 290.625 -90.9898
1040 224.978 236.727 2 295.383 -91.223
1041 234.978 236.727 2 300.399 -88.4669
1042 244.978 236.727 2 305.66 -88.209
1043 254.978 236.727 2 311.154 -93.9809
1044 264.978 236.727 2 316.868 -96.2837
1045 274.978 236.727 2 322.791 -95.3084
1046 284.978 236.727 2 328.911 -105.879
1047 294.978 236.727 2 335.217 -250
1048 304.978 236.727 2 341.7 -250
1049 314.978 236.727 2 348.35 -250
1050 324.978 236.727 2 355.157 -250
1051 334.978 236.727 2 362.111 -250
1052 344.978 236.727 2 369.206 -250
1053 354.978 236.727 2 376.433 -121.398
1054 364.978 236.727 2 383.784 -118.829
1055 374.978 236.727 2 391.253 -127.89
1056 384.978 236.727 2 398.832 -117.075
1057 394.978 236.727 2 406.516 -126.157
1058 404.978 236.727 2 414.299 -127.276
1059 414.978 236.727 2 422.176 -250
1060 424.978 236.727 2 430.141 -250
1061 434.978 236.727 2 438.189 -250
1062 444.978 236.727 2 446.316 -250
1063 454.978 236.727 2 454.518 -250
1064 464.978 236.727 2 462.79 -250
1065 474.978 236.727 2 471.13 -144.07
1066 484.978 236.727 2 479.533 -143.601
1067 84.9784 246.727 2 267.6 -87.9019
1068 94.9784 246.727 2 267.952 -87.5893
1069 104.978 246.727 2 268.676 -86.1127
1070 114.978 246.727 2 269.768 -92.7763
1071 124.978 246.727 2 271.226 -99.1384
1072 134.978 246.727 2 273.042 -110.254
1073 144.978 246.727 2 275.21 -92.3049
1074 154.978 246.727 2 277.721 -85.0642
1075 164.978 246.727 2 280.566 -89.391
1076 174.978 246.727 2 283.736 -90.6495
1077 184.978 246.727 2 287.218 -89.7744
1078 194.978 246.727 2 291.003 -86.4568
1079 204.978 246.727 2 295.079 -86.8954
1080 214.978 246.727 2 299.433 -88.6872
1081 224.978 246.727 2 304.053 -87.5876
1082 234.978 246.727 2 308.929 -92.7362
1083 244.978 246.727 2 314.047 -88.9517
1084 254.978 246.727 2 319.396 -96.8887
1085 264.978 246.727 2 324.965 -94.2297
1086 274.978 246.727 2 330.743 -100.696
1087 284.978 246.727 2 336.718 -118.384
1088 294.978 246.727 2 342.881 -149.999
1089 304.978 246.727 2 349.222 -122.067
1090 314.978 246.727 2 355.731 -109.796
1091 324.978 246.727 2 362.399 -109.921
1092 334.978 246.727 2 369.218 -126.105
1093 344.978 246.727 2 376.178 -109.569
1094 354.978 246.727 2 383.274 -113.508
1095 364.978 246.727 2 390.496 -129.774
1096 374.978 246.727 2 397.839 -120.38
1097 384.978 246.727 2 405.295 -126.139
1098 394.978 246.727 2 412.859 -130.402
1099 404.978 246.727 2 420.525 -133.044
1100 414.978 246.727 2 428.287 -127.653
1101 424.978 246.727 2 436.14 -134.749
1102 434.978 246.727 2 444.079 -122.209
1103 444.978 246.727 2 452.101 -126.872
1104 454.978 246.727 2 460.199 -127.436
1105 464.978 246.727 2 468.372 -132.861
1106 474.978 246.727 2 476.613 -129.353
1107 484.978 246.727 2 484.922 -129.321
1108 84.9784 256.727 2 277.501 -86.9194
1109 94.9784 256.727 2 277.84 -86.6268
1110 104.978 256.727 2 278.538 -84.924
1111 114.978 256.727 2 279.593 -99.6908
1112 124.978 256.727 2 280.999 -99.6375
1113 134.978 256.727 2 282.753 -119.21
1114 144.978 256.727 2 284.846 -99.8575
1115 154.978 256.727 2 287.273 -91.3493
1116 164.978 256.727 2 290.025 -92.7681
1117 174.978 256.727 2 293.092 -85.8002
1118 184.978 256.727 2 296.465 -92.0716
1119 194.978 256.727 2 300.133 -89.545
1120 204.978 256.727 2 304.086 -89.5277
1121 214.978 256.727 2 308.313 -88.5906
1122 224.978 256.727 2 312.802 -89.4611
1123 234.978 256.727 2 317.543 -89.9644
1124 244.978 256.727 2 322.525 -90.7645
1125 254.978 256.727 2 327.736 -89.9302
1126 264.978 256.727 2 333.166 -105.523
1127 274.978 256.727 2 338.803 -107.13
1128 284.978 256.727 2 344.639 -93.4636
1129 294.978 256.727 2 350.663 -106.762
1130 304.978 256.727 2 356.866 -112.002
1131 314.978 256.727 2 363.238 -117.668
1132 324.978 256.727 2 369.77 -100.844
1133 334.978 256.727 2 376.455 -107.728
1134 344.978 256.727 2 383.285 -117.296
1135 354.978 256.727 2 390.251 -117.457
1136 364.978 256.727 2 397.346 -121.744
1137 374.978 256.727 2 404.565 -122.497
1138 384.978 256.727 2 411.899 -121.951
1139 394.978 256.727 2 419.344 -123.009
1140 404.978 256.727 2 426.893 -117.763
1141 414.978 256.727 2 434.542 -119.278
1142 424.978 256.727 2 442.284 -120.641
1143 434.978 256.727 2 450.115 -123.625
1144 444.978 256.727 2 458.031 -124.304
1145 454.978 256.727 2 466.026 -127.971
1146 464.978 256.727 2 474.098 -135.538
1147 474.978 256.727 2 482.242 -137.205
1148 484.978 256.727 2 490.455 -137.64
1149 84.9784 266.727 2 287.408 -87.0893
1150 94.9784 266.727 2 287.736 -87.4262
1151 104.978 266.727 2 288.41 -89.9354
1152 114.978 266.727 2 289.429 -98.0547
1153 124.978 266.727 2 290.788 -100.96
1154 134.978 266.727 2 292.483 -250
1155 144.978 266.727 2 294.507 -250
1156 154.978 266.727 2 296.855 -250
1157 164.978 266.727 2 299.519 -250
1158 174.978 266.727 2 302.49 -92.6533
1159 184.978 266.727 2 305.759 -88.6891
1160 194.978 266.727 2 309.317 -93.1564
1161 204.978 266.727 2 313.154 -89.3228
1162 214.978 266.727 2 317.26 -95.9962
1163 224.978 266.727 2 321.625 -102.692
1164 234.978 266.727 2 326.237 -90.055
1165 244.978 266.727 2 331.088 -250
1166 254.978 266.727 2 336.166 -250
1167 264.978 266.727 2 341.462 -250
1168 274.978 266.727 2 346.965 -104.932
1169 284.978 266.727 2 352.666 -97.4374
1170 294.978 266.727 2 358.555 -250
1171 304.978 266.727 2 364.623 -250
1172 314.978 266.727 2 370.862 -250
1173 324.978 266.727 2 377.263 -250
1174 334.978 266.727 2 383.817 -250
1175 344.978 266.727 2 390.518 -250
1176 354.978 266.727 2 397.357 -250
1177 364.978 266.727 2 404.328 -250
1178 374.978 266.727 2 411.424 -250
1179 384.978 266.727 2 418.638 -250
1180 394.978 266.727 2 425.965 -250
1181 404.978 266.727 2 433.399 -250
1182 414.978 266.727 2 440.935 -250
1183 424.978 266.727 2 448.567 -250
1184 434.978 266.727 2 456.29 -250
1185 444.978 266.727 2 464.1 -250
1186 454.978 266.727 2 471.993 -250
1187 464.978 266.727 2 479.965 -250
1188 474.978 266.727 2 488.011 -144.13
1189 484.978 266.727 2 496.128 -143.802
1190 84.9784 276.727 2 297.322 -88.7124
1191 94.9784 276.727 2 297.639 -88.1207
1192 104.978 276.727 2 298.291 -86.5747
1193 114.978 276.727 2 299.276 -113.539
1194 124.978 276.727 2 300.59 -95.8402
1195 134.978 276.727 2 302.23 -250
1196 144.978 276.727 2 304.19 -250
1197 154.978 276.727 2 306.464 -250
1198 164.978 276.727 2 309.044 -250
1199 174.978 276.727 2 311.925 -95.882
1200 184.978 276.727 2 315.096 -99.9156
1201 194.978 276.727 2 318.55 -92.8157
1202 204.978 276.727 2 322.277 -90.7627
1203 214.978 276.727 2 326.268 -92.3843
1204 224.978 276.727 2 330.514 -94.2346
1205 234.978 276.727 2 335.004 -86.5826
1206 244.978 276.727 2 339.73 -250
1207 254.978 276.727 2 344.681 -250
1208 264.978 276.727 2 349.848 -250
1209 274.978 276.727 2 355.221 -130.825
1210 284.978 276.727 2 360.791 -92.8494
1211 294.978 276.727 2 366.55 -250
1212 304.978 276.727 2 372.488 -250
1213 314.978 276.727 2 378.597 -250
1214 324.978 276.727 2 384.869 -250
1215 334.978 276.727 2 391.296 -250
1216 344.978 276.727 2 397.871 -250
1217 354.978 276.727 2 404.586 -250
1218 364.978 276.727 2 411.434 -250
1219 374.978 276.727 2 418.41 -250
1220 384.978 276.727 2 425.506 -250
1221 394.978 276.727 2 432.717 -250
1222 404.978 276.727 2 440.036 -250
1223 414.978 276.727 2 447.46 -250
1224 424.978 276.727 2 454.982 -250
1225 434.978 276.727 2 462.599 -250
1226 444.978 276.727 2 470.304 -250
1227 454.978 276.727 2 478.095 -250
1228 464.978 276.727 2 485.966 -250
1229 474.978 276.727 2 493.914 -135.515
1230 484.978 276.727 2 501.936 -140.175
1231 84.9784 286.727 2 307.242 -90.2743
1232 94.9784 286.727 2 307.549 -89.9934
1233 104.978 286.727 2 308.18 -90.6953
1234 114.978 286.727 2 309.133 -92.2262
1235 124.978 286.727 2 310.406 -97.485
1236 134.978 286.727 2 311.994 -250
1237 144.978 286.727 2 313.893 -250
1238 154.978 286.727 2 316.097 -250
1239 164.978 286.727 2 318.599 -250
1240 174.978 286.727 2 321.394 -100.269
1241 184.978 286.727 2 324.473 -89.9639
1242 194.978 286.727 2 327.828 -92.6484
1243 204.978 286.727 2 331.451 -93.0369
1244 214.978 286.727 2 335.333 -89.8393
1245 224.978 286.727 2 339.465 -88.9247
1246 234.978 286.727 2 343.838 -84.8922
1247 244.978 286.727 2 348.444 -250
1248 254.978 286.727 2 353.273 -250
1249 264.978 286.727 2 358.316 -250
1250 274.978 286.727 2 363.564 -115.266
1251 284.978 286.727 2 369.009 -94.7699
1252 294.978 286.727 2 374.641 -250
1253 304.978 286.727 2 380.453 -250
1254 314.978 286.727 2 386.436 -250
1255 324.978 286.727 2 392.583 -250
1256 334.978 286.727 2 398.886 -250
1257 344.978 286.727 2 405.337 -250
1258 354.978 286.727 2 411.93 -250
1259 364.978 286.727 2 418.659 -250
1260 374.978 286.727 2 425.516 -250
1261 384.978 286.727 2 432.495 -250
1262 394.978 286.727 2 439.591 -250
1263 404.978 286.727 2 446.799 -250
1264 414.978 286.727 2 454.112 -250
1265 424.978 286.727 2 461.526 -250
1266 434.978 286.727 2 469.036 -250
1267 444.978 286.727 2 476.637 -250
1268 454.978 286.727 2 484.326 -250
1269 464.978 286.727 2 492.098 -250
1270 474.978 286.727 2 499.948 -132.65
1271 484.978 286.727 2 507.875 -136.819
1272 84.9784 296.727 2 317.167 -93.4115
1273 94.9784 296.727 2 317.464 -92.861
1274 104.978 296.727 2 318.075 -94.6684
1275 114.978 296.727 2 318.999 -106.793
1276 124.978 296.727 2 320.232 -106.821
1277 134.978 296.727 2 321.772 -250
1278 144.978 296.727 2 323.613 -250
1279 154.978 296.727 2 325.752 -250
1280 164.978 296.727 2 328.181 -250
1281 174.978 296.727 2 330.894 -103.729
1282 184.978 296.727 2 333.885 -96.0991
1283 194.978 296.727 2 337.147 -92.9189
1284 204.978 296.727 2 340.671 -89.1987
1285 214.978 296.727 2 344.449 -90.0818
1286 224.978 296.727 2 348.473 -87.7586
1287 234.978 296.727 2 352.735 -87.0893
1288 244.978 296.727 2 357.226 -250
1289 254.978 296.727 2 361.938 -250
1290 264.978 296.727 2 366.861 -250
1291 274.978 296.727 2 371.989 -92.2519
1292 284.978 296.727 2 377.312 -95.5756
1293 294.978 296.727 2 382.822 -250
1294 304.978 296.727 2 388.512 -250
1295 314.978 296.727 2 394.373 -250
1296 324.978 296.727 2 400.398 -129.081
1297 334.978 296.727 2 406.579 -147.928
1298 344.978 296.727 2 412.911 -141.722
1299 354.978 296.727 2 419.385 -116.871
1300 364.978 296.727 2 425.996 -113.5
1301 374.978 296.727 2 432.736 -131.403
1302 384.978 296.727 2 439.601 -151.333
1303 394.978 296.727 2 446.584 -143.365
1304 404.978 296.727 2 453.681 -153.75
1305 414.978 296.727 2 460.885 -151.406
1306 424.978 296.727 2 468.191 -151.883
1307 434.978 296.727 2 475.596 -250
1308 444.978 296.727 2 483.094 -250
1309 454.978 296.727 2 490.682 -250
1310 464.978 296.727 2 498.354 -250
1311 474.978 296.727 2 506.108 -134.173
1312 484.978 296.727 2 513.94 -138.997
1313 84.9784 306.727 2 327.096 -93.3987
1314 94.9784 306.727 2 327.384 -90.0578
1315 104.978 306.727 2 327.977 -94.7118
1316 114.978 306.727 2 328.873 -104.188
1317 124.978 306.727 2 330.069 -97.4099
1318 134.978 306.727 2 331.563 -250
1319 144.978 306.727 2 333.351 -250
1320 154.978 306.727 2 335.427 -250
1321 164.978 306.727 2 337.786 -250
1322 174.978 306.727 2 340.423 -105.09
1323 184.978 306.727 2 343.332 -97.3864
1324 194.978 306.727 2 346.504 -89.4354
1325 204.978 306.727 2 349.934 -89.0372
1326 214.978 306.727 2 353.613 -92.9037
1327 224.978 306.727 2 357.534 -96.5803
1328 234.978 306.727 2 361.689 -84.1126
1329 244.978 306.727 2 366.07 -250
1330 254.978 306.727 2 370.67 -250
1331 264.978 306.727 2 375.479 -250
1332 274.978 306.727 2 380.49 -100.814
1333 284.978 306.727 2 385.696 -106.989
1334 294.978 306.727 2 391.088 -250
1335 304.978 306.727 2 396.659 -250
1336 314.978 306.727 2 402.401 -250
1337 324.978 306.727 2 408.308 -137.35
1338 334.978 306.727 2 414.372 -250
1339 344.978 306.727 2 420.586 -250
1340 354.978 306.727 2 426.943 -250
1341 364.978 306.727 2 433.439 -111.684
1342 374.978 306.727 2 440.066 -250
1343 384.978 306.727 2 446.818 -250
1344 394.978 306.727 2 453.69 -250
1345 404.978 306.727 2 460.677 -250
1346 414.978 306.727 2 467.773 -250
1347 424.978 306.727 2 474.974 -250
1348 434.978 306.727 2 482.274 -250
1349 444.978 306.727 2 489.67 -250
1350 454.978 306.727 2 497.157 -250
1351 464.978 306.727 2 504.732 -250
1352 474.978 306.727 2 512.389 -137.797
1353 484.978 306.727 2 520.126 -132.896
1354 84.9784 316.727 2 337.029 -90.5319
1355 94.9784 316.727 2 337.309 -90.1696
1356 104.978 316.727 2 337.884 -92.798
1357 114.978 316.727 2 338.754 -95.4242
1358 124.978 316.727 2 339.916 -104.34
1359 134.978 316.727 2 341.367 -250
1360 144.978 316.727 2 343.103 -250
1361 154.978 316.727 2 345.12 -250
1362 164.978 316.727 2 347.414 -250
1363 174.978 316.727 2 349.979 -102.852
1364 184.978 316.727 2 352.808 -98.0235
1365 194.978 316.727 2 355.896 -89.7082
1366 204.978 316.727 2 359.236 -87.7323
1367 214.978 316.727 2 362.821 -86.4378
1368 224.978 316.727 2 366.644 -91.3869
1369 234.978 316.727 2 370.697 -84.3425
1370 244.978 316.727 2 374.973 -250
1371 254.978 316.727 2 379.464 -250
1372 264.978 316.727 2 384.163 -250
1373 274.978 316.727 2 389.063 -102.027
1374 284.978 316.727 2 394.155 -105.547
1375 294.978 316.727 2 399.433 -250
1376 304.978 316.727 2 404.889 -250
1377 314.978 316.727 2 410.517 -250
1378 324.978 316.727 2 416.308 -104.397
1379 334.978 316.727 2 422.257 -250
1380 344.978 316.727 2 428.356 -250
1381 354.978 316.727 2 434.601 -250
1382 364.978 316.727 2 440.983 -108.217
1383 374.978 316.727 2 447.498 -250
1384 384.978 316.727 2 454.14 -250
1385 394.978 316.727 2 460.903 -250
1386 404.978 316.727 2 467.782 -250
1387 414.978 316.727 2 474.772 -250
1388 424.978 316.727 2 481.868 -250
1389 434.978 316.727 2 489.066 -250
1390 444.978 316.727 2 496.361 -250
1391 454.978 316.727 2 503.749 -250
1392 464.978 316.727 2 511.225 -250
1393 474.978 316.727 2 518.787 -146.181
1394 484.978 316.727 2 526.429 -133.745
1395 84.9784 326.727 2 346.966 -90.0719
1396 94.9784 326.727 2 347.238 -92.8821
1397 104.978 326.727 2 347.797 -90.341
1398 114.978 326.727 2 348.642 -96.2751
1399 124.978 326.727 2 349.771 -108.048
1400 134.978 326.727 2 351.181 -113.624
1401 144.978 326.727 2 352.869 -113.898
1402 154.978 326.727 2 354.831 -118.099
1403 164.978 326.727 2 357.062 -106.593
1404 174.978 326.727 2 359.558 -102.853
1405 184.978 326.727 2 362.313 -104.057
1406 194.978 326.727 2 365.32 -104.766
1407 204.978 326.727 2 368.575 -91.4227
1408 214.978 326.727 2 372.07 -85.4454
1409 224.978 326.727 2 375.798 -84.698
1410 234.978 326.727 2 379.754 -84.5491
1411 244.978 326.727 2 383.929 -105.886
1412 254.978 326.727 2 388.317 -101.958
1413 264.978 326.727 2 392.91 -128.804
1414 274.978 326.727 2 397.702 -112.874
1415 284.978 326.727 2 402.685 -108.101
1416 294.978 326.727 2 407.853 -107.108
1417 304.978 326.727 2 413.198 -117.615
1418 314.978 326.727 2 418.713 -113.553
1419 324.978 326.727 2 424.393 -118.063
1420 334.978 326.727 2 430.23 -102.472
1421 344.978 326.727 2 436.218 -108.534
1422 354.978 326.727 2 442.351 -99.0614
1423 364.978 326.727 2 448.624 -112.542
1424 374.978 326.727 2 455.029 -103.238
1425 384.978 326.727 2 461.563 -103.285
1426 394.978 326.727 2 468.219 -110.277
1427 404.978 326.727 2 474.992 -112.98
1428 414.978 326.727 2 481.877 -123.946
1429 424.978 326.727 2 488.87 -120.063
1430 434.978 326.727 2 495.966 -132.858
1431 444.978 326.727 2 503.161 -128.327
1432 454.978 326.727 2 510.45 -137.124
1433 464.978 326.727 2 517.83 -141.118
1434 474.978 326.727 2 525.297 -130.763
1435 484.978 326.727 2 532.846 -136.217
1436 84.9784 336.727 2 356.907 -89.3074
1437 94.9784 336.727 2 357.171 -85.0767
1438 104.978 336.727 2 357.715 -89.0176
1439 114.978 336.727 2 358.536 -96.5253
1440 124.978 336.727 2 359.634 -100.699
1441 134.978 336.727 2 361.006 -107.707
1442 144.978 336.727 2 362.648 -111.948
1443 154.978 336.727 2 364.557 -112.525
1444 164.978 336.727 2 366.73 -118.394
1445 174.978 336.727 2 369.16 -120.194
1446 184.978 336.727 2 371.843 -109.493
1447 194.978 336.727 2 374.775 -100.5
1448 204.978 336.727 2 377.948 -87.2258
1449 214.978 336.727 2 381.357 -85.3476
1450 224.978 336.727 2 384.995 -96.8214
1451 234.978 336.727 2 388.857 -88.8419
1452 244.978 336.727 2 392.936 -87.6403
1453 254.978 336.727 2 397.224 -109.605
1454 264.978 336.727 2 401.716 -103.908
1455 274.978 336.727 2 406.404 -115.051
1456 284.978 336.727 2 411.281 -109.266
1457 294.978 336.727 2 416.342 -105.02
1458 304.978 336.727 2 421.58 -115.351
1459 314.978 336.727 2 426.987 -116.913
1460 324.978 336.727 2 432.558 -113.854
1461 334.978 336.727 2 438.286 -104.652
1462 344.978 336.727 2 444.166 -101.745
1463 354.978 336.727 2 450.191 -100.117
1464 364.978 336.727 2 456.355 -100.899
1465 374.978 336.727 2 462.654 -97.8314
1466 384.978 336.727 2 469.081 -100.971
1467 394.978 336.727 2 475.632 -107.907
1468 404.978 336.727 2 482.301 -108.096
1469 414.978 336.727 2 489.083 -127.485
1470 424.978 336.727 2 495.975 -121.512
1471 434.978 336.727 2 502.971 -125.407
1472 444.978 336.727 2 510.067 -122.524
1473 454.978 336.727 2 517.259 -122.565
1474 464.978 336.727 2 524.543 -143.564
1475 474.978 336.727 2 531.915 -132.629
1476 484.978 336.727 2 539.372 -122.007
1477 84.9784 346.727 2 366.851 -88.126
1478 94.9784 346.727 2 367.108 -87.3349
1479 104.978 346.727 2 367.637 -89.2104
1480 114.978 346.727 2 368.436 -250
1481 124.978 346.727 2 369.505 -250
1482 134.978 346.727 2 370.84 -250
1483 144.978 346.727 2 372.439 -250
1484 154.978 346.727 2 374.298 -250
1485 164.978 346.727 2 376.414 -250
1486 174.978 346.727 2 378.782 -250
1487 184.978 346.727 2 381.398 -101.944
1488 194.978 346.727 2 384.257 -100.396
1489 204.978 346.727 2 387.352 -88.8945
1490 214.978 346.727 2 390.679 -89.8183
1491 224.978 346.727 2 394.232 -87.266
1492 234.978 346.727 2 398.004 -92.6026
1493 244.978 346.727 2 401.989 -250
1494 254.978 346.727 2 406.182 -250
1495 264.978 346.727 2 410.576 -250
1496 274.978 346.727 2 415.164 -109.248
1497 284.978 346.727 2 419.94 -131.157
1498 294.978 346.727 2 424.898 -112.048
1499 304.978 346.727 2 430.031 -101.114
1500 314.978 346.727 2 435.333 -114.419
1501 324.978 346.727 2 440.799 -108.543
1502 334.978 346.727 2 446.421 -117.62
1503 344.978 346.727 2 452.195 -106.26
1504 354.978 346.727 2 458.114 -107.705
1505 364.978 346.727 2 464.174 -127.405
1506 374.978 346.727 2 470.368 -99.9509
1507 384.978 346.727 2 476.691 -250
1508 394.978 346.727 2 483.138 -250
1509 404.978 346.727 2 489.705 -250
1510 414.978 346.727 2 496.387 -250
1511 424.978 346.727 2 503.178 -250
1512 434.978 346.727 2 510.075 -250
1513 444.978 346.727 2 517.074 -129.184
1514 454.978 346.727 2 524.169 -250
1515 464.978 346.727 2 531.359 -250
1516 474.978 346.727 2 538.638 -132.702
1517 484.978 346.727 2 546.003 -132.144
1518 84.9784 356.727 2 376.798 -89.1086
1519 94.9784 356.727 2 377.048 -89.8521
1520 104.978 356.727 2 377.563 -250
1521 114.978 356.727 2 378.341 -250
1522 124.978 356.727 2 379.382 -250
1523 134.978 356.727 2 380.683 -250
1524 144.978 356.727 2 382.24 -250
1525 154.978 356.727 2 384.052 -250
1526 164.978 356.727 2 386.115 -250
1527 174.978 356.727 2 388.424 -250
1528 184.978 356.727 2 390.975 -97.7704
1529 194.978 356.727 2 393.764 -107.226
1530 204.978 356.727 2 396.785 -105.743
1531 214.978 356.727 2 400.034 -94.505
1532 224.978 356.727 2 403.504 -96.9511
1533 234.978 356.727 2 407.19 -95.9115
1534 244.978 356.727 2 411.087 -250
1535 254.978 356.727 2 415.188 -250
1536 264.978 356.727 2 419.487 -250
1537 274.978 356.727 2 423.979 -121.273
1538 284.978 356.727 2 428.657 -112.994
1539 294.978 356.727 2 433.515 -117.108
1540 304.978 356.727 2 438.547 -99.4519
1541 314.978 356.727 2 443.748 -101.147
1542 324.978 356.727 2 449.111 -109.574
1543 334.978 356.727 2 454.63 -107.584
1544 344.978 356.727 2 460.301 -123.849
1545 354.978 356.727 2 466.118 -110.352
1546 364.978 356.727 2 472.074 -103.347
1547 374.978 356.727 2 478.166 -107.438
1548 384.978 356.727 2 484.388 -99.6778
1549 394.978 356.727 2 490.734 -250
1550 404.978 356.727 2 497.2 -250
1551 414.978 356.727 2 503.782 -250
1552 424.978 356.727 2 510.475 -250
1553 434.978 356.727 2 517.275 -250
1554 444.978 356.727 2 524.178 -137.869
1555 454.978 356.727 2 531.179 -250
1556 464.978 356.727 2 538.274 -250
1557 474.978 356.727 2 545.461 -141.557
1558 484.978 356.727 2 552.735 -133.637
1559 84.9784 366.727 2 386.748 -90.0695
1560 94.9784 366.727 2 386.991 -93.5005
1561 104.978 366.727 2 387.493 -250
1562 114.978 366.727 2 388.252 -250
1563 124.978 366.727 2 389.266 -250
1564 134.978 366.727 2 390.533 -250
1565 144.978 366.727 2 392.052 -250
1566 154.978 366.727 2 393.819 -250
1567 164.978 366.727 2 395.83 -250
1568 174.978 366.727 2 398.083 -250
1569 184.978 366.727 2 400.573 -133.303
1570 194.978 366.727 2 403.295 -250
1571 204.978 366.727 2 406.246 -250
1572 214.978 366.727 2 409.419 -250
1573 224.978 366.727 2 412.811 -250
1574 234.978 366.727 2 416.415 -250
1575 244.978 366.727 2 420.226 -250
1576 254.978 366.727 2 424.238 -250
1577 264.978 366.727 2 428.447 -250
1578 274.978 366.727 2 432.845 -112.033
1579 284.978 366.727 2 437.428 -113.126
1580 294.978 366.727 2 442.19 -120.965
1581 304.978 366.727 2 447.125 -112.743
1582 314.978 366.727 2 452.227 -101.288
1583 324.978 366.727 2 457.49 -98.2404
1584 334.978 366.727 2 462.91 -115.972
1585 344.978 366.727 2 468.481 -116.495
1586 354.978 366.727 2 474.197 -104.283
1587 364.978 366.727 2 480.053 -115.83
1588 374.978 366.727 2 486.045 -105.605
1589 384.978 366.727 2 492.167 -110.065
1590 394.978 366.727 2 498.414 -250
1591 404.978 366.727 2 504.782 -250
1592 414.978 366.727 2 511.267 -250
1593 424.978 366.727 2 517.863 -250
1594 434.978 366.727 2 524.567 -250
1595 444.978 366.727 2 531.375 -139.1
1596 454.978 366.727 2 538.282 -250
1597 464.978 366.727 2 545.285 -250
1598 474.978 366.727 2 552.381 -139.411
1599 484.978 366.727 2 559.565 -129.994
1600 84.9784 376.727 2 396.7 -91.6227
1601 94.9784 376.727 2 396.937 -91.4813
1602 104.978 376.727 2 397.426 -250
1603 114.978 376.727 2 398.166 -250
1604 124.978 376.727 2 399.155 -250
1605 134.978 376.727 2 400.391 -250
1606 144.978 376.727 2 401.873 -250
1607 154.978 376.727 2 403.597 -250
1608 164.978 376.727 2 405.56 -250
1609 174.978 376.727 2 407.759 -250
1610 184.978 376.727 2 410.19 -114.775
1611 194.978 376.727 2 412.849 -250
1612 204.978 376.727 2 415.731 -250
1613 214.978 376.727 2 418.833 -250
1614 224.978 376.727 2 422.149 -250
1615 234.978 376.727 2 425.674 -250
1616 244.978 376.727 2 429.403 -250
1617 254.978 376.727 2 433.33 -250
1618 264.978 376.727 2 437.451 -250
1619 274.978 376.727 2 441.76 -115.983
1620 284.978 376.727 2 446.252 -117.196
1621 294.978 376.727 2 450.92 -110.535
1622 304.978 376.727 2 455.76 -119.022
1623 314.978 376.727 2 460.767 -99.3756
1624 324.978 376.727 2 465.934 -98.9988
1625 334.978 376.727 2 471.257 -108.64
1626 344.978 376.727 2 476.73 -116.496
1627 354.978 376.727 2 482.348 -110.046
1628 364.978 376.727 2 488.107 -103.234
1629 374.978 376.727 2 494.001 -104.851
1630 384.978 376.727 2 500.025 -250
1631 394.978 376.727 2 506.176 -250
1632 404.978 376.727 2 512.447 -250
1633 414.978 376.727 2 518.836 -250
1634 424.978 376.727 2 525.337 -250
1635 434.978 376.727 2 531.947 -250
1636 444.978 376.727 2 538.661 -250
1637 454.978 376.727 2 545.477 -250
1638 464.978 376.727 2 552.389 -250
1639 474.978 376.727 2 559.394 -135.903
1640 484.978 376.727 2 566.489 -129.081
1641 84.9784 386.727 2 406.654 -92.5075
1642 94.9784 386.727 2 406.886 -92.697
1643 104.978 386.727 2 407.363 -117.853
1644 114.978 386.727 2 408.085 -250
1645 124.978 386.727 2 409.05 -250
1646 134.978 386.727 2 410.256 -250
1647 144.978 386.727 2 411.702 -250
1648 154.978 386.727 2 413.385 -250
1649 164.978 386.727 2 415.302 -250
1650 174.978 386.727 2 417.45 -250
1651 184.978 386.727 2 419.825 -108.059
1652 194.978 386.727 2 422.423 -250
1653 204.978 386.727 2 425.241 -250
1654 214.978 386.727 2 428.273 -250
1655 224.978 386.727 2 431.517 -250
1656 234.978 386.727 2 434.966 -250
1657 244.978 386.727 2 438.616 -250
1658 254.978 386.727 2 442.461 -250
1659 264.978 386.727 2 446.498 -250
1660 274.978 386.727 2 450.721 -114.571
1661 284.978 386.727 2 455.124 -112.538
1662 294.978 386.727 2 459.702 -114.287
1663 304.978 386.727 2 464.451 -107.06
1664 314.978 386.727 2 469.364 -121.45
1665 324.978 386.727 2 474.438 -101.126
1666 334.978 386.727 2 479.666 -99.2689
1667 344.978 386.727 2 485.045 -108.794
1668 354.978 386.727 2 490.568 -107.322
1669 364.978 386.727 2 496.231 -103.731
1670 374.978 386.727 2 502.03 -105.809
1671 384.978 386.727 2 507.959 -250
1672 394.978 386.727 2 514.014 -250
1673 404.978 386.727 2 520.192 -250
1674 414.978 386.727 2 526.486 -250
1675 424.978 386.727 2 532.894 -250
1676 434.978 386.727 2 539.411 -250
1677 444.978 386.727 2 546.034 -250
1678 454.978 386.727 2 552.758 -250
1679 464.978 386.727 2 559.58 -250
1680 474.978 386.727 2 566.497 -135.973
1681 484.978 386.727 2 573.504 -127.989
1682 84.9784 396.727 2 416.611 -99.6995
1683 94.9784 396.727 2 416.837 -94.7102
1684 104.978 396.727 2 417.303 -114.487
1685 114.978 396.727 2 418.008 -121.486
1686 124.978 396.727 2 418.95 -126.325
1687 134.978 396.727 2 420.128 -131.179
1688 144.978 396.727 2 421.54 -147.909
1689 154.978 396.727 2 423.183 -127.922
1690 164.978 396.727 2 425.056 -130.186
1691 174.978 396.727 2 427.155 -132.054
1692 184.978 396.727 2 429.476 -130.187
1693 194.978 396.727 2 432.016 -130.729
1694 204.978 396.727 2 434.772 -138.993
1695 214.978 396.727 2 437.739 -131.097
1696 224.978 396.727 2 440.912 -104.675
1697 234.978 396.727 2 444.288 -96.7383
1698 244.978 396.727 2 447.862 -250
1699 254.978 396.727 2 451.629 -250
1700 264.978 396.727 2 455.585 -250
1701 274.978 396.727 2 459.724 -113.428
1702 284.978 396.727 2 464.041 -113.114
1703 294.978 396.727 2 468.533 -116.588
1704 304.978 396.727 2 473.193 -116.982
1705 314.978 396.727 2 478.017 -108.436
1706 324.978 396.727 2 482.999 -110.127
1707 334.978 396.727 2 488.136 -96.2801
1708 344.978 396.727 2 493.422 -96.703
1709 354.978 396.727 2 498.853 -113.037
1710 364.978 396.727 2 504.423 -101.533
1711 374.978 396.727 2 510.128 -105.269
1712 384.978 396.727 2 515.964 -250
1713 394.978 396.727 2 521.927 -250
1714 404.978 396.727 2 528.012 -250
1715 414.978 396.727 2 534.214 -250
1716 424.978 396.727 2 540.531 -250
1717 434.978 396.727 2 546.957 -250
1718 444.978 396.727 2 553.489 -250
1719 454.978 396.727 2 560.124 -250
1720 464.978 396.727 2 566.857 -250
1721 474.978 396.727 2 573.686 -128.928
1722 484.978 396.727 2 580.607 -147.488
1723 84.9784 406.727 2 426.57 -95.2362
1724 94.9784 406.727 2 426.791 -97.0146
1725 104.978 406.727 2 427.246 -113.238
1726 114.978 406.727 2 427.934 -122.826
1727 124.978 406.727 2 428.854 -137.354
1728 134.978 406.727 2 430.005 -131.381
1729 144.978 406.727 2 431.385 -134.792
1730 154.978 406.727 2 432.991 -121.577
1731 164.978 406.727 2 434.822 -114.837
1732 174.978 406.727 2 436.873 -112.777
1733 184.978 406.727 2 439.143 -124.981
1734 194.978 406.727 2 441.628 -112.18
1735 204.978 406.727 2 444.324 -133.368
1736 214.978 406.727 2 447.227 -114.273
1737 224.978 406.727 2 450.334 -135.067
1738 234.978 406.727 2 453.64 -99.3092
1739 244.978 406.727 2 457.141 -98.5079
1740 254.978 406.727 2 460.832 -103.139
1741 264.978 406.727 2 464.709 -110.112
1742 274.978 406.727 2 468.768 -126.427
1743 284.978 406.727 2 473.003 -111.325
1744 294.978 406.727 2 477.41 -113.578
1745 304.978 406.727 2 481.984 -113.388
1746 314.978 406.727 2 486.721 -108.191
1747 324.978 406.727 2 491.615 -109.884
1748 334.978 406.727 2 496.663 -102.531
1749 344.978 406.727 2 501.859 -96.5512
1750 354.978 406.727 2 507.199 -107.796
1751 364.978 406.727 2 512.679 -100.507
1752 374.978 406.727 2 518.293 -107.316
1753 384.978 406.727 2 524.039 -112.644
1754 394.978 406.727 2 529.91 -115.522
1755 404.978 406.727 2 535.904 -115.35
1756 414.978 406.727 2 542.016 -112.379
1757 424.978 406.727 2 548.243 -115.584
1758 434.978 406.727 2 554.58 -127.162
1759 444.978 406.727 2 561.023 -120.656
1760 454.978 406.727 2 567.57 -119.278
1761 464.978 406.727 2 574.216 -132.571
1762 474.978 406.727 2 580.958 -132.229
1763 484.978 406.727 2 587.793 -127.635
1764 84.9784 416.727 2 436.531 -97.6522
1765 94.9784 416.727 2 436.746 -99.0728
1766 104.978 416.727 2 437.191 -107.653
1767 114.978 416.727 2 437.863 -250
1768 124.978 416.727 2 438.763 -250
1769 134.978 416.727 2 439.888 -250
1770 144.978 416.727 2 441.237 -250
1771 154.978 416.727 2 442.807 -132.583
1772 164.978 416.727 2 444.597 -124.102
1773 174.978 416.727 2 446.604 -116.873
1774 184.978 416.727 2 448.825 -126.842
1775 194.978 416.727 2 451.256 -127.381
1776 204.978 416.727 2 453.895 -132.748
1777 214.978 416.727 2 456.738 -132.646
1778 224.978 416.727 2 459.78 -112.594
1779 234.978 416.727 2 463.019 -100.251
1780 244.978 416.727 2 466.449 -116.186
1781 254.978 416.727 2 470.067 -104.735
1782 264.978 416.727 2 473.869 -127.538
1783 274.978 416.727 2 477.849 -114.893
1784 284.978 416.727 2 482.005 -110.692
1785 294.978 416.727 2 486.33 -140.106
1786 304.978 416.727 2 490.821 -126.826
1787 314.978 416.727 2 495.474 -116.948
1788 324.978 416.727 2 500.282 -115.105
1789 334.978 416.727 2 505.243 -115.802
1790 344.978 416.727 2 510.352 -92.9241
1791 354.978 416.727 2 515.604 -97.4791
1792 364.978 416.727 2 520.996 -100.271
1793 374.978 416.727 2 526.521 -103.982
1794 384.978 416.727 2 532.178 -111.511
1795 394.978 416.727 2 537.961 -112.151
1796 404.978 416.727 2 543.866 -107.575
1797 414.978 416.727 2 549.89 -113.384
1798 424.978 416.727 2 556.028 -125.329
1799 434.978 416.727 2 562.277 -122.916
1800 444.978 416.727 2 568.634 -129.749
1801 454.978 416.727 2 575.094 -125.761
1802 464.978 416.727 2 581.654 -130.798
1803 474.978 416.727 2 588.311 -134.862
1804 484.978 416.727 2 595.062 -130.958
1805 84.9784 426.727 2 446.493 -95.1939
1806 94.9784 426.727 2 446.704 -94.4016
1807 104.978 426.727 2 447.139 -105.143
1808 114.978 426.727 2 447.796 -250
1809 124.978 426.727 2 448.676 -250
1810 134.978 426.727 2 449.776 -250
1811 144.978 426.727 2 451.095 -250
1812 154.978 426.727 2 452.632 -123.407
1813 164.978 426.727 2 454.383 -250
1814 174.978 426.727 2 456.347 -250
1815 184.978 426.727 2 458.52 -250
1816 194.978 426.727 2 460.9 -250
1817 204.978 426.727 2 463.484 -250
1818 214.978 426.727 2 466.268 -250
1819 224.978 426.727 2 469.249 -96.4487
1820 234.978 426.727 2 472.423 -250
1821 244.978 426.727 2 475.785 -250
1822 254.978 426.727 2 479.333 -250
1823 264.978 426.727 2 483.062 -250
1824 274.978 426.727 2 486.967 -117.041
1825 284.978 426.727 2 491.045 -114.441
1826 294.978 426.727 2 495.292 -120.624
1827 304.978 426.727 2 499.702 -250
1828 314.978 426.727 2 504.273 -250
1829 324.978 426.727 2 508.999 -250
1830 334.978 426.727 2 513.875 -250
1831 344.978 426.727 2 518.899 -250
1832 354.978 426.727 2 524.066 -250
1833 364.978 426.727 2 529.371 -250
1834 374.978 426.727 2 534.81 -250
1835 384.978 426.727 2 540.38 -250
1836 394.978 426.727 2 546.076 -250
1837 404.978 426.727 2 551.894 -250
1838 414.978 426.727 2 557.831 -250
1839 424.978 426.727 2 563.883 -250
1840 434.978 426.727 2 570.046 -250
1841 444.978 426.727 2 576.317 -250
1842 454.978 426.727 2 582.692 -250
1843 464.978 426.727 2 589.167 -145.408
1844 474.978 426.727 2 595.74 -129.837
1845 484.978 426.727 2 602.408 -250
1846 84.9784 436.727 2 456.457 -93.2059
1847 94.9784 436.727 2 456.663 -91.7995
1848 104.978 436.727 2 457.089 -99.2731
1849 114.978 436.727 2 457.732 -250
1850 124.978 436.727 2 458.592 -250
1851 134.978 436.727 2 459.669 -250
1852 144.978 436.727 2 460.96 -250
1853 154.978 436.727 2 462.463 -130.282
1854 164.978 436.727 2 464.178 -250
1855 174.978 436.727 2 466.1 -250
1856 184.978 436.727 2 468.228 -250
1857 194.978 436.727 2 470.56 -250
1858 204.978 436.727 2 473.091 -250
1859 214.978 436.727 2 475.818 -250
1860 224.978 436.727 2 478.74 -99.7912
1861 234.978 436.727 2 481.851 -250
1862 244.978 436.727 2 485.148 -250
1863 254.978 436.727 2 488.628 -250
1864 264.978 436.727 2 492.286 -250
1865 274.978 436.727 2 496.119 -112.866
1866 284.978 436.727 2 500.123 -110.757
1867 294.978 436.727 2 504.293 -122.807
1868 304.978 436.727 2 508.625 -250
1869 314.978 436.727 2 513.116 -250
1870 324.978 436.727 2 517.761 -250
1871 334.978 436.727 2 522.556 -250
1872 344.978 436.727 2 527.497 -250
1873 354.978 436.727 2 532.58 -250
1874 364.978 436.727 2 537.801 -250
1875 374.978 436.727 2 543.156 -250
1876 384.978 436.727 2 548.641 -250
1877 394.978 436.727 2 554.253 -250
1878 404.978 436.727 2 559.986 -250
1879 414.978 436.727 2 565.838 -250
1880 424.978 436.727 2 571.805 -250
1881 434.978 436.727 2 577.884 -250
1882 444.978 436.727 2 584.07 -250
1883 454.978 436.727 2 590.362 -250
1884 464.978 436.727 2 596.754 -144.306
1885 474.978 436.727 2 603.244 -126.671
1886 484.978 436.727 2 609.83 -250
1887 84.9784 446.727 2 466.423 -93.1625
1888 94.9784 446.727 2 466.625 -94.6905
1889 104.978 446.727 2 467.041 -97.1583
1890 114.978 446.727 2 467.67 -250
1891 124.978 446.727 2 468.512 -250
1892 134.978 446.727 2 469.566 -250
1893 144.978 446.727 2 470.83 -250
1894 154.978 446.727 2 472.302 -144.191
1895 164.978 446.727 2 473.981 -250
1896 174.978 446.727 2 475.864 -250
1897 184.978 446.727 2 477.949 -250
1898 194.978 446.727 2 480.233 -250
1899 204.978 446.727 2 482.713 -250
1900 214.978 446.727 2 485.387 -250
1901 224.978 446.727 2 488.251 -96.0985
1902 234.978 446.727 2 491.302 -250
1903 244.978 446.727 2 494.536 -250
1904 254.978 446.727 2 497.95 -250
1905 264.978 446.727 2 501.54 -250
1906 274.978 446.727 2 505.303 -114.09
1907 284.978 446.727 2 509.234 -119.255
1908 294.978 446.727 2 513.33 -108.565
1909 304.978 446.727 2 517.587 -250
1910 314.978 446.727 2 522.001 -250
1911 324.978 446.727 2 526.568 -250
1912 334.978 446.727 2 531.283 -250
1913 344.978 446.727 2 536.144 -250
1914 354.978 446.727 2 541.146 -250
1915 364.978 446.727 2 546.285 -250
1916 374.978 446.727 2 551.558 -250
1917 384.978 446.727 2 556.96 -250
1918 394.978 446.727 2 562.488 -250
1919 404.978 446.727 2 568.139 -250
1920 414.978 446.727 2 573.908 -250
1921 424.978 446.727 2 579.792 -250
1922 434.978 446.727 2 585.787 -250
1923 444.978 446.727 2 591.891 -250
1924 454.978 446.727 2 598.1 -250
1925 464.978 446.727 2 604.411 -144.717
1926 474.978 446.727 2 610.82 -138.661
1927 484.978 446.727 2 617.324 -250
1928 84.9784 456.727 2 476.39 -92.0811
1929 94.9784 456.727 2 476.587 -94.57
1930 104.978 456.727 2 476.995 -91.7096
1931 114.978 456.727 2 477.611 -250
1932 124.978 456.727 2 478.436 -250
1933 134.978 456.727 2 479.468 -250
1934 144.978 456.727 2 480.706 -250
1935 154.978 456.727 2 482.148 -118.705
1936 164.978 456.727 2 483.792 -250
1937 174.978 456.727 2 485.637 -250
1938 184.978 456.727 2 487.68 -250
1939 194.978 456.727 2 489.919 -250
1940 204.978 456.727 2 492.35 -250
1941 214.978 456.727 2 494.972 -250
1942 224.978 456.727 2 497.781 -99.4922
1943 234.978 456.727 2 500.774 -250
1944 244.978 456.727 2 503.947 -250
1945 254.978 456.727 2 507.298 -250
1946 264.978 456.727 2 510.823 -250
1947 274.978 456.727 2 514.517 -118.293
1948 284.978 456.727 2 518.379 -107.819
1949 294.978 456.727 2 522.403 -114.364
1950 304.978 456.727 2 526.587 -250
1951 314.978 456.727 2 530.926 -250
1952 324.978 456.727 2 535.416 -250
1953 334.978 456.727 2 540.055 -250
1954 344.978 456.727 2 544.837 -250
1955 354.978 456.727 2 549.76 -250
1956 364.978 456.727 2 554.819 -250
1957 374.978 456.727 2 560.012 -250
1958 384.978 456.727 2 565.333 -250
1959 394.978 456.727 2 570.78 -250
1960 404.978 456.727 2 576.349 -250
1961 414.978 456.727 2 582.037 -250
1962 424.978 456.727 2 587.84 -250
1963 434.978 456.727 2 593.754 -250
1964 444.978 456.727 2 599.777 -250
1965 454.978 456.727 2 605.905 -250
1966 464.978 456.727 2 612.135 -120.633
1967 474.978 456.727 2 618.464 -126.485
1968 484.978 456.727 2 624.889 -250
1969 84.9784 466.727 2 486.358 -90.9502
1970 94.9784 466.727 2 486.552 -90.0183
1971 104.978 466.727 2 486.951 -94.6811
1972 114.978 466.727 2 487.555 -250
1973 124.978 466.727 2 488.362 -250
1974 134.978 466.727 2 489.373 -250
1975 144.978 466.727 2 490.586 -250
1976 154.978 466.727 2 491.999 -128.747
1977 164.978 466.727 2 493.611 -250
1978 174.978 466.727 2 495.419 -250
1979 184.978 466.727 2 497.422 -250
1980 194.978 466.727 2 499.617 -250
1981 204.978 466.727 2 502.002 -250
1982 214.978 466.727 2 504.573 -250
1983 224.978 466.727 2 507.329 -106.896
1984 234.978 466.727 2 510.266 -250
1985 244.978 466.727 2 513.381 -250
1986 254.978 466.727 2 516.67 -250
1987 264.978 466.727 2 520.131 -250
1988 274.978 466.727 2 523.761 -131.574
1989 284.978 466.727 2 527.554 -120.355
1990 294.978 466.727 2 531.509 -110.857
1991 304.978 466.727 2 535.622 -250
1992 314.978 466.727 2 539.888 -250
1993 324.978 466.727 2 544.305 -250
1994 334.978 466.727 2 548.868 -250
1995 344.978 466.727 2 553.574 -250
1996 354.978 466.727 2 558.42 -250
1997 364.978 466.727 2 563.402 -250
1998 374.978 466.727 2 568.516 -250
1999 384.978 466.727 2 573.758 -250
2000 394.978 466.727 2 579.126 -250
2001 404.978 466.727 2 584.616 -250
2002 414.978 466.727 2 590.224 -250
2003 424.978 466.727 2 595.947 -250
2004 434.978 466.727 2 601.781 -250
2005 444.978 466.727 2 607.725 -250
2006 454.978 466.727 2 613.773 -250
2007 464.978 466.727 2 619.924 -125.894
2008 474.978 466.727 2 626.175 -136.366
2009 484.978 466.727 2 632.521 -250
2010 84.9784 476.727 2 496.328 -91.2962
2011 94.9784 476.727 2 496.517 -88.1963
2012 104.978 476.727 2 496.908 -87.8373
2013 114.978 476.727 2 497.5 -120.418
2014 124.978 476.727 2 498.292 -136.212
2015 134.978 476.727 2 499.283 -149.889
2016 144.978 476.727 2 500.472 -132.121
2017 154.978 476.727 2 501.857 -124.014
2018 164.978 476.727 2 503.437 -135.131
2019 174.978 476.727 2 505.21 -139.603
2020 184.978 476.727 2 507.174 -136.904
2021 194.978 476.727 2 509.327 -137.26
2022 204.978 476.727 2 511.667 -138.044
2023 214.978 476.727 2 514.19 -135.945
2024 224.978 476.727 2 516.894 -109.792
2025 234.978 476.727 2 519.777 -97.9673
2026 244.978 476.727 2 522.835 -112.151
2027 254.978 476.727 2 526.066 -110.966
2028 264.978 476.727 2 529.465 -123.735
2029 274.978 476.727 2 533.031 -113.339
2030 284.978 476.727 2 536.759 -114.362
2031 294.978 476.727 2 540.647 -103.519
2032 304.978 476.727 2 544.69 -250
2033 314.978 476.727 2 548.886 -250
2034 324.978 476.727 2 553.231 -250
2035 334.978 476.727 2 557.721 -250
2036 344.978 476.727 2 562.354 -250
2037 354.978 476.727 2 567.124 -250
2038 364.978 476.727 2 572.03 -250
2039 374.978 476.727 2 577.068 -250
2040 384.978 476.727 2 582.233 -250
2041 394.978 476.727 2 587.524 -250
2042 404.978 476.727 2 592.935 -250
2043 414.978 476.727 2 598.465 -250
2044 424.978 476.727 2 604.11 -250
2045 434.978 476.727 2 609.867 -250
2046 444.978 476.727 2 615.732 -250
2047 454.978 476.727 2 621.703 -250
2048 464.978 476.727 2 627.777 -124.838
2049 474.978 476.727 2 633.949 -128.921
2050 484.978 476.727 2 640.219 -250
2051 84.9784 486.727 2 506.298 -90.116
2052 94.9784 486.727 2 506.484 -87.917
2053 104.978 486.727 2 506.868 -96.6015
2054 114.978 486.727 2 507.448 -127.751
2055 124.978 486.727 2 508.224 -136.916
2056 134.978 486.727 2 509.196 -137.761
2057 144.978 486.727 2 510.362 -137.516
2058 154.978 486.727 2 511.72 -126.981
2059 164.978 486.727 2 513.27 -135.177
2060 174.978 486.727 2 515.009 -142.918
2061 184.978 486.727 2 516.936 -146.022
2062 194.978 486.727 2 519.048 -149.937
2063 204.978 486.727 2 521.344 -135.653
2064 214.978 486.727 2 523.821 -134.277
2065 224.978 486.727 2 526.476 -112.498
2066 234.978 486.727 2 529.306 -101.238
2067 244.978 486.727 2 532.31 -105.075
2068 254.978 486.727 2 535.483 -116.055
2069 264.978 486.727 2 538.823 -134.979
2070 274.978 486.727 2 542.328 -110.634
2071 284.978 486.727 2 545.992 -114.667
2072 294.978 486.727 2 549.815 -111.287
2073 304.978 486.727 2 553.791 -121.463
2074 314.978 486.727 2 557.919 -125.87
2075 324.978 486.727 2 562.194 -140.097
2076 334.978 486.727 2 566.613 -134.276
2077 344.978 486.727 2 571.173 -145.426
2078 354.978 486.727 2 575.871 -149.712
2079 364.978 486.727 2 580.703 -141.98
2080 374.978 486.727 2 585.665 -137.53
2081 384.978 486.727 2 590.756 -143.333
2082 394.978 486.727 2 595.971 -142.805
2083 404.978 486.727 2 601.306 -139.608
2084 414.978 486.727 2 606.76 -135.707
2085 424.978 486.727 2 612.329 -139.882
2086 434.978 486.727 2 618.009 -138.699
2087 444.978 486.727 2 623.798 -148.247
2088 454.978 486.727 2 629.692 -140.882
2089 464.978 486.727 2 635.689 -129.224
2090 474.978 486.727 2 641.786 -133.669
2091 484.978 486.727 2 647.979 -133.9
2092 84.9784 496.727 2 516.27 -90.3547
2093 94.9784 496.727 2 516.453 -90.4727
2094 104.978 496.727 2 516.829 -250
2095 114.978 496.727 2 517.398 -250
2096 124.978 496.727 2 518.159 -250
2097 134.978 496.727 2 519.112 -250
2098 144.978 496.727 2 520.256 -250
2099 154.978 496.727 2 521.588 -250
2100 164.978 496.727 2 523.109 -250
2101 174.978 496.727 2 524.816 -250
2102 184.978 496.727 2 526.707 -250
2103 194.978 496.727 2 528.78 -250
2104 204.978 496.727 2 531.034 -144.572
2105 214.978 496.727 2 533.465 -112.564
2106 224.978 496.727 2 536.073 -130.447
2107 234.978 496.727 2 538.853 -250
2108 244.978 496.727 2 541.803 -250
2109 254.978 496.727 2 544.921 -250
2110 264.978 496.727 2 548.204 -250
2111 274.978 496.727 2 551.649 -111.654
2112 284.978 496.727 2 555.252 -117.588
2113 294.978 496.727 2 559.011 -119.913
2114 304.978 496.727 2 562.922 -111.409
2115 314.978 496.727 2 566.983 -139.889
2116 324.978 496.727 2 571.191 -138.957
2117 334.978 496.727 2 575.541 -145.593
2118 344.978 496.727 2 580.031 -147.351
2119 354.978 496.727 2 584.657 -139.603
2120 364.978 496.727 2 589.417 -137.862
2121 374.978 496.727 2 594.307 -140.613
2122 384.978 496.727 2 599.324 -141.829
2123 394.978 496.727 2 604.465 -145.372
2124 404.978 496.727 2 609.727 -140.967
2125 414.978 496.727 2 615.106 -139.158
2126 424.978 496.727 2 620.599 -146.494
2127 434.978 496.727 2 626.204 -137.833
2128 444.978 496.727 2 631.918 -137.698
2129 454.978 496.727 2 637.737 -123.851
2130 464.978 496.727 2 643.659 -138.518
2131 474.978 496.727 2 649.681 -126.408
2132 484.978 496.727 2 655.801 -127.172
2133 84.9784 506.727 2 526.243 -91.2585
2134 94.9784 506.727 2 526.422 -89.5214
2135 104.978 506.727 2 526.791 -250
2136 114.978 506.727 2 527.35 -250
2137 124.978 506.727 2 528.097 -250
2138 134.978 506.727 2 529.032 -250
2139 144.978 506.727 2 530.154 -250
2140 154.978 506.727 2 531.462 -250
2141 164.978 506.727 2 532.954 -250
2142 174.978 506.727 2 534.629 -250
2143 184.978 506.727 2 536.486 -250
2144 194.978 506.727 2 538.521 -250
2145 204.978 506.727 2 540.735 -141.184
2146 214.978 506.727 2 543.123 -111.775
2147 224.978 506.727 2 545.684 -117.693
2148 234.978 506.727 2 548.415 -250
2149 244.978 506.727 2 551.315 -250
2150 254.978 506.727 2 554.379 -250
2151 264.978 506.727 2 557.606 -250
2152 274.978 506.727 2 560.993 -112.642
2153 284.978 506.727 2 564.537 -113.146
2154 294.978 506.727 2 568.234 -250
2155 304.978 506.727 2 572.083 -250
2156 314.978 506.727 2 576.079 -250
2157 324.978 506.727 2 580.22 -250
2158 334.978 506.727 2 584.503 -250
2159 344.978 506.727 2 588.925 -250
2160 354.978 506.727 2 593.482 -250
2161 364.978 506.727 2 598.172 -250
2162 374.978 506.727 2 602.991 -250
2163 384.978 506.727 2 607.936 -250
2164 394.978 506.727 2 613.005 -250
2165 404.978 506.727 2 618.194 -250
2166 414.978 506.727 2 623.5 -250
2167 424.978 506.727 2 628.92 -151.125
2168 434.978 506.727 2 634.452 -151.595
2169 444.978 506.727 2 640.092 -144.535
2170 454.978 506.727 2 645.837 -138.481
2171 464.978 506.727 2 651.686 -139.938
2172 474.978 506.727 2 657.634 -140.178
2173 484.978 506.727 2 663.68 -250
2174 84.9784 516.727 2 536.217 -91.7306
2175 94.9784 516.727 2 536.393 -90.2017
2176 104.978 516.727 2 536.755 -250
2177 114.978 516.727 2 537.303 -250
2178 124.978 516.727 2 538.036 -250
2179 134.978 516.727 2 538.954 -250
2180 144.978 516.727 2 540.056 -250
2181 154.978 516.727 2 541.34 -250
2182 164.978 516.727 2 542.805 -250
2183 174.978 516.727 2 544.45 -250
2184 184.978 516.727 2 546.273 -250
2185 194.978 516.727 2 548.272 -250
2186 204.978 516.727 2 550.446 -139.01
2187 214.978 516.727 2 552.792 -114.723
2188 224.978 516.727 2 555.309 -131.745
2189 234.978 516.727 2 557.993 -250
2190 244.978 516.727 2 560.843 -250
2191 254.978 516.727 2 563.856 -250
2192 264.978 516.727 2 567.029 -250
2193 274.978 516.727 2 570.36 -104.024
2194 284.978 516.727 2 573.846 -119.392
2195 294.978 516.727 2 577.484 -250
2196 304.978 516.727 2 581.271 -250
2197 314.978 516.727 2 585.204 -250
2198 324.978 516.727 2 589.281 -250
2199 334.978 516.727 2 593.499 -250
2200 344.978 516.727 2 597.854 -250
2201 354.978 516.727 2 602.344 -250
2202 364.978 516.727 2 606.965 -250
2203 374.978 516.727 2 611.715 -250
2204 384.978 516.727 2 616.59 -250
2205 394.978 516.727 2 621.588 -250
2206 404.978 516.727 2 626.706 -250
2207 414.978 516.727 2 631.941 -250
2208 424.978 516.727 2 637.289 -156.846
2209 434.978 516.727 2 642.749 -153.674
2210 444.978 516.727 2 648.317 -123.946
2211 454.978 516.727 2 653.99 -128.586
2212 464.978 516.727 2 659.766 -151.335
2213 474.978 516.727 2 665.642 -122.276
2214 484.978 516.727 2 671.616 -250
2215 84.9784 526.727 2 546.192 -90.7505
2216 94.9784 526.727 2 546.365 -91.2415
2217 104.978 526.727 2 546.72 -250
2218 114.978 526.727 2 547.258 -250
2219 124.978 526.727 2 547.978 -250
2220 134.978 526.727 2 548.879 -250
2221 144.978 526.727 2 549.961 -250
2222 154.978 526.727 2 551.222 -250
2223 164.978 526.727 2 552.661 -250
2224 174.978 526.727 2 554.277 -250
2225 184.978 526.727 2 556.067 -250
2226 194.978 526.727 2 558.032 -250
2227 204.978 526.727 2 560.168 -113.419
2228 214.978 526.727 2 562.473 -134.627
2229 224.978 526.727 2 564.947 -116.985
2230 234.978 526.727 2 567.586 -250
2231 244.978 526.727 2 570.387 -250
2232 254.978 526.727 2 573.35 -250
2233 264.978 526.727 2 576.471 -250
2234 274.978 526.727 2 579.748 -102.662
2235 284.978 526.727 2 583.177 -118.522
2236 294.978 526.727 2 586.757 -250
2237 304.978 526.727 2 590.485 -250
2238 314.978 526.727 2 594.358 -250
2239 324.978 526.727 2 598.373 -250
2240 334.978 526.727 2 602.526 -250
2241 344.978 526.727 2 606.817 -250
2242 354.978 526.727 2 611.241 -250
2243 364.978 526.727 2 615.795 -250
2244 374.978 526.727 2 620.477 -250
2245 384.978 526.727 2 625.284 -250
2246 394.978 526.727 2 630.213 -250
2247 404.978 526.727 2 635.262 -250
2248 414.978 526.727 2 640.426 -250
2249 424.978 526.727 2 645.705 -163.833
2250 434.978 526.727 2 651.094 -121.779
2251 444.978 526.727 2 656.591 -131.783
2252 454.978 526.727 2 662.193 -141.723
2253 464.978 526.727 2 667.899 -124.509
2254 474.978 526.727 2 673.704 -161.913
2255 484.978 526.727 2 679.607 -250
2256 84.9784 536.727 2 556.168 -94.7609
2257 94.9784 536.727 2 556.338 -92.7638
2258 104.978 536.727 2 556.687 -250
2259 114.978 536.727 2 557.215 -250
2260 124.978 536.727 2 557.922 -250
2261 134.978 536.727 2 558.807 -250
2262 144.978 536.727 2 559.87 -250
2263 154.978 536.727 2 561.108 -250
2264 164.978 536.727 2 562.522 -250
2265 174.978 536.727 2 564.109 -250
2266 184.978 536.727 2 565.869 -250
2267 194.978 536.727 2 567.8 -250
2268 204.978 536.727 2 569.899 -112.267
2269 214.978 536.727 2 572.166 -126.738
2270 224.978 536.727 2 574.597 -116.603
2271 234.978 536.727 2 577.192 -250
2272 244.978 536.727 2 579.947 -250
2273 254.978 536.727 2 582.861 -250
2274 264.978 536.727 2 585.932 -250
2275 274.978 536.727 2 589.156 -107.768
2276 284.978 536.727 2 592.531 -104.056
2277 294.978 536.727 2 596.055 -250
2278 304.978 536.727 2 599.725 -250
2279 314.978 536.727 2 603.538 -250
2280 324.978 536.727 2 607.492 -250
2281 334.978 536.727 2 611.584 -250
2282 344.978 536.727 2 615.811 -250
2283 354.978 536.727 2 620.171 -250
2284 364.978 536.727 2 624.66 -250
2285 374.978 536.727 2 629.277 -250
2286 384.978 536.727 2 634.017 -250
2287 394.978 536.727 2 638.879 -250
2288 404.978 536.727 2 643.859 -250
2289 414.978 536.727 2 648.955 -250
2290 424.978 536.727 2 654.165 -129.871
2291 434.978 536.727 2 659.485 -124.4
2292 444.978 536.727 2 664.912 -140.488
2293 454.978 536.727 2 670.445 -147.004
2294 464.978 536.727 2 676.081 -144.975
2295 474.978 536.727 2 681.817 -142.132
2296 484.978 536.727 2 687.65 -250
2297 84.9784 546.727 2 566.145 -92.4837
2298 94.9784 546.727 2 566.311 -93.5038
2299 104.978 546.727 2 566.654 -250
2300 114.978 546.727 2 567.173 -250
2301 124.978 546.727 2 567.868 -250
2302 134.978 546.727 2 568.738 -250
2303 144.978 546.727 2 569.782 -250
2304 154.978 546.727 2 570.999 -250
2305 164.978 546.727 2 572.388 -250
2306 174.978 546.727 2 573.948 -250
2307 184.978 546.727 2 575.678 -250
2308 194.978 546.727 2 577.575 -250
2309 204.978 546.727 2 579.639 -95.2746
2310 214.978 546.727 2 581.868 -115.287
2311 224.978 546.727 2 584.259 -117.366
2312 234.978 546.727 2 586.811 -250
2313 244.978 546.727 2 589.522 -250
2314 254.978 546.727 2 592.389 -250
2315 264.978 546.727 2 595.41 -250
2316 274.978 546.727 2 598.583 -105.442
2317 284.978 546.727 2 601.905 -105.637
2318 294.978 546.727 2 605.374 -250
2319 304.978 546.727 2 608.988 -250
2320 314.978 546.727 2 612.744 -250
2321 324.978 546.727 2 616.639 -250
2322 334.978 546.727 2 620.671 -250
2323 344.978 546.727 2 624.837 -250
2324 354.978 546.727 2 629.134 -250
2325 364.978 546.727 2 633.56 -250
2326 374.978 546.727 2 638.111 -250
2327 384.978 546.727 2 642.787 -250
2328 394.978 546.727 2 647.582 -250
2329 404.978 546.727 2 652.496 -250
2330 414.978 546.727 2 657.526 -250
2331 424.978 546.727 2 662.668 -123.058
2332 434.978 546.727 2 667.92 -139.269
2333 444.978 546.727 2 673.28 -143.123
2334 454.978 546.727 2 678.744 -164.227
2335 464.978 546.727 2 684.312 -142.418
2336 474.978 546.727 2 689.979 -144.771
2337 484.978 546.727 2 695.744 -250
2338 84.9784 556.727 2 576.123 -93.3507
2339 94.9784 556.727 2 576.286 -95
2340 104.978 556.727 2 576.623 -128.912
2341 114.978 556.727 2 577.133 -152.345
2342 124.978 556.727 2 577.816 -161.02
2343 134.978 556.727 2 578.671 -167.255
2344 144.978 556.727 2 579.697 -172.457
2345 154.978 556.727 2 580.893 -176.99
2346 164.978 556.727 2 582.259 -180.739
2347 174.978 556.727 2 583.792 -183.317
2348 184.978 556.727 2 585.493 -184.641
2349 194.978 556.727 2 587.359 -185.185
2350 204.978 556.727 2 589.389 -105.022
2351 214.978 556.727 2 591.58 -113.592
2352 224.978 556.727 2 593.933 -125.221
2353 234.978 556.727 2 596.443 -126.746
2354 244.978 556.727 2 599.11 -186.831
2355 254.978 556.727 2 601.931 -187.364
2356 264.978 556.727 2 604.905 -130.813
2357 274.978 556.727 2 608.028 -106.507
2358 284.978 556.727 2 611.299 -104.722
2359 294.978 556.727 2 614.716 -105.286
2360 304.978 556.727 2 618.275 -156.447
2361 314.978 556.727 2 621.974 -157.697
2362 324.978 556.727 2 625.812 -157.565
2363 334.978 556.727 2 629.785 -160.359
2364 344.978 556.727 2 633.891 -165.936
2365 354.978 556.727 2 638.127 -195.56
2366 364.978 556.727 2 642.491 -196.643
2367 374.978 556.727 2 646.98 -197.784
2368 384.978 556.727 2 651.592 -198.99
2369 394.978 556.727 2 656.323 -250
2370 404.978 556.727 2 661.172 -250
2371 414.978 556.727 2 666.136 -162.489
2372 424.978 556.727 2 671.212 -123.161
2373 434.978 556.727 2 676.398 -134.173
2374 444.978 556.727 2 681.691 -128.831
2375 454.978 556.727 2 687.089 -146.628
2376 464.978 556.727 2 692.589 -147.529
2377 474.978 556.727 2 698.189 -151.828
2378 484.978 556.727 2 703.887 -150.306
2379 84.9784 566.727 2 586.101 -98.3231
2380 94.9784 566.727 2 586.262 -99.7273
2381 104.978 566.727 2 586.593 -119.133
2382 114.978 566.727 2 587.094 -144.99
2383 124.978 566.727 2 587.765 -153.795
2384 134.978 566.727 2 588.606 -159.746
2385 144.978 566.727 2 589.614 -164.616
2386 154.978 566.727 2 590.791 -168.794
2387 164.978 566.727 2 592.133 -172.142
2388 174.978 566.727 2 593.642 -174.306
2389 184.978 566.727 2 595.314 -157.725
2390 194.978 566.727 2 597.149 -154.358
2391 204.978 566.727 2 599.146 -106.965
2392 214.978 566.727 2 601.302 -103.072
2393 224.978 566.727 2 603.617 -124.26
2394 234.978 566.727 2 606.087 -152.721
2395 244.978 566.727 2 608.712 -176.124
2396 254.978 566.727 2 611.489 -145.988
2397 264.978 566.727 2 614.416 -116.895
2398 274.978 566.727 2 617.491 -104.154
2399 284.978 566.727 2 620.712 -106.895
2400 294.978 566.727 2 624.077 -107.14
2401 304.978 566.727 2 627.583 -135.063
2402 314.978 566.727 2 631.228 -156.733
2403 324.978 566.727 2 635.01 -164.039
2404 334.978 566.727 2 638.926 -158.65
2405 344.978 566.727 2 642.973 -157.014
2406 354.978 566.727 2 647.15 -181.037
2407 364.978 566.727 2 651.454 -181.607
2408 374.978 566.727 2 655.881 -182.19
2409 384.978 566.727 2 660.431 -163.74
2410 394.978 566.727 2 665.099 -183.389
2411 404.978 566.727 2 669.885 -184.005
2412 414.978 566.727 2 674.784 -125.806
2413 424.978 566.727 2 679.796 -135.869
2414 434.978 566.727 2 684.917 -122.641
2415 444.978 566.727 2 690.145 -161.705
2416 454.978 566.727 2 695.477 -141.029
2417 464.978 566.727 2 700.911 -151.047
2418 474.978 566.727 2 706.445 -141.732
2419 484.978 566.727 2 712.077 -150.761
2420 84.9784 576.727 2 596.08 -98.1743
2421 94.9784 576.727 2 596.238 -96.1485
2422 104.978 576.727 2 596.564 -114.681
2423 114.978 576.727 2 597.057 -141.45
2424 124.978 576.727 2 597.717 -150.684
2425 134.978 576.727 2 598.543 -156.699
2426 144.978 576.727 2 599.535 -161.454
2427 154.978 576.727 2 600.692 -165.385
2428 164.978 576.727 2 602.013 -168.365
2429 174.978 576.727 2 603.496 -171.791
2430 184.978 576.727 2 605.141 -155.538
2431 194.978 576.727 2 606.947 -99.2377
2432 204.978 576.727 2 608.911 -110.929
2433 214.978 576.727 2 611.033 -100.988
2434 224.978 576.727 2 613.311 -126.102
2435 234.978 576.727 2 615.742 -137.75
2436 244.978 576.727 2 618.326 -148.782
2437 254.978 576.727 2 621.06 -132.745
2438 264.978 576.727 2 623.942 -118.935
2439 274.978 576.727 2 626.971 -124.507
2440 284.978 576.727 2 630.144 -108.168
2441 294.978 576.727 2 633.458 -105.595
2442 304.978 576.727 2 636.913 -127.777
2443 314.978 576.727 2 640.505 -141.549
2444 324.978 576.727 2 644.232 -147.704
2445 334.978 576.727 2 648.092 -155.226
2446 344.978 576.727 2 652.083 -156.654
2447 354.978 576.727 2 656.201 -176.004
2448 364.978 576.727 2 660.446 -165.454
2449 374.978 576.727 2 664.814 -177.05
2450 384.978 576.727 2 669.302 -177.59
2451 394.978 576.727 2 673.91 -178.139
2452 404.978 576.727 2 678.633 -123.321
2453 414.978 576.727 2 683.47 -137.9
2454 424.978 576.727 2 688.418 -136.773
2455 434.978 576.727 2 693.475 -151.806
2456 444.978 576.727 2 698.639 -138.212
2457 454.978 576.727 2 703.907 -150.516
2458 464.978 576.727 2 709.277 -137.807
2459 474.978 576.727 2 714.746 -143.144
2460 484.978 576.727 2 720.313 -155.042
2461 84.9784 586.727 2 606.06 -97.3587
2462 94.9784 586.727 2 606.215 -103.127
2463 104.978 586.727 2 606.535 -112.245
2464 114.978 586.727 2 607.02 -139.438
2465 124.978 586.727 2 607.669 -148.948
2466 134.978 586.727 2 608.482 -155.04
2467 144.978 586.727 2 609.458 -159.68
2468 154.978 586.727 2 610.596 -156.93
2469 164.978 586.727 2 611.895 -163.181
2470 174.978 586.727 2 613.355 -177.295
2471 184.978 586.727 2 614.974 -155.922
2472 194.978 586.727 2 616.751 -98.9124
2473 204.978 586.727 2 618.684 -110.397
2474 214.978 586.727 2 620.772 -101.598
2475 224.978 586.727 2 623.014 -121.654
2476 234.978 586.727 2 625.408 -130.755
2477 244.978 586.727 2 627.952 -140.285
2478 254.978 586.727 2 630.644 -116.033
2479 264.978 586.727 2 633.483 -142.161
2480 274.978 586.727 2 636.466 -135.748
2481 284.978 586.727 2 639.592 -106.733
2482 294.978 586.727 2 642.858 -105.196
2483 304.978 586.727 2 646.262 -103.613
2484 314.978 586.727 2 649.803 -133.903
2485 324.978 586.727 2 653.477 -144.236
2486 334.978 586.727 2 657.282 -162.715
2487 344.978 586.727 2 661.218 -156.947
2488 354.978 586.727 2 665.28 -159.575
2489 364.978 586.727 2 669.467 -173.418
2490 374.978 586.727 2 673.776 -173.926
2491 384.978 586.727 2 678.205 -174.445
2492 394.978 586.727 2 682.753 -128.558
2493 404.978 586.727 2 687.415 -135.875
2494 414.978 586.727 2 692.191 -148.149
2495 424.978 586.727 2 697.077 -154.385
2496 434.978 586.727 2 702.072 -141.763
2497 444.978 586.727 2 707.173 -133.94
2498 454.978 586.727 2 712.378 -148.654
2499 464.978 586.727 2 717.684 -151.283
2500 474.978 586.727 2 723.09 -145.152
2501 484.978 586.727 2 728.593 -148.301
