# <Transmitter Set: Tx: 20 tx_ant_grid_60_m - Point 7> 
# <Receiver Set: Rx: 17 rx_ant_grid> 
# <X(m)> <Y(m)> <Z(m)> <Distance(m)> <PathGain(dB)>
1 84.9784 -13.2734 2 146.806 -81.5087
2 94.9784 -13.2734 2 140.501 -85.1008
3 104.978 -13.2734 2 134.644 -81.6782
4 114.978 -13.2734 2 129.296 -83.874
5 124.978 -13.2734 2 124.523 -81.463
6 134.978 -13.2734 2 120.393 -80.4595
7 144.978 -13.2734 2 116.974 -81.8846
8 154.978 -13.2734 2 114.331 -82.3938
9 164.978 -13.2734 2 112.516 -78.4229
10 174.978 -13.2734 2 111.573 -79.0025
11 184.978 -13.2734 2 111.521 -77.3504
12 194.978 -13.2734 2 112.363 -94.708
13 204.978 -13.2734 2 114.078 -96.4148
14 214.978 -13.2734 2 116.629 -98.5733
15 224.978 -13.2734 2 119.962 -96.5023
16 234.978 -13.2734 2 124.013 -98.2587
17 244.978 -13.2734 2 128.716 -97.9021
18 254.978 -13.2734 2 134.001 -97.4534
19 264.978 -13.2734 2 139.803 -98.3796
20 274.978 -13.2734 2 146.059 -88.8762
21 284.978 -13.2734 2 152.715 -97.911
22 294.978 -13.2734 2 159.719 -97.4878
23 304.978 -13.2734 2 167.029 -92.9642
24 314.978 -13.2734 2 174.606 -107.665
25 324.978 -13.2734 2 182.416 -99.3096
26 334.978 -13.2734 2 190.431 -92.4374
27 344.978 -13.2734 2 198.627 -99.9727
28 354.978 -13.2734 2 206.981 -98.6334
29 364.978 -13.2734 2 215.475 -103.168
30 374.978 -13.2734 2 224.094 -91.9693
31 384.978 -13.2734 2 232.823 -100.15
32 394.978 -13.2734 2 241.651 -107.794
33 404.978 -13.2734 2 250.566 -97.9388
34 414.978 -13.2734 2 259.561 -101.801
35 424.978 -13.2734 2 268.627 -88.7639
36 434.978 -13.2734 2 277.757 -87.2663
37 444.978 -13.2734 2 286.945 -87.8688
38 454.978 -13.2734 2 296.186 -88.0291
39 464.978 -13.2734 2 305.474 -89.1474
40 474.978 -13.2734 2 314.806 -102.17
41 484.978 -13.2734 2 324.178 -116.595
42 84.9784 -3.2734 2 140.532 -84.9414
43 94.9784 -3.2734 2 133.931 -82.3734
44 104.978 -3.2734 2 127.774 -79.8601
45 114.978 -3.2734 2 122.125 -83.4075
46 124.978 -3.2734 2 117.06 -111.195
47 134.978 -3.2734 2 112.657 -78.2268
48 144.978 -3.2734 2 108.995 -84.2067
49 154.978 -3.2734 2 106.153 -78.0487
50 164.978 -3.2734 2 104.197 -79.8855
51 174.978 -3.2734 2 103.177 -84.7664
52 184.978 -3.2734 2 103.121 -81.55
53 194.978 -3.2734 2 104.031 -104.326
54 204.978 -3.2734 2 105.882 -108.033
55 214.978 -3.2734 2 108.625 -105.4
56 224.978 -3.2734 2 112.196 -109.548
57 234.978 -3.2734 2 116.518 -119.206
58 244.978 -3.2734 2 121.511 -108.528
59 254.978 -3.2734 2 127.096 -108.007
60 264.978 -3.2734 2 133.198 -101.396
61 274.978 -3.2734 2 139.751 -91.8175
62 284.978 -3.2734 2 146.693 -102.165
63 294.978 -3.2734 2 153.972 -122.679
64 304.978 -3.2734 2 161.542 -125.212
65 314.978 -3.2734 2 169.364 -116.652
66 324.978 -3.2734 2 177.405 -113.542
67 334.978 -3.2734 2 185.637 -121.207
68 344.978 -3.2734 2 194.035 -118.242
69 354.978 -3.2734 2 202.579 -118.85
70 364.978 -3.2734 2 211.25 -133.583
71 374.978 -3.2734 2 220.034 -114.768
72 384.978 -3.2734 2 228.918 -96.2321
73 394.978 -3.2734 2 237.891 -99.3725
74 404.978 -3.2734 2 246.942 -98.4256
75 414.978 -3.2734 2 256.065 -97.483
76 424.978 -3.2734 2 265.25 -88.303
77 434.978 -3.2734 2 274.492 -86.1104
78 444.978 -3.2734 2 283.786 -123.366
79 454.978 -3.2734 2 293.126 -138.514
80 464.978 -3.2734 2 302.509 -145.584
81 474.978 -3.2734 2 311.929 -121.531
82 484.978 -3.2734 2 321.385 -140.939
83 84.9784 6.7266 2 134.708 -81.3553
84 94.9784 6.7266 2 127.807 -80.0355
85 104.978 6.7266 2 121.339 -81.8971
86 114.978 6.7266 2 115.376 -83.7364
87 124.978 6.7266 2 110 -250
88 134.978 6.7266 2 105.302 -75.5668
89 144.978 6.7266 2 101.376 -79.6425
90 154.978 6.7266 2 98.3133 -80.3412
91 164.978 6.7266 2 96.1977 -79.7527
92 174.978 6.7266 2 95.0919 -76.8777
93 184.978 6.7266 2 95.0313 -72.4806
94 194.978 6.7266 2 96.0179 -113.603
95 204.978 6.7266 2 98.02 -111.694
96 214.978 6.7266 2 100.977 -114.831
97 224.978 6.7266 2 104.809 -117.173
98 234.978 6.7266 2 109.423 -116.05
99 244.978 6.7266 2 114.725 -114.431
100 254.978 6.7266 2 120.625 -110.169
101 264.978 6.7266 2 127.039 -102.402
102 274.978 6.7266 2 133.893 -93.0031
103 284.978 6.7266 2 141.123 -102.808
104 294.978 6.7266 2 148.675 -250
105 304.978 6.7266 2 156.502 -250
106 314.978 6.7266 2 164.564 -250
107 324.978 6.7266 2 172.829 -250
108 334.978 6.7266 2 181.268 -250
109 344.978 6.7266 2 189.86 -250
110 354.978 6.7266 2 198.583 -250
111 364.978 6.7266 2 207.421 -250
112 374.978 6.7266 2 216.361 -250
113 384.978 6.7266 2 225.39 -250
114 394.978 6.7266 2 234.498 -94.8851
115 404.978 6.7266 2 243.675 -94.4129
116 414.978 6.7266 2 252.915 -92.8307
117 424.978 6.7266 2 262.211 -88.9532
118 434.978 6.7266 2 271.557 -86.8636
119 444.978 6.7266 2 280.947 -250
120 454.978 6.7266 2 290.379 -250
121 464.978 6.7266 2 299.847 -250
122 474.978 6.7266 2 309.349 -130.351
123 484.978 6.7266 2 318.882 -128.771
124 84.9784 16.7266 2 129.395 -81.9066
125 94.9784 16.7266 2 122.195 -84.0332
126 104.978 16.7266 2 115.413 -84.9272
127 114.978 16.7266 2 109.127 -83.8226
128 124.978 16.7266 2 103.427 -250
129 134.978 16.7266 2 98.4153 -80.0253
130 144.978 16.7266 2 94.2022 -78.3035
131 154.978 16.7266 2 90.8984 -77.8779
132 164.978 16.7266 2 88.6059 -79.9772
133 174.978 16.7266 2 87.4042 -80.4715
134 184.978 16.7266 2 87.3383 -74.194
135 194.978 16.7266 2 88.4107 -250
136 204.978 16.7266 2 90.5811 -250
137 214.978 16.7266 2 93.7732 -250
138 224.978 16.7266 2 97.8872 -250
139 234.978 16.7266 2 102.812 -250
140 244.978 16.7266 2 108.438 -250
141 254.978 16.7266 2 114.662 -250
142 264.978 16.7266 2 121.391 -114.365
143 274.978 16.7266 2 128.547 -92.8774
144 284.978 16.7266 2 136.062 -108.96
145 294.978 16.7266 2 143.879 -250
146 304.978 16.7266 2 151.953 -250
147 314.978 16.7266 2 160.244 -250
148 324.978 16.7266 2 168.721 -93.0696
149 334.978 16.7266 2 177.356 -81.9751
150 344.978 16.7266 2 186.128 -250
151 354.978 16.7266 2 195.018 -250
152 364.978 16.7266 2 204.011 -250
153 374.978 16.7266 2 213.094 -250
154 384.978 16.7266 2 222.256 -93.4641
155 394.978 16.7266 2 231.487 -95.1759
156 404.978 16.7266 2 240.779 -102.722
157 414.978 16.7266 2 250.126 -93.7225
158 424.978 16.7266 2 259.522 -95.8734
159 434.978 16.7266 2 268.961 -103.033
160 444.978 16.7266 2 278.439 -250
161 454.978 16.7266 2 287.953 -250
162 464.978 16.7266 2 297.499 -250
163 474.978 16.7266 2 307.073 -121.39
164 484.978 16.7266 2 316.674 -122.041
165 84.9784 26.7266 2 124.66 -82.4264
166 94.9784 26.7266 2 117.169 -81.2277
167 104.978 26.7266 2 110.078 -81.1569
168 114.978 26.7266 2 103.468 -82.0932
169 124.978 26.7266 2 97.4377 -84.0588
170 134.978 26.7266 2 92.1009 -82.9155
171 144.978 26.7266 2 87.5846 -78.5018
172 154.978 26.7266 2 84.0211 -108.203
173 164.978 26.7266 2 81.5354 -106.409
174 174.978 26.7266 2 80.2279 -77.6669
175 184.978 26.7266 2 80.1561 -73.8574
176 194.978 26.7266 2 81.3233 -250
177 204.978 26.7266 2 83.6777 -250
178 214.978 26.7266 2 87.1231 -250
179 224.978 26.7266 2 91.5365 -250
180 234.978 26.7266 2 96.7854 -250
181 244.978 26.7266 2 102.742 -250
182 254.978 26.7266 2 109.29 -250
183 264.978 26.7266 2 116.331 -110.295
184 274.978 26.7266 2 123.779 -92.9687
185 284.978 26.7266 2 131.567 -90.6866
186 294.978 26.7266 2 139.636 -250
187 304.978 26.7266 2 147.942 -250
188 314.978 26.7266 2 156.446 -110.155
189 324.978 26.7266 2 165.117 -104.952
190 334.978 26.7266 2 173.932 -92.6702
191 344.978 26.7266 2 182.868 -93.7831
192 354.978 26.7266 2 191.909 -95.6363
193 364.978 26.7266 2 201.041 -250
194 374.978 26.7266 2 210.253 -250
195 384.978 26.7266 2 219.533 -119.616
196 394.978 26.7266 2 228.874 -118.302
197 404.978 26.7266 2 238.268 -94.6992
198 414.978 26.7266 2 247.71 -95.5725
199 424.978 26.7266 2 257.194 -98.2521
200 434.978 26.7266 2 266.715 -99.2342
201 444.978 26.7266 2 276.271 -98.5157
202 454.978 26.7266 2 285.857 -250
203 464.978 26.7266 2 295.47 -250
204 474.978 26.7266 2 305.108 -125.705
205 484.978 26.7266 2 314.769 -123.243
206 84.9784 36.7266 2 120.57 -80.3533
207 94.9784 36.7266 2 112.808 -78.8837
208 104.978 36.7266 2 105.424 -77.7928
209 114.978 36.7266 2 98.502 -79.8431
210 124.978 36.7266 2 92.1473 -83.276
211 134.978 36.7266 2 86.4847 -76.1111
212 144.978 36.7266 2 81.6583 -75.7652
213 154.978 36.7266 2 77.8239 -82.6493
214 164.978 36.7266 2 75.1335 -96.6925
215 174.978 36.7266 2 73.7125 -123.118
216 184.978 36.7266 2 73.6343 -117.956
217 194.978 36.7266 2 74.9032 -111.117
218 204.978 36.7266 2 77.4531 -99.808
219 214.978 36.7266 2 81.1632 -76.2396
220 224.978 36.7266 2 85.8833 -250
221 234.978 36.7266 2 91.4572 -250
222 244.978 36.7266 2 97.739 -250
223 254.978 36.7266 2 104.601 -250
224 264.978 36.7266 2 111.937 -103.73
225 274.978 36.7266 2 119.659 -78.2656
226 284.978 36.7266 2 127.698 -78.2367
227 294.978 36.7266 2 135.997 -250
228 304.978 36.7266 2 144.512 -250
229 314.978 36.7266 2 153.207 -112.025
230 324.978 36.7266 2 162.052 -114.709
231 334.978 36.7266 2 171.024 -102.567
232 344.978 36.7266 2 180.105 -91.4156
233 354.978 36.7266 2 189.278 -90.0625
234 364.978 36.7266 2 198.531 -94.3069
235 374.978 36.7266 2 207.854 -101.267
236 384.978 36.7266 2 217.236 -250
237 394.978 36.7266 2 226.672 -250
238 404.978 36.7266 2 236.154 -99.2503
239 414.978 36.7266 2 245.677 -92.5492
240 424.978 36.7266 2 255.236 -97.2131
241 434.978 36.7266 2 264.828 -96.263
242 444.978 36.7266 2 274.45 -90.2996
243 454.978 36.7266 2 284.097 -250
244 464.978 36.7266 2 293.768 -250
245 474.978 36.7266 2 303.46 -118.975
246 484.978 36.7266 2 313.172 -136.32
247 84.9784 46.7266 2 117.193 -81.1566
248 94.9784 46.7266 2 109.191 -84.0886
249 104.978 46.7266 2 101.544 -80.3467
250 114.978 46.7266 2 94.338 -76.9
251 124.978 46.7266 2 87.682 -82.4827
252 134.978 46.7266 2 81.7106 -75.33
253 144.978 46.7266 2 76.5839 -80.291
254 154.978 46.7266 2 72.4816 -250
255 164.978 46.7266 2 69.585 -250
256 174.978 46.7266 2 68.0481 -250
257 184.978 46.7266 2 67.9634 -250
258 194.978 46.7266 2 69.3362 -250
259 204.978 46.7266 2 72.0832 -89.8624
260 214.978 46.7266 2 76.0557 -77.4395
261 224.978 46.7266 2 81.0738 -79.9757
262 234.978 46.7266 2 86.9565 -80.2086
263 244.978 46.7266 2 93.541 -86.5485
264 254.978 46.7266 2 100.69 -75.2618
265 264.978 46.7266 2 108.291 -78.2272
266 274.978 46.7266 2 116.256 -82.7084
267 284.978 46.7266 2 124.514 -80.5635
268 294.978 46.7266 2 133.013 -250
269 304.978 46.7266 2 141.707 -250
270 314.978 46.7266 2 150.563 -250
271 324.978 46.7266 2 159.555 -250
272 334.978 46.7266 2 168.66 -250
273 344.978 46.7266 2 177.862 -250
274 354.978 46.7266 2 187.145 -250
275 364.978 46.7266 2 196.499 -115.353
276 374.978 46.7266 2 205.913 -102.357
277 384.978 46.7266 2 215.38 -250
278 394.978 46.7266 2 224.894 -250
279 404.978 46.7266 2 234.448 -104.788
280 414.978 46.7266 2 244.037 -98.1984
281 424.978 46.7266 2 253.658 -100.97
282 434.978 46.7266 2 263.308 -96.4844
283 444.978 46.7266 2 272.983 -109.234
284 454.978 46.7266 2 282.68 -250
285 464.978 46.7266 2 292.398 -250
286 474.978 46.7266 2 302.134 -119.756
287 484.978 46.7266 2 311.887 -121.546
288 84.9784 56.7266 2 114.592 -83.171
289 94.9784 56.7266 2 106.394 -78.2524
290 104.978 56.7266 2 98.5302 -79.7203
291 114.978 56.7266 2 91.0861 -77.5269
292 124.978 56.7266 2 84.1734 -83.4811
293 134.978 56.7266 2 77.9335 -75.9489
294 144.978 56.7266 2 72.5405 -73.9744
295 154.978 56.7266 2 68.1953 -250
296 164.978 56.7266 2 65.1082 -250
297 174.978 56.7266 2 63.4631 -250
298 184.978 56.7266 2 63.3723 -250
299 194.978 56.7266 2 64.8424 -250
300 204.978 56.7266 2 67.7718 -96.7224
301 214.978 56.7266 2 71.9826 -74.6963
302 224.978 56.7266 2 77.2656 -81.0482
303 234.978 56.7266 2 83.4174 -79.4284
304 244.978 56.7266 2 90.2604 -74.4459
305 254.978 56.7266 2 97.6495 -79.5743
306 264.978 56.7266 2 105.47 -74.9641
307 274.978 56.7266 2 113.633 -76.2945
308 284.978 56.7266 2 122.069 -82.9377
309 294.978 56.7266 2 130.726 -250
310 304.978 56.7266 2 139.563 -250
311 314.978 56.7266 2 148.547 -250
312 324.978 56.7266 2 157.654 -250
313 334.978 56.7266 2 166.863 -250
314 344.978 56.7266 2 176.158 -250
315 354.978 56.7266 2 185.527 -250
316 364.978 56.7266 2 194.958 -100.113
317 374.978 56.7266 2 204.444 -101.231
318 384.978 56.7266 2 213.976 -250
319 394.978 56.7266 2 223.549 -250
320 404.978 56.7266 2 233.158 -105.488
321 414.978 56.7266 2 242.799 -98.2178
322 424.978 56.7266 2 252.467 -89.7993
323 434.978 56.7266 2 262.16 -85.7334
324 444.978 56.7266 2 271.876 -86.0821
325 454.978 56.7266 2 281.612 -250
326 464.978 56.7266 2 291.365 -250
327 474.978 56.7266 2 301.135 -94.712
328 484.978 56.7266 2 310.919 -105.883
329 84.9784 66.7266 2 112.82 -79.025
330 94.9784 66.7266 2 104.483 -79.052
331 104.978 66.7266 2 96.4635 -80.8958
332 114.978 66.7266 2 88.8464 -79.9773
333 124.978 66.7266 2 81.7446 -75.4829
334 134.978 66.7266 2 75.3038 -74.1228
335 144.978 66.7266 2 69.7075 -73.6425
336 154.978 66.7266 2 65.1738 -76.4034
337 164.978 66.7266 2 61.9363 -72.5798
338 174.978 66.7266 2 60.2045 -72.0306
339 184.978 66.7266 2 60.1088 -72.2449
340 194.978 66.7266 2 61.6567 -74.6893
341 204.978 66.7266 2 64.7305 -73.0259
342 214.978 66.7266 2 69.1268 -74.0033
343 224.978 66.7266 2 74.6123 -76.2852
344 234.978 66.7266 2 80.9659 -79.1689
345 244.978 66.7266 2 87.9998 -83.641
346 254.978 66.7266 2 95.5638 -77.3472
347 264.978 66.7266 2 103.542 -81.3853
348 274.978 66.7266 2 111.845 -78.8847
349 284.978 66.7266 2 120.407 -80.8662
350 294.978 66.7266 2 129.176 -80.6782
351 304.978 66.7266 2 138.112 -80.8988
352 314.978 66.7266 2 147.185 -79.2716
353 324.978 66.7266 2 156.371 -91.1268
354 334.978 66.7266 2 165.651 -86.3863
355 344.978 66.7266 2 175.011 -83.1605
356 354.978 66.7266 2 184.438 -84.9739
357 364.978 66.7266 2 193.922 -85.6699
358 374.978 66.7266 2 203.456 -88.3662
359 384.978 66.7266 2 213.032 -85.4345
360 394.978 66.7266 2 222.646 -89.1619
361 404.978 66.7266 2 232.292 -87.7405
362 414.978 66.7266 2 241.967 -87.99
363 424.978 66.7266 2 251.668 -87.3526
364 434.978 66.7266 2 261.391 -87.5177
365 444.978 66.7266 2 271.134 -90.824
366 454.978 66.7266 2 280.895 -89.6055
367 464.978 66.7266 2 290.673 -87.8299
368 474.978 66.7266 2 300.465 -89.122
369 484.978 66.7266 2 310.27 -90.0576
370 84.9784 76.7266 2 111.916 -79.6623
371 94.9784 76.7266 2 103.507 -83.9902
372 104.978 76.7266 2 95.4056 -79.7883
373 114.978 76.7266 2 87.6967 -83.9586
374 124.978 76.7266 2 80.4934 -82.0693
375 134.978 76.7266 2 73.9437 -81.3855
376 144.978 76.7266 2 68.236 -85.2763
377 154.978 76.7266 2 63.5975 -80.448
378 164.978 76.7266 2 60.2754 -72.5729
379 174.978 76.7266 2 58.4945 -73.7354
380 184.978 76.7266 2 58.3959 -72.9387
381 194.978 76.7266 2 59.9881 -71.7831
382 204.978 76.7266 2 63.1431 -79.3025
383 214.978 76.7266 2 67.6427 -77.1451
384 224.978 76.7266 2 73.2394 -77.4893
385 234.978 76.7266 2 79.7026 -88.754
386 244.978 76.7266 2 86.8388 -89.9742
387 254.978 76.7266 2 94.4958 -95.2805
388 264.978 76.7266 2 102.557 -102.833
389 274.978 76.7266 2 110.934 -100.642
390 284.978 76.7266 2 119.561 -102.523
391 294.978 76.7266 2 128.388 -82.249
392 304.978 76.7266 2 137.375 -80.1894
393 314.978 76.7266 2 146.494 -80.8508
394 324.978 76.7266 2 155.72 -83.8238
395 334.978 76.7266 2 165.037 -84.3282
396 344.978 76.7266 2 174.43 -82.4632
397 354.978 76.7266 2 183.887 -86.901
398 364.978 76.7266 2 193.398 -84.2977
399 374.978 76.7266 2 202.956 -87.3945
400 384.978 76.7266 2 212.555 -87.2325
401 394.978 76.7266 2 222.19 -85.3093
402 404.978 76.7266 2 231.855 -88.5475
403 414.978 76.7266 2 241.547 -91.5066
404 424.978 76.7266 2 251.264 -90.9782
405 434.978 76.7266 2 261.002 -95.0285
406 444.978 76.7266 2 270.759 -121.564
407 454.978 76.7266 2 280.534 -120.493
408 464.978 76.7266 2 290.323 -121.486
409 474.978 76.7266 2 300.127 -115.787
410 484.978 76.7266 2 309.943 -113.352
411 84.9784 86.7266 2 111.903 -80.1105
412 94.9784 86.7266 2 103.493 -100.819
413 104.978 86.7266 2 95.39 -250
414 114.978 86.7266 2 87.6797 -250
415 124.978 86.7266 2 80.4749 -250
416 134.978 86.7266 2 73.9236 -78.7532
417 144.978 86.7266 2 68.2142 -78.6781
418 154.978 86.7266 2 63.574 -250
419 164.978 86.7266 2 60.2506 -250
420 174.978 86.7266 2 58.469 -250
421 184.978 86.7266 2 58.3704 -72.3641
422 194.978 86.7266 2 59.9632 -72.4364
423 204.978 86.7266 2 63.1195 -81.9158
424 214.978 86.7266 2 67.6206 -75.758
425 224.978 86.7266 2 73.2191 -250
426 234.978 86.7266 2 79.6838 -250
427 244.978 86.7266 2 86.8216 -250
428 254.978 86.7266 2 94.48 -96.2129
429 264.978 86.7266 2 102.542 -94.5346
430 274.978 86.7266 2 110.921 -95.892
431 284.978 86.7266 2 119.549 -95.3567
432 294.978 86.7266 2 128.376 -79.4612
433 304.978 86.7266 2 137.364 -77.9151
434 314.978 86.7266 2 146.483 -80.5832
435 324.978 86.7266 2 155.711 -87.3919
436 334.978 86.7266 2 165.028 -83.4045
437 344.978 86.7266 2 174.421 -81.6757
438 354.978 86.7266 2 183.878 -88.9383
439 364.978 86.7266 2 193.39 -85.9129
440 374.978 86.7266 2 202.949 -86.5122
441 384.978 86.7266 2 212.548 -250
442 394.978 86.7266 2 222.183 -250
443 404.978 86.7266 2 231.848 -250
444 414.978 86.7266 2 241.541 -122.1
445 424.978 86.7266 2 251.258 -111.921
446 434.978 86.7266 2 260.996 -114.387
447 444.978 86.7266 2 270.754 -250
448 454.978 86.7266 2 280.528 -250
449 464.978 86.7266 2 290.318 -250
450 474.978 86.7266 2 300.122 -124.557
451 484.978 86.7266 2 309.938 -118.518
452 84.9784 96.7266 2 112.78 -80.1055
453 94.9784 96.7266 2 104.44 -101.796
454 104.978 96.7266 2 96.4171 -115.84
455 114.978 96.7266 2 88.7961 -111.588
456 124.978 96.7266 2 81.6898 -75.9148
457 134.978 96.7266 2 75.2443 -74.0423
458 144.978 96.7266 2 69.6433 -74.995
459 154.978 96.7266 2 65.1051 -250
460 164.978 96.7266 2 61.864 -250
461 174.978 96.7266 2 60.1302 -250
462 184.978 96.7266 2 60.0343 -72.1836
463 194.978 96.7266 2 61.5841 -250
464 204.978 96.7266 2 64.6613 -250
465 214.978 96.7266 2 69.0621 -250
466 224.978 96.7266 2 74.5523 -250
467 234.978 96.7266 2 80.9107 -250
468 244.978 96.7266 2 87.9489 -250
469 254.978 96.7266 2 95.517 -250
470 264.978 96.7266 2 103.499 -250
471 274.978 96.7266 2 111.805 -92.269
472 284.978 96.7266 2 120.37 -100.992
473 294.978 96.7266 2 129.141 -79.7419
474 304.978 96.7266 2 138.079 -81.8072
475 314.978 96.7266 2 147.154 -84.0307
476 324.978 96.7266 2 156.342 -82.5222
477 334.978 96.7266 2 165.624 -88.8298
478 344.978 96.7266 2 174.985 -86.8638
479 354.978 96.7266 2 184.413 -88.1333
480 364.978 96.7266 2 193.899 -83.7092
481 374.978 96.7266 2 203.434 -89.1712
482 384.978 96.7266 2 213.011 -250
483 394.978 96.7266 2 222.626 -250
484 404.978 96.7266 2 232.273 -250
485 414.978 96.7266 2 241.949 -108.453
486 424.978 96.7266 2 251.65 -109.596
487 434.978 96.7266 2 261.374 -107.368
488 444.978 96.7266 2 271.117 -250
489 454.978 96.7266 2 280.879 -250
490 464.978 96.7266 2 290.657 -250
491 474.978 96.7266 2 300.45 -114.182
492 484.978 96.7266 2 310.256 -111.412
493 84.9784 106.727 2 114.526 -82.8505
494 94.9784 106.727 2 106.324 -79.3316
495 104.978 106.727 2 98.4545 -80.2985
496 114.978 106.727 2 91.0042 -80.5296
497 124.978 106.727 2 84.0848 -77.2501
498 134.978 106.727 2 77.8378 -77.7523
499 144.978 106.727 2 72.4376 -76.5246
500 154.978 106.727 2 68.0859 -250
501 164.978 106.727 2 64.9937 -250
502 174.978 106.727 2 63.3456 -250
503 184.978 106.727 2 63.2546 -81.2781
504 194.978 106.727 2 64.7273 -250
505 204.978 106.727 2 67.6617 -250
506 214.978 106.727 2 71.879 -250
507 224.978 106.727 2 77.1691 -250
508 234.978 106.727 2 83.328 -250
509 244.978 106.727 2 90.1778 -250
510 254.978 106.727 2 97.5731 -250
511 264.978 106.727 2 105.399 -250
512 274.978 106.727 2 113.567 -96.0634
513 284.978 106.727 2 122.008 -94.5948
514 294.978 106.727 2 130.669 -91.5529
515 304.978 106.727 2 139.51 -94.3521
516 314.978 106.727 2 148.497 -90.9994
517 324.978 106.727 2 157.607 -88.2464
518 334.978 106.727 2 166.818 -78.5326
519 344.978 106.727 2 176.116 -78.0912
520 354.978 106.727 2 185.487 -84.0948
521 364.978 106.727 2 194.92 -82.3187
522 374.978 106.727 2 204.407 -89.4291
523 384.978 106.727 2 213.941 -250
524 394.978 106.727 2 223.516 -250
525 404.978 106.727 2 233.126 -250
526 414.978 106.727 2 242.768 -113.405
527 424.978 106.727 2 252.438 -124.22
528 434.978 106.727 2 262.132 -120.01
529 444.978 106.727 2 271.849 -250
530 454.978 106.727 2 281.585 -250
531 464.978 106.727 2 291.339 -250
532 474.978 106.727 2 301.11 -127.262
533 484.978 106.727 2 310.895 -144.603
534 84.9784 116.727 2 117.104 -81.4655
535 94.9784 116.727 2 109.095 -80.8064
536 104.978 116.727 2 101.441 -112.652
537 114.978 116.727 2 94.2273 -250
538 124.978 116.727 2 87.5629 -250
539 134.978 116.727 2 81.5828 -250
540 144.978 116.727 2 76.4476 -250
541 154.978 116.727 2 72.3375 -250
542 164.978 116.727 2 69.4348 -250
543 174.978 116.727 2 67.8946 -250
544 184.978 116.727 2 67.8097 -75.9933
545 194.978 116.727 2 69.1856 -250
546 204.978 116.727 2 71.9383 -250
547 214.978 116.727 2 75.9184 -250
548 224.978 116.727 2 80.945 -250
549 234.978 116.727 2 86.8365 -250
550 244.978 116.727 2 93.4294 -250
551 254.978 116.727 2 100.586 -250
552 264.978 116.727 2 108.194 -250
553 274.978 116.727 2 116.166 -92.9996
554 284.978 116.727 2 124.431 -93.4691
555 294.978 116.727 2 132.934 -92.6503
556 304.978 116.727 2 141.633 -95.7652
557 314.978 116.727 2 150.494 -102.26
558 324.978 116.727 2 159.49 -250
559 334.978 116.727 2 168.598 -250
560 344.978 116.727 2 177.803 -250
561 354.978 116.727 2 187.089 -250
562 364.978 116.727 2 196.446 -250
563 374.978 116.727 2 205.862 -250
564 384.978 116.727 2 215.332 -250
565 394.978 116.727 2 224.847 -250
566 404.978 116.727 2 234.403 -250
567 414.978 116.727 2 243.994 -250
568 424.978 116.727 2 253.617 -117.071
569 434.978 116.727 2 263.268 -120.192
570 444.978 116.727 2 272.944 -250
571 454.978 116.727 2 282.643 -250
572 464.978 116.727 2 292.362 -250
573 474.978 116.727 2 302.1 -128.159
574 484.978 116.727 2 311.854 -134.356
575 84.9784 126.727 2 120.459 -80.39
576 94.9784 126.727 2 112.689 -80.1257
577 104.978 126.727 2 105.296 -112.982
578 114.978 126.727 2 98.3657 -250
579 124.978 126.727 2 92.0015 -250
580 134.978 126.727 2 86.3294 -250
581 144.978 126.727 2 81.4939 -250
582 154.978 126.727 2 77.6513 -250
583 164.978 126.727 2 74.9547 -250
584 174.978 126.727 2 73.5302 -250
585 184.978 126.727 2 73.4519 -74.9591
586 194.978 126.727 2 74.7239 -96.9408
587 204.978 126.727 2 77.2796 -101.709
588 214.978 126.727 2 80.9977 -103.843
589 224.978 126.727 2 85.7269 -250
590 234.978 126.727 2 91.3104 -250
591 244.978 126.727 2 97.6016 -250
592 254.978 126.727 2 104.473 -93.9081
593 264.978 126.727 2 111.817 -95.9996
594 274.978 126.727 2 119.547 -94.4564
595 284.978 126.727 2 127.593 -95.0351
596 294.978 126.727 2 135.899 -93.0421
597 304.978 126.727 2 144.419 -95.5856
598 314.978 126.727 2 153.119 -104.247
599 324.978 126.727 2 161.969 -250
600 334.978 126.727 2 170.946 -250
601 344.978 126.727 2 180.03 -250
602 354.978 126.727 2 189.207 -250
603 364.978 126.727 2 198.464 -250
604 374.978 126.727 2 207.789 -250
605 384.978 126.727 2 217.175 -250
606 394.978 126.727 2 226.613 -250
607 404.978 126.727 2 236.097 -250
608 414.978 126.727 2 245.622 -250
609 424.978 126.727 2 255.184 -96.7387
610 434.978 126.727 2 264.778 -114.6
611 444.978 126.727 2 274.401 -250
612 454.978 126.727 2 284.05 -250
613 464.978 126.727 2 293.722 -250
614 474.978 126.727 2 303.416 -135.399
615 484.978 126.727 2 313.129 -127.017
616 84.9784 136.727 2 124.529 -82.6721
617 94.9784 136.727 2 117.029 -81.1502
618 104.978 136.727 2 109.929 -86.018
619 114.978 136.727 2 103.309 -86.0438
620 124.978 136.727 2 97.2692 -104.342
621 134.978 136.727 2 91.9227 -250
622 144.978 136.727 2 87.3972 -250
623 154.978 136.727 2 83.8257 -250
624 164.978 136.727 2 81.3341 -250
625 174.978 136.727 2 80.0232 -250
626 184.978 136.727 2 79.9512 -75.3693
627 194.978 136.727 2 81.1214 -80.3931
628 204.978 136.727 2 83.4815 -118.688
629 214.978 136.727 2 86.9347 -93.0798
630 224.978 136.727 2 91.3571 -250
631 234.978 136.727 2 96.6158 -250
632 244.978 136.727 2 102.582 -250
633 254.978 136.727 2 109.14 -88.1305
634 264.978 136.727 2 116.19 -90.8586
635 274.978 136.727 2 123.647 -86.6106
636 284.978 136.727 2 131.442 -90.6623
637 294.978 136.727 2 139.519 -96.743
638 304.978 136.727 2 147.831 -95.5545
639 314.978 136.727 2 156.341 -109.518
640 324.978 136.727 2 165.018 -250
641 334.978 136.727 2 173.837 -250
642 344.978 136.727 2 182.778 -250
643 354.978 136.727 2 191.824 -250
644 364.978 136.727 2 200.96 -250
645 374.978 136.727 2 210.175 -250
646 384.978 136.727 2 219.458 -250
647 394.978 136.727 2 228.802 -250
648 404.978 136.727 2 238.199 -250
649 414.978 136.727 2 247.643 -250
650 424.978 136.727 2 257.13 -114.743
651 434.978 136.727 2 266.654 -97.7478
652 444.978 136.727 2 276.211 -250
653 454.978 136.727 2 285.799 -250
654 464.978 136.727 2 295.414 -250
655 474.978 136.727 2 305.054 -125.626
656 484.978 136.727 2 314.717 -117.962
657 84.9784 146.727 2 129.245 -81.5932
658 94.9784 146.727 2 122.036 -84.1834
659 104.978 146.727 2 115.245 -84.2809
660 114.978 146.727 2 108.949 -81.4346
661 124.978 146.727 2 103.239 -99.6664
662 134.978 146.727 2 98.2181 -107.03
663 144.978 146.727 2 93.9962 -97.2832
664 154.978 146.727 2 90.685 -101.838
665 164.978 146.727 2 88.3869 -105.625
666 174.978 146.727 2 87.1822 -103.843
667 184.978 146.727 2 87.1161 -80.5739
668 194.978 146.727 2 88.1913 -84.2893
669 204.978 146.727 2 90.3669 -80.3254
670 214.978 146.727 2 93.5664 -81.9843
671 224.978 146.727 2 97.689 -81.1214
672 234.978 146.727 2 102.624 -88.1464
673 244.978 146.727 2 108.259 -91.2405
674 254.978 146.727 2 114.493 -91.6375
675 264.978 146.727 2 121.231 -91.8268
676 274.978 146.727 2 128.396 -91.1166
677 284.978 146.727 2 135.919 -89.2378
678 294.978 146.727 2 143.745 -90.1867
679 304.978 146.727 2 151.826 -85.9867
680 314.978 146.727 2 160.123 -81.6499
681 324.978 146.727 2 168.606 -92.3216
682 334.978 146.727 2 177.247 -99.5821
683 344.978 146.727 2 186.024 -86.6673
684 354.978 146.727 2 194.919 -93.7233
685 364.978 146.727 2 203.916 -99.0406
686 374.978 146.727 2 213.003 -99.2464
687 384.978 146.727 2 222.169 -94.2429
688 394.978 146.727 2 231.403 -94.4078
689 404.978 146.727 2 240.699 -95.9331
690 414.978 146.727 2 250.049 -104.847
691 424.978 146.727 2 259.447 -114.098
692 434.978 146.727 2 268.889 -98.5146
693 444.978 146.727 2 278.37 -105.262
694 454.978 146.727 2 287.886 -109.296
695 464.978 146.727 2 297.434 -113.324
696 474.978 146.727 2 307.01 -108.943
697 484.978 146.727 2 316.613 -101.67
698 84.9784 156.727 2 134.541 -81.6056
699 94.9784 156.727 2 127.632 -79.9343
700 104.978 156.727 2 121.154 -81.4477
701 114.978 156.727 2 115.182 -83.7335
702 124.978 156.727 2 109.797 -81.3175
703 134.978 156.727 2 105.09 -77.6949
704 144.978 156.727 2 101.155 -78.4338
705 154.978 156.727 2 98.0856 -85.3534
706 164.978 156.727 2 95.9649 -84.5497
707 174.978 156.727 2 94.8565 -85.4903
708 184.978 156.727 2 94.7957 -76.2913
709 194.978 156.727 2 95.7847 -76.9309
710 204.978 156.727 2 97.7916 -91.0241
711 214.978 156.727 2 100.756 -78.8443
712 224.978 156.727 2 104.595 -76.0062
713 234.978 156.727 2 109.218 -91.4116
714 244.978 156.727 2 114.53 -93.5105
715 254.978 156.727 2 120.439 -114.087
716 264.978 156.727 2 126.862 -90.2863
717 274.978 156.727 2 133.726 -97.9111
718 284.978 156.727 2 140.965 -95.436
719 294.978 156.727 2 148.525 -83.7653
720 304.978 156.727 2 156.359 -79.3803
721 314.978 156.727 2 164.428 -85.2292
722 324.978 156.727 2 172.699 -89.94
723 334.978 156.727 2 181.145 -89.604
724 344.978 156.727 2 189.742 -81.9938
725 354.978 156.727 2 198.47 -82.7728
726 364.978 156.727 2 207.314 -92.7936
727 374.978 156.727 2 216.258 -99.7081
728 384.978 156.727 2 225.291 -104.893
729 394.978 156.727 2 234.402 -93.7779
730 404.978 156.727 2 243.583 -95.4357
731 414.978 156.727 2 252.827 -96.2241
732 424.978 156.727 2 262.126 -94.8241
733 434.978 156.727 2 271.474 -98.9132
734 444.978 156.727 2 280.868 -104.022
735 454.978 156.727 2 290.302 -101.798
736 464.978 156.727 2 299.773 -93.0021
737 474.978 156.727 2 309.277 -110.184
738 484.978 156.727 2 318.811 -118.501
739 84.9784 166.727 2 140.351 -85.7987
740 94.9784 166.727 2 133.742 -82.873
741 104.978 166.727 2 127.575 -78.33
742 114.978 166.727 2 121.918 -80.8462
743 124.978 166.727 2 116.843 -81.9655
744 134.978 166.727 2 112.431 -78.5453
745 144.978 166.727 2 108.763 -84.0262
746 154.978 166.727 2 105.914 -78.1533
747 164.978 166.727 2 103.953 -80.6494
748 174.978 166.727 2 102.931 -85.0448
749 184.978 166.727 2 102.875 -83.6596
750 194.978 166.727 2 103.787 -79.9157
751 204.978 166.727 2 105.642 -78.8357
752 214.978 166.727 2 108.391 -83.6819
753 224.978 166.727 2 111.97 -250
754 234.978 166.727 2 116.3 -91.4328
755 244.978 166.727 2 121.302 -250
756 254.978 166.727 2 126.896 -250
757 264.978 166.727 2 133.008 -250
758 274.978 166.727 2 139.569 -112.59
759 284.978 166.727 2 146.52 -91.9533
760 294.978 166.727 2 153.807 -250
761 304.978 166.727 2 161.385 -250
762 314.978 166.727 2 169.214 -250
763 324.978 166.727 2 177.263 -250
764 334.978 166.727 2 185.501 -250
765 344.978 166.727 2 193.905 -250
766 354.978 166.727 2 202.454 -101.975
767 364.978 166.727 2 211.13 -90.7588
768 374.978 166.727 2 219.919 -250
769 384.978 166.727 2 228.808 -111.322
770 394.978 166.727 2 237.784 -94.8748
771 404.978 166.727 2 246.84 -94.8253
772 414.978 166.727 2 255.966 -95.1126
773 424.978 166.727 2 265.154 -95.8796
774 434.978 166.727 2 274.4 -92.89
775 444.978 166.727 2 283.697 -250
776 454.978 166.727 2 293.04 -250
777 464.978 166.727 2 302.425 -250
778 474.978 166.727 2 311.848 -123.433
779 484.978 166.727 2 321.306 -120.909
780 84.9784 176.727 2 146.613 -82.4498
781 94.9784 176.727 2 140.299 -84.4443
782 104.978 176.727 2 134.434 -84.8858
783 114.978 176.727 2 129.077 -82.7793
784 124.978 176.727 2 124.296 -83.2587
785 134.978 176.727 2 120.158 -79.6339
786 144.978 176.727 2 116.732 -82.5488
787 154.978 176.727 2 114.083 -81.5454
788 164.978 176.727 2 112.264 -78.3213
789 174.978 176.727 2 111.318 -78.5582
790 184.978 176.727 2 111.267 -78.361
791 194.978 176.727 2 112.11 -78.4089
792 204.978 176.727 2 113.83 -81.5184
793 214.978 176.727 2 116.386 -79.7981
794 224.978 176.727 2 119.726 -250
795 234.978 176.727 2 123.785 -90.3142
796 244.978 176.727 2 128.496 -250
797 254.978 176.727 2 133.79 -250
798 264.978 176.727 2 139.6 -250
799 274.978 176.727 2 145.865 -87.0342
800 284.978 176.727 2 152.529 -91.613
801 294.978 176.727 2 159.542 -250
802 304.978 176.727 2 166.859 -250
803 314.978 176.727 2 174.444 -250
804 324.978 176.727 2 182.261 -250
805 334.978 176.727 2 190.283 -250
806 344.978 176.727 2 198.484 -250
807 354.978 176.727 2 206.844 -107.08
808 364.978 176.727 2 215.344 -101.19
809 374.978 176.727 2 223.967 -250
810 384.978 176.727 2 232.701 -114.23
811 394.978 176.727 2 241.533 -109.852
812 404.978 176.727 2 250.453 -107.346
813 414.978 176.727 2 259.452 -99.0985
814 424.978 176.727 2 268.522 -102.095
815 434.978 176.727 2 277.655 -99.3856
816 444.978 176.727 2 286.846 -250
817 454.978 176.727 2 296.09 -250
818 464.978 176.727 2 305.381 -250
819 474.978 176.727 2 314.716 -123.829
820 484.978 176.727 2 324.091 -127.155
821 84.9784 186.727 2 153.273 -85.3566
822 94.9784 186.727 2 147.245 -81.4158
823 104.978 186.727 2 141.667 -85.2106
824 114.978 186.727 2 136.594 -80.7563
825 124.978 186.727 2 132.085 -86.9958
826 134.978 186.727 2 128.199 -79.9522
827 144.978 186.727 2 124.993 -81.8597
828 154.978 186.727 2 122.523 -84.5786
829 164.978 186.727 2 120.832 -80.7276
830 174.978 186.727 2 119.953 -79.3545
831 184.978 186.727 2 119.905 -79.639
832 194.978 186.727 2 120.689 -79.8645
833 204.978 186.727 2 122.288 -85.9871
834 214.978 186.727 2 124.671 -78.2547
835 224.978 186.727 2 127.794 -250
836 234.978 186.727 2 131.604 -96.6874
837 244.978 186.727 2 136.045 -250
838 254.978 186.727 2 141.056 -250
839 264.978 186.727 2 146.578 -250
840 274.978 186.727 2 152.557 -95.4973
841 284.978 186.727 2 158.941 -93.2452
842 294.978 186.727 2 165.682 -115.59
843 304.978 186.727 2 172.74 -104.025
844 314.978 186.727 2 180.077 -108.25
845 324.978 186.727 2 187.659 -98.7898
846 334.978 186.727 2 195.46 -250
847 344.978 186.727 2 203.453 -250
848 354.978 186.727 2 211.616 -250
849 364.978 186.727 2 219.932 -250
850 374.978 186.727 2 228.382 -250
851 384.978 186.727 2 236.953 -97.524
852 394.978 186.727 2 245.633 -99.1807
853 404.978 186.727 2 254.409 -102.656
854 414.978 186.727 2 263.272 -106.479
855 424.978 186.727 2 272.215 -97.3614
856 434.978 186.727 2 281.228 -99.7892
857 444.978 186.727 2 290.306 -250
858 454.978 186.727 2 299.443 -250
859 464.978 186.727 2 308.634 -250
860 474.978 186.727 2 317.873 -134.729
861 484.978 186.727 2 327.157 -131.471
862 84.9784 196.727 2 160.279 -82.9426
863 94.9784 196.727 2 154.525 -82.6078
864 104.978 196.727 2 149.219 -82.3713
865 114.978 196.727 2 144.412 -84.4064
866 124.978 196.727 2 140.155 -81.6271
867 134.978 196.727 2 136.499 -80.4887
868 144.978 196.727 2 133.493 -82.9349
869 154.978 196.727 2 131.183 -85.3474
870 164.978 196.727 2 129.605 -82.5453
871 174.978 196.727 2 128.786 -80.8058
872 184.978 196.727 2 128.741 -80.0717
873 194.978 196.727 2 129.471 -81.1059
874 204.978 196.727 2 130.963 -87.2819
875 214.978 196.727 2 133.191 -96.8425
876 224.978 196.727 2 136.118 -250
877 234.978 196.727 2 139.702 -96.7474
878 244.978 196.727 2 143.893 -104.388
879 254.978 196.727 2 148.639 -120.588
880 264.978 196.727 2 153.89 -90.6443
881 274.978 196.727 2 159.595 -91.8066
882 284.978 196.727 2 165.708 -105.6
883 294.978 196.727 2 172.185 -98.861
884 304.978 196.727 2 178.986 -88.406
885 314.978 196.727 2 186.077 -91.9343
886 324.978 196.727 2 193.425 -90.9299
887 334.978 196.727 2 201.001 -250
888 344.978 196.727 2 208.782 -250
889 354.978 196.727 2 216.745 -114.828
890 364.978 196.727 2 224.871 -109.464
891 374.978 196.727 2 233.143 -129.535
892 384.978 196.727 2 241.545 -94.6609
893 394.978 196.727 2 250.065 -94.99
894 404.978 196.727 2 258.691 -96.2887
895 414.978 196.727 2 267.412 -104.323
896 424.978 196.727 2 276.221 -250
897 434.978 196.727 2 285.108 -250
898 444.978 196.727 2 294.066 -250
899 454.978 196.727 2 303.09 -250
900 464.978 196.727 2 312.173 -250
901 474.978 196.727 2 321.31 -121.828
902 484.978 196.727 2 330.498 -128.678
903 84.9784 206.727 2 167.59 -87.1744
904 94.9784 206.727 2 162.096 -84.0107
905 104.978 206.727 2 157.046 -83.9745
906 114.978 206.727 2 152.486 -119.502
907 124.978 206.727 2 148.46 -250
908 134.978 206.727 2 145.014 -78.71
909 144.978 206.727 2 142.188 -85.4729
910 154.978 206.727 2 140.021 -84.3218
911 164.978 206.727 2 138.544 -81.4754
912 174.978 206.727 2 137.778 -82.2656
913 184.978 206.727 2 137.736 -81.6751
914 194.978 206.727 2 138.419 -80.9072
915 204.978 206.727 2 139.815 -83.5113
916 214.978 206.727 2 141.904 -85.1023
917 224.978 206.727 2 144.656 -85.9339
918 234.978 206.727 2 148.033 -105.836
919 244.978 206.727 2 151.994 -90.4589
920 254.978 206.727 2 156.495 -91.1093
921 264.978 206.727 2 161.491 -92.8852
922 274.978 206.727 2 166.936 -111.265
923 284.978 206.727 2 172.789 -116.633
924 294.978 206.727 2 179.01 -110.247
925 304.978 206.727 2 185.562 -82.2756
926 314.978 206.727 2 192.41 -84.1851
927 324.978 206.727 2 199.525 -89.4485
928 334.978 206.727 2 206.878 -250
929 344.978 206.727 2 214.446 -250
930 354.978 206.727 2 222.206 -99.5952
931 364.978 206.727 2 230.139 -97.7441
932 374.978 206.727 2 238.228 -95.4422
933 384.978 206.727 2 246.457 -98.8114
934 394.978 206.727 2 254.813 -110.477
935 404.978 206.727 2 263.283 -108.75
936 414.978 206.727 2 271.857 -106.345
937 424.978 206.727 2 280.526 -250
938 434.978 206.727 2 289.281 -250
939 444.978 206.727 2 298.114 -250
940 454.978 206.727 2 307.018 -250
941 464.978 206.727 2 315.989 -250
942 474.978 206.727 2 325.019 -125.865
943 484.978 206.727 2 334.104 -129.94
944 84.9784 216.727 2 175.167 -83.8802
945 94.9784 216.727 2 169.918 -83.9397
946 104.978 216.727 2 165.108 -91.7607
947 114.978 216.727 2 160.776 -124.171
948 124.978 216.727 2 156.963 -250
949 134.978 216.727 2 153.707 -88.0856
950 144.978 216.727 2 151.044 -82.8586
951 154.978 216.727 2 149.006 -82.9995
952 164.978 216.727 2 147.619 -79.9124
953 174.978 216.727 2 146.901 -81.3584
954 184.978 216.727 2 146.862 -81.0201
955 194.978 216.727 2 147.502 -81.2392
956 204.978 216.727 2 148.813 -80.9544
957 214.978 216.727 2 150.777 -81.7462
958 224.978 216.727 2 153.37 -87.3582
959 234.978 216.727 2 156.559 -96.9932
960 244.978 216.727 2 160.31 -86.3614
961 254.978 216.727 2 164.583 -90.9254
962 264.978 216.727 2 169.34 -93.942
963 274.978 216.727 2 174.541 -89.5335
964 284.978 216.727 2 180.148 -96.2751
965 294.978 216.727 2 186.123 -250
966 304.978 216.727 2 192.432 -250
967 314.978 216.727 2 199.044 -250
968 324.978 216.727 2 205.93 -250
969 334.978 216.727 2 213.062 -250
970 344.978 216.727 2 220.418 -250
971 354.978 216.727 2 227.975 -103.345
972 364.978 216.727 2 235.714 -102.85
973 374.978 216.727 2 243.618 -103.657
974 384.978 216.727 2 251.67 -108.645
975 394.978 216.727 2 259.859 -113.177
976 404.978 216.727 2 268.17 -123.3
977 414.978 216.727 2 276.593 -120.324
978 424.978 216.727 2 285.117 -250
979 434.978 216.727 2 293.735 -250
980 444.978 216.727 2 302.438 -250
981 454.978 216.727 2 311.219 -250
982 464.978 216.727 2 320.072 -250
983 474.978 216.727 2 328.99 -117.385
984 484.978 216.727 2 337.969 -116.644
985 84.9784 226.727 2 182.977 -86.4352
986 94.9784 226.727 2 177.958 -86.292
987 104.978 226.727 2 173.371 -250
988 114.978 226.727 2 169.251 -250
989 124.978 226.727 2 165.634 -250
990 134.978 226.727 2 162.551 -85.1067
991 144.978 226.727 2 160.036 -86.4852
992 154.978 226.727 2 158.114 -84.4502
993 164.978 226.727 2 156.807 -85.4453
994 174.978 226.727 2 156.131 -83.0967
995 184.978 226.727 2 156.094 -83.9171
996 194.978 226.727 2 156.697 -84.6164
997 204.978 226.727 2 157.931 -84.7347
998 214.978 226.727 2 159.784 -84.2366
999 224.978 226.727 2 162.232 -86.8005
1000 234.978 226.727 2 165.251 -85.2295
1001 244.978 226.727 2 168.808 -82.5308
1002 254.978 226.727 2 172.872 -83.6786
1003 264.978 226.727 2 177.407 -82.7165
1004 274.978 226.727 2 182.378 -86.6606
1005 284.978 226.727 2 187.75 -88.4618
1006 294.978 226.727 2 193.491 -250
1007 304.978 226.727 2 199.567 -250
1008 314.978 226.727 2 205.951 -250
1009 324.978 226.727 2 212.613 -250
1010 334.978 226.727 2 219.528 -250
1011 344.978 226.727 2 226.674 -250
1012 354.978 226.727 2 234.029 -116.229
1013 364.978 226.727 2 241.574 -106.855
1014 374.978 226.727 2 249.292 -107.259
1015 384.978 226.727 2 257.167 -102.516
1016 394.978 226.727 2 265.186 -108.053
1017 404.978 226.727 2 273.335 -102.347
1018 414.978 226.727 2 281.603 -121.858
1019 424.978 226.727 2 289.981 -250
1020 434.978 226.727 2 298.458 -250
1021 444.978 226.727 2 307.028 -250
1022 454.978 226.727 2 315.681 -250
1023 464.978 226.727 2 324.412 -250
1024 474.978 226.727 2 333.214 -111.342
1025 484.978 226.727 2 342.082 -111.102
1026 84.9784 236.727 2 190.991 -85.5824
1027 94.9784 236.727 2 186.188 -92.9897
1028 104.978 236.727 2 181.809 -99.2259
1029 114.978 236.727 2 177.885 -101.976
1030 124.978 236.727 2 174.446 -250
1031 134.978 236.727 2 171.523 -79.8554
1032 144.978 236.727 2 169.14 -88.8995
1033 154.978 236.727 2 167.323 -90.5392
1034 164.978 236.727 2 166.089 -89.0442
1035 174.978 236.727 2 165.451 -84.6199
1036 184.978 236.727 2 165.416 -84.995
1037 194.978 236.727 2 165.985 -84.4003
1038 204.978 236.727 2 167.151 -85.6331
1039 214.978 236.727 2 168.902 -89.3701
1040 224.978 236.727 2 171.22 -81.0932
1041 234.978 236.727 2 174.083 -82.504
1042 244.978 236.727 2 177.463 -81.937
1043 254.978 236.727 2 181.333 -84.2107
1044 264.978 236.727 2 185.662 -82.3138
1045 274.978 236.727 2 190.417 -94.2425
1046 284.978 236.727 2 195.569 -83.2525
1047 294.978 236.727 2 201.086 -250
1048 304.978 236.727 2 206.94 -250
1049 314.978 236.727 2 213.102 -250
1050 324.978 236.727 2 219.548 -250
1051 334.978 236.727 2 226.251 -250
1052 344.978 236.727 2 233.191 -250
1053 354.978 236.727 2 240.347 -122.046
1054 364.978 236.727 2 247.7 -111.158
1055 374.978 236.727 2 255.232 -118.532
1056 384.978 236.727 2 262.93 -114.719
1057 394.978 236.727 2 270.778 -106.204
1058 404.978 236.727 2 278.763 -98.4299
1059 414.978 236.727 2 286.875 -250
1060 424.978 236.727 2 295.103 -250
1061 434.978 236.727 2 303.438 -250
1062 444.978 236.727 2 311.87 -250
1063 454.978 236.727 2 320.393 -250
1064 464.978 236.727 2 328.998 -250
1065 474.978 236.727 2 337.681 -122.486
1066 484.978 236.727 2 346.434 -105.863
1067 84.9784 246.727 2 199.185 -86.467
1068 94.9784 246.727 2 194.584 -99.8727
1069 104.978 246.727 2 190.398 -99.8729
1070 114.978 246.727 2 186.655 -97.3347
1071 124.978 246.727 2 183.381 -99.4781
1072 134.978 246.727 2 180.602 -83.1029
1073 144.978 246.727 2 178.341 -85.3699
1074 154.978 246.727 2 176.618 -81.3601
1075 164.978 246.727 2 175.449 -81.2255
1076 174.978 246.727 2 174.845 -81.6856
1077 184.978 246.727 2 174.812 -84.6431
1078 194.978 246.727 2 175.351 -84.3039
1079 204.978 246.727 2 176.455 -85.0023
1080 214.978 246.727 2 178.115 -89.464
1081 224.978 246.727 2 180.315 -88.6285
1082 234.978 246.727 2 183.035 -87.1886
1083 244.978 246.727 2 186.253 -91.1819
1084 254.978 246.727 2 189.944 -83.7222
1085 264.978 246.727 2 194.081 -82.0858
1086 274.978 246.727 2 198.635 -83.124
1087 284.978 246.727 2 203.579 -82.2
1088 294.978 246.727 2 208.884 -85.8472
1089 304.978 246.727 2 214.525 -92.9317
1090 314.978 246.727 2 220.476 -95.1674
1091 324.978 246.727 2 226.712 -99.1403
1092 334.978 246.727 2 233.209 -100.839
1093 344.978 246.727 2 239.948 -106.989
1094 354.978 246.727 2 246.908 -107.598
1095 364.978 246.727 2 254.071 -126.887
1096 374.978 246.727 2 261.42 -109.437
1097 384.978 246.727 2 268.941 -105.765
1098 394.978 246.727 2 276.618 -129.123
1099 404.978 246.727 2 284.44 -111.502
1100 414.978 246.727 2 292.394 -106.281
1101 424.978 246.727 2 300.471 -115.276
1102 434.978 246.727 2 308.661 -109.55
1103 444.978 246.727 2 316.954 -111.828
1104 454.978 246.727 2 325.344 -122.562
1105 464.978 246.727 2 333.822 -114.214
1106 474.978 246.727 2 342.382 -107.838
1107 484.978 246.727 2 351.018 -110.347
1108 84.9784 256.727 2 207.537 -99.124
1109 94.9784 256.727 2 203.126 -96.4186
1110 104.978 256.727 2 199.119 -96.3461
1111 114.978 256.727 2 195.543 -98.5112
1112 124.978 256.727 2 192.42 -97.6368
1113 134.978 256.727 2 189.774 -82.8547
1114 144.978 256.727 2 187.623 -80.8624
1115 154.978 256.727 2 185.986 -89.7665
1116 164.978 256.727 2 184.877 -91.5881
1117 174.978 256.727 2 184.304 -84.608
1118 184.978 256.727 2 184.273 -85.2003
1119 194.978 256.727 2 184.783 -89.2746
1120 204.978 256.727 2 185.832 -83.3105
1121 214.978 256.727 2 187.408 -84.7601
1122 224.978 256.727 2 189.5 -86.4287
1123 234.978 256.727 2 192.091 -85.8667
1124 244.978 256.727 2 195.16 -89.0439
1125 254.978 256.727 2 198.685 -85.1722
1126 264.978 256.727 2 202.643 -83.0288
1127 274.978 256.727 2 207.009 -92.0732
1128 284.978 256.727 2 211.758 -87.5176
1129 294.978 256.727 2 216.863 -84.5771
1130 304.978 256.727 2 222.302 -95.8021
1131 314.978 256.727 2 228.05 -111.619
1132 324.978 256.727 2 234.084 -101.527
1133 334.978 256.727 2 240.382 -114.044
1134 344.978 256.727 2 246.925 -127.086
1135 354.978 256.727 2 253.694 -112.023
1136 364.978 256.727 2 260.67 -116.588
1137 374.978 256.727 2 267.839 -119.332
1138 384.978 256.727 2 275.184 -111.665
1139 394.978 256.727 2 282.692 -123.207
1140 404.978 256.727 2 290.35 -105.943
1141 414.978 256.727 2 298.147 -105.473
1142 424.978 256.727 2 306.072 -116.45
1143 434.978 256.727 2 314.115 -109.912
1144 444.978 256.727 2 322.268 -113.929
1145 454.978 256.727 2 330.523 -118.608
1146 464.978 256.727 2 338.872 -114.044
1147 474.978 256.727 2 347.307 -111.245
1148 484.978 256.727 2 355.824 -108.271
1149 84.9784 266.727 2 216.029 -96.6942
1150 94.9784 266.727 2 211.795 -97.1986
1151 104.978 266.727 2 207.956 -93.0243
1152 114.978 266.727 2 204.534 -98.2796
1153 124.978 266.727 2 201.55 -89.9711
1154 134.978 266.727 2 199.025 -250
1155 144.978 266.727 2 196.976 -250
1156 154.978 266.727 2 195.417 -250
1157 164.978 266.727 2 194.362 -250
1158 174.978 266.727 2 193.817 -84.5553
1159 184.978 266.727 2 193.787 -86.6859
1160 194.978 266.727 2 194.273 -84.038
1161 204.978 266.727 2 195.27 -86.9463
1162 214.978 266.727 2 196.771 -84.1113
1163 224.978 266.727 2 198.765 -87.9586
1164 234.978 266.727 2 201.236 -88.692
1165 244.978 266.727 2 204.167 -250
1166 254.978 266.727 2 207.54 -250
1167 264.978 266.727 2 211.332 -250
1168 274.978 266.727 2 215.522 -92.5732
1169 284.978 266.727 2 220.087 -84.9392
1170 294.978 266.727 2 225.004 -250
1171 304.978 266.727 2 230.25 -250
1172 314.978 266.727 2 235.804 -250
1173 324.978 266.727 2 241.645 -250
1174 334.978 266.727 2 247.751 -250
1175 344.978 266.727 2 254.105 -250
1176 354.978 266.727 2 260.687 -250
1177 364.978 266.727 2 267.481 -250
1178 374.978 266.727 2 274.471 -250
1179 384.978 266.727 2 281.644 -250
1180 394.978 266.727 2 288.984 -250
1181 404.978 266.727 2 296.479 -250
1182 414.978 266.727 2 304.119 -250
1183 424.978 266.727 2 311.893 -250
1184 434.978 266.727 2 319.79 -250
1185 444.978 266.727 2 327.802 -250
1186 454.978 266.727 2 335.92 -250
1187 464.978 266.727 2 344.138 -250
1188 474.978 266.727 2 352.448 -118.705
1189 484.978 266.727 2 360.843 -102.906
1190 84.9784 276.727 2 224.646 -91.0661
1191 94.9784 276.727 2 220.577 -96.7461
1192 104.978 276.727 2 216.893 -94.5259
1193 114.978 276.727 2 213.614 -100.514
1194 124.978 276.727 2 210.759 -98.1921
1195 134.978 276.727 2 208.346 -250
1196 144.978 276.727 2 206.389 -250
1197 154.978 276.727 2 204.902 -250
1198 164.978 276.727 2 203.896 -250
1199 174.978 276.727 2 203.376 -83.5987
1200 184.978 276.727 2 203.348 -88.5307
1201 194.978 276.727 2 203.811 -88.0396
1202 204.978 276.727 2 204.762 -85.0392
1203 214.978 276.727 2 206.194 -87.8975
1204 224.978 276.727 2 208.097 -86.6191
1205 234.978 276.727 2 210.459 -82.839
1206 244.978 276.727 2 213.264 -250
1207 254.978 276.727 2 216.494 -250
1208 264.978 276.727 2 220.132 -250
1209 274.978 276.727 2 224.158 -107.008
1210 284.978 276.727 2 228.55 -88.6494
1211 294.978 276.727 2 233.289 -250
1212 304.978 276.727 2 238.353 -250
1213 314.978 276.727 2 243.723 -250
1214 324.978 276.727 2 249.378 -250
1215 334.978 276.727 2 255.299 -250
1216 344.978 276.727 2 261.469 -250
1217 354.978 276.727 2 267.871 -250
1218 364.978 276.727 2 274.487 -250
1219 374.978 276.727 2 281.303 -250
1220 384.978 276.727 2 288.306 -250
1221 394.978 276.727 2 295.48 -250
1222 404.978 276.727 2 302.815 -250
1223 414.978 276.727 2 310.299 -250
1224 424.978 276.727 2 317.921 -250
1225 434.978 276.727 2 325.672 -250
1226 444.978 276.727 2 333.543 -250
1227 454.978 276.727 2 341.525 -250
1228 464.978 276.727 2 349.611 -250
1229 474.978 276.727 2 357.794 -107.505
1230 484.978 276.727 2 366.067 -113.235
1231 84.9784 286.727 2 233.372 -91.4105
1232 94.9784 286.727 2 229.458 -87.5226
1233 104.978 286.727 2 225.919 -91.2448
1234 114.978 286.727 2 222.774 -89.6475
1235 124.978 286.727 2 220.038 -110.439
1236 134.978 286.727 2 217.727 -250
1237 144.978 286.727 2 215.855 -250
1238 154.978 286.727 2 214.434 -250
1239 164.978 286.727 2 213.473 -250
1240 174.978 286.727 2 212.977 -84.1634
1241 184.978 286.727 2 212.949 -86.6898
1242 194.978 286.727 2 213.392 -86.5465
1243 204.978 286.727 2 214.3 -86.4332
1244 214.978 286.727 2 215.669 -85.4845
1245 224.978 286.727 2 217.489 -86.7584
1246 234.978 286.727 2 219.75 -83.9283
1247 244.978 286.727 2 222.437 -250
1248 254.978 286.727 2 225.537 -250
1249 264.978 286.727 2 229.031 -250
1250 274.978 286.727 2 232.903 -109.789
1251 284.978 286.727 2 237.134 -92.2542
1252 294.978 286.727 2 241.704 -250
1253 304.978 286.727 2 246.595 -250
1254 314.978 286.727 2 251.789 -250
1255 324.978 286.727 2 257.267 -250
1256 334.978 286.727 2 263.011 -250
1257 344.978 286.727 2 269.004 -250
1258 354.978 286.727 2 275.23 -250
1259 364.978 286.727 2 281.674 -250
1260 374.978 286.727 2 288.32 -250
1261 384.978 286.727 2 295.156 -250
1262 394.978 286.727 2 302.168 -250
1263 404.978 286.727 2 309.345 -250
1264 414.978 286.727 2 316.674 -250
1265 424.978 286.727 2 324.147 -250
1266 434.978 286.727 2 331.752 -250
1267 444.978 286.727 2 339.482 -250
1268 454.978 286.727 2 347.328 -250
1269 464.978 286.727 2 355.282 -250
1270 474.978 286.727 2 363.337 -123.453
1271 484.978 286.727 2 371.486 -119
1272 84.9784 296.727 2 242.198 -88.4226
1273 94.9784 296.727 2 238.429 -87.8002
1274 104.978 296.727 2 235.025 -85.1009
1275 114.978 296.727 2 232.002 -86.2676
1276 124.978 296.727 2 229.377 -103.705
1277 134.978 296.727 2 227.161 -250
1278 144.978 296.727 2 225.368 -250
1279 154.978 296.727 2 224.007 -250
1280 164.978 296.727 2 223.086 -250
1281 174.978 296.727 2 222.612 -98.2492
1282 184.978 296.727 2 222.586 -88.2325
1283 194.978 296.727 2 223.009 -87.6765
1284 204.978 296.727 2 223.878 -86.9568
1285 214.978 296.727 2 225.189 -87.4193
1286 224.978 296.727 2 226.933 -87.9927
1287 234.978 296.727 2 229.1 -86.3299
1288 244.978 296.727 2 231.679 -250
1289 254.978 296.727 2 234.657 -250
1290 264.978 296.727 2 238.018 -250
1291 274.978 296.727 2 241.745 -91.043
1292 284.978 296.727 2 245.824 -91.5613
1293 294.978 296.727 2 250.235 -250
1294 304.978 296.727 2 254.963 -250
1295 314.978 296.727 2 259.99 -250
1296 324.978 296.727 2 265.298 -125.792
1297 334.978 296.727 2 270.872 -124.533
1298 344.978 296.727 2 276.695 -137.929
1299 354.978 296.727 2 282.752 -125.155
1300 364.978 296.727 2 289.028 -105.052
1301 374.978 296.727 2 295.509 -110.287
1302 384.978 296.727 2 302.182 -134.507
1303 394.978 296.727 2 309.035 -121.564
1304 404.978 296.727 2 316.056 -135.185
1305 414.978 296.727 2 323.233 -125.941
1306 424.978 296.727 2 330.557 -137.938
1307 434.978 296.727 2 338.019 -250
1308 444.978 296.727 2 345.608 -250
1309 454.978 296.727 2 353.318 -250
1310 464.978 296.727 2 361.14 -250
1311 474.978 296.727 2 369.067 -112.898
1312 484.978 296.727 2 377.093 -108.834
1313 84.9784 306.727 2 251.111 -90.3176
1314 94.9784 306.727 2 247.478 -87.0854
1315 104.978 306.727 2 244.2 -85.4187
1316 114.978 306.727 2 241.293 -90.8339
1317 124.978 306.727 2 238.769 -109.711
1318 134.978 306.727 2 236.641 -250
1319 144.978 306.727 2 234.92 -250
1320 154.978 306.727 2 233.615 -250
1321 164.978 306.727 2 232.733 -250
1322 174.978 306.727 2 232.278 -99.7175
1323 184.978 306.727 2 232.253 -84.7934
1324 194.978 306.727 2 232.659 -87.5315
1325 204.978 306.727 2 233.492 -87.546
1326 214.978 306.727 2 234.749 -85.7268
1327 224.978 306.727 2 236.422 -85.4219
1328 234.978 306.727 2 238.504 -84.1694
1329 244.978 306.727 2 240.982 -250
1330 254.978 306.727 2 243.846 -250
1331 264.978 306.727 2 247.082 -250
1332 274.978 306.727 2 250.675 -93.2488
1333 284.978 306.727 2 254.61 -101.864
1334 294.978 306.727 2 258.872 -250
1335 304.978 306.727 2 263.445 -250
1336 314.978 306.727 2 268.313 -250
1337 324.978 306.727 2 273.46 -126.59
1338 334.978 306.727 2 278.87 -250
1339 344.978 306.727 2 284.53 -250
1340 354.978 306.727 2 290.423 -250
1341 364.978 306.727 2 296.537 -108.769
1342 374.978 306.727 2 302.858 -250
1343 384.978 306.727 2 309.372 -250
1344 394.978 306.727 2 316.069 -250
1345 404.978 306.727 2 322.937 -250
1346 414.978 306.727 2 329.965 -250
1347 424.978 306.727 2 337.143 -250
1348 434.978 306.727 2 344.461 -250
1349 444.978 306.727 2 351.912 -250
1350 454.978 306.727 2 359.486 -250
1351 464.978 306.727 2 367.177 -250
1352 474.978 306.727 2 374.977 -111.675
1353 484.978 306.727 2 382.879 -128.971
1354 84.9784 316.727 2 260.103 -88.0615
1355 94.9784 316.727 2 256.597 -86.7427
1356 104.978 316.727 2 253.438 -88.5298
1357 114.978 316.727 2 250.637 -93.9853
1358 124.978 316.727 2 248.209 -109.628
1359 134.978 316.727 2 246.163 -250
1360 144.978 316.727 2 244.509 -250
1361 154.978 316.727 2 243.255 -250
1362 164.978 316.727 2 242.408 -250
1363 174.978 316.727 2 241.971 -93.3017
1364 184.978 316.727 2 241.947 -84.413
1365 194.978 316.727 2 242.337 -87.5852
1366 204.978 316.727 2 243.137 -86.5225
1367 214.978 316.727 2 244.344 -87.5418
1368 224.978 316.727 2 245.952 -107.452
1369 234.978 316.727 2 247.954 -81.4226
1370 244.978 316.727 2 250.339 -250
1371 254.978 316.727 2 253.097 -250
1372 264.978 316.727 2 256.216 -250
1373 274.978 316.727 2 259.682 -90.7485
1374 284.978 316.727 2 263.483 -95.2762
1375 294.978 316.727 2 267.604 -250
1376 304.978 316.727 2 272.03 -250
1377 314.978 316.727 2 276.747 -250
1378 324.978 316.727 2 281.74 -127.675
1379 334.978 316.727 2 286.994 -250
1380 344.978 316.727 2 292.497 -250
1381 354.978 316.727 2 298.233 -250
1382 364.978 316.727 2 304.189 -100.66
1383 374.978 316.727 2 310.354 -250
1384 384.978 316.727 2 316.715 -250
1385 394.978 316.727 2 323.259 -250
1386 404.978 316.727 2 329.977 -250
1387 414.978 316.727 2 336.858 -250
1388 424.978 316.727 2 343.893 -250
1389 434.978 316.727 2 351.071 -250
1390 444.978 316.727 2 358.384 -250
1391 454.978 316.727 2 365.824 -250
1392 464.978 316.727 2 373.385 -250
1393 474.978 316.727 2 381.057 -114.688
1394 484.978 316.727 2 388.835 -132.487
1395 84.9784 326.727 2 269.167 -90.2894
1396 94.9784 326.727 2 265.78 -89.0678
1397 104.978 326.727 2 262.731 -88.7825
1398 114.978 326.727 2 260.031 -99.5775
1399 124.978 326.727 2 257.691 -108.57
1400 134.978 326.727 2 255.721 -109.19
1401 144.978 326.727 2 254.129 -118.752
1402 154.978 326.727 2 252.923 -113.603
1403 164.978 326.727 2 252.108 -113.755
1404 174.978 326.727 2 251.688 -89.3021
1405 184.978 326.727 2 251.666 -85.3604
1406 194.978 326.727 2 252.04 -86.031
1407 204.978 326.727 2 252.809 -90.596
1408 214.978 326.727 2 253.97 -88.5004
1409 224.978 326.727 2 255.518 -87.9601
1410 234.978 326.727 2 257.445 -81.0745
1411 244.978 326.727 2 259.743 -115.298
1412 254.978 326.727 2 262.402 -113.488
1413 264.978 326.727 2 265.412 -111.234
1414 274.978 326.727 2 268.76 -90.1648
1415 284.978 326.727 2 272.434 -97.2713
1416 294.978 326.727 2 276.422 -101.991
1417 304.978 326.727 2 280.709 -116.703
1418 314.978 326.727 2 285.282 -115.232
1419 324.978 326.727 2 290.128 -112.833
1420 334.978 326.727 2 295.233 -109.955
1421 344.978 326.727 2 300.585 -98.0583
1422 354.978 326.727 2 306.169 -100.737
1423 364.978 326.727 2 311.975 -101.537
1424 374.978 326.727 2 317.989 -99.8194
1425 384.978 326.727 2 324.199 -108.754
1426 394.978 326.727 2 330.596 -106.82
1427 404.978 326.727 2 337.168 -109.998
1428 414.978 326.727 2 343.905 -107.206
1429 424.978 326.727 2 350.798 -113.536
1430 434.978 326.727 2 357.837 -113.068
1431 444.978 326.727 2 365.015 -123.484
1432 454.978 326.727 2 372.323 -116.373
1433 464.978 326.727 2 379.754 -104.388
1434 474.978 326.727 2 387.3 -115.591
1435 484.978 326.727 2 394.956 -117.463
1436 84.9784 336.727 2 278.294 -89.8821
1437 94.9784 336.727 2 275.02 -89.4594
1438 104.978 336.727 2 272.075 -88.0523
1439 114.978 336.727 2 269.468 -97.1646
1440 124.978 336.727 2 267.211 -115.38
1441 134.978 336.727 2 265.311 -127.95
1442 144.978 336.727 2 263.778 -112.171
1443 154.978 336.727 2 262.616 -119.581
1444 164.978 336.727 2 261.831 -108.366
1445 174.978 336.727 2 261.427 -88.7753
1446 184.978 336.727 2 261.405 -86.7506
1447 194.978 336.727 2 261.765 -86.7944
1448 204.978 336.727 2 262.506 -87.1345
1449 214.978 336.727 2 263.625 -87.3377
1450 224.978 336.727 2 265.116 -84.6516
1451 234.978 336.727 2 266.974 -88.4115
1452 244.978 336.727 2 269.19 -91.6339
1453 254.978 336.727 2 271.757 -108.684
1454 264.978 336.727 2 274.664 -91.8476
1455 274.978 336.727 2 277.901 -91.018
1456 284.978 336.727 2 281.456 -96.64
1457 294.978 336.727 2 285.317 -98.1438
1458 304.978 336.727 2 289.473 -108.071
1459 314.978 336.727 2 293.91 -113.714
1460 324.978 336.727 2 298.616 -123.07
1461 334.978 336.727 2 303.578 -100.186
1462 344.978 336.727 2 308.785 -97.2744
1463 354.978 336.727 2 314.224 -100.7
1464 364.978 336.727 2 319.883 -98.3407
1465 374.978 336.727 2 325.751 -102.767
1466 384.978 336.727 2 331.817 -107.266
1467 394.978 336.727 2 338.069 -110.236
1468 404.978 336.727 2 344.498 -112.886
1469 414.978 336.727 2 351.095 -112.311
1470 424.978 336.727 2 357.849 -113.167
1471 434.978 336.727 2 364.753 -114.575
1472 444.978 336.727 2 371.797 -109.913
1473 454.978 336.727 2 378.974 -114.056
1474 464.978 336.727 2 386.277 -111.16
1475 474.978 336.727 2 393.699 -121.201
1476 484.978 336.727 2 401.232 -110.99
1477 84.9784 346.727 2 287.48 -89.9272
1478 94.9784 346.727 2 284.312 -89.055
1479 104.978 346.727 2 281.464 -93.278
1480 114.978 346.727 2 278.945 -250
1481 124.978 346.727 2 276.765 -250
1482 134.978 346.727 2 274.931 -250
1483 144.978 346.727 2 273.451 -250
1484 154.978 346.727 2 272.331 -250
1485 164.978 346.727 2 271.574 -250
1486 174.978 346.727 2 271.185 -250
1487 184.978 346.727 2 271.163 -90.6264
1488 194.978 346.727 2 271.511 -93.1417
1489 204.978 346.727 2 272.225 -86.147
1490 214.978 346.727 2 273.304 -86.5085
1491 224.978 346.727 2 274.743 -85.9475
1492 234.978 346.727 2 276.536 -97.8725
1493 244.978 346.727 2 278.676 -250
1494 254.978 346.727 2 281.156 -250
1495 264.978 346.727 2 283.967 -250
1496 274.978 346.727 2 287.099 -89.7687
1497 284.978 346.727 2 290.542 -102.74
1498 294.978 346.727 2 294.284 -100.851
1499 304.978 346.727 2 298.314 -101.036
1500 314.978 346.727 2 302.622 -113.286
1501 324.978 346.727 2 307.194 -119.345
1502 334.978 346.727 2 312.021 -94.8753
1503 344.978 346.727 2 317.089 -96.3305
1504 354.978 346.727 2 322.388 -94.9542
1505 364.978 346.727 2 327.906 -98.7367
1506 374.978 346.727 2 333.633 -99.6095
1507 384.978 346.727 2 339.557 -250
1508 394.978 346.727 2 345.67 -250
1509 404.978 346.727 2 351.961 -250
1510 414.978 346.727 2 358.42 -250
1511 424.978 346.727 2 365.039 -250
1512 434.978 346.727 2 371.809 -250
1513 444.978 346.727 2 378.722 -110.145
1514 454.978 346.727 2 385.77 -250
1515 464.978 346.727 2 392.947 -250
1516 474.978 346.727 2 400.244 -117.229
1517 484.978 346.727 2 407.657 -103.764
1518 84.9784 356.727 2 296.718 -88.9368
1519 94.9784 356.727 2 293.65 -88.6864
1520 104.978 356.727 2 290.893 -250
1521 114.978 356.727 2 288.457 -250
1522 124.978 356.727 2 286.349 -250
1523 134.978 356.727 2 284.577 -250
1524 144.978 356.727 2 283.148 -250
1525 154.978 356.727 2 282.066 -250
1526 164.978 356.727 2 281.335 -250
1527 174.978 356.727 2 280.959 -250
1528 184.978 356.727 2 280.939 -88.5937
1529 194.978 356.727 2 281.274 -89.3408
1530 204.978 356.727 2 281.964 -88.0813
1531 214.978 356.727 2 283.005 -85.2192
1532 224.978 356.727 2 284.395 -91.0557
1533 234.978 356.727 2 286.128 -92.022
1534 244.978 356.727 2 288.197 -250
1535 254.978 356.727 2 290.596 -250
1536 264.978 356.727 2 293.316 -250
1537 274.978 356.727 2 296.349 -94.3415
1538 284.978 356.727 2 299.686 -98.382
1539 294.978 356.727 2 303.315 -103.259
1540 304.978 356.727 2 307.227 -88.3775
1541 314.978 356.727 2 311.411 -106.029
1542 324.978 356.727 2 315.857 -104.57
1543 334.978 356.727 2 320.552 -95.8643
1544 344.978 356.727 2 325.488 -95.1428
1545 354.978 356.727 2 330.652 -94.7516
1546 364.978 356.727 2 336.035 -93.0308
1547 374.978 356.727 2 341.625 -92.5037
1548 384.978 356.727 2 347.414 -105.537
1549 394.978 356.727 2 353.39 -250
1550 404.978 356.727 2 359.546 -250
1551 414.978 356.727 2 365.871 -250
1552 424.978 356.727 2 372.358 -250
1553 434.978 356.727 2 378.997 -250
1554 444.978 356.727 2 385.781 -111.979
1555 454.978 356.727 2 392.703 -250
1556 464.978 356.727 2 399.755 -250
1557 474.978 356.727 2 406.931 -106.793
1558 484.978 356.727 2 414.223 -107.81
1559 84.9784 366.727 2 306.005 -89.8204
1560 94.9784 366.727 2 303.03 -89.7385
1561 104.978 366.727 2 300.359 -250
1562 114.978 366.727 2 298 -250
1563 124.978 366.727 2 295.961 -250
1564 134.978 366.727 2 294.247 -250
1565 144.978 366.727 2 292.865 -250
1566 154.978 366.727 2 291.819 -250
1567 164.978 366.727 2 291.113 -250
1568 174.978 366.727 2 290.749 -250
1569 184.978 366.727 2 290.729 -96.7186
1570 194.978 366.727 2 291.053 -250
1571 204.978 366.727 2 291.72 -250
1572 214.978 366.727 2 292.727 -250
1573 224.978 366.727 2 294.071 -250
1574 234.978 366.727 2 295.747 -250
1575 244.978 366.727 2 297.749 -250
1576 254.978 366.727 2 300.072 -250
1577 264.978 366.727 2 302.707 -250
1578 274.978 366.727 2 305.647 -95.8169
1579 284.978 366.727 2 308.883 -95.6169
1580 294.978 366.727 2 312.405 -99.9981
1581 304.978 366.727 2 316.205 -89.1325
1582 314.978 366.727 2 320.272 -102.255
1583 324.978 366.727 2 324.596 -98.2285
1584 334.978 366.727 2 329.167 -94.9839
1585 344.978 366.727 2 333.975 -93.1104
1586 354.978 366.727 2 339.01 -91.7826
1587 364.978 366.727 2 344.262 -95.1719
1588 374.978 366.727 2 349.721 -96.6071
1589 384.978 366.727 2 355.378 -92.9929
1590 394.978 366.727 2 361.223 -250
1591 404.978 366.727 2 367.247 -250
1592 414.978 366.727 2 373.442 -250
1593 424.978 366.727 2 379.799 -250
1594 434.978 366.727 2 386.31 -250
1595 444.978 366.727 2 392.968 -115.606
1596 454.978 366.727 2 399.766 -250
1597 464.978 366.727 2 406.695 -250
1598 474.978 366.727 2 413.751 -110.24
1599 484.978 366.727 2 420.925 -116.682
1600 84.9784 376.727 2 315.334 -91.621
1601 94.9784 376.727 2 312.449 -93.8241
1602 104.978 376.727 2 309.859 -250
1603 114.978 376.727 2 307.573 -250
1604 124.978 376.727 2 305.597 -250
1605 134.978 376.727 2 303.938 -250
1606 144.978 376.727 2 302.6 -250
1607 154.978 376.727 2 301.588 -250
1608 164.978 376.727 2 300.905 -250
1609 174.978 376.727 2 300.553 -250
1610 184.978 376.727 2 300.534 -89.0471
1611 194.978 376.727 2 300.847 -250
1612 204.978 376.727 2 301.492 -250
1613 214.978 376.727 2 302.467 -250
1614 224.978 376.727 2 303.767 -250
1615 234.978 376.727 2 305.39 -250
1616 244.978 376.727 2 307.33 -250
1617 254.978 376.727 2 309.58 -250
1618 264.978 376.727 2 312.135 -250
1619 274.978 376.727 2 314.987 -110.533
1620 284.978 376.727 2 318.128 -99.0558
1621 294.978 376.727 2 321.549 -99.0784
1622 304.978 376.727 2 325.242 -89.878
1623 314.978 376.727 2 329.197 -90.8221
1624 324.978 376.727 2 333.406 -90.7491
1625 334.978 376.727 2 337.858 -90.3404
1626 344.978 376.727 2 342.544 -89.8181
1627 354.978 376.727 2 347.455 -90.4529
1628 364.978 376.727 2 352.581 -99.8906
1629 374.978 376.727 2 357.913 -99.7518
1630 384.978 376.727 2 363.442 -250
1631 394.978 376.727 2 369.16 -250
1632 404.978 376.727 2 375.056 -250
1633 414.978 376.727 2 381.124 -250
1634 424.978 376.727 2 387.355 -250
1635 434.978 376.727 2 393.742 -250
1636 444.978 376.727 2 400.276 -250
1637 454.978 376.727 2 406.952 -250
1638 464.978 376.727 2 413.761 -250
1639 474.978 376.727 2 420.698 -115.609
1640 484.978 376.727 2 427.756 -123.784
1641 84.9784 386.727 2 324.704 -90.9371
1642 94.9784 386.727 2 321.903 -108.328
1643 104.978 386.727 2 319.39 -126.556
1644 114.978 386.727 2 317.172 -250
1645 124.978 386.727 2 315.257 -250
1646 134.978 386.727 2 313.648 -250
1647 144.978 386.727 2 312.352 -250
1648 154.978 386.727 2 311.372 -250
1649 164.978 386.727 2 310.71 -250
1650 174.978 386.727 2 310.369 -250
1651 184.978 386.727 2 310.351 -102.141
1652 194.978 386.727 2 310.654 -250
1653 204.978 386.727 2 311.279 -250
1654 214.978 386.727 2 312.223 -250
1655 224.978 386.727 2 313.483 -250
1656 234.978 386.727 2 315.056 -250
1657 244.978 386.727 2 316.936 -250
1658 254.978 386.727 2 319.119 -250
1659 264.978 386.727 2 321.598 -250
1660 274.978 386.727 2 324.367 -105.164
1661 284.978 386.727 2 327.418 -101.07
1662 294.978 386.727 2 330.743 -95.4304
1663 304.978 386.727 2 334.334 -90.7215
1664 314.978 386.727 2 338.183 -92.3441
1665 324.978 386.727 2 342.281 -88.6169
1666 334.978 386.727 2 346.619 -87.6893
1667 344.978 386.727 2 351.189 -86.85
1668 354.978 386.727 2 355.98 -91.9166
1669 364.978 386.727 2 360.985 -85.8389
1670 374.978 386.727 2 366.195 -84.116
1671 384.978 386.727 2 371.601 -250
1672 394.978 386.727 2 377.195 -250
1673 404.978 386.727 2 382.968 -250
1674 414.978 386.727 2 388.912 -250
1675 424.978 386.727 2 395.021 -250
1676 434.978 386.727 2 401.285 -250
1677 444.978 386.727 2 407.699 -250
1678 454.978 386.727 2 414.254 -250
1679 464.978 386.727 2 420.946 -250
1680 474.978 386.727 2 427.766 -112.796
1681 484.978 386.727 2 434.709 -116.683
1682 84.9784 396.727 2 334.111 -89.9994
1683 94.9784 396.727 2 331.389 -108.775
1684 104.978 396.727 2 328.948 -122.927
1685 114.978 396.727 2 326.796 -121.842
1686 124.978 396.727 2 324.937 -123.913
1687 134.978 396.727 2 323.376 -123.995
1688 144.978 396.727 2 322.119 -135.515
1689 154.978 396.727 2 321.169 -96.5006
1690 164.978 396.727 2 320.527 -121.58
1691 174.978 396.727 2 320.197 -123.965
1692 184.978 396.727 2 320.179 -99.6871
1693 194.978 396.727 2 320.473 -117.459
1694 204.978 396.727 2 321.079 -104.893
1695 214.978 396.727 2 321.994 -119.107
1696 224.978 396.727 2 323.216 -108.096
1697 234.978 396.727 2 324.742 -105.299
1698 244.978 396.727 2 326.566 -250
1699 254.978 396.727 2 328.685 -250
1700 264.978 396.727 2 331.093 -250
1701 274.978 396.727 2 333.783 -106.593
1702 284.978 396.727 2 336.748 -99.3333
1703 294.978 396.727 2 339.982 -92.7389
1704 304.978 396.727 2 343.477 -87.3507
1705 314.978 396.727 2 347.225 -87.4345
1706 324.978 396.727 2 351.217 -88.9616
1707 334.978 396.727 2 355.446 -91.6432
1708 344.978 396.727 2 359.903 -91.5446
1709 354.978 396.727 2 364.58 -95.5634
1710 364.978 396.727 2 369.469 -92.4317
1711 374.978 396.727 2 374.561 -91.4676
1712 384.978 396.727 2 379.848 -250
1713 394.978 396.727 2 385.322 -250
1714 404.978 396.727 2 390.975 -250
1715 414.978 396.727 2 396.799 -250
1716 424.978 396.727 2 402.788 -250
1717 434.978 396.727 2 408.934 -250
1718 444.978 396.727 2 415.229 -250
1719 454.978 396.727 2 421.668 -250
1720 464.978 396.727 2 428.243 -250
1721 474.978 396.727 2 434.949 -102.555
1722 484.978 396.727 2 441.78 -108.764
1723 84.9784 406.727 2 343.55 -89.1524
1724 94.9784 406.727 2 340.904 -125.04
1725 104.978 406.727 2 338.532 -132.917
1726 114.978 406.727 2 336.441 -130.333
1727 124.978 406.727 2 334.635 -133.028
1728 134.978 406.727 2 333.121 -122.923
1729 144.978 406.727 2 331.9 -121.694
1730 154.978 406.727 2 330.978 -94.9183
1731 164.978 406.727 2 330.355 -116.983
1732 174.978 406.727 2 330.035 -116.208
1733 184.978 406.727 2 330.018 -90.5548
1734 194.978 406.727 2 330.303 -103.507
1735 204.978 406.727 2 330.891 -105.642
1736 214.978 406.727 2 331.779 -106.975
1737 224.978 406.727 2 332.965 -109.82
1738 234.978 406.727 2 334.446 -88.0071
1739 244.978 406.727 2 336.218 -97.3368
1740 254.978 406.727 2 338.277 -110.501
1741 264.978 406.727 2 340.616 -116.416
1742 274.978 406.727 2 343.232 -109.712
1743 284.978 406.727 2 346.116 -110.509
1744 294.978 406.727 2 349.264 -92.3953
1745 304.978 406.727 2 352.666 -88.3865
1746 314.978 406.727 2 356.317 -87.976
1747 324.978 406.727 2 360.209 -87.9198
1748 334.978 406.727 2 364.334 -90.6375
1749 344.978 406.727 2 368.683 -91.4623
1750 354.978 406.727 2 373.25 -88.2996
1751 364.978 406.727 2 378.027 -99.7051
1752 374.978 406.727 2 383.005 -92.4504
1753 384.978 406.727 2 388.177 -97.1887
1754 394.978 406.727 2 393.535 -102.741
1755 404.978 406.727 2 399.072 -104.66
1756 414.978 406.727 2 404.78 -108.951
1757 424.978 406.727 2 410.652 -103.632
1758 434.978 406.727 2 416.682 -109.321
1759 444.978 406.727 2 422.862 -103.76
1760 454.978 406.727 2 429.186 -116.711
1761 464.978 406.727 2 435.648 -100.231
1762 474.978 406.727 2 442.242 -99.1521
1763 484.978 406.727 2 448.961 -106.123
1764 84.9784 416.727 2 353.021 -99.9919
1765 94.9784 416.727 2 350.446 -121.691
1766 104.978 416.727 2 348.139 -125.18
1767 114.978 416.727 2 346.106 -250
1768 124.978 416.727 2 344.351 -250
1769 134.978 416.727 2 342.879 -250
1770 144.978 416.727 2 341.694 -250
1771 154.978 416.727 2 340.798 -103.386
1772 164.978 416.727 2 340.194 -128.951
1773 174.978 416.727 2 339.883 -105.86
1774 184.978 416.727 2 339.866 -92.7894
1775 194.978 416.727 2 340.143 -106.546
1776 204.978 416.727 2 340.713 -103.568
1777 214.978 416.727 2 341.576 -106.629
1778 224.978 416.727 2 342.728 -102.941
1779 234.978 416.727 2 344.167 -87.4073
1780 244.978 416.727 2 345.89 -97.007
1781 254.978 416.727 2 347.891 -99.6113
1782 264.978 416.727 2 350.166 -106.733
1783 274.978 416.727 2 352.711 -104.751
1784 284.978 416.727 2 355.519 -103.748
1785 294.978 416.727 2 358.583 -91.1348
1786 304.978 416.727 2 361.898 -88.8503
1787 314.978 416.727 2 365.457 -91.8183
1788 324.978 416.727 2 369.253 -90.9569
1789 334.978 416.727 2 373.277 -88.0828
1790 344.978 416.727 2 377.524 -102.389
1791 354.978 416.727 2 381.985 -93.9005
1792 364.978 416.727 2 386.654 -93.5017
1793 374.978 416.727 2 391.523 -92.1826
1794 384.978 416.727 2 396.583 -88.5981
1795 394.978 416.727 2 401.829 -103.751
1796 404.978 416.727 2 407.253 -102.916
1797 414.978 416.727 2 412.848 -102.176
1798 424.978 416.727 2 418.608 -99.1921
1799 434.978 416.727 2 424.524 -104.035
1800 444.978 416.727 2 430.592 -106.797
1801 454.978 416.727 2 436.804 -95.2288
1802 464.978 416.727 2 443.155 -100.756
1803 474.978 416.727 2 449.638 -109.403
1804 484.978 416.727 2 456.249 -100.537
1805 84.9784 426.727 2 362.52 -108.252
1806 94.9784 426.727 2 360.013 -118.274
1807 104.978 426.727 2 357.768 -123.164
1808 114.978 426.727 2 355.79 -250
1809 124.978 426.727 2 354.083 -250
1810 134.978 426.727 2 352.652 -250
1811 144.978 426.727 2 351.499 -250
1812 154.978 426.727 2 350.628 -102.768
1813 164.978 426.727 2 350.041 -250
1814 174.978 426.727 2 349.739 -250
1815 184.978 426.727 2 349.722 -250
1816 194.978 426.727 2 349.992 -250
1817 204.978 426.727 2 350.546 -250
1818 214.978 426.727 2 351.385 -250
1819 224.978 426.727 2 352.505 -110.725
1820 234.978 426.727 2 353.904 -250
1821 244.978 426.727 2 355.579 -250
1822 254.978 426.727 2 357.526 -250
1823 264.978 426.727 2 359.741 -250
1824 274.978 426.727 2 362.218 -105.275
1825 284.978 426.727 2 364.953 -105.177
1826 294.978 426.727 2 367.939 -91.4467
1827 304.978 426.727 2 371.17 -250
1828 314.978 426.727 2 374.641 -250
1829 324.978 426.727 2 378.344 -250
1830 334.978 426.727 2 382.273 -250
1831 344.978 426.727 2 386.421 -250
1832 354.978 426.727 2 390.781 -250
1833 364.978 426.727 2 395.346 -250
1834 374.978 426.727 2 400.109 -250
1835 384.978 426.727 2 405.062 -250
1836 394.978 426.727 2 410.2 -250
1837 404.978 426.727 2 415.515 -250
1838 414.978 426.727 2 421 -250
1839 424.978 426.727 2 426.649 -250
1840 434.978 426.727 2 432.456 -250
1841 444.978 426.727 2 438.413 -250
1842 454.978 426.727 2 444.516 -250
1843 464.978 426.727 2 450.759 -108.976
1844 474.978 426.727 2 457.134 -117.014
1845 484.978 426.727 2 463.638 -250
1846 84.9784 436.727 2 372.046 -110.077
1847 94.9784 436.727 2 369.603 -116.521
1848 104.978 436.727 2 367.417 -118.313
1849 114.978 436.727 2 365.491 -250
1850 124.978 436.727 2 363.829 -250
1851 134.978 436.727 2 362.437 -250
1852 144.978 436.727 2 361.315 -250
1853 154.978 436.727 2 360.468 -101.811
1854 164.978 436.727 2 359.897 -128.224
1855 174.978 436.727 2 359.603 -250
1856 184.978 436.727 2 359.587 -250
1857 194.978 436.727 2 359.849 -250
1858 204.978 436.727 2 360.388 -250
1859 214.978 436.727 2 361.204 -250
1860 224.978 436.727 2 362.294 -106.208
1861 234.978 436.727 2 363.655 -250
1862 244.978 436.727 2 365.286 -250
1863 254.978 436.727 2 367.181 -250
1864 264.978 436.727 2 369.338 -250
1865 274.978 436.727 2 371.751 -101.87
1866 284.978 436.727 2 374.416 -105.805
1867 294.978 436.727 2 377.328 -86.6467
1868 304.978 436.727 2 380.479 -250
1869 314.978 436.727 2 383.866 -250
1870 324.978 436.727 2 387.481 -250
1871 334.978 436.727 2 391.318 -250
1872 344.978 436.727 2 395.371 -250
1873 354.978 436.727 2 399.634 -250
1874 364.978 436.727 2 404.098 -250
1875 374.978 436.727 2 408.759 -250
1876 384.978 436.727 2 413.609 -250
1877 394.978 436.727 2 418.642 -250
1878 404.978 436.727 2 423.851 -250
1879 414.978 436.727 2 429.229 -250
1880 424.978 436.727 2 434.772 -250
1881 434.978 436.727 2 440.471 -250
1882 444.978 436.727 2 446.322 -250
1883 454.978 436.727 2 452.318 -250
1884 464.978 436.727 2 458.454 -117.867
1885 474.978 436.727 2 464.724 -107.315
1886 484.978 436.727 2 471.123 -250
1887 84.9784 446.727 2 381.595 -123.474
1888 94.9784 446.727 2 379.214 -126.251
1889 104.978 446.727 2 377.083 -139.856
1890 114.978 446.727 2 375.207 -250
1891 124.978 446.727 2 373.589 -250
1892 134.978 446.727 2 372.233 -250
1893 144.978 446.727 2 371.141 -250
1894 154.978 446.727 2 370.317 -101.451
1895 164.978 446.727 2 369.76 -250
1896 174.978 446.727 2 369.474 -250
1897 184.978 446.727 2 369.459 -250
1898 194.978 446.727 2 369.714 -250
1899 204.978 446.727 2 370.239 -250
1900 214.978 446.727 2 371.033 -250
1901 224.978 446.727 2 372.094 -102.914
1902 234.978 446.727 2 373.42 -250
1903 244.978 446.727 2 375.008 -250
1904 254.978 446.727 2 376.854 -250
1905 264.978 446.727 2 378.956 -250
1906 274.978 446.727 2 381.308 -115.749
1907 284.978 446.727 2 383.907 -101.478
1908 294.978 446.727 2 386.747 -87.3884
1909 304.978 446.727 2 389.822 -250
1910 314.978 446.727 2 393.129 -250
1911 324.978 446.727 2 396.659 -250
1912 334.978 446.727 2 400.409 -250
1913 344.978 446.727 2 404.37 -250
1914 354.978 446.727 2 408.539 -250
1915 364.978 446.727 2 412.907 -250
1916 374.978 446.727 2 417.47 -250
1917 384.978 446.727 2 422.22 -250
1918 394.978 446.727 2 427.151 -250
1919 404.978 446.727 2 432.257 -250
1920 414.978 446.727 2 437.533 -250
1921 424.978 446.727 2 442.971 -250
1922 434.978 446.727 2 448.566 -250
1923 444.978 446.727 2 454.313 -250
1924 454.978 446.727 2 460.205 -250
1925 464.978 446.727 2 466.237 -110.042
1926 474.978 446.727 2 472.404 -110.268
1927 484.978 446.727 2 478.701 -250
1928 84.9784 456.727 2 391.167 -117.693
1929 94.9784 456.727 2 388.845 -121.967
1930 104.978 456.727 2 386.767 -121.993
1931 114.978 456.727 2 384.938 -250
1932 124.978 456.727 2 383.361 -250
1933 134.978 456.727 2 382.04 -250
1934 144.978 456.727 2 380.976 -250
1935 154.978 456.727 2 380.173 -103.246
1936 164.978 456.727 2 379.631 -250
1937 174.978 456.727 2 379.352 -250
1938 184.978 456.727 2 379.337 -250
1939 194.978 456.727 2 379.586 -250
1940 204.978 456.727 2 380.097 -250
1941 214.978 456.727 2 380.87 -250
1942 224.978 456.727 2 381.904 -100.946
1943 234.978 456.727 2 383.196 -250
1944 244.978 456.727 2 384.744 -250
1945 254.978 456.727 2 386.544 -250
1946 264.978 456.727 2 388.593 -250
1947 274.978 456.727 2 390.888 -115.875
1948 284.978 456.727 2 393.423 -99.9975
1949 294.978 456.727 2 396.195 -88.2136
1950 304.978 456.727 2 399.197 -250
1951 314.978 456.727 2 402.426 -250
1952 324.978 456.727 2 405.876 -250
1953 334.978 456.727 2 409.541 -250
1954 344.978 456.727 2 413.416 -250
1955 354.978 456.727 2 417.494 -250
1956 364.978 456.727 2 421.769 -250
1957 374.978 456.727 2 426.237 -250
1958 384.978 456.727 2 430.89 -250
1959 394.978 456.727 2 435.723 -250
1960 404.978 456.727 2 440.731 -250
1961 414.978 456.727 2 445.906 -250
1962 424.978 456.727 2 451.243 -250
1963 434.978 456.727 2 456.737 -250
1964 444.978 456.727 2 462.382 -250
1965 454.978 456.727 2 468.173 -250
1966 464.978 456.727 2 474.104 -116.208
1967 474.978 456.727 2 480.17 -104.219
1968 484.978 456.727 2 486.365 -250
1969 84.9784 466.727 2 400.761 -111.317
1970 94.9784 466.727 2 398.494 -120.009
1971 104.978 466.727 2 396.467 -128.494
1972 114.978 466.727 2 394.683 -250
1973 124.978 466.727 2 393.145 -250
1974 134.978 466.727 2 391.856 -250
1975 144.978 466.727 2 390.819 -250
1976 154.978 466.727 2 390.036 -115.518
1977 164.978 466.727 2 389.508 -250
1978 174.978 466.727 2 389.237 -250
1979 184.978 466.727 2 389.222 -250
1980 194.978 466.727 2 389.464 -250
1981 204.978 466.727 2 389.963 -250
1982 214.978 466.727 2 390.716 -250
1983 224.978 466.727 2 391.724 -102.875
1984 234.978 466.727 2 392.984 -250
1985 244.978 466.727 2 394.493 -250
1986 254.978 466.727 2 396.249 -250
1987 264.978 466.727 2 398.248 -250
1988 274.978 466.727 2 400.487 -113.019
1989 284.978 466.727 2 402.962 -92.4861
1990 294.978 466.727 2 405.669 -87.2903
1991 304.978 466.727 2 408.602 -250
1992 314.978 466.727 2 411.757 -250
1993 324.978 466.727 2 415.13 -250
1994 334.978 466.727 2 418.714 -250
1995 344.978 466.727 2 422.504 -250
1996 354.978 466.727 2 426.495 -250
1997 364.978 466.727 2 430.681 -250
1998 374.978 466.727 2 435.057 -250
1999 384.978 466.727 2 439.617 -250
2000 394.978 466.727 2 444.356 -250
2001 404.978 466.727 2 449.267 -250
2002 414.978 466.727 2 454.344 -250
2003 424.978 466.727 2 459.584 -250
2004 434.978 466.727 2 464.979 -250
2005 444.978 466.727 2 470.526 -250
2006 454.978 466.727 2 476.217 -250
2007 464.978 466.727 2 482.049 -104.344
2008 474.978 466.727 2 488.016 -111.215
2009 484.978 466.727 2 494.114 -250
2010 84.9784 476.727 2 410.373 -111.25
2011 94.9784 476.727 2 408.16 -119.714
2012 104.978 476.727 2 406.181 -129.696
2013 114.978 476.727 2 404.44 -139.225
2014 124.978 476.727 2 402.939 -126.098
2015 134.978 476.727 2 401.682 -133.706
2016 144.978 476.727 2 400.671 -118.863
2017 154.978 476.727 2 399.907 -111.199
2018 164.978 476.727 2 399.392 -128.652
2019 174.978 476.727 2 399.127 -130.013
2020 184.978 476.727 2 399.113 -135.016
2021 194.978 476.727 2 399.349 -132.491
2022 204.978 476.727 2 399.835 -127.977
2023 214.978 476.727 2 400.57 -126.444
2024 224.978 476.727 2 401.553 -98.964
2025 234.978 476.727 2 402.782 -100.212
2026 244.978 476.727 2 404.255 -116.994
2027 254.978 476.727 2 405.968 -123.057
2028 264.978 476.727 2 407.92 -147.953
2029 274.978 476.727 2 410.106 -109.965
2030 284.978 476.727 2 412.524 -93.8701
2031 294.978 476.727 2 415.168 -87.148
2032 304.978 476.727 2 418.034 -250
2033 314.978 476.727 2 421.119 -250
2034 324.978 476.727 2 424.417 -250
2035 334.978 476.727 2 427.923 -250
2036 344.978 476.727 2 431.632 -250
2037 354.978 476.727 2 435.54 -250
2038 364.978 476.727 2 439.64 -250
2039 374.978 476.727 2 443.928 -250
2040 384.978 476.727 2 448.398 -250
2041 394.978 476.727 2 453.044 -250
2042 404.978 476.727 2 457.862 -250
2043 414.978 476.727 2 462.845 -250
2044 424.978 476.727 2 467.99 -250
2045 434.978 476.727 2 473.289 -250
2046 444.978 476.727 2 478.739 -250
2047 454.978 476.727 2 484.334 -250
2048 464.978 476.727 2 490.07 -105.946
2049 474.978 476.727 2 495.94 -106.025
2050 484.978 476.727 2 501.942 -250
2051 84.9784 486.727 2 420.004 -108.687
2052 94.9784 486.727 2 417.841 -114.514
2053 104.978 486.727 2 415.909 -144.753
2054 114.978 486.727 2 414.208 -130.931
2055 124.978 486.727 2 412.743 -131.73
2056 134.978 486.727 2 411.516 -136.297
2057 144.978 486.727 2 410.529 -123.38
2058 154.978 486.727 2 409.783 -124.643
2059 164.978 486.727 2 409.281 -127.967
2060 174.978 486.727 2 409.022 -139.01
2061 184.978 486.727 2 409.008 -136.853
2062 194.978 486.727 2 409.239 -132.114
2063 204.978 486.727 2 409.713 -135.777
2064 214.978 486.727 2 410.431 -132.76
2065 224.978 486.727 2 411.39 -101.097
2066 234.978 486.727 2 412.59 -94.4393
2067 244.978 486.727 2 414.027 -125.626
2068 254.978 486.727 2 415.701 -133.211
2069 264.978 486.727 2 417.607 -117.106
2070 274.978 486.727 2 419.743 -97.0359
2071 284.978 486.727 2 422.105 -93.5861
2072 294.978 486.727 2 424.689 -86.3984
2073 304.978 486.727 2 427.492 -98.2295
2074 314.978 486.727 2 430.509 -113.313
2075 324.978 486.727 2 433.736 -137.567
2076 334.978 486.727 2 437.167 -133.897
2077 344.978 486.727 2 440.799 -140.599
2078 354.978 486.727 2 444.626 -141.861
2079 364.978 486.727 2 448.643 -145.317
2080 374.978 486.727 2 452.845 -151.111
2081 384.978 486.727 2 457.228 -145.811
2082 394.978 486.727 2 461.786 -146.976
2083 404.978 486.727 2 466.513 -160.912
2084 414.978 486.727 2 471.405 -143.807
2085 424.978 486.727 2 476.457 -143.245
2086 434.978 486.727 2 481.664 -156.974
2087 444.978 486.727 2 487.02 -157.323
2088 454.978 486.727 2 492.521 -146.507
2089 464.978 486.727 2 498.162 -115.611
2090 474.978 486.727 2 503.938 -101.707
2091 484.978 486.727 2 509.845 -103.998
2092 84.9784 496.727 2 429.651 -123.114
2093 94.9784 496.727 2 427.538 -118.501
2094 104.978 496.727 2 425.649 -250
2095 114.978 496.727 2 423.988 -250
2096 124.978 496.727 2 422.556 -250
2097 134.978 496.727 2 421.358 -250
2098 144.978 496.727 2 420.394 -250
2099 154.978 496.727 2 419.666 -250
2100 164.978 496.727 2 419.175 -250
2101 174.978 496.727 2 418.923 -250
2102 184.978 496.727 2 418.909 -250
2103 194.978 496.727 2 419.134 -250
2104 204.978 496.727 2 419.597 -132.418
2105 214.978 496.727 2 420.298 -121.204
2106 224.978 496.727 2 421.235 -91.9001
2107 234.978 496.727 2 422.407 -250
2108 244.978 496.727 2 423.811 -250
2109 254.978 496.727 2 425.446 -250
2110 264.978 496.727 2 427.309 -250
2111 274.978 496.727 2 429.396 -93.8844
2112 284.978 496.727 2 431.706 -95.1555
2113 294.978 496.727 2 434.233 -90.8387
2114 304.978 496.727 2 436.974 -89.4896
2115 314.978 496.727 2 439.926 -118.186
2116 324.978 496.727 2 443.084 -131.634
2117 334.978 496.727 2 446.444 -136.176
2118 344.978 496.727 2 450.001 -143.278
2119 354.978 496.727 2 453.75 -153.282
2120 364.978 496.727 2 457.687 -140.492
2121 374.978 496.727 2 461.807 -150.365
2122 384.978 496.727 2 466.106 -153.928
2123 394.978 496.727 2 470.577 -150.21
2124 404.978 496.727 2 475.217 -136.652
2125 414.978 496.727 2 480.021 -141.493
2126 424.978 496.727 2 484.983 -142.811
2127 434.978 496.727 2 490.099 -150.997
2128 444.978 496.727 2 495.364 -148.497
2129 454.978 496.727 2 500.773 -123.073
2130 464.978 496.727 2 506.322 -106.299
2131 474.978 496.727 2 512.007 -126.718
2132 484.978 496.727 2 517.822 -101.249
2133 84.9784 506.727 2 439.314 -107.451
2134 94.9784 506.727 2 437.248 -124.973
2135 104.978 506.727 2 435.401 -250
2136 114.978 506.727 2 433.777 -250
2137 124.978 506.727 2 432.378 -250
2138 134.978 506.727 2 431.207 -250
2139 144.978 506.727 2 430.265 -250
2140 154.978 506.727 2 429.554 -250
2141 164.978 506.727 2 429.074 -250
2142 174.978 506.727 2 428.828 -250
2143 184.978 506.727 2 428.815 -250
2144 194.978 506.727 2 429.034 -250
2145 204.978 506.727 2 429.487 -134.219
2146 214.978 506.727 2 430.171 -112.357
2147 224.978 506.727 2 431.087 -90.8874
2148 234.978 506.727 2 432.232 -250
2149 244.978 506.727 2 433.604 -250
2150 254.978 506.727 2 435.203 -250
2151 264.978 506.727 2 437.024 -250
2152 274.978 506.727 2 439.065 -94.5093
2153 284.978 506.727 2 441.324 -95.8351
2154 294.978 506.727 2 443.796 -250
2155 304.978 506.727 2 446.479 -250
2156 314.978 506.727 2 449.369 -250
2157 324.978 506.727 2 452.461 -250
2158 334.978 506.727 2 455.751 -250
2159 344.978 506.727 2 459.236 -250
2160 354.978 506.727 2 462.91 -250
2161 364.978 506.727 2 466.77 -250
2162 374.978 506.727 2 470.811 -250
2163 384.978 506.727 2 475.028 -250
2164 394.978 506.727 2 479.416 -250
2165 404.978 506.727 2 483.972 -250
2166 414.978 506.727 2 488.689 -250
2167 424.978 506.727 2 493.564 -172.788
2168 434.978 506.727 2 498.592 -141.026
2169 444.978 506.727 2 503.768 -123.051
2170 454.978 506.727 2 509.088 -109.837
2171 464.978 506.727 2 514.548 -123.246
2172 474.978 506.727 2 520.142 -125.163
2173 484.978 506.727 2 525.867 -250
2174 84.9784 516.727 2 448.992 -107.025
2175 94.9784 516.727 2 446.97 -138.411
2176 104.978 516.727 2 445.164 -250
2177 114.978 516.727 2 443.576 -250
2178 124.978 516.727 2 442.208 -250
2179 134.978 516.727 2 441.063 -250
2180 144.978 516.727 2 440.142 -250
2181 154.978 516.727 2 439.447 -250
2182 164.978 516.727 2 438.978 -250
2183 174.978 516.727 2 438.737 -250
2184 184.978 516.727 2 438.724 -250
2185 194.978 516.727 2 438.939 -250
2186 204.978 516.727 2 439.381 -126.024
2187 214.978 516.727 2 440.05 -110.7
2188 224.978 516.727 2 440.945 -92.3608
2189 234.978 516.727 2 442.065 -250
2190 244.978 516.727 2 443.407 -250
2191 254.978 516.727 2 444.97 -250
2192 264.978 516.727 2 446.751 -250
2193 274.978 516.727 2 448.749 -96.0894
2194 284.978 516.727 2 450.959 -100.953
2195 294.978 516.727 2 453.379 -250
2196 304.978 516.727 2 456.005 -250
2197 314.978 516.727 2 458.835 -250
2198 324.978 516.727 2 461.863 -250
2199 334.978 516.727 2 465.087 -250
2200 344.978 516.727 2 468.503 -250
2201 354.978 516.727 2 472.105 -250
2202 364.978 516.727 2 475.89 -250
2203 374.978 516.727 2 479.854 -250
2204 384.978 516.727 2 483.992 -250
2205 394.978 516.727 2 488.3 -250
2206 404.978 516.727 2 492.773 -250
2207 414.978 516.727 2 497.407 -250
2208 424.978 516.727 2 502.198 -145.833
2209 434.978 516.727 2 507.14 -129.216
2210 444.978 516.727 2 512.23 -111.163
2211 454.978 516.727 2 517.463 -111.551
2212 464.978 516.727 2 522.835 -119.238
2213 474.978 516.727 2 528.342 -120.833
2214 484.978 516.727 2 533.979 -250
2215 84.9784 526.727 2 458.684 -104.565
2216 94.9784 526.727 2 456.705 -138.135
2217 104.978 526.727 2 454.937 -250
2218 114.978 526.727 2 453.383 -250
2219 124.978 526.727 2 452.045 -250
2220 134.978 526.727 2 450.925 -250
2221 144.978 526.727 2 450.024 -250
2222 154.978 526.727 2 449.344 -250
2223 164.978 526.727 2 448.886 -250
2224 174.978 526.727 2 448.651 -250
2225 184.978 526.727 2 448.638 -250
2226 194.978 526.727 2 448.848 -250
2227 204.978 526.727 2 449.28 -124.872
2228 214.978 526.727 2 449.935 -109.626
2229 224.978 526.727 2 450.81 -91.715
2230 234.978 526.727 2 451.905 -250
2231 244.978 526.727 2 453.218 -250
2232 254.978 526.727 2 454.748 -250
2233 264.978 526.727 2 456.491 -250
2234 274.978 526.727 2 458.445 -95.3411
2235 284.978 526.727 2 460.609 -106.964
2236 294.978 526.727 2 462.979 -250
2237 304.978 526.727 2 465.551 -250
2238 314.978 526.727 2 468.323 -250
2239 324.978 526.727 2 471.29 -250
2240 334.978 526.727 2 474.45 -250
2241 344.978 526.727 2 477.799 -250
2242 354.978 526.727 2 481.332 -250
2243 364.978 526.727 2 485.045 -250
2244 374.978 526.727 2 488.935 -250
2245 384.978 526.727 2 492.997 -250
2246 394.978 526.727 2 497.226 -250
2247 404.978 526.727 2 501.62 -250
2248 414.978 526.727 2 506.173 -250
2249 424.978 526.727 2 510.881 -139.796
2250 434.978 526.727 2 515.74 -119.653
2251 444.978 526.727 2 520.746 -108.382
2252 454.978 526.727 2 525.894 -122.704
2253 464.978 526.727 2 531.181 -115.496
2254 474.978 526.727 2 536.602 -128.312
2255 484.978 526.727 2 542.153 -250
2256 84.9784 536.727 2 468.389 -101.17
2257 94.9784 536.727 2 466.451 -117.033
2258 104.978 536.727 2 464.72 -250
2259 114.978 536.727 2 463.199 -250
2260 124.978 536.727 2 461.89 -250
2261 134.978 536.727 2 460.793 -250
2262 144.978 536.727 2 459.912 -250
2263 154.978 536.727 2 459.247 -250
2264 164.978 536.727 2 458.798 -250
2265 174.978 536.727 2 458.568 -250
2266 184.978 536.727 2 458.555 -250
2267 194.978 536.727 2 458.761 -250
2268 204.978 536.727 2 459.184 -143.446
2269 214.978 536.727 2 459.824 -109.717
2270 224.978 536.727 2 460.681 -99.0052
2271 234.978 536.727 2 461.752 -250
2272 244.978 536.727 2 463.038 -250
2273 254.978 536.727 2 464.535 -250
2274 264.978 536.727 2 466.241 -250
2275 274.978 536.727 2 468.155 -106.646
2276 284.978 536.727 2 470.274 -114.48
2277 294.978 536.727 2 472.595 -250
2278 304.978 536.727 2 475.115 -250
2279 314.978 536.727 2 477.832 -250
2280 324.978 536.727 2 480.741 -250
2281 334.978 536.727 2 483.839 -250
2282 344.978 536.727 2 487.123 -250
2283 354.978 536.727 2 490.589 -250
2284 364.978 536.727 2 494.232 -250
2285 374.978 536.727 2 498.05 -250
2286 384.978 536.727 2 502.038 -250
2287 394.978 536.727 2 506.193 -250
2288 404.978 536.727 2 510.509 -250
2289 414.978 536.727 2 514.984 -250
2290 424.978 536.727 2 519.612 -121.3
2291 434.978 536.727 2 524.39 -114.516
2292 444.978 536.727 2 529.314 -116.69
2293 454.978 536.727 2 534.38 -120.703
2294 464.978 536.727 2 539.584 -123.458
2295 474.978 536.727 2 544.921 -126.838
2296 484.978 536.727 2 550.388 -250
2297 84.9784 546.727 2 478.106 -98.5232
2298 94.9784 546.727 2 476.208 -114.108
2299 104.978 546.727 2 474.512 -250
2300 114.978 546.727 2 473.023 -250
2301 124.978 546.727 2 471.74 -250
2302 134.978 546.727 2 470.667 -250
2303 144.978 546.727 2 469.804 -250
2304 154.978 546.727 2 469.153 -250
2305 164.978 546.727 2 468.714 -250
2306 174.978 546.727 2 468.489 -250
2307 184.978 546.727 2 468.476 -250
2308 194.978 546.727 2 468.677 -250
2309 204.978 546.727 2 469.092 -122.43
2310 214.978 546.727 2 469.718 -108.77
2311 224.978 546.727 2 470.557 -100.633
2312 234.978 546.727 2 471.606 -250
2313 244.978 546.727 2 472.865 -250
2314 254.978 546.727 2 474.33 -250
2315 264.978 546.727 2 476.002 -250
2316 274.978 546.727 2 477.877 -97.5609
2317 284.978 546.727 2 479.953 -111.351
2318 294.978 546.727 2 482.227 -250
2319 304.978 546.727 2 484.698 -250
2320 314.978 546.727 2 487.36 -250
2321 324.978 546.727 2 490.213 -250
2322 334.978 546.727 2 493.252 -250
2323 344.978 546.727 2 496.473 -250
2324 354.978 546.727 2 499.874 -250
2325 364.978 546.727 2 503.451 -250
2326 374.978 546.727 2 507.199 -250
2327 384.978 546.727 2 511.116 -250
2328 394.978 546.727 2 515.197 -250
2329 404.978 546.727 2 519.439 -250
2330 414.978 546.727 2 523.837 -250
2331 424.978 546.727 2 528.388 -113.41
2332 434.978 546.727 2 533.087 -119.837
2333 444.978 546.727 2 537.932 -127.744
2334 454.978 546.727 2 542.917 -124.776
2335 464.978 546.727 2 548.04 -131.981
2336 474.978 546.727 2 553.296 -131.247
2337 484.978 546.727 2 558.681 -250
2338 84.9784 556.727 2 487.834 -102.704
2339 94.9784 556.727 2 485.974 -116.967
2340 104.978 556.727 2 484.313 -144.525
2341 114.978 556.727 2 482.854 -145.542
2342 124.978 556.727 2 481.597 -147.589
2343 134.978 556.727 2 480.546 -150.202
2344 144.978 556.727 2 479.701 -152.084
2345 154.978 556.727 2 479.063 -153.96
2346 164.978 556.727 2 478.633 -171.714
2347 174.978 556.727 2 478.412 -169.061
2348 184.978 556.727 2 478.4 -167.49
2349 194.978 556.727 2 478.597 -146.008
2350 204.978 556.727 2 479.003 -115.954
2351 214.978 556.727 2 479.617 -105.849
2352 224.978 556.727 2 480.438 -96.9556
2353 234.978 556.727 2 481.466 -134.683
2354 244.978 556.727 2 482.699 -141.665
2355 254.978 556.727 2 484.135 -186.618
2356 264.978 556.727 2 485.772 -130.641
2357 274.978 556.727 2 487.61 -97.9919
2358 284.978 556.727 2 489.645 -106.602
2359 294.978 556.727 2 491.874 -137.098
2360 304.978 556.727 2 494.296 -152.825
2361 314.978 556.727 2 496.908 -147.031
2362 324.978 556.727 2 499.706 -146.618
2363 334.978 556.727 2 502.687 -168.554
2364 344.978 556.727 2 505.848 -167.884
2365 354.978 556.727 2 509.187 -169.759
2366 364.978 556.727 2 512.698 -168.577
2367 374.978 556.727 2 516.38 -170.645
2368 384.978 556.727 2 520.227 -166.899
2369 394.978 556.727 2 524.238 -174.391
2370 404.978 556.727 2 528.407 -175.453
2371 414.978 556.727 2 532.731 -162.278
2372 424.978 556.727 2 537.206 -127.933
2373 434.978 556.727 2 541.829 -130.962
2374 444.978 556.727 2 546.596 -124.06
2375 454.978 556.727 2 551.503 -134.739
2376 464.978 556.727 2 556.547 -131.297
2377 474.978 556.727 2 561.723 -136.059
2378 484.978 556.727 2 567.029 -156.108
2379 84.9784 566.727 2 497.573 -101.641
2380 94.9784 566.727 2 495.75 -120.478
2381 104.978 566.727 2 494.122 -139.106
2382 114.978 566.727 2 492.691 -139.202
2383 124.978 566.727 2 491.46 -140.003
2384 134.978 566.727 2 490.43 -142.488
2385 144.978 566.727 2 489.602 -145.054
2386 154.978 566.727 2 488.977 -146.903
2387 164.978 566.727 2 488.556 -159.334
2388 174.978 566.727 2 488.34 -158.3
2389 184.978 566.727 2 488.328 -142.462
2390 194.978 566.727 2 488.521 -128.719
2391 204.978 566.727 2 488.918 -116.699
2392 214.978 566.727 2 489.52 -102.598
2393 224.978 566.727 2 490.324 -101.799
2394 234.978 566.727 2 491.331 -137.337
2395 244.978 566.727 2 492.539 -132.722
2396 254.978 566.727 2 493.947 -147.497
2397 264.978 566.727 2 495.552 -95.2853
2398 274.978 566.727 2 497.353 -96.3082
2399 284.978 566.727 2 499.348 -99.2658
2400 294.978 566.727 2 501.535 -129.861
2401 304.978 566.727 2 503.91 -135.195
2402 314.978 566.727 2 506.472 -147.429
2403 324.978 566.727 2 509.218 -148.623
2404 334.978 566.727 2 512.144 -161.408
2405 344.978 566.727 2 515.247 -162.775
2406 354.978 566.727 2 518.525 -163.931
2407 364.978 566.727 2 521.974 -164.93
2408 374.978 566.727 2 525.59 -167.25
2409 384.978 566.727 2 529.371 -160.318
2410 394.978 566.727 2 533.312 -170.596
2411 404.978 566.727 2 537.411 -177.453
2412 414.978 566.727 2 541.663 -117.507
2413 424.978 566.727 2 546.066 -124.013
2414 434.978 566.727 2 550.614 -117.734
2415 444.978 566.727 2 555.306 -121.12
2416 454.978 566.727 2 560.137 -135.429
2417 464.978 566.727 2 565.103 -136.108
2418 474.978 566.727 2 570.202 -132.192
2419 484.978 566.727 2 575.429 -138.9
2420 84.9784 576.727 2 507.323 -104.518
2421 94.9784 576.727 2 505.534 -135.778
2422 104.978 576.727 2 503.938 -137.113
2423 114.978 576.727 2 502.535 -136.375
2424 124.978 576.727 2 501.328 -137.887
2425 134.978 576.727 2 500.319 -139.203
2426 144.978 576.727 2 499.507 -141.288
2427 154.978 576.727 2 498.894 -142.483
2428 164.978 576.727 2 498.482 -148.819
2429 174.978 576.727 2 498.27 -146.731
2430 184.978 576.727 2 498.258 -150.811
2431 194.978 576.727 2 498.447 -123.88
2432 204.978 576.727 2 498.837 -118.353
2433 214.978 576.727 2 499.426 -100.363
2434 224.978 576.727 2 500.215 -94.8075
2435 234.978 576.727 2 501.202 -109.983
2436 244.978 576.727 2 502.386 -160.061
2437 254.978 576.727 2 503.766 -134.034
2438 264.978 576.727 2 505.34 -100.55
2439 274.978 576.727 2 507.107 -96.6326
2440 284.978 576.727 2 509.064 -96.5062
2441 294.978 576.727 2 511.209 -108.62
2442 304.978 576.727 2 513.539 -129.871
2443 314.978 576.727 2 516.054 -139.639
2444 324.978 576.727 2 518.748 -143.616
2445 334.978 576.727 2 521.621 -152.434
2446 344.978 576.727 2 524.668 -159.472
2447 354.978 576.727 2 527.887 -160.889
2448 364.978 576.727 2 531.276 -157.864
2449 374.978 576.727 2 534.829 -164.853
2450 384.978 576.727 2 538.545 -167.22
2451 394.978 576.727 2 542.42 -169.347
2452 404.978 576.727 2 546.45 -114.273
2453 414.978 576.727 2 550.632 -130.839
2454 424.978 576.727 2 554.964 -115.504
2455 434.978 576.727 2 559.44 -127.29
2456 444.978 576.727 2 564.058 -127.767
2457 454.978 576.727 2 568.815 -127.277
2458 464.978 576.727 2 573.706 -130.658
2459 474.978 576.727 2 578.729 -148.956
2460 484.978 576.727 2 583.88 -142.45
2461 84.9784 586.727 2 517.081 -104.906
2462 94.9784 586.727 2 515.327 -133.357
2463 104.978 586.727 2 513.761 -138.562
2464 114.978 586.727 2 512.385 -141.219
2465 124.978 586.727 2 511.202 -142.542
2466 134.978 586.727 2 510.211 -143.209
2467 144.978 586.727 2 509.415 -141.275
2468 154.978 586.727 2 508.815 -138.071
2469 164.978 586.727 2 508.41 -154.12
2470 174.978 586.727 2 508.202 -144.215
2471 184.978 586.727 2 508.191 -125.598
2472 194.978 586.727 2 508.376 -122.2
2473 204.978 586.727 2 508.758 -112.206
2474 214.978 586.727 2 509.336 -95.9754
2475 224.978 586.727 2 510.11 -94.6235
2476 234.978 586.727 2 511.078 -110.228
2477 244.978 586.727 2 512.239 -133.168
2478 254.978 586.727 2 513.593 -113.928
2479 264.978 586.727 2 515.137 -109.288
2480 274.978 586.727 2 516.87 -115.381
2481 284.978 586.727 2 518.79 -98.2989
2482 294.978 586.727 2 520.895 -107.138
2483 304.978 586.727 2 523.182 -130.959
2484 314.978 586.727 2 525.65 -139.55
2485 324.978 586.727 2 528.296 -132.738
2486 334.978 586.727 2 531.117 -140.006
2487 344.978 586.727 2 534.11 -151.014
2488 354.978 586.727 2 537.273 -156.725
2489 364.978 586.727 2 540.602 -160.391
2490 374.978 586.727 2 544.095 -162.921
2491 384.978 586.727 2 547.748 -165.385
2492 394.978 586.727 2 551.558 -115.379
2493 404.978 586.727 2 555.522 -128.698
2494 414.978 586.727 2 559.637 -120.99
2495 424.978 586.727 2 563.899 -127.486
2496 434.978 586.727 2 568.305 -132.798
2497 444.978 586.727 2 572.851 -133.971
2498 454.978 586.727 2 577.535 -118.419
2499 464.978 586.727 2 582.353 -129.58
2500 474.978 586.727 2 587.302 -136.119
2501 484.978 586.727 2 592.379 -143.377
