# <Transmitter Set: Tx: 20 tx_ant_grid_60_m - Point 27> 
# <Receiver Set: Rx: 17 rx_ant_grid> 
# <X(m)> <Y(m)> <Z(m)> <Distance(m)> <PathGain(dB)>
1 84.9784 -13.2734 2 507.613 -94.0794
2 94.9784 -13.2734 2 505.826 -93.9011
3 104.978 -13.2734 2 504.23 -94.282
4 114.978 -13.2734 2 502.829 -96.661
5 124.978 -13.2734 2 501.623 -123.542
6 134.978 -13.2734 2 500.613 -97.3476
7 144.978 -13.2734 2 499.802 -96.0297
8 154.978 -13.2734 2 499.19 -124.539
9 164.978 -13.2734 2 498.778 -128.113
10 174.978 -13.2734 2 498.566 -131.158
11 184.978 -13.2734 2 498.554 -132.735
12 194.978 -13.2734 2 498.743 -131.901
13 204.978 -13.2734 2 499.132 -134.03
14 214.978 -13.2734 2 499.722 -130.066
15 224.978 -13.2734 2 500.51 -131.326
16 234.978 -13.2734 2 501.496 -131.425
17 244.978 -13.2734 2 502.68 -130.742
18 254.978 -13.2734 2 504.059 -122.556
19 264.978 -13.2734 2 505.632 -100.261
20 274.978 -13.2734 2 507.398 -96.9871
21 284.978 -13.2734 2 509.354 -119.828
22 294.978 -13.2734 2 511.497 -135.283
23 304.978 -13.2734 2 513.827 -122.602
24 314.978 -13.2734 2 516.339 -117.236
25 324.978 -13.2734 2 519.033 -113.861
26 334.978 -13.2734 2 521.904 -146.793
27 344.978 -13.2734 2 524.949 -138.407
28 354.978 -13.2734 2 528.167 -131.263
29 364.978 -13.2734 2 531.553 -150.211
30 374.978 -13.2734 2 535.105 -144.807
31 384.978 -13.2734 2 538.819 -106.096
32 394.978 -13.2734 2 542.692 -116.8
33 404.978 -13.2734 2 546.72 -122.405
34 414.978 -13.2734 2 550.9 -124.95
35 424.978 -13.2734 2 555.229 -132.767
36 434.978 -13.2734 2 559.704 -122.313
37 444.978 -13.2734 2 564.32 -124.652
38 454.978 -13.2734 2 569.074 -152.914
39 464.978 -13.2734 2 573.963 -134.73
40 474.978 -13.2734 2 578.984 -125.821
41 484.978 -13.2734 2 584.132 -119.406
42 84.9784 -3.2734 2 497.864 -94.7598
43 94.9784 -3.2734 2 496.041 -93.2907
44 104.978 -3.2734 2 494.414 -92.9219
45 114.978 -3.2734 2 492.985 -93.3222
46 124.978 -3.2734 2 491.754 -140.718
47 134.978 -3.2734 2 490.725 -95.1768
48 144.978 -3.2734 2 489.897 -96.7663
49 154.978 -3.2734 2 489.273 -128.731
50 164.978 -3.2734 2 488.852 -132.094
51 174.978 -3.2734 2 488.636 -130.022
52 184.978 -3.2734 2 488.624 -133.195
53 194.978 -3.2734 2 488.817 -134.124
54 204.978 -3.2734 2 489.214 -133.703
55 214.978 -3.2734 2 489.815 -136.088
56 224.978 -3.2734 2 490.619 -136.192
57 234.978 -3.2734 2 491.625 -134.078
58 244.978 -3.2734 2 492.833 -133.393
59 254.978 -3.2734 2 494.239 -121.882
60 264.978 -3.2734 2 495.844 -112.359
61 274.978 -3.2734 2 497.644 -98.298
62 284.978 -3.2734 2 499.638 -111.816
63 294.978 -3.2734 2 501.823 -250
64 304.978 -3.2734 2 504.197 -250
65 314.978 -3.2734 2 506.758 -178.367
66 324.978 -3.2734 2 509.502 -178.132
67 334.978 -3.2734 2 512.426 -177.884
68 344.978 -3.2734 2 515.528 -135.688
69 354.978 -3.2734 2 518.804 -176.884
70 364.978 -3.2734 2 522.251 -179.433
71 374.978 -3.2734 2 525.865 -174.803
72 384.978 -3.2734 2 529.644 -158.685
73 394.978 -3.2734 2 533.583 -114.857
74 404.978 -3.2734 2 537.68 -115.494
75 414.978 -3.2734 2 541.93 -118.194
76 424.978 -3.2734 2 546.33 -124.137
77 434.978 -3.2734 2 550.877 -124.482
78 444.978 -3.2734 2 555.566 -250
79 454.978 -3.2734 2 560.395 -250
80 464.978 -3.2734 2 565.359 -250
81 474.978 -3.2734 2 570.455 -128.622
82 484.978 -3.2734 2 575.68 -115.792
83 84.9784 6.7266 2 488.124 -93.5602
84 94.9784 6.7266 2 486.265 -93.366
85 104.978 6.7266 2 484.605 -93.3986
86 114.978 6.7266 2 483.147 -93.3845
87 124.978 6.7266 2 481.891 -250
88 134.978 6.7266 2 480.841 -96.7422
89 144.978 6.7266 2 479.996 -96.4095
90 154.978 6.7266 2 479.359 -131.897
91 164.978 6.7266 2 478.929 -131.599
92 174.978 6.7266 2 478.708 -133.189
93 184.978 6.7266 2 478.696 -133.561
94 194.978 6.7266 2 478.893 -135.279
95 204.978 6.7266 2 479.299 -140.114
96 214.978 6.7266 2 479.912 -140.619
97 224.978 6.7266 2 480.733 -136.222
98 234.978 6.7266 2 481.76 -138.907
99 244.978 6.7266 2 482.992 -140.688
100 254.978 6.7266 2 484.427 -143.296
101 264.978 6.7266 2 486.064 -116.635
102 274.978 6.7266 2 487.9 -108.524
103 284.978 6.7266 2 489.934 -114.235
104 294.978 6.7266 2 492.162 -250
105 304.978 6.7266 2 494.583 -250
106 314.978 6.7266 2 497.193 -250
107 324.978 6.7266 2 499.989 -250
108 334.978 6.7266 2 502.969 -250
109 344.978 6.7266 2 506.128 -250
110 354.978 6.7266 2 509.465 -250
111 364.978 6.7266 2 512.975 -250
112 374.978 6.7266 2 516.654 -250
113 384.978 6.7266 2 520.5 -250
114 394.978 6.7266 2 524.508 -112.914
115 404.978 6.7266 2 528.675 -112.069
116 414.978 6.7266 2 532.997 -115.248
117 424.978 6.7266 2 537.47 -110.16
118 434.978 6.7266 2 542.091 -110.205
119 444.978 6.7266 2 546.855 -250
120 454.978 6.7266 2 551.76 -250
121 464.978 6.7266 2 556.801 -250
122 474.978 6.7266 2 561.975 -124.72
123 484.978 6.7266 2 567.278 -118.672
124 84.9784 16.7266 2 478.396 -93.3124
125 94.9784 16.7266 2 476.499 -96.8679
126 104.978 16.7266 2 474.805 -96.7275
127 114.978 16.7266 2 473.316 -92.8882
128 124.978 16.7266 2 472.034 -250
129 134.978 16.7266 2 470.962 -92.0751
130 144.978 16.7266 2 470.099 -96.6532
131 154.978 16.7266 2 469.448 -133.668
132 164.978 16.7266 2 469.01 -133.896
133 174.978 16.7266 2 468.784 -137.609
134 184.978 16.7266 2 468.772 -131.694
135 194.978 16.7266 2 468.973 -250
136 204.978 16.7266 2 469.387 -250
137 214.978 16.7266 2 470.013 -250
138 224.978 16.7266 2 470.852 -250
139 234.978 16.7266 2 471.9 -250
140 244.978 16.7266 2 473.158 -250
141 254.978 16.7266 2 474.623 -250
142 264.978 16.7266 2 476.293 -117.436
143 274.978 16.7266 2 478.167 -118.853
144 284.978 16.7266 2 480.242 -105.681
145 294.978 16.7266 2 482.515 -250
146 304.978 16.7266 2 484.984 -250
147 314.978 16.7266 2 487.645 -250
148 324.978 16.7266 2 490.496 -108.297
149 334.978 16.7266 2 493.533 -116.918
150 344.978 16.7266 2 496.752 -250
151 354.978 16.7266 2 500.151 -250
152 364.978 16.7266 2 503.726 -250
153 374.978 16.7266 2 507.473 -250
154 384.978 16.7266 2 511.387 -125.367
155 394.978 16.7266 2 515.466 -122.343
156 404.978 16.7266 2 519.706 -110.327
157 414.978 16.7266 2 524.101 -122.087
158 424.978 16.7266 2 528.65 -114.708
159 434.978 16.7266 2 533.347 -120.44
160 444.978 16.7266 2 538.189 -250
161 454.978 16.7266 2 543.172 -250
162 464.978 16.7266 2 548.293 -250
163 474.978 16.7266 2 553.546 -128.715
164 484.978 16.7266 2 558.929 -135.559
165 84.9784 26.7266 2 468.678 -98.6306
166 94.9784 26.7266 2 466.742 -102.337
167 104.978 26.7266 2 465.012 -101.332
168 114.978 26.7266 2 463.492 -94.9519
169 124.978 26.7266 2 462.183 -102.826
170 134.978 26.7266 2 461.088 -95.8254
171 144.978 26.7266 2 460.207 -96.4103
172 154.978 26.7266 2 459.542 -140.755
173 164.978 26.7266 2 459.094 -136.409
174 174.978 26.7266 2 458.864 -129.454
175 184.978 26.7266 2 458.851 -135.819
176 194.978 26.7266 2 459.056 -250
177 204.978 26.7266 2 459.479 -250
178 214.978 26.7266 2 460.119 -250
179 224.978 26.7266 2 460.975 -250
180 234.978 26.7266 2 462.046 -250
181 244.978 26.7266 2 463.33 -250
182 254.978 26.7266 2 464.826 -250
183 264.978 26.7266 2 466.532 -117.873
184 274.978 26.7266 2 468.445 -116.194
185 284.978 26.7266 2 470.563 -99.101
186 294.978 26.7266 2 472.882 -250
187 304.978 26.7266 2 475.401 -250
188 314.978 26.7266 2 478.116 -106.535
189 324.978 26.7266 2 481.023 -119.149
190 334.978 26.7266 2 484.119 -117.653
191 344.978 26.7266 2 487.401 -122.929
192 354.978 26.7266 2 490.865 -126.34
193 364.978 26.7266 2 494.507 -250
194 374.978 26.7266 2 498.323 -250
195 384.978 26.7266 2 502.309 -141.037
196 394.978 26.7266 2 506.461 -141.912
197 404.978 26.7266 2 510.775 -111.815
198 414.978 26.7266 2 515.247 -114.858
199 424.978 26.7266 2 519.873 -110.281
200 434.978 26.7266 2 524.649 -110.294
201 444.978 26.7266 2 529.57 -105.501
202 454.978 26.7266 2 534.634 -250
203 464.978 26.7266 2 539.835 -250
204 474.978 26.7266 2 545.17 -128.571
205 484.978 26.7266 2 550.635 -127.94
206 84.9784 36.7266 2 458.973 -93.4044
207 94.9784 36.7266 2 456.996 -108.297
208 104.978 36.7266 2 455.229 -107.424
209 114.978 36.7266 2 453.676 -108.833
210 124.978 36.7266 2 452.339 -102.2
211 134.978 36.7266 2 451.219 -101.588
212 144.978 36.7266 2 450.319 -97.1043
213 154.978 36.7266 2 449.64 -143.176
214 164.978 36.7266 2 449.182 -143.727
215 174.978 36.7266 2 448.946 -149.716
216 184.978 36.7266 2 448.933 -144.807
217 194.978 36.7266 2 449.143 -144.69
218 204.978 36.7266 2 449.576 -128.095
219 214.978 36.7266 2 450.23 -126.576
220 224.978 36.7266 2 451.104 -250
221 234.978 36.7266 2 452.199 -250
222 244.978 36.7266 2 453.511 -250
223 254.978 36.7266 2 455.039 -250
224 264.978 36.7266 2 456.781 -116.833
225 274.978 36.7266 2 458.735 -122.216
226 284.978 36.7266 2 460.897 -102.958
227 294.978 36.7266 2 463.265 -250
228 304.978 36.7266 2 465.836 -250
229 314.978 36.7266 2 468.606 -111.408
230 324.978 36.7266 2 471.572 -122.816
231 334.978 36.7266 2 474.73 -130.212
232 344.978 36.7266 2 478.076 -125.14
233 354.978 36.7266 2 481.607 -121.677
234 364.978 36.7266 2 485.318 -128.58
235 374.978 36.7266 2 489.206 -118.969
236 384.978 36.7266 2 493.266 -250
237 394.978 36.7266 2 497.493 -250
238 404.978 36.7266 2 501.884 -111.524
239 414.978 36.7266 2 506.435 -107.205
240 424.978 36.7266 2 511.141 -115.066
241 434.978 36.7266 2 515.997 -115.435
242 444.978 36.7266 2 521.001 -100.988
243 454.978 36.7266 2 526.147 -250
244 464.978 36.7266 2 531.431 -250
245 474.978 36.7266 2 536.849 -135.328
246 484.978 36.7266 2 542.398 -124.186
247 84.9784 46.7266 2 449.281 -91.8337
248 94.9784 46.7266 2 447.26 -118.586
249 104.978 46.7266 2 445.455 -113.22
250 114.978 46.7266 2 443.868 -107.485
251 124.978 46.7266 2 442.501 -102.543
252 134.978 46.7266 2 441.357 -106.039
253 144.978 46.7266 2 440.437 -99.4003
254 154.978 46.7266 2 439.742 -250
255 164.978 46.7266 2 439.274 -250
256 174.978 46.7266 2 439.033 -250
257 184.978 46.7266 2 439.02 -250
258 194.978 46.7266 2 439.234 -250
259 204.978 46.7266 2 439.676 -124.873
260 214.978 46.7266 2 440.345 -117.899
261 224.978 46.7266 2 441.239 -121.659
262 234.978 46.7266 2 442.358 -127.479
263 244.978 46.7266 2 443.699 -124.91
264 254.978 46.7266 2 445.261 -123.607
265 264.978 46.7266 2 447.042 -117.571
266 274.978 46.7266 2 449.037 -121.296
267 284.978 46.7266 2 451.246 -112.22
268 294.978 46.7266 2 453.665 -250
269 304.978 46.7266 2 456.289 -250
270 314.978 46.7266 2 459.117 -250
271 324.978 46.7266 2 462.144 -250
272 334.978 46.7266 2 465.366 -250
273 344.978 46.7266 2 468.779 -250
274 354.978 46.7266 2 472.38 -250
275 364.978 46.7266 2 476.163 -119.559
276 374.978 46.7266 2 480.124 -124.512
277 384.978 46.7266 2 484.26 -250
278 394.978 46.7266 2 488.566 -250
279 404.978 46.7266 2 493.036 -116.315
280 414.978 46.7266 2 497.668 -132.186
281 424.978 46.7266 2 502.456 -117.735
282 434.978 46.7266 2 507.396 -100.533
283 444.978 46.7266 2 512.483 -101.786
284 454.978 46.7266 2 517.714 -250
285 464.978 46.7266 2 523.083 -250
286 474.978 46.7266 2 528.587 -138.763
287 484.978 46.7266 2 534.222 -136.631
288 84.9784 56.7266 2 439.603 -90.6249
289 94.9784 56.7266 2 437.537 -107.376
290 104.978 56.7266 2 435.692 -117.766
291 114.978 56.7266 2 434.069 -113.658
292 124.978 56.7266 2 432.671 -100.403
293 134.978 56.7266 2 431.501 -121.403
294 144.978 56.7266 2 430.559 -103.405
295 154.978 56.7266 2 429.849 -250
296 164.978 56.7266 2 429.37 -250
297 174.978 56.7266 2 429.123 -250
298 184.978 56.7266 2 429.11 -250
299 194.978 56.7266 2 429.329 -250
300 204.978 56.7266 2 429.782 -119.918
301 214.978 56.7266 2 430.466 -122.071
302 224.978 56.7266 2 431.381 -127.915
303 234.978 56.7266 2 432.525 -121.438
304 244.978 56.7266 2 433.897 -128.405
305 254.978 56.7266 2 435.494 -124.131
306 264.978 56.7266 2 437.314 -117.23
307 274.978 56.7266 2 439.354 -114.945
308 284.978 56.7266 2 441.611 -120.567
309 294.978 56.7266 2 444.082 -250
310 304.978 56.7266 2 446.763 -250
311 314.978 56.7266 2 449.651 -250
312 324.978 56.7266 2 452.741 -250
313 334.978 56.7266 2 456.029 -250
314 344.978 56.7266 2 459.512 -250
315 354.978 56.7266 2 463.184 -250
316 364.978 56.7266 2 467.042 -137.099
317 374.978 56.7266 2 471.08 -125.159
318 384.978 56.7266 2 475.295 -250
319 394.978 56.7266 2 479.681 -250
320 404.978 56.7266 2 484.233 -114.107
321 414.978 56.7266 2 488.948 -120.036
322 424.978 56.7266 2 493.821 -122.462
323 434.978 56.7266 2 498.846 -100.613
324 444.978 56.7266 2 504.02 -109.503
325 454.978 56.7266 2 509.337 -250
326 464.978 56.7266 2 514.794 -250
327 474.978 56.7266 2 520.386 -124.896
328 484.978 56.7266 2 526.108 -136.467
329 84.9784 66.7266 2 429.939 -90.7955
330 94.9784 66.7266 2 427.827 -98.1123
331 104.978 66.7266 2 425.94 -118.354
332 114.978 66.7266 2 424.279 -125.41
333 124.978 66.7266 2 422.849 -107.689
334 134.978 66.7266 2 421.651 -114.559
335 144.978 66.7266 2 420.688 -120.038
336 154.978 66.7266 2 419.961 -96.14
337 164.978 66.7266 2 419.47 -127.734
338 174.978 66.7266 2 419.218 -119.097
339 184.978 66.7266 2 419.204 -89.3693
340 194.978 66.7266 2 419.429 -107.923
341 204.978 66.7266 2 419.892 -117.995
342 214.978 66.7266 2 420.592 -121.951
343 224.978 66.7266 2 421.528 -114.418
344 234.978 66.7266 2 422.699 -129.646
345 244.978 66.7266 2 424.103 -128.526
346 254.978 66.7266 2 425.737 -122.165
347 264.978 66.7266 2 427.598 -107.9
348 274.978 66.7266 2 429.684 -117.133
349 284.978 66.7266 2 431.992 -103.162
350 294.978 66.7266 2 434.518 -93.5765
351 304.978 66.7266 2 437.257 -95.9461
352 314.978 66.7266 2 440.207 -92.9785
353 324.978 66.7266 2 443.363 -90.9728
354 334.978 66.7266 2 446.721 -110.942
355 344.978 66.7266 2 450.276 -110.355
356 354.978 66.7266 2 454.023 -110.587
357 364.978 66.7266 2 457.957 -133.653
358 374.978 66.7266 2 462.075 -125.204
359 384.978 66.7266 2 466.371 -129.608
360 394.978 66.7266 2 470.84 -103.413
361 404.978 66.7266 2 475.478 -102.635
362 414.978 66.7266 2 480.278 -121.784
363 424.978 66.7266 2 485.238 -99.7557
364 434.978 66.7266 2 490.351 -103.753
365 444.978 66.7266 2 495.614 -122.057
366 454.978 66.7266 2 501.02 -129.102
367 464.978 66.7266 2 506.567 -124.497
368 474.978 66.7266 2 512.248 -120.044
369 484.978 66.7266 2 518.061 -132.821
370 84.9784 76.7266 2 420.291 -90.3012
371 94.9784 76.7266 2 418.13 -92.0708
372 104.978 76.7266 2 416.199 -128.228
373 114.978 76.7266 2 414.5 -107.379
374 124.978 76.7266 2 413.036 -108.518
375 134.978 76.7266 2 411.809 -98.0236
376 144.978 76.7266 2 410.823 -110.694
377 154.978 76.7266 2 410.078 -110.8
378 164.978 76.7266 2 409.576 -126.237
379 174.978 76.7266 2 409.318 -119.774
380 184.978 76.7266 2 409.303 -97.8301
381 194.978 76.7266 2 409.534 -116.884
382 204.978 76.7266 2 410.008 -126.089
383 214.978 76.7266 2 410.725 -126.821
384 224.978 76.7266 2 411.683 -119.849
385 234.978 76.7266 2 412.882 -123.494
386 244.978 76.7266 2 414.319 -121.106
387 254.978 76.7266 2 415.991 -133.05
388 264.978 76.7266 2 417.896 -125.606
389 274.978 76.7266 2 420.031 -114.129
390 284.978 76.7266 2 422.391 -94.7073
391 294.978 76.7266 2 424.974 -101.313
392 304.978 76.7266 2 427.775 -90.1813
393 314.978 76.7266 2 430.79 -91.2058
394 324.978 76.7266 2 434.014 -96.7238
395 334.978 76.7266 2 437.443 -110.496
396 344.978 76.7266 2 441.073 -108.424
397 354.978 76.7266 2 444.897 -110.647
398 364.978 76.7266 2 448.912 -124.998
399 374.978 76.7266 2 453.112 -119.501
400 384.978 76.7266 2 457.492 -111.588
401 394.978 76.7266 2 462.047 -128.426
402 404.978 76.7266 2 466.772 -133.33
403 414.978 76.7266 2 471.661 -99.0384
404 424.978 76.7266 2 476.711 -102.111
405 434.978 76.7266 2 481.914 -124.842
406 444.978 76.7266 2 487.268 -127.503
407 454.978 76.7266 2 492.766 -125.496
408 464.978 76.7266 2 498.404 -126.018
409 474.978 76.7266 2 504.178 -131.697
410 484.978 76.7266 2 510.082 -117.399
411 84.9784 86.7266 2 410.66 -90.5955
412 94.9784 86.7266 2 408.448 -89.9452
413 104.978 86.7266 2 406.471 -250
414 114.978 86.7266 2 404.731 -250
415 124.978 86.7266 2 403.231 -250
416 134.978 86.7266 2 401.975 -110.952
417 144.978 86.7266 2 400.964 -116.101
418 154.978 86.7266 2 400.201 -250
419 164.978 86.7266 2 399.687 -250
420 174.978 86.7266 2 399.422 -250
421 184.978 86.7266 2 399.408 -93.9324
422 194.978 86.7266 2 399.643 -123.328
423 204.978 86.7266 2 400.129 -125.608
424 214.978 86.7266 2 400.864 -117.618
425 224.978 86.7266 2 401.846 -250
426 234.978 86.7266 2 403.074 -250
427 244.978 86.7266 2 404.546 -250
428 254.978 86.7266 2 406.258 -121.96
429 264.978 86.7266 2 408.209 -127.45
430 274.978 86.7266 2 410.393 -114.695
431 284.978 86.7266 2 412.809 -93.4902
432 294.978 86.7266 2 415.451 -101.169
433 304.978 86.7266 2 418.316 -89.4683
434 314.978 86.7266 2 421.398 -89.8375
435 324.978 86.7266 2 424.694 -106.044
436 334.978 86.7266 2 428.198 -118.801
437 344.978 86.7266 2 431.905 -110.679
438 354.978 86.7266 2 435.81 -114.004
439 364.978 86.7266 2 439.908 -126.318
440 374.978 86.7266 2 444.193 -116.67
441 384.978 86.7266 2 448.66 -250
442 394.978 86.7266 2 453.304 -250
443 404.978 86.7266 2 458.119 -250
444 414.978 86.7266 2 463.1 -103.216
445 424.978 86.7266 2 468.241 -111.55
446 434.978 86.7266 2 473.538 -123.805
447 444.978 86.7266 2 478.985 -250
448 454.978 86.7266 2 484.578 -250
449 464.978 86.7266 2 490.31 -250
450 474.978 86.7266 2 496.178 -114.601
451 484.978 86.7266 2 502.176 -118.969
452 84.9784 96.7266 2 401.047 -91.2387
453 94.9784 96.7266 2 398.782 -90.861
454 104.978 96.7266 2 396.756 -117.257
455 114.978 96.7266 2 394.973 -115.095
456 124.978 96.7266 2 393.437 -109.502
457 134.978 96.7266 2 392.149 -115.101
458 144.978 96.7266 2 391.113 -120.141
459 154.978 96.7266 2 390.331 -250
460 164.978 96.7266 2 389.803 -250
461 174.978 96.7266 2 389.532 -250
462 184.978 96.7266 2 389.517 -89.4726
463 194.978 96.7266 2 389.759 -250
464 204.978 96.7266 2 390.257 -250
465 214.978 96.7266 2 391.01 -250
466 224.978 96.7266 2 392.017 -250
467 234.978 96.7266 2 393.276 -250
468 244.978 96.7266 2 394.784 -250
469 254.978 96.7266 2 396.538 -250
470 264.978 96.7266 2 398.536 -250
471 274.978 96.7266 2 400.774 -108.064
472 284.978 96.7266 2 403.247 -115.011
473 294.978 96.7266 2 405.952 -108.138
474 304.978 96.7266 2 408.883 -86.906
475 314.978 96.7266 2 412.036 -93.7338
476 324.978 96.7266 2 415.406 -104.152
477 334.978 96.7266 2 418.988 -111.126
478 344.978 96.7266 2 422.775 -103.639
479 354.978 96.7266 2 426.764 -121.283
480 364.978 96.7266 2 430.948 -115.847
481 374.978 96.7266 2 435.321 -129.102
482 384.978 96.7266 2 439.878 -250
483 394.978 96.7266 2 444.614 -250
484 404.978 96.7266 2 449.522 -250
485 414.978 96.7266 2 454.597 -101.043
486 424.978 96.7266 2 459.834 -103.87
487 434.978 96.7266 2 465.226 -114.057
488 444.978 96.7266 2 470.769 -250
489 454.978 96.7266 2 476.458 -250
490 464.978 96.7266 2 482.287 -250
491 474.978 96.7266 2 488.251 -104.891
492 484.978 96.7266 2 494.346 -129.536
493 84.9784 106.727 2 391.453 -93.7243
494 94.9784 106.727 2 389.132 -91.9082
495 104.978 106.727 2 387.056 -108.993
496 114.978 106.727 2 385.229 -114.523
497 124.978 106.727 2 383.653 -111.831
498 134.978 106.727 2 382.332 -119.409
499 144.978 106.727 2 381.27 -120.916
500 154.978 106.727 2 380.467 -250
501 164.978 106.727 2 379.926 -250
502 174.978 106.727 2 379.647 -250
503 184.978 106.727 2 379.632 -94.5437
504 194.978 106.727 2 379.88 -250
505 204.978 106.727 2 380.391 -250
506 214.978 106.727 2 381.164 -250
507 224.978 106.727 2 382.197 -250
508 234.978 106.727 2 383.488 -250
509 244.978 106.727 2 385.034 -250
510 254.978 106.727 2 386.833 -250
511 264.978 106.727 2 388.881 -250
512 274.978 106.727 2 391.174 -92.9895
513 284.978 106.727 2 393.707 -110.564
514 294.978 106.727 2 396.477 -127.334
515 304.978 106.727 2 399.477 -95.5697
516 314.978 106.727 2 402.704 -103.116
517 324.978 106.727 2 406.152 -114.026
518 334.978 106.727 2 409.814 -100.5
519 344.978 106.727 2 413.686 -102.865
520 354.978 106.727 2 417.761 -128.212
521 364.978 106.727 2 422.034 -129.458
522 374.978 106.727 2 426.499 -123.645
523 384.978 106.727 2 431.15 -250
524 394.978 106.727 2 435.98 -250
525 404.978 106.727 2 440.984 -250
526 414.978 106.727 2 446.156 -114.775
527 424.978 106.727 2 451.491 -99.711
528 434.978 106.727 2 456.982 -102.556
529 444.978 106.727 2 462.624 -250
530 454.978 106.727 2 468.412 -250
531 464.978 106.727 2 474.339 -250
532 474.978 106.727 2 480.402 -108.879
533 484.978 106.727 2 486.595 -109.454
534 84.9784 116.727 2 381.88 -91.1977
535 94.9784 116.727 2 379.501 -93.3022
536 104.978 116.727 2 377.372 -133.502
537 114.978 116.727 2 375.497 -250
538 124.978 116.727 2 373.88 -250
539 134.978 116.727 2 372.525 -250
540 144.978 116.727 2 371.434 -250
541 154.978 116.727 2 370.61 -250
542 164.978 116.727 2 370.055 -250
543 174.978 116.727 2 369.769 -250
544 184.978 116.727 2 369.753 -94.186
545 194.978 116.727 2 370.008 -250
546 204.978 116.727 2 370.533 -250
547 214.978 116.727 2 371.326 -250
548 224.978 116.727 2 372.386 -250
549 234.978 116.727 2 373.711 -250
550 244.978 116.727 2 375.298 -250
551 254.978 116.727 2 377.143 -250
552 264.978 116.727 2 379.243 -250
553 274.978 116.727 2 381.594 -93.1849
554 284.978 116.727 2 384.19 -110.246
555 294.978 116.727 2 387.028 -97.791
556 304.978 116.727 2 390.102 -92.3141
557 314.978 116.727 2 393.405 -101.574
558 324.978 116.727 2 396.933 -250
559 334.978 116.727 2 400.68 -250
560 344.978 116.727 2 404.64 -250
561 354.978 116.727 2 408.805 -250
562 364.978 116.727 2 413.171 -250
563 374.978 116.727 2 417.73 -250
564 384.978 116.727 2 422.477 -250
565 394.978 116.727 2 427.406 -250
566 404.978 116.727 2 432.509 -250
567 414.978 116.727 2 437.781 -250
568 424.978 116.727 2 443.217 -106.779
569 434.978 116.727 2 448.809 -102.895
570 444.978 116.727 2 454.552 -250
571 454.978 116.727 2 460.442 -250
572 464.978 116.727 2 466.471 -250
573 474.978 116.727 2 472.635 -127.859
574 484.978 116.727 2 478.928 -105.927
575 84.9784 126.727 2 372.33 -91.1555
576 94.9784 126.727 2 369.889 -92.0584
577 104.978 126.727 2 367.704 -102.715
578 114.978 126.727 2 365.78 -250
579 124.978 126.727 2 364.12 -250
580 134.978 126.727 2 362.729 -250
581 144.978 126.727 2 361.608 -250
582 154.978 126.727 2 360.762 -250
583 164.978 126.727 2 360.191 -250
584 174.978 126.727 2 359.897 -250
585 184.978 126.727 2 359.881 -88.4838
586 194.978 126.727 2 360.143 -88.9962
587 204.978 126.727 2 360.682 -88.0125
588 214.978 126.727 2 361.497 -86.9572
589 224.978 126.727 2 362.586 -250
590 234.978 126.727 2 363.946 -250
591 244.978 126.727 2 365.575 -250
592 254.978 126.727 2 367.469 -117.402
593 264.978 126.727 2 369.625 -115.28
594 274.978 126.727 2 372.036 -95.8662
595 284.978 126.727 2 374.699 -103.695
596 294.978 126.727 2 377.608 -91.3633
597 304.978 126.727 2 380.757 -96.282
598 314.978 126.727 2 384.142 -95.5128
599 324.978 126.727 2 387.754 -250
600 334.978 126.727 2 391.589 -250
601 344.978 126.727 2 395.639 -250
602 354.978 126.727 2 399.898 -250
603 364.978 126.727 2 404.36 -250
604 374.978 126.727 2 409.018 -250
605 384.978 126.727 2 413.865 -250
606 394.978 126.727 2 418.894 -250
607 404.978 126.727 2 424.1 -250
608 414.978 126.727 2 429.476 -250
609 424.978 126.727 2 435.015 -109.834
610 434.978 126.727 2 440.711 -91.6134
611 444.978 126.727 2 446.559 -250
612 454.978 126.727 2 452.552 -250
613 464.978 126.727 2 458.685 -250
614 474.978 126.727 2 464.952 -110.123
615 484.978 126.727 2 471.348 -109.128
616 84.9784 136.727 2 362.804 -95.5838
617 94.9784 136.727 2 360.299 -98.6367
618 104.978 136.727 2 358.055 -107.393
619 114.978 136.727 2 356.079 -109.129
620 124.978 136.727 2 354.373 -91.321
621 134.978 136.727 2 352.943 -250
622 144.978 136.727 2 351.792 -250
623 154.978 136.727 2 350.922 -250
624 164.978 136.727 2 350.335 -250
625 174.978 136.727 2 350.033 -250
626 184.978 136.727 2 350.016 -91.5696
627 194.978 136.727 2 350.286 -88.7203
628 204.978 136.727 2 350.84 -88.4855
629 214.978 136.727 2 351.677 -103.284
630 224.978 136.727 2 352.797 -250
631 234.978 136.727 2 354.195 -250
632 244.978 136.727 2 355.868 -250
633 254.978 136.727 2 357.814 -112.376
634 264.978 136.727 2 360.027 -103.604
635 274.978 136.727 2 362.502 -98.5444
636 284.978 136.727 2 365.235 -95.1614
637 294.978 136.727 2 368.218 -91.5853
638 304.978 136.727 2 371.447 -112.882
639 314.978 136.727 2 374.916 -97.7778
640 324.978 136.727 2 378.616 -250
641 334.978 136.727 2 382.542 -250
642 344.978 136.727 2 386.687 -250
643 354.978 136.727 2 391.044 -250
644 364.978 136.727 2 395.606 -250
645 374.978 136.727 2 400.366 -250
646 384.978 136.727 2 405.316 -250
647 394.978 136.727 2 410.45 -250
648 404.978 136.727 2 415.762 -250
649 414.978 136.727 2 421.244 -250
650 424.978 136.727 2 426.89 -100.289
651 434.978 136.727 2 432.693 -92.7777
652 444.978 136.727 2 438.648 -250
653 454.978 136.727 2 444.748 -250
654 464.978 136.727 2 450.987 -250
655 474.978 136.727 2 457.359 -108.182
656 484.978 136.727 2 463.86 -113.983
657 84.9784 146.727 2 353.304 -94.4702
658 94.9784 146.727 2 350.731 -95.5596
659 104.978 146.727 2 348.426 -102.766
660 114.978 146.727 2 346.394 -98.7378
661 124.978 146.727 2 344.641 -93.2355
662 134.978 146.727 2 343.171 -93.0142
663 144.978 146.727 2 341.986 -85.8973
664 154.978 146.727 2 341.091 -89.3172
665 164.978 146.727 2 340.487 -93.865
666 174.978 146.727 2 340.176 -94.1205
667 184.978 146.727 2 340.159 -87.6195
668 194.978 146.727 2 340.436 -88.7052
669 204.978 146.727 2 341.007 -91.905
670 214.978 146.727 2 341.868 -86.1999
671 224.978 146.727 2 343.02 -92.579
672 234.978 146.727 2 344.457 -101.873
673 244.978 146.727 2 346.178 -109.573
674 254.978 146.727 2 348.178 -108.839
675 264.978 146.727 2 350.452 -119.055
676 274.978 146.727 2 352.994 -106.898
677 284.978 146.727 2 355.8 -102.975
678 294.978 146.727 2 358.862 -90.9198
679 304.978 146.727 2 362.174 -113.87
680 314.978 146.727 2 365.73 -110.525
681 324.978 146.727 2 369.523 -110.64
682 334.978 146.727 2 373.545 -128.637
683 344.978 146.727 2 377.789 -128.154
684 354.978 146.727 2 382.247 -127.197
685 364.978 146.727 2 386.912 -108.729
686 374.978 146.727 2 391.778 -96.6123
687 384.978 146.727 2 396.835 -116.3
688 394.978 146.727 2 402.078 -104.621
689 404.978 146.727 2 407.499 -102.791
690 414.978 146.727 2 413.09 -106.686
691 424.978 146.727 2 418.846 -89.2703
692 434.978 146.727 2 424.759 -88.2011
693 444.978 146.727 2 430.824 -92.1187
694 454.978 146.727 2 437.033 -97.0124
695 464.978 146.727 2 443.38 -105.448
696 474.978 146.727 2 449.86 -110.464
697 484.978 146.727 2 456.468 -116.432
698 84.9784 156.727 2 343.832 -101.061
699 94.9784 156.727 2 341.188 -102.828
700 104.978 156.727 2 338.818 -98.9872
701 114.978 156.727 2 336.729 -101.847
702 124.978 156.727 2 334.925 -100.349
703 134.978 156.727 2 333.411 -86.5912
704 144.978 156.727 2 332.192 -85.2515
705 154.978 156.727 2 331.27 -89.9185
706 164.978 156.727 2 330.649 -88.2014
707 174.978 156.727 2 330.329 -93.4066
708 184.978 156.727 2 330.311 -92.6964
709 194.978 156.727 2 330.596 -90.1177
710 204.978 156.727 2 331.183 -92.2868
711 214.978 156.727 2 332.071 -88.6649
712 224.978 156.727 2 333.256 -103.396
713 234.978 156.727 2 334.736 -100.256
714 244.978 156.727 2 336.506 -113.663
715 254.978 156.727 2 338.563 -111.202
716 264.978 156.727 2 340.901 -109.896
717 274.978 156.727 2 343.514 -107.61
718 284.978 156.727 2 346.396 -86.2969
719 294.978 156.727 2 349.541 -100.715
720 304.978 156.727 2 352.941 -105.059
721 314.978 156.727 2 356.589 -116.683
722 324.978 156.727 2 360.478 -126.451
723 334.978 156.727 2 364.599 -122.212
724 344.978 156.727 2 368.946 -112.092
725 354.978 156.727 2 373.51 -106.587
726 364.978 156.727 2 378.283 -123.42
727 374.978 156.727 2 383.258 -115.73
728 384.978 156.727 2 388.426 -94.5144
729 394.978 156.727 2 393.781 -99.088
730 404.978 156.727 2 399.315 -104.928
731 414.978 156.727 2 405.019 -91.2701
732 424.978 156.727 2 410.888 -89.4943
733 434.978 156.727 2 416.914 -93.1202
734 444.978 156.727 2 423.091 -116.978
735 454.978 156.727 2 429.412 -117.781
736 464.978 156.727 2 435.87 -101.557
737 474.978 156.727 2 442.461 -107.035
738 484.978 156.727 2 449.177 -105.921
739 84.9784 166.727 2 334.392 -95.5265
740 94.9784 166.727 2 331.672 -102.735
741 104.978 166.727 2 329.233 -97.0268
742 114.978 166.727 2 327.083 -98.1336
743 124.978 166.727 2 325.225 -107.269
744 134.978 166.727 2 323.667 -97.7733
745 144.978 166.727 2 322.411 -92.1034
746 154.978 166.727 2 321.461 -90.2405
747 164.978 166.727 2 320.82 -89.9561
748 174.978 166.727 2 320.49 -90.7132
749 184.978 166.727 2 320.472 -91.3096
750 194.978 166.727 2 320.766 -88.6913
751 204.978 166.727 2 321.371 -88.1345
752 214.978 166.727 2 322.286 -93.2641
753 224.978 166.727 2 323.506 -250
754 234.978 166.727 2 325.031 -103.569
755 244.978 166.727 2 326.854 -250
756 254.978 166.727 2 328.971 -250
757 264.978 166.727 2 331.376 -250
758 274.978 166.727 2 334.064 -98.465
759 284.978 166.727 2 337.027 -89.1579
760 294.978 166.727 2 340.258 -250
761 304.978 166.727 2 343.75 -250
762 314.978 166.727 2 347.495 -250
763 324.978 166.727 2 351.484 -250
764 334.978 166.727 2 355.71 -250
765 344.978 166.727 2 360.164 -250
766 354.978 166.727 2 364.838 -117.792
767 364.978 166.727 2 369.723 -126.759
768 374.978 166.727 2 374.812 -250
769 384.978 166.727 2 380.095 -100.086
770 394.978 166.727 2 385.565 -112.7
771 404.978 166.727 2 391.215 -97.3821
772 414.978 166.727 2 397.036 -95.1379
773 424.978 166.727 2 403.021 -100.272
774 434.978 166.727 2 409.163 -92.571
775 444.978 166.727 2 415.455 -250
776 454.978 166.727 2 421.89 -250
777 464.978 166.727 2 428.462 -250
778 474.978 166.727 2 435.165 -123.403
779 484.978 166.727 2 441.992 -110.152
780 84.9784 176.727 2 324.984 -91.7423
781 94.9784 176.727 2 322.185 -119.107
782 104.978 176.727 2 319.674 -103.619
783 114.978 176.727 2 317.459 -102.868
784 124.978 176.727 2 315.545 -108.77
785 134.978 176.727 2 313.938 -86.5264
786 144.978 176.727 2 312.643 -92.1239
787 154.978 176.727 2 311.663 -89.4846
788 164.978 176.727 2 311.003 -89.8855
789 174.978 176.727 2 310.662 -88.3595
790 184.978 176.727 2 310.644 -89.4796
791 194.978 176.727 2 310.947 -87.1939
792 204.978 176.727 2 311.571 -91.0723
793 214.978 176.727 2 312.514 -89.3919
794 224.978 176.727 2 313.773 -250
795 234.978 176.727 2 315.344 -95.5794
796 244.978 176.727 2 317.223 -250
797 254.978 176.727 2 319.404 -250
798 264.978 176.727 2 321.881 -250
799 274.978 176.727 2 324.647 -88.7597
800 284.978 176.727 2 327.696 -89.289
801 294.978 176.727 2 331.018 -250
802 304.978 176.727 2 334.606 -250
803 314.978 176.727 2 338.452 -250
804 324.978 176.727 2 342.547 -250
805 334.978 176.727 2 346.881 -250
806 344.978 176.727 2 351.447 -250
807 354.978 176.727 2 356.235 -135.146
808 364.978 176.727 2 361.237 -115.919
809 374.978 176.727 2 366.443 -250
810 384.978 176.727 2 371.846 -103.488
811 394.978 176.727 2 377.436 -111.47
812 404.978 176.727 2 383.205 -94.0349
813 414.978 176.727 2 389.146 -100.051
814 424.978 176.727 2 395.251 -98.6552
815 434.978 176.727 2 401.512 -99.1431
816 444.978 176.727 2 407.922 -250
817 454.978 176.727 2 414.474 -250
818 464.978 176.727 2 421.162 -250
819 474.978 176.727 2 427.978 -131.004
820 484.978 176.727 2 434.918 -122.791
821 84.9784 186.727 2 315.613 -90.4078
822 94.9784 186.727 2 312.73 -118.541
823 104.978 186.727 2 310.143 -106.803
824 114.978 186.727 2 307.859 -105.203
825 124.978 186.727 2 305.885 -97.8696
826 134.978 186.727 2 304.227 -100.28
827 144.978 186.727 2 302.89 -89.732
828 154.978 186.727 2 301.879 -88.9494
829 164.978 186.727 2 301.197 -92.5552
830 174.978 186.727 2 300.846 -87.1065
831 184.978 186.727 2 300.826 -88.995
832 194.978 186.727 2 301.14 -88.593
833 204.978 186.727 2 301.784 -88.7277
834 214.978 186.727 2 302.757 -88.013
835 224.978 186.727 2 304.057 -250
836 234.978 186.727 2 305.678 -100.904
837 244.978 186.727 2 307.616 -250
838 254.978 186.727 2 309.864 -250
839 264.978 186.727 2 312.417 -250
840 274.978 186.727 2 315.266 -87.6409
841 284.978 186.727 2 318.404 -91.3904
842 294.978 186.727 2 321.823 -89.044
843 304.978 186.727 2 325.512 -98.4948
844 314.978 186.727 2 329.464 -111.218
845 324.978 186.727 2 333.669 -110.308
846 334.978 186.727 2 338.118 -250
847 344.978 186.727 2 342.801 -250
848 354.978 186.727 2 347.708 -250
849 364.978 186.727 2 352.83 -250
850 374.978 186.727 2 358.159 -250
851 384.978 186.727 2 363.684 -107.073
852 394.978 186.727 2 369.398 -96.7472
853 404.978 186.727 2 375.291 -97.1369
854 414.978 186.727 2 381.355 -101.847
855 424.978 186.727 2 387.582 -100.157
856 434.978 186.727 2 393.965 -112.872
857 444.978 186.727 2 400.496 -250
858 454.978 186.727 2 407.168 -250
859 464.978 186.727 2 413.973 -250
860 474.978 186.727 2 420.907 -121.573
861 484.978 186.727 2 427.961 -122.12
862 84.9784 196.727 2 306.282 -89.5378
863 94.9784 196.727 2 303.31 -103.047
864 104.978 196.727 2 300.642 -110.325
865 114.978 196.727 2 298.285 -113.151
866 124.978 196.727 2 296.248 -96.6903
867 134.978 196.727 2 294.535 -94.8934
868 144.978 196.727 2 293.155 -93.6315
869 154.978 196.727 2 292.11 -94.5088
870 164.978 196.727 2 291.405 -93.984
871 174.978 196.727 2 291.041 -91.6127
872 184.978 196.727 2 291.022 -88.6929
873 194.978 196.727 2 291.345 -90.5189
874 204.978 196.727 2 292.011 -88.329
875 214.978 196.727 2 293.017 -87.5934
876 224.978 196.727 2 294.359 -250
877 234.978 196.727 2 296.034 -88.9335
878 244.978 196.727 2 298.034 -85.1146
879 254.978 196.727 2 300.355 -84.2587
880 264.978 196.727 2 302.987 -91.9317
881 274.978 196.727 2 305.925 -90.628
882 284.978 196.727 2 309.158 -110.04
883 294.978 196.727 2 312.677 -96.492
884 304.978 196.727 2 316.473 -98.1701
885 314.978 196.727 2 320.537 -103.445
886 324.978 196.727 2 324.857 -113.78
887 334.978 196.727 2 329.425 -250
888 344.978 196.727 2 334.229 -250
889 354.978 196.727 2 339.261 -114.692
890 364.978 196.727 2 344.509 -114.85
891 374.978 196.727 2 349.964 -115.244
892 384.978 196.727 2 355.617 -104.619
893 394.978 196.727 2 361.458 -102.861
894 404.978 196.727 2 367.478 -99.8045
895 414.978 196.727 2 373.669 -107.352
896 424.978 196.727 2 380.023 -250
897 434.978 196.727 2 386.53 -250
898 444.978 196.727 2 393.185 -250
899 454.978 196.727 2 399.978 -250
900 464.978 196.727 2 406.904 -250
901 474.978 196.727 2 413.956 -112.315
902 484.978 196.727 2 421.127 -138.453
903 84.9784 206.727 2 296.995 -89.5246
904 94.9784 206.727 2 293.929 -90.2474
905 104.978 206.727 2 291.175 -114.754
906 114.978 206.727 2 288.741 -148.139
907 124.978 206.727 2 286.635 -250
908 134.978 206.727 2 284.865 -104.333
909 144.978 206.727 2 283.437 -100.117
910 154.978 206.727 2 282.356 -94.9737
911 164.978 206.727 2 281.627 -96.7924
912 174.978 206.727 2 281.251 -90.7453
913 184.978 206.727 2 281.23 -90.1524
914 194.978 206.727 2 281.565 -88.2262
915 204.978 206.727 2 282.254 -87.007
916 214.978 206.727 2 283.295 -86.4754
917 224.978 206.727 2 284.683 -84.7563
918 234.978 206.727 2 286.414 -91.012
919 244.978 206.727 2 288.481 -90.2463
920 254.978 206.727 2 290.878 -101.793
921 264.978 206.727 2 293.596 -90.8036
922 274.978 206.727 2 296.626 -94.8397
923 284.978 206.727 2 299.959 -94.3484
924 294.978 206.727 2 303.585 -104.267
925 304.978 206.727 2 307.494 -99.0316
926 314.978 206.727 2 311.674 -101.999
927 324.978 206.727 2 316.116 -108.591
928 334.978 206.727 2 320.808 -250
929 344.978 206.727 2 325.74 -250
930 354.978 206.727 2 330.9 -117.652
931 364.978 206.727 2 336.279 -110.226
932 374.978 206.727 2 341.865 -102.986
933 384.978 206.727 2 347.65 -103.086
934 394.978 206.727 2 353.622 -103.127
935 404.978 206.727 2 359.774 -113.539
936 414.978 206.727 2 366.095 -107.855
937 424.978 206.727 2 372.578 -250
938 434.978 206.727 2 379.213 -250
939 444.978 206.727 2 385.994 -250
940 454.978 206.727 2 392.912 -250
941 464.978 206.727 2 399.96 -250
942 474.978 206.727 2 407.132 -131.333
943 484.978 206.727 2 414.421 -122.153
944 84.9784 216.727 2 287.755 -88.4575
945 94.9784 216.727 2 284.59 -88.0839
946 104.978 216.727 2 281.744 -114.93
947 114.978 216.727 2 279.228 -250
948 124.978 216.727 2 277.05 -250
949 134.978 216.727 2 275.218 -99.921
950 144.978 216.727 2 273.74 -111.197
951 154.978 216.727 2 272.621 -96.4227
952 164.978 216.727 2 271.865 -94.622
953 174.978 216.727 2 271.476 -88.5181
954 184.978 216.727 2 271.455 -89.1572
955 194.978 216.727 2 271.802 -90.1069
956 204.978 216.727 2 272.515 -91.5128
957 214.978 216.727 2 273.593 -87.8312
958 224.978 216.727 2 275.03 -85.6109
959 234.978 216.727 2 276.821 -94.6275
960 244.978 216.727 2 278.96 -87.577
961 254.978 216.727 2 281.437 -92.6555
962 264.978 216.727 2 284.245 -101.857
963 274.978 216.727 2 287.374 -95.5938
964 284.978 216.727 2 290.813 -94.4066
965 294.978 216.727 2 294.552 -250
966 304.978 216.727 2 298.579 -250
967 314.978 216.727 2 302.883 -250
968 324.978 216.727 2 307.451 -250
969 334.978 216.727 2 312.274 -250
970 344.978 216.727 2 317.338 -250
971 354.978 216.727 2 322.633 -106.005
972 364.978 216.727 2 328.147 -115.013
973 374.978 216.727 2 333.869 -108.049
974 384.978 216.727 2 339.79 -103.733
975 394.978 216.727 2 345.898 -106.346
976 404.978 216.727 2 352.185 -123.304
977 414.978 216.727 2 358.64 -111.723
978 424.978 216.727 2 365.255 -250
979 434.978 216.727 2 372.021 -250
980 444.978 216.727 2 378.93 -250
981 454.978 216.727 2 385.975 -250
982 464.978 216.727 2 393.148 -250
983 474.978 216.727 2 400.442 -122.092
984 484.978 216.727 2 407.851 -123.116
985 84.9784 226.727 2 278.567 -88.7231
986 94.9784 226.727 2 275.297 -88.3489
987 104.978 226.727 2 272.354 -250
988 114.978 226.727 2 269.75 -250
989 124.978 226.727 2 267.495 -250
990 134.978 226.727 2 265.598 -118.109
991 144.978 226.727 2 264.066 -117.517
992 154.978 226.727 2 262.905 -99.9401
993 164.978 226.727 2 262.121 -99.811
994 174.978 226.727 2 261.718 -90.3744
995 184.978 226.727 2 261.696 -87.9588
996 194.978 226.727 2 262.056 -88.2159
997 204.978 226.727 2 262.796 -88.5149
998 214.978 226.727 2 263.913 -88.948
999 224.978 226.727 2 265.403 -86.1979
1000 234.978 226.727 2 267.258 -89.9533
1001 244.978 226.727 2 269.473 -90.2144
1002 254.978 226.727 2 272.037 -99.7937
1003 264.978 226.727 2 274.941 -94.2178
1004 274.978 226.727 2 278.174 -93.7389
1005 284.978 226.727 2 281.726 -100.364
1006 294.978 226.727 2 285.583 -250
1007 304.978 226.727 2 289.735 -250
1008 314.978 226.727 2 294.168 -250
1009 324.978 226.727 2 298.87 -250
1010 334.978 226.727 2 303.829 -250
1011 344.978 226.727 2 309.031 -250
1012 354.978 226.727 2 314.466 -119.046
1013 364.978 226.727 2 320.121 -106.096
1014 374.978 226.727 2 325.984 -110.812
1015 384.978 226.727 2 332.046 -110.653
1016 394.978 226.727 2 338.294 -121.932
1017 404.978 226.727 2 344.719 -117.754
1018 414.978 226.727 2 351.311 -120.134
1019 424.978 226.727 2 358.062 -250
1020 434.978 226.727 2 364.961 -250
1021 444.978 226.727 2 372.002 -250
1022 454.978 226.727 2 379.175 -250
1023 464.978 226.727 2 386.474 -250
1024 474.978 226.727 2 393.892 -130.778
1025 484.978 226.727 2 401.421 -128.497
1026 84.9784 236.727 2 269.438 -88.082
1027 94.9784 236.727 2 266.055 -88.0863
1028 104.978 236.727 2 263.009 -85.4837
1029 114.978 236.727 2 260.312 -91.9193
1030 124.978 236.727 2 257.974 -250
1031 134.978 236.727 2 256.006 -107.135
1032 144.978 236.727 2 254.416 -112.705
1033 154.978 236.727 2 253.212 -101.254
1034 164.978 236.727 2 252.398 -103.28
1035 174.978 236.727 2 251.978 -98.2957
1036 184.978 236.727 2 251.956 -88.9626
1037 194.978 236.727 2 252.329 -87.8394
1038 204.978 236.727 2 253.098 -88.3475
1039 214.978 236.727 2 254.258 -88.7816
1040 224.978 236.727 2 255.804 -85.8819
1041 234.978 236.727 2 257.729 -87.4245
1042 244.978 236.727 2 260.024 -86.7246
1043 254.978 236.727 2 262.68 -99.1018
1044 264.978 236.727 2 265.687 -97.1565
1045 274.978 236.727 2 269.032 -89.7728
1046 284.978 236.727 2 272.702 -97.6923
1047 294.978 236.727 2 276.686 -250
1048 304.978 236.727 2 280.969 -250
1049 314.978 236.727 2 285.538 -250
1050 324.978 236.727 2 290.38 -250
1051 334.978 236.727 2 295.481 -250
1052 344.978 236.727 2 300.828 -250
1053 354.978 236.727 2 306.408 -124.851
1054 364.978 236.727 2 312.209 -112.408
1055 374.978 236.727 2 318.218 -109.065
1056 384.978 236.727 2 324.425 -116.56
1057 394.978 236.727 2 330.817 -114.161
1058 404.978 236.727 2 337.384 -115.891
1059 414.978 236.727 2 344.117 -250
1060 424.978 236.727 2 351.006 -250
1061 434.978 236.727 2 358.041 -250
1062 444.978 236.727 2 365.215 -250
1063 454.978 236.727 2 372.519 -250
1064 464.978 236.727 2 379.946 -250
1065 474.978 236.727 2 387.489 -129.279
1066 484.978 236.727 2 395.141 -117.192
1067 84.9784 246.727 2 260.372 -89.3102
1068 94.9784 246.727 2 256.87 -89.1689
1069 104.978 246.727 2 253.714 -87.2787
1070 114.978 246.727 2 250.917 -92.34
1071 124.978 246.727 2 248.491 -115.215
1072 134.978 246.727 2 246.447 -112.539
1073 144.978 246.727 2 244.795 -119.471
1074 154.978 246.727 2 243.543 -113.469
1075 164.978 246.727 2 242.697 -117.909
1076 174.978 246.727 2 242.261 -91.5563
1077 184.978 246.727 2 242.237 -87.0421
1078 194.978 246.727 2 242.626 -87.5215
1079 204.978 246.727 2 243.425 -89.1645
1080 214.978 246.727 2 244.631 -86.4179
1081 224.978 246.727 2 246.237 -92.7796
1082 234.978 246.727 2 248.236 -85.1599
1083 244.978 246.727 2 250.618 -95.8449
1084 254.978 246.727 2 253.373 -98.7661
1085 264.978 246.727 2 256.489 -100.473
1086 274.978 246.727 2 259.952 -94.4176
1087 284.978 246.727 2 263.749 -92.1636
1088 294.978 246.727 2 267.866 -100.32
1089 304.978 246.727 2 272.287 -94.8914
1090 314.978 246.727 2 277 -105.63
1091 324.978 246.727 2 281.988 -109.795
1092 334.978 246.727 2 287.238 -113.835
1093 344.978 246.727 2 292.736 -116.411
1094 354.978 246.727 2 298.468 -114.851
1095 364.978 246.727 2 304.42 -113.082
1096 374.978 246.727 2 310.58 -114.846
1097 384.978 246.727 2 316.936 -108.579
1098 394.978 246.727 2 323.476 -124.083
1099 404.978 246.727 2 330.19 -115.166
1100 414.978 246.727 2 337.066 -118.034
1101 424.978 246.727 2 344.096 -123.373
1102 434.978 246.727 2 351.27 -126.129
1103 444.978 246.727 2 358.579 -114.013
1104 454.978 246.727 2 366.016 -117.256
1105 464.978 246.727 2 373.572 -119.249
1106 474.978 246.727 2 381.241 -133.74
1107 484.978 246.727 2 389.016 -136.878
1108 84.9784 256.727 2 251.378 -86.8864
1109 94.9784 256.727 2 247.749 -86.927
1110 104.978 256.727 2 244.475 -89.9365
1111 114.978 256.727 2 241.57 -91.6194
1112 124.978 256.727 2 239.05 -111.924
1113 134.978 256.727 2 236.925 -118.252
1114 144.978 256.727 2 235.206 -117.78
1115 154.978 256.727 2 233.902 -110.46
1116 164.978 256.727 2 233.021 -116.428
1117 174.978 256.727 2 232.567 -102.54
1118 184.978 256.727 2 232.542 -87.5602
1119 194.978 256.727 2 232.947 -87.1762
1120 204.978 256.727 2 233.779 -87.8008
1121 214.978 256.727 2 235.034 -84.8549
1122 224.978 256.727 2 236.706 -83.0875
1123 234.978 256.727 2 238.785 -84.6619
1124 244.978 256.727 2 241.26 -96.8319
1125 254.978 256.727 2 244.121 -101.764
1126 264.978 256.727 2 247.353 -96.8255
1127 274.978 256.727 2 250.942 -106.433
1128 284.978 256.727 2 254.873 -105.056
1129 294.978 256.727 2 259.131 -98.1006
1130 304.978 256.727 2 263.7 -95.9096
1131 314.978 256.727 2 268.563 -98.312
1132 324.978 256.727 2 273.705 -113.743
1133 334.978 256.727 2 279.111 -111.839
1134 344.978 256.727 2 284.766 -114.219
1135 354.978 256.727 2 290.654 -110.585
1136 364.978 256.727 2 296.763 -118.568
1137 374.978 256.727 2 303.079 -118.949
1138 384.978 256.727 2 309.589 -127.393
1139 394.978 256.727 2 316.281 -110.797
1140 404.978 256.727 2 323.144 -112.846
1141 414.978 256.727 2 330.168 -115.885
1142 424.978 256.727 2 337.341 -111.68
1143 434.978 256.727 2 344.656 -112.59
1144 444.978 256.727 2 352.103 -123.515
1145 454.978 256.727 2 359.673 -119.797
1146 464.978 256.727 2 367.36 -116.962
1147 474.978 256.727 2 375.156 -115.003
1148 484.978 256.727 2 383.054 -112.186
1149 84.9784 266.727 2 242.462 -91.935
1150 94.9784 266.727 2 238.697 -92.7164
1151 104.978 266.727 2 235.297 -100.638
1152 114.978 266.727 2 232.279 -96.8731
1153 124.978 266.727 2 229.656 -112.962
1154 134.978 266.727 2 227.443 -250
1155 144.978 266.727 2 225.652 -250
1156 154.978 266.727 2 224.293 -250
1157 164.978 266.727 2 223.374 -250
1158 174.978 266.727 2 222.9 -91.1839
1159 184.978 266.727 2 222.874 -87.9824
1160 194.978 266.727 2 223.296 -88.5933
1161 204.978 266.727 2 224.164 -87.0469
1162 214.978 266.727 2 225.473 -86.7304
1163 224.978 266.727 2 227.215 -92.6821
1164 234.978 266.727 2 229.38 -87.2815
1165 244.978 266.727 2 231.956 -250
1166 254.978 266.727 2 234.93 -250
1167 264.978 266.727 2 238.287 -250
1168 274.978 266.727 2 242.01 -89.0777
1169 284.978 266.727 2 246.084 -91.5469
1170 294.978 266.727 2 250.492 -250
1171 304.978 266.727 2 255.215 -250
1172 314.978 266.727 2 260.236 -250
1173 324.978 266.727 2 265.54 -250
1174 334.978 266.727 2 271.109 -250
1175 344.978 266.727 2 276.927 -250
1176 354.978 266.727 2 282.979 -250
1177 364.978 266.727 2 289.25 -250
1178 374.978 266.727 2 295.726 -250
1179 384.978 266.727 2 302.394 -250
1180 394.978 266.727 2 309.242 -250
1181 404.978 266.727 2 316.258 -250
1182 414.978 266.727 2 323.431 -250
1183 424.978 266.727 2 330.751 -250
1184 434.978 266.727 2 338.208 -250
1185 444.978 266.727 2 345.794 -250
1186 454.978 266.727 2 353.499 -250
1187 464.978 266.727 2 361.317 -250
1188 474.978 266.727 2 369.241 -127.08
1189 484.978 266.727 2 377.263 -120.244
1190 84.9784 276.727 2 233.634 -100.569
1191 94.9784 276.727 2 229.725 -91.4806
1192 104.978 276.727 2 226.19 -90.436
1193 114.978 276.727 2 223.048 -106.841
1194 124.978 276.727 2 220.315 -106.468
1195 134.978 276.727 2 218.008 -250
1196 144.978 276.727 2 216.138 -250
1197 154.978 276.727 2 214.719 -250
1198 164.978 276.727 2 213.759 -250
1199 174.978 276.727 2 213.263 -93.0212
1200 184.978 276.727 2 213.236 -87.4789
1201 194.978 276.727 2 213.678 -86.1148
1202 204.978 276.727 2 214.585 -85.8706
1203 214.978 276.727 2 215.952 -88.2177
1204 224.978 276.727 2 217.77 -83.2554
1205 234.978 276.727 2 220.028 -84.3755
1206 244.978 276.727 2 222.712 -250
1207 254.978 276.727 2 225.808 -250
1208 264.978 276.727 2 229.298 -250
1209 274.978 276.727 2 233.165 -92.0895
1210 284.978 276.727 2 237.391 -98.3056
1211 294.978 276.727 2 241.957 -250
1212 304.978 276.727 2 246.843 -250
1213 314.978 276.727 2 252.032 -250
1214 324.978 276.727 2 257.504 -250
1215 334.978 276.727 2 263.243 -250
1216 344.978 276.727 2 269.231 -250
1217 354.978 276.727 2 275.452 -250
1218 364.978 276.727 2 281.891 -250
1219 374.978 276.727 2 288.532 -250
1220 384.978 276.727 2 295.363 -250
1221 394.978 276.727 2 302.37 -250
1222 404.978 276.727 2 309.542 -250
1223 414.978 276.727 2 316.867 -250
1224 424.978 276.727 2 324.335 -250
1225 434.978 276.727 2 331.936 -250
1226 444.978 276.727 2 339.662 -250
1227 454.978 276.727 2 347.504 -250
1228 464.978 276.727 2 355.454 -250
1229 474.978 276.727 2 363.505 -116.319
1230 484.978 276.727 2 371.651 -128.854
1231 84.9784 286.727 2 224.904 -101.354
1232 94.9784 286.727 2 220.84 -103.086
1233 104.978 286.727 2 217.161 -106.187
1234 114.978 286.727 2 213.886 -110.148
1235 124.978 286.727 2 211.035 -136.387
1236 134.978 286.727 2 208.625 -250
1237 144.978 286.727 2 206.671 -250
1238 154.978 286.727 2 205.186 -250
1239 164.978 286.727 2 204.181 -250
1240 174.978 286.727 2 203.662 -95.728
1241 184.978 286.727 2 203.634 -87.2066
1242 194.978 286.727 2 204.096 -86.5008
1243 204.978 286.727 2 205.046 -83.5225
1244 214.978 286.727 2 206.476 -85.011
1245 224.978 286.727 2 208.376 -86.8887
1246 234.978 286.727 2 210.735 -81.1672
1247 244.978 286.727 2 213.536 -250
1248 254.978 286.727 2 216.763 -250
1249 264.978 286.727 2 220.396 -250
1250 274.978 286.727 2 224.417 -109.101
1251 284.978 286.727 2 228.805 -89.1717
1252 294.978 286.727 2 233.538 -250
1253 304.978 286.727 2 238.597 -250
1254 314.978 286.727 2 243.961 -250
1255 324.978 286.727 2 249.611 -250
1256 334.978 286.727 2 255.527 -250
1257 344.978 286.727 2 261.692 -250
1258 354.978 286.727 2 268.088 -250
1259 364.978 286.727 2 274.699 -250
1260 374.978 286.727 2 281.51 -250
1261 384.978 286.727 2 288.507 -250
1262 394.978 286.727 2 295.677 -250
1263 404.978 286.727 2 303.007 -250
1264 414.978 286.727 2 310.486 -250
1265 424.978 286.727 2 318.104 -250
1266 434.978 286.727 2 325.851 -250
1267 444.978 286.727 2 333.717 -250
1268 454.978 286.727 2 341.695 -250
1269 464.978 286.727 2 349.777 -250
1270 474.978 286.727 2 357.956 -121.77
1271 484.978 286.727 2 366.226 -122.616
1272 84.9784 296.727 2 216.284 -98.4381
1273 94.9784 296.727 2 212.055 -99.9804
1274 104.978 296.727 2 208.221 -98.48
1275 114.978 296.727 2 204.803 -95.3207
1276 124.978 296.727 2 201.824 -137.235
1277 134.978 296.727 2 199.302 -250
1278 144.978 296.727 2 197.256 -250
1279 154.978 296.727 2 195.7 -250
1280 164.978 296.727 2 194.645 -250
1281 174.978 296.727 2 194.101 -98.5994
1282 184.978 296.727 2 194.072 -83.8225
1283 194.978 296.727 2 194.557 -85.5321
1284 204.978 296.727 2 195.552 -83.9926
1285 214.978 296.727 2 197.051 -85.6893
1286 224.978 296.727 2 199.042 -87.4607
1287 234.978 296.727 2 201.51 -81.3679
1288 244.978 296.727 2 204.437 -250
1289 254.978 296.727 2 207.806 -250
1290 264.978 296.727 2 211.593 -250
1291 274.978 296.727 2 215.778 -100.998
1292 284.978 296.727 2 220.337 -92.5563
1293 294.978 296.727 2 225.249 -250
1294 304.978 296.727 2 230.49 -250
1295 314.978 296.727 2 236.038 -250
1296 324.978 296.727 2 241.873 -114.872
1297 334.978 296.727 2 247.974 -114.925
1298 344.978 296.727 2 254.322 -105.72
1299 354.978 296.727 2 260.898 -111.727
1300 364.978 296.727 2 267.687 -105.379
1301 374.978 296.727 2 274.672 -112.097
1302 384.978 296.727 2 281.839 -117.647
1303 394.978 296.727 2 289.174 -109.45
1304 404.978 296.727 2 296.665 -115.371
1305 414.978 296.727 2 304.301 -124.182
1306 424.978 296.727 2 312.069 -125.58
1307 434.978 296.727 2 319.962 -250
1308 444.978 296.727 2 327.97 -250
1309 454.978 296.727 2 336.084 -250
1310 464.978 296.727 2 344.298 -250
1311 474.978 296.727 2 352.604 -119.567
1312 484.978 296.727 2 360.996 -118.86
1313 84.9784 306.727 2 207.788 -99.9727
1314 94.9784 306.727 2 203.382 -108.169
1315 104.978 306.727 2 199.381 -102.745
1316 114.978 306.727 2 195.81 -101.874
1317 124.978 306.727 2 192.691 -112.732
1318 134.978 306.727 2 190.048 -250
1319 144.978 306.727 2 187.901 -250
1320 154.978 306.727 2 186.267 -250
1321 164.978 306.727 2 185.159 -250
1322 174.978 306.727 2 184.587 -103.03
1323 184.978 306.727 2 184.556 -85.9676
1324 194.978 306.727 2 185.066 -86.5166
1325 204.978 306.727 2 186.112 -87.9671
1326 214.978 306.727 2 187.686 -85.2389
1327 224.978 306.727 2 189.775 -84.3849
1328 234.978 306.727 2 192.362 -87.2844
1329 244.978 306.727 2 195.427 -250
1330 254.978 306.727 2 198.948 -250
1331 264.978 306.727 2 202.901 -250
1332 274.978 306.727 2 207.261 -98.9457
1333 284.978 306.727 2 212.004 -89.459
1334 294.978 306.727 2 217.104 -250
1335 304.978 306.727 2 222.537 -250
1336 314.978 306.727 2 228.278 -250
1337 324.978 306.727 2 234.306 -97.6969
1338 334.978 306.727 2 240.599 -250
1339 344.978 306.727 2 247.137 -250
1340 354.978 306.727 2 253.9 -250
1341 364.978 306.727 2 260.871 -111.129
1342 374.978 306.727 2 268.033 -250
1343 384.978 306.727 2 275.373 -250
1344 394.978 306.727 2 282.876 -250
1345 404.978 306.727 2 290.529 -250
1346 414.978 306.727 2 298.322 -250
1347 424.978 306.727 2 306.242 -250
1348 434.978 306.727 2 314.281 -250
1349 444.978 306.727 2 322.43 -250
1350 454.978 306.727 2 330.681 -250
1351 464.978 306.727 2 339.025 -250
1352 474.978 306.727 2 347.458 -101.083
1353 484.978 306.727 2 355.971 -110.323
1354 84.9784 316.727 2 199.432 -110.108
1355 94.9784 316.727 2 194.837 -105.531
1356 104.978 316.727 2 190.657 -106.531
1357 114.978 316.727 2 186.918 -109.935
1358 124.978 316.727 2 183.649 -113.329
1359 134.978 316.727 2 180.874 -250
1360 144.978 316.727 2 178.617 -250
1361 154.978 316.727 2 176.896 -250
1362 164.978 316.727 2 175.729 -250
1363 174.978 316.727 2 175.127 -104.767
1364 184.978 316.727 2 175.094 -83.209
1365 194.978 316.727 2 175.631 -82.95
1366 204.978 316.727 2 176.734 -82.7403
1367 214.978 316.727 2 178.391 -82.8799
1368 224.978 316.727 2 180.587 -82.0537
1369 234.978 316.727 2 183.304 -86.0884
1370 244.978 316.727 2 186.517 -250
1371 254.978 316.727 2 190.203 -250
1372 264.978 316.727 2 194.334 -250
1373 274.978 316.727 2 198.882 -98.0844
1374 284.978 316.727 2 203.82 -99.6565
1375 294.978 316.727 2 209.12 -250
1376 304.978 316.727 2 214.755 -250
1377 314.978 316.727 2 220.699 -250
1378 324.978 316.727 2 226.928 -103.932
1379 334.978 316.727 2 233.42 -250
1380 344.978 316.727 2 240.153 -250
1381 354.978 316.727 2 247.107 -250
1382 364.978 316.727 2 254.265 -93.8612
1383 374.978 316.727 2 261.608 -250
1384 384.978 316.727 2 269.123 -250
1385 394.978 316.727 2 276.796 -250
1386 404.978 316.727 2 284.613 -250
1387 414.978 316.727 2 292.563 -250
1388 424.978 316.727 2 300.635 -250
1389 434.978 316.727 2 308.82 -250
1390 444.978 316.727 2 317.109 -250
1391 454.978 316.727 2 325.495 -250
1392 464.978 316.727 2 333.969 -250
1393 474.978 316.727 2 342.526 -120.116
1394 484.978 316.727 2 351.158 -101.313
1395 84.9784 326.727 2 191.233 -113.011
1396 94.9784 326.727 2 186.436 -111.242
1397 104.978 326.727 2 182.063 -111.653
1398 114.978 326.727 2 178.144 -107.733
1399 124.978 326.727 2 174.711 -117.881
1400 134.978 326.727 2 171.792 -108.615
1401 144.978 326.727 2 169.413 -111.756
1402 154.978 326.727 2 167.599 -128.552
1403 164.978 326.727 2 166.367 -123.736
1404 174.978 326.727 2 165.73 -109.533
1405 184.978 326.727 2 165.695 -87.8504
1406 194.978 326.727 2 166.263 -86.8517
1407 204.978 326.727 2 167.427 -88.9097
1408 214.978 326.727 2 169.175 -89.1217
1409 224.978 326.727 2 171.49 -90.158
1410 234.978 326.727 2 174.348 -82.7998
1411 244.978 326.727 2 177.724 -84.9155
1412 254.978 326.727 2 181.588 -93.0845
1413 264.978 326.727 2 185.91 -111.311
1414 274.978 326.727 2 190.66 -102.846
1415 284.978 326.727 2 195.805 -107.298
1416 294.978 326.727 2 201.316 -83.9761
1417 304.978 326.727 2 207.163 -82.5642
1418 314.978 326.727 2 213.319 -83.262
1419 324.978 326.727 2 219.758 -90.6244
1420 334.978 326.727 2 226.455 -92.5728
1421 344.978 326.727 2 233.389 -91.0484
1422 354.978 326.727 2 240.539 -82.3787
1423 364.978 326.727 2 247.886 -87.7158
1424 374.978 326.727 2 255.413 -84.6538
1425 384.978 326.727 2 263.105 -95.0345
1426 394.978 326.727 2 270.948 -86.0075
1427 404.978 326.727 2 278.929 -88.139
1428 414.978 326.727 2 287.036 -92.5088
1429 424.978 326.727 2 295.26 -106.8
1430 434.978 326.727 2 303.59 -94.8039
1431 444.978 326.727 2 312.018 -101.157
1432 454.978 326.727 2 320.537 -98.3598
1433 464.978 326.727 2 329.139 -103.097
1434 474.978 326.727 2 337.818 -94.797
1435 484.978 326.727 2 346.568 -98.0925
1436 84.9784 336.727 2 183.213 -106.651
1437 94.9784 336.727 2 178.201 -110.698
1438 104.978 336.727 2 173.62 -109.882
1439 114.978 336.727 2 169.506 -116.711
1440 124.978 336.727 2 165.894 -118.173
1441 134.978 336.727 2 162.817 -117.833
1442 144.978 336.727 2 160.306 -134.724
1443 154.978 336.727 2 158.387 -114.279
1444 164.978 336.727 2 157.082 -118.258
1445 174.978 336.727 2 156.408 -113.586
1446 184.978 336.727 2 156.371 -94.1638
1447 194.978 336.727 2 156.972 -105.401
1448 204.978 336.727 2 158.205 -99.2101
1449 214.978 336.727 2 160.054 -94.6087
1450 224.978 336.727 2 162.498 -98.0972
1451 234.978 336.727 2 165.512 -90.7552
1452 244.978 336.727 2 169.064 -107.199
1453 254.978 336.727 2 173.122 -100.648
1454 264.978 336.727 2 177.65 -91.0749
1455 274.978 336.727 2 182.615 -96.7524
1456 284.978 336.727 2 187.98 -108.152
1457 294.978 336.727 2 193.714 -84.4874
1458 304.978 336.727 2 199.784 -88.8082
1459 314.978 336.727 2 206.16 -87.7976
1460 324.978 336.727 2 212.816 -84.6966
1461 334.978 336.727 2 219.725 -84.6442
1462 344.978 336.727 2 226.865 -82.5252
1463 354.978 336.727 2 234.214 -85.8372
1464 364.978 336.727 2 241.753 -94.2028
1465 374.978 336.727 2 249.465 -82.0019
1466 384.978 336.727 2 257.335 -85.679
1467 394.978 336.727 2 265.349 -93.8716
1468 404.978 336.727 2 273.493 -89.4513
1469 414.978 336.727 2 281.757 -90.4952
1470 424.978 336.727 2 290.13 -93.0905
1471 434.978 336.727 2 298.603 -99.891
1472 444.978 336.727 2 307.168 -99.208
1473 454.978 336.727 2 315.818 -95.09
1474 464.978 336.727 2 324.545 -104.111
1475 474.978 336.727 2 333.343 -91.2075
1476 484.978 336.727 2 342.208 -94.8787
1477 84.9784 346.727 2 175.397 -107.822
1478 94.9784 346.727 2 170.154 -122.085
1479 104.978 346.727 2 165.351 -120.412
1480 114.978 346.727 2 161.026 -250
1481 124.978 346.727 2 157.219 -250
1482 134.978 346.727 2 153.969 -250
1483 144.978 346.727 2 151.311 -250
1484 154.978 346.727 2 149.276 -250
1485 164.978 346.727 2 147.891 -250
1486 174.978 346.727 2 147.175 -250
1487 184.978 346.727 2 147.135 -102.729
1488 194.978 346.727 2 147.775 -115.887
1489 204.978 346.727 2 149.083 -103.876
1490 214.978 346.727 2 151.044 -109.462
1491 224.978 346.727 2 153.632 -109.796
1492 234.978 346.727 2 156.816 -104.729
1493 244.978 346.727 2 160.561 -250
1494 254.978 346.727 2 164.828 -250
1495 264.978 346.727 2 169.578 -250
1496 274.978 346.727 2 174.772 -115.895
1497 284.978 346.727 2 180.371 -91.865
1498 294.978 346.727 2 186.339 -84.4843
1499 304.978 346.727 2 192.641 -83.073
1500 314.978 346.727 2 199.246 -82.8785
1501 324.978 346.727 2 206.125 -92.3733
1502 334.978 346.727 2 213.251 -83.8174
1503 344.978 346.727 2 220.6 -84.0189
1504 354.978 346.727 2 228.151 -84.5553
1505 364.978 346.727 2 235.885 -87.0784
1506 374.978 346.727 2 243.783 -89.5268
1507 384.978 346.727 2 251.83 -250
1508 394.978 346.727 2 260.013 -250
1509 404.978 346.727 2 268.32 -250
1510 414.978 346.727 2 276.738 -250
1511 424.978 346.727 2 285.259 -250
1512 434.978 346.727 2 293.872 -250
1513 444.978 346.727 2 302.571 -100.628
1514 454.978 346.727 2 311.348 -250
1515 464.978 346.727 2 320.197 -250
1516 474.978 346.727 2 329.112 -129.256
1517 484.978 346.727 2 338.088 -95.3005
1518 84.9784 356.727 2 167.813 -100.988
1519 94.9784 356.727 2 162.325 -123.945
1520 104.978 356.727 2 157.283 -250
1521 114.978 356.727 2 152.73 -250
1522 124.978 356.727 2 148.711 -250
1523 134.978 356.727 2 145.27 -250
1524 144.978 356.727 2 142.45 -250
1525 154.978 356.727 2 140.287 -250
1526 164.978 356.727 2 138.812 -250
1527 174.978 356.727 2 138.048 -250
1528 184.978 356.727 2 138.007 -105.899
1529 194.978 356.727 2 138.688 -113.609
1530 204.978 356.727 2 140.082 -115.571
1531 214.978 356.727 2 142.166 -116.788
1532 224.978 356.727 2 144.913 -112.438
1533 234.978 356.727 2 148.284 -115.398
1534 244.978 356.727 2 152.239 -250
1535 254.978 356.727 2 156.733 -250
1536 264.978 356.727 2 161.721 -250
1537 274.978 356.727 2 167.159 -106.577
1538 284.978 356.727 2 173.005 -93.8976
1539 294.978 356.727 2 179.218 -83.6696
1540 304.978 356.727 2 185.762 -86.9572
1541 314.978 356.727 2 192.604 -85.1553
1542 324.978 356.727 2 199.711 -85.519
1543 334.978 356.727 2 207.058 -87.0348
1544 344.978 356.727 2 214.62 -85.2249
1545 354.978 356.727 2 222.374 -86.4085
1546 364.978 356.727 2 230.301 -87.4219
1547 374.978 356.727 2 238.384 -83.0102
1548 384.978 356.727 2 246.608 -90.1057
1549 394.978 356.727 2 254.959 -250
1550 404.978 356.727 2 263.425 -250
1551 414.978 356.727 2 271.994 -250
1552 424.978 356.727 2 280.659 -250
1553 434.978 356.727 2 289.41 -250
1554 444.978 356.727 2 298.239 -105.531
1555 454.978 356.727 2 307.14 -250
1556 464.978 356.727 2 316.107 -250
1557 474.978 356.727 2 325.134 -104.198
1558 484.978 356.727 2 334.216 -122.198
1559 84.9784 366.727 2 160.493 -83.4767
1560 94.9784 366.727 2 154.747 -108.268
1561 104.978 366.727 2 149.449 -250
1562 114.978 366.727 2 144.65 -250
1563 124.978 366.727 2 140.399 -250
1564 134.978 366.727 2 136.75 -250
1565 144.978 366.727 2 133.75 -250
1566 154.978 366.727 2 131.444 -250
1567 164.978 366.727 2 129.869 -250
1568 174.978 366.727 2 129.052 -250
1569 184.978 366.727 2 129.007 -114.86
1570 194.978 366.727 2 129.736 -250
1571 204.978 366.727 2 131.224 -250
1572 214.978 366.727 2 133.448 -250
1573 224.978 366.727 2 136.37 -250
1574 234.978 366.727 2 139.947 -250
1575 244.978 366.727 2 144.131 -250
1576 254.978 366.727 2 148.87 -250
1577 264.978 366.727 2 154.113 -250
1578 274.978 366.727 2 159.81 -118.811
1579 284.978 366.727 2 165.915 -102.868
1580 294.978 366.727 2 172.384 -83.6423
1581 304.978 366.727 2 179.178 -84.3276
1582 314.978 366.727 2 186.261 -84.3157
1583 324.978 366.727 2 193.602 -83.6295
1584 334.978 366.727 2 201.172 -84.8575
1585 344.978 366.727 2 208.946 -84.933
1586 354.978 366.727 2 216.903 -88.1663
1587 364.978 366.727 2 225.023 -86.853
1588 374.978 366.727 2 233.29 -86.7028
1589 384.978 366.727 2 241.687 -99.639
1590 394.978 366.727 2 250.202 -250
1591 404.978 366.727 2 258.823 -250
1592 414.978 366.727 2 267.541 -250
1593 424.978 366.727 2 276.345 -250
1594 434.978 366.727 2 285.228 -250
1595 444.978 366.727 2 294.183 -120.636
1596 454.978 366.727 2 303.203 -250
1597 464.978 366.727 2 312.283 -250
1598 474.978 366.727 2 321.417 -111.323
1599 484.978 366.727 2 330.601 -113.002
1600 84.9784 376.727 2 153.477 -83.4594
1601 94.9784 376.727 2 147.457 -80.177
1602 104.978 376.727 2 141.887 -250
1603 114.978 376.727 2 136.823 -250
1604 124.978 376.727 2 132.322 -250
1605 134.978 376.727 2 128.443 -250
1606 144.978 376.727 2 125.244 -250
1607 154.978 376.727 2 122.778 -250
1608 164.978 376.727 2 121.091 -250
1609 174.978 376.727 2 120.214 -250
1610 184.978 376.727 2 120.166 -107.275
1611 194.978 376.727 2 120.948 -250
1612 204.978 376.727 2 122.543 -250
1613 214.978 376.727 2 124.921 -250
1614 224.978 376.727 2 128.038 -250
1615 234.978 376.727 2 131.842 -250
1616 244.978 376.727 2 136.275 -250
1617 254.978 376.727 2 141.277 -250
1618 264.978 376.727 2 146.792 -250
1619 274.978 376.727 2 152.762 -122.249
1620 284.978 376.727 2 159.137 -102.07
1621 294.978 376.727 2 165.871 -93.6286
1622 304.978 376.727 2 172.921 -93.639
1623 314.978 376.727 2 180.25 -92.8362
1624 324.978 376.727 2 187.826 -93.3656
1625 334.978 376.727 2 195.62 -93.0071
1626 344.978 376.727 2 203.607 -90.451
1627 354.978 376.727 2 211.764 -84.4205
1628 364.978 376.727 2 220.074 -88.2163
1629 374.978 376.727 2 228.519 -97.3129
1630 384.978 376.727 2 237.086 -250
1631 394.978 376.727 2 245.76 -250
1632 404.978 376.727 2 254.532 -250
1633 414.978 376.727 2 263.391 -250
1634 424.978 376.727 2 272.33 -250
1635 434.978 376.727 2 281.34 -250
1636 444.978 376.727 2 290.414 -250
1637 454.978 376.727 2 299.548 -250
1638 464.978 376.727 2 308.735 -250
1639 474.978 376.727 2 317.972 -131.527
1640 484.978 376.727 2 327.253 -139.089
1641 84.9784 386.727 2 146.806 -96.3857
1642 94.9784 386.727 2 140.501 -93.6669
1643 104.978 386.727 2 134.644 -107.957
1644 114.978 386.727 2 129.296 -250
1645 124.978 386.727 2 124.523 -250
1646 134.978 386.727 2 120.393 -250
1647 144.978 386.727 2 116.974 -250
1648 154.978 386.727 2 114.331 -250
1649 164.978 386.727 2 112.516 -250
1650 174.978 386.727 2 111.573 -250
1651 184.978 386.727 2 111.521 -113.341
1652 194.978 386.727 2 112.363 -250
1653 204.978 386.727 2 114.078 -250
1654 214.978 386.727 2 116.629 -250
1655 224.978 386.727 2 119.962 -250
1656 234.978 386.727 2 124.013 -250
1657 244.978 386.727 2 128.716 -250
1658 254.978 386.727 2 134.001 -250
1659 264.978 386.727 2 139.803 -250
1660 274.978 386.727 2 146.059 -111.273
1661 284.978 386.727 2 152.715 -106.873
1662 294.978 386.727 2 159.719 -102.202
1663 304.978 386.727 2 167.029 -105.151
1664 314.978 386.727 2 174.606 -104.43
1665 324.978 386.727 2 182.416 -99.0088
1666 334.978 386.727 2 190.431 -99.5488
1667 344.978 386.727 2 198.627 -90.451
1668 354.978 386.727 2 206.981 -87.1782
1669 364.978 386.727 2 215.475 -106.438
1670 374.978 386.727 2 224.094 -107.516
1671 384.978 386.727 2 232.823 -250
1672 394.978 386.727 2 241.651 -250
1673 404.978 386.727 2 250.566 -250
1674 414.978 386.727 2 259.561 -250
1675 424.978 386.727 2 268.627 -250
1676 434.978 386.727 2 277.757 -250
1677 444.978 386.727 2 286.945 -250
1678 454.978 386.727 2 296.186 -250
1679 464.978 386.727 2 305.474 -250
1680 474.978 386.727 2 314.806 -136.12
1681 484.978 386.727 2 324.178 -133.019
1682 84.9784 396.727 2 140.532 -102.27
1683 94.9784 396.727 2 133.931 -105.152
1684 104.978 396.727 2 127.774 -97.7632
1685 114.978 396.727 2 122.125 -98.8758
1686 124.978 396.727 2 117.06 -95.5763
1687 134.978 396.727 2 112.657 -95.0409
1688 144.978 396.727 2 108.995 -95.4623
1689 154.978 396.727 2 106.153 -113.855
1690 164.978 396.727 2 104.197 -85.8668
1691 174.978 396.727 2 103.177 -119.199
1692 184.978 396.727 2 103.121 -105.396
1693 194.978 396.727 2 104.031 -98.8369
1694 204.978 396.727 2 105.882 -98.5829
1695 214.978 396.727 2 108.625 -100.066
1696 224.978 396.727 2 112.196 -96.1072
1697 234.978 396.727 2 116.518 -93.2462
1698 244.978 396.727 2 121.511 -250
1699 254.978 396.727 2 127.096 -250
1700 264.978 396.727 2 133.198 -250
1701 274.978 396.727 2 139.751 -114.849
1702 284.978 396.727 2 146.693 -112.361
1703 294.978 396.727 2 153.972 -106.443
1704 304.978 396.727 2 161.542 -103.349
1705 314.978 396.727 2 169.364 -103.389
1706 324.978 396.727 2 177.405 -105.878
1707 334.978 396.727 2 185.637 -98.8432
1708 344.978 396.727 2 194.035 -98.1001
1709 354.978 396.727 2 202.579 -99.8806
1710 364.978 396.727 2 211.25 -111.669
1711 374.978 396.727 2 220.034 -108.565
1712 384.978 396.727 2 228.918 -250
1713 394.978 396.727 2 237.891 -250
1714 404.978 396.727 2 246.942 -250
1715 414.978 396.727 2 256.065 -250
1716 424.978 396.727 2 265.25 -250
1717 434.978 396.727 2 274.492 -250
1718 444.978 396.727 2 283.786 -250
1719 454.978 396.727 2 293.126 -250
1720 464.978 396.727 2 302.509 -250
1721 474.978 396.727 2 311.929 -124.685
1722 484.978 396.727 2 321.385 -119.413
1723 84.9784 406.727 2 134.708 -94.6959
1724 94.9784 406.727 2 127.807 -110.533
1725 104.978 406.727 2 121.339 -96.2598
1726 114.978 406.727 2 115.376 -91.1273
1727 124.978 406.727 2 110 -93.7566
1728 134.978 406.727 2 105.302 -88.4268
1729 144.978 406.727 2 101.376 -106.772
1730 154.978 406.727 2 98.3133 -96.7842
1731 164.978 406.727 2 96.1977 -84.6848
1732 174.978 406.727 2 95.0919 -101.484
1733 184.978 406.727 2 95.0313 -98.5504
1734 194.978 406.727 2 96.0179 -97.8462
1735 204.978 406.727 2 98.02 -100.294
1736 214.978 406.727 2 100.977 -110.815
1737 224.978 406.727 2 104.809 -103.457
1738 234.978 406.727 2 109.423 -96.0043
1739 244.978 406.727 2 114.725 -90.5325
1740 254.978 406.727 2 120.625 -95.3063
1741 264.978 406.727 2 127.039 -100.337
1742 274.978 406.727 2 133.893 -107.163
1743 284.978 406.727 2 141.123 -115.452
1744 294.978 406.727 2 148.675 -105.85
1745 304.978 406.727 2 156.502 -113.821
1746 314.978 406.727 2 164.564 -113.714
1747 324.978 406.727 2 172.829 -103.867
1748 334.978 406.727 2 181.268 -132.474
1749 344.978 406.727 2 189.86 -119.234
1750 354.978 406.727 2 198.583 -104.814
1751 364.978 406.727 2 207.421 -103.639
1752 374.978 406.727 2 216.361 -99.935
1753 384.978 406.727 2 225.39 -110.019
1754 394.978 406.727 2 234.498 -117.866
1755 404.978 406.727 2 243.675 -121.544
1756 414.978 406.727 2 252.915 -128.463
1757 424.978 406.727 2 262.211 -121.702
1758 434.978 406.727 2 271.557 -119.78
1759 444.978 406.727 2 280.947 -131.542
1760 454.978 406.727 2 290.379 -133.972
1761 464.978 406.727 2 299.847 -127.712
1762 474.978 406.727 2 309.349 -120.398
1763 484.978 406.727 2 318.882 -120.165
1764 84.9784 416.727 2 129.395 -95.2416
1765 94.9784 416.727 2 122.195 -90.4995
1766 104.978 416.727 2 115.413 -88.1905
1767 114.978 416.727 2 109.127 -250
1768 124.978 416.727 2 103.427 -250
1769 134.978 416.727 2 98.4153 -250
1770 144.978 416.727 2 94.2022 -250
1771 154.978 416.727 2 90.8984 -101.607
1772 164.978 416.727 2 88.6059 -113.03
1773 174.978 416.727 2 87.4042 -112.782
1774 184.978 416.727 2 87.3383 -126.642
1775 194.978 416.727 2 88.4107 -122.406
1776 204.978 416.727 2 90.5811 -121.627
1777 214.978 416.727 2 93.7732 -113.818
1778 224.978 416.727 2 97.8872 -115.734
1779 234.978 416.727 2 102.812 -112.853
1780 244.978 416.727 2 108.438 -118.194
1781 254.978 416.727 2 114.662 -115.807
1782 264.978 416.727 2 121.391 -110.908
1783 274.978 416.727 2 128.547 -105.332
1784 284.978 416.727 2 136.062 -103.542
1785 294.978 416.727 2 143.879 -102.397
1786 304.978 416.727 2 151.953 -113.223
1787 314.978 416.727 2 160.244 -114.28
1788 324.978 416.727 2 168.721 -117.457
1789 334.978 416.727 2 177.356 -117.566
1790 344.978 416.727 2 186.128 -117.158
1791 354.978 416.727 2 195.018 -103.591
1792 364.978 416.727 2 204.011 -107.263
1793 374.978 416.727 2 213.094 -103.003
1794 384.978 416.727 2 222.256 -108.102
1795 394.978 416.727 2 231.487 -119.452
1796 404.978 416.727 2 240.779 -131.89
1797 414.978 416.727 2 250.126 -134.82
1798 424.978 416.727 2 259.522 -133.685
1799 434.978 416.727 2 268.961 -133.855
1800 444.978 416.727 2 278.439 -126.912
1801 454.978 416.727 2 287.953 -121.097
1802 464.978 416.727 2 297.499 -127.563
1803 474.978 416.727 2 307.073 -132.274
1804 484.978 416.727 2 316.674 -124.787
1805 84.9784 426.727 2 124.66 -92.2797
1806 94.9784 426.727 2 117.169 -90.8109
1807 104.978 426.727 2 110.078 -92.5027
1808 114.978 426.727 2 103.468 -250
1809 124.978 426.727 2 97.4377 -250
1810 134.978 426.727 2 92.1009 -250
1811 144.978 426.727 2 87.5846 -250
1812 154.978 426.727 2 84.0211 -102.493
1813 164.978 426.727 2 81.5354 -250
1814 174.978 426.727 2 80.2279 -250
1815 184.978 426.727 2 80.1561 -250
1816 194.978 426.727 2 81.3233 -250
1817 204.978 426.727 2 83.6777 -250
1818 214.978 426.727 2 87.1231 -250
1819 224.978 426.727 2 91.5365 -113.759
1820 234.978 426.727 2 96.7854 -250
1821 244.978 426.727 2 102.742 -250
1822 254.978 426.727 2 109.29 -250
1823 264.978 426.727 2 116.331 -250
1824 274.978 426.727 2 123.779 -112.057
1825 284.978 426.727 2 131.567 -101.135
1826 294.978 426.727 2 139.636 -101.747
1827 304.978 426.727 2 147.942 -250
1828 314.978 426.727 2 156.446 -250
1829 324.978 426.727 2 165.117 -250
1830 334.978 426.727 2 173.932 -250
1831 344.978 426.727 2 182.868 -250
1832 354.978 426.727 2 191.909 -250
1833 364.978 426.727 2 201.041 -250
1834 374.978 426.727 2 210.253 -250
1835 384.978 426.727 2 219.533 -250
1836 394.978 426.727 2 228.874 -250
1837 404.978 426.727 2 238.268 -250
1838 414.978 426.727 2 247.71 -250
1839 424.978 426.727 2 257.194 -250
1840 434.978 426.727 2 266.715 -250
1841 444.978 426.727 2 276.271 -250
1842 454.978 426.727 2 285.857 -250
1843 464.978 426.727 2 295.47 -135.55
1844 474.978 426.727 2 305.108 -131.895
1845 484.978 426.727 2 314.769 -250
1846 84.9784 436.727 2 120.57 -94.2055
1847 94.9784 436.727 2 112.808 -100.939
1848 104.978 436.727 2 105.424 -115.827
1849 114.978 436.727 2 98.502 -250
1850 124.978 436.727 2 92.1473 -250
1851 134.978 436.727 2 86.4847 -250
1852 144.978 436.727 2 81.6583 -250
1853 154.978 436.727 2 77.8239 -99.9041
1854 164.978 436.727 2 75.1335 -250
1855 174.978 436.727 2 73.7125 -250
1856 184.978 436.727 2 73.6343 -250
1857 194.978 436.727 2 74.9032 -250
1858 204.978 436.727 2 77.4531 -250
1859 214.978 436.727 2 81.1632 -250
1860 224.978 436.727 2 85.8833 -117.051
1861 234.978 436.727 2 91.4572 -250
1862 244.978 436.727 2 97.739 -250
1863 254.978 436.727 2 104.601 -250
1864 264.978 436.727 2 111.937 -250
1865 274.978 436.727 2 119.659 -99.8213
1866 284.978 436.727 2 127.698 -107.85
1867 294.978 436.727 2 135.997 -97.4396
1868 304.978 436.727 2 144.512 -250
1869 314.978 436.727 2 153.207 -250
1870 324.978 436.727 2 162.052 -250
1871 334.978 436.727 2 171.024 -250
1872 344.978 436.727 2 180.105 -250
1873 354.978 436.727 2 189.278 -250
1874 364.978 436.727 2 198.531 -250
1875 374.978 436.727 2 207.854 -250
1876 384.978 436.727 2 217.236 -250
1877 394.978 436.727 2 226.672 -250
1878 404.978 436.727 2 236.154 -250
1879 414.978 436.727 2 245.677 -250
1880 424.978 436.727 2 255.236 -250
1881 434.978 436.727 2 264.828 -250
1882 444.978 436.727 2 274.45 -250
1883 454.978 436.727 2 284.097 -250
1884 464.978 436.727 2 293.768 -144.603
1885 474.978 436.727 2 303.46 -140.432
1886 484.978 436.727 2 313.172 -250
1887 84.9784 446.727 2 117.193 -103.912
1888 94.9784 446.727 2 109.191 -109.042
1889 104.978 446.727 2 101.544 -114.639
1890 114.978 446.727 2 94.338 -250
1891 124.978 446.727 2 87.682 -250
1892 134.978 446.727 2 81.7106 -250
1893 144.978 446.727 2 76.5839 -250
1894 154.978 446.727 2 72.4816 -105.509
1895 164.978 446.727 2 69.585 -250
1896 174.978 446.727 2 68.0481 -250
1897 184.978 446.727 2 67.9634 -250
1898 194.978 446.727 2 69.3362 -250
1899 204.978 446.727 2 72.0832 -250
1900 214.978 446.727 2 76.0557 -250
1901 224.978 446.727 2 81.0738 -116.334
1902 234.978 446.727 2 86.9565 -250
1903 244.978 446.727 2 93.541 -250
1904 254.978 446.727 2 100.69 -250
1905 264.978 446.727 2 108.291 -250
1906 274.978 446.727 2 116.256 -130.204
1907 284.978 446.727 2 124.514 -112.199
1908 294.978 446.727 2 133.013 -100.085
1909 304.978 446.727 2 141.707 -250
1910 314.978 446.727 2 150.563 -250
1911 324.978 446.727 2 159.555 -250
1912 334.978 446.727 2 168.66 -250
1913 344.978 446.727 2 177.862 -250
1914 354.978 446.727 2 187.145 -250
1915 364.978 446.727 2 196.499 -250
1916 374.978 446.727 2 205.913 -250
1917 384.978 446.727 2 215.38 -250
1918 394.978 446.727 2 224.894 -250
1919 404.978 446.727 2 234.448 -250
1920 414.978 446.727 2 244.037 -250
1921 424.978 446.727 2 253.658 -250
1922 434.978 446.727 2 263.308 -250
1923 444.978 446.727 2 272.983 -250
1924 454.978 446.727 2 282.68 -250
1925 464.978 446.727 2 292.398 -130.341
1926 474.978 446.727 2 302.134 -132.493
1927 484.978 446.727 2 311.887 -250
1928 84.9784 456.727 2 114.592 -98.062
1929 94.9784 456.727 2 106.394 -109.815
1930 104.978 456.727 2 98.5302 -115.439
1931 114.978 456.727 2 91.0861 -250
1932 124.978 456.727 2 84.1734 -250
1933 134.978 456.727 2 77.9335 -250
1934 144.978 456.727 2 72.5405 -250
1935 154.978 456.727 2 68.1953 -101.406
1936 164.978 456.727 2 65.1082 -250
1937 174.978 456.727 2 63.4631 -250
1938 184.978 456.727 2 63.3723 -250
1939 194.978 456.727 2 64.8424 -250
1940 204.978 456.727 2 67.7718 -250
1941 214.978 456.727 2 71.9826 -250
1942 224.978 456.727 2 77.2656 -122.121
1943 234.978 456.727 2 83.4174 -250
1944 244.978 456.727 2 90.2604 -250
1945 254.978 456.727 2 97.6495 -250
1946 264.978 456.727 2 105.47 -250
1947 274.978 456.727 2 113.633 -103.145
1948 284.978 456.727 2 122.069 -100.396
1949 294.978 456.727 2 130.726 -98.8881
1950 304.978 456.727 2 139.563 -250
1951 314.978 456.727 2 148.547 -250
1952 324.978 456.727 2 157.654 -250
1953 334.978 456.727 2 166.863 -250
1954 344.978 456.727 2 176.158 -250
1955 354.978 456.727 2 185.527 -250
1956 364.978 456.727 2 194.958 -250
1957 374.978 456.727 2 204.444 -250
1958 384.978 456.727 2 213.976 -250
1959 394.978 456.727 2 223.549 -250
1960 404.978 456.727 2 233.158 -250
1961 414.978 456.727 2 242.799 -250
1962 424.978 456.727 2 252.467 -250
1963 434.978 456.727 2 262.16 -250
1964 444.978 456.727 2 271.876 -250
1965 454.978 456.727 2 281.612 -250
1966 464.978 456.727 2 291.365 -137.049
1967 474.978 456.727 2 301.135 -131.837
1968 484.978 456.727 2 310.919 -250
1969 84.9784 466.727 2 112.82 -99.2487
1970 94.9784 466.727 2 104.483 -100.243
1971 104.978 466.727 2 96.4635 -116.29
1972 114.978 466.727 2 88.8464 -250
1973 124.978 466.727 2 81.7446 -250
1974 134.978 466.727 2 75.3038 -250
1975 144.978 466.727 2 69.7075 -250
1976 154.978 466.727 2 65.1738 -86.1956
1977 164.978 466.727 2 61.9363 -250
1978 174.978 466.727 2 60.2045 -250
1979 184.978 466.727 2 60.1088 -250
1980 194.978 466.727 2 61.6567 -250
1981 204.978 466.727 2 64.7305 -250
1982 214.978 466.727 2 69.1268 -250
1983 224.978 466.727 2 74.6123 -109.933
1984 234.978 466.727 2 80.9659 -250
1985 244.978 466.727 2 87.9998 -250
1986 254.978 466.727 2 95.5638 -250
1987 264.978 466.727 2 103.542 -250
1988 274.978 466.727 2 111.845 -89.1592
1989 284.978 466.727 2 120.407 -87.9979
1990 294.978 466.727 2 129.176 -88.6872
1991 304.978 466.727 2 138.112 -250
1992 314.978 466.727 2 147.185 -250
1993 324.978 466.727 2 156.371 -250
1994 334.978 466.727 2 165.651 -250
1995 344.978 466.727 2 175.011 -250
1996 354.978 466.727 2 184.438 -250
1997 364.978 466.727 2 193.922 -250
1998 374.978 466.727 2 203.456 -250
1999 384.978 466.727 2 213.032 -250
2000 394.978 466.727 2 222.646 -250
2001 404.978 466.727 2 232.292 -250
2002 414.978 466.727 2 241.967 -250
2003 424.978 466.727 2 251.668 -250
2004 434.978 466.727 2 261.391 -250
2005 444.978 466.727 2 271.134 -250
2006 454.978 466.727 2 280.895 -250
2007 464.978 466.727 2 290.673 -125.45
2008 474.978 466.727 2 300.465 -130.251
2009 484.978 466.727 2 310.27 -250
2010 84.9784 476.727 2 111.916 -76.8115
2011 94.9784 476.727 2 103.507 -77.8921
2012 104.978 476.727 2 95.4056 -75.8649
2013 114.978 476.727 2 87.6967 -81.7616
2014 124.978 476.727 2 80.4934 -81.999
2015 134.978 476.727 2 73.9437 -92.5679
2016 144.978 476.727 2 68.236 -79.1318
2017 154.978 476.727 2 63.5975 -75.4797
2018 164.978 476.727 2 60.2754 -72.3952
2019 174.978 476.727 2 58.4945 -73.8376
2020 184.978 476.727 2 58.3959 -73.4426
2021 194.978 476.727 2 59.9881 -68.7822
2022 204.978 476.727 2 63.1431 -92.3966
2023 214.978 476.727 2 67.6427 -81.6753
2024 224.978 476.727 2 73.2394 -75.013
2025 234.978 476.727 2 79.7026 -79.7405
2026 244.978 476.727 2 86.8388 -75.1428
2027 254.978 476.727 2 94.4958 -75.4608
2028 264.978 476.727 2 102.557 -82.5873
2029 274.978 476.727 2 110.934 -84.1287
2030 284.978 476.727 2 119.561 -77.355
2031 294.978 476.727 2 128.388 -82.239
2032 304.978 476.727 2 137.375 -250
2033 314.978 476.727 2 146.494 -250
2034 324.978 476.727 2 155.72 -250
2035 334.978 476.727 2 165.037 -250
2036 344.978 476.727 2 174.43 -250
2037 354.978 476.727 2 183.887 -250
2038 364.978 476.727 2 193.398 -250
2039 374.978 476.727 2 202.956 -250
2040 384.978 476.727 2 212.555 -250
2041 394.978 476.727 2 222.19 -250
2042 404.978 476.727 2 231.855 -250
2043 414.978 476.727 2 241.547 -250
2044 424.978 476.727 2 251.264 -250
2045 434.978 476.727 2 261.002 -250
2046 444.978 476.727 2 270.759 -250
2047 454.978 476.727 2 280.534 -250
2048 464.978 476.727 2 290.323 -119.494
2049 474.978 476.727 2 300.127 -127.145
2050 484.978 476.727 2 309.943 -250
2051 84.9784 486.727 2 111.903 -86.519
2052 94.9784 486.727 2 103.493 -77.6678
2053 104.978 486.727 2 95.39 -76.0283
2054 114.978 486.727 2 87.6797 -76.0999
2055 124.978 486.727 2 80.4749 -80.0654
2056 134.978 486.727 2 73.9236 -78.2551
2057 144.978 486.727 2 68.2142 -79.402
2058 154.978 486.727 2 63.574 -72.8167
2059 164.978 486.727 2 60.2506 -71.9706
2060 174.978 486.727 2 58.469 -73.4204
2061 184.978 486.727 2 58.3704 -72.588
2062 194.978 486.727 2 59.9632 -72.3208
2063 204.978 486.727 2 63.1195 -77.559
2064 214.978 486.727 2 67.6206 -76.8059
2065 224.978 486.727 2 73.2191 -83.5247
2066 234.978 486.727 2 79.6838 -78.7536
2067 244.978 486.727 2 86.8216 -74.9093
2068 254.978 486.727 2 94.48 -75.2606
2069 264.978 486.727 2 102.542 -80.3969
2070 274.978 486.727 2 110.921 -79.251
2071 284.978 486.727 2 119.549 -80.5016
2072 294.978 486.727 2 128.376 -82.3298
2073 304.978 486.727 2 137.364 -80.8092
2074 314.978 486.727 2 146.483 -82.0849
2075 324.978 486.727 2 155.711 -85.3138
2076 334.978 486.727 2 165.028 -88.0039
2077 344.978 486.727 2 174.421 -84.2711
2078 354.978 486.727 2 183.878 -87.8227
2079 364.978 486.727 2 193.39 -85.0347
2080 374.978 486.727 2 202.949 -85.2483
2081 384.978 486.727 2 212.548 -86.8426
2082 394.978 486.727 2 222.183 -88.5894
2083 404.978 486.727 2 231.848 -86.6373
2084 414.978 486.727 2 241.541 -82.9425
2085 424.978 486.727 2 251.258 -109.942
2086 434.978 486.727 2 260.996 -84.1045
2087 444.978 486.727 2 270.754 -82.3748
2088 454.978 486.727 2 280.528 -87.7011
2089 464.978 486.727 2 290.318 -84.5181
2090 474.978 486.727 2 300.122 -82.4263
2091 484.978 486.727 2 309.938 -82.3136
2092 84.9784 496.727 2 112.78 -83.2768
2093 94.9784 496.727 2 104.44 -99.192
2094 104.978 496.727 2 96.4171 -250
2095 114.978 496.727 2 88.7961 -250
2096 124.978 496.727 2 81.6898 -250
2097 134.978 496.727 2 75.2443 -250
2098 144.978 496.727 2 69.6433 -250
2099 154.978 496.727 2 65.1051 -250
2100 164.978 496.727 2 61.864 -250
2101 174.978 496.727 2 60.1302 -250
2102 184.978 496.727 2 60.0343 -250
2103 194.978 496.727 2 61.5841 -250
2104 204.978 496.727 2 64.6613 -84.0591
2105 214.978 496.727 2 69.0621 -74.6312
2106 224.978 496.727 2 74.5523 -77.0099
2107 234.978 496.727 2 80.9107 -250
2108 244.978 496.727 2 87.9489 -250
2109 254.978 496.727 2 95.517 -250
2110 264.978 496.727 2 103.499 -250
2111 274.978 496.727 2 111.805 -88.4351
2112 284.978 496.727 2 120.37 -79.0719
2113 294.978 496.727 2 129.141 -83.6421
2114 304.978 496.727 2 138.079 -77.8628
2115 314.978 496.727 2 147.154 -75.429
2116 324.978 496.727 2 156.342 -78.1565
2117 334.978 496.727 2 165.624 -80.9148
2118 344.978 496.727 2 174.985 -77.7221
2119 354.978 496.727 2 184.413 -80.9406
2120 364.978 496.727 2 193.899 -79.5556
2121 374.978 496.727 2 203.434 -82.4368
2122 384.978 496.727 2 213.011 -80.6465
2123 394.978 496.727 2 222.626 -82.7652
2124 404.978 496.727 2 232.273 -83.0053
2125 414.978 496.727 2 241.949 -82.2193
2126 424.978 496.727 2 251.65 -82.5205
2127 434.978 496.727 2 261.374 -82.2772
2128 444.978 496.727 2 271.117 -83.4039
2129 454.978 496.727 2 280.879 -84.7353
2130 464.978 496.727 2 290.657 -84.6472
2131 474.978 496.727 2 300.45 -84.7825
2132 484.978 496.727 2 310.256 -87.1063
2133 84.9784 506.727 2 114.526 -112.877
2134 94.9784 506.727 2 106.324 -114.913
2135 104.978 506.727 2 98.4545 -250
2136 114.978 506.727 2 91.0042 -250
2137 124.978 506.727 2 84.0848 -250
2138 134.978 506.727 2 77.8378 -250
2139 144.978 506.727 2 72.4376 -250
2140 154.978 506.727 2 68.0859 -250
2141 164.978 506.727 2 64.9937 -250
2142 174.978 506.727 2 63.3456 -250
2143 184.978 506.727 2 63.2546 -250
2144 194.978 506.727 2 64.7273 -250
2145 204.978 506.727 2 67.6617 -104.883
2146 214.978 506.727 2 71.879 -87.4105
2147 224.978 506.727 2 77.1691 -82.9774
2148 234.978 506.727 2 83.328 -250
2149 244.978 506.727 2 90.1778 -250
2150 254.978 506.727 2 97.5731 -250
2151 264.978 506.727 2 105.399 -250
2152 274.978 506.727 2 113.567 -89.2294
2153 284.978 506.727 2 122.008 -101.39
2154 294.978 506.727 2 130.669 -250
2155 304.978 506.727 2 139.51 -250
2156 314.978 506.727 2 148.497 -250
2157 324.978 506.727 2 157.607 -250
2158 334.978 506.727 2 166.818 -250
2159 344.978 506.727 2 176.116 -250
2160 354.978 506.727 2 185.487 -250
2161 364.978 506.727 2 194.92 -250
2162 374.978 506.727 2 204.407 -250
2163 384.978 506.727 2 213.941 -250
2164 394.978 506.727 2 223.516 -250
2165 404.978 506.727 2 233.126 -250
2166 414.978 506.727 2 242.768 -250
2167 424.978 506.727 2 252.438 -103.229
2168 434.978 506.727 2 262.132 -98.2581
2169 444.978 506.727 2 271.849 -98.5734
2170 454.978 506.727 2 281.585 -105.985
2171 464.978 506.727 2 291.339 -105.858
2172 474.978 506.727 2 301.11 -102.382
2173 484.978 506.727 2 310.895 -250
2174 84.9784 516.727 2 117.104 -112.233
2175 94.9784 516.727 2 109.095 -124.044
2176 104.978 516.727 2 101.441 -250
2177 114.978 516.727 2 94.2273 -250
2178 124.978 516.727 2 87.5629 -250
2179 134.978 516.727 2 81.5828 -250
2180 144.978 516.727 2 76.4476 -250
2181 154.978 516.727 2 72.3375 -250
2182 164.978 516.727 2 69.4348 -250
2183 174.978 516.727 2 67.8946 -250
2184 184.978 516.727 2 67.8097 -250
2185 194.978 516.727 2 69.1856 -250
2186 204.978 516.727 2 71.9383 -109.071
2187 214.978 516.727 2 75.9184 -91.9081
2188 224.978 516.727 2 80.945 -76.656
2189 234.978 516.727 2 86.8365 -250
2190 244.978 516.727 2 93.4294 -250
2191 254.978 516.727 2 100.586 -250
2192 264.978 516.727 2 108.194 -250
2193 274.978 516.727 2 116.166 -92.0686
2194 284.978 516.727 2 124.431 -103.232
2195 294.978 516.727 2 132.934 -250
2196 304.978 516.727 2 141.633 -250
2197 314.978 516.727 2 150.494 -250
2198 324.978 516.727 2 159.49 -250
2199 334.978 516.727 2 168.598 -250
2200 344.978 516.727 2 177.803 -250
2201 354.978 516.727 2 187.089 -250
2202 364.978 516.727 2 196.446 -250
2203 374.978 516.727 2 205.862 -250
2204 384.978 516.727 2 215.332 -250
2205 394.978 516.727 2 224.847 -250
2206 404.978 516.727 2 234.403 -250
2207 414.978 516.727 2 243.994 -250
2208 424.978 516.727 2 253.617 -114.72
2209 434.978 516.727 2 263.268 -113.24
2210 444.978 516.727 2 272.944 -118.469
2211 454.978 516.727 2 282.643 -125.027
2212 464.978 516.727 2 292.362 -115.866
2213 474.978 516.727 2 302.1 -112.502
2214 484.978 516.727 2 311.854 -250
2215 84.9784 526.727 2 120.459 -125.582
2216 94.9784 526.727 2 112.689 -122.742
2217 104.978 526.727 2 105.296 -250
2218 114.978 526.727 2 98.3657 -250
2219 124.978 526.727 2 92.0015 -250
2220 134.978 526.727 2 86.3294 -250
2221 144.978 526.727 2 81.4939 -250
2222 154.978 526.727 2 77.6513 -250
2223 164.978 526.727 2 74.9547 -250
2224 174.978 526.727 2 73.5302 -250
2225 184.978 526.727 2 73.4519 -250
2226 194.978 526.727 2 74.7239 -250
2227 204.978 526.727 2 77.2796 -111.157
2228 214.978 526.727 2 80.9977 -86.5998
2229 224.978 526.727 2 85.7269 -74.672
2230 234.978 526.727 2 91.3104 -250
2231 244.978 526.727 2 97.6016 -250
2232 254.978 526.727 2 104.473 -250
2233 264.978 526.727 2 111.817 -250
2234 274.978 526.727 2 119.547 -87.1815
2235 284.978 526.727 2 127.593 -109.96
2236 294.978 526.727 2 135.899 -250
2237 304.978 526.727 2 144.419 -250
2238 314.978 526.727 2 153.119 -250
2239 324.978 526.727 2 161.969 -250
2240 334.978 526.727 2 170.946 -250
2241 344.978 526.727 2 180.03 -250
2242 354.978 526.727 2 189.207 -250
2243 364.978 526.727 2 198.464 -250
2244 374.978 526.727 2 207.789 -250
2245 384.978 526.727 2 217.175 -250
2246 394.978 526.727 2 226.613 -250
2247 404.978 526.727 2 236.097 -250
2248 414.978 526.727 2 245.622 -250
2249 424.978 526.727 2 255.184 -129.542
2250 434.978 526.727 2 264.778 -118.16
2251 444.978 526.727 2 274.401 -124.311
2252 454.978 526.727 2 284.05 -119.427
2253 464.978 526.727 2 293.722 -128.399
2254 474.978 526.727 2 303.416 -116.973
2255 484.978 526.727 2 313.129 -250
2256 84.9784 536.727 2 124.529 -116.449
2257 94.9784 536.727 2 117.029 -122.708
2258 104.978 536.727 2 109.929 -250
2259 114.978 536.727 2 103.309 -250
2260 124.978 536.727 2 97.2692 -250
2261 134.978 536.727 2 91.9227 -250
2262 144.978 536.727 2 87.3972 -250
2263 154.978 536.727 2 83.8257 -250
2264 164.978 536.727 2 81.3341 -250
2265 174.978 536.727 2 80.0232 -250
2266 184.978 536.727 2 79.9512 -250
2267 194.978 536.727 2 81.1214 -250
2268 204.978 536.727 2 83.4815 -101.312
2269 214.978 536.727 2 86.9347 -85.5184
2270 224.978 536.727 2 91.3571 -76.3374
2271 234.978 536.727 2 96.6158 -250
2272 244.978 536.727 2 102.582 -250
2273 254.978 536.727 2 109.14 -250
2274 264.978 536.727 2 116.19 -250
2275 274.978 536.727 2 123.647 -89.6482
2276 284.978 536.727 2 131.442 -99.5575
2277 294.978 536.727 2 139.519 -250
2278 304.978 536.727 2 147.831 -250
2279 314.978 536.727 2 156.341 -250
2280 324.978 536.727 2 165.018 -250
2281 334.978 536.727 2 173.837 -250
2282 344.978 536.727 2 182.778 -250
2283 354.978 536.727 2 191.824 -250
2284 364.978 536.727 2 200.96 -250
2285 374.978 536.727 2 210.175 -250
2286 384.978 536.727 2 219.458 -250
2287 394.978 536.727 2 228.802 -250
2288 404.978 536.727 2 238.199 -250
2289 414.978 536.727 2 247.643 -250
2290 424.978 536.727 2 257.13 -123.785
2291 434.978 536.727 2 266.654 -130.377
2292 444.978 536.727 2 276.211 -121.533
2293 454.978 536.727 2 285.799 -131.605
2294 464.978 536.727 2 295.414 -126.603
2295 474.978 536.727 2 305.054 -123.042
2296 484.978 536.727 2 314.717 -250
2297 84.9784 546.727 2 129.245 -115.165
2298 94.9784 546.727 2 122.036 -122.581
2299 104.978 546.727 2 115.245 -250
2300 114.978 546.727 2 108.949 -250
2301 124.978 546.727 2 103.239 -250
2302 134.978 546.727 2 98.2181 -250
2303 144.978 546.727 2 93.9962 -250
2304 154.978 546.727 2 90.685 -250
2305 164.978 546.727 2 88.3869 -250
2306 174.978 546.727 2 87.1822 -250
2307 184.978 546.727 2 87.1161 -250
2308 194.978 546.727 2 88.1913 -250
2309 204.978 546.727 2 90.3669 -109.191
2310 214.978 546.727 2 93.5664 -85.259
2311 224.978 546.727 2 97.689 -93.3159
2312 234.978 546.727 2 102.624 -250
2313 244.978 546.727 2 108.259 -250
2314 254.978 546.727 2 114.493 -250
2315 264.978 546.727 2 121.231 -250
2316 274.978 546.727 2 128.396 -87.5629
2317 284.978 546.727 2 135.919 -93.0161
2318 294.978 546.727 2 143.745 -250
2319 304.978 546.727 2 151.826 -250
2320 314.978 546.727 2 160.123 -250
2321 324.978 546.727 2 168.606 -250
2322 334.978 546.727 2 177.247 -250
2323 344.978 546.727 2 186.024 -250
2324 354.978 546.727 2 194.919 -250
2325 364.978 546.727 2 203.916 -250
2326 374.978 546.727 2 213.003 -250
2327 384.978 546.727 2 222.169 -250
2328 394.978 546.727 2 231.403 -250
2329 404.978 546.727 2 240.699 -250
2330 414.978 546.727 2 250.049 -250
2331 424.978 546.727 2 259.447 -123.842
2332 434.978 546.727 2 268.889 -125.257
2333 444.978 546.727 2 278.37 -125.448
2334 454.978 546.727 2 287.886 -124.285
2335 464.978 546.727 2 297.434 -130.346
2336 474.978 546.727 2 307.01 -134.234
2337 484.978 546.727 2 316.613 -250
2338 84.9784 556.727 2 134.541 -118.058
2339 94.9784 556.727 2 127.632 -120.709
2340 104.978 556.727 2 121.154 -123.265
2341 114.978 556.727 2 115.182 -121.219
2342 124.978 556.727 2 109.797 -120.118
2343 134.978 556.727 2 105.09 -120.623
2344 144.978 556.727 2 101.155 -120.367
2345 154.978 556.727 2 98.0856 -121.216
2346 164.978 556.727 2 95.9649 -121.501
2347 174.978 556.727 2 94.8565 -125.063
2348 184.978 556.727 2 94.7957 -125.113
2349 194.978 556.727 2 95.7847 -125.321
2350 204.978 556.727 2 97.7916 -109.783
2351 214.978 556.727 2 100.756 -84.0142
2352 224.978 556.727 2 104.595 -79.9014
2353 234.978 556.727 2 109.218 -82.5446
2354 244.978 556.727 2 114.53 -117.941
2355 254.978 556.727 2 120.439 -113.57
2356 264.978 556.727 2 126.862 -92.9722
2357 274.978 556.727 2 133.726 -92.6253
2358 284.978 556.727 2 140.965 -102.857
2359 294.978 556.727 2 148.525 -98.6576
2360 304.978 556.727 2 156.359 -88.4454
2361 314.978 556.727 2 164.428 -112.448
2362 324.978 556.727 2 172.699 -115.035
2363 334.978 556.727 2 181.145 -122.248
2364 344.978 556.727 2 189.742 -123.051
2365 354.978 556.727 2 198.47 -128.491
2366 364.978 556.727 2 207.314 -127.754
2367 374.978 556.727 2 216.258 -135.522
2368 384.978 556.727 2 225.291 -127.843
2369 394.978 556.727 2 234.402 -128.402
2370 404.978 556.727 2 243.583 -121.201
2371 414.978 556.727 2 252.827 -128.495
2372 424.978 556.727 2 262.126 -128.26
2373 434.978 556.727 2 271.474 -129.966
2374 444.978 556.727 2 280.868 -130.932
2375 454.978 556.727 2 290.302 -130.601
2376 464.978 556.727 2 299.773 -121.967
2377 474.978 556.727 2 309.277 -125.564
2378 484.978 556.727 2 318.811 -133.423
2379 84.9784 566.727 2 140.351 -123.119
2380 94.9784 566.727 2 133.742 -118.976
2381 104.978 566.727 2 127.575 -120.988
2382 114.978 566.727 2 121.918 -118.892
2383 124.978 566.727 2 116.843 -121.214
2384 134.978 566.727 2 112.431 -117.097
2385 144.978 566.727 2 108.763 -113.722
2386 154.978 566.727 2 105.914 -112.615
2387 164.978 566.727 2 103.953 -98.1591
2388 174.978 566.727 2 102.931 -108.741
2389 184.978 566.727 2 102.875 -111.665
2390 194.978 566.727 2 103.787 -110.927
2391 204.978 566.727 2 105.642 -104.674
2392 214.978 566.727 2 108.391 -91.0329
2393 224.978 566.727 2 111.97 -78.8217
2394 234.978 566.727 2 116.3 -84.0982
2395 244.978 566.727 2 121.302 -95.573
2396 254.978 566.727 2 126.896 -94.3559
2397 264.978 566.727 2 133.008 -99.7617
2398 274.978 566.727 2 139.569 -105.332
2399 284.978 566.727 2 146.52 -105.087
2400 294.978 566.727 2 153.807 -93.831
2401 304.978 566.727 2 161.385 -83.6344
2402 314.978 566.727 2 169.214 -85.6028
2403 324.978 566.727 2 177.263 -97.7562
2404 334.978 566.727 2 185.501 -111.692
2405 344.978 566.727 2 193.905 -117.601
2406 354.978 566.727 2 202.454 -115.003
2407 364.978 566.727 2 211.13 -115.668
2408 374.978 566.727 2 219.919 -119.817
2409 384.978 566.727 2 228.808 -128.097
2410 394.978 566.727 2 237.784 -121.815
2411 404.978 566.727 2 246.84 -123.586
2412 414.978 566.727 2 255.966 -117.03
2413 424.978 566.727 2 265.154 -127.133
2414 434.978 566.727 2 274.4 -123.45
2415 444.978 566.727 2 283.697 -122.275
2416 454.978 566.727 2 293.04 -129.136
2417 464.978 566.727 2 302.425 -125.381
2418 474.978 566.727 2 311.848 -133.086
2419 484.978 566.727 2 321.306 -132.87
2420 84.9784 576.727 2 146.613 -121.695
2421 94.9784 576.727 2 140.299 -115.337
2422 104.978 576.727 2 134.434 -115.108
2423 114.978 576.727 2 129.077 -112.111
2424 124.978 576.727 2 124.296 -110.169
2425 134.978 576.727 2 120.158 -103.883
2426 144.978 576.727 2 116.732 -101.57
2427 154.978 576.727 2 114.083 -92.7073
2428 164.978 576.727 2 112.264 -97.4344
2429 174.978 576.727 2 111.318 -112.044
2430 184.978 576.727 2 111.267 -106.645
2431 194.978 576.727 2 112.11 -106.498
2432 204.978 576.727 2 113.83 -100.737
2433 214.978 576.727 2 116.386 -93.7847
2434 224.978 576.727 2 119.726 -80.5584
2435 234.978 576.727 2 123.785 -82.4044
2436 244.978 576.727 2 128.496 -82.5786
2437 254.978 576.727 2 133.79 -94.5495
2438 264.978 576.727 2 139.6 -97.3337
2439 274.978 576.727 2 145.865 -94.73
2440 284.978 576.727 2 152.529 -98.044
2441 294.978 576.727 2 159.542 -91.4721
2442 304.978 576.727 2 166.859 -83.134
2443 314.978 576.727 2 174.444 -84.5064
2444 324.978 576.727 2 182.261 -85.9547
2445 334.978 576.727 2 190.283 -84.171
2446 344.978 576.727 2 198.484 -103.383
2447 354.978 576.727 2 206.844 -111.131
2448 364.978 576.727 2 215.344 -109.828
2449 374.978 576.727 2 223.967 -112.598
2450 384.978 576.727 2 232.701 -118.192
2451 394.978 576.727 2 241.533 -113.326
2452 404.978 576.727 2 250.453 -120.938
2453 414.978 576.727 2 259.452 -130.598
2454 424.978 576.727 2 268.522 -130.993
2455 434.978 576.727 2 277.655 -125.77
2456 444.978 576.727 2 286.846 -115.278
2457 454.978 576.727 2 296.09 -129.623
2458 464.978 576.727 2 305.381 -122.658
2459 474.978 576.727 2 314.716 -123.007
2460 484.978 576.727 2 324.091 -136.947
2461 84.9784 586.727 2 153.273 -108.765
2462 94.9784 586.727 2 147.245 -109.598
2463 104.978 586.727 2 141.667 -110.43
2464 114.978 586.727 2 136.594 -110.371
2465 124.978 586.727 2 132.085 -102.074
2466 134.978 586.727 2 128.199 -100.932
2467 144.978 586.727 2 124.993 -96.8693
2468 154.978 586.727 2 122.523 -94.7671
2469 164.978 586.727 2 120.832 -92.5524
2470 174.978 586.727 2 119.953 -93.4634
2471 184.978 586.727 2 119.905 -93.959
2472 194.978 586.727 2 120.689 -92.0423
2473 204.978 586.727 2 122.288 -93.1049
2474 214.978 586.727 2 124.671 -96.6742
2475 224.978 586.727 2 127.794 -79.2495
2476 234.978 586.727 2 131.604 -85.845
2477 244.978 586.727 2 136.045 -80.4059
2478 254.978 586.727 2 141.056 -86.016
2479 264.978 586.727 2 146.578 -82.1391
2480 274.978 586.727 2 152.557 -83.8533
2481 284.978 586.727 2 158.941 -82.6942
2482 294.978 586.727 2 165.682 -83.7369
2483 304.978 586.727 2 172.74 -84.3758
2484 314.978 586.727 2 180.077 -86.901
2485 324.978 586.727 2 187.659 -84.7175
2486 334.978 586.727 2 195.46 -86.0366
2487 344.978 586.727 2 203.453 -86.5591
2488 354.978 586.727 2 211.616 -91.516
2489 364.978 586.727 2 219.932 -104.656
2490 374.978 586.727 2 228.382 -116.912
2491 384.978 586.727 2 236.953 -120.957
2492 394.978 586.727 2 245.633 -116.099
2493 404.978 586.727 2 254.409 -112.201
2494 414.978 586.727 2 263.272 -118.342
2495 424.978 586.727 2 272.215 -116.273
2496 434.978 586.727 2 281.228 -121.868
2497 444.978 586.727 2 290.306 -119.857
2498 454.978 586.727 2 299.443 -127.666
2499 464.978 586.727 2 308.634 -118.29
2500 474.978 586.727 2 317.873 -114.152
2501 484.978 586.727 2 327.157 -120.484
