# <Transmitter Set: Tx: 19 tx_ant_grid_80_m - Point 3> 
# <Receiver Set: Rx: 17 rx_ant_grid> 
# <X(m)> <Y(m)> <Z(m)> <Distance(m)> <PathGain(dB)>
1 84.9784 -13.2734 2 210.612 -85.1218
2 94.9784 -13.2734 2 201.36 -86.7342
3 104.978 -13.2734 2 192.183 -85.9573
4 114.978 -13.2734 2 183.093 -83.3356
5 124.978 -13.2734 2 174.102 -85.9789
6 134.978 -13.2734 2 165.227 -87.154
7 144.978 -13.2734 2 156.488 -83.892
8 154.978 -13.2734 2 147.908 -82.1371
9 164.978 -13.2734 2 139.518 -81.7455
10 174.978 -13.2734 2 131.354 -83.7109
11 184.978 -13.2734 2 123.46 -86.5218
12 194.978 -13.2734 2 115.891 -78.9332
13 204.978 -13.2734 2 108.716 -80.1618
14 214.978 -13.2734 2 102.018 -79.3808
15 224.978 -13.2734 2 95.8969 -79.1833
16 234.978 -13.2734 2 90.4693 -77.2319
17 244.978 -13.2734 2 85.8672 -77.0214
18 254.978 -13.2734 2 82.2293 -84.6095
19 264.978 -13.2734 2 79.6878 -81.3888
20 274.978 -13.2734 2 78.3494 -74.4994
21 284.978 -13.2734 2 78.2758 -74.2911
22 294.978 -13.2734 2 79.4707 -84.6625
23 304.978 -13.2734 2 81.8784 -82.7551
24 314.978 -13.2734 2 85.3964 -81.6044
25 324.978 -13.2734 2 89.8946 -75.4813
26 334.978 -13.2734 2 95.234 -84.9484
27 344.978 -13.2734 2 101.282 -76.9637
28 354.978 -13.2734 2 107.919 -85.0781
29 364.978 -13.2734 2 115.043 -78.1188
30 374.978 -13.2734 2 122.57 -82.3496
31 384.978 -13.2734 2 130.43 -86.6391
32 394.978 -13.2734 2 138.566 -84.1813
33 404.978 -13.2734 2 146.932 -84.1807
34 414.978 -13.2734 2 155.491 -85.7116
35 424.978 -13.2734 2 164.213 -87.8292
36 434.978 -13.2734 2 173.073 -84.903
37 444.978 -13.2734 2 182.052 -83.141
38 454.978 -13.2734 2 191.132 -86.4376
39 464.978 -13.2734 2 200.299 -86.022
40 474.978 -13.2734 2 209.543 -85.7222
41 484.978 -13.2734 2 218.853 -87.4493
42 84.9784 -3.2734 2 211.079 -85.1709
43 94.9784 -3.2734 2 201.849 -87.3033
44 104.978 -3.2734 2 192.695 -85.6901
45 114.978 -3.2734 2 183.63 -89.0552
46 124.978 -3.2734 2 174.667 -86.2921
47 134.978 -3.2734 2 165.822 -85.8604
48 144.978 -3.2734 2 157.116 -82.5418
49 154.978 -3.2734 2 148.573 -81.3081
50 164.978 -3.2734 2 140.222 -80.6729
51 174.978 -3.2734 2 132.102 -81.1332
52 184.978 -3.2734 2 124.255 -85.1406
53 194.978 -3.2734 2 116.738 -81.53
54 204.978 -3.2734 2 109.619 -78.0237
55 214.978 -3.2734 2 102.979 -86.7498
56 224.978 -3.2734 2 96.9187 -76.4159
57 234.978 -3.2734 2 91.5517 -86.0929
58 244.978 -3.2734 2 87.0069 -75.8465
59 254.978 -3.2734 2 83.4187 -74.7663
60 264.978 -3.2734 2 80.9145 -74.5485
61 274.978 -3.2734 2 79.5967 -82.9115
62 284.978 -3.2734 2 79.5244 -84.016
63 294.978 -3.2734 2 80.7007 -73.3756
64 304.978 -3.2734 2 83.0728 -71.7642
65 314.978 -3.2734 2 86.5423 -75.8731
66 324.978 -3.2734 2 90.9838 -80.6912
67 334.978 -3.2734 2 96.2628 -73.7641
68 344.978 -3.2734 2 102.25 -80.9385
69 354.978 -3.2734 2 108.828 -83.4715
70 364.978 -3.2734 2 115.896 -76.9545
71 374.978 -3.2734 2 123.371 -99.0786
72 384.978 -3.2734 2 131.183 -82.3601
73 394.978 -3.2734 2 139.275 -82.045
74 404.978 -3.2734 2 147.601 -83.1974
75 414.978 -3.2734 2 156.123 -84.2252
76 424.978 -3.2734 2 164.812 -87.3249
77 434.978 -3.2734 2 173.641 -84.9426
78 444.978 -3.2734 2 182.592 -84.1351
79 454.978 -3.2734 2 191.646 -87.2235
80 464.978 -3.2734 2 200.79 -86.4374
81 474.978 -3.2734 2 210.013 -84.9322
82 484.978 -3.2734 2 219.303 -84.4318
83 84.9784 6.7266 2 212.018 -84.8867
84 94.9784 6.7266 2 202.83 -87.5961
85 104.978 6.7266 2 193.723 -84.5491
86 114.978 6.7266 2 184.708 -107.669
87 124.978 6.7266 2 175.799 -250
88 134.978 6.7266 2 167.015 -83.3006
89 144.978 6.7266 2 158.374 -82.0263
90 154.978 6.7266 2 149.903 -81.3596
91 164.978 6.7266 2 141.631 -81.9215
92 174.978 6.7266 2 133.596 -81.7535
93 184.978 6.7266 2 125.842 -78.0302
94 194.978 6.7266 2 118.426 -79.5569
95 204.978 6.7266 2 111.415 -81.46
96 214.978 6.7266 2 104.889 -84.584
97 224.978 6.7266 2 98.9457 -81.6695
98 234.978 6.7266 2 93.6949 -74.9931
99 244.978 6.7266 2 89.2592 -75.5696
100 254.978 6.7266 2 85.7653 -78.4008
101 264.978 6.7266 2 83.3317 -74.975
102 274.978 6.7266 2 82.0528 -85.0615
103 284.978 6.7266 2 81.9826 -84.3533
104 294.978 6.7266 2 83.1241 -250
105 304.978 6.7266 2 85.429 -250
106 314.978 6.7266 2 88.8065 -250
107 324.978 6.7266 2 93.1401 -250
108 334.978 6.7266 2 98.3034 -250
109 344.978 6.7266 2 104.173 -250
110 354.978 6.7266 2 110.637 -250
111 364.978 6.7266 2 117.597 -250
112 374.978 6.7266 2 124.97 -250
113 384.978 6.7266 2 132.687 -250
114 394.978 6.7266 2 140.693 -105.45
115 404.978 6.7266 2 148.939 -86.8035
116 414.978 6.7266 2 157.389 -83.1741
117 424.978 6.7266 2 166.012 -86.8524
118 434.978 6.7266 2 174.781 -86.0459
119 444.978 6.7266 2 183.676 -250
120 454.978 6.7266 2 192.679 -250
121 464.978 6.7266 2 201.777 -250
122 474.978 6.7266 2 210.956 -111.655
123 484.978 6.7266 2 220.206 -113.837
124 84.9784 16.7266 2 213.421 -84.9257
125 94.9784 16.7266 2 204.296 -88.2221
126 104.978 16.7266 2 195.257 -84.5824
127 114.978 16.7266 2 186.317 -111.66
128 124.978 16.7266 2 177.489 -250
129 134.978 16.7266 2 168.793 -82.3248
130 144.978 16.7266 2 160.248 -81.6498
131 154.978 16.7266 2 151.881 -83.171
132 164.978 16.7266 2 143.723 -83.7255
133 174.978 16.7266 2 135.812 -82.8275
134 184.978 16.7266 2 128.193 -117.53
135 194.978 16.7266 2 120.921 -250
136 204.978 16.7266 2 114.063 -250
137 214.978 16.7266 2 107.698 -250
138 224.978 16.7266 2 101.918 -250
139 234.978 16.7266 2 96.8285 -250
140 244.978 16.7266 2 92.5431 -250
141 254.978 16.7266 2 89.178 -250
142 264.978 16.7266 2 86.8401 -74.9737
143 274.978 16.7266 2 85.6135 -79.2848
144 284.978 16.7266 2 85.5462 -79.8244
145 294.978 16.7266 2 86.6409 -250
146 304.978 16.7266 2 88.8545 -250
147 314.978 16.7266 2 92.1065 -250
148 324.978 16.7266 2 96.2917 -77.8703
149 334.978 16.7266 2 101.294 -75.5666
150 344.978 16.7266 2 107 -250
151 354.978 16.7266 2 113.303 -250
152 364.978 16.7266 2 120.108 -250
153 374.978 16.7266 2 127.336 -250
154 384.978 16.7266 2 134.918 -123.929
155 394.978 16.7266 2 142.799 -114.685
156 404.978 16.7266 2 150.93 -88.3161
157 414.978 16.7266 2 159.275 -83.3919
158 424.978 16.7266 2 167.8 -85.833
159 434.978 16.7266 2 176.481 -92.6351
160 444.978 16.7266 2 185.294 -250
161 454.978 16.7266 2 194.222 -250
162 464.978 16.7266 2 203.251 -250
163 474.978 16.7266 2 212.366 -111.519
164 484.978 16.7266 2 221.558 -104.362
165 84.9784 26.7266 2 215.28 -85.5509
166 94.9784 26.7266 2 206.238 -87.8462
167 104.978 26.7266 2 197.288 -83.8649
168 114.978 26.7266 2 188.444 -88.2432
169 124.978 26.7266 2 179.721 -83.8606
170 134.978 26.7266 2 171.137 -82.7027
171 144.978 26.7266 2 162.716 -85.4873
172 154.978 26.7266 2 154.483 -96.5978
173 164.978 26.7266 2 146.47 -107.029
174 174.978 26.7266 2 138.715 -124.864
175 184.978 26.7266 2 131.264 -128.221
176 194.978 26.7266 2 124.173 -250
177 204.978 26.7266 2 117.505 -250
178 214.978 26.7266 2 111.336 -250
179 224.978 26.7266 2 105.756 -250
180 234.978 26.7266 2 100.86 -250
181 244.978 26.7266 2 96.7536 -250
182 254.978 26.7266 2 93.54 -250
183 264.978 26.7266 2 91.3138 -84.5089
184 274.978 26.7266 2 90.1482 -75.7092
185 284.978 26.7266 2 90.0843 -75.9697
186 294.978 26.7266 2 91.1244 -250
187 304.978 26.7266 2 93.2317 -250
188 314.978 26.7266 2 96.336 -77.1018
189 324.978 26.7266 2 100.345 -77.463
190 334.978 26.7266 2 105.155 -76.9515
191 344.978 26.7266 2 110.662 -75.0867
192 354.978 26.7266 2 116.767 -95.8968
193 364.978 26.7266 2 123.382 -250
194 374.978 26.7266 2 130.428 -250
195 384.978 26.7266 2 137.84 -128.459
196 394.978 26.7266 2 145.563 -89.456
197 404.978 26.7266 2 153.548 -84.0201
198 414.978 26.7266 2 161.757 -81.3776
199 424.978 26.7266 2 170.159 -80.0482
200 434.978 26.7266 2 178.724 -85.1636
201 444.978 26.7266 2 187.432 -86.2332
202 454.978 26.7266 2 196.264 -250
203 464.978 26.7266 2 205.202 -250
204 474.978 26.7266 2 214.234 -112.999
205 484.978 26.7266 2 223.349 -106.037
206 84.9784 36.7266 2 217.583 -86.7194
207 94.9784 36.7266 2 208.641 -86.1778
208 104.978 36.7266 2 199.799 -85.4603
209 114.978 36.7266 2 191.071 -86.7748
210 124.978 36.7266 2 182.473 -83.0889
211 134.978 36.7266 2 174.026 -83.653
212 144.978 36.7266 2 165.751 -85.382
213 154.978 36.7266 2 157.677 -92.0705
214 164.978 36.7266 2 149.835 -114.048
215 174.978 36.7266 2 142.263 -116.89
216 184.978 36.7266 2 135.009 -119.466
217 194.978 36.7266 2 128.124 -116.358
218 204.978 36.7266 2 121.673 -95.9089
219 214.978 36.7266 2 115.727 -105.095
220 224.978 36.7266 2 110.369 -250
221 234.978 36.7266 2 105.687 -250
222 244.978 36.7266 2 101.776 -250
223 254.978 36.7266 2 98.7256 -250
224 264.978 36.7266 2 96.619 -76.5166
225 274.978 36.7266 2 95.5181 -82.6381
226 284.978 36.7266 2 95.4578 -82.4975
227 294.978 36.7266 2 96.44 -250
228 304.978 36.7266 2 98.4335 -250
229 314.978 36.7266 2 101.379 -79.0977
230 324.978 36.7266 2 105.196 -77.841
231 334.978 36.7266 2 109.793 -76.0909
232 344.978 36.7266 2 115.079 -76.6057
233 354.978 36.7266 2 120.961 -81.1876
234 364.978 36.7266 2 127.358 -79.1519
235 374.978 36.7266 2 134.196 -77.6234
236 384.978 36.7266 2 141.411 -250
237 394.978 36.7266 2 148.948 -250
238 404.978 36.7266 2 156.761 -104.288
239 414.978 36.7266 2 164.81 -96.1486
240 424.978 36.7266 2 173.063 -88.9776
241 434.978 36.7266 2 181.492 -85.7484
242 444.978 36.7266 2 190.073 -92.0533
243 454.978 36.7266 2 198.787 -250
244 464.978 36.7266 2 207.617 -250
245 474.978 36.7266 2 216.549 -121.413
246 484.978 36.7266 2 225.57 -117.266
247 84.9784 46.7266 2 220.317 -88.1667
248 94.9784 46.7266 2 211.49 -84.7967
249 104.978 46.7266 2 202.772 -88.4122
250 114.978 46.7266 2 194.178 -84.5731
251 124.978 46.7266 2 185.724 -85.2388
252 134.978 46.7266 2 177.432 -86.8551
253 144.978 46.7266 2 169.324 -96.6253
254 154.978 46.7266 2 161.428 -250
255 164.978 46.7266 2 153.777 -250
256 174.978 46.7266 2 146.41 -250
257 184.978 46.7266 2 139.371 -250
258 194.978 46.7266 2 132.714 -250
259 204.978 46.7266 2 126.496 -99.3582
260 214.978 46.7266 2 120.788 -93.7446
261 224.978 46.7266 2 115.665 -90.7623
262 234.978 46.7266 2 111.206 -92.0384
263 244.978 46.7266 2 107.496 -102.635
264 254.978 46.7266 2 104.612 -102.926
265 264.978 46.7266 2 102.627 -83.7873
266 274.978 46.7266 2 101.591 -77.8744
267 284.978 46.7266 2 101.534 -77.2093
268 294.978 46.7266 2 102.458 -250
269 304.978 46.7266 2 104.337 -250
270 314.978 46.7266 2 107.12 -250
271 324.978 46.7266 2 110.739 -250
272 334.978 46.7266 2 115.116 -250
273 344.978 46.7266 2 120.167 -250
274 354.978 46.7266 2 125.812 -250
275 364.978 46.7266 2 131.974 -94.9286
276 374.978 46.7266 2 138.584 -83.8052
277 384.978 46.7266 2 145.582 -250
278 394.978 46.7266 2 152.913 -250
279 404.978 46.7266 2 160.533 -97.7897
280 414.978 46.7266 2 168.403 -94.3061
281 424.978 46.7266 2 176.488 -90.4195
282 434.978 46.7266 2 184.761 -82.7763
283 444.978 46.7266 2 193.197 -88.3492
284 454.978 46.7266 2 201.776 -250
285 464.978 46.7266 2 210.48 -250
286 474.978 46.7266 2 219.295 -111.042
287 484.978 46.7266 2 228.208 -98.3899
288 84.9784 56.7266 2 223.465 -88.2152
289 94.9784 56.7266 2 214.767 -85.5101
290 104.978 56.7266 2 206.188 -87.7198
291 114.978 56.7266 2 197.742 -84.3996
292 124.978 56.7266 2 189.448 -86.8351
293 134.978 56.7266 2 181.326 -86.1297
294 144.978 56.7266 2 173.4 -101.798
295 154.978 56.7266 2 165.698 -250
296 164.978 56.7266 2 158.254 -250
297 174.978 56.7266 2 151.106 -250
298 184.978 56.7266 2 144.296 -250
299 194.978 56.7266 2 137.876 -250
300 204.978 56.7266 2 131.903 -81.717
301 214.978 56.7266 2 126.439 -95.5588
302 224.978 56.7266 2 121.554 -87.2689
303 234.978 56.7266 2 117.319 -90.6627
304 244.978 56.7266 2 113.808 -97.1377
305 254.978 56.7266 2 111.089 -96.6883
306 264.978 56.7266 2 109.221 -77.3123
307 274.978 56.7266 2 108.249 -82.2194
308 284.978 56.7266 2 108.195 -83.4308
309 294.978 56.7266 2 109.063 -250
310 304.978 56.7266 2 110.83 -250
311 314.978 56.7266 2 113.453 -250
312 324.978 56.7266 2 116.877 -250
313 334.978 56.7266 2 121.032 -250
314 344.978 56.7266 2 125.846 -250
315 354.978 56.7266 2 131.246 -250
316 364.978 56.7266 2 137.164 -93.4925
317 374.978 56.7266 2 143.536 -83.8606
318 384.978 56.7266 2 150.303 -250
319 394.978 56.7266 2 157.415 -250
320 404.978 56.7266 2 164.827 -99.1398
321 414.978 56.7266 2 172.501 -83.5129
322 424.978 56.7266 2 180.402 -85.7882
323 434.978 56.7266 2 188.503 -91.5212
324 444.978 56.7266 2 196.779 -87.0644
325 454.978 56.7266 2 205.208 -250
326 464.978 56.7266 2 213.773 -250
327 474.978 56.7266 2 222.458 -110.753
328 484.978 56.7266 2 231.249 -109.698
329 84.9784 66.7266 2 227.01 -86.5469
330 94.9784 66.7266 2 218.454 -87.2521
331 104.978 66.7266 2 210.025 -85.9346
332 114.978 66.7266 2 201.74 -87.5783
333 124.978 66.7266 2 193.617 -84.5956
334 134.978 66.7266 2 185.677 -83.969
335 144.978 66.7266 2 177.945 -98.1614
336 154.978 66.7266 2 170.449 -86.6722
337 164.978 66.7266 2 163.222 -91.1252
338 174.978 66.7266 2 156.301 -89.506
339 184.978 66.7266 2 149.728 -96.3672
340 194.978 66.7266 2 143.551 -94.5282
341 204.978 66.7266 2 137.824 -88.8216
342 214.978 66.7266 2 132.604 -79.3985
343 224.978 66.7266 2 127.955 -82.598
344 234.978 66.7266 2 123.939 -82.3897
345 244.978 66.7266 2 120.621 -77.0707
346 254.978 66.7266 2 118.058 -89.5109
347 264.978 66.7266 2 116.303 -79.8569
348 274.978 66.7266 2 115.39 -78.3352
349 284.978 66.7266 2 115.34 -78.0918
350 294.978 66.7266 2 116.154 -105.712
351 304.978 66.7266 2 117.814 -95.1128
352 314.978 66.7266 2 120.286 -97.4523
353 324.978 66.7266 2 123.52 -116.006
354 334.978 66.7266 2 127.458 -91.3626
355 344.978 66.7266 2 132.038 -96.6538
356 354.978 66.7266 2 137.196 -88.0465
357 364.978 66.7266 2 142.867 -103.414
358 374.978 66.7266 2 148.995 -83.0249
359 384.978 66.7266 2 155.525 -83.0769
360 394.978 66.7266 2 162.409 -94.3704
361 404.978 66.7266 2 169.603 -91.7429
362 414.978 66.7266 2 177.069 -87.9309
363 424.978 66.7266 2 184.776 -79.9919
364 434.978 66.7266 2 192.693 -85.1538
365 444.978 66.7266 2 200.796 -86.4667
366 454.978 66.7266 2 209.063 -85.8135
367 464.978 66.7266 2 217.476 -85.0188
368 474.978 66.7266 2 226.019 -87.9337
369 484.978 66.7266 2 234.676 -93.1228
370 84.9784 76.7266 2 230.934 -85.894
371 94.9784 76.7266 2 222.529 -88.9806
372 104.978 76.7266 2 214.261 -80.9918
373 114.978 76.7266 2 206.146 -86.4432
374 124.978 76.7266 2 198.203 -85.2684
375 134.978 76.7266 2 190.455 -87.7165
376 144.978 76.7266 2 182.925 -83.357
377 154.978 76.7266 2 175.642 -83.3133
378 164.978 76.7266 2 168.637 -78.7453
379 174.978 76.7266 2 161.947 -81.7357
380 184.978 76.7266 2 155.613 -89.581
381 194.978 76.7266 2 149.679 -80.5496
382 204.978 76.7266 2 144.196 -84.4534
383 214.978 76.7266 2 139.215 -82.5585
384 224.978 76.7266 2 134.794 -80.5899
385 234.978 76.7266 2 130.988 -87.9201
386 244.978 76.7266 2 127.853 -78.4753
387 254.978 76.7266 2 125.439 -83.5323
388 264.978 76.7266 2 123.787 -84.1087
389 274.978 76.7266 2 122.93 -84.3268
390 284.978 76.7266 2 122.883 -84.2997
391 294.978 76.7266 2 123.648 -80.4426
392 304.978 76.7266 2 125.209 -82.618
393 314.978 76.7266 2 127.537 -79.9237
394 324.978 76.7266 2 130.592 -84.3967
395 334.978 76.7266 2 134.323 -80.8895
396 344.978 76.7266 2 138.676 -80.536
397 354.978 76.7266 2 143.595 -87.0894
398 364.978 76.7266 2 149.024 -78.9589
399 374.978 76.7266 2 154.908 -83.4377
400 384.978 76.7266 2 161.199 -81.7865
401 394.978 76.7266 2 167.85 -83.3401
402 404.978 76.7266 2 174.82 -82.605
403 414.978 76.7266 2 182.073 -82.1641
404 424.978 76.7266 2 189.576 -87.3469
405 434.978 76.7266 2 197.301 -85.3471
406 444.978 76.7266 2 205.222 -93.2218
407 454.978 76.7266 2 213.318 -91.355
408 464.978 76.7266 2 221.569 -92.3118
409 474.978 76.7266 2 229.96 -87.5617
410 484.978 76.7266 2 238.474 -85.9476
411 84.9784 86.7266 2 235.218 -90.1315
412 94.9784 86.7266 2 226.972 -113.997
413 104.978 86.7266 2 218.871 -250
414 114.978 86.7266 2 210.934 -250
415 124.978 86.7266 2 203.179 -250
416 134.978 86.7266 2 195.627 -83.2683
417 144.978 86.7266 2 188.304 -95.864
418 154.978 86.7266 2 181.237 -250
419 164.978 86.7266 2 174.458 -250
420 174.978 86.7266 2 168 -250
421 184.978 86.7266 2 161.903 -81.5513
422 194.978 86.7266 2 156.208 -80.8101
423 204.978 86.7266 2 150.962 -79.836
424 214.978 86.7266 2 146.212 -86.7567
425 224.978 86.7266 2 142.008 -250
426 234.978 86.7266 2 138.401 -250
427 244.978 86.7266 2 135.438 -250
428 254.978 86.7266 2 133.161 -81.417
429 264.978 86.7266 2 131.607 -83.4571
430 274.978 86.7266 2 130.801 -86.5637
431 284.978 86.7266 2 130.757 -86.6114
432 294.978 86.7266 2 131.475 -82.6642
433 304.978 86.7266 2 132.945 -78.9071
434 314.978 86.7266 2 135.14 -82.768
435 324.978 86.7266 2 138.026 -83.412
436 334.978 86.7266 2 141.562 -81.8585
437 344.978 86.7266 2 145.699 -86.0675
438 354.978 86.7266 2 150.388 -85.4862
439 364.978 86.7266 2 155.58 -89.5775
440 374.978 86.7266 2 161.225 -80.3267
441 384.978 86.7266 2 167.279 -250
442 394.978 86.7266 2 173.697 -250
443 404.978 86.7266 2 180.441 -250
444 414.978 86.7266 2 187.477 -121.341
445 424.978 86.7266 2 194.772 -82.4518
446 434.978 86.7266 2 202.298 -94.4645
447 444.978 86.7266 2 210.031 -250
448 454.978 86.7266 2 217.948 -250
449 464.978 86.7266 2 226.031 -250
450 474.978 86.7266 2 234.262 -105.764
451 484.978 86.7266 2 242.625 -97.6889
452 84.9784 96.7266 2 239.843 -97.9416
453 94.9784 96.7266 2 231.761 -101.657
454 104.978 96.7266 2 223.834 -118.779
455 114.978 96.7266 2 216.079 -101.253
456 124.978 96.7266 2 208.515 -91.6924
457 134.978 96.7266 2 201.164 -100.716
458 144.978 96.7266 2 194.05 -92.1144
459 154.978 96.7266 2 187.201 -250
460 164.978 96.7266 2 180.645 -250
461 174.978 96.7266 2 174.416 -250
462 184.978 96.7266 2 168.551 -79.4034
463 194.978 96.7266 2 163.089 -250
464 204.978 96.7266 2 158.071 -250
465 214.978 96.7266 2 153.541 -250
466 224.978 96.7266 2 149.544 -250
467 234.978 96.7266 2 146.123 -250
468 244.978 96.7266 2 143.319 -250
469 254.978 96.7266 2 141.17 -250
470 264.978 96.7266 2 139.704 -250
471 274.978 96.7266 2 138.945 -83.5248
472 284.978 96.7266 2 138.904 -83.5466
473 294.978 96.7266 2 139.581 -82.1086
474 304.978 96.7266 2 140.966 -78.9772
475 314.978 96.7266 2 143.038 -80.5513
476 324.978 96.7266 2 145.768 -86.5693
477 334.978 96.7266 2 149.12 -83.338
478 344.978 96.7266 2 153.053 -84.9427
479 354.978 96.7266 2 157.524 -83.53
480 364.978 96.7266 2 162.487 -83.1164
481 374.978 96.7266 2 167.901 -78.9237
482 384.978 96.7266 2 173.721 -250
483 394.978 96.7266 2 179.91 -250
484 404.978 96.7266 2 186.43 -250
485 414.978 96.7266 2 193.247 -97.6572
486 424.978 96.7266 2 200.332 -94.3882
487 434.978 96.7266 2 207.657 -101.254
488 444.978 96.7266 2 215.198 -250
489 454.978 96.7266 2 222.932 -250
490 464.978 96.7266 2 230.84 -250
491 474.978 96.7266 2 238.905 -107.214
492 484.978 96.7266 2 247.111 -97.375
493 84.9784 106.727 2 244.789 -91.9044
494 94.9784 106.727 2 236.876 -98.3222
495 104.978 106.727 2 229.126 -88.4441
496 114.978 106.727 2 221.556 -93.957
497 124.978 106.727 2 214.186 -84.0168
498 134.978 106.727 2 207.036 -103.955
499 144.978 106.727 2 200.131 -111.302
500 154.978 106.727 2 193.497 -250
501 164.978 106.727 2 187.162 -250
502 174.978 106.727 2 181.157 -250
503 184.978 106.727 2 175.518 -85.204
504 194.978 106.727 2 170.279 -250
505 204.978 106.727 2 165.48 -250
506 214.978 106.727 2 161.158 -250
507 224.978 106.727 2 157.354 -250
508 234.978 106.727 2 154.107 -250
509 244.978 106.727 2 151.451 -250
510 254.978 106.727 2 149.418 -250
511 264.978 106.727 2 148.035 -250
512 274.978 106.727 2 147.319 -86.3388
513 284.978 106.727 2 147.28 -83.3852
514 294.978 106.727 2 147.918 -81.6662
515 304.978 106.727 2 149.226 -80.5553
516 314.978 106.727 2 151.185 -81.2136
517 324.978 106.727 2 153.77 -84.4001
518 334.978 106.727 2 156.951 -82.6381
519 344.978 106.727 2 160.693 -85.7543
520 354.978 106.727 2 164.957 -80.1452
521 364.978 106.727 2 169.703 -80.3562
522 374.978 106.727 2 174.893 -96.6564
523 384.978 106.727 2 180.489 -250
524 394.978 106.727 2 186.453 -250
525 404.978 106.727 2 192.751 -250
526 414.978 106.727 2 199.353 -98.0934
527 424.978 106.727 2 206.228 -105.731
528 434.978 106.727 2 213.351 -103.326
529 444.978 106.727 2 220.697 -250
530 454.978 106.727 2 228.244 -250
531 464.978 106.727 2 235.975 -250
532 474.978 106.727 2 243.87 -92.3403
533 484.978 106.727 2 251.915 -105.707
534 84.9784 116.727 2 250.037 -87.3233
535 94.9784 116.727 2 242.296 -88.4895
536 104.978 116.727 2 234.725 -116.72
537 114.978 116.727 2 227.341 -250
538 124.978 116.727 2 220.165 -250
539 134.978 116.727 2 213.216 -250
540 144.978 116.727 2 206.518 -250
541 154.978 116.727 2 200.095 -250
542 164.978 116.727 2 193.976 -250
543 174.978 116.727 2 188.189 -250
544 184.978 116.727 2 182.766 -97.1758
545 194.978 116.727 2 177.741 -250
546 204.978 116.727 2 173.149 -250
547 214.978 116.727 2 169.024 -250
548 224.978 116.727 2 165.401 -250
549 234.978 116.727 2 162.314 -250
550 244.978 116.727 2 159.795 -250
551 254.978 116.727 2 157.87 -250
552 264.978 116.727 2 156.561 -250
553 274.978 116.727 2 155.884 -89.0714
554 284.978 116.727 2 155.847 -86.3876
555 294.978 116.727 2 156.451 -83.7071
556 304.978 116.727 2 157.687 -81.6072
557 314.978 116.727 2 159.542 -82.0709
558 324.978 116.727 2 161.995 -250
559 334.978 116.727 2 165.017 -250
560 344.978 116.727 2 168.58 -250
561 354.978 116.727 2 172.649 -250
562 364.978 116.727 2 177.19 -250
563 374.978 116.727 2 182.167 -250
564 384.978 116.727 2 187.545 -250
565 394.978 116.727 2 193.292 -250
566 404.978 116.727 2 199.374 -250
567 414.978 116.727 2 205.763 -250
568 424.978 116.727 2 212.431 -109.075
569 434.978 116.727 2 219.353 -106.653
570 444.978 116.727 2 226.504 -250
571 454.978 116.727 2 233.864 -250
572 464.978 116.727 2 241.415 -250
573 474.978 116.727 2 249.138 -94.3171
574 484.978 116.727 2 257.017 -101.92
575 84.9784 126.727 2 255.569 -87.4322
576 94.9784 126.727 2 248 -106.554
577 104.978 126.727 2 240.609 -122.768
578 114.978 126.727 2 233.412 -250
579 124.978 126.727 2 226.428 -250
580 134.978 126.727 2 219.677 -250
581 144.978 126.727 2 213.182 -250
582 154.978 126.727 2 206.966 -250
583 164.978 126.727 2 201.056 -250
584 174.978 126.727 2 195.479 -250
585 184.978 126.727 2 190.264 -92.2791
586 194.978 126.727 2 185.443 -94.9701
587 204.978 126.727 2 181.046 -111.847
588 214.978 126.727 2 177.104 -126.864
589 224.978 126.727 2 173.65 -250
590 234.978 126.727 2 170.713 -250
591 244.978 126.727 2 168.319 -250
592 254.978 126.727 2 166.493 -95.1231
593 264.978 126.727 2 165.253 -95.5012
594 274.978 126.727 2 164.611 -87.7914
595 284.978 126.727 2 164.576 -87.5688
596 294.978 126.727 2 165.148 -86.1532
597 304.978 126.727 2 166.32 -85.8454
598 314.978 126.727 2 168.08 -81.6526
599 324.978 126.727 2 170.409 -250
600 334.978 126.727 2 173.285 -250
601 344.978 126.727 2 176.681 -250
602 354.978 126.727 2 180.568 -250
603 364.978 126.727 2 184.914 -250
604 374.978 126.727 2 189.688 -250
605 384.978 126.727 2 194.859 -250
606 394.978 126.727 2 200.396 -250
607 404.978 126.727 2 206.27 -250
608 414.978 126.727 2 212.451 -250
609 424.978 126.727 2 218.916 -102.415
610 434.978 126.727 2 225.638 -106.031
611 444.978 126.727 2 232.596 -250
612 454.978 126.727 2 239.77 -250
613 464.978 126.727 2 247.14 -250
614 474.978 126.727 2 254.689 -96.7968
615 484.978 126.727 2 262.402 -101.613
616 84.9784 136.727 2 261.367 -86.901
617 94.9784 136.727 2 253.971 -106.483
618 104.978 136.727 2 246.758 -111.55
619 114.978 136.727 2 239.746 -123.032
620 124.978 136.727 2 232.952 -106.069
621 134.978 136.727 2 226.396 -250
622 144.978 136.727 2 220.099 -250
623 154.978 136.727 2 214.084 -250
624 164.978 136.727 2 208.376 -250
625 174.978 136.727 2 203 -250
626 184.978 136.727 2 197.984 -99.6744
627 194.978 136.727 2 193.355 -102.981
628 204.978 136.727 2 189.142 -114.533
629 214.978 136.727 2 185.373 -116.73
630 224.978 136.727 2 182.076 -250
631 234.978 136.727 2 179.276 -250
632 244.978 136.727 2 176.998 -250
633 254.978 136.727 2 175.262 -94.7316
634 264.978 136.727 2 174.085 -95.1377
635 274.978 136.727 2 173.476 -83.208
636 284.978 136.727 2 173.443 -85.402
637 294.978 136.727 2 173.985 -86.7036
638 304.978 136.727 2 175.098 -96.4395
639 314.978 136.727 2 176.771 -83.0823
640 324.978 136.727 2 178.987 -250
641 334.978 136.727 2 181.727 -250
642 344.978 136.727 2 184.968 -250
643 354.978 136.727 2 188.684 -250
644 364.978 136.727 2 192.848 -250
645 374.978 136.727 2 197.43 -250
646 384.978 136.727 2 202.404 -250
647 394.978 136.727 2 207.739 -250
648 404.978 136.727 2 213.411 -250
649 414.978 136.727 2 219.392 -250
650 424.978 136.727 2 225.657 -101.818
651 434.978 136.727 2 232.184 -106.257
652 444.978 136.727 2 238.952 -250
653 454.978 136.727 2 245.94 -250
654 464.978 136.727 2 253.131 -250
655 474.978 136.727 2 260.506 -97.3981
656 484.978 136.727 2 268.052 -93.3701
657 84.9784 146.727 2 267.413 -87.5477
658 94.9784 146.727 2 260.189 -88.7412
659 104.978 146.727 2 253.154 -88.5863
660 114.978 146.727 2 246.323 -107.374
661 124.978 146.727 2 239.716 -116.821
662 134.978 146.727 2 233.35 -115.198
663 144.978 146.727 2 227.246 -106.304
664 154.978 146.727 2 221.425 -108.406
665 164.978 146.727 2 215.911 -103.215
666 174.978 146.727 2 210.728 -99.5428
667 184.978 146.727 2 205.899 -98.6503
668 194.978 146.727 2 201.452 -98.7254
669 204.978 146.727 2 197.412 -121.805
670 214.978 146.727 2 193.804 -123.906
671 224.978 146.727 2 190.653 -120.88
672 234.978 146.727 2 187.981 -114.849
673 244.978 146.727 2 185.81 -103.231
674 254.978 146.727 2 184.157 -111.004
675 264.978 146.727 2 183.037 -105.375
676 274.978 146.727 2 182.458 -81.7415
677 284.978 146.727 2 182.426 -82.9996
678 294.978 146.727 2 182.942 -84.1736
679 304.978 146.727 2 184.001 -82.2737
680 314.978 146.727 2 185.593 -81.3732
681 324.978 146.727 2 187.705 -94.5927
682 334.978 146.727 2 190.32 -115.451
683 344.978 146.727 2 193.417 -106.05
684 354.978 146.727 2 196.974 -98.7746
685 364.978 146.727 2 200.966 -112.934
686 374.978 146.727 2 205.367 -104.137
687 384.978 146.727 2 210.153 -99.4597
688 394.978 146.727 2 215.297 -117.2
689 404.978 146.727 2 220.774 -100.981
690 414.978 146.727 2 226.561 -110.49
691 424.978 146.727 2 232.633 -101.041
692 434.978 146.727 2 238.97 -95.2155
693 444.978 146.727 2 245.551 -99.2642
694 454.978 146.727 2 252.356 -114.769
695 464.978 146.727 2 259.369 -93.8269
696 474.978 146.727 2 266.572 -105.084
697 484.978 146.727 2 273.951 -116.285
698 84.9784 156.727 2 273.691 -87.7338
699 94.9784 156.727 2 266.637 -92.7188
700 104.978 156.727 2 259.776 -87.4209
701 114.978 156.727 2 253.125 -105.569
702 124.978 156.727 2 246.7 -105.662
703 134.978 156.727 2 240.519 -116.31
704 144.978 156.727 2 234.601 -112.356
705 154.978 156.727 2 228.968 -107.034
706 164.978 156.727 2 223.64 -104.105
707 174.978 156.727 2 218.639 -101.413
708 184.978 156.727 2 213.99 -98.4155
709 194.978 156.727 2 209.714 -100.347
710 204.978 156.727 2 205.836 -107.752
711 214.978 156.727 2 202.378 -113.003
712 224.978 156.727 2 199.363 -128.447
713 234.978 156.727 2 196.81 -122.809
714 244.978 156.727 2 194.737 -105.468
715 254.978 156.727 2 193.16 -107.689
716 264.978 156.727 2 192.092 -112.175
717 274.978 156.727 2 191.541 -86.9503
718 284.978 156.727 2 191.511 -86.6848
719 294.978 156.727 2 192.002 -84.2714
720 304.978 156.727 2 193.011 -78.3234
721 314.978 156.727 2 194.53 -82.6274
722 324.978 156.727 2 196.546 -118.864
723 334.978 156.727 2 199.045 -107.479
724 344.978 156.727 2 202.008 -103.81
725 354.978 156.727 2 205.416 -104.455
726 364.978 156.727 2 209.247 -115.642
727 374.978 156.727 2 213.478 -107.311
728 384.978 156.727 2 218.085 -105.026
729 394.978 156.727 2 223.046 -96.9588
730 404.978 156.727 2 228.338 -115.439
731 414.978 156.727 2 233.937 -98.8934
732 424.978 156.727 2 239.823 -99.5154
733 434.978 156.727 2 245.975 -102.305
734 444.978 156.727 2 252.373 -120.515
735 454.978 156.727 2 258.999 -97.5841
736 464.978 156.727 2 265.837 -100.419
737 474.978 156.727 2 272.869 -102.09
738 484.978 156.727 2 280.082 -105.005
739 84.9784 166.727 2 280.185 -88.5289
740 94.9784 166.727 2 273.299 -95.7508
741 104.978 166.727 2 266.61 -89.7509
742 114.978 166.727 2 260.133 -87.1037
743 124.978 166.727 2 253.885 -85.7072
744 134.978 166.727 2 247.883 -102.798
745 144.978 166.727 2 242.146 -98.9672
746 154.978 166.727 2 236.692 -102.77
747 164.978 166.727 2 231.542 -98.8509
748 174.978 166.727 2 226.716 -106.574
749 184.978 166.727 2 222.235 -100.636
750 194.978 166.727 2 218.122 -98.7591
751 204.978 166.727 2 214.396 -116.233
752 214.978 166.727 2 211.078 -110.368
753 224.978 166.727 2 208.189 -250
754 234.978 166.727 2 205.745 -113.493
755 244.978 166.727 2 203.763 -250
756 254.978 166.727 2 202.257 -250
757 264.978 166.727 2 201.237 -250
758 274.978 166.727 2 200.711 -84.9071
759 284.978 166.727 2 200.682 -85.5291
760 294.978 166.727 2 201.151 -250
761 304.978 166.727 2 202.115 -250
762 314.978 166.727 2 203.565 -250
763 324.978 166.727 2 205.493 -250
764 334.978 166.727 2 207.884 -250
765 344.978 166.727 2 210.723 -250
766 354.978 166.727 2 213.993 -110.06
767 364.978 166.727 2 217.672 -112.411
768 374.978 166.727 2 221.743 -250
769 384.978 166.727 2 226.182 -94.4776
770 394.978 166.727 2 230.969 -106.904
771 404.978 166.727 2 236.083 -95.842
772 414.978 166.727 2 241.503 -101.707
773 424.978 166.727 2 247.209 -95.5147
774 434.978 166.727 2 253.181 -100.125
775 444.978 166.727 2 259.402 -250
776 454.978 166.727 2 265.853 -250
777 464.978 166.727 2 272.518 -250
778 474.978 166.727 2 279.383 -112.538
779 484.978 166.727 2 286.432 -108.423
780 84.9784 176.727 2 286.881 -88.6383
781 94.9784 176.727 2 280.159 -89.0522
782 104.978 176.727 2 273.638 -89.6144
783 114.978 176.727 2 267.332 -87.316
784 124.978 176.727 2 261.256 -87.7606
785 134.978 176.727 2 255.428 -86.5596
786 144.978 176.727 2 249.863 -87.529
787 154.978 176.727 2 244.582 -92.4357
788 164.978 176.727 2 239.601 -90.7966
789 174.978 176.727 2 234.941 -95.0457
790 184.978 176.727 2 230.62 -91.2999
791 194.978 176.727 2 226.659 -89.9525
792 204.978 176.727 2 223.075 -103.114
793 214.978 176.727 2 219.889 -104.302
794 224.978 176.727 2 217.116 -250
795 234.978 176.727 2 214.774 -117.413
796 244.978 176.727 2 212.877 -250
797 254.978 176.727 2 211.436 -250
798 264.978 176.727 2 210.46 -250
799 274.978 176.727 2 209.957 -90.422
800 284.978 176.727 2 209.93 -85.0096
801 294.978 176.727 2 210.378 -250
802 304.978 176.727 2 211.299 -250
803 314.978 176.727 2 212.687 -250
804 324.978 176.727 2 214.533 -250
805 334.978 176.727 2 216.825 -250
806 344.978 176.727 2 219.548 -250
807 354.978 176.727 2 222.688 -130.898
808 364.978 176.727 2 226.226 -109.152
809 374.978 176.727 2 230.145 -250
810 384.978 176.727 2 234.425 -90.9689
811 394.978 176.727 2 239.048 -95.833
812 404.978 176.727 2 243.992 -90.9619
813 414.978 176.727 2 249.24 -102.768
814 424.978 176.727 2 254.773 -105.355
815 434.978 176.727 2 260.572 -106.93
816 444.978 176.727 2 266.62 -250
817 454.978 176.727 2 272.9 -250
818 464.978 176.727 2 279.398 -250
819 474.978 176.727 2 286.097 -93.5249
820 484.978 176.727 2 292.985 -93.4323
821 84.9784 186.727 2 293.765 -90.8916
822 94.9784 186.727 2 287.204 -89.0043
823 104.978 186.727 2 280.847 -89.6742
824 114.978 186.727 2 274.706 -89.8005
825 124.978 186.727 2 268.797 -92.8826
826 134.978 186.727 2 263.135 -88.5073
827 144.978 186.727 2 257.738 -87.504
828 154.978 186.727 2 252.621 -87.0879
829 164.978 186.727 2 247.802 -88.9745
830 174.978 186.727 2 243.299 -89.1934
831 184.978 186.727 2 239.129 -86.8827
832 194.978 186.727 2 235.311 -87.1398
833 204.978 186.727 2 231.861 -112.358
834 214.978 186.727 2 228.797 -112.216
835 224.978 186.727 2 226.134 -250
836 234.978 186.727 2 223.886 -113.091
837 244.978 186.727 2 222.067 -250
838 254.978 186.727 2 220.685 -250
839 264.978 186.727 2 219.751 -250
840 274.978 186.727 2 219.269 -88.8006
841 284.978 186.727 2 219.243 -87.3628
842 294.978 186.727 2 219.672 -95.1467
843 304.978 186.727 2 220.555 -111.192
844 314.978 186.727 2 221.885 -106.767
845 324.978 186.727 2 223.655 -104.993
846 334.978 186.727 2 225.854 -250
847 344.978 186.727 2 228.47 -250
848 354.978 186.727 2 231.488 -250
849 364.978 186.727 2 234.894 -250
850 374.978 186.727 2 238.671 -250
851 384.978 186.727 2 242.801 -100.15
852 394.978 186.727 2 247.267 -92.5113
853 404.978 186.727 2 252.05 -97.5591
854 414.978 186.727 2 257.134 -100.23
855 424.978 186.727 2 262.5 -108.319
856 434.978 186.727 2 268.132 -115.759
857 444.978 186.727 2 274.013 -250
858 454.978 186.727 2 280.128 -250
859 464.978 186.727 2 286.461 -250
860 474.978 186.727 2 292.999 -98.9997
861 484.978 186.727 2 299.728 -103.365
862 84.9784 196.727 2 300.824 -89.4562
863 94.9784 196.727 2 294.42 -89.884
864 104.978 196.727 2 288.222 -89.3942
865 114.978 196.727 2 282.242 -92.8016
866 124.978 196.727 2 276.494 -86.6491
867 134.978 196.727 2 270.993 -89.1875
868 144.978 196.727 2 265.755 -91.6423
869 154.978 196.727 2 260.795 -88.6093
870 164.978 196.727 2 256.13 -87.1459
871 174.978 196.727 2 251.776 -89.3156
872 184.978 196.727 2 247.749 -88.2116
873 194.978 196.727 2 244.066 -87.3853
874 204.978 196.727 2 240.742 -99.577
875 214.978 196.727 2 237.792 -108.941
876 224.978 196.727 2 235.231 -250
877 234.978 196.727 2 233.071 -95.684
878 244.978 196.727 2 231.324 -109.516
879 254.978 196.727 2 229.998 -112.461
880 264.978 196.727 2 229.102 -110.06
881 274.978 196.727 2 228.639 -85.7616
882 284.978 196.727 2 228.614 -85.3318
883 294.978 196.727 2 229.026 -88.7997
884 304.978 196.727 2 229.873 -119.887
885 314.978 196.727 2 231.149 -111.815
886 324.978 196.727 2 232.848 -114.728
887 334.978 196.727 2 234.961 -250
888 344.978 196.727 2 237.477 -250
889 354.978 196.727 2 240.383 -113.845
890 364.978 196.727 2 243.664 -101.425
891 374.978 196.727 2 247.307 -120.271
892 384.978 196.727 2 251.295 -106.743
893 394.978 196.727 2 255.613 -107.617
894 404.978 196.727 2 260.243 -98.3687
895 414.978 196.727 2 265.169 -97.0028
896 424.978 196.727 2 270.376 -250
897 434.978 196.727 2 275.847 -250
898 444.978 196.727 2 281.567 -250
899 454.978 196.727 2 287.522 -250
900 464.978 196.727 2 293.696 -250
901 474.978 196.727 2 300.076 -108.62
902 484.978 196.727 2 306.65 -97.2588
903 84.9784 206.727 2 308.045 -89.7306
904 94.9784 206.727 2 301.795 -90.211
905 104.978 206.727 2 295.751 -89.5933
906 114.978 206.727 2 289.926 -127.232
907 124.978 206.727 2 284.334 -250
908 134.978 206.727 2 278.988 -84.2404
909 144.978 206.727 2 273.903 -91.2766
910 154.978 206.727 2 269.093 -89.6394
911 164.978 206.727 2 264.575 -88.5007
912 174.978 206.727 2 260.362 -86.7343
913 184.978 206.727 2 256.47 -87.5879
914 194.978 206.727 2 252.913 -85.8335
915 204.978 206.727 2 249.707 -87.447
916 214.978 206.727 2 246.865 -97.6385
917 224.978 206.727 2 244.398 -113.248
918 234.978 206.727 2 242.32 -101.859
919 244.978 206.727 2 240.64 -103.785
920 254.978 206.727 2 239.366 -101.886
921 264.978 206.727 2 238.505 -102.299
922 274.978 206.727 2 238.061 -85.5779
923 284.978 206.727 2 238.037 -88.1463
924 294.978 206.727 2 238.432 -87.517
925 304.978 206.727 2 239.246 -115.754
926 314.978 206.727 2 240.472 -115.596
927 324.978 206.727 2 242.106 -116.312
928 334.978 206.727 2 244.139 -250
929 344.978 206.727 2 246.561 -250
930 354.978 206.727 2 249.361 -115.339
931 364.978 206.727 2 252.526 -102.322
932 374.978 206.727 2 256.043 -106.233
933 384.978 206.727 2 259.897 -104.576
934 394.978 206.727 2 264.074 -101.284
935 404.978 206.727 2 268.558 -91.5217
936 414.978 206.727 2 273.335 -97.5601
937 424.978 206.727 2 278.389 -250
938 434.978 206.727 2 283.705 -250
939 444.978 206.727 2 289.27 -250
940 454.978 206.727 2 295.069 -250
941 464.978 206.727 2 301.088 -250
942 474.978 206.727 2 307.315 -104.997
943 484.978 206.727 2 313.737 -101.151
944 84.9784 216.727 2 315.419 -89.1615
945 94.9784 216.727 2 309.318 -90.1735
946 104.978 216.727 2 303.424 -116.41
947 114.978 216.727 2 297.749 -137.985
948 124.978 216.727 2 292.306 -250
949 134.978 216.727 2 287.109 -88.8793
950 144.978 216.727 2 282.17 -93.8416
951 154.978 216.727 2 277.504 -86.0167
952 164.978 216.727 2 273.124 -88.7137
953 174.978 216.727 2 269.045 -90.4178
954 184.978 216.727 2 265.28 -87.6576
955 194.978 216.727 2 261.844 -89.1801
956 204.978 216.727 2 258.748 -88.8042
957 214.978 216.727 2 256.006 -96.0233
958 224.978 216.727 2 253.629 -109.002
959 234.978 216.727 2 251.627 -109.406
960 244.978 216.727 2 250.009 -95.8394
961 254.978 216.727 2 248.783 -96.1116
962 264.978 216.727 2 247.955 -99.5063
963 274.978 216.727 2 247.528 -87.3691
964 284.978 216.727 2 247.505 -90.9921
965 294.978 216.727 2 247.885 -250
966 304.978 216.727 2 248.667 -250
967 314.978 216.727 2 249.848 -250
968 324.978 216.727 2 251.421 -250
969 334.978 216.727 2 253.379 -250
970 344.978 216.727 2 255.714 -250
971 354.978 216.727 2 258.414 -99.6312
972 364.978 216.727 2 261.47 -105.8
973 374.978 216.727 2 264.868 -102.016
974 384.978 216.727 2 268.595 -100.933
975 394.978 216.727 2 272.639 -93.5743
976 404.978 216.727 2 276.984 -104.177
977 414.978 216.727 2 281.618 -91.845
978 424.978 216.727 2 286.526 -250
979 434.978 216.727 2 291.695 -250
980 444.978 216.727 2 297.11 -250
981 454.978 216.727 2 302.759 -250
982 464.978 216.727 2 308.628 -250
983 474.978 216.727 2 314.706 -116.098
984 484.978 216.727 2 320.98 -118.361
985 84.9784 226.727 2 322.933 -89.13
986 94.9784 226.727 2 316.977 -102.509
987 104.978 226.727 2 311.228 -250
988 114.978 226.727 2 305.698 -250
989 124.978 226.727 2 300.399 -250
990 134.978 226.727 2 295.344 -86.7968
991 144.978 226.727 2 290.546 -83.9025
992 154.978 226.727 2 286.016 -90.938
993 164.978 226.727 2 281.769 -89.2685
994 174.978 226.727 2 277.817 -89.4218
995 184.978 226.727 2 274.173 -88.4496
996 194.978 226.727 2 270.849 -88.386
997 204.978 226.727 2 267.858 -88.184
998 214.978 226.727 2 265.21 -96.8247
999 224.978 226.727 2 262.916 -106.995
1000 234.978 226.727 2 260.985 -97.8821
1001 244.978 226.727 2 259.426 -105.412
1002 254.978 226.727 2 258.244 -98.9814
1003 264.978 226.727 2 257.446 -100.648
1004 274.978 226.727 2 257.035 -87.0563
1005 284.978 226.727 2 257.013 -87.6049
1006 294.978 226.727 2 257.379 -250
1007 304.978 226.727 2 258.133 -250
1008 314.978 226.727 2 259.27 -250
1009 324.978 226.727 2 260.786 -250
1010 334.978 226.727 2 262.675 -250
1011 344.978 226.727 2 264.927 -250
1012 354.978 226.727 2 267.535 -117.225
1013 364.978 226.727 2 270.487 -102.221
1014 374.978 226.727 2 273.773 -111.622
1015 384.978 226.727 2 277.381 -95.4252
1016 394.978 226.727 2 281.299 -100.429
1017 404.978 226.727 2 285.512 -96.4216
1018 414.978 226.727 2 290.01 -93.2283
1019 424.978 226.727 2 294.778 -250
1020 434.978 226.727 2 299.805 -250
1021 444.978 226.727 2 305.076 -250
1022 454.978 226.727 2 310.58 -250
1023 464.978 226.727 2 316.304 -250
1024 474.978 226.727 2 322.237 -108.717
1025 484.978 226.727 2 328.367 -110.443
1026 84.9784 236.727 2 330.58 -92.9976
1027 94.9784 236.727 2 324.764 -101.9
1028 104.978 236.727 2 319.155 -108.896
1029 114.978 236.727 2 313.765 -113.683
1030 124.978 236.727 2 308.605 -250
1031 134.978 236.727 2 303.686 -84.8512
1032 144.978 236.727 2 299.021 -90.2
1033 154.978 236.727 2 294.622 -87.807
1034 164.978 236.727 2 290.501 -90.6637
1035 174.978 236.727 2 286.669 -89.737
1036 184.978 236.727 2 283.139 -87.9988
1037 194.978 236.727 2 279.922 -88.7604
1038 204.978 236.727 2 277.028 -89.4746
1039 214.978 236.727 2 274.469 -87.5755
1040 224.978 236.727 2 272.253 -88.1357
1041 234.978 236.727 2 270.389 -87.6622
1042 244.978 236.727 2 268.884 -85.4546
1043 254.978 236.727 2 267.745 -84.9951
1044 264.978 236.727 2 266.975 -84.7169
1045 274.978 236.727 2 266.578 -89.2777
1046 284.978 236.727 2 266.557 -88.7988
1047 294.978 236.727 2 266.91 -250
1048 304.978 236.727 2 267.637 -250
1049 314.978 236.727 2 268.734 -250
1050 324.978 236.727 2 270.197 -250
1051 334.978 236.727 2 272.02 -250
1052 344.978 236.727 2 274.196 -250
1053 354.978 236.727 2 276.716 -112.743
1054 364.978 236.727 2 279.572 -107.961
1055 374.978 236.727 2 282.752 -97.9114
1056 384.978 236.727 2 286.247 -97.2008
1057 394.978 236.727 2 290.045 -92.9967
1058 404.978 236.727 2 294.133 -93.7691
1059 414.978 236.727 2 298.501 -250
1060 424.978 236.727 2 303.136 -250
1061 434.978 236.727 2 308.026 -250
1062 444.978 236.727 2 313.159 -250
1063 454.978 236.727 2 318.523 -250
1064 464.978 236.727 2 324.107 -250
1065 474.978 236.727 2 329.9 -121.446
1066 484.978 236.727 2 335.89 -108.445
1067 84.9784 246.727 2 338.349 -102.969
1068 94.9784 246.727 2 332.669 -101.208
1069 104.978 246.727 2 327.196 -107.729
1070 114.978 246.727 2 321.94 -110.575
1071 124.978 246.727 2 316.913 -99.7601
1072 134.978 246.727 2 312.126 -91.1877
1073 144.978 246.727 2 307.589 -86.2462
1074 154.978 246.727 2 303.314 -88.5301
1075 164.978 246.727 2 299.312 -90.4986
1076 174.978 246.727 2 295.595 -89.8837
1077 184.978 246.727 2 292.172 -87.9964
1078 194.978 246.727 2 289.056 -88.9881
1079 204.978 246.727 2 286.255 -88.3197
1080 214.978 246.727 2 283.778 -89.0356
1081 224.978 246.727 2 281.636 -87.3327
1082 234.978 246.727 2 279.834 -87.0189
1083 244.978 246.727 2 278.38 -86.201
1084 254.978 246.727 2 277.28 -90.9274
1085 264.978 246.727 2 276.537 -85.6734
1086 274.978 246.727 2 276.154 -89.3931
1087 284.978 246.727 2 276.133 -90.3186
1088 294.978 246.727 2 276.474 -101.701
1089 304.978 246.727 2 277.176 -119.292
1090 314.978 246.727 2 278.236 -115.465
1091 324.978 246.727 2 279.649 -113.305
1092 334.978 246.727 2 281.411 -127.452
1093 344.978 246.727 2 283.515 -112.956
1094 354.978 246.727 2 285.953 -116.817
1095 364.978 246.727 2 288.717 -113.525
1096 374.978 246.727 2 291.798 -97.2317
1097 384.978 246.727 2 295.185 -94.3552
1098 394.978 246.727 2 298.869 -95.7623
1099 404.978 246.727 2 302.839 -110.023
1100 414.978 246.727 2 307.083 -111.706
1101 424.978 246.727 2 311.59 -101.594
1102 434.978 246.727 2 316.349 -103.041
1103 444.978 246.727 2 321.349 -120.836
1104 454.978 246.727 2 326.579 -108.583
1105 464.978 246.727 2 332.028 -110.12
1106 474.978 246.727 2 337.684 -113.228
1107 484.978 246.727 2 343.539 -108.006
1108 84.9784 256.727 2 346.233 -102.775
1109 94.9784 256.727 2 340.684 -98.4801
1110 104.978 256.727 2 335.342 -100.448
1111 114.978 256.727 2 330.216 -105.969
1112 124.978 256.727 2 325.317 -90.0224
1113 134.978 256.727 2 320.655 -89.1651
1114 144.978 256.727 2 316.24 -96.7082
1115 154.978 256.727 2 312.084 -89.7105
1116 164.978 256.727 2 308.196 -89.3934
1117 174.978 256.727 2 304.587 -91.6052
1118 184.978 256.727 2 301.267 -88.9311
1119 194.978 256.727 2 298.245 -91.5568
1120 204.978 256.727 2 295.531 -88.6903
1121 214.978 256.727 2 293.133 -90.5935
1122 224.978 256.727 2 291.06 -90.8321
1123 234.978 256.727 2 289.317 -89.7037
1124 244.978 256.727 2 287.911 -87.3837
1125 254.978 256.727 2 286.847 -86.1051
1126 264.978 256.727 2 286.129 -86.5746
1127 274.978 256.727 2 285.759 -89.3303
1128 284.978 256.727 2 285.739 -90.4823
1129 294.978 256.727 2 286.068 -105.786
1130 304.978 256.727 2 286.747 -125.687
1131 314.978 256.727 2 287.771 -123.112
1132 324.978 256.727 2 289.138 -123.133
1133 334.978 256.727 2 290.842 -110.984
1134 344.978 256.727 2 292.878 -113.855
1135 354.978 256.727 2 295.239 -111.399
1136 364.978 256.727 2 297.917 -111.778
1137 374.978 256.727 2 300.904 -99.6353
1138 384.978 256.727 2 304.19 -94.4072
1139 394.978 256.727 2 307.766 -94.8729
1140 404.978 256.727 2 311.622 -109.048
1141 414.978 256.727 2 315.748 -105.714
1142 424.978 256.727 2 320.133 -113.99
1143 434.978 256.727 2 324.767 -112.958
1144 444.978 256.727 2 329.64 -119.089
1145 454.978 256.727 2 334.74 -125.454
1146 464.978 256.727 2 340.058 -108.751
1147 474.978 256.727 2 345.583 -113.731
1148 484.978 256.727 2 351.306 -117.221
1149 84.9784 266.727 2 354.223 -101.969
1150 94.9784 266.727 2 348.801 -99.5189
1151 104.978 266.727 2 343.585 -105.325
1152 114.978 266.727 2 338.584 -103.944
1153 124.978 266.727 2 333.808 -103.015
1154 134.978 266.727 2 329.266 -250
1155 144.978 266.727 2 324.969 -250
1156 154.978 266.727 2 320.926 -250
1157 164.978 266.727 2 317.146 -250
1158 174.978 266.727 2 313.64 -87.0222
1159 184.978 266.727 2 310.417 -88.0874
1160 194.978 266.727 2 307.485 -88.7738
1161 204.978 266.727 2 304.854 -89.0529
1162 214.978 266.727 2 302.53 -91.5038
1163 224.978 266.727 2 300.521 -91.5096
1164 234.978 266.727 2 298.833 -90.4489
1165 244.978 266.727 2 297.472 -250
1166 254.978 266.727 2 296.443 -250
1167 264.978 266.727 2 295.748 -250
1168 274.978 266.727 2 295.39 -88.1144
1169 284.978 266.727 2 295.37 -88.85
1170 294.978 266.727 2 295.689 -250
1171 304.978 266.727 2 296.345 -250
1172 314.978 266.727 2 297.337 -250
1173 324.978 266.727 2 298.66 -250
1174 334.978 266.727 2 300.31 -250
1175 344.978 266.727 2 302.282 -250
1176 354.978 266.727 2 304.57 -250
1177 364.978 266.727 2 307.167 -250
1178 374.978 266.727 2 310.064 -250
1179 384.978 266.727 2 313.255 -250
1180 394.978 266.727 2 316.728 -250
1181 404.978 266.727 2 320.477 -250
1182 414.978 266.727 2 324.49 -250
1183 424.978 266.727 2 328.759 -250
1184 434.978 266.727 2 333.273 -250
1185 444.978 266.727 2 338.023 -250
1186 454.978 266.727 2 342.998 -250
1187 464.978 266.727 2 348.19 -250
1188 474.978 266.727 2 353.588 -102.631
1189 484.978 266.727 2 359.184 -116.47
1190 84.9784 276.727 2 362.313 -108.18
1191 94.9784 276.727 2 357.015 -97.6878
1192 104.978 276.727 2 351.92 -97.2097
1193 114.978 276.727 2 347.04 -93.1839
1194 124.978 276.727 2 342.381 -115.756
1195 134.978 276.727 2 337.955 -250
1196 144.978 276.727 2 333.769 -250
1197 154.978 276.727 2 329.834 -250
1198 164.978 276.727 2 326.158 -250
1199 174.978 276.727 2 322.75 -84.5094
1200 184.978 276.727 2 319.618 -91.3795
1201 194.978 276.727 2 316.772 -89.8631
1202 204.978 276.727 2 314.218 -88.3767
1203 214.978 276.727 2 311.964 -89.9988
1204 224.978 276.727 2 310.016 -91.976
1205 234.978 276.727 2 308.38 -89.6466
1206 244.978 276.727 2 307.061 -250
1207 254.978 276.727 2 306.064 -250
1208 264.978 276.727 2 305.391 -250
1209 274.978 276.727 2 305.045 -92.3528
1210 284.978 276.727 2 305.026 -88.3884
1211 294.978 276.727 2 305.334 -250
1212 304.978 276.727 2 305.97 -250
1213 314.978 276.727 2 306.93 -250
1214 324.978 276.727 2 308.212 -250
1215 334.978 276.727 2 309.811 -250
1216 344.978 276.727 2 311.723 -250
1217 354.978 276.727 2 313.943 -250
1218 364.978 276.727 2 316.462 -250
1219 374.978 276.727 2 319.276 -250
1220 384.978 276.727 2 322.375 -250
1221 394.978 276.727 2 325.751 -250
1222 404.978 276.727 2 329.397 -250
1223 414.978 276.727 2 333.303 -250
1224 424.978 276.727 2 337.46 -250
1225 434.978 276.727 2 341.859 -250
1226 444.978 276.727 2 346.491 -250
1227 454.978 276.727 2 351.347 -250
1228 464.978 276.727 2 356.417 -250
1229 474.978 276.727 2 361.693 -103.377
1230 484.978 276.727 2 367.165 -102.471
1231 84.9784 286.727 2 370.497 -98.2111
1232 94.9784 286.727 2 365.317 -105.636
1233 104.978 286.727 2 360.34 -95.6428
1234 114.978 286.727 2 355.575 -101.111
1235 124.978 286.727 2 351.03 -119.022
1236 134.978 286.727 2 346.714 -250
1237 144.978 286.727 2 342.635 -250
1238 154.978 286.727 2 338.803 -250
1239 164.978 286.727 2 335.225 -250
1240 174.978 286.727 2 331.91 -89.7406
1241 184.978 286.727 2 328.866 -93.6619
1242 194.978 286.727 2 326.1 -90.9246
1243 204.978 286.727 2 323.62 -89.7114
1244 214.978 286.727 2 321.432 -90.7601
1245 224.978 286.727 2 319.541 -88.4316
1246 234.978 286.727 2 317.955 -87.3182
1247 244.978 286.727 2 316.676 -250
1248 254.978 286.727 2 315.709 -250
1249 264.978 286.727 2 315.057 -250
1250 274.978 286.727 2 314.721 -87.8025
1251 284.978 286.727 2 314.702 -91.5186
1252 294.978 286.727 2 315.002 -250
1253 304.978 286.727 2 315.618 -250
1254 314.978 286.727 2 316.549 -250
1255 324.978 286.727 2 317.792 -250
1256 334.978 286.727 2 319.343 -250
1257 344.978 286.727 2 321.199 -250
1258 354.978 286.727 2 323.353 -250
1259 364.978 286.727 2 325.8 -250
1260 374.978 286.727 2 328.533 -250
1261 384.978 286.727 2 331.546 -250
1262 394.978 286.727 2 334.83 -250
1263 404.978 286.727 2 338.378 -250
1264 414.978 286.727 2 342.181 -250
1265 424.978 286.727 2 346.232 -250
1266 434.978 286.727 2 350.521 -250
1267 444.978 286.727 2 355.04 -250
1268 454.978 286.727 2 359.78 -250
1269 464.978 286.727 2 364.733 -250
1270 474.978 286.727 2 369.89 -104.045
1271 484.978 286.727 2 375.243 -104.831
1272 84.9784 296.727 2 378.768 -91.7103
1273 94.9784 296.727 2 373.702 -96.4996
1274 104.978 296.727 2 368.839 -89.8198
1275 114.978 296.727 2 364.185 -107.243
1276 124.978 296.727 2 359.748 -122.923
1277 134.978 296.727 2 355.538 -250
1278 144.978 296.727 2 351.562 -250
1279 154.978 296.727 2 347.828 -250
1280 164.978 296.727 2 344.344 -250
1281 174.978 296.727 2 341.118 -93.329
1282 184.978 296.727 2 338.157 -93.2897
1283 194.978 296.727 2 335.467 -90.2163
1284 204.978 296.727 2 333.057 -90.4522
1285 214.978 296.727 2 330.931 -91.2836
1286 224.978 296.727 2 329.095 -90.3655
1287 234.978 296.727 2 327.555 -90.1078
1288 244.978 296.727 2 326.314 -250
1289 254.978 296.727 2 325.376 -250
1290 264.978 296.727 2 324.743 -250
1291 274.978 296.727 2 324.417 -90.6237
1292 284.978 296.727 2 324.399 -87.8505
1293 294.978 296.727 2 324.689 -250
1294 304.978 296.727 2 325.287 -250
1295 314.978 296.727 2 326.19 -250
1296 324.978 296.727 2 327.397 -112.584
1297 334.978 296.727 2 328.903 -130.254
1298 344.978 296.727 2 330.705 -127.632
1299 354.978 296.727 2 332.797 -129.907
1300 364.978 296.727 2 335.175 -100.919
1301 374.978 296.727 2 337.833 -127.761
1302 384.978 296.727 2 340.763 -126.813
1303 394.978 296.727 2 343.959 -135.306
1304 404.978 296.727 2 347.414 -134.464
1305 414.978 296.727 2 351.12 -132.327
1306 424.978 296.727 2 355.068 -134.801
1307 434.978 296.727 2 359.252 -250
1308 444.978 296.727 2 363.662 -250
1309 454.978 296.727 2 368.292 -250
1310 464.978 296.727 2 373.132 -250
1311 474.978 296.727 2 378.174 -109.222
1312 484.978 296.727 2 383.411 -107.179
1313 84.9784 306.727 2 387.12 -91.6183
1314 94.9784 306.727 2 382.166 -90.6081
1315 104.978 306.727 2 377.411 -100.044
1316 114.978 306.727 2 372.864 -117.031
1317 124.978 306.727 2 368.532 -113.222
1318 134.978 306.727 2 364.423 -250
1319 144.978 306.727 2 360.545 -250
1320 154.978 306.727 2 356.905 -250
1321 164.978 306.727 2 353.511 -250
1322 174.978 306.727 2 350.369 -86.3225
1323 184.978 306.727 2 347.487 -89.6752
1324 194.978 306.727 2 344.87 -89.9104
1325 204.978 306.727 2 342.526 -89.1442
1326 214.978 306.727 2 340.459 -91.5202
1327 224.978 306.727 2 338.675 -90.0894
1328 234.978 306.727 2 337.178 -97.7889
1329 244.978 306.727 2 335.973 -250
1330 254.978 306.727 2 335.062 -250
1331 264.978 306.727 2 334.447 -250
1332 274.978 306.727 2 334.131 -94.0667
1333 284.978 306.727 2 334.113 -89.0374
1334 294.978 306.727 2 334.395 -250
1335 304.978 306.727 2 334.976 -250
1336 314.978 306.727 2 335.853 -250
1337 324.978 306.727 2 337.025 -97.3153
1338 334.978 306.727 2 338.488 -250
1339 344.978 306.727 2 340.239 -250
1340 354.978 306.727 2 342.273 -250
1341 364.978 306.727 2 344.586 -99.9522
1342 374.978 306.727 2 347.171 -250
1343 384.978 306.727 2 350.024 -250
1344 394.978 306.727 2 353.136 -250
1345 404.978 306.727 2 356.502 -250
1346 414.978 306.727 2 360.114 -250
1347 424.978 306.727 2 363.965 -250
1348 434.978 306.727 2 368.047 -250
1349 444.978 306.727 2 372.354 -250
1350 454.978 306.727 2 376.876 -250
1351 464.978 306.727 2 381.608 -250
1352 474.978 306.727 2 386.54 -109.684
1353 484.978 306.727 2 391.665 -115.127
1354 84.9784 316.727 2 395.549 -88.4443
1355 94.9784 316.727 2 390.701 -91.7182
1356 104.978 316.727 2 386.052 -113.548
1357 114.978 316.727 2 381.608 -117.576
1358 124.978 316.727 2 377.376 -110.094
1359 134.978 316.727 2 373.365 -250
1360 144.978 316.727 2 369.581 -250
1361 154.978 316.727 2 366.031 -250
1362 164.978 316.727 2 362.722 -250
1363 174.978 316.727 2 359.66 -88.7591
1364 184.978 316.727 2 356.853 -91.437
1365 194.978 316.727 2 354.305 -95.2173
1366 204.978 316.727 2 352.024 -89.043
1367 214.978 316.727 2 350.013 -90.5587
1368 224.978 316.727 2 348.278 -90.3165
1369 234.978 316.727 2 346.823 -100.233
1370 244.978 316.727 2 345.651 -250
1371 254.978 316.727 2 344.766 -250
1372 264.978 316.727 2 344.168 -250
1373 274.978 316.727 2 343.861 -92.8042
1374 284.978 316.727 2 343.844 -94.949
1375 294.978 316.727 2 344.118 -250
1376 304.978 316.727 2 344.682 -250
1377 314.978 316.727 2 345.535 -250
1378 324.978 316.727 2 346.674 -99.5167
1379 334.978 316.727 2 348.096 -250
1380 344.978 316.727 2 349.799 -250
1381 354.978 316.727 2 351.778 -250
1382 364.978 316.727 2 354.029 -101.292
1383 374.978 316.727 2 356.546 -250
1384 384.978 316.727 2 359.324 -250
1385 394.978 316.727 2 362.356 -250
1386 404.978 316.727 2 365.637 -250
1387 414.978 316.727 2 369.16 -250
1388 424.978 316.727 2 372.918 -250
1389 434.978 316.727 2 376.903 -250
1390 444.978 316.727 2 381.109 -250
1391 454.978 316.727 2 385.529 -250
1392 464.978 316.727 2 390.156 -250
1393 474.978 316.727 2 394.981 -107.678
1394 484.978 316.727 2 399.998 -113.432
1395 84.9784 326.727 2 404.05 -91.9197
1396 94.9784 326.727 2 399.305 -92.3512
1397 104.978 326.727 2 394.757 -106.306
1398 114.978 326.727 2 390.412 -118.294
1399 124.978 326.727 2 386.277 -112.587
1400 134.978 326.727 2 382.359 -117.393
1401 144.978 326.727 2 378.665 -118.795
1402 154.978 326.727 2 375.201 -114.459
1403 164.978 326.727 2 371.973 -95.0284
1404 174.978 326.727 2 368.988 -88.417
1405 184.978 326.727 2 366.253 -87.7806
1406 194.978 326.727 2 363.771 -90.202
1407 204.978 326.727 2 361.549 -95.3504
1408 214.978 326.727 2 359.592 -91.2797
1409 224.978 326.727 2 357.903 -91.5762
1410 234.978 326.727 2 356.487 -95.0284
1411 244.978 326.727 2 355.347 -113.238
1412 254.978 326.727 2 354.486 -119.398
1413 264.978 326.727 2 353.905 -119.14
1414 274.978 326.727 2 353.606 -95.5783
1415 284.978 326.727 2 353.59 -90.2238
1416 294.978 326.727 2 353.856 -99.5977
1417 304.978 326.727 2 354.405 -103.582
1418 314.978 326.727 2 355.234 -98.8166
1419 324.978 326.727 2 356.342 -102.529
1420 334.978 326.727 2 357.726 -102.06
1421 344.978 326.727 2 359.384 -106.571
1422 354.978 326.727 2 361.31 -99.7362
1423 364.978 326.727 2 363.502 -101.846
1424 374.978 326.727 2 365.954 -98.4684
1425 384.978 326.727 2 368.66 -101.608
1426 394.978 326.727 2 371.617 -119.067
1427 404.978 326.727 2 374.817 -124.04
1428 414.978 326.727 2 378.254 -122.262
1429 424.978 326.727 2 381.922 -123.207
1430 434.978 326.727 2 385.815 -120.692
1431 444.978 326.727 2 389.925 -116.45
1432 454.978 326.727 2 394.246 -118.078
1433 464.978 326.727 2 398.771 -117.948
1434 474.978 326.727 2 403.493 -101.077
1435 484.978 326.727 2 408.406 -110.116
1436 84.9784 336.727 2 412.617 -93.3879
1437 94.9784 336.727 2 407.973 -94.791
1438 104.978 336.727 2 403.522 -109.239
1439 114.978 336.727 2 399.273 -120.545
1440 124.978 336.727 2 395.23 -114.044
1441 134.978 336.727 2 391.402 -129.318
1442 144.978 336.727 2 387.794 -115.462
1443 154.978 336.727 2 384.412 -110.423
1444 164.978 336.727 2 381.262 -107.561
1445 174.978 336.727 2 378.351 -94.5502
1446 184.978 336.727 2 375.683 -86.8995
1447 194.978 336.727 2 373.265 -87.9634
1448 204.978 336.727 2 371.1 -89.4401
1449 214.978 336.727 2 369.193 -95.0233
1450 224.978 336.727 2 367.548 -89.6396
1451 234.978 336.727 2 366.17 -115.302
1452 244.978 336.727 2 365.06 -126.616
1453 254.978 336.727 2 364.222 -119.182
1454 264.978 336.727 2 363.656 -116.334
1455 274.978 336.727 2 363.365 -96.8471
1456 284.978 336.727 2 363.349 -89.6546
1457 294.978 336.727 2 363.609 -100.537
1458 304.978 336.727 2 364.142 -107.395
1459 314.978 336.727 2 364.95 -100.358
1460 324.978 336.727 2 366.028 -102.746
1461 334.978 336.727 2 367.376 -100.294
1462 344.978 336.727 2 368.99 -102.041
1463 354.978 336.727 2 370.867 -109.487
1464 364.978 336.727 2 373.002 -113.162
1465 374.978 336.727 2 375.392 -94.8193
1466 384.978 336.727 2 378.031 -107.528
1467 394.978 336.727 2 380.915 -120.013
1468 404.978 336.727 2 384.037 -119.73
1469 414.978 336.727 2 387.393 -115.104
1470 424.978 336.727 2 390.975 -117.84
1471 434.978 336.727 2 394.778 -120.204
1472 444.978 336.727 2 398.796 -114.568
1473 454.978 336.727 2 403.022 -123.491
1474 464.978 336.727 2 407.45 -115.982
1475 474.978 336.727 2 412.073 -106.848
1476 484.978 336.727 2 416.884 -122.303
1477 84.9784 346.727 2 421.248 -94.2284
1478 94.9784 346.727 2 416.7 -93.3256
1479 104.978 346.727 2 412.343 -108.427
1480 114.978 346.727 2 408.186 -250
1481 124.978 346.727 2 404.233 -250
1482 134.978 346.727 2 400.49 -250
1483 144.978 346.727 2 396.965 -250
1484 154.978 346.727 2 393.662 -250
1485 164.978 346.727 2 390.587 -250
1486 174.978 346.727 2 387.745 -250
1487 184.978 346.727 2 385.143 -92.6304
1488 194.978 346.727 2 382.784 -93.0476
1489 204.978 346.727 2 380.673 -92.3573
1490 214.978 346.727 2 378.814 -94.0853
1491 224.978 346.727 2 377.212 -92.7474
1492 234.978 346.727 2 375.869 -99.0555
1493 244.978 346.727 2 374.788 -250
1494 254.978 346.727 2 373.971 -250
1495 264.978 346.727 2 373.42 -250
1496 274.978 346.727 2 373.137 -96.3111
1497 284.978 346.727 2 373.122 -89.1134
1498 294.978 346.727 2 373.374 -100.361
1499 304.978 346.727 2 373.894 -105.731
1500 314.978 346.727 2 374.68 -106.476
1501 324.978 346.727 2 375.731 -97.68
1502 334.978 346.727 2 377.044 -100.508
1503 344.978 346.727 2 378.617 -101.073
1504 354.978 346.727 2 380.446 -99.6339
1505 364.978 346.727 2 382.528 -105.788
1506 374.978 346.727 2 384.859 -98.6338
1507 384.978 346.727 2 387.433 -250
1508 394.978 346.727 2 390.247 -250
1509 404.978 346.727 2 393.296 -250
1510 414.978 346.727 2 396.573 -250
1511 424.978 346.727 2 400.073 -250
1512 434.978 346.727 2 403.791 -250
1513 444.978 346.727 2 407.72 -113.172
1514 454.978 346.727 2 411.854 -250
1515 464.978 346.727 2 416.188 -250
1516 474.978 346.727 2 420.715 -121.956
1517 484.978 346.727 2 425.429 -103.602
1518 84.9784 356.727 2 429.939 -94.4594
1519 94.9784 356.727 2 425.483 -93.2204
1520 104.978 356.727 2 421.217 -250
1521 114.978 356.727 2 417.148 -250
1522 124.978 356.727 2 413.281 -250
1523 134.978 356.727 2 409.621 -250
1524 144.978 356.727 2 406.175 -250
1525 154.978 356.727 2 402.947 -250
1526 164.978 356.727 2 399.944 -250
1527 174.978 356.727 2 397.169 -250
1528 184.978 356.727 2 394.629 -88.7755
1529 194.978 356.727 2 392.327 -92.6477
1530 204.978 356.727 2 390.268 -91.6925
1531 214.978 356.727 2 388.455 -89.5187
1532 224.978 356.727 2 386.893 -96.976
1533 234.978 356.727 2 385.583 -101.747
1534 244.978 356.727 2 384.529 -250
1535 254.978 356.727 2 383.733 -250
1536 264.978 356.727 2 383.197 -250
1537 274.978 356.727 2 382.921 -94.4431
1538 284.978 356.727 2 382.906 -89.7616
1539 294.978 356.727 2 383.152 -114.249
1540 304.978 356.727 2 383.658 -107.001
1541 314.978 356.727 2 384.425 -108.207
1542 324.978 356.727 2 385.449 -101.404
1543 334.978 356.727 2 386.729 -97.4338
1544 344.978 356.727 2 388.262 -107.362
1545 354.978 356.727 2 390.046 -102.232
1546 364.978 356.727 2 392.077 -100.992
1547 374.978 356.727 2 394.352 -98.4814
1548 384.978 356.727 2 396.865 -96.7981
1549 394.978 356.727 2 399.612 -250
1550 404.978 356.727 2 402.59 -250
1551 414.978 356.727 2 405.792 -250
1552 424.978 356.727 2 409.213 -250
1553 434.978 356.727 2 412.849 -250
1554 444.978 356.727 2 416.692 -109.161
1555 454.978 356.727 2 420.739 -250
1556 464.978 356.727 2 424.982 -250
1557 474.978 356.727 2 429.416 -127.361
1558 484.978 356.727 2 434.035 -112.779
1559 84.9784 366.727 2 438.685 -93.8777
1560 94.9784 366.727 2 434.319 -92.0181
1561 104.978 366.727 2 430.141 -250
1562 114.978 366.727 2 426.157 -250
1563 124.978 366.727 2 422.372 -250
1564 134.978 366.727 2 418.792 -250
1565 144.978 366.727 2 415.422 -250
1566 154.978 366.727 2 412.266 -250
1567 164.978 366.727 2 409.331 -250
1568 174.978 366.727 2 406.621 -250
1569 184.978 366.727 2 404.14 -100.036
1570 194.978 366.727 2 401.892 -250
1571 204.978 366.727 2 399.882 -250
1572 214.978 366.727 2 398.114 -250
1573 224.978 366.727 2 396.589 -250
1574 234.978 366.727 2 395.312 -250
1575 244.978 366.727 2 394.284 -250
1576 254.978 366.727 2 393.508 -250
1577 264.978 366.727 2 392.985 -250
1578 274.978 366.727 2 392.715 -92.8129
1579 284.978 366.727 2 392.701 -92.3374
1580 294.978 366.727 2 392.941 -103.4
1581 304.978 366.727 2 393.435 -96.554
1582 314.978 366.727 2 394.182 -105.719
1583 324.978 366.727 2 395.181 -96.4108
1584 334.978 366.727 2 396.429 -94.6968
1585 344.978 366.727 2 397.925 -99.2426
1586 354.978 366.727 2 399.666 -102.753
1587 364.978 366.727 2 401.649 -98.8957
1588 374.978 366.727 2 403.869 -98.6217
1589 384.978 366.727 2 406.323 -107.393
1590 394.978 366.727 2 409.007 -250
1591 404.978 366.727 2 411.917 -250
1592 414.978 366.727 2 415.047 -250
1593 424.978 366.727 2 418.393 -250
1594 434.978 366.727 2 421.949 -250
1595 444.978 366.727 2 425.711 -116.33
1596 454.978 366.727 2 429.672 -250
1597 464.978 366.727 2 433.828 -250
1598 474.978 366.727 2 438.172 -108.466
1599 484.978 366.727 2 442.7 -98.7481
1600 84.9784 376.727 2 447.483 -92.4062
1601 94.9784 376.727 2 443.204 -116.782
1602 104.978 376.727 2 439.111 -250
1603 114.978 376.727 2 435.209 -250
1604 124.978 376.727 2 431.503 -250
1605 134.978 376.727 2 428 -250
1606 144.978 376.727 2 424.702 -250
1607 154.978 376.727 2 421.617 -250
1608 164.978 376.727 2 418.747 -250
1609 174.978 376.727 2 416.098 -250
1610 184.978 376.727 2 413.674 -96.311
1611 194.978 376.727 2 411.478 -250
1612 204.978 376.727 2 409.516 -250
1613 214.978 376.727 2 407.788 -250
1614 224.978 376.727 2 406.3 -250
1615 234.978 376.727 2 405.054 -250
1616 244.978 376.727 2 404.051 -250
1617 254.978 376.727 2 403.293 -250
1618 264.978 376.727 2 402.783 -250
1619 274.978 376.727 2 402.52 -93.9625
1620 284.978 376.727 2 402.506 -92.4032
1621 294.978 376.727 2 402.74 -95.0722
1622 304.978 376.727 2 403.222 -91.797
1623 314.978 376.727 2 403.951 -94.8315
1624 324.978 376.727 2 404.926 -89.6849
1625 334.978 376.727 2 406.144 -90.5011
1626 344.978 376.727 2 407.605 -97.8135
1627 354.978 376.727 2 409.305 -90.8821
1628 364.978 376.727 2 411.24 -98.091
1629 374.978 376.727 2 413.409 -106.403
1630 384.978 376.727 2 415.807 -250
1631 394.978 376.727 2 418.431 -250
1632 404.978 376.727 2 421.275 -250
1633 414.978 376.727 2 424.336 -250
1634 424.978 376.727 2 427.609 -250
1635 434.978 376.727 2 431.089 -250
1636 444.978 376.727 2 434.772 -250
1637 454.978 376.727 2 438.651 -250
1638 464.978 376.727 2 442.723 -250
1639 474.978 376.727 2 446.981 -116.77
1640 484.978 376.727 2 451.421 -104.079
1641 84.9784 386.727 2 456.331 -92.4015
1642 94.9784 386.727 2 452.136 -113.31
1643 104.978 386.727 2 448.124 -129.542
1644 114.978 386.727 2 444.301 -250
1645 124.978 386.727 2 440.672 -250
1646 134.978 386.727 2 437.242 -250
1647 144.978 386.727 2 434.015 -250
1648 154.978 386.727 2 430.996 -250
1649 164.978 386.727 2 428.189 -250
1650 174.978 386.727 2 425.599 -250
1651 184.978 386.727 2 423.229 -106.163
1652 194.978 386.727 2 421.084 -250
1653 204.978 386.727 2 419.166 -250
1654 214.978 386.727 2 417.479 -250
1655 224.978 386.727 2 416.025 -250
1656 234.978 386.727 2 414.808 -250
1657 244.978 386.727 2 413.828 -250
1658 254.978 386.727 2 413.089 -250
1659 264.978 386.727 2 412.59 -250
1660 274.978 386.727 2 412.334 -94.6377
1661 284.978 386.727 2 412.32 -93.0311
1662 294.978 386.727 2 412.549 -91.3476
1663 304.978 386.727 2 413.019 -87.3913
1664 314.978 386.727 2 413.731 -88.7264
1665 324.978 386.727 2 414.683 -89.8481
1666 334.978 386.727 2 415.873 -91.2843
1667 344.978 386.727 2 417.299 -88.4167
1668 354.978 386.727 2 418.96 -91.1757
1669 364.978 386.727 2 420.851 -89.7977
1670 374.978 386.727 2 422.971 -90.8338
1671 384.978 386.727 2 425.315 -250
1672 394.978 386.727 2 427.88 -250
1673 404.978 386.727 2 430.662 -250
1674 414.978 386.727 2 433.657 -250
1675 424.978 386.727 2 436.86 -250
1676 434.978 386.727 2 440.267 -250
1677 444.978 386.727 2 443.873 -250
1678 454.978 386.727 2 447.674 -250
1679 464.978 386.727 2 451.664 -250
1680 474.978 386.727 2 455.839 -105.879
1681 484.978 386.727 2 460.193 -103.598
1682 84.9784 396.727 2 465.226 -112.835
1683 94.9784 396.727 2 461.111 -129.22
1684 104.978 396.727 2 457.179 -127.65
1685 114.978 396.727 2 453.432 -127.517
1686 124.978 396.727 2 449.877 -132.828
1687 134.978 396.727 2 446.517 -131.811
1688 144.978 396.727 2 443.358 -116.617
1689 154.978 396.727 2 440.403 -124.136
1690 164.978 396.727 2 437.656 -110.227
1691 174.978 396.727 2 435.122 -101.127
1692 184.978 396.727 2 432.805 -95.1211
1693 194.978 396.727 2 430.707 -101.091
1694 204.978 396.727 2 428.832 -106.183
1695 214.978 396.727 2 427.183 -115.556
1696 224.978 396.727 2 425.763 -118.16
1697 234.978 396.727 2 424.573 -98.694
1698 244.978 396.727 2 423.616 -250
1699 254.978 396.727 2 422.894 -250
1700 264.978 396.727 2 422.407 -250
1701 274.978 396.727 2 422.157 -95.213
1702 284.978 396.727 2 422.143 -93.6543
1703 294.978 396.727 2 422.366 -94.1161
1704 304.978 396.727 2 422.826 -96.3939
1705 314.978 396.727 2 423.521 -91.4771
1706 324.978 396.727 2 424.451 -92.1088
1707 334.978 396.727 2 425.614 -97.8414
1708 344.978 396.727 2 427.008 -91.5946
1709 354.978 396.727 2 428.631 -96.6266
1710 364.978 396.727 2 430.48 -90.8646
1711 374.978 396.727 2 432.552 -88.6761
1712 384.978 396.727 2 434.844 -250
1713 394.978 396.727 2 437.354 -250
1714 404.978 396.727 2 440.076 -250
1715 414.978 396.727 2 443.007 -250
1716 424.978 396.727 2 446.143 -250
1717 434.978 396.727 2 449.48 -250
1718 444.978 396.727 2 453.013 -250
1719 454.978 396.727 2 456.737 -250
1720 464.978 396.727 2 460.649 -250
1721 474.978 396.727 2 464.743 -99.4596
1722 484.978 396.727 2 469.014 -96.0497
1723 84.9784 406.727 2 474.165 -124.029
1724 94.9784 406.727 2 470.128 -138.643
1725 104.978 406.727 2 466.272 -127.967
1726 114.978 406.727 2 462.599 -140.043
1727 124.978 406.727 2 459.115 -144.165
1728 134.978 406.727 2 455.823 -124.696
1729 144.978 406.727 2 452.729 -132.61
1730 154.978 406.727 2 449.835 -126.425
1731 164.978 406.727 2 447.147 -113.258
1732 174.978 406.727 2 444.667 -101.833
1733 184.978 406.727 2 442.399 -94.3419
1734 194.978 406.727 2 440.347 -95.9329
1735 204.978 406.727 2 438.513 -106.9
1736 214.978 406.727 2 436.901 -104.614
1737 224.978 406.727 2 435.512 -135.106
1738 234.978 406.727 2 434.349 -97.2976
1739 244.978 406.727 2 433.414 -112.089
1740 254.978 406.727 2 432.708 -108.911
1741 264.978 406.727 2 432.232 -112.725
1742 274.978 406.727 2 431.988 -95.4226
1743 284.978 406.727 2 431.974 -94.4681
1744 294.978 406.727 2 432.193 -95.3843
1745 304.978 406.727 2 432.642 -100.678
1746 314.978 406.727 2 433.321 -91.7648
1747 324.978 406.727 2 434.23 -93.6949
1748 334.978 406.727 2 435.367 -96.5773
1749 344.978 406.727 2 436.73 -99.7494
1750 354.978 406.727 2 438.316 -95.1224
1751 364.978 406.727 2 440.125 -97.0423
1752 374.978 406.727 2 442.152 -93.0907
1753 384.978 406.727 2 444.395 -111.776
1754 394.978 406.727 2 446.85 -119.137
1755 404.978 406.727 2 449.515 -112.375
1756 414.978 406.727 2 452.385 -111.699
1757 424.978 406.727 2 455.457 -115.109
1758 434.978 406.727 2 458.726 -127.963
1759 444.978 406.727 2 462.188 -121.992
1760 454.978 406.727 2 465.839 -109.826
1761 464.978 406.727 2 469.675 -96.6082
1762 474.978 406.727 2 473.691 -98.6389
1763 484.978 406.727 2 477.882 -103.001
1764 84.9784 416.727 2 483.145 -126.303
1765 94.9784 416.727 2 479.184 -127.695
1766 104.978 416.727 2 475.401 -134.009
1767 114.978 416.727 2 471.799 -250
1768 124.978 416.727 2 468.384 -250
1769 134.978 416.727 2 465.158 -250
1770 144.978 416.727 2 462.126 -250
1771 154.978 416.727 2 459.291 -114.575
1772 164.978 416.727 2 456.659 -112.777
1773 174.978 416.727 2 454.231 -99.5791
1774 184.978 416.727 2 452.011 -90.801
1775 194.978 416.727 2 450.003 -122.702
1776 204.978 416.727 2 448.209 -106.679
1777 214.978 416.727 2 446.631 -109.254
1778 224.978 416.727 2 445.273 -121.965
1779 234.978 416.727 2 444.136 -90.9016
1780 244.978 416.727 2 443.221 -111.814
1781 254.978 416.727 2 442.531 -109.816
1782 264.978 416.727 2 442.066 -108.688
1783 274.978 416.727 2 441.826 -95.0038
1784 284.978 416.727 2 441.813 -93.8274
1785 294.978 416.727 2 442.026 -92.655
1786 304.978 416.727 2 442.466 -93.3082
1787 314.978 416.727 2 443.13 -89.6525
1788 324.978 416.727 2 444.019 -93.1526
1789 334.978 416.727 2 445.131 -97.0449
1790 344.978 416.727 2 446.464 -90.6415
1791 354.978 416.727 2 448.016 -91.858
1792 364.978 416.727 2 449.785 -91.4769
1793 374.978 416.727 2 451.769 -89.528
1794 384.978 416.727 2 453.964 -111.074
1795 394.978 416.727 2 456.368 -106.684
1796 404.978 416.727 2 458.978 -116.374
1797 414.978 416.727 2 461.789 -106.969
1798 424.978 416.727 2 464.799 -112.702
1799 434.978 416.727 2 468.002 -114.946
1800 444.978 416.727 2 471.396 -120.565
1801 454.978 416.727 2 474.977 -121.154
1802 464.978 416.727 2 478.74 -96.8259
1803 474.978 416.727 2 482.68 -107.24
1804 484.978 416.727 2 486.794 -106.899
1805 84.9784 426.727 2 492.165 -117.017
1806 94.9784 426.727 2 488.277 -140.691
1807 104.978 426.727 2 484.565 -129.148
1808 114.978 426.727 2 481.032 -250
1809 124.978 426.727 2 477.682 -250
1810 134.978 426.727 2 474.519 -250
1811 144.978 426.727 2 471.548 -250
1812 154.978 426.727 2 468.77 -110.958
1813 164.978 426.727 2 466.191 -250
1814 174.978 426.727 2 463.813 -250
1815 184.978 426.727 2 461.64 -250
1816 194.978 426.727 2 459.673 -250
1817 204.978 426.727 2 457.917 -250
1818 214.978 426.727 2 456.373 -250
1819 224.978 426.727 2 455.044 -113.924
1820 234.978 426.727 2 453.931 -250
1821 244.978 426.727 2 453.036 -250
1822 254.978 426.727 2 452.361 -250
1823 264.978 426.727 2 451.906 -250
1824 274.978 426.727 2 451.672 -91.5757
1825 284.978 426.727 2 451.659 -92.4747
1826 294.978 426.727 2 451.868 -91.1924
1827 304.978 426.727 2 452.297 -250
1828 314.978 426.727 2 452.947 -250
1829 324.978 426.727 2 453.817 -250
1830 334.978 426.727 2 454.905 -250
1831 344.978 426.727 2 456.209 -250
1832 354.978 426.727 2 457.728 -250
1833 364.978 426.727 2 459.46 -250
1834 374.978 426.727 2 461.402 -250
1835 384.978 426.727 2 463.552 -250
1836 394.978 426.727 2 465.907 -250
1837 404.978 426.727 2 468.463 -250
1838 414.978 426.727 2 471.218 -250
1839 424.978 426.727 2 474.167 -250
1840 434.978 426.727 2 477.308 -250
1841 444.978 426.727 2 480.637 -250
1842 454.978 426.727 2 484.149 -250
1843 464.978 426.727 2 487.841 -107.657
1844 474.978 426.727 2 491.708 -116.157
1845 484.978 426.727 2 495.747 -250
1846 84.9784 436.727 2 501.222 -138.123
1847 94.9784 436.727 2 497.405 -125.274
1848 104.978 436.727 2 493.761 -134.875
1849 114.978 436.727 2 490.295 -250
1850 124.978 436.727 2 487.008 -250
1851 134.978 436.727 2 483.907 -250
1852 144.978 436.727 2 480.993 -250
1853 154.978 436.727 2 478.27 -106.267
1854 164.978 436.727 2 475.743 -250
1855 174.978 436.727 2 473.413 -250
1856 184.978 436.727 2 471.283 -250
1857 194.978 436.727 2 469.358 -250
1858 204.978 436.727 2 467.638 -250
1859 214.978 436.727 2 466.126 -250
1860 224.978 436.727 2 464.825 -107.263
1861 234.978 436.727 2 463.735 -250
1862 244.978 436.727 2 462.86 -250
1863 254.978 436.727 2 462.199 -250
1864 264.978 436.727 2 461.753 -250
1865 274.978 436.727 2 461.524 -92.3842
1866 284.978 436.727 2 461.512 -92.5625
1867 294.978 436.727 2 461.716 -92.4285
1868 304.978 436.727 2 462.136 -250
1869 314.978 436.727 2 462.772 -250
1870 324.978 436.727 2 463.624 -250
1871 334.978 436.727 2 464.688 -250
1872 344.978 436.727 2 465.965 -250
1873 354.978 436.727 2 467.453 -250
1874 364.978 436.727 2 469.149 -250
1875 374.978 436.727 2 471.051 -250
1876 384.978 436.727 2 473.157 -250
1877 394.978 436.727 2 475.464 -250
1878 404.978 436.727 2 477.969 -250
1879 414.978 436.727 2 480.67 -250
1880 424.978 436.727 2 483.561 -250
1881 434.978 436.727 2 486.642 -250
1882 444.978 436.727 2 489.907 -250
1883 454.978 436.727 2 493.353 -250
1884 464.978 436.727 2 496.976 -94.9115
1885 474.978 436.727 2 500.774 -108.233
1886 484.978 436.727 2 504.74 -250
1887 84.9784 446.727 2 510.314 -128.375
1888 94.9784 446.727 2 506.566 -117.583
1889 104.978 446.727 2 502.988 -147.875
1890 114.978 446.727 2 499.586 -250
1891 124.978 446.727 2 496.361 -250
1892 134.978 446.727 2 493.318 -250
1893 144.978 446.727 2 490.46 -250
1894 154.978 446.727 2 487.791 -110.869
1895 164.978 446.727 2 485.312 -250
1896 174.978 446.727 2 483.029 -250
1897 184.978 446.727 2 480.942 -250
1898 194.978 446.727 2 479.055 -250
1899 204.978 446.727 2 477.37 -250
1900 214.978 446.727 2 475.889 -250
1901 224.978 446.727 2 474.615 -101.113
1902 234.978 446.727 2 473.548 -250
1903 244.978 446.727 2 472.69 -250
1904 254.978 446.727 2 472.043 -250
1905 264.978 446.727 2 471.607 -250
1906 274.978 446.727 2 471.383 -90.8062
1907 284.978 446.727 2 471.37 -92.0649
1908 294.978 446.727 2 471.57 -92.7414
1909 304.978 446.727 2 471.982 -250
1910 314.978 446.727 2 472.605 -250
1911 324.978 446.727 2 473.438 -250
1912 334.978 446.727 2 474.481 -250
1913 344.978 446.727 2 475.732 -250
1914 354.978 446.727 2 477.189 -250
1915 364.978 446.727 2 478.851 -250
1916 374.978 446.727 2 480.714 -250
1917 384.978 446.727 2 482.778 -250
1918 394.978 446.727 2 485.039 -250
1919 404.978 446.727 2 487.495 -250
1920 414.978 446.727 2 490.143 -250
1921 424.978 446.727 2 492.979 -250
1922 434.978 446.727 2 496.001 -250
1923 444.978 446.727 2 499.205 -250
1924 454.978 446.727 2 502.587 -250
1925 464.978 446.727 2 506.145 -96.99
1926 474.978 446.727 2 509.874 -103.716
1927 484.978 446.727 2 513.77 -250
1928 84.9784 456.727 2 519.439 -119.019
1929 94.9784 456.727 2 515.758 -116.791
1930 104.978 456.727 2 512.244 -145.247
1931 114.978 456.727 2 508.904 -250
1932 124.978 456.727 2 505.738 -250
1933 134.978 456.727 2 502.752 -250
1934 144.978 456.727 2 499.948 -250
1935 154.978 456.727 2 497.33 -120.05
1936 164.978 456.727 2 494.899 -250
1937 174.978 456.727 2 492.66 -250
1938 184.978 456.727 2 490.614 -250
1939 194.978 456.727 2 488.764 -250
1940 204.978 456.727 2 487.113 -250
1941 214.978 456.727 2 485.662 -250
1942 224.978 456.727 2 484.413 -92.1906
1943 234.978 456.727 2 483.368 -250
1944 244.978 456.727 2 482.528 -250
1945 254.978 456.727 2 481.894 -250
1946 264.978 456.727 2 481.467 -250
1947 274.978 456.727 2 481.247 -93.8491
1948 284.978 456.727 2 481.235 -92.8708
1949 294.978 456.727 2 481.431 -92.3835
1950 304.978 456.727 2 481.834 -250
1951 314.978 456.727 2 482.444 -250
1952 324.978 456.727 2 483.261 -250
1953 334.978 456.727 2 484.282 -250
1954 344.978 456.727 2 485.508 -250
1955 354.978 456.727 2 486.936 -250
1956 364.978 456.727 2 488.564 -250
1957 374.978 456.727 2 490.391 -250
1958 384.978 456.727 2 492.414 -250
1959 394.978 456.727 2 494.631 -250
1960 404.978 456.727 2 497.04 -250
1961 414.978 456.727 2 499.637 -250
1962 424.978 456.727 2 502.42 -250
1963 434.978 456.727 2 505.385 -250
1964 444.978 456.727 2 508.53 -250
1965 454.978 456.727 2 511.851 -250
1966 464.978 456.727 2 515.344 -109.943
1967 474.978 456.727 2 519.007 -109.708
1968 484.978 456.727 2 522.835 -250
1969 84.9784 466.727 2 528.597 -128.874
1970 94.9784 466.727 2 524.979 -133.977
1971 104.978 466.727 2 521.528 -129.896
1972 114.978 466.727 2 518.247 -250
1973 124.978 466.727 2 515.139 -250
1974 134.978 466.727 2 512.208 -250
1975 144.978 466.727 2 509.456 -250
1976 154.978 466.727 2 506.886 -116.69
1977 164.978 466.727 2 504.502 -250
1978 174.978 466.727 2 502.305 -250
1979 184.978 466.727 2 500.299 -250
1980 194.978 466.727 2 498.485 -250
1981 204.978 466.727 2 496.866 -250
1982 214.978 466.727 2 495.444 -250
1983 224.978 466.727 2 494.22 -91.1901
1984 234.978 466.727 2 493.195 -250
1985 244.978 466.727 2 492.372 -250
1986 254.978 466.727 2 491.75 -250
1987 264.978 466.727 2 491.332 -250
1988 274.978 466.727 2 491.117 -96.2458
1989 284.978 466.727 2 491.105 -93.8528
1990 294.978 466.727 2 491.297 -92.635
1991 304.978 466.727 2 491.692 -250
1992 314.978 466.727 2 492.29 -250
1993 324.978 466.727 2 493.09 -250
1994 334.978 466.727 2 494.091 -250
1995 344.978 466.727 2 495.293 -250
1996 354.978 466.727 2 496.692 -250
1997 364.978 466.727 2 498.289 -250
1998 374.978 466.727 2 500.08 -250
1999 384.978 466.727 2 502.065 -250
2000 394.978 466.727 2 504.239 -250
2001 404.978 466.727 2 506.602 -250
2002 414.978 466.727 2 509.151 -250
2003 424.978 466.727 2 511.882 -250
2004 434.978 466.727 2 514.792 -250
2005 444.978 466.727 2 517.88 -250
2006 454.978 466.727 2 521.141 -250
2007 464.978 466.727 2 524.573 -94.1133
2008 474.978 466.727 2 528.172 -101.123
2009 484.978 466.727 2 531.934 -250
2010 84.9784 476.727 2 537.784 -116.158
2011 94.9784 476.727 2 534.228 -128.836
2012 104.978 476.727 2 530.837 -127.876
2013 114.978 476.727 2 527.614 -143.132
2014 124.978 476.727 2 524.562 -134.539
2015 134.978 476.727 2 521.684 -132.891
2016 144.978 476.727 2 518.982 -135.47
2017 154.978 476.727 2 516.46 -119.537
2018 164.978 476.727 2 514.12 -109.377
2019 174.978 476.727 2 511.965 -123.955
2020 184.978 476.727 2 509.996 -142.349
2021 194.978 476.727 2 508.217 -138.578
2022 204.978 476.727 2 506.629 -136.716
2023 214.978 476.727 2 505.234 -147.879
2024 224.978 476.727 2 504.034 -101.162
2025 234.978 476.727 2 503.029 -114.769
2026 244.978 476.727 2 502.222 -122.765
2027 254.978 476.727 2 501.613 -128.16
2028 264.978 476.727 2 501.203 -134.984
2029 274.978 476.727 2 500.992 -97.3699
2030 284.978 476.727 2 500.98 -95.0231
2031 294.978 476.727 2 501.168 -90.9324
2032 304.978 476.727 2 501.556 -250
2033 314.978 476.727 2 502.142 -250
2034 324.978 476.727 2 502.926 -250
2035 334.978 476.727 2 503.908 -250
2036 344.978 476.727 2 505.086 -250
2037 354.978 476.727 2 506.459 -250
2038 364.978 476.727 2 508.024 -250
2039 374.978 476.727 2 509.782 -250
2040 384.978 476.727 2 511.728 -250
2041 394.978 476.727 2 513.862 -250
2042 404.978 476.727 2 516.181 -250
2043 414.978 476.727 2 518.682 -250
2044 424.978 476.727 2 521.363 -250
2045 434.978 476.727 2 524.222 -250
2046 444.978 476.727 2 527.254 -250
2047 454.978 476.727 2 530.458 -250
2048 464.978 476.727 2 533.829 -95.7585
2049 474.978 476.727 2 537.366 -98.4724
2050 484.978 476.727 2 541.064 -250
2051 84.9784 486.727 2 546.999 -116.899
2052 94.9784 486.727 2 543.504 -124.448
2053 104.978 486.727 2 540.172 -136.446
2054 114.978 486.727 2 537.005 -125.493
2055 124.978 486.727 2 534.006 -129.092
2056 134.978 486.727 2 531.179 -130.849
2057 144.978 486.727 2 528.526 -139.973
2058 154.978 486.727 2 526.049 -111.436
2059 164.978 486.727 2 523.752 -111.392
2060 174.978 486.727 2 521.637 -122.651
2061 184.978 486.727 2 519.705 -131.943
2062 194.978 486.727 2 517.959 -138.507
2063 204.978 486.727 2 516.401 -136.706
2064 214.978 486.727 2 515.033 -127.696
2065 224.978 486.727 2 513.855 -101.778
2066 234.978 486.727 2 512.87 -111.287
2067 244.978 486.727 2 512.078 -126.704
2068 254.978 486.727 2 511.481 -128.622
2069 264.978 486.727 2 511.078 -128.811
2070 274.978 486.727 2 510.871 -96.7473
2071 284.978 486.727 2 510.86 -95.834
2072 294.978 486.727 2 511.045 -100.239
2073 304.978 486.727 2 511.424 -129.524
2074 314.978 486.727 2 511.999 -140.22
2075 324.978 486.727 2 512.769 -148.676
2076 334.978 486.727 2 513.732 -148.98
2077 344.978 486.727 2 514.887 -145.885
2078 354.978 486.727 2 516.234 -152.366
2079 364.978 486.727 2 517.77 -149.653
2080 374.978 486.727 2 519.494 -151.945
2081 384.978 486.727 2 521.405 -152.181
2082 394.978 486.727 2 523.499 -154.512
2083 404.978 486.727 2 525.775 -144.936
2084 414.978 486.727 2 528.231 -152.662
2085 424.978 486.727 2 530.864 -153.857
2086 434.978 486.727 2 533.671 -160.025
2087 444.978 486.727 2 536.65 -156.556
2088 454.978 486.727 2 539.798 -155.009
2089 464.978 486.727 2 543.112 -103.743
2090 474.978 486.727 2 546.589 -96.9415
2091 484.978 486.727 2 550.225 -107.691
2092 84.9784 496.727 2 556.242 -135.692
2093 94.9784 496.727 2 552.805 -123.955
2094 104.978 496.727 2 549.529 -250
2095 114.978 496.727 2 546.416 -250
2096 124.978 496.727 2 543.47 -250
2097 134.978 496.727 2 540.692 -250
2098 144.978 496.727 2 538.086 -250
2099 154.978 496.727 2 535.654 -250
2100 164.978 496.727 2 533.398 -250
2101 174.978 496.727 2 531.321 -250
2102 184.978 496.727 2 529.424 -250
2103 194.978 496.727 2 527.711 -250
2104 204.978 496.727 2 526.182 -139.548
2105 214.978 496.727 2 524.839 -121.038
2106 224.978 496.727 2 523.683 -95.8492
2107 234.978 496.727 2 522.717 -250
2108 244.978 496.727 2 521.94 -250
2109 254.978 496.727 2 521.354 -250
2110 264.978 496.727 2 520.959 -250
2111 274.978 496.727 2 520.756 -96.2472
2112 284.978 496.727 2 520.745 -96.155
2113 294.978 496.727 2 520.926 -98.6809
2114 304.978 496.727 2 521.298 -127.055
2115 314.978 496.727 2 521.863 -131.044
2116 324.978 496.727 2 522.617 -134.973
2117 334.978 496.727 2 523.562 -140.013
2118 344.978 496.727 2 524.696 -161.781
2119 354.978 496.727 2 526.018 -146.934
2120 364.978 496.727 2 527.525 -143.48
2121 374.978 496.727 2 529.218 -145.062
2122 384.978 496.727 2 531.093 -150.117
2123 394.978 496.727 2 533.149 -141.22
2124 404.978 496.727 2 535.385 -145.4
2125 414.978 496.727 2 537.797 -143.749
2126 424.978 496.727 2 540.383 -151.001
2127 434.978 496.727 2 543.141 -147.101
2128 444.978 496.727 2 546.068 -141.83
2129 454.978 496.727 2 549.162 -126.233
2130 464.978 496.727 2 552.42 -97.8908
2131 474.978 496.727 2 555.838 -110.221
2132 484.978 496.727 2 559.415 -120.287
2133 84.9784 506.727 2 565.511 -118.096
2134 94.9784 506.727 2 562.131 -123.936
2135 104.978 506.727 2 558.909 -250
2136 114.978 506.727 2 555.849 -250
2137 124.978 506.727 2 552.952 -250
2138 134.978 506.727 2 550.223 -250
2139 144.978 506.727 2 547.662 -250
2140 154.978 506.727 2 545.272 -250
2141 164.978 506.727 2 543.056 -250
2142 174.978 506.727 2 541.016 -250
2143 184.978 506.727 2 539.154 -250
2144 194.978 506.727 2 537.472 -250
2145 204.978 506.727 2 535.97 -124.725
2146 214.978 506.727 2 534.652 -106.746
2147 224.978 506.727 2 533.518 -95.7115
2148 234.978 506.727 2 532.569 -250
2149 244.978 506.727 2 531.806 -250
2150 254.978 506.727 2 531.231 -250
2151 264.978 506.727 2 530.844 -250
2152 274.978 506.727 2 530.645 -94.3729
2153 284.978 506.727 2 530.634 -94.7805
2154 294.978 506.727 2 530.811 -250
2155 304.978 506.727 2 531.177 -250
2156 314.978 506.727 2 531.731 -250
2157 324.978 506.727 2 532.472 -250
2158 334.978 506.727 2 533.399 -250
2159 344.978 506.727 2 534.512 -250
2160 354.978 506.727 2 535.809 -250
2161 364.978 506.727 2 537.289 -250
2162 374.978 506.727 2 538.951 -250
2163 384.978 506.727 2 540.793 -250
2164 394.978 506.727 2 542.812 -250
2165 404.978 506.727 2 545.008 -250
2166 414.978 506.727 2 547.378 -250
2167 424.978 506.727 2 549.919 -158.928
2168 434.978 506.727 2 552.629 -140.308
2169 444.978 506.727 2 555.507 -140.017
2170 454.978 506.727 2 558.548 -96.1315
2171 464.978 506.727 2 561.752 -94.7812
2172 474.978 506.727 2 565.113 -97.4649
2173 484.978 506.727 2 568.631 -250
2174 84.9784 516.727 2 574.804 -119.91
2175 94.9784 516.727 2 571.479 -124.616
2176 104.978 516.727 2 568.31 -250
2177 114.978 516.727 2 565.301 -250
2178 124.978 516.727 2 562.453 -250
2179 134.978 516.727 2 559.769 -250
2180 144.978 516.727 2 557.252 -250
2181 154.978 516.727 2 554.904 -250
2182 164.978 516.727 2 552.727 -250
2183 174.978 516.727 2 550.723 -250
2184 184.978 516.727 2 548.894 -250
2185 194.978 516.727 2 547.241 -250
2186 204.978 516.727 2 545.767 -117.954
2187 214.978 516.727 2 544.472 -101.895
2188 224.978 516.727 2 543.358 -104.4
2189 234.978 516.727 2 542.427 -250
2190 244.978 516.727 2 541.678 -250
2191 254.978 516.727 2 541.113 -250
2192 264.978 516.727 2 540.733 -250
2193 274.978 516.727 2 540.537 -93.5276
2194 284.978 516.727 2 540.527 -93.6914
2195 294.978 516.727 2 540.701 -250
2196 304.978 516.727 2 541.06 -250
2197 314.978 516.727 2 541.604 -250
2198 324.978 516.727 2 542.331 -250
2199 334.978 516.727 2 543.242 -250
2200 344.978 516.727 2 544.334 -250
2201 354.978 516.727 2 545.608 -250
2202 364.978 516.727 2 547.062 -250
2203 374.978 516.727 2 548.694 -250
2204 384.978 516.727 2 550.503 -250
2205 394.978 516.727 2 552.487 -250
2206 404.978 516.727 2 554.645 -250
2207 414.978 516.727 2 556.973 -250
2208 424.978 516.727 2 559.471 -152.596
2209 434.978 516.727 2 562.136 -148.266
2210 444.978 516.727 2 564.964 -129.811
2211 454.978 516.727 2 567.955 -98.3142
2212 464.978 516.727 2 571.106 -95.9935
2213 474.978 516.727 2 574.413 -128.552
2214 484.978 516.727 2 577.874 -250
2215 84.9784 526.727 2 584.12 -120.187
2216 94.9784 526.727 2 580.848 -125.116
2217 104.978 526.727 2 577.731 -250
2218 114.978 526.727 2 574.771 -250
2219 124.978 526.727 2 571.971 -250
2220 134.978 526.727 2 569.332 -250
2221 144.978 526.727 2 566.857 -250
2222 154.978 526.727 2 564.549 -250
2223 164.978 526.727 2 562.409 -250
2224 174.978 526.727 2 560.44 -250
2225 184.978 526.727 2 558.642 -250
2226 194.978 526.727 2 557.019 -250
2227 204.978 526.727 2 555.57 -119.362
2228 214.978 526.727 2 554.298 -94.7641
2229 224.978 526.727 2 553.204 -111.195
2230 234.978 526.727 2 552.29 -250
2231 244.978 526.727 2 551.554 -250
2232 254.978 526.727 2 551 -250
2233 264.978 526.727 2 550.626 -250
2234 274.978 526.727 2 550.434 -92.5139
2235 284.978 526.727 2 550.424 -93.1853
2236 294.978 526.727 2 550.595 -250
2237 304.978 526.727 2 550.947 -250
2238 314.978 526.727 2 551.481 -250
2239 324.978 526.727 2 552.196 -250
2240 334.978 526.727 2 553.09 -250
2241 344.978 526.727 2 554.163 -250
2242 354.978 526.727 2 555.415 -250
2243 364.978 526.727 2 556.843 -250
2244 374.978 526.727 2 558.446 -250
2245 384.978 526.727 2 560.224 -250
2246 394.978 526.727 2 562.174 -250
2247 404.978 526.727 2 564.294 -250
2248 414.978 526.727 2 566.583 -250
2249 424.978 526.727 2 569.039 -144.046
2250 434.978 526.727 2 571.658 -131.839
2251 444.978 526.727 2 574.44 -98.6849
2252 454.978 526.727 2 577.382 -98.6716
2253 464.978 526.727 2 580.482 -106.04
2254 474.978 526.727 2 583.736 -117.433
2255 484.978 526.727 2 587.142 -250
2256 84.9784 536.727 2 593.459 -117.692
2257 94.9784 536.727 2 590.239 -132.184
2258 104.978 536.727 2 587.172 -250
2259 114.978 536.727 2 584.259 -250
2260 124.978 536.727 2 581.504 -250
2261 134.978 536.727 2 578.909 -250
2262 144.978 536.727 2 576.476 -250
2263 154.978 536.727 2 574.206 -250
2264 164.978 536.727 2 572.103 -250
2265 174.978 536.727 2 570.166 -250
2266 184.978 536.727 2 568.4 -250
2267 194.978 536.727 2 566.804 -250
2268 204.978 536.727 2 565.381 -123.068
2269 214.978 536.727 2 564.131 -92.3977
2270 224.978 536.727 2 563.056 -110.158
2271 234.978 536.727 2 562.157 -250
2272 244.978 536.727 2 561.435 -250
2273 254.978 536.727 2 560.89 -250
2274 264.978 536.727 2 560.523 -250
2275 274.978 536.727 2 560.334 -91.9641
2276 284.978 536.727 2 560.324 -93.4668
2277 294.978 536.727 2 560.492 -250
2278 304.978 536.727 2 560.839 -250
2279 314.978 536.727 2 561.363 -250
2280 324.978 536.727 2 562.065 -250
2281 334.978 536.727 2 562.944 -250
2282 344.978 536.727 2 563.998 -250
2283 354.978 536.727 2 565.228 -250
2284 364.978 536.727 2 566.631 -250
2285 374.978 536.727 2 568.207 -250
2286 384.978 536.727 2 569.954 -250
2287 394.978 536.727 2 571.871 -250
2288 404.978 536.727 2 573.955 -250
2289 414.978 536.727 2 576.206 -250
2290 424.978 536.727 2 578.621 -144.076
2291 434.978 536.727 2 581.197 -131.272
2292 444.978 536.727 2 583.934 -99.6885
2293 454.978 536.727 2 586.828 -98.6471
2294 464.978 536.727 2 589.878 -115.642
2295 474.978 536.727 2 593.08 -110.205
2296 484.978 536.727 2 596.433 -250
2297 84.9784 546.727 2 602.819 -119.955
2298 94.9784 546.727 2 599.649 -133.448
2299 104.978 546.727 2 596.63 -250
2300 114.978 546.727 2 593.764 -250
2301 124.978 546.727 2 591.054 -250
2302 134.978 546.727 2 588.501 -250
2303 144.978 546.727 2 586.107 -250
2304 154.978 546.727 2 583.875 -250
2305 164.978 546.727 2 581.806 -250
2306 174.978 546.727 2 579.902 -250
2307 184.978 546.727 2 578.165 -250
2308 194.978 546.727 2 576.597 -250
2309 204.978 546.727 2 575.198 -112.388
2310 214.978 546.727 2 573.969 -90.9997
2311 224.978 546.727 2 572.913 -105.124
2312 234.978 546.727 2 572.029 -250
2313 244.978 546.727 2 571.32 -250
2314 254.978 546.727 2 570.784 -250
2315 264.978 546.727 2 570.424 -250
2316 274.978 546.727 2 570.238 -92.354
2317 284.978 546.727 2 570.228 -92.2527
2318 294.978 546.727 2 570.393 -250
2319 304.978 546.727 2 570.734 -250
2320 314.978 546.727 2 571.249 -250
2321 324.978 546.727 2 571.939 -250
2322 334.978 546.727 2 572.802 -250
2323 344.978 546.727 2 573.839 -250
2324 354.978 546.727 2 575.047 -250
2325 364.978 546.727 2 576.427 -250
2326 374.978 546.727 2 577.976 -250
2327 384.978 546.727 2 579.694 -250
2328 394.978 546.727 2 581.578 -250
2329 404.978 546.727 2 583.628 -250
2330 414.978 546.727 2 585.842 -250
2331 424.978 546.727 2 588.217 -134.026
2332 434.978 546.727 2 590.752 -117.694
2333 444.978 546.727 2 593.444 -99.0418
2334 454.978 546.727 2 596.292 -104.173
2335 464.978 546.727 2 599.294 -119.555
2336 474.978 546.727 2 602.446 -105.634
2337 484.978 546.727 2 605.747 -250
2338 84.9784 556.727 2 612.199 -128.555
2339 94.9784 556.727 2 609.078 -138.194
2340 104.978 556.727 2 606.106 -147.652
2341 114.978 556.727 2 603.285 -151.866
2342 124.978 556.727 2 600.618 -152.899
2343 134.978 556.727 2 598.105 -149.057
2344 144.978 556.727 2 595.75 -146.163
2345 154.978 556.727 2 593.554 -145.731
2346 164.978 556.727 2 591.52 -145.272
2347 174.978 556.727 2 589.647 -146.423
2348 184.978 556.727 2 587.939 -148.931
2349 194.978 556.727 2 586.396 -151.788
2350 204.978 556.727 2 585.021 -111.565
2351 214.978 556.727 2 583.813 -93.9067
2352 224.978 556.727 2 582.775 -103.424
2353 234.978 556.727 2 581.906 -138.768
2354 244.978 556.727 2 581.208 -196.492
2355 254.978 556.727 2 580.682 -180.3
2356 264.978 556.727 2 580.328 -138.906
2357 274.978 556.727 2 580.145 -92.1981
2358 284.978 556.727 2 580.135 -93.7127
2359 294.978 556.727 2 580.298 -134.307
2360 304.978 556.727 2 580.633 -153.151
2361 314.978 556.727 2 581.139 -169.031
2362 324.978 556.727 2 581.817 -169.215
2363 334.978 556.727 2 582.666 -171.198
2364 344.978 556.727 2 583.685 -177.722
2365 354.978 556.727 2 584.873 -176.805
2366 364.978 556.727 2 586.229 -176.431
2367 374.978 556.727 2 587.753 -178.64
2368 384.978 556.727 2 589.442 -189.5
2369 394.978 556.727 2 591.296 -195.68
2370 404.978 556.727 2 593.312 -171.869
2371 414.978 556.727 2 595.489 -174.552
2372 424.978 556.727 2 597.826 -134.318
2373 434.978 556.727 2 600.32 -102.56
2374 444.978 556.727 2 602.97 -103.302
2375 454.978 556.727 2 605.773 -114.655
2376 464.978 556.727 2 608.728 -117.71
2377 474.978 556.727 2 611.832 -107.05
2378 484.978 556.727 2 615.083 -142.19
2379 84.9784 566.727 2 621.598 -140.591
2380 94.9784 566.727 2 618.525 -136.529
2381 104.978 566.727 2 615.598 -140.371
2382 114.978 566.727 2 612.821 -144.338
2383 124.978 566.727 2 610.195 -147.23
2384 134.978 566.727 2 607.723 -142.697
2385 144.978 566.727 2 605.405 -139.837
2386 154.978 566.727 2 603.244 -138.672
2387 164.978 566.727 2 601.242 -138.983
2388 174.978 566.727 2 599.4 -141.027
2389 184.978 566.727 2 597.72 -144.291
2390 194.978 566.727 2 596.203 -155.883
2391 204.978 566.727 2 594.85 -119.163
2392 214.978 566.727 2 593.662 -95.3068
2393 224.978 566.727 2 592.641 -103.015
2394 234.978 566.727 2 591.787 -112.63
2395 244.978 566.727 2 591.101 -181.854
2396 254.978 566.727 2 590.583 -152.485
2397 264.978 566.727 2 590.235 -130.488
2398 274.978 566.727 2 590.056 -92.5718
2399 284.978 566.727 2 590.046 -95.5094
2400 294.978 566.727 2 590.206 -126.516
2401 304.978 566.727 2 590.535 -139.421
2402 314.978 566.727 2 591.033 -151.408
2403 324.978 566.727 2 591.699 -160.326
2404 334.978 566.727 2 592.534 -164.917
2405 344.978 566.727 2 593.536 -163.372
2406 354.978 566.727 2 594.705 -165.899
2407 364.978 566.727 2 596.039 -169.669
2408 374.978 566.727 2 597.537 -169.224
2409 384.978 566.727 2 599.199 -183.311
2410 394.978 566.727 2 601.022 -174.528
2411 404.978 566.727 2 603.006 -169.413
2412 414.978 566.727 2 605.148 -136.642
2413 424.978 566.727 2 607.448 -131.602
2414 434.978 566.727 2 609.903 -101.699
2415 444.978 566.727 2 612.511 -101.961
2416 454.978 566.727 2 615.271 -117.374
2417 464.978 566.727 2 618.18 -107.982
2418 474.978 566.727 2 621.237 -126.065
2419 484.978 566.727 2 624.439 -131.506
2420 84.9784 576.727 2 631.016 -141.718
2421 94.9784 576.727 2 627.989 -136.495
2422 104.978 576.727 2 625.107 -139.555
2423 114.978 576.727 2 622.372 -143.353
2424 124.978 576.727 2 619.787 -142.707
2425 134.978 576.727 2 617.352 -139.329
2426 144.978 576.727 2 615.071 -136.343
2427 154.978 576.727 2 612.944 -136.966
2428 164.978 576.727 2 610.974 -136.881
2429 174.978 576.727 2 609.162 -140.566
2430 184.978 576.727 2 607.508 -143.877
2431 194.978 576.727 2 606.016 -129.212
2432 204.978 576.727 2 604.684 -112.042
2433 214.978 576.727 2 603.516 -99.739
2434 224.978 576.727 2 602.512 -102.292
2435 234.978 576.727 2 601.672 -97.003
2436 244.978 576.727 2 600.997 -144.319
2437 254.978 576.727 2 600.488 -139.222
2438 264.978 576.727 2 600.145 -118.341
2439 274.978 576.727 2 599.969 -93.6441
2440 284.978 576.727 2 599.959 -93.8686
2441 294.978 576.727 2 600.116 -121.171
2442 304.978 576.727 2 600.44 -149.556
2443 314.978 576.727 2 600.93 -143.427
2444 324.978 576.727 2 601.586 -157.533
2445 334.978 576.727 2 602.407 -165.243
2446 344.978 576.727 2 603.392 -159.412
2447 354.978 576.727 2 604.542 -163.741
2448 364.978 576.727 2 605.854 -164.393
2449 374.978 576.727 2 607.328 -162.36
2450 384.978 576.727 2 608.963 -170.468
2451 394.978 576.727 2 610.757 -175.923
2452 404.978 576.727 2 612.71 -131.027
2453 414.978 576.727 2 614.818 -132.906
2454 424.978 576.727 2 617.082 -102.265
2455 434.978 576.727 2 619.499 -102.7
2456 444.978 576.727 2 622.067 -111.111
2457 454.978 576.727 2 624.784 -121.706
2458 464.978 576.727 2 627.649 -107.829
2459 474.978 576.727 2 630.66 -126.596
2460 484.978 576.727 2 633.815 -127.983
2461 84.9784 586.727 2 640.452 -142.61
2462 94.9784 586.727 2 637.469 -133.657
2463 104.978 586.727 2 634.63 -137.234
2464 114.978 586.727 2 631.937 -135.089
2465 124.978 586.727 2 629.391 -134.247
2466 134.978 586.727 2 626.994 -134.692
2467 144.978 586.727 2 624.748 -137.282
2468 154.978 586.727 2 622.654 -138.842
2469 164.978 586.727 2 620.714 -140.473
2470 174.978 586.727 2 618.93 -141.681
2471 184.978 586.727 2 617.303 -136.604
2472 194.978 586.727 2 615.834 -120.912
2473 204.978 586.727 2 614.524 -104.623
2474 214.978 586.727 2 613.375 -105.235
2475 224.978 586.727 2 612.387 -99.7251
2476 234.978 586.727 2 611.56 -100.391
2477 244.978 586.727 2 610.896 -138.594
2478 254.978 586.727 2 610.396 -127.31
2479 264.978 586.727 2 610.058 -118.27
2480 274.978 586.727 2 609.885 -95.1253
2481 284.978 586.727 2 609.876 -94.7312
2482 294.978 586.727 2 610.03 -115.489
2483 304.978 586.727 2 610.348 -137.977
2484 314.978 586.727 2 610.83 -139.116
2485 324.978 586.727 2 611.475 -144.995
2486 334.978 586.727 2 612.283 -155.685
2487 344.978 586.727 2 613.253 -159.85
2488 354.978 586.727 2 614.384 -158.948
2489 364.978 586.727 2 615.675 -160.638
2490 374.978 586.727 2 617.126 -160.221
2491 384.978 586.727 2 618.735 -161.391
2492 394.978 586.727 2 620.501 -141.793
2493 404.978 586.727 2 622.423 -133.265
2494 414.978 586.727 2 624.499 -126.733
2495 424.978 586.727 2 626.727 -100.791
2496 434.978 586.727 2 629.107 -99.2772
2497 444.978 586.727 2 631.636 -120.51
2498 454.978 586.727 2 634.313 -109.657
2499 464.978 586.727 2 637.135 -125.845
2500 474.978 586.727 2 640.101 -130.088
2501 484.978 586.727 2 643.209 -130.066
