# <Transmitter Set: Tx: 18 tx_ant_grid_40_m - Point 12> 
# <Receiver Set: Rx: 17 rx_ant_grid> 
# <X(m)> <Y(m)> <Z(m)> <Distance(m)> <PathGain(dB)>
1 84.9784 -13.2734 2 220.594 -87.3935
2 94.9784 -13.2734 2 216.45 -87.754
3 104.978 -13.2734 2 212.694 -87.4849
4 114.978 -13.2734 2 209.35 -97.6222
5 124.978 -13.2734 2 206.436 -106.939
6 134.978 -13.2734 2 203.971 -82.0585
7 144.978 -13.2734 2 201.972 -85.821
8 154.978 -13.2734 2 200.453 -85.9245
9 164.978 -13.2734 2 199.424 -87.4659
10 174.978 -13.2734 2 198.893 -92.7645
11 184.978 -13.2734 2 198.864 -93.1548
12 194.978 -13.2734 2 199.337 -129.548
13 204.978 -13.2734 2 200.309 -116.283
14 214.978 -13.2734 2 201.773 -118.738
15 224.978 -13.2734 2 203.717 -119.491
16 234.978 -13.2734 2 206.129 -118.666
17 244.978 -13.2734 2 208.992 -131.032
18 254.978 -13.2734 2 212.288 -123.918
19 264.978 -13.2734 2 215.997 -113.805
20 274.978 -13.2734 2 220.098 -113.272
21 284.978 -13.2734 2 224.57 -109.839
22 294.978 -13.2734 2 229.391 -135.532
23 304.978 -13.2734 2 234.539 -120.375
24 314.978 -13.2734 2 239.994 -118.489
25 324.978 -13.2734 2 245.735 -136.837
26 334.978 -13.2734 2 251.742 -119.906
27 344.978 -13.2734 2 257.997 -117.026
28 354.978 -13.2734 2 264.482 -128.145
29 364.978 -13.2734 2 271.182 -114.82
30 374.978 -13.2734 2 278.079 -97.611
31 384.978 -13.2734 2 285.16 -98.6379
32 394.978 -13.2734 2 292.412 -104.484
33 404.978 -13.2734 2 299.822 -105.812
34 414.978 -13.2734 2 307.379 -109.771
35 424.978 -13.2734 2 315.072 -103.379
36 434.978 -13.2734 2 322.891 -106.807
37 444.978 -13.2734 2 330.828 -106.312
38 454.978 -13.2734 2 338.874 -104.98
39 464.978 -13.2734 2 347.022 -133.45
40 474.978 -13.2734 2 355.264 -122.222
41 484.978 -13.2734 2 363.595 -126.357
42 84.9784 -3.2734 2 211.799 -87.6
43 94.9784 -3.2734 2 207.479 -87.0916
44 104.978 -3.2734 2 203.558 -85.7555
45 114.978 -3.2734 2 200.061 -84.4011
46 124.978 -3.2734 2 197.01 -135.148
47 134.978 -3.2734 2 194.426 -79.5693
48 144.978 -3.2734 2 192.327 -95.2923
49 154.978 -3.2734 2 190.731 -94.955
50 164.978 -3.2734 2 189.649 -94.9029
51 174.978 -3.2734 2 189.091 -99.3384
52 184.978 -3.2734 2 189.06 -100.697
53 194.978 -3.2734 2 189.558 -124.094
54 204.978 -3.2734 2 190.58 -123.097
55 214.978 -3.2734 2 192.118 -124.355
56 224.978 -3.2734 2 194.159 -123.685
57 234.978 -3.2734 2 196.688 -125.546
58 244.978 -3.2734 2 199.686 -129.818
59 254.978 -3.2734 2 203.133 -125.454
60 264.978 -3.2734 2 207.006 -105.511
61 274.978 -3.2734 2 211.282 -111.498
62 284.978 -3.2734 2 215.937 -105.063
63 294.978 -3.2734 2 220.946 -143.559
64 304.978 -3.2734 2 226.286 -137.004
65 314.978 -3.2734 2 231.935 -158.041
66 324.978 -3.2734 2 237.871 -154.18
67 334.978 -3.2734 2 244.072 -132.224
68 344.978 -3.2734 2 250.518 -131.648
69 354.978 -3.2734 2 257.192 -144.959
70 364.978 -3.2734 2 264.077 -145.742
71 374.978 -3.2734 2 271.155 -134.019
72 384.978 -3.2734 2 278.412 -119.518
73 394.978 -3.2734 2 285.835 -105.122
74 404.978 -3.2734 2 293.412 -97.9813
75 414.978 -3.2734 2 301.129 -113.788
76 424.978 -3.2734 2 308.978 -108.31
77 434.978 -3.2734 2 316.948 -109.151
78 444.978 -3.2734 2 325.03 -157.701
79 454.978 -3.2734 2 333.216 -189.663
80 464.978 -3.2734 2 341.499 -146.008
81 474.978 -3.2734 2 349.871 -134.742
82 484.978 -3.2734 2 358.327 -130.868
83 84.9784 6.7266 2 203.116 -85.8693
84 94.9784 6.7266 2 198.606 -85.3037
85 104.978 6.7266 2 194.507 -85.3977
86 114.978 6.7266 2 190.844 -84.948
87 124.978 6.7266 2 187.643 -250
88 134.978 6.7266 2 184.928 -85.9432
89 144.978 6.7266 2 182.721 -94.89
90 154.978 6.7266 2 181.04 -105.841
91 164.978 6.7266 2 179.899 -104.242
92 174.978 6.7266 2 179.311 -105.515
93 184.978 6.7266 2 179.278 -107.559
94 194.978 6.7266 2 179.803 -127.494
95 204.978 6.7266 2 180.88 -129.389
96 214.978 6.7266 2 182.5 -134.739
97 224.978 6.7266 2 184.647 -127.648
98 234.978 6.7266 2 187.305 -128.286
99 244.978 6.7266 2 190.451 -131.828
100 254.978 6.7266 2 194.062 -122.745
101 264.978 6.7266 2 198.113 -122.488
102 274.978 6.7266 2 202.576 -107.317
103 284.978 6.7266 2 207.426 -113.656
104 294.978 6.7266 2 212.636 -250
105 304.978 6.7266 2 218.18 -250
106 314.978 6.7266 2 224.034 -250
107 324.978 6.7266 2 230.173 -250
108 334.978 6.7266 2 236.576 -250
109 344.978 6.7266 2 243.221 -250
110 354.978 6.7266 2 250.09 -250
111 364.978 6.7266 2 257.164 -250
112 374.978 6.7266 2 264.428 -250
113 384.978 6.7266 2 271.865 -250
114 394.978 6.7266 2 279.462 -98.1436
115 404.978 6.7266 2 287.206 -97.2099
116 414.978 6.7266 2 295.086 -107.443
117 424.978 6.7266 2 303.091 -112.135
118 434.978 6.7266 2 311.212 -114.09
119 444.978 6.7266 2 319.439 -250
120 454.978 6.7266 2 327.765 -250
121 464.978 6.7266 2 336.182 -250
122 474.978 6.7266 2 344.684 -129.214
123 484.978 6.7266 2 353.264 -125.681
124 84.9784 16.7266 2 194.558 -85.1112
125 94.9784 16.7266 2 189.846 -85.6136
126 104.978 16.7266 2 185.553 -85.3575
127 114.978 16.7266 2 181.71 -85.6107
128 124.978 16.7266 2 178.345 -250
129 134.978 16.7266 2 175.486 -85.2687
130 144.978 16.7266 2 173.158 -82.1177
131 154.978 16.7266 2 171.384 -114.401
132 164.978 16.7266 2 170.179 -113.796
133 174.978 16.7266 2 169.556 -93.4832
134 184.978 16.7266 2 169.522 -107.542
135 194.978 16.7266 2 170.077 -250
136 204.978 16.7266 2 171.216 -250
137 214.978 16.7266 2 172.926 -250
138 224.978 16.7266 2 175.191 -250
139 234.978 16.7266 2 177.989 -250
140 244.978 16.7266 2 181.297 -250
141 254.978 16.7266 2 185.087 -250
142 264.978 16.7266 2 189.329 -109.332
143 274.978 16.7266 2 193.995 -108.354
144 284.978 16.7266 2 199.054 -103.87
145 294.978 16.7266 2 204.478 -250
146 304.978 16.7266 2 210.237 -250
147 314.978 16.7266 2 216.305 -250
148 324.978 16.7266 2 222.658 -92.9478
149 334.978 16.7266 2 229.271 -97.5571
150 344.978 16.7266 2 236.122 -250
151 354.978 16.7266 2 243.191 -250
152 364.978 16.7266 2 250.461 -250
153 374.978 16.7266 2 257.913 -250
154 384.978 16.7266 2 265.532 -115.847
155 394.978 16.7266 2 273.306 -110.03
156 404.978 16.7266 2 281.219 -110.115
157 414.978 16.7266 2 289.263 -96.9835
158 424.978 16.7266 2 297.425 -101.317
159 434.978 16.7266 2 305.696 -111.259
160 444.978 16.7266 2 314.067 -250
161 454.978 16.7266 2 322.532 -250
162 464.978 16.7266 2 331.082 -250
163 474.978 16.7266 2 339.711 -138.994
164 484.978 16.7266 2 348.414 -129.443
165 84.9784 26.7266 2 186.145 -86.47
166 94.9784 26.7266 2 181.214 -85.9997
167 104.978 26.7266 2 176.711 -84.6058
168 114.978 26.7266 2 172.671 -84.9969
169 124.978 26.7266 2 169.127 -82.087
170 134.978 26.7266 2 166.11 -84.2334
171 144.978 26.7266 2 163.649 -91.1386
172 154.978 26.7266 2 161.769 -123.016
173 164.978 26.7266 2 160.493 -123.21
174 174.978 26.7266 2 159.832 -112.888
175 184.978 26.7266 2 159.796 -115.053
176 194.978 26.7266 2 160.385 -250
177 204.978 26.7266 2 161.591 -250
178 214.978 26.7266 2 163.402 -250
179 224.978 26.7266 2 165.797 -250
180 234.978 26.7266 2 168.752 -250
181 244.978 26.7266 2 172.237 -250
182 254.978 26.7266 2 176.222 -250
183 264.978 26.7266 2 180.673 -114.512
184 274.978 26.7266 2 185.556 -108.249
185 284.978 26.7266 2 190.839 -100.958
186 294.978 26.7266 2 196.489 -250
187 304.978 26.7266 2 202.476 -250
188 314.978 26.7266 2 208.77 -103.239
189 324.978 26.7266 2 215.345 -101.959
190 334.978 26.7266 2 222.176 -113.832
191 344.978 26.7266 2 229.239 -96.8747
192 354.978 26.7266 2 236.514 -116.112
193 364.978 26.7266 2 243.983 -250
194 374.978 26.7266 2 251.627 -250
195 384.978 26.7266 2 259.431 -122.596
196 394.978 26.7266 2 267.382 -128.358
197 404.978 26.7266 2 275.466 -110.137
198 414.978 26.7266 2 283.672 -109.802
199 424.978 26.7266 2 291.99 -108.853
200 434.978 26.7266 2 300.411 -102.451
201 444.978 26.7266 2 308.926 -121.192
202 454.978 26.7266 2 317.528 -250
203 464.978 26.7266 2 326.209 -250
204 474.978 26.7266 2 334.964 -149.626
205 484.978 26.7266 2 343.787 -134.929
206 84.9784 36.7266 2 177.896 -84.6319
207 94.9784 36.7266 2 172.73 -84.1534
208 104.978 36.7266 2 168 -85.339
209 114.978 36.7266 2 163.745 -84.314
210 124.978 36.7266 2 160.003 -83.9697
211 134.978 36.7266 2 156.81 -84.134
212 144.978 36.7266 2 154.201 -94.7448
213 154.978 36.7266 2 152.205 -104.007
214 164.978 36.7266 2 150.847 -108.881
215 174.978 36.7266 2 150.144 -130.915
216 184.978 36.7266 2 150.106 -119.451
217 194.978 36.7266 2 150.733 -115.281
218 204.978 36.7266 2 152.016 -107.57
219 214.978 36.7266 2 153.939 -106.094
220 224.978 36.7266 2 156.479 -250
221 234.978 36.7266 2 159.607 -250
222 244.978 36.7266 2 163.287 -250
223 254.978 36.7266 2 167.485 -250
224 264.978 36.7266 2 172.162 -102.65
225 274.978 36.7266 2 177.28 -114.087
226 284.978 36.7266 2 182.802 -109.622
227 294.978 36.7266 2 188.693 -250
228 304.978 36.7266 2 194.92 -250
229 314.978 36.7266 2 201.45 -112.454
230 324.978 36.7266 2 208.256 -102.79
231 334.978 36.7266 2 215.312 -103.519
232 344.978 36.7266 2 222.593 -119.958
233 354.978 36.7266 2 230.078 -113.392
234 364.978 36.7266 2 237.749 -98.454
235 374.978 36.7266 2 245.587 -105.93
236 384.978 36.7266 2 253.577 -250
237 394.978 36.7266 2 261.706 -250
238 404.978 36.7266 2 269.96 -126.954
239 414.978 36.7266 2 278.329 -132.852
240 424.978 36.7266 2 286.802 -112.94
241 434.978 36.7266 2 295.371 -102.585
242 444.978 36.7266 2 304.027 -90.4035
243 454.978 36.7266 2 312.763 -250
244 464.978 36.7266 2 321.573 -250
245 474.978 36.7266 2 330.451 -121.178
246 484.978 36.7266 2 339.391 -132.871
247 84.9784 46.7266 2 169.835 -83.2976
248 94.9784 46.7266 2 164.416 -82.9544
249 104.978 46.7266 2 159.44 -83.8654
250 114.978 46.7266 2 154.95 -87.5103
251 124.978 46.7266 2 150.99 -84.1513
252 134.978 46.7266 2 147.602 -84.5991
253 144.978 46.7266 2 144.827 -96.0112
254 154.978 46.7266 2 142.7 -250
255 164.978 46.7266 2 141.251 -250
256 174.978 46.7266 2 140.5 -250
257 184.978 46.7266 2 140.459 -250
258 194.978 46.7266 2 141.129 -250
259 204.978 46.7266 2 142.498 -100.985
260 214.978 46.7266 2 144.549 -93.6229
261 224.978 46.7266 2 147.251 -97.722
262 234.978 46.7266 2 150.57 -111.354
263 244.978 46.7266 2 154.466 -103.474
264 254.978 46.7266 2 158.897 -101.462
265 264.978 46.7266 2 163.819 -105.717
266 274.978 46.7266 2 169.19 -98.9686
267 284.978 46.7266 2 174.968 -106.884
268 294.978 46.7266 2 181.114 -250
269 304.978 46.7266 2 187.592 -250
270 314.978 46.7266 2 194.368 -250
271 324.978 46.7266 2 201.414 -250
272 334.978 46.7266 2 208.701 -250
273 344.978 46.7266 2 216.205 -250
274 354.978 46.7266 2 223.904 -250
275 364.978 46.7266 2 231.779 -94.7556
276 374.978 46.7266 2 239.812 -104.367
277 384.978 46.7266 2 247.989 -250
278 394.978 46.7266 2 256.295 -250
279 404.978 46.7266 2 264.718 -102.483
280 414.978 46.7266 2 273.247 -103.484
281 424.978 46.7266 2 281.873 -86.5814
282 434.978 46.7266 2 290.587 -107.768
283 444.978 46.7266 2 299.382 -102.387
284 454.978 46.7266 2 308.25 -250
285 464.978 46.7266 2 317.185 -250
286 474.978 46.7266 2 326.182 -123.213
287 484.978 46.7266 2 335.236 -122.091
288 84.9784 56.7266 2 161.991 -93.5743
289 94.9784 56.7266 2 156.299 -94.6926
290 104.978 56.7266 2 151.056 -93.995
291 114.978 56.7266 2 146.31 -90.8919
292 124.978 56.7266 2 142.109 -83.0569
293 134.978 56.7266 2 138.504 -85.365
294 144.978 56.7266 2 135.543 -105.824
295 154.978 56.7266 2 133.268 -250
296 164.978 56.7266 2 131.715 -250
297 174.978 56.7266 2 130.91 -250
298 184.978 56.7266 2 130.866 -250
299 194.978 56.7266 2 131.584 -250
300 204.978 56.7266 2 133.052 -115.669
301 214.978 56.7266 2 135.245 -95.8758
302 224.978 56.7266 2 138.13 -98.5589
303 234.978 56.7266 2 141.663 -117.135
304 244.978 56.7266 2 145.797 -102.814
305 254.978 56.7266 2 150.483 -99.1763
306 264.978 56.7266 2 155.672 -122.688
307 274.978 56.7266 2 161.314 -107.711
308 284.978 56.7266 2 167.364 -102.249
309 294.978 56.7266 2 173.779 -250
310 304.978 56.7266 2 180.52 -250
311 314.978 56.7266 2 187.553 -250
312 324.978 56.7266 2 194.845 -250
313 334.978 56.7266 2 202.369 -250
314 344.978 56.7266 2 210.099 -250
315 354.978 56.7266 2 218.014 -250
316 364.978 56.7266 2 226.094 -104.889
317 374.978 56.7266 2 234.322 -86.8001
318 384.978 56.7266 2 242.684 -250
319 394.978 56.7266 2 251.165 -250
320 404.978 56.7266 2 259.755 -96.5092
321 414.978 56.7266 2 268.442 -95.1374
322 424.978 56.7266 2 277.217 -98.965
323 434.978 56.7266 2 286.073 -99.0305
324 444.978 56.7266 2 295.002 -104.921
325 454.978 56.7266 2 303.998 -250
326 464.978 56.7266 2 313.055 -250
327 474.978 56.7266 2 322.167 -114.782
328 484.978 56.7266 2 331.331 -113.649
329 84.9784 66.7266 2 154.396 -93.6637
330 94.9784 66.7266 2 148.413 -112.129
331 104.978 66.7266 2 142.881 -106.82
332 114.978 66.7266 2 137.853 -106.397
333 124.978 66.7266 2 133.387 -92.2586
334 134.978 66.7266 2 129.539 -83.0512
335 144.978 66.7266 2 126.368 -103.451
336 154.978 66.7266 2 123.925 -123.071
337 164.978 66.7266 2 122.253 -119.646
338 174.978 66.7266 2 121.385 -101.807
339 184.978 66.7266 2 121.338 -91.3942
340 194.978 66.7266 2 122.112 -103.674
341 204.978 66.7266 2 123.693 -105.409
342 214.978 66.7266 2 126.049 -102.164
343 224.978 66.7266 2 129.139 -106.827
344 234.978 66.7266 2 132.911 -93.4055
345 244.978 66.7266 2 137.309 -102.351
346 254.978 66.7266 2 142.275 -108.314
347 264.978 66.7266 2 147.752 -103.946
348 274.978 66.7266 2 153.685 -101.846
349 284.978 66.7266 2 160.024 -105.329
350 294.978 66.7266 2 166.722 -117.225
351 304.978 66.7266 2 173.737 -107.609
352 314.978 66.7266 2 181.034 -116.867
353 324.978 66.7266 2 188.578 -109.405
354 334.978 66.7266 2 196.342 -109.409
355 344.978 66.7266 2 204.3 -106.08
356 354.978 66.7266 2 212.431 -94.8256
357 364.978 66.7266 2 220.716 -86.8999
358 374.978 66.7266 2 229.138 -87.9707
359 384.978 66.7266 2 237.682 -85.2483
360 394.978 66.7266 2 246.335 -92.916
361 404.978 66.7266 2 255.087 -93.7199
362 414.978 66.7266 2 263.928 -91.7554
363 424.978 66.7266 2 272.849 -112.042
364 434.978 66.7266 2 281.842 -124.417
365 444.978 66.7266 2 290.901 -120.23
366 454.978 66.7266 2 300.02 -119.385
367 464.978 66.7266 2 309.193 -114.925
368 474.978 66.7266 2 318.416 -115.913
369 484.978 66.7266 2 327.685 -115.665
370 84.9784 76.7266 2 147.089 -93.4253
371 94.9784 76.7266 2 140.796 -112.487
372 104.978 76.7266 2 134.952 -109.267
373 114.978 76.7266 2 129.617 -127.515
374 124.978 76.7266 2 124.856 -107.235
375 134.978 76.7266 2 120.737 -78.8298
376 144.978 76.7266 2 117.328 -94.9785
377 154.978 76.7266 2 114.693 -115.844
378 164.978 76.7266 2 112.885 -105.796
379 174.978 76.7266 2 111.944 -104.872
380 184.978 76.7266 2 111.892 -76.2036
381 194.978 76.7266 2 112.731 -87.3559
382 204.978 76.7266 2 114.442 -106.291
383 214.978 76.7266 2 116.984 -106.32
384 224.978 76.7266 2 120.307 -108.557
385 234.978 76.7266 2 124.348 -107.81
386 244.978 76.7266 2 129.038 -105.543
387 254.978 76.7266 2 134.31 -90.325
388 264.978 76.7266 2 140.099 -106.937
389 274.978 76.7266 2 146.343 -103.419
390 284.978 76.7266 2 152.986 -112.522
391 294.978 76.7266 2 159.979 -102.729
392 304.978 76.7266 2 167.277 -117.674
393 314.978 76.7266 2 174.843 -97.7553
394 324.978 76.7266 2 182.644 -107.84
395 334.978 76.7266 2 190.649 -99.09
396 344.978 76.7266 2 198.836 -92.3548
397 354.978 76.7266 2 207.181 -87.407
398 364.978 76.7266 2 215.668 -85.7897
399 374.978 76.7266 2 224.279 -95.5321
400 384.978 76.7266 2 233.001 -96.5319
401 394.978 76.7266 2 241.822 -107.739
402 404.978 76.7266 2 250.732 -113.443
403 414.978 76.7266 2 259.721 -91.0025
404 424.978 76.7266 2 268.781 -90.2483
405 434.978 76.7266 2 277.906 -109.3
406 444.978 76.7266 2 287.09 -110.663
407 454.978 76.7266 2 296.326 -115.707
408 464.978 76.7266 2 305.61 -124.139
409 474.978 76.7266 2 314.938 -124.507
410 484.978 76.7266 2 324.306 -123.461
411 84.9784 86.7266 2 140.115 -83.7541
412 94.9784 86.7266 2 133.494 -102.808
413 104.978 86.7266 2 127.315 -250
414 114.978 86.7266 2 121.645 -250
415 124.978 86.7266 2 116.559 -250
416 134.978 86.7266 2 112.136 -94.3151
417 144.978 86.7266 2 108.457 -96.5198
418 154.978 86.7266 2 105.601 -250
419 164.978 86.7266 2 103.634 -250
420 174.978 86.7266 2 102.608 -250
421 184.978 86.7266 2 102.552 -77.7269
422 194.978 86.7266 2 103.467 -90.6648
423 204.978 86.7266 2 105.328 -101.544
424 214.978 86.7266 2 108.085 -97.3172
425 224.978 86.7266 2 111.673 -250
426 234.978 86.7266 2 116.014 -250
427 244.978 86.7266 2 121.028 -250
428 254.978 86.7266 2 126.634 -111.886
429 264.978 86.7266 2 132.758 -93.3219
430 274.978 86.7266 2 139.331 -92.5726
431 284.978 86.7266 2 146.293 -106.445
432 294.978 86.7266 2 153.591 -95.4606
433 304.978 86.7266 2 161.179 -98.7118
434 314.978 86.7266 2 169.018 -101.754
435 324.978 86.7266 2 177.075 -93.5408
436 334.978 86.7266 2 185.322 -86.5134
437 344.978 86.7266 2 193.733 -86.0405
438 354.978 86.7266 2 202.29 -86.74
439 364.978 86.7266 2 210.973 -104.161
440 374.978 86.7266 2 219.768 -104.112
441 384.978 86.7266 2 228.663 -250
442 394.978 86.7266 2 237.645 -250
443 404.978 86.7266 2 246.705 -250
444 414.978 86.7266 2 255.836 -134.423
445 424.978 86.7266 2 265.029 -110.783
446 434.978 86.7266 2 274.279 -96.5995
447 444.978 86.7266 2 283.58 -250
448 454.978 86.7266 2 292.927 -250
449 464.978 86.7266 2 302.315 -250
450 474.978 86.7266 2 311.742 -136.117
451 484.978 86.7266 2 321.203 -132.814
452 84.9784 96.7266 2 133.526 -80.8391
453 94.9784 96.7266 2 126.561 -91.4684
454 104.978 96.7266 2 120.025 -91.7597
455 114.978 96.7266 2 113.994 -94.1651
456 124.978 96.7266 2 108.55 -97.8243
457 134.978 96.7266 2 103.786 -108.652
458 144.978 96.7266 2 99.7998 -113.918
459 154.978 96.7266 2 96.6876 -250
460 164.978 96.7266 2 94.5356 -250
461 174.978 96.7266 2 93.4101 -250
462 184.978 96.7266 2 93.3485 -80.6945
463 194.978 96.7266 2 94.3526 -250
464 204.978 96.7266 2 96.3893 -250
465 214.978 96.7266 2 99.3951 -250
466 224.978 96.7266 2 103.285 -250
467 234.978 96.7266 2 107.965 -250
468 244.978 96.7266 2 113.335 -250
469 254.978 96.7266 2 119.303 -250
470 264.978 96.7266 2 125.785 -250
471 274.978 96.7266 2 132.704 -92.1076
472 284.978 96.7266 2 139.996 -93.2606
473 294.978 96.7266 2 147.605 -89.1622
474 304.978 96.7266 2 155.485 -102.869
475 314.978 96.7266 2 163.598 -90.5051
476 324.978 96.7266 2 171.909 -85.2006
477 334.978 96.7266 2 180.392 -84.5761
478 344.978 96.7266 2 189.023 -100.158
479 354.978 96.7266 2 197.783 -113.561
480 364.978 96.7266 2 206.656 -103.788
481 374.978 96.7266 2 215.627 -104.238
482 384.978 96.7266 2 224.686 -250
483 394.978 96.7266 2 233.821 -250
484 404.978 96.7266 2 243.024 -250
485 414.978 96.7266 2 252.288 -101.979
486 424.978 96.7266 2 261.606 -107.347
487 434.978 96.7266 2 270.972 -121.356
488 444.978 96.7266 2 280.383 -250
489 454.978 96.7266 2 289.833 -250
490 464.978 96.7266 2 299.318 -250
491 474.978 96.7266 2 308.836 -140.238
492 484.978 96.7266 2 318.384 -151.148
493 84.9784 106.727 2 127.382 -81.0308
494 94.9784 106.727 2 120.061 -90.2973
495 104.978 106.727 2 113.151 -86.6117
496 114.978 106.727 2 106.731 -93.552
497 124.978 106.727 2 100.896 -97.3828
498 134.978 106.727 2 95.7525 -103.326
499 144.978 106.727 2 91.4168 -110.861
500 154.978 106.727 2 88.0086 -250
501 164.978 106.727 2 85.6387 -250
502 174.978 106.727 2 84.3947 -250
503 184.978 106.727 2 84.3265 -74.871
504 194.978 106.727 2 85.4367 -250
505 204.978 106.727 2 87.6808 -250
506 214.978 106.727 2 90.9747 -250
507 224.978 106.727 2 95.2097 -250
508 234.978 106.727 2 100.266 -250
509 244.978 106.727 2 106.028 -250
510 254.978 106.727 2 112.385 -250
511 264.978 106.727 2 119.243 -250
512 274.978 106.727 2 126.52 -95.5649
513 284.978 106.727 2 134.148 -92.4944
514 294.978 106.727 2 142.071 -86.6639
515 304.978 106.727 2 150.242 -84.6164
516 314.978 106.727 2 158.623 -81.0333
517 324.978 106.727 2 167.182 -110.948
518 334.978 106.727 2 175.893 -113.909
519 344.978 106.727 2 184.734 -110.428
520 354.978 106.727 2 193.688 -107.249
521 364.978 106.727 2 202.74 -127.882
522 374.978 106.727 2 211.878 -113.199
523 384.978 106.727 2 221.09 -250
524 394.978 106.727 2 230.367 -250
525 404.978 106.727 2 239.703 -250
526 414.978 106.727 2 249.09 -110.819
527 424.978 106.727 2 258.524 -110.13
528 434.978 106.727 2 267.998 -121.189
529 444.978 106.727 2 277.509 -250
530 454.978 106.727 2 287.054 -250
531 464.978 106.727 2 296.628 -250
532 474.978 106.727 2 306.23 -139.172
533 484.978 106.727 2 315.857 -135.466
534 84.9784 116.727 2 121.75 -85.1875
535 94.9784 116.727 2 114.069 -92.0367
536 104.978 116.727 2 106.771 -116.369
537 114.978 116.727 2 99.943 -250
538 124.978 116.727 2 93.6861 -250
539 134.978 116.727 2 88.1224 -250
540 144.978 116.727 2 83.3909 -250
541 154.978 116.727 2 79.64 -250
542 164.978 116.727 2 77.0131 -250
543 174.978 116.727 2 75.6273 -250
544 184.978 116.727 2 75.5511 -78.0384
545 194.978 116.727 2 76.7884 -250
546 204.978 116.727 2 79.2776 -250
547 214.978 116.727 2 82.9061 -250
548 224.978 116.727 2 87.5323 -250
549 234.978 116.727 2 93.0074 -250
550 244.978 116.727 2 99.1911 -250
551 254.978 116.727 2 105.959 -250
552 264.978 116.727 2 113.207 -250
553 274.978 116.727 2 120.848 -88.81
554 284.978 116.727 2 128.813 -80.9644
555 294.978 116.727 2 137.045 -80.9445
556 304.978 116.727 2 145.498 -86.4048
557 314.978 116.727 2 154.137 -81.2104
558 324.978 116.727 2 162.932 -250
559 334.978 116.727 2 171.858 -250
560 344.978 116.727 2 180.897 -250
561 354.978 116.727 2 190.032 -250
562 364.978 116.727 2 199.25 -250
563 374.978 116.727 2 208.54 -250
564 384.978 116.727 2 217.894 -250
565 394.978 116.727 2 227.302 -250
566 404.978 116.727 2 236.758 -250
567 414.978 116.727 2 246.258 -250
568 424.978 116.727 2 255.796 -119.624
569 434.978 116.727 2 265.368 -117.387
570 444.978 116.727 2 274.97 -250
571 454.978 116.727 2 284.6 -250
572 464.978 116.727 2 294.254 -250
573 474.978 116.727 2 303.931 -150.361
574 484.978 116.727 2 313.628 -152.218
575 84.9784 126.727 2 116.705 -80.0004
576 94.9784 126.727 2 108.668 -80.5813
577 104.978 126.727 2 100.981 -109.252
578 114.978 126.727 2 93.7316 -250
579 124.978 126.727 2 87.0293 -250
580 134.978 126.727 2 81.0098 -250
581 144.978 126.727 2 75.8358 -250
582 154.978 126.727 2 71.6906 -250
583 164.978 126.727 2 68.7607 -250
584 174.978 126.727 2 67.205 -250
585 184.978 126.727 2 67.1192 -74.8933
586 194.978 126.727 2 68.5089 -75.1566
587 204.978 126.727 2 71.2878 -78.7031
588 214.978 126.727 2 75.3023 -74.0665
589 224.978 126.727 2 80.3674 -250
590 234.978 126.727 2 86.2983 -250
591 244.978 126.727 2 92.9295 -250
592 254.978 126.727 2 100.122 -100.937
593 264.978 126.727 2 107.763 -95.1243
594 274.978 126.727 2 115.764 -80.5085
595 284.978 126.727 2 124.056 -80.5099
596 294.978 126.727 2 132.583 -85.0212
597 304.978 126.727 2 141.304 -78.1735
598 314.978 126.727 2 150.184 -81.5833
599 324.978 126.727 2 159.197 -250
600 334.978 126.727 2 168.322 -250
601 344.978 126.727 2 177.541 -250
602 354.978 126.727 2 186.84 -250
603 364.978 126.727 2 196.208 -250
604 374.978 126.727 2 205.636 -250
605 384.978 126.727 2 215.115 -250
606 394.978 126.727 2 224.64 -250
607 404.978 126.727 2 234.204 -250
608 414.978 126.727 2 243.803 -250
609 424.978 126.727 2 253.434 -116.302
610 434.978 126.727 2 263.091 -123.403
611 444.978 126.727 2 272.774 -250
612 454.978 126.727 2 282.478 -250
613 464.978 126.727 2 292.203 -250
614 474.978 126.727 2 301.945 -124.665
615 484.978 126.727 2 311.704 -131.194
616 84.9784 136.727 2 112.326 -82.2056
617 94.9784 136.727 2 103.95 -79.3842
618 104.978 136.727 2 95.8861 -84.359
619 114.978 136.727 2 88.2192 -83.847
620 124.978 136.727 2 81.0624 -80.2142
621 134.978 136.727 2 74.5627 -250
622 144.978 136.727 2 68.9063 -250
623 154.978 136.727 2 64.3161 -250
624 164.978 136.727 2 61.0332 -250
625 174.978 136.727 2 59.275 -250
626 184.978 136.727 2 59.1778 -74.1385
627 194.978 136.727 2 60.7494 -79.2194
628 204.978 136.727 2 63.8669 -77.7659
629 214.978 136.727 2 68.3188 -76.0516
630 224.978 136.727 2 73.8643 -250
631 234.978 136.727 2 80.2772 -250
632 244.978 136.727 2 87.3665 -250
633 254.978 136.727 2 94.981 -80.0262
634 264.978 136.727 2 103.004 -83.9313
635 274.978 136.727 2 111.348 -86.7084
636 284.978 136.727 2 119.945 -83.8529
637 294.978 136.727 2 128.745 -79.6199
638 304.978 136.727 2 137.709 -85.139
639 314.978 136.727 2 146.807 -80.2124
640 324.978 136.727 2 156.015 -250
641 334.978 136.727 2 165.316 -250
642 344.978 136.727 2 174.693 -250
643 354.978 136.727 2 184.136 -250
644 364.978 136.727 2 193.635 -250
645 374.978 136.727 2 203.183 -250
646 384.978 136.727 2 212.771 -250
647 394.978 136.727 2 222.396 -250
648 404.978 136.727 2 232.053 -250
649 414.978 136.727 2 241.738 -250
650 424.978 136.727 2 251.447 -132.811
651 434.978 136.727 2 261.178 -109.18
652 444.978 136.727 2 270.929 -250
653 454.978 136.727 2 280.697 -250
654 464.978 136.727 2 290.482 -250
655 474.978 136.727 2 300.28 -125.723
656 484.978 136.727 2 310.091 -135.119
657 84.9784 146.727 2 108.693 -80.5106
658 94.9784 146.727 2 100.013 -80.542
659 104.978 146.727 2 91.6033 -78.3597
660 114.978 146.727 2 83.5443 -77.3972
661 124.978 146.727 2 75.9483 -86.7281
662 134.978 146.727 2 68.9682 -78.4774
663 144.978 146.727 2 62.81 -71.7389
664 154.978 146.727 2 57.7372 -73.1143
665 164.978 146.727 2 54.0561 -71.8498
666 174.978 146.727 2 52.0629 -69.3004
667 184.978 146.727 2 51.9522 -70.4373
668 194.978 146.727 2 53.7356 -72.4754
669 204.978 146.727 2 57.2363 -75.0494
670 214.978 146.727 2 62.1649 -72.5875
671 224.978 146.727 2 68.2126 -84.9743
672 234.978 146.727 2 75.1095 -74.6768
673 244.978 146.727 2 82.6434 -79.9269
674 254.978 146.727 2 90.6554 -74.6594
675 264.978 146.727 2 99.0297 -85.9418
676 274.978 146.727 2 107.682 -98.9229
677 284.978 146.727 2 116.55 -86.3627
678 294.978 146.727 2 125.588 -92.6509
679 304.978 146.727 2 134.762 -102.305
680 314.978 146.727 2 144.046 -89.3148
681 324.978 146.727 2 153.42 -85.211
682 334.978 146.727 2 162.869 -81.9346
683 344.978 146.727 2 172.38 -82.8949
684 354.978 146.727 2 181.943 -88.2862
685 364.978 146.727 2 191.551 -86.0503
686 374.978 146.727 2 201.197 -90.554
687 384.978 146.727 2 210.876 -89.7492
688 394.978 146.727 2 220.584 -89.6904
689 404.978 146.727 2 230.316 -87.101
690 414.978 146.727 2 240.071 -90.8615
691 424.978 146.727 2 249.845 -95.9049
692 434.978 146.727 2 259.636 -103.079
693 444.978 146.727 2 269.443 -98.4865
694 454.978 146.727 2 279.263 -116.199
695 464.978 146.727 2 289.096 -107.587
696 474.978 146.727 2 298.94 -108.204
697 484.978 146.727 2 308.794 -119.201
698 84.9784 156.727 2 105.883 -78.3734
699 94.9784 156.727 2 96.9521 -77.5369
700 104.978 156.727 2 88.2507 -81.3787
701 114.978 156.727 2 79.8541 -75.533
702 124.978 156.727 2 71.869 -83.5267
703 134.978 156.727 2 64.4487 -79.0201
704 144.978 156.727 2 57.8111 -80.939
705 154.978 156.727 2 52.2552 -69.9248
706 164.978 156.727 2 48.1569 -73.4948
707 174.978 156.727 2 45.9082 -71.9371
708 184.978 156.727 2 45.7826 -69.4037
709 194.978 156.727 2 47.7968 -69.7436
710 204.978 156.727 2 51.7012 -71.1827
711 214.978 156.727 2 57.1095 -73.3683
712 224.978 156.727 2 63.6394 -87.3474
713 234.978 156.727 2 70.9821 -100.689
714 244.978 156.727 2 78.911 -85.5513
715 254.978 156.727 2 87.2664 -80.7768
716 264.978 156.727 2 95.937 -90.6434
717 274.978 156.727 2 104.845 -86.5901
718 284.978 156.727 2 113.934 -96.3357
719 294.978 156.727 2 123.164 -97.3618
720 304.978 156.727 2 132.506 -88.3997
721 314.978 156.727 2 141.938 -97.1727
722 324.978 156.727 2 151.442 -105.763
723 334.978 156.727 2 161.007 -100.165
724 344.978 156.727 2 170.622 -104.559
725 354.978 156.727 2 180.278 -95.9028
726 364.978 156.727 2 189.97 -99.1247
727 374.978 156.727 2 199.693 -95.1412
728 384.978 156.727 2 209.441 -89.0984
729 394.978 156.727 2 219.213 -87.9864
730 404.978 156.727 2 229.004 -86.8831
731 414.978 156.727 2 238.812 -89.0158
732 424.978 156.727 2 248.636 -91.0336
733 434.978 156.727 2 258.473 -92.9906
734 444.978 156.727 2 268.322 -88.2194
735 454.978 156.727 2 278.182 -87.1523
736 464.978 156.727 2 288.051 -89.5539
737 474.978 156.727 2 297.93 -97.6345
738 484.978 156.727 2 307.816 -100.883
739 84.9784 166.727 2 103.963 -81.1435
740 94.9784 166.727 2 94.8511 -80.7854
741 104.978 166.727 2 85.9372 -78.3084
742 114.978 166.727 2 77.2897 -79.249
743 124.978 166.727 2 69.0085 -75.9734
744 134.978 166.727 2 61.2426 -79.5395
745 144.978 166.727 2 54.2138 -70.8173
746 154.978 166.727 2 48.2454 -74.1733
747 164.978 166.727 2 43.7733 -70.3968
748 174.978 166.727 2 41.2866 -72.2531
749 184.978 166.727 2 41.1469 -70.8702
750 194.978 166.727 2 43.3768 -74.9132
751 204.978 166.727 2 47.6448 -71.2883
752 214.978 166.727 2 53.4651 -75.9149
753 224.978 166.727 2 60.3904 -250
754 234.978 166.727 2 68.0843 -97.2976
755 244.978 166.727 2 76.3149 -250
756 254.978 166.727 2 84.9261 -250
757 264.978 166.727 2 93.8132 -250
758 274.978 166.727 2 102.905 -99.4465
759 284.978 166.727 2 112.151 -99.7782
760 294.978 166.727 2 121.517 -250
761 304.978 166.727 2 130.977 -250
762 314.978 166.727 2 140.511 -250
763 324.978 166.727 2 150.106 -250
764 334.978 166.727 2 159.751 -250
765 344.978 166.727 2 169.437 -250
766 354.978 166.727 2 179.157 -113.044
767 364.978 166.727 2 188.907 -100.353
768 374.978 166.727 2 198.681 -250
769 384.978 166.727 2 208.477 -124.246
770 394.978 166.727 2 218.292 -112.103
771 404.978 166.727 2 228.122 -95.8007
772 414.978 166.727 2 237.967 -91.6038
773 424.978 166.727 2 247.824 -97.0266
774 434.978 166.727 2 257.692 -87.993
775 444.978 166.727 2 267.57 -250
776 454.978 166.727 2 277.456 -250
777 464.978 166.727 2 287.351 -250
778 474.978 166.727 2 297.253 -111.823
779 484.978 166.727 2 307.16 -114.574
780 84.9784 176.727 2 102.982 -80.4989
781 94.9784 176.727 2 93.775 -80.899
782 104.978 176.727 2 84.748 -75.6488
783 114.978 176.727 2 75.9652 -78.3725
784 124.978 176.727 2 67.5218 -77.207
785 134.978 176.727 2 59.5624 -72.7536
786 144.978 176.727 2 52.3083 -72.4471
787 154.978 176.727 2 46.0938 -71.0833
788 164.978 176.727 2 41.3899 -74.8679
789 174.978 176.727 2 38.7505 -77.9362
790 184.978 176.727 2 38.6016 -77.5826
791 194.978 176.727 2 40.9703 -69.0646
792 204.978 176.727 2 45.4648 -69.3603
793 214.978 176.727 2 51.5319 -69.249
794 224.978 176.727 2 58.6857 -250
795 234.978 176.727 2 66.577 -106.222
796 244.978 176.727 2 74.9732 -250
797 254.978 176.727 2 83.7225 -250
798 264.978 176.727 2 92.7251 -250
799 274.978 176.727 2 101.914 -99.09
800 284.978 176.727 2 111.243 -93.4497
801 294.978 176.727 2 120.679 -250
802 304.978 176.727 2 130.199 -250
803 314.978 176.727 2 139.787 -250
804 324.978 176.727 2 149.428 -250
805 334.978 176.727 2 159.114 -250
806 344.978 176.727 2 168.837 -250
807 354.978 176.727 2 178.59 -126.825
808 364.978 176.727 2 188.369 -129.878
809 374.978 176.727 2 198.17 -250
810 384.978 176.727 2 207.99 -96.5942
811 394.978 176.727 2 217.826 -107.82
812 404.978 176.727 2 227.677 -102.581
813 414.978 176.727 2 237.54 -98.8871
814 424.978 176.727 2 247.414 -96.3371
815 434.978 176.727 2 257.298 -94.5657
816 444.978 176.727 2 267.19 -250
817 454.978 176.727 2 277.09 -250
818 464.978 176.727 2 286.998 -250
819 474.978 176.727 2 296.911 -127.609
820 484.978 176.727 2 306.83 -133.365
821 84.9784 186.727 2 102.967 -82.6033
822 94.9784 186.727 2 93.7591 -81.7467
823 104.978 186.727 2 84.7304 -76.8222
824 114.978 186.727 2 75.9456 -77.9295
825 124.978 186.727 2 67.4997 -77.1094
826 134.978 186.727 2 59.5373 -73.2965
827 144.978 186.727 2 52.2798 -72.4418
828 154.978 186.727 2 46.0615 -70.7963
829 164.978 186.727 2 41.3538 -73.6592
830 174.978 186.727 2 38.712 -79.6761
831 184.978 186.727 2 38.563 -75.9329
832 194.978 186.727 2 40.9339 -68.723
833 204.978 186.727 2 45.432 -70.3246
834 214.978 186.727 2 51.5029 -69.2869
835 224.978 186.727 2 58.6603 -250
836 234.978 186.727 2 66.5546 -113.584
837 244.978 186.727 2 74.9533 -250
838 254.978 186.727 2 83.7047 -250
839 264.978 186.727 2 92.709 -250
840 274.978 186.727 2 101.899 -100.216
841 284.978 186.727 2 111.229 -102.671
842 294.978 186.727 2 120.667 -112.568
843 304.978 186.727 2 130.188 -111.098
844 314.978 186.727 2 139.776 -112.047
845 324.978 186.727 2 149.418 -113.271
846 334.978 186.727 2 159.105 -250
847 344.978 186.727 2 168.828 -250
848 354.978 186.727 2 178.581 -250
849 364.978 186.727 2 188.361 -250
850 374.978 186.727 2 198.162 -250
851 384.978 186.727 2 207.983 -101.045
852 394.978 186.727 2 217.819 -98.7244
853 404.978 186.727 2 227.67 -103.755
854 414.978 186.727 2 237.534 -105.234
855 424.978 186.727 2 247.408 -112.867
856 434.978 186.727 2 257.292 -109.305
857 444.978 186.727 2 267.185 -250
858 454.978 186.727 2 277.085 -250
859 464.978 186.727 2 286.992 -250
860 474.978 186.727 2 296.906 -139.847
861 484.978 186.727 2 306.825 -132.693
862 84.9784 196.727 2 103.92 -79.5377
863 94.9784 196.727 2 94.8039 -80.6835
864 104.978 196.727 2 85.8852 -76.9761
865 114.978 196.727 2 77.2318 -73.571
866 124.978 196.727 2 68.9437 -75.8395
867 134.978 196.727 2 61.1695 -81.369
868 144.978 196.727 2 54.1313 -71.6511
869 154.978 196.727 2 48.1526 -72.8716
870 164.978 196.727 2 43.671 -71.1893
871 174.978 196.727 2 41.1782 -70.0476
872 184.978 196.727 2 41.0381 -69.0939
873 194.978 196.727 2 43.2736 -77.776
874 204.978 196.727 2 47.5509 -69.1724
875 214.978 196.727 2 53.3814 -78.5021
876 224.978 196.727 2 60.3163 -250
877 234.978 196.727 2 68.0186 -100.521
878 244.978 196.727 2 76.2563 -89.789
879 254.978 196.727 2 84.8734 -78.7379
880 264.978 196.727 2 93.7656 -81.7014
881 274.978 196.727 2 102.861 -82.2416
882 284.978 196.727 2 112.111 -82.1066
883 294.978 196.727 2 121.48 -81.5749
884 304.978 196.727 2 130.942 -80.4231
885 314.978 196.727 2 140.479 -79.5785
886 324.978 196.727 2 150.076 -86.748
887 334.978 196.727 2 159.723 -250
888 344.978 196.727 2 169.41 -250
889 354.978 196.727 2 179.132 -127.123
890 364.978 196.727 2 188.883 -119.127
891 374.978 196.727 2 198.659 -124.727
892 384.978 196.727 2 208.456 -101.429
893 394.978 196.727 2 218.271 -102.092
894 404.978 196.727 2 228.102 -102.76
895 414.978 196.727 2 237.948 -103.395
896 424.978 196.727 2 247.806 -250
897 434.978 196.727 2 257.675 -250
898 444.978 196.727 2 267.553 -250
899 454.978 196.727 2 277.44 -250
900 464.978 196.727 2 287.335 -250
901 474.978 196.727 2 297.237 -131.765
902 484.978 196.727 2 307.146 -132.183
903 84.9784 206.727 2 105.813 -82.4775
904 94.9784 206.727 2 96.8752 -92.4459
905 104.978 206.727 2 88.1662 -105.576
906 114.978 206.727 2 79.7607 -138.394
907 124.978 206.727 2 71.7652 -250
908 134.978 206.727 2 64.333 -84.5109
909 144.978 206.727 2 57.682 -74.0726
910 154.978 206.727 2 52.1123 -70.7494
911 164.978 206.727 2 48.0018 -71.543
912 174.978 206.727 2 45.7456 -69.4412
913 184.978 206.727 2 45.6195 -69.3569
914 194.978 206.727 2 47.6406 -69.7846
915 204.978 206.727 2 51.5568 -72.6797
916 214.978 206.727 2 56.9788 -72.0768
917 224.978 206.727 2 63.5222 -74.0604
918 234.978 206.727 2 70.877 -73.958
919 244.978 206.727 2 78.8165 -79.3295
920 254.978 206.727 2 87.1809 -79.8459
921 264.978 206.727 2 95.8593 -80.22
922 274.978 206.727 2 104.773 -77.6092
923 284.978 206.727 2 113.868 -80.1
924 294.978 206.727 2 123.103 -84.4424
925 304.978 206.727 2 132.45 -79.3129
926 314.978 206.727 2 141.885 -79.6226
927 324.978 206.727 2 151.393 -76.3114
928 334.978 206.727 2 160.961 -250
929 344.978 206.727 2 170.578 -250
930 354.978 206.727 2 180.237 -109.081
931 364.978 206.727 2 189.931 -119.353
932 374.978 206.727 2 199.655 -113.584
933 384.978 206.727 2 209.406 -124.931
934 394.978 206.727 2 219.179 -107.746
935 404.978 206.727 2 228.971 -104.796
936 414.978 206.727 2 238.781 -96.3196
937 424.978 206.727 2 248.606 -250
938 434.978 206.727 2 258.444 -250
939 444.978 206.727 2 268.294 -250
940 454.978 206.727 2 278.155 -250
941 464.978 206.727 2 288.025 -250
942 474.978 206.727 2 297.905 -163.868
943 484.978 206.727 2 307.792 -136.105
944 84.9784 216.727 2 108.597 -87.1366
945 94.9784 216.727 2 99.9091 -94.6899
946 104.978 216.727 2 91.4894 -102.644
947 114.978 216.727 2 83.4193 -131.742
948 124.978 216.727 2 75.8107 -250
949 134.978 216.727 2 68.8168 -74.931
950 144.978 216.727 2 62.6437 -75.2705
951 154.978 216.727 2 57.5562 -74.1805
952 164.978 216.727 2 53.8627 -71.741
953 174.978 216.727 2 51.8621 -70.6499
954 184.978 216.727 2 51.7509 -70.6523
955 194.978 216.727 2 53.541 -74.508
956 204.978 216.727 2 57.0537 -72.4864
957 214.978 216.727 2 61.9968 -75.0062
958 224.978 216.727 2 68.0595 -80.0542
959 234.978 216.727 2 74.9705 -74.7725
960 244.978 216.727 2 82.517 -81.9731
961 254.978 216.727 2 90.5402 -76.3051
962 264.978 216.727 2 98.9243 -77.5533
963 274.978 216.727 2 107.585 -79.0665
964 284.978 216.727 2 116.46 -79.6375
965 294.978 216.727 2 125.505 -250
966 304.978 216.727 2 134.685 -250
967 314.978 216.727 2 143.974 -250
968 324.978 216.727 2 153.352 -250
969 334.978 216.727 2 162.805 -250
970 344.978 216.727 2 172.319 -250
971 354.978 216.727 2 181.886 -118.96
972 364.978 216.727 2 191.496 -127.441
973 374.978 216.727 2 201.145 -113.66
974 384.978 216.727 2 210.826 -130.514
975 394.978 216.727 2 220.536 -95.0287
976 404.978 216.727 2 230.271 -92.4557
977 414.978 216.727 2 240.028 -95.1762
978 424.978 216.727 2 249.803 -250
979 434.978 216.727 2 259.596 -250
980 444.978 216.727 2 269.404 -250
981 454.978 216.727 2 279.226 -250
982 464.978 216.727 2 289.06 -250
983 474.978 216.727 2 298.905 -132.439
984 484.978 216.727 2 308.76 -134.886
985 84.9784 226.727 2 112.207 -94.2968
986 94.9784 226.727 2 103.821 -94.2645
987 104.978 226.727 2 95.7461 -250
988 114.978 226.727 2 88.067 -250
989 124.978 226.727 2 80.8968 -250
990 134.978 226.727 2 74.3826 -81.0915
991 144.978 226.727 2 68.7114 -74.4184
992 154.978 226.727 2 64.1072 -75.6248
993 164.978 226.727 2 60.8129 -76.6476
994 174.978 226.727 2 59.0483 -72.1437
995 184.978 226.727 2 58.9506 -74.5831
996 194.978 226.727 2 60.5282 -75.3094
997 204.978 226.727 2 63.6564 -74.4127
998 214.978 226.727 2 68.1221 -80.8927
999 224.978 226.727 2 73.6825 -75.0025
1000 234.978 226.727 2 80.1099 -76.201
1001 244.978 226.727 2 87.2128 -82.2871
1002 254.978 226.727 2 94.8396 -80.3709
1003 264.978 226.727 2 102.874 -81.8478
1004 274.978 226.727 2 111.227 -79.7762
1005 284.978 226.727 2 119.833 -76.4806
1006 294.978 226.727 2 128.641 -250
1007 304.978 226.727 2 137.612 -250
1008 314.978 226.727 2 146.716 -250
1009 324.978 226.727 2 155.929 -250
1010 334.978 226.727 2 165.234 -250
1011 344.978 226.727 2 174.616 -250
1012 354.978 226.727 2 184.064 -119.011
1013 364.978 226.727 2 193.566 -117.764
1014 374.978 226.727 2 203.117 -115.99
1015 384.978 226.727 2 212.708 -90.9308
1016 394.978 226.727 2 222.336 -93.6732
1017 404.978 226.727 2 231.995 -104.01
1018 414.978 226.727 2 241.682 -120.857
1019 424.978 226.727 2 251.394 -250
1020 434.978 226.727 2 261.127 -250
1021 444.978 226.727 2 270.88 -250
1022 454.978 226.727 2 280.65 -250
1023 464.978 226.727 2 290.435 -250
1024 474.978 226.727 2 300.235 -125.812
1025 484.978 226.727 2 310.048 -133.539
1026 84.9784 236.727 2 116.565 -100.223
1027 94.9784 236.727 2 108.517 -93.0127
1028 104.978 236.727 2 100.818 -91.587
1029 114.978 236.727 2 93.5565 -91.5134
1030 124.978 236.727 2 86.8407 -250
1031 134.978 236.727 2 80.8071 -74.2132
1032 144.978 236.727 2 75.6192 -76.6741
1033 154.978 236.727 2 71.4615 -73.7845
1034 164.978 236.727 2 68.5218 -77.076
1035 174.978 236.727 2 66.9605 -75.5365
1036 184.978 236.727 2 66.8745 -74.7105
1037 194.978 236.727 2 68.2692 -81.7472
1038 204.978 236.727 2 71.0575 -75.6977
1039 214.978 236.727 2 75.0842 -74.5458
1040 224.978 236.727 2 80.1631 -76.0387
1041 234.978 236.727 2 86.1081 -81.9863
1042 244.978 236.727 2 92.7528 -77.8915
1043 254.978 236.727 2 99.9579 -79.8928
1044 264.978 236.727 2 107.611 -78.2414
1045 274.978 236.727 2 115.622 -80.9702
1046 284.978 236.727 2 123.923 -81.577
1047 294.978 236.727 2 132.459 -250
1048 304.978 236.727 2 141.188 -250
1049 314.978 236.727 2 150.075 -250
1050 324.978 236.727 2 159.094 -250
1051 334.978 236.727 2 168.224 -250
1052 344.978 236.727 2 177.448 -250
1053 354.978 236.727 2 186.752 -116.86
1054 364.978 236.727 2 196.125 -91.3278
1055 374.978 236.727 2 205.556 -91.6718
1056 384.978 236.727 2 215.039 -99.8147
1057 394.978 236.727 2 224.567 -113.794
1058 404.978 236.727 2 234.134 -105.332
1059 414.978 236.727 2 243.736 -250
1060 424.978 236.727 2 253.369 -250
1061 434.978 236.727 2 263.029 -250
1062 444.978 236.727 2 272.714 -250
1063 454.978 236.727 2 282.42 -250
1064 464.978 236.727 2 292.147 -250
1065 474.978 236.727 2 301.891 -121.524
1066 484.978 236.727 2 311.652 -144.596
1067 84.9784 246.727 2 121.591 -92.5535
1068 94.9784 246.727 2 113.899 -95.4489
1069 104.978 246.727 2 106.59 -97.0403
1070 114.978 246.727 2 99.7489 -102.038
1071 124.978 246.727 2 93.479 -90.4071
1072 134.978 246.727 2 87.9022 -76.3191
1073 144.978 246.727 2 83.1582 -81.9651
1074 154.978 246.727 2 79.3963 -74.3743
1075 164.978 246.727 2 76.761 -77.8674
1076 174.978 246.727 2 75.3706 -75.8763
1077 184.978 246.727 2 75.2942 -77.7139
1078 194.978 246.727 2 76.5356 -79.8222
1079 204.978 246.727 2 79.0328 -75.3541
1080 214.978 246.727 2 82.672 -78.7827
1081 224.978 246.727 2 87.3106 -84.4635
1082 234.978 246.727 2 92.7989 -78.8383
1083 244.978 246.727 2 98.9955 -79.5888
1084 254.978 246.727 2 105.776 -75.7261
1085 264.978 246.727 2 113.036 -81.8103
1086 274.978 246.727 2 120.688 -79.3067
1087 284.978 246.727 2 128.662 -80.3735
1088 294.978 246.727 2 136.903 -82.699
1089 304.978 246.727 2 145.365 -95.9026
1090 314.978 246.727 2 154.011 -101.165
1091 324.978 246.727 2 162.813 -90.0713
1092 334.978 246.727 2 171.745 -86.6685
1093 344.978 246.727 2 180.79 -87.5883
1094 354.978 246.727 2 189.93 -93.2733
1095 364.978 246.727 2 199.153 -103.163
1096 374.978 246.727 2 208.448 -112.264
1097 384.978 246.727 2 217.805 -103.607
1098 394.978 246.727 2 227.217 -107.719
1099 404.978 246.727 2 236.677 -109.018
1100 414.978 246.727 2 246.179 -108.119
1101 424.978 246.727 2 255.72 -113.072
1102 434.978 246.727 2 265.295 -117.753
1103 444.978 246.727 2 274.9 -114.936
1104 454.978 246.727 2 284.532 -110.781
1105 464.978 246.727 2 294.188 -109.189
1106 474.978 246.727 2 303.867 -113.073
1107 484.978 246.727 2 313.566 -121.833
1108 84.9784 256.727 2 127.206 -94.9132
1109 94.9784 256.727 2 119.874 -96.6112
1110 104.978 256.727 2 112.953 -104.7
1111 114.978 256.727 2 106.522 -94.6804
1112 124.978 256.727 2 100.674 -81.9498
1113 134.978 256.727 2 95.5187 -77.5887
1114 144.978 256.727 2 91.1718 -77.1625
1115 154.978 256.727 2 87.7541 -89.4321
1116 164.978 256.727 2 85.3772 -78.5789
1117 174.978 256.727 2 84.1294 -78.2133
1118 184.978 256.727 2 84.0609 -75.33
1119 194.978 256.727 2 85.1746 -78.335
1120 204.978 256.727 2 87.4254 -83.4651
1121 214.978 256.727 2 90.7286 -77.4227
1122 224.978 256.727 2 94.9745 -82.2911
1123 234.978 256.727 2 100.043 -81.7241
1124 244.978 256.727 2 105.816 -75.4116
1125 254.978 256.727 2 112.186 -88.7395
1126 264.978 256.727 2 119.055 -77.5302
1127 274.978 256.727 2 126.343 -83.2556
1128 284.978 256.727 2 133.982 -83.6007
1129 294.978 256.727 2 141.914 -82.737
1130 304.978 256.727 2 150.093 -87.7943
1131 314.978 256.727 2 158.482 -86.9688
1132 324.978 256.727 2 167.048 -86.0283
1133 334.978 256.727 2 175.765 -88.0442
1134 344.978 256.727 2 184.613 -97.7472
1135 354.978 256.727 2 193.573 -93.6749
1136 364.978 256.727 2 202.63 -89.7869
1137 374.978 256.727 2 211.772 -96.5536
1138 384.978 256.727 2 220.988 -97.3149
1139 394.978 256.727 2 230.27 -100.813
1140 404.978 256.727 2 239.61 -120.042
1141 414.978 256.727 2 249.001 -117.586
1142 424.978 256.727 2 258.437 -114.656
1143 434.978 256.727 2 267.915 -113.477
1144 444.978 256.727 2 277.429 -111.971
1145 454.978 256.727 2 286.976 -109.765
1146 464.978 256.727 2 296.553 -119.534
1147 474.978 256.727 2 306.157 -114.715
1148 484.978 256.727 2 315.786 -112.793
1149 84.9784 266.727 2 133.336 -85.3726
1150 94.9784 266.727 2 126.36 -90.0872
1151 104.978 266.727 2 119.814 -86.3426
1152 114.978 266.727 2 113.771 -78.4847
1153 124.978 266.727 2 108.316 -98.343
1154 134.978 266.727 2 103.541 -250
1155 144.978 266.727 2 99.5456 -250
1156 154.978 266.727 2 96.4251 -250
1157 164.978 266.727 2 94.2671 -250
1158 174.978 266.727 2 93.1384 -85.2842
1159 184.978 266.727 2 93.0766 -80.1357
1160 194.978 266.727 2 94.0837 -80.2779
1161 204.978 266.727 2 96.126 -78.4598
1162 214.978 266.727 2 99.1398 -80.4512
1163 224.978 266.727 2 103.04 -82.3783
1164 234.978 266.727 2 107.73 -77.9108
1165 244.978 266.727 2 113.111 -250
1166 254.978 266.727 2 119.091 -250
1167 264.978 266.727 2 125.583 -250
1168 274.978 266.727 2 132.513 -100.365
1169 284.978 266.727 2 139.814 -82.0631
1170 294.978 266.727 2 147.433 -250
1171 304.978 266.727 2 155.322 -250
1172 314.978 266.727 2 163.443 -250
1173 324.978 266.727 2 171.761 -250
1174 334.978 266.727 2 180.251 -250
1175 344.978 266.727 2 188.889 -250
1176 354.978 266.727 2 197.655 -250
1177 364.978 266.727 2 206.533 -250
1178 374.978 266.727 2 215.51 -250
1179 384.978 266.727 2 224.573 -250
1180 394.978 266.727 2 233.712 -250
1181 404.978 266.727 2 242.919 -250
1182 414.978 266.727 2 252.187 -250
1183 424.978 266.727 2 261.509 -250
1184 434.978 266.727 2 270.879 -250
1185 444.978 266.727 2 280.292 -250
1186 454.978 266.727 2 289.745 -250
1187 464.978 266.727 2 299.234 -250
1188 474.978 266.727 2 308.754 -121.897
1189 484.978 266.727 2 318.304 -117.513
1190 84.9784 276.727 2 139.912 -81.4998
1191 94.9784 276.727 2 133.281 -82.2647
1192 104.978 276.727 2 127.092 -80.764
1193 114.978 276.727 2 121.412 -81.0005
1194 124.978 276.727 2 116.316 -114.679
1195 134.978 276.727 2 111.883 -250
1196 144.978 276.727 2 108.196 -250
1197 154.978 276.727 2 105.332 -250
1198 164.978 276.727 2 103.36 -250
1199 174.978 276.727 2 102.332 -80.4131
1200 184.978 276.727 2 102.275 -80.8271
1201 194.978 276.727 2 103.193 -80.1506
1202 204.978 276.727 2 105.058 -78.3201
1203 214.978 276.727 2 107.823 -79.9703
1204 224.978 276.727 2 111.419 -81.6504
1205 234.978 276.727 2 115.77 -84.2498
1206 244.978 276.727 2 120.794 -250
1207 254.978 276.727 2 126.411 -250
1208 264.978 276.727 2 132.545 -250
1209 274.978 276.727 2 139.128 -91.8898
1210 284.978 276.727 2 146.1 -89.5653
1211 294.978 276.727 2 153.407 -250
1212 304.978 276.727 2 161.003 -250
1213 314.978 276.727 2 168.851 -250
1214 324.978 276.727 2 176.915 -250
1215 334.978 276.727 2 185.169 -250
1216 344.978 276.727 2 193.587 -250
1217 354.978 276.727 2 202.15 -250
1218 364.978 276.727 2 210.839 -213.5
1219 374.978 276.727 2 219.639 -250
1220 384.978 276.727 2 228.539 -250
1221 394.978 276.727 2 237.526 -250
1222 404.978 276.727 2 246.591 -250
1223 414.978 276.727 2 255.725 -250
1224 424.978 276.727 2 264.922 -250
1225 434.978 276.727 2 274.176 -250
1226 444.978 276.727 2 283.48 -250
1227 454.978 276.727 2 292.83 -250
1228 464.978 276.727 2 302.221 -250
1229 474.978 276.727 2 311.651 -135.479
1230 484.978 276.727 2 321.115 -118.724
1231 84.9784 286.727 2 146.876 -84.3487
1232 94.9784 286.727 2 140.574 -84.3783
1233 104.978 286.727 2 134.72 -82.2562
1234 114.978 286.727 2 129.375 -97.6672
1235 124.978 286.727 2 124.605 -114.518
1236 134.978 286.727 2 120.478 -250
1237 144.978 286.727 2 117.061 -250
1238 154.978 286.727 2 114.42 -250
1239 164.978 286.727 2 112.607 -250
1240 174.978 286.727 2 111.664 -85.497
1241 184.978 286.727 2 111.612 -80.6245
1242 194.978 286.727 2 112.453 -81.1101
1243 204.978 286.727 2 114.168 -79.5499
1244 214.978 286.727 2 116.716 -79.987
1245 224.978 286.727 2 120.047 -79.8711
1246 234.978 286.727 2 124.096 -82.858
1247 244.978 286.727 2 128.795 -250
1248 254.978 286.727 2 134.077 -250
1249 264.978 286.727 2 139.875 -250
1250 274.978 286.727 2 146.129 -89.5935
1251 284.978 286.727 2 152.781 -104.29
1252 294.978 286.727 2 159.783 -250
1253 304.978 286.727 2 167.09 -250
1254 314.978 286.727 2 174.664 -250
1255 324.978 286.727 2 182.472 -250
1256 334.978 286.727 2 190.485 -250
1257 344.978 286.727 2 198.678 -250
1258 354.978 286.727 2 207.03 -250
1259 364.978 286.727 2 215.523 -250
1260 374.978 286.727 2 224.139 -250
1261 384.978 286.727 2 232.867 -250
1262 394.978 286.727 2 241.693 -250
1263 404.978 286.727 2 250.607 -250
1264 414.978 286.727 2 259.6 -250
1265 424.978 286.727 2 268.665 -250
1266 434.978 286.727 2 277.794 -250
1267 444.978 286.727 2 286.981 -250
1268 454.978 286.727 2 296.22 -250
1269 464.978 286.727 2 305.507 -250
1270 474.978 286.727 2 314.838 -119.908
1271 484.978 286.727 2 324.209 -124.419
1272 84.9784 296.727 2 154.174 -83.567
1273 94.9784 296.727 2 148.182 -84.7253
1274 104.978 296.727 2 142.641 -87.1915
1275 114.978 296.727 2 137.604 -99.3025
1276 124.978 296.727 2 133.129 -113.801
1277 134.978 296.727 2 129.275 -169.092
1278 144.978 296.727 2 126.097 -250
1279 154.978 296.727 2 123.648 -250
1280 164.978 296.727 2 121.973 -250
1281 174.978 296.727 2 121.103 -90.9259
1282 184.978 296.727 2 121.055 -81.3201
1283 194.978 296.727 2 121.831 -83.1962
1284 204.978 296.727 2 123.415 -84.0268
1285 214.978 296.727 2 125.777 -78.009
1286 224.978 296.727 2 128.873 -87.1964
1287 234.978 296.727 2 132.653 -90.4351
1288 244.978 296.727 2 137.059 -250
1289 254.978 296.727 2 142.034 -250
1290 264.978 296.727 2 147.52 -250
1291 274.978 296.727 2 153.462 -115.781
1292 284.978 296.727 2 159.81 -98.3091
1293 294.978 296.727 2 166.516 -250
1294 304.978 296.727 2 173.54 -250
1295 314.978 296.727 2 180.844 -250
1296 324.978 296.727 2 188.396 -118.832
1297 334.978 296.727 2 196.167 -121.124
1298 344.978 296.727 2 204.132 -130.573
1299 354.978 296.727 2 212.27 -113.291
1300 364.978 296.727 2 220.561 -108.984
1301 374.978 296.727 2 228.988 -120.583
1302 384.978 296.727 2 237.537 -119.811
1303 394.978 296.727 2 246.196 -118.977
1304 404.978 296.727 2 254.953 -125.994
1305 414.978 296.727 2 263.798 -122.159
1306 424.978 296.727 2 272.723 -121.476
1307 434.978 296.727 2 281.72 -250
1308 444.978 296.727 2 290.783 -250
1309 454.978 296.727 2 299.906 -250
1310 464.978 296.727 2 309.082 -250
1311 474.978 296.727 2 318.308 -118.649
1312 484.978 296.727 2 327.58 -122.064
1313 84.9784 306.727 2 161.761 -84.5302
1314 94.9784 306.727 2 156.061 -82.6503
1315 104.978 306.727 2 150.809 -90.7594
1316 114.978 306.727 2 146.055 -102.054
1317 124.978 306.727 2 141.847 -101.261
1318 134.978 306.727 2 138.235 -250
1319 144.978 306.727 2 135.268 -250
1320 154.978 306.727 2 132.988 -250
1321 164.978 306.727 2 131.432 -250
1322 174.978 306.727 2 130.625 -79.372
1323 184.978 306.727 2 130.581 -80.1933
1324 194.978 306.727 2 131.3 -83.7535
1325 204.978 306.727 2 132.772 -82.6107
1326 214.978 306.727 2 134.97 -83.7072
1327 224.978 306.727 2 137.86 -79.4007
1328 234.978 306.727 2 141.399 -77.2835
1329 244.978 306.727 2 145.541 -250
1330 254.978 306.727 2 150.235 -250
1331 264.978 306.727 2 155.432 -250
1332 274.978 306.727 2 161.083 -96.5216
1333 284.978 306.727 2 167.141 -91.0211
1334 294.978 306.727 2 173.564 -250
1335 304.978 306.727 2 180.314 -250
1336 314.978 306.727 2 187.354 -250
1337 324.978 306.727 2 194.654 -109.525
1338 334.978 306.727 2 202.184 -250
1339 344.978 306.727 2 209.922 -250
1340 354.978 306.727 2 217.843 -250
1341 364.978 306.727 2 225.929 -108.058
1342 374.978 306.727 2 234.163 -250
1343 384.978 306.727 2 242.53 -250
1344 394.978 306.727 2 251.017 -250
1345 404.978 306.727 2 259.611 -250
1346 414.978 306.727 2 268.303 -250
1347 424.978 306.727 2 277.083 -250
1348 434.978 306.727 2 285.943 -250
1349 444.978 306.727 2 294.876 -250
1350 454.978 306.727 2 303.876 -250
1351 464.978 306.727 2 312.936 -250
1352 474.978 306.727 2 322.052 -114.219
1353 484.978 306.727 2 331.219 -131.253
1354 84.9784 316.727 2 169.598 -85.0821
1355 94.9784 316.727 2 164.171 -83.2484
1356 104.978 316.727 2 159.187 -90.8187
1357 114.978 316.727 2 154.69 -112.908
1358 124.978 316.727 2 150.723 -108.611
1359 134.978 316.727 2 147.329 -250
1360 144.978 316.727 2 144.549 -250
1361 154.978 316.727 2 142.418 -250
1362 164.978 316.727 2 140.966 -250
1363 174.978 316.727 2 140.214 -77.9394
1364 184.978 316.727 2 140.173 -82.1612
1365 194.978 316.727 2 140.843 -84.0358
1366 204.978 316.727 2 142.216 -82.9526
1367 214.978 316.727 2 144.27 -87.0755
1368 224.978 316.727 2 146.977 -81.4028
1369 234.978 316.727 2 150.302 -83.4622
1370 244.978 316.727 2 154.205 -250
1371 254.978 316.727 2 158.643 -250
1372 264.978 316.727 2 163.573 -250
1373 274.978 316.727 2 168.952 -101.395
1374 284.978 316.727 2 174.737 -96.0859
1375 294.978 316.727 2 180.891 -250
1376 304.978 316.727 2 187.377 -250
1377 314.978 316.727 2 194.161 -250
1378 324.978 316.727 2 201.214 -104.852
1379 334.978 316.727 2 208.508 -250
1380 344.978 316.727 2 216.019 -250
1381 354.978 316.727 2 223.724 -250
1382 364.978 316.727 2 231.605 -97.9637
1383 374.978 316.727 2 239.645 -250
1384 384.978 316.727 2 247.827 -250
1385 394.978 316.727 2 256.138 -250
1386 404.978 316.727 2 264.566 -250
1387 414.978 316.727 2 273.1 -250
1388 424.978 316.727 2 281.73 -250
1389 434.978 316.727 2 290.449 -250
1390 444.978 316.727 2 299.247 -250
1391 454.978 316.727 2 308.119 -250
1392 464.978 316.727 2 317.058 -250
1393 474.978 316.727 2 326.059 -129.148
1394 484.978 316.727 2 335.116 -109.356
1395 84.9784 326.727 2 177.653 -85.3457
1396 94.9784 326.727 2 172.479 -83.9898
1397 104.978 326.727 2 167.742 -93.7105
1398 114.978 326.727 2 163.481 -109.187
1399 124.978 326.727 2 159.732 -107.959
1400 134.978 326.727 2 156.534 -112.183
1401 144.978 326.727 2 153.92 -110.809
1402 154.978 326.727 2 151.921 -126.276
1403 164.978 326.727 2 150.56 -107.309
1404 174.978 326.727 2 149.856 -78.1629
1405 184.978 326.727 2 149.818 -82.1678
1406 194.978 326.727 2 150.445 -82.2709
1407 204.978 326.727 2 151.731 -86.3113
1408 214.978 326.727 2 153.658 -84.8892
1409 224.978 326.727 2 156.203 -82.9677
1410 234.978 326.727 2 159.335 -92.1639
1411 244.978 326.727 2 163.022 -92.7565
1412 254.978 326.727 2 167.227 -97.3574
1413 264.978 326.727 2 171.911 -116.889
1414 274.978 326.727 2 177.036 -107.63
1415 284.978 326.727 2 182.566 -99.0934
1416 294.978 326.727 2 188.464 -102.244
1417 304.978 326.727 2 194.698 -97.6206
1418 314.978 326.727 2 201.235 -101.995
1419 324.978 326.727 2 208.048 -115.759
1420 334.978 326.727 2 215.111 -92.7769
1421 344.978 326.727 2 222.398 -105.292
1422 354.978 326.727 2 229.89 -93.8656
1423 364.978 326.727 2 237.567 -95.0309
1424 374.978 326.727 2 245.411 -93.3543
1425 384.978 326.727 2 253.407 -94.4164
1426 394.978 326.727 2 261.541 -99.8722
1427 404.978 326.727 2 269.8 -111.912
1428 414.978 326.727 2 278.173 -109
1429 424.978 326.727 2 286.651 -111.571
1430 434.978 326.727 2 295.224 -116.415
1431 444.978 326.727 2 303.885 -105.001
1432 454.978 326.727 2 312.625 -109.047
1433 464.978 326.727 2 321.439 -119.888
1434 474.978 326.727 2 330.32 -106.995
1435 484.978 326.727 2 339.264 -134.329
1436 84.9784 336.727 2 185.897 -86.0236
1437 94.9784 336.727 2 180.959 -80.7161
1438 104.978 336.727 2 176.45 -93.9292
1439 114.978 336.727 2 172.404 -107.398
1440 124.978 336.727 2 168.853 -111.057
1441 134.978 336.727 2 165.831 -114.687
1442 144.978 336.727 2 163.366 -109.605
1443 154.978 336.727 2 161.484 -112.742
1444 164.978 336.727 2 160.204 -117.506
1445 174.978 336.727 2 159.543 -78.4126
1446 184.978 336.727 2 159.507 -82.4633
1447 194.978 336.727 2 160.096 -87.1744
1448 204.978 336.727 2 161.305 -82.2677
1449 214.978 336.727 2 163.119 -88.4646
1450 224.978 336.727 2 165.518 -81.0432
1451 234.978 336.727 2 168.478 -81.3045
1452 244.978 336.727 2 171.969 -80.4938
1453 254.978 336.727 2 175.96 -107.224
1454 264.978 336.727 2 180.417 -99.8661
1455 274.978 336.727 2 185.307 -103.163
1456 284.978 336.727 2 190.597 -106.553
1457 294.978 336.727 2 196.254 -97.9746
1458 304.978 336.727 2 202.248 -102.204
1459 314.978 336.727 2 208.549 -101.584
1460 324.978 336.727 2 215.131 -108.096
1461 334.978 336.727 2 221.968 -111.52
1462 344.978 336.727 2 229.037 -91.684
1463 354.978 336.727 2 236.319 -96.8434
1464 364.978 336.727 2 243.793 -92.7465
1465 374.978 336.727 2 251.443 -102.661
1466 384.978 336.727 2 259.253 -95.2669
1467 394.978 336.727 2 267.209 -102.714
1468 404.978 336.727 2 275.298 -114.491
1469 414.978 336.727 2 283.509 -111.105
1470 424.978 336.727 2 291.832 -112.364
1471 434.978 336.727 2 300.257 -101.361
1472 444.978 336.727 2 308.776 -104.11
1473 454.978 336.727 2 317.382 -108.867
1474 464.978 336.727 2 326.067 -107.994
1475 474.978 336.727 2 334.826 -105.991
1476 484.978 336.727 2 343.652 -106.586
1477 84.9784 346.727 2 194.305 -84.8245
1478 94.9784 346.727 2 189.587 -84.3654
1479 104.978 346.727 2 185.288 -93.8198
1480 114.978 346.727 2 181.439 -250
1481 124.978 346.727 2 178.069 -250
1482 134.978 346.727 2 175.206 -250
1483 144.978 346.727 2 172.874 -250
1484 154.978 346.727 2 171.096 -250
1485 164.978 346.727 2 169.889 -250
1486 174.978 346.727 2 169.266 -250
1487 184.978 346.727 2 169.232 -83.9104
1488 194.978 346.727 2 169.788 -83.3659
1489 204.978 346.727 2 170.928 -86.7622
1490 214.978 346.727 2 172.641 -83.3056
1491 224.978 346.727 2 174.909 -100.517
1492 234.978 346.727 2 177.713 -83.6932
1493 244.978 346.727 2 181.026 -250
1494 254.978 346.727 2 184.821 -250
1495 264.978 346.727 2 189.069 -250
1496 274.978 346.727 2 193.741 -104.96
1497 284.978 346.727 2 198.807 -100.168
1498 294.978 346.727 2 204.237 -96.9741
1499 304.978 346.727 2 210.003 -100.986
1500 314.978 346.727 2 216.078 -106.306
1501 324.978 346.727 2 222.437 -100.835
1502 334.978 346.727 2 229.056 -108.145
1503 344.978 346.727 2 235.913 -92.9688
1504 354.978 346.727 2 242.989 -93.8043
1505 364.978 346.727 2 250.264 -95.1887
1506 374.978 346.727 2 257.722 -100.623
1507 384.978 346.727 2 265.347 -250
1508 394.978 346.727 2 273.125 -250
1509 404.978 346.727 2 281.044 -250
1510 414.978 346.727 2 289.093 -250
1511 424.978 346.727 2 297.259 -250
1512 434.978 346.727 2 305.535 -250
1513 444.978 346.727 2 313.911 -103.531
1514 454.978 346.727 2 322.379 -250
1515 464.978 346.727 2 330.933 -250
1516 474.978 346.727 2 339.566 -122.577
1517 484.978 346.727 2 348.273 -110.158
1518 84.9784 356.727 2 202.859 -85.6702
1519 94.9784 356.727 2 198.343 -83.9338
1520 104.978 356.727 2 194.238 -250
1521 114.978 356.727 2 190.57 -250
1522 124.978 356.727 2 187.365 -250
1523 134.978 356.727 2 184.646 -250
1524 144.978 356.727 2 182.435 -250
1525 154.978 356.727 2 180.751 -250
1526 164.978 356.727 2 179.609 -250
1527 174.978 356.727 2 179.019 -250
1528 184.978 356.727 2 178.987 -84.9031
1529 194.978 356.727 2 179.513 -82.0366
1530 204.978 356.727 2 180.592 -84.2206
1531 214.978 356.727 2 182.214 -87.3586
1532 224.978 356.727 2 184.365 -84.4005
1533 234.978 356.727 2 187.026 -82.9412
1534 244.978 356.727 2 190.177 -250
1535 254.978 356.727 2 193.793 -250
1536 264.978 356.727 2 197.849 -250
1537 274.978 356.727 2 202.318 -112.511
1538 284.978 356.727 2 207.174 -101.867
1539 294.978 356.727 2 212.39 -97.0477
1540 304.978 356.727 2 217.941 -101.02
1541 314.978 356.727 2 223.801 -99.9048
1542 324.978 356.727 2 229.946 -104.25
1543 334.978 356.727 2 236.355 -101.766
1544 344.978 356.727 2 243.006 -100.72
1545 354.978 356.727 2 249.881 -92.3814
1546 364.978 356.727 2 256.961 -95.1172
1547 374.978 356.727 2 264.23 -90.3783
1548 384.978 356.727 2 271.673 -90.5071
1549 394.978 356.727 2 279.275 -250
1550 404.978 356.727 2 287.024 -250
1551 414.978 356.727 2 294.909 -250
1552 424.978 356.727 2 302.919 -250
1553 434.978 356.727 2 311.044 -250
1554 444.978 356.727 2 319.276 -111.113
1555 454.978 356.727 2 327.606 -250
1556 464.978 356.727 2 336.027 -250
1557 474.978 356.727 2 344.532 -109.954
1558 484.978 356.727 2 353.116 -111.508
1559 84.9784 366.727 2 211.539 -87.3732
1560 94.9784 366.727 2 207.213 -83.8546
1561 104.978 366.727 2 203.287 -250
1562 114.978 366.727 2 199.785 -250
1563 124.978 366.727 2 196.73 -250
1564 134.978 366.727 2 194.142 -250
1565 144.978 366.727 2 192.04 -250
1566 154.978 366.727 2 190.442 -250
1567 164.978 366.727 2 189.358 -250
1568 174.978 366.727 2 188.799 -250
1569 184.978 366.727 2 188.768 -107.678
1570 194.978 366.727 2 189.267 -250
1571 204.978 366.727 2 190.29 -250
1572 214.978 366.727 2 191.83 -250
1573 224.978 366.727 2 193.875 -250
1574 234.978 366.727 2 196.407 -250
1575 244.978 366.727 2 199.41 -250
1576 254.978 366.727 2 202.862 -250
1577 264.978 366.727 2 206.74 -250
1578 274.978 366.727 2 211.021 -105.563
1579 284.978 366.727 2 215.681 -100.585
1580 294.978 366.727 2 220.696 -101.056
1581 304.978 366.727 2 226.043 -94.9568
1582 314.978 366.727 2 231.697 -104.589
1583 324.978 366.727 2 237.639 -88.9072
1584 334.978 366.727 2 243.846 -94.1035
1585 344.978 366.727 2 250.298 -94.4484
1586 354.978 366.727 2 256.978 -92.0326
1587 364.978 366.727 2 263.868 -90.7574
1588 374.978 366.727 2 270.951 -88.5785
1589 384.978 366.727 2 278.214 -99.8213
1590 394.978 366.727 2 285.642 -250
1591 404.978 366.727 2 293.224 -250
1592 414.978 366.727 2 300.946 -250
1593 424.978 366.727 2 308.799 -250
1594 434.978 366.727 2 316.774 -250
1595 444.978 366.727 2 324.86 -120.995
1596 454.978 366.727 2 333.05 -250
1597 464.978 366.727 2 341.337 -250
1598 474.978 366.727 2 349.713 -135.669
1599 484.978 366.727 2 358.173 -120.864
1600 84.9784 376.727 2 220.331 -86.1425
1601 94.9784 376.727 2 216.181 -110.676
1602 104.978 376.727 2 212.421 -250
1603 114.978 376.727 2 209.072 -250
1604 124.978 376.727 2 206.154 -250
1605 134.978 376.727 2 203.686 -250
1606 144.978 376.727 2 201.684 -250
1607 154.978 376.727 2 200.162 -250
1608 164.978 376.727 2 199.132 -250
1609 174.978 376.727 2 198.6 -250
1610 184.978 376.727 2 198.571 -83.1659
1611 194.978 376.727 2 199.045 -250
1612 204.978 376.727 2 200.019 -250
1613 214.978 376.727 2 201.484 -250
1614 224.978 376.727 2 203.432 -250
1615 234.978 376.727 2 205.847 -250
1616 244.978 376.727 2 208.714 -250
1617 254.978 376.727 2 212.014 -250
1618 264.978 376.727 2 215.727 -250
1619 274.978 376.727 2 219.834 -99.4361
1620 284.978 376.727 2 224.311 -96.4617
1621 294.978 376.727 2 229.137 -110.103
1622 304.978 376.727 2 234.291 -102.831
1623 314.978 376.727 2 239.751 -95.709
1624 324.978 376.727 2 245.498 -86.9936
1625 334.978 376.727 2 251.511 -85.4507
1626 344.978 376.727 2 257.772 -97.4606
1627 354.978 376.727 2 264.262 -89.8805
1628 364.978 376.727 2 270.967 -96.9635
1629 374.978 376.727 2 277.87 -91.2624
1630 384.978 376.727 2 284.956 -250
1631 394.978 376.727 2 292.213 -250
1632 404.978 376.727 2 299.628 -250
1633 414.978 376.727 2 307.19 -250
1634 424.978 376.727 2 314.887 -250
1635 434.978 376.727 2 322.711 -250
1636 444.978 376.727 2 330.652 -250
1637 454.978 376.727 2 338.703 -250
1638 464.978 376.727 2 346.854 -250
1639 474.978 376.727 2 355.101 -117.783
1640 484.978 376.727 2 363.435 -112.418
1641 84.9784 386.727 2 229.222 -83.7899
1642 94.9784 386.727 2 225.236 -115.244
1643 104.978 386.727 2 221.629 -121.191
1644 114.978 386.727 2 218.422 -250
1645 124.978 386.727 2 215.631 -250
1646 134.978 386.727 2 213.272 -250
1647 144.978 386.727 2 211.361 -250
1648 154.978 386.727 2 209.91 -250
1649 164.978 386.727 2 208.927 -250
1650 174.978 386.727 2 208.42 -250
1651 184.978 386.727 2 208.393 -92.4765
1652 194.978 386.727 2 208.844 -250
1653 204.978 386.727 2 209.772 -250
1654 214.978 386.727 2 211.17 -250
1655 224.978 386.727 2 213.029 -250
1656 234.978 386.727 2 215.337 -250
1657 244.978 386.727 2 218.079 -250
1658 254.978 386.727 2 221.239 -250
1659 264.978 386.727 2 224.801 -250
1660 274.978 386.727 2 228.744 -99.1339
1661 284.978 386.727 2 233.05 -106.253
1662 294.978 386.727 2 237.699 -117.396
1663 304.978 386.727 2 242.671 -98.8473
1664 314.978 386.727 2 247.947 -100.169
1665 324.978 386.727 2 253.508 -88.74
1666 334.978 386.727 2 259.335 -83.3586
1667 344.978 386.727 2 265.411 -93.1083
1668 354.978 386.727 2 271.72 -89.2548
1669 364.978 386.727 2 278.245 -83.6337
1670 374.978 386.727 2 284.971 -82.4462
1671 384.978 386.727 2 291.885 -250
1672 394.978 386.727 2 298.974 -250
1673 404.978 386.727 2 306.226 -250
1674 414.978 386.727 2 313.628 -250
1675 424.978 386.727 2 321.171 -250
1676 434.978 386.727 2 328.846 -250
1677 444.978 386.727 2 336.642 -250
1678 454.978 386.727 2 344.553 -250
1679 464.978 386.727 2 352.569 -250
1680 474.978 386.727 2 360.685 -119.34
1681 484.978 386.727 2 368.893 -116.093
1682 84.9784 396.727 2 238.201 -102.95
1683 94.9784 396.727 2 234.368 -121.506
1684 104.978 396.727 2 230.904 -121.721
1685 114.978 396.727 2 227.827 -119.118
1686 124.978 396.727 2 225.152 -125.202
1687 134.978 396.727 2 222.895 -104.681
1688 144.978 396.727 2 221.067 -113.144
1689 154.978 396.727 2 219.679 -107.292
1690 164.978 396.727 2 218.741 -105.173
1691 174.978 396.727 2 218.257 -122.459
1692 184.978 396.727 2 218.23 -92.3525
1693 194.978 396.727 2 218.662 -104.459
1694 204.978 396.727 2 219.548 -110.316
1695 214.978 396.727 2 220.884 -105.395
1696 224.978 396.727 2 222.662 -104.995
1697 234.978 396.727 2 224.871 -87.6492
1698 244.978 396.727 2 227.498 -250
1699 254.978 396.727 2 230.53 -250
1700 264.978 396.727 2 233.949 -250
1701 274.978 396.727 2 237.741 -108.28
1702 284.978 396.727 2 241.887 -109.295
1703 294.978 396.727 2 246.369 -108.513
1704 304.978 396.727 2 251.17 -94.9347
1705 314.978 396.727 2 256.271 -95.3718
1706 324.978 396.727 2 261.655 -92.3472
1707 334.978 396.727 2 267.305 -87.389
1708 344.978 396.727 2 273.204 -84.8094
1709 354.978 396.727 2 279.336 -87.6778
1710 364.978 396.727 2 285.687 -88.7431
1711 374.978 396.727 2 292.242 -93.1348
1712 384.978 396.727 2 298.989 -250
1713 394.978 396.727 2 305.913 -250
1714 404.978 396.727 2 313.003 -250
1715 414.978 396.727 2 320.249 -250
1716 424.978 396.727 2 327.64 -250
1717 434.978 396.727 2 335.166 -250
1718 444.978 396.727 2 342.819 -250
1719 454.978 396.727 2 350.59 -250
1720 464.978 396.727 2 358.472 -250
1721 474.978 396.727 2 366.457 -117.64
1722 484.978 396.727 2 374.538 -103.83
1723 84.9784 406.727 2 247.258 -113.428
1724 94.9784 406.727 2 243.568 -114.826
1725 104.978 406.727 2 240.237 -110.427
1726 114.978 406.727 2 237.281 -106.007
1727 124.978 406.727 2 234.714 -116.667
1728 134.978 406.727 2 232.549 -117.867
1729 144.978 406.727 2 230.798 -114.972
1730 154.978 406.727 2 229.469 -105.189
1731 164.978 406.727 2 228.571 -108.555
1732 174.978 406.727 2 228.107 -113.741
1733 184.978 406.727 2 228.082 -91.4352
1734 194.978 406.727 2 228.495 -105.626
1735 204.978 406.727 2 229.344 -108.426
1736 214.978 406.727 2 230.623 -105.064
1737 224.978 406.727 2 232.326 -107.914
1738 234.978 406.727 2 234.444 -87.0186
1739 244.978 406.727 2 236.965 -91.8772
1740 254.978 406.727 2 239.877 -100.617
1741 264.978 406.727 2 243.165 -106.434
1742 274.978 406.727 2 246.815 -108.077
1743 284.978 406.727 2 250.811 -115.698
1744 294.978 406.727 2 255.137 -110.609
1745 304.978 406.727 2 259.775 -91.9616
1746 314.978 406.727 2 264.711 -86.7159
1747 324.978 406.727 2 269.926 -88.756
1748 334.978 406.727 2 275.407 -83.2482
1749 344.978 406.727 2 281.136 -103.728
1750 354.978 406.727 2 287.099 -84.1297
1751 364.978 406.727 2 293.282 -91.256
1752 374.978 406.727 2 299.671 -92.5205
1753 384.978 406.727 2 306.253 -104.891
1754 394.978 406.727 2 313.017 -92.9817
1755 404.978 406.727 2 319.95 -105.56
1756 414.978 406.727 2 327.042 -95.9303
1757 424.978 406.727 2 334.283 -97.0437
1758 434.978 406.727 2 341.663 -103.296
1759 444.978 406.727 2 349.173 -107.636
1760 454.978 406.727 2 356.806 -101.559
1761 464.978 406.727 2 364.553 -105.994
1762 474.978 406.727 2 372.408 -102.497
1763 484.978 406.727 2 380.363 -107.185
1764 84.9784 416.727 2 256.386 -107.939
1765 94.9784 416.727 2 252.828 -112.352
1766 104.978 416.727 2 249.621 -120.385
1767 114.978 416.727 2 246.778 -250
1768 124.978 416.727 2 244.311 -250
1769 134.978 416.727 2 242.232 -250
1770 144.978 416.727 2 240.551 -250
1771 154.978 416.727 2 239.276 -106.94
1772 164.978 416.727 2 238.415 -114.551
1773 174.978 416.727 2 237.971 -99.347
1774 184.978 416.727 2 237.946 -89.8629
1775 194.978 416.727 2 238.342 -121.618
1776 204.978 416.727 2 239.156 -101.506
1777 214.978 416.727 2 240.383 -102.293
1778 224.978 416.727 2 242.017 -102.544
1779 234.978 416.727 2 244.051 -96.0036
1780 244.978 416.727 2 246.474 -92.5691
1781 254.978 416.727 2 249.275 -107.88
1782 264.978 416.727 2 252.441 -127.688
1783 274.978 416.727 2 255.959 -106.567
1784 284.978 416.727 2 259.814 -104.801
1785 294.978 416.727 2 263.992 -114.868
1786 304.978 416.727 2 268.478 -94.3294
1787 314.978 416.727 2 273.256 -84.5378
1788 324.978 416.727 2 278.311 -85.1154
1789 334.978 416.727 2 283.63 -83.6212
1790 344.978 416.727 2 289.196 -85.6143
1791 354.978 416.727 2 294.996 -84.5386
1792 364.978 416.727 2 301.017 -89.2892
1793 374.978 416.727 2 307.245 -94.595
1794 384.978 416.727 2 313.669 -92.2555
1795 394.978 416.727 2 320.276 -99.7835
1796 404.978 416.727 2 327.055 -100.247
1797 414.978 416.727 2 333.996 -99.2699
1798 424.978 416.727 2 341.09 -98.459
1799 434.978 416.727 2 348.325 -105.54
1800 444.978 416.727 2 355.695 -98.3556
1801 454.978 416.727 2 363.191 -115.243
1802 464.978 416.727 2 370.805 -102.386
1803 474.978 416.727 2 378.529 -112.87
1804 484.978 416.727 2 386.359 -119.727
1805 84.9784 426.727 2 265.576 -114.226
1806 94.9784 426.727 2 262.143 -122.632
1807 104.978 426.727 2 259.052 -124.641
1808 114.978 426.727 2 256.313 -250
1809 124.978 426.727 2 253.938 -250
1810 134.978 426.727 2 251.939 -250
1811 144.978 426.727 2 250.323 -250
1812 154.978 426.727 2 249.099 -114.839
1813 164.978 426.727 2 248.271 -250
1814 174.978 426.727 2 247.845 -250
1815 184.978 426.727 2 247.822 -250
1816 194.978 426.727 2 248.202 -250
1817 204.978 426.727 2 248.983 -250
1818 214.978 426.727 2 250.162 -250
1819 224.978 426.727 2 251.733 -103.246
1820 234.978 426.727 2 253.689 -250
1821 244.978 426.727 2 256.02 -250
1822 254.978 426.727 2 258.718 -250
1823 264.978 426.727 2 261.77 -250
1824 274.978 426.727 2 265.164 -108.881
1825 284.978 426.727 2 268.887 -101.645
1826 294.978 426.727 2 272.926 -99.8465
1827 304.978 426.727 2 277.268 -250
1828 314.978 426.727 2 281.897 -250
1829 324.978 426.727 2 286.8 -250
1830 334.978 426.727 2 291.964 -250
1831 344.978 426.727 2 297.374 -250
1832 354.978 426.727 2 303.018 -250
1833 364.978 426.727 2 308.882 -250
1834 374.978 426.727 2 314.955 -250
1835 384.978 426.727 2 321.225 -250
1836 394.978 426.727 2 327.679 -250
1837 404.978 426.727 2 334.308 -250
1838 414.978 426.727 2 341.102 -250
1839 424.978 426.727 2 348.05 -250
1840 434.978 426.727 2 355.144 -250
1841 444.978 426.727 2 362.376 -250
1842 454.978 426.727 2 369.736 -250
1843 464.978 426.727 2 377.218 -122.326
1844 474.978 426.727 2 384.814 -99.0784
1845 484.978 426.727 2 392.518 -250
1846 84.9784 436.727 2 274.823 -111.718
1847 94.9784 436.727 2 271.507 -123.092
1848 104.978 436.727 2 268.523 -122.274
1849 114.978 436.727 2 265.882 -250
1850 124.978 436.727 2 263.594 -250
1851 134.978 436.727 2 261.668 -250
1852 144.978 436.727 2 260.113 -250
1853 154.978 436.727 2 258.935 -107.525
1854 164.978 436.727 2 258.139 -250
1855 174.978 436.727 2 257.729 -250
1856 184.978 436.727 2 257.706 -250
1857 194.978 436.727 2 258.072 -250
1858 204.978 436.727 2 258.823 -250
1859 214.978 436.727 2 259.958 -250
1860 224.978 436.727 2 261.47 -101.295
1861 234.978 436.727 2 263.353 -250
1862 244.978 436.727 2 265.6 -250
1863 254.978 436.727 2 268.201 -250
1864 264.978 436.727 2 271.147 -250
1865 274.978 436.727 2 274.425 -107.931
1866 284.978 436.727 2 278.024 -109.621
1867 294.978 436.727 2 281.932 -94.6954
1868 304.978 436.727 2 286.137 -250
1869 314.978 436.727 2 290.625 -250
1870 324.978 436.727 2 295.383 -250
1871 334.978 436.727 2 300.399 -250
1872 344.978 436.727 2 305.66 -250
1873 354.978 436.727 2 311.154 -250
1874 364.978 436.727 2 316.868 -250
1875 374.978 436.727 2 322.791 -250
1876 384.978 436.727 2 328.911 -250
1877 394.978 436.727 2 335.217 -250
1878 404.978 436.727 2 341.7 -250
1879 414.978 436.727 2 348.35 -250
1880 424.978 436.727 2 355.157 -250
1881 434.978 436.727 2 362.111 -250
1882 444.978 436.727 2 369.206 -250
1883 454.978 436.727 2 376.433 -250
1884 464.978 436.727 2 383.784 -111.217
1885 474.978 436.727 2 391.253 -111.36
1886 484.978 436.727 2 398.832 -250
1887 84.9784 446.727 2 284.121 -121.748
1888 94.9784 446.727 2 280.915 -126.738
1889 104.978 446.727 2 278.032 -121.829
1890 114.978 446.727 2 275.482 -250
1891 124.978 446.727 2 273.274 -250
1892 134.978 446.727 2 271.417 -250
1893 144.978 446.727 2 269.918 -250
1894 154.978 446.727 2 268.783 -110.033
1895 164.978 446.727 2 268.016 -250
1896 174.978 446.727 2 267.621 -250
1897 184.978 446.727 2 267.6 -250
1898 194.978 446.727 2 267.952 -250
1899 204.978 446.727 2 268.676 -250
1900 214.978 446.727 2 269.768 -250
1901 224.978 446.727 2 271.226 -90.3629
1902 234.978 446.727 2 273.042 -250
1903 244.978 446.727 2 275.21 -250
1904 254.978 446.727 2 277.721 -157.033
1905 264.978 446.727 2 280.566 -250
1906 274.978 446.727 2 283.736 -111.889
1907 284.978 446.727 2 287.218 -105.942
1908 294.978 446.727 2 291.003 -102.779
1909 304.978 446.727 2 295.079 -250
1910 314.978 446.727 2 299.433 -250
1911 324.978 446.727 2 304.053 -250
1912 334.978 446.727 2 308.929 -250
1913 344.978 446.727 2 314.047 -250
1914 354.978 446.727 2 319.396 -250
1915 364.978 446.727 2 324.965 -250
1916 374.978 446.727 2 330.743 -250
1917 384.978 446.727 2 336.718 -250
1918 394.978 446.727 2 342.881 -250
1919 404.978 446.727 2 349.222 -250
1920 414.978 446.727 2 355.731 -250
1921 424.978 446.727 2 362.399 -250
1922 434.978 446.727 2 369.218 -250
1923 444.978 446.727 2 376.178 -250
1924 454.978 446.727 2 383.274 -250
1925 464.978 446.727 2 390.496 -117.097
1926 474.978 446.727 2 397.839 -106.866
1927 484.978 446.727 2 405.295 -250
1928 84.9784 456.727 2 293.465 -122.459
1929 94.9784 456.727 2 290.362 -115.746
1930 104.978 456.727 2 287.574 -130.271
1931 114.978 456.727 2 285.109 -250
1932 124.978 456.727 2 282.977 -250
1933 134.978 456.727 2 281.184 -250
1934 144.978 456.727 2 279.737 -250
1935 154.978 456.727 2 278.642 -111.843
1936 164.978 456.727 2 277.902 -250
1937 174.978 456.727 2 277.521 -250
1938 184.978 456.727 2 277.501 -250
1939 194.978 456.727 2 277.84 -250
1940 204.978 456.727 2 278.538 -250
1941 214.978 456.727 2 279.593 -250
1942 224.978 456.727 2 280.999 -107.312
1943 234.978 456.727 2 282.753 -250
1944 244.978 456.727 2 284.846 -250
1945 254.978 456.727 2 287.273 -250
1946 264.978 456.727 2 290.025 -250
1947 274.978 456.727 2 293.092 -103.756
1948 284.978 456.727 2 296.465 -92.8684
1949 294.978 456.727 2 300.133 -96.383
1950 304.978 456.727 2 304.086 -250
1951 314.978 456.727 2 308.313 -250
1952 324.978 456.727 2 312.802 -250
1953 334.978 456.727 2 317.543 -250
1954 344.978 456.727 2 322.525 -250
1955 354.978 456.727 2 327.736 -250
1956 364.978 456.727 2 333.166 -250
1957 374.978 456.727 2 338.803 -250
1958 384.978 456.727 2 344.639 -250
1959 394.978 456.727 2 350.663 -250
1960 404.978 456.727 2 356.866 -250
1961 414.978 456.727 2 363.238 -250
1962 424.978 456.727 2 369.77 -250
1963 434.978 456.727 2 376.455 -250
1964 444.978 456.727 2 383.285 -250
1965 454.978 456.727 2 390.251 -250
1966 464.978 456.727 2 397.346 -107.39
1967 474.978 456.727 2 404.565 -119.721
1968 484.978 456.727 2 411.899 -250
1969 84.9784 466.727 2 302.851 -113.902
1970 94.9784 466.727 2 299.845 -118.2
1971 104.978 466.727 2 297.146 -138.877
1972 114.978 466.727 2 294.761 -250
1973 124.978 466.727 2 292.699 -250
1974 134.978 466.727 2 290.966 -250
1975 144.978 466.727 2 289.568 -250
1976 154.978 466.727 2 288.51 -114.59
1977 164.978 466.727 2 287.796 -250
1978 174.978 466.727 2 287.428 -250
1979 184.978 466.727 2 287.408 -250
1980 194.978 466.727 2 287.736 -250
1981 204.978 466.727 2 288.41 -250
1982 214.978 466.727 2 289.429 -250
1983 224.978 466.727 2 290.788 -101.17
1984 234.978 466.727 2 292.483 -250
1985 244.978 466.727 2 294.507 -250
1986 254.978 466.727 2 296.855 -250
1987 264.978 466.727 2 299.519 -250
1988 274.978 466.727 2 302.49 -104.55
1989 284.978 466.727 2 305.759 -92.8372
1990 294.978 466.727 2 309.317 -111.651
1991 304.978 466.727 2 313.154 -250
1992 314.978 466.727 2 317.26 -250
1993 324.978 466.727 2 321.625 -250
1994 334.978 466.727 2 326.237 -250
1995 344.978 466.727 2 331.088 -250
1996 354.978 466.727 2 336.166 -250
1997 364.978 466.727 2 341.462 -250
1998 374.978 466.727 2 346.965 -250
1999 384.978 466.727 2 352.666 -250
2000 394.978 466.727 2 358.555 -250
2001 404.978 466.727 2 364.623 -250
2002 414.978 466.727 2 370.862 -250
2003 424.978 466.727 2 377.263 -250
2004 434.978 466.727 2 383.817 -250
2005 444.978 466.727 2 390.518 -250
2006 454.978 466.727 2 397.357 -250
2007 464.978 466.727 2 404.328 -126.593
2008 474.978 466.727 2 411.424 -106.653
2009 484.978 466.727 2 418.638 -250
2010 84.9784 476.727 2 312.275 -131.544
2011 94.9784 476.727 2 309.361 -122.336
2012 104.978 476.727 2 306.745 -140.23
2013 114.978 476.727 2 304.436 -134.501
2014 124.978 476.727 2 302.44 -135.318
2015 134.978 476.727 2 300.763 -130.264
2016 144.978 476.727 2 299.411 -131.03
2017 154.978 476.727 2 298.388 -116.192
2018 164.978 476.727 2 297.697 -117.736
2019 174.978 476.727 2 297.342 -143.546
2020 184.978 476.727 2 297.322 -129.42
2021 194.978 476.727 2 297.639 -133.808
2022 204.978 476.727 2 298.291 -124.074
2023 214.978 476.727 2 299.276 -127.147
2024 224.978 476.727 2 300.59 -91.6118
2025 234.978 476.727 2 302.23 -95.6685
2026 244.978 476.727 2 304.19 -101.73
2027 254.978 476.727 2 306.464 -99.3216
2028 264.978 476.727 2 309.044 -126.065
2029 274.978 476.727 2 311.925 -93.6956
2030 284.978 476.727 2 315.096 -91.529
2031 294.978 476.727 2 318.55 -96.5653
2032 304.978 476.727 2 322.277 -250
2033 314.978 476.727 2 326.268 -250
2034 324.978 476.727 2 330.514 -250
2035 334.978 476.727 2 335.004 -250
2036 344.978 476.727 2 339.73 -250
2037 354.978 476.727 2 344.681 -250
2038 364.978 476.727 2 349.848 -250
2039 374.978 476.727 2 355.221 -250
2040 384.978 476.727 2 360.791 -250
2041 394.978 476.727 2 366.55 -250
2042 404.978 476.727 2 372.488 -250
2043 414.978 476.727 2 378.597 -250
2044 424.978 476.727 2 384.869 -250
2045 434.978 476.727 2 391.296 -250
2046 444.978 476.727 2 397.871 -250
2047 454.978 476.727 2 404.586 -250
2048 464.978 476.727 2 411.434 -127.048
2049 474.978 476.727 2 418.41 -124.222
2050 484.978 476.727 2 425.506 -250
2051 84.9784 486.727 2 321.734 -121.28
2052 94.9784 486.727 2 318.906 -138.014
2053 104.978 486.727 2 316.37 -123.856
2054 114.978 486.727 2 314.131 -135.007
2055 124.978 486.727 2 312.197 -131.316
2056 134.978 486.727 2 310.572 -142.77
2057 144.978 486.727 2 309.263 -128.564
2058 154.978 486.727 2 308.273 -119.555
2059 164.978 486.727 2 307.605 -113.703
2060 174.978 486.727 2 307.261 -139.125
2061 184.978 486.727 2 307.242 -128.675
2062 194.978 486.727 2 307.549 -134.601
2063 204.978 486.727 2 308.18 -131.121
2064 214.978 486.727 2 309.133 -126.844
2065 224.978 486.727 2 310.406 -91.1933
2066 234.978 486.727 2 311.994 -86.4263
2067 244.978 486.727 2 313.893 -112.974
2068 254.978 486.727 2 316.097 -105.85
2069 264.978 486.727 2 318.599 -94.8021
2070 274.978 486.727 2 321.394 -93.8211
2071 284.978 486.727 2 324.473 -91.8265
2072 294.978 486.727 2 327.828 -95.855
2073 304.978 486.727 2 331.451 -104.173
2074 314.978 486.727 2 335.333 -100.51
2075 324.978 486.727 2 339.465 -108.088
2076 334.978 486.727 2 343.838 -125.871
2077 344.978 486.727 2 348.444 -134.358
2078 354.978 486.727 2 353.273 -138.541
2079 364.978 486.727 2 358.316 -151.941
2080 374.978 486.727 2 363.564 -135.345
2081 384.978 486.727 2 369.009 -132.137
2082 394.978 486.727 2 374.641 -135.387
2083 404.978 486.727 2 380.453 -139.129
2084 414.978 486.727 2 386.436 -130.036
2085 424.978 486.727 2 392.583 -134.607
2086 434.978 486.727 2 398.886 -136.024
2087 444.978 486.727 2 405.337 -143.78
2088 454.978 486.727 2 411.93 -145.789
2089 464.978 486.727 2 418.659 -112.623
2090 474.978 486.727 2 425.516 -112.811
2091 484.978 486.727 2 432.495 -138.846
2092 84.9784 496.727 2 331.225 -116.142
2093 94.9784 496.727 2 328.479 -136.531
2094 104.978 496.727 2 326.017 -250
2095 114.978 496.727 2 323.845 -250
2096 124.978 496.727 2 321.969 -250
2097 134.978 496.727 2 320.394 -250
2098 144.978 496.727 2 319.125 -250
2099 154.978 496.727 2 318.165 -250
2100 164.978 496.727 2 317.518 -250
2101 174.978 496.727 2 317.185 -250
2102 184.978 496.727 2 317.167 -250
2103 194.978 496.727 2 317.464 -250
2104 204.978 496.727 2 318.075 -127.994
2105 214.978 496.727 2 318.999 -118.904
2106 224.978 496.727 2 320.232 -91.0611
2107 234.978 496.727 2 321.772 -250
2108 244.978 496.727 2 323.613 -250
2109 254.978 496.727 2 325.752 -250
2110 264.978 496.727 2 328.181 -250
2111 274.978 496.727 2 330.894 -93.7491
2112 284.978 496.727 2 333.885 -92.7485
2113 294.978 496.727 2 337.147 -107.59
2114 304.978 496.727 2 340.671 -90.9908
2115 314.978 496.727 2 344.449 -116.742
2116 324.978 496.727 2 348.473 -128.885
2117 334.978 496.727 2 352.735 -120.269
2118 344.978 496.727 2 357.226 -130.859
2119 354.978 496.727 2 361.938 -136.951
2120 364.978 496.727 2 366.861 -132.661
2121 374.978 496.727 2 371.989 -132.078
2122 384.978 496.727 2 377.312 -131.956
2123 394.978 496.727 2 382.822 -139.317
2124 404.978 496.727 2 388.512 -132.003
2125 414.978 496.727 2 394.373 -129.625
2126 424.978 496.727 2 400.398 -136.551
2127 434.978 496.727 2 406.579 -129.243
2128 444.978 496.727 2 412.911 -142.457
2129 454.978 496.727 2 419.385 -110.325
2130 464.978 496.727 2 425.996 -125.265
2131 474.978 496.727 2 432.736 -133.408
2132 484.978 496.727 2 439.601 -123.254
2133 84.9784 506.727 2 340.745 -114.389
2134 94.9784 506.727 2 338.076 -120.388
2135 104.978 506.727 2 335.684 -250
2136 114.978 506.727 2 333.575 -250
2137 124.978 506.727 2 331.754 -250
2138 134.978 506.727 2 330.226 -250
2139 144.978 506.727 2 328.995 -250
2140 154.978 506.727 2 328.064 -250
2141 164.978 506.727 2 327.437 -250
2142 174.978 506.727 2 327.113 -250
2143 184.978 506.727 2 327.096 -250
2144 194.978 506.727 2 327.384 -250
2145 204.978 506.727 2 327.977 -134.045
2146 214.978 506.727 2 328.873 -103.56
2147 224.978 506.727 2 330.069 -92.7167
2148 234.978 506.727 2 331.563 -250
2149 244.978 506.727 2 333.351 -250
2150 254.978 506.727 2 335.427 -250
2151 264.978 506.727 2 337.786 -250
2152 274.978 506.727 2 340.423 -92.2508
2153 284.978 506.727 2 343.332 -91.9605
2154 294.978 506.727 2 346.504 -250
2155 304.978 506.727 2 349.934 -250
2156 314.978 506.727 2 353.613 -250
2157 324.978 506.727 2 357.534 -250
2158 334.978 506.727 2 361.689 -250
2159 344.978 506.727 2 366.07 -250
2160 354.978 506.727 2 370.67 -250
2161 364.978 506.727 2 375.479 -250
2162 374.978 506.727 2 380.49 -250
2163 384.978 506.727 2 385.696 -250
2164 394.978 506.727 2 391.088 -250
2165 404.978 506.727 2 396.659 -250
2166 414.978 506.727 2 402.401 -250
2167 424.978 506.727 2 408.308 -161.155
2168 434.978 506.727 2 414.372 -111.548
2169 444.978 506.727 2 420.586 -110.369
2170 454.978 506.727 2 426.943 -127.922
2171 464.978 506.727 2 433.439 -127.186
2172 474.978 506.727 2 440.066 -123.251
2173 484.978 506.727 2 446.818 -250
2174 84.9784 516.727 2 350.291 -126.384
2175 94.9784 516.727 2 347.696 -120.482
2176 104.978 516.727 2 345.371 -250
2177 114.978 516.727 2 343.321 -250
2178 124.978 516.727 2 341.552 -250
2179 134.978 516.727 2 340.068 -250
2180 144.978 516.727 2 338.873 -250
2181 154.978 516.727 2 337.969 -250
2182 164.978 516.727 2 337.36 -250
2183 174.978 516.727 2 337.046 -250
2184 184.978 516.727 2 337.029 -250
2185 194.978 516.727 2 337.309 -250
2186 204.978 516.727 2 337.884 -141.467
2187 214.978 516.727 2 338.754 -98.1737
2188 224.978 516.727 2 339.916 -92.1232
2189 234.978 516.727 2 341.367 -250
2190 244.978 516.727 2 343.103 -250
2191 254.978 516.727 2 345.12 -250
2192 264.978 516.727 2 347.414 -250
2193 274.978 516.727 2 349.979 -98.5439
2194 284.978 516.727 2 352.808 -125.862
2195 294.978 516.727 2 355.896 -250
2196 304.978 516.727 2 359.236 -250
2197 314.978 516.727 2 362.821 -250
2198 324.978 516.727 2 366.644 -250
2199 334.978 516.727 2 370.697 -250
2200 344.978 516.727 2 374.973 -250
2201 354.978 516.727 2 379.464 -250
2202 364.978 516.727 2 384.163 -250
2203 374.978 516.727 2 389.063 -250
2204 384.978 516.727 2 394.155 -250
2205 394.978 516.727 2 399.433 -250
2206 404.978 516.727 2 404.889 -250
2207 414.978 516.727 2 410.517 -250
2208 424.978 516.727 2 416.308 -107.816
2209 434.978 516.727 2 422.257 -107.184
2210 444.978 516.727 2 428.356 -133.595
2211 454.978 516.727 2 434.601 -129.622
2212 464.978 516.727 2 440.983 -119.795
2213 474.978 516.727 2 447.498 -137.566
2214 484.978 516.727 2 454.14 -250
2215 84.9784 526.727 2 359.862 -120.072
2216 94.9784 526.727 2 357.337 -120.033
2217 104.978 526.727 2 355.074 -250
2218 114.978 526.727 2 353.081 -250
2219 124.978 526.727 2 351.361 -250
2220 134.978 526.727 2 349.919 -250
2221 144.978 526.727 2 348.758 -250
2222 154.978 526.727 2 347.88 -250
2223 164.978 526.727 2 347.288 -250
2224 174.978 526.727 2 346.983 -250
2225 184.978 526.727 2 346.966 -250
2226 194.978 526.727 2 347.238 -250
2227 204.978 526.727 2 347.797 -119.904
2228 214.978 526.727 2 348.642 -90.9095
2229 224.978 526.727 2 349.771 -93.7715
2230 234.978 526.727 2 351.181 -250
2231 244.978 526.727 2 352.869 -250
2232 254.978 526.727 2 354.831 -250
2233 264.978 526.727 2 357.062 -250
2234 274.978 526.727 2 359.558 -87.8666
2235 284.978 526.727 2 362.313 -107.283
2236 294.978 526.727 2 365.32 -250
2237 304.978 526.727 2 368.575 -250
2238 314.978 526.727 2 372.07 -250
2239 324.978 526.727 2 375.798 -250
2240 334.978 526.727 2 379.754 -250
2241 344.978 526.727 2 383.929 -250
2242 354.978 526.727 2 388.317 -250
2243 364.978 526.727 2 392.91 -250
2244 374.978 526.727 2 397.702 -250
2245 384.978 526.727 2 402.685 -250
2246 394.978 526.727 2 407.853 -250
2247 404.978 526.727 2 413.198 -250
2248 414.978 526.727 2 418.713 -250
2249 424.978 526.727 2 424.393 -106.16
2250 434.978 526.727 2 430.23 -127.635
2251 444.978 526.727 2 436.218 -134.767
2252 454.978 526.727 2 442.351 -122.084
2253 464.978 526.727 2 448.624 -131.789
2254 474.978 526.727 2 455.029 -126.899
2255 484.978 526.727 2 461.563 -250
2256 84.9784 536.727 2 369.456 -113.926
2257 94.9784 536.727 2 366.996 -119.141
2258 104.978 536.727 2 364.794 -250
2259 114.978 536.727 2 362.854 -250
2260 124.978 536.727 2 361.181 -250
2261 134.978 536.727 2 359.778 -250
2262 144.978 536.727 2 358.649 -250
2263 154.978 536.727 2 357.795 -250
2264 164.978 536.727 2 357.22 -250
2265 174.978 536.727 2 356.923 -250
2266 184.978 536.727 2 356.907 -250
2267 194.978 536.727 2 357.171 -250
2268 204.978 536.727 2 357.715 -106.904
2269 214.978 536.727 2 358.536 -88.5234
2270 224.978 536.727 2 359.634 -98.5224
2271 234.978 536.727 2 361.006 -250
2272 244.978 536.727 2 362.648 -250
2273 254.978 536.727 2 364.557 -250
2274 264.978 536.727 2 366.73 -250
2275 274.978 536.727 2 369.16 -104.765
2276 284.978 536.727 2 371.843 -96.6144
2277 294.978 536.727 2 374.775 -250
2278 304.978 536.727 2 377.948 -250
2279 314.978 536.727 2 381.357 -250
2280 324.978 536.727 2 384.995 -250
2281 334.978 536.727 2 388.857 -250
2282 344.978 536.727 2 392.936 -250
2283 354.978 536.727 2 397.224 -250
2284 364.978 536.727 2 401.716 -250
2285 374.978 536.727 2 406.404 -250
2286 384.978 536.727 2 411.281 -250
2287 394.978 536.727 2 416.342 -250
2288 404.978 536.727 2 421.58 -250
2289 414.978 536.727 2 426.987 -250
2290 424.978 536.727 2 432.558 -119.313
2291 434.978 536.727 2 438.286 -112.962
2292 444.978 536.727 2 444.166 -124.357
2293 454.978 536.727 2 450.191 -132.804
2294 464.978 536.727 2 456.355 -127.828
2295 474.978 536.727 2 462.654 -141.746
2296 484.978 536.727 2 469.081 -250
2297 84.9784 546.727 2 379.071 -114.459
2298 94.9784 546.727 2 376.674 -140.245
2299 104.978 546.727 2 374.529 -250
2300 114.978 546.727 2 372.64 -250
2301 124.978 546.727 2 371.011 -250
2302 134.978 546.727 2 369.645 -250
2303 144.978 546.727 2 368.546 -250
2304 154.978 546.727 2 367.715 -250
2305 164.978 546.727 2 367.155 -250
2306 174.978 546.727 2 366.867 -250
2307 184.978 546.727 2 366.851 -250
2308 194.978 546.727 2 367.108 -250
2309 204.978 546.727 2 367.637 -106.058
2310 214.978 546.727 2 368.436 -89.2721
2311 224.978 546.727 2 369.505 -102.737
2312 234.978 546.727 2 370.84 -250
2313 244.978 546.727 2 372.439 -250
2314 254.978 546.727 2 374.298 -250
2315 264.978 546.727 2 376.414 -250
2316 274.978 546.727 2 378.782 -98.8126
2317 284.978 546.727 2 381.398 -100.292
2318 294.978 546.727 2 384.257 -250
2319 304.978 546.727 2 387.352 -250
2320 314.978 546.727 2 390.679 -250
2321 324.978 546.727 2 394.232 -250
2322 334.978 546.727 2 398.004 -250
2323 344.978 546.727 2 401.989 -250
2324 354.978 546.727 2 406.182 -250
2325 364.978 546.727 2 410.576 -250
2326 374.978 546.727 2 415.164 -250
2327 384.978 546.727 2 419.94 -250
2328 394.978 546.727 2 424.898 -250
2329 404.978 546.727 2 430.031 -250
2330 414.978 546.727 2 435.333 -250
2331 424.978 546.727 2 440.799 -120.219
2332 434.978 546.727 2 446.421 -122.34
2333 444.978 546.727 2 452.195 -116.519
2334 454.978 546.727 2 458.114 -118.582
2335 464.978 546.727 2 464.174 -131.776
2336 474.978 546.727 2 470.368 -132.096
2337 484.978 546.727 2 476.691 -250
2338 84.9784 556.727 2 388.706 -114.897
2339 94.9784 556.727 2 386.368 -136.966
2340 104.978 556.727 2 384.277 -149.066
2341 114.978 556.727 2 382.436 -149.477
2342 124.978 556.727 2 380.849 -150.122
2343 134.978 556.727 2 379.519 -151.549
2344 144.978 556.727 2 378.448 -159.178
2345 154.978 556.727 2 377.639 -164.983
2346 164.978 556.727 2 377.094 -163.764
2347 174.978 556.727 2 376.813 -162.615
2348 184.978 556.727 2 376.798 -161.538
2349 194.978 556.727 2 377.048 -151.87
2350 204.978 556.727 2 377.563 -104.954
2351 214.978 556.727 2 378.341 -93.8646
2352 224.978 556.727 2 379.382 -98.5615
2353 234.978 556.727 2 380.683 -135.222
2354 244.978 556.727 2 382.24 -156.679
2355 254.978 556.727 2 384.052 -141.476
2356 264.978 556.727 2 386.115 -102.972
2357 274.978 556.727 2 388.424 -101.263
2358 284.978 556.727 2 390.975 -101.352
2359 294.978 556.727 2 393.764 -123.372
2360 304.978 556.727 2 396.785 -152.427
2361 314.978 556.727 2 400.034 -161.316
2362 324.978 556.727 2 403.504 -161.491
2363 334.978 556.727 2 407.19 -163.245
2364 344.978 556.727 2 411.087 -161.748
2365 354.978 556.727 2 415.188 -162.856
2366 364.978 556.727 2 419.487 -161.513
2367 374.978 556.727 2 423.979 -162.027
2368 384.978 556.727 2 428.657 -157.251
2369 394.978 556.727 2 433.515 -163.716
2370 404.978 556.727 2 438.547 -164.623
2371 414.978 556.727 2 443.748 -159.788
2372 424.978 556.727 2 449.111 -118.874
2373 434.978 556.727 2 454.63 -137.445
2374 444.978 556.727 2 460.301 -132.986
2375 454.978 556.727 2 466.118 -120.588
2376 464.978 556.727 2 472.074 -119.404
2377 474.978 556.727 2 478.166 -149.132
2378 484.978 556.727 2 484.388 -144.336
2379 84.9784 566.727 2 398.358 -114.567
2380 94.9784 566.727 2 396.078 -135.435
2381 104.978 566.727 2 394.038 -144.328
2382 114.978 566.727 2 392.243 -145.249
2383 124.978 566.727 2 390.695 -144.166
2384 134.978 566.727 2 389.399 -144.741
2385 144.978 566.727 2 388.355 -147.669
2386 154.978 566.727 2 387.567 -153.238
2387 164.978 566.727 2 387.036 -152.125
2388 174.978 566.727 2 386.763 -150.865
2389 184.978 566.727 2 386.748 -144.436
2390 194.978 566.727 2 386.991 -125.539
2391 204.978 566.727 2 387.493 -102.742
2392 214.978 566.727 2 388.252 -91.9875
2393 224.978 566.727 2 389.266 -102.696
2394 234.978 566.727 2 390.533 -136.404
2395 244.978 566.727 2 392.052 -133.413
2396 254.978 566.727 2 393.819 -125.875
2397 264.978 566.727 2 395.83 -144.219
2398 274.978 566.727 2 398.083 -102.253
2399 284.978 566.727 2 400.573 -103.917
2400 294.978 566.727 2 403.295 -107.012
2401 304.978 566.727 2 406.246 -139.888
2402 314.978 566.727 2 409.419 -152.1
2403 324.978 566.727 2 412.811 -155.786
2404 334.978 566.727 2 416.415 -156.323
2405 344.978 566.727 2 420.226 -156.88
2406 354.978 566.727 2 424.238 -157.492
2407 364.978 566.727 2 428.447 -158.176
2408 374.978 566.727 2 432.845 -158.892
2409 384.978 566.727 2 437.428 -155.571
2410 394.978 566.727 2 442.19 -159.788
2411 404.978 566.727 2 447.125 -163.703
2412 414.978 566.727 2 452.227 -121.37
2413 424.978 566.727 2 457.49 -137.945
2414 434.978 566.727 2 462.91 -128.723
2415 444.978 566.727 2 468.481 -146.311
2416 454.978 566.727 2 474.197 -135.504
2417 464.978 566.727 2 480.053 -119.199
2418 474.978 566.727 2 486.045 -122.349
2419 484.978 566.727 2 492.167 -133.08
2420 84.9784 576.727 2 408.027 -118.818
2421 94.9784 576.727 2 405.801 -133.194
2422 104.978 576.727 2 403.811 -142.307
2423 114.978 576.727 2 402.059 -139.969
2424 124.978 576.727 2 400.55 -144.213
2425 134.978 576.727 2 399.285 -144.152
2426 144.978 576.727 2 398.267 -147.278
2427 154.978 576.727 2 397.499 -148.715
2428 164.978 576.727 2 396.981 -145.78
2429 174.978 576.727 2 396.714 -146.11
2430 184.978 576.727 2 396.7 -146.217
2431 194.978 576.727 2 396.937 -120.076
2432 204.978 576.727 2 397.426 -98.6006
2433 214.978 576.727 2 398.166 -94.1705
2434 224.978 576.727 2 399.155 -111.65
2435 234.978 576.727 2 400.391 -118.273
2436 244.978 576.727 2 401.873 -126.219
2437 254.978 576.727 2 403.597 -112.506
2438 264.978 576.727 2 405.56 -116.784
2439 274.978 576.727 2 407.759 -109.093
2440 284.978 576.727 2 410.19 -103.16
2441 294.978 576.727 2 412.849 -103.277
2442 304.978 576.727 2 415.731 -133.28
2443 314.978 576.727 2 418.833 -136.103
2444 324.978 576.727 2 422.149 -141.099
2445 334.978 576.727 2 425.674 -152.089
2446 344.978 576.727 2 429.403 -153.437
2447 354.978 576.727 2 433.33 -154.383
2448 364.978 576.727 2 437.451 -158.104
2449 374.978 576.727 2 441.76 -156.329
2450 384.978 576.727 2 446.252 -157.368
2451 394.978 576.727 2 450.92 -158.467
2452 404.978 576.727 2 455.76 -128.763
2453 414.978 576.727 2 460.767 -117.217
2454 424.978 576.727 2 465.934 -131.286
2455 434.978 576.727 2 471.257 -135.095
2456 444.978 576.727 2 476.73 -125.199
2457 454.978 576.727 2 482.348 -137.464
2458 464.978 576.727 2 488.107 -131.392
2459 474.978 576.727 2 494.001 -121.564
2460 484.978 576.727 2 500.025 -124.077
2461 84.9784 586.727 2 417.712 -131.818
2462 94.9784 586.727 2 415.538 -139
2463 104.978 586.727 2 413.594 -140.256
2464 114.978 586.727 2 411.884 -142.603
2465 124.978 586.727 2 410.411 -145.495
2466 134.978 586.727 2 409.177 -148.871
2467 144.978 586.727 2 408.184 -140.401
2468 154.978 586.727 2 407.434 -139.787
2469 164.978 586.727 2 406.929 -154.933
2470 174.978 586.727 2 406.669 -138.394
2471 184.978 586.727 2 406.654 -133.125
2472 194.978 586.727 2 406.886 -112.948
2473 204.978 586.727 2 407.363 -100.272
2474 214.978 586.727 2 408.085 -106.261
2475 224.978 586.727 2 409.05 -111.955
2476 234.978 586.727 2 410.256 -121.731
2477 244.978 586.727 2 411.702 -127.09
2478 254.978 586.727 2 413.385 -107.548
2479 264.978 586.727 2 415.302 -119.274
2480 274.978 586.727 2 417.45 -130.944
2481 284.978 586.727 2 419.825 -101.428
2482 294.978 586.727 2 422.423 -102.733
2483 304.978 586.727 2 425.241 -98.6913
2484 314.978 586.727 2 428.273 -127.625
2485 324.978 586.727 2 431.517 -133.614
2486 334.978 586.727 2 434.966 -142.047
2487 344.978 586.727 2 438.616 -151.407
2488 354.978 586.727 2 442.461 -148.263
2489 364.978 586.727 2 446.498 -152.851
2490 374.978 586.727 2 450.721 -154.043
2491 384.978 586.727 2 455.124 -155.253
2492 394.978 586.727 2 459.702 -145.544
2493 404.978 586.727 2 464.451 -130.05
2494 414.978 586.727 2 469.364 -130.421
2495 424.978 586.727 2 474.438 -136.484
2496 434.978 586.727 2 479.666 -122.304
2497 444.978 586.727 2 485.045 -121.055
2498 454.978 586.727 2 490.568 -142.332
2499 464.978 586.727 2 496.231 -141.904
2500 474.978 586.727 2 502.03 -146.04
2501 484.978 586.727 2 507.959 -123.986
