# <Transmitter Set: Tx: 20 tx_ant_grid_60_m - Point 4> 
# <Receiver Set: Rx: 17 rx_ant_grid> 
# <X(m)> <Y(m)> <Z(m)> <Distance(m)> <PathGain(dB)>
1 84.9784 -13.2734 2 301.252 -89.6139
2 94.9784 -13.2734 2 291.447 -88.8106
3 104.978 -13.2734 2 281.655 -88.7474
4 114.978 -13.2734 2 271.879 -88.3128
5 124.978 -13.2734 2 262.119 -88.1016
6 134.978 -13.2734 2 252.379 -87.4288
7 144.978 -13.2734 2 242.659 -87.9727
8 154.978 -13.2734 2 232.964 -87.6456
9 164.978 -13.2734 2 223.295 -87.9861
10 174.978 -13.2734 2 213.656 -86.1627
11 184.978 -13.2734 2 204.053 -87.2757
12 194.978 -13.2734 2 194.489 -85.197
13 204.978 -13.2734 2 184.971 -86.0961
14 214.978 -13.2734 2 175.508 -83.5588
15 224.978 -13.2734 2 166.107 -85.9891
16 234.978 -13.2734 2 156.78 -83.2094
17 244.978 -13.2734 2 147.541 -81.4939
18 254.978 -13.2734 2 138.408 -82.0721
19 264.978 -13.2734 2 129.404 -81.525
20 274.978 -13.2734 2 120.556 -80.6517
21 284.978 -13.2734 2 111.903 -78.5821
22 294.978 -13.2734 2 103.493 -82.5018
23 304.978 -13.2734 2 95.39 -76.9435
24 314.978 -13.2734 2 87.6797 -82.5272
25 324.978 -13.2734 2 80.4749 -83.4267
26 334.978 -13.2734 2 73.9236 -82.8169
27 344.978 -13.2734 2 68.2142 -83.1615
28 354.978 -13.2734 2 63.574 -79.2275
29 364.978 -13.2734 2 60.2506 -72.1916
30 374.978 -13.2734 2 58.469 -73.3475
31 384.978 -13.2734 2 58.3704 -72.5697
32 394.978 -13.2734 2 59.9632 -71.9575
33 404.978 -13.2734 2 63.1195 -80.712
34 414.978 -13.2734 2 67.6206 -76.3828
35 424.978 -13.2734 2 73.2191 -77.7752
36 434.978 -13.2734 2 79.6838 -78.6995
37 444.978 -13.2734 2 86.8216 -77.2457
38 454.978 -13.2734 2 94.48 -76.5066
39 464.978 -13.2734 2 102.542 -84.828
40 474.978 -13.2734 2 110.921 -79.5932
41 484.978 -13.2734 2 119.549 -78.7529
42 84.9784 -3.2734 2 301.579 -89.6345
43 94.9784 -3.2734 2 291.784 -87.8397
44 104.978 -3.2734 2 282.005 -88.1294
45 114.978 -3.2734 2 272.241 -86.2436
46 124.978 -3.2734 2 262.495 -88.2086
47 134.978 -3.2734 2 252.769 -90.3317
48 144.978 -3.2734 2 243.065 -85.7138
49 154.978 -3.2734 2 233.386 -89.5131
50 164.978 -3.2734 2 223.735 -88.3414
51 174.978 -3.2734 2 214.117 -85.1091
52 184.978 -3.2734 2 204.535 -85.3017
53 194.978 -3.2734 2 194.995 -86.5732
54 204.978 -3.2734 2 185.503 -86.9271
55 214.978 -3.2734 2 176.068 -83.3636
56 224.978 -3.2734 2 166.699 -86.6575
57 234.978 -3.2734 2 157.407 -82.8637
58 244.978 -3.2734 2 148.207 -82.0304
59 254.978 -3.2734 2 139.118 -82.9556
60 264.978 -3.2734 2 130.163 -83.1002
61 274.978 -3.2734 2 121.371 -83.1391
62 284.978 -3.2734 2 112.78 -76.904
63 294.978 -3.2734 2 104.44 -78.6188
64 304.978 -3.2734 2 96.4171 -80.9619
65 314.978 -3.2734 2 88.7961 -76.9341
66 324.978 -3.2734 2 81.6898 -76.3681
67 334.978 -3.2734 2 75.2443 -72.3581
68 344.978 -3.2734 2 69.6433 -73.6104
69 354.978 -3.2734 2 65.1051 -77.6369
70 364.978 -3.2734 2 61.864 -73.6916
71 374.978 -3.2734 2 60.1302 -71.7647
72 384.978 -3.2734 2 60.0343 -71.8892
73 394.978 -3.2734 2 61.5841 -74.9665
74 404.978 -3.2734 2 64.6613 -72.8484
75 414.978 -3.2734 2 69.0621 -74.1691
76 424.978 -3.2734 2 74.5523 -76.4907
77 434.978 -3.2734 2 80.9107 -79.9114
78 444.978 -3.2734 2 87.9489 -79.363
79 454.978 -3.2734 2 95.517 -73.3373
80 464.978 -3.2734 2 103.499 -78.7749
81 474.978 -3.2734 2 111.805 -75.6368
82 484.978 -3.2734 2 120.37 -80.0221
83 84.9784 6.7266 2 302.236 -93.6924
84 94.9784 6.7266 2 292.464 -103.147
85 104.978 6.7266 2 282.708 -110.572
86 114.978 6.7266 2 272.969 -116.57
87 124.978 6.7266 2 263.25 -250
88 134.978 6.7266 2 253.553 -84.5523
89 144.978 6.7266 2 243.88 -93.1453
90 154.978 6.7266 2 234.235 -85.5709
91 164.978 6.7266 2 224.621 -82.9974
92 174.978 6.7266 2 215.042 -82.2446
93 184.978 6.7266 2 205.503 -85.0602
94 194.978 6.7266 2 196.01 -85.9694
95 204.978 6.7266 2 186.57 -83.417
96 214.978 6.7266 2 177.192 -80.6265
97 224.978 6.7266 2 167.885 -82.2296
98 234.978 6.7266 2 158.663 -87.9681
99 244.978 6.7266 2 149.541 -82.0249
100 254.978 6.7266 2 140.538 -85.6289
101 264.978 6.7266 2 131.679 -86.1963
102 274.978 6.7266 2 122.995 -92.5816
103 284.978 6.7266 2 114.526 -113.143
104 294.978 6.7266 2 106.324 -250
105 304.978 6.7266 2 98.4545 -250
106 314.978 6.7266 2 91.0042 -250
107 324.978 6.7266 2 84.0848 -250
108 334.978 6.7266 2 77.8378 -250
109 344.978 6.7266 2 72.4376 -250
110 354.978 6.7266 2 68.0859 -250
111 364.978 6.7266 2 64.9937 -250
112 374.978 6.7266 2 63.3456 -250
113 384.978 6.7266 2 63.2546 -250
114 394.978 6.7266 2 64.7273 -102.89
115 404.978 6.7266 2 67.6617 -77.3706
116 414.978 6.7266 2 71.879 -74.5764
117 424.978 6.7266 2 77.1691 -81.9036
118 434.978 6.7266 2 83.328 -81.7612
119 444.978 6.7266 2 90.1778 -250
120 454.978 6.7266 2 97.5731 -250
121 464.978 6.7266 2 105.399 -250
122 474.978 6.7266 2 113.567 -96.8663
123 484.978 6.7266 2 122.008 -100.009
124 84.9784 16.7266 2 303.222 -92.4377
125 94.9784 16.7266 2 293.483 -97.3724
126 104.978 16.7266 2 283.762 -102.141
127 114.978 16.7266 2 274.06 -116.432
128 124.978 16.7266 2 264.382 -250
129 134.978 16.7266 2 254.728 -90.6029
130 144.978 16.7266 2 245.101 -86.0448
131 154.978 16.7266 2 235.506 -90.9982
132 164.978 16.7266 2 225.946 -84.6746
133 174.978 16.7266 2 216.426 -96.2292
134 184.978 16.7266 2 206.951 -122.785
135 194.978 16.7266 2 197.527 -250
136 204.978 16.7266 2 188.163 -250
137 214.978 16.7266 2 178.869 -250
138 224.978 16.7266 2 169.654 -250
139 234.978 16.7266 2 160.533 -250
140 244.978 16.7266 2 151.524 -250
141 254.978 16.7266 2 142.646 -250
142 264.978 16.7266 2 133.927 -86.3806
143 274.978 16.7266 2 125.399 -93.7003
144 284.978 16.7266 2 117.104 -107.38
145 294.978 16.7266 2 109.095 -250
146 304.978 16.7266 2 101.441 -250
147 314.978 16.7266 2 94.2273 -250
148 324.978 16.7266 2 87.5629 -76.3757
149 334.978 16.7266 2 81.5828 -101.572
150 344.978 16.7266 2 76.4476 -250
151 354.978 16.7266 2 72.3375 -250
152 364.978 16.7266 2 69.4348 -250
153 374.978 16.7266 2 67.8946 -250
154 384.978 16.7266 2 67.8097 -96.9542
155 394.978 16.7266 2 69.1856 -93.3535
156 404.978 16.7266 2 71.9383 -75.1046
157 414.978 16.7266 2 75.9184 -76.9529
158 424.978 16.7266 2 80.945 -76.9261
159 434.978 16.7266 2 86.8365 -76.8201
160 444.978 16.7266 2 93.4294 -250
161 454.978 16.7266 2 100.586 -250
162 464.978 16.7266 2 108.194 -250
163 474.978 16.7266 2 116.166 -89.7028
164 484.978 16.7266 2 124.431 -97.5482
165 84.9784 26.7266 2 304.534 -93.2417
166 94.9784 26.7266 2 294.838 -87.3665
167 104.978 26.7266 2 285.163 -94.178
168 114.978 26.7266 2 275.511 -90.545
169 124.978 26.7266 2 265.885 -99.1597
170 134.978 26.7266 2 256.287 -108.688
171 144.978 26.7266 2 246.722 -112.215
172 154.978 26.7266 2 237.192 -122.503
173 164.978 26.7266 2 227.703 -117.346
174 174.978 26.7266 2 218.259 -121.514
175 184.978 26.7266 2 208.867 -140.854
176 194.978 26.7266 2 199.534 -250
177 204.978 26.7266 2 190.27 -250
178 214.978 26.7266 2 181.083 -250
179 224.978 26.7266 2 171.987 -250
180 234.978 26.7266 2 162.997 -250
181 244.978 26.7266 2 154.131 -250
182 254.978 26.7266 2 145.413 -250
183 264.978 26.7266 2 136.87 -87.7075
184 274.978 26.7266 2 128.537 -93.8073
185 284.978 26.7266 2 120.459 -92.2084
186 294.978 26.7266 2 112.689 -250
187 304.978 26.7266 2 105.296 -250
188 314.978 26.7266 2 98.3657 -79.6849
189 324.978 26.7266 2 92.0015 -81.2543
190 334.978 26.7266 2 86.3294 -82.8443
191 344.978 26.7266 2 81.4939 -93.8577
192 354.978 26.7266 2 77.6513 -97.9037
193 364.978 26.7266 2 74.9547 -250
194 374.978 26.7266 2 73.5302 -250
195 384.978 26.7266 2 73.4519 -82.5328
196 394.978 26.7266 2 74.7239 -74.1678
197 404.978 26.7266 2 77.2796 -82.1656
198 414.978 26.7266 2 80.9977 -77.8615
199 424.978 26.7266 2 85.7269 -74.3644
200 434.978 26.7266 2 91.3104 -82.8238
201 444.978 26.7266 2 97.6016 -98.2145
202 454.978 26.7266 2 104.473 -250
203 464.978 26.7266 2 111.817 -250
204 474.978 26.7266 2 119.547 -100.666
205 484.978 26.7266 2 127.593 -98.4116
206 84.9784 36.7266 2 306.166 -94.4261
207 94.9784 36.7266 2 296.524 -92.3539
208 104.978 36.7266 2 286.905 -100.25
209 114.978 36.7266 2 277.314 -91.3565
210 124.978 36.7266 2 267.753 -104.44
211 134.978 36.7266 2 258.225 -118.889
212 144.978 36.7266 2 248.734 -118.278
213 154.978 36.7266 2 239.285 -120.495
214 164.978 36.7266 2 229.882 -123.592
215 174.978 36.7266 2 220.531 -118.153
216 184.978 36.7266 2 211.241 -148.463
217 194.978 36.7266 2 202.017 -119.979
218 204.978 36.7266 2 192.872 -104.237
219 214.978 36.7266 2 183.815 -93.7883
220 224.978 36.7266 2 174.861 -250
221 234.978 36.7266 2 166.027 -250
222 244.978 36.7266 2 157.332 -250
223 254.978 36.7266 2 148.802 -250
224 264.978 36.7266 2 140.465 -86.1697
225 274.978 36.7266 2 132.359 -84.8973
226 284.978 36.7266 2 124.529 -91.0344
227 294.978 36.7266 2 117.029 -250
228 304.978 36.7266 2 109.929 -250
229 314.978 36.7266 2 103.309 -80.4438
230 324.978 36.7266 2 97.2692 -100.456
231 334.978 36.7266 2 91.9227 -84.9358
232 344.978 36.7266 2 87.3972 -77.4422
233 354.978 36.7266 2 83.8257 -80.0976
234 364.978 36.7266 2 81.3341 -88.8271
235 374.978 36.7266 2 80.0232 -86.4368
236 384.978 36.7266 2 79.9512 -250
237 394.978 36.7266 2 81.1214 -250
238 404.978 36.7266 2 83.4815 -86.9564
239 414.978 36.7266 2 86.9347 -80.6419
240 424.978 36.7266 2 91.3571 -78.754
241 434.978 36.7266 2 96.6158 -80.5547
242 444.978 36.7266 2 102.582 -85.5891
243 454.978 36.7266 2 109.14 -250
244 464.978 36.7266 2 116.19 -250
245 474.978 36.7266 2 123.647 -95.2749
246 484.978 36.7266 2 131.442 -100.5
247 84.9784 46.7266 2 308.115 -91.4719
248 94.9784 46.7266 2 298.535 -94.3375
249 104.978 46.7266 2 288.984 -103.569
250 114.978 46.7266 2 279.464 -102.397
251 124.978 46.7266 2 269.979 -101.013
252 134.978 46.7266 2 260.532 -122.925
253 144.978 46.7266 2 251.129 -121.325
254 154.978 46.7266 2 241.773 -250
255 164.978 46.7266 2 232.471 -250
256 174.978 46.7266 2 223.229 -250
257 184.978 46.7266 2 214.055 -250
258 194.978 46.7266 2 204.959 -250
259 204.978 46.7266 2 195.95 -90.3257
260 214.978 46.7266 2 187.043 -94.3983
261 224.978 46.7266 2 178.251 -90.6808
262 234.978 46.7266 2 169.594 -103.277
263 244.978 46.7266 2 161.091 -106.975
264 254.978 46.7266 2 152.771 -85.9953
265 264.978 46.7266 2 144.663 -81.1181
266 274.978 46.7266 2 136.806 -99.351
267 284.978 46.7266 2 129.245 -86.0232
268 294.978 46.7266 2 122.036 -250
269 304.978 46.7266 2 115.245 -250
270 314.978 46.7266 2 108.949 -250
271 324.978 46.7266 2 103.239 -250
272 334.978 46.7266 2 98.2181 -250
273 344.978 46.7266 2 93.9962 -250
274 354.978 46.7266 2 90.685 -250
275 364.978 46.7266 2 88.3869 -79.3837
276 374.978 46.7266 2 87.1822 -79.097
277 384.978 46.7266 2 87.1161 -250
278 394.978 46.7266 2 88.1913 -250
279 404.978 46.7266 2 90.3669 -86.5853
280 414.978 46.7266 2 93.5664 -78.1472
281 424.978 46.7266 2 97.689 -83.715
282 434.978 46.7266 2 102.624 -86.0941
283 444.978 46.7266 2 108.259 -96.9239
284 454.978 46.7266 2 114.493 -250
285 464.978 46.7266 2 121.231 -250
286 474.978 46.7266 2 128.396 -90.3795
287 484.978 46.7266 2 135.919 -97.3454
288 84.9784 56.7266 2 310.374 -93.0448
289 94.9784 56.7266 2 300.866 -91.5999
290 104.978 56.7266 2 291.391 -90.1862
291 114.978 56.7266 2 281.953 -92.9197
292 124.978 56.7266 2 272.554 -93.2203
293 134.978 56.7266 2 263.2 -98.4389
294 144.978 56.7266 2 253.895 -106.151
295 154.978 56.7266 2 244.645 -250
296 164.978 56.7266 2 235.456 -250
297 174.978 56.7266 2 226.336 -250
298 184.978 56.7266 2 217.294 -250
299 194.978 56.7266 2 208.339 -250
300 204.978 56.7266 2 199.483 -95.0849
301 214.978 56.7266 2 190.741 -90.7904
302 224.978 56.7266 2 182.128 -98.1996
303 234.978 56.7266 2 173.663 -89.3073
304 244.978 56.7266 2 165.371 -85.2817
305 254.978 56.7266 2 157.277 -83.6878
306 264.978 56.7266 2 149.414 -81.5941
307 274.978 56.7266 2 141.82 -89.1274
308 284.978 56.7266 2 134.541 -95.2504
309 294.978 56.7266 2 127.632 -250
310 304.978 56.7266 2 121.154 -250
311 314.978 56.7266 2 115.182 -250
312 324.978 56.7266 2 109.797 -250
313 334.978 56.7266 2 105.09 -250
314 344.978 56.7266 2 101.155 -250
315 354.978 56.7266 2 98.0856 -250
316 364.978 56.7266 2 95.9649 -79.1582
317 374.978 56.7266 2 94.8565 -77.1319
318 384.978 56.7266 2 94.7957 -250
319 394.978 56.7266 2 95.7847 -250
320 404.978 56.7266 2 97.7916 -88.451
321 414.978 56.7266 2 100.756 -78.3132
322 424.978 56.7266 2 104.595 -80.9741
323 434.978 56.7266 2 109.218 -84.2535
324 444.978 56.7266 2 114.53 -84.4695
325 454.978 56.7266 2 120.439 -250
326 464.978 56.7266 2 126.862 -250
327 474.978 56.7266 2 133.726 -86.2729
328 484.978 56.7266 2 140.965 -91.9363
329 84.9784 66.7266 2 312.936 -85.5761
330 94.9784 66.7266 2 303.508 -87.7578
331 104.978 66.7266 2 294.119 -89.974
332 114.978 66.7266 2 284.77 -89.3934
333 124.978 66.7266 2 275.468 -92.2452
334 134.978 66.7266 2 266.216 -90.9668
335 144.978 66.7266 2 257.021 -93.3392
336 154.978 66.7266 2 247.887 -95.4984
337 164.978 66.7266 2 238.823 -104.655
338 174.978 66.7266 2 229.837 -112.712
339 184.978 66.7266 2 220.938 -93.4028
340 194.978 66.7266 2 212.137 -96.4928
341 204.978 66.7266 2 203.447 -100.352
342 214.978 66.7266 2 194.882 -87.7662
343 224.978 66.7266 2 186.461 -82.4889
344 234.978 66.7266 2 178.202 -85.2635
345 244.978 66.7266 2 170.131 -81.6228
346 254.978 66.7266 2 162.274 -83.5999
347 264.978 66.7266 2 154.666 -82.8342
348 274.978 66.7266 2 147.343 -91.649
349 284.978 66.7266 2 140.351 -97.3715
350 294.978 66.7266 2 133.742 -96.4446
351 304.978 66.7266 2 127.575 -92.4874
352 314.978 66.7266 2 121.918 -92.1679
353 324.978 66.7266 2 116.843 -94.8867
354 334.978 66.7266 2 112.431 -90.6954
355 344.978 66.7266 2 108.763 -91.7584
356 354.978 66.7266 2 105.914 -90.2636
357 364.978 66.7266 2 103.953 -84.4057
358 374.978 66.7266 2 102.931 -82.2576
359 384.978 66.7266 2 102.875 -89.3402
360 394.978 66.7266 2 103.787 -98.4673
361 404.978 66.7266 2 105.642 -99.7105
362 414.978 66.7266 2 108.391 -90.9807
363 424.978 66.7266 2 111.97 -81.091
364 434.978 66.7266 2 116.3 -82.1442
365 444.978 66.7266 2 121.302 -81.7458
366 454.978 66.7266 2 126.896 -79.3996
367 464.978 66.7266 2 133.008 -86.4722
368 474.978 66.7266 2 139.569 -92.1955
369 484.978 66.7266 2 146.52 -98.7482
370 84.9784 76.7266 2 315.794 -90.7775
371 94.9784 76.7266 2 306.454 -92.0696
372 104.978 76.7266 2 297.158 -84.5897
373 114.978 76.7266 2 287.908 -83.6349
374 124.978 76.7266 2 278.711 -92.0623
375 134.978 76.7266 2 269.57 -90.5739
376 144.978 76.7266 2 260.493 -89.6451
377 154.978 76.7266 2 251.486 -83.5826
378 164.978 76.7266 2 242.557 -90.248
379 174.978 76.7266 2 233.714 -86.5635
380 184.978 76.7266 2 224.968 -84.9966
381 194.978 76.7266 2 216.331 -85.2583
382 204.978 76.7266 2 207.816 -87.0308
383 214.978 76.7266 2 199.439 -86.9488
384 224.978 76.7266 2 191.219 -81.6092
385 234.978 76.7266 2 183.175 -83.5569
386 244.978 76.7266 2 175.333 -87.6968
387 254.978 76.7266 2 167.72 -81.3948
388 264.978 76.7266 2 160.37 -80.9641
389 274.978 76.7266 2 153.32 -103.36
390 284.978 76.7266 2 146.613 -91.0458
391 294.978 76.7266 2 140.299 -81.8609
392 304.978 76.7266 2 134.434 -82.3169
393 314.978 76.7266 2 129.077 -82.2463
394 324.978 76.7266 2 124.296 -81.5753
395 334.978 76.7266 2 120.158 -80.8044
396 344.978 76.7266 2 116.732 -88.7111
397 354.978 76.7266 2 114.083 -83.4804
398 364.978 76.7266 2 112.264 -76.8588
399 374.978 76.7266 2 111.318 -79.7163
400 384.978 76.7266 2 111.267 -80.152
401 394.978 76.7266 2 112.11 -79.3921
402 404.978 76.7266 2 113.83 -79.5467
403 414.978 76.7266 2 116.386 -84.3772
404 424.978 76.7266 2 119.726 -81.5437
405 434.978 76.7266 2 123.785 -84.018
406 444.978 76.7266 2 128.496 -82.2293
407 454.978 76.7266 2 133.79 -86.3479
408 464.978 76.7266 2 139.6 -90.8776
409 474.978 76.7266 2 145.865 -94.9717
410 484.978 76.7266 2 152.529 -90.7922
411 84.9784 86.7266 2 318.94 -111.586
412 94.9784 86.7266 2 309.696 -134.794
413 104.978 86.7266 2 300.499 -250
414 114.978 86.7266 2 291.356 -250
415 124.978 86.7266 2 282.271 -250
416 134.978 86.7266 2 273.249 -87.6719
417 144.978 86.7266 2 264.299 -98.1397
418 154.978 86.7266 2 255.426 -250
419 164.978 86.7266 2 246.639 -250
420 174.978 86.7266 2 237.948 -250
421 184.978 86.7266 2 229.364 -89.1769
422 194.978 86.7266 2 220.898 -84.5992
423 204.978 86.7266 2 212.567 -85.0712
424 214.978 86.7266 2 204.385 -98.2034
425 224.978 86.7266 2 196.371 -250
426 234.978 86.7266 2 188.547 -250
427 244.978 86.7266 2 180.938 -250
428 254.978 86.7266 2 173.571 -83.8693
429 264.978 86.7266 2 166.48 -90.0909
430 274.978 86.7266 2 159.7 -82.015
431 284.978 86.7266 2 153.273 -85.0234
432 294.978 86.7266 2 147.245 -82.7452
433 304.978 86.7266 2 141.667 -86.7779
434 314.978 86.7266 2 136.594 -81.9912
435 324.978 86.7266 2 132.085 -86.3023
436 334.978 86.7266 2 128.199 -81.7705
437 344.978 86.7266 2 124.993 -79.067
438 354.978 86.7266 2 122.523 -83.2265
439 364.978 86.7266 2 120.832 -78.3643
440 374.978 86.7266 2 119.953 -80.4425
441 384.978 86.7266 2 119.905 -250
442 394.978 86.7266 2 120.689 -250
443 404.978 86.7266 2 122.288 -250
444 414.978 86.7266 2 124.671 -84.4115
445 424.978 86.7266 2 127.794 -80.2596
446 434.978 86.7266 2 131.604 -88.7212
447 444.978 86.7266 2 136.045 -250
448 454.978 86.7266 2 141.056 -250
449 464.978 86.7266 2 146.578 -250
450 474.978 86.7266 2 152.557 -102.644
451 484.978 86.7266 2 158.941 -88.8266
452 84.9784 96.7266 2 322.366 -96.8606
453 94.9784 96.7266 2 313.222 -104.997
454 104.978 96.7266 2 304.133 -103.906
455 114.978 96.7266 2 295.102 -111.927
456 124.978 96.7266 2 286.136 -116.198
457 134.978 96.7266 2 277.24 -119.286
458 144.978 96.7266 2 268.423 -116.964
459 154.978 96.7266 2 259.691 -250
460 164.978 96.7266 2 251.053 -250
461 174.978 96.7266 2 242.52 -250
462 184.978 96.7266 2 234.104 -96.3346
463 194.978 96.7266 2 225.817 -250
464 204.978 96.7266 2 217.673 -250
465 214.978 96.7266 2 209.691 -250
466 224.978 96.7266 2 201.888 -250
467 234.978 96.7266 2 194.286 -250
468 244.978 96.7266 2 186.911 -250
469 254.978 96.7266 2 179.789 -250
470 264.978 96.7266 2 172.952 -250
471 274.978 96.7266 2 166.436 -84.3293
472 284.978 96.7266 2 160.279 -82.4943
473 294.978 96.7266 2 154.525 -85.7933
474 304.978 96.7266 2 149.219 -83.1325
475 314.978 96.7266 2 144.412 -87.4629
476 324.978 96.7266 2 140.155 -91.3306
477 334.978 96.7266 2 136.499 -78.879
478 344.978 96.7266 2 133.493 -81.0359
479 354.978 96.7266 2 131.183 -85.7071
480 364.978 96.7266 2 129.605 -79.8513
481 374.978 96.7266 2 128.786 -78.6352
482 384.978 96.7266 2 128.741 -250
483 394.978 96.7266 2 129.471 -250
484 404.978 96.7266 2 130.963 -250
485 414.978 96.7266 2 133.191 -104.704
486 424.978 96.7266 2 136.118 -82.3249
487 434.978 96.7266 2 139.702 -83.8802
488 444.978 96.7266 2 143.893 -250
489 454.978 96.7266 2 148.639 -250
490 464.978 96.7266 2 153.89 -250
491 474.978 96.7266 2 159.595 -90.55
492 484.978 96.7266 2 165.708 -91.237
493 84.9784 106.727 2 326.063 -104.711
494 94.9784 106.727 2 317.026 -115.451
495 104.978 106.727 2 308.048 -110.659
496 114.978 106.727 2 299.136 -111.2
497 124.978 106.727 2 290.294 -115.413
498 134.978 106.727 2 281.53 -115.148
499 144.978 106.727 2 272.851 -110.187
500 154.978 106.727 2 264.265 -250
501 164.978 106.727 2 255.783 -250
502 174.978 106.727 2 247.413 -250
503 184.978 106.727 2 239.169 -97.8522
504 194.978 106.727 2 231.063 -250
505 204.978 106.727 2 223.111 -250
506 214.978 106.727 2 215.33 -250
507 224.978 106.727 2 207.739 -250
508 234.978 106.727 2 200.36 -250
509 244.978 106.727 2 193.216 -250
510 254.978 106.727 2 186.336 -250
511 264.978 106.727 2 179.749 -250
512 274.978 106.727 2 173.488 -83.8594
513 284.978 106.727 2 167.59 -85.8886
514 294.978 106.727 2 162.096 -83.1863
515 304.978 106.727 2 157.046 -83.2577
516 314.978 106.727 2 152.486 -86.1357
517 324.978 106.727 2 148.46 -86.3898
518 334.978 106.727 2 145.014 -80.0301
519 344.978 106.727 2 142.188 -82.579
520 354.978 106.727 2 140.021 -86.7557
521 364.978 106.727 2 138.544 -85.0392
522 374.978 106.727 2 137.778 -84.5917
523 384.978 106.727 2 137.736 -250
524 394.978 106.727 2 138.419 -250
525 404.978 106.727 2 139.815 -250
526 414.978 106.727 2 141.904 -113.007
527 424.978 106.727 2 144.656 -80.6997
528 434.978 106.727 2 148.033 -80.5128
529 444.978 106.727 2 151.994 -250
530 454.978 106.727 2 156.495 -250
531 464.978 106.727 2 161.491 -250
532 474.978 106.727 2 166.936 -91.9944
533 484.978 106.727 2 172.789 -89.3113
534 84.9784 116.727 2 330.021 -93.2813
535 94.9784 116.727 2 321.096 -99.3219
536 104.978 116.727 2 312.235 -134.68
537 114.978 116.727 2 303.446 -250
538 124.978 116.727 2 294.733 -250
539 134.978 116.727 2 286.105 -250
540 144.978 116.727 2 277.569 -250
541 154.978 116.727 2 269.134 -250
542 164.978 116.727 2 260.81 -250
543 174.978 116.727 2 252.607 -250
544 184.978 116.727 2 244.538 -96.4834
545 194.978 116.727 2 236.616 -250
546 204.978 116.727 2 228.857 -250
547 214.978 116.727 2 221.278 -250
548 224.978 116.727 2 213.899 -250
549 234.978 116.727 2 206.739 -250
550 244.978 116.727 2 199.824 -250
551 254.978 116.727 2 193.179 -250
552 264.978 116.727 2 186.833 -250
553 274.978 116.727 2 180.818 -86.2676
554 284.978 116.727 2 175.167 -85.2994
555 294.978 116.727 2 169.918 -83.8398
556 304.978 116.727 2 165.108 -86.9749
557 314.978 116.727 2 160.776 -100.745
558 324.978 116.727 2 156.963 -250
559 334.978 116.727 2 153.707 -250
560 344.978 116.727 2 151.044 -250
561 354.978 116.727 2 149.006 -250
562 364.978 116.727 2 147.619 -250
563 374.978 116.727 2 146.901 -250
564 384.978 116.727 2 146.862 -250
565 394.978 116.727 2 147.502 -250
566 404.978 116.727 2 148.813 -250
567 414.978 116.727 2 150.777 -250
568 424.978 116.727 2 153.37 -88.6628
569 434.978 116.727 2 156.559 -83.1382
570 444.978 116.727 2 160.31 -250
571 454.978 116.727 2 164.583 -250
572 464.978 116.727 2 169.34 -250
573 474.978 116.727 2 174.541 -92.6716
574 484.978 116.727 2 180.148 -92.9479
575 84.9784 126.727 2 334.232 -110.978
576 94.9784 126.727 2 325.422 -113.757
577 104.978 126.727 2 316.683 -131.823
578 114.978 126.727 2 308.02 -250
579 124.978 126.727 2 299.441 -250
580 134.978 126.727 2 290.952 -250
581 144.978 126.727 2 282.563 -250
582 154.978 126.727 2 274.281 -250
583 164.978 126.727 2 266.118 -250
584 174.978 126.727 2 258.084 -250
585 184.978 126.727 2 250.191 -101.919
586 194.978 126.727 2 242.455 -109.031
587 204.978 126.727 2 234.889 -113.988
588 214.978 126.727 2 227.511 -114.807
589 224.978 126.727 2 220.34 -250
590 234.978 126.727 2 213.397 -250
591 244.978 126.727 2 206.704 -250
592 254.978 126.727 2 200.288 -94.8562
593 264.978 126.727 2 194.174 -117.865
594 274.978 126.727 2 188.393 -84.6998
595 284.978 126.727 2 182.977 -82.5396
596 294.978 126.727 2 177.958 -82.0734
597 304.978 126.727 2 173.371 -83.0212
598 314.978 126.727 2 169.251 -108.282
599 324.978 126.727 2 165.634 -250
600 334.978 126.727 2 162.551 -250
601 344.978 126.727 2 160.036 -250
602 354.978 126.727 2 158.114 -250
603 364.978 126.727 2 156.807 -250
604 374.978 126.727 2 156.131 -250
605 384.978 126.727 2 156.094 -250
606 394.978 126.727 2 156.697 -250
607 404.978 126.727 2 157.931 -250
608 414.978 126.727 2 159.784 -250
609 424.978 126.727 2 162.232 -88.5875
610 434.978 126.727 2 165.251 -82.6262
611 444.978 126.727 2 168.808 -250
612 454.978 126.727 2 172.872 -250
613 464.978 126.727 2 177.407 -250
614 474.978 126.727 2 182.378 -88.2567
615 484.978 126.727 2 187.75 -93.3284
616 84.9784 136.727 2 338.686 -113.088
617 94.9784 136.727 2 329.995 -123.967
618 104.978 136.727 2 321.38 -128.527
619 114.978 136.727 2 312.847 -118.317
620 124.978 136.727 2 304.404 -125.324
621 134.978 136.727 2 296.058 -250
622 144.978 136.727 2 287.817 -250
623 154.978 136.727 2 279.691 -250
624 164.978 136.727 2 271.691 -250
625 174.978 136.727 2 263.826 -250
626 184.978 136.727 2 256.111 -100.336
627 194.978 136.727 2 248.558 -102.967
628 204.978 136.727 2 241.184 -118.856
629 214.978 136.727 2 234.005 -103.743
630 224.978 136.727 2 227.039 -250
631 234.978 136.727 2 220.307 -250
632 244.978 136.727 2 213.831 -250
633 254.978 136.727 2 207.635 -95.6973
634 264.978 136.727 2 201.744 -86.5864
635 274.978 136.727 2 196.186 -85.6092
636 284.978 136.727 2 190.991 -85.4544
637 294.978 136.727 2 186.188 -88.4977
638 304.978 136.727 2 181.809 -94.2768
639 314.978 136.727 2 177.885 -104.066
640 324.978 136.727 2 174.446 -250
641 334.978 136.727 2 171.523 -250
642 344.978 136.727 2 169.14 -250
643 354.978 136.727 2 167.323 -250
644 364.978 136.727 2 166.089 -250
645 374.978 136.727 2 165.451 -250
646 384.978 136.727 2 165.416 -250
647 394.978 136.727 2 165.985 -250
648 404.978 136.727 2 167.151 -250
649 414.978 136.727 2 168.902 -250
650 424.978 136.727 2 171.22 -91.7288
651 434.978 136.727 2 174.083 -78.6682
652 444.978 136.727 2 177.463 -250
653 454.978 136.727 2 181.333 -250
654 464.978 136.727 2 185.662 -250
655 474.978 136.727 2 190.417 -89.2306
656 484.978 136.727 2 195.569 -99.5848
657 84.9784 146.727 2 343.373 -121.729
658 94.9784 146.727 2 334.804 -109.05
659 104.978 146.727 2 326.316 -110.328
660 114.978 146.727 2 317.916 -121.309
661 124.978 146.727 2 309.611 -123.156
662 134.978 146.727 2 301.409 -109.115
663 144.978 146.727 2 293.319 -102.421
664 154.978 146.727 2 285.349 -101.041
665 164.978 146.727 2 277.512 -98.682
666 174.978 146.727 2 269.817 -109.864
667 184.978 146.727 2 262.278 -101.077
668 194.978 146.727 2 254.908 -100.868
669 204.978 146.727 2 247.723 -123.525
670 214.978 146.727 2 240.739 -101.197
671 224.978 146.727 2 233.974 -107.19
672 234.978 146.727 2 227.447 -97.0761
673 244.978 146.727 2 221.18 -93.9521
674 254.978 146.727 2 215.196 -85.3483
675 264.978 146.727 2 209.518 -90.0563
676 274.978 146.727 2 204.172 -87.6228
677 284.978 146.727 2 199.185 -86.4073
678 294.978 146.727 2 194.584 -82.724
679 304.978 146.727 2 190.398 -92.2709
680 314.978 146.727 2 186.655 -88.8116
681 324.978 146.727 2 183.381 -95.399
682 334.978 146.727 2 180.602 -104.655
683 344.978 146.727 2 178.341 -109.316
684 354.978 146.727 2 176.618 -103.714
685 364.978 146.727 2 175.449 -113.658
686 374.978 146.727 2 174.845 -115.842
687 384.978 146.727 2 174.812 -106.119
688 394.978 146.727 2 175.351 -102.488
689 404.978 146.727 2 176.455 -105.435
690 414.978 146.727 2 178.115 -101.063
691 424.978 146.727 2 180.315 -110.342
692 434.978 146.727 2 183.035 -86.2747
693 444.978 146.727 2 186.253 -90.5238
694 454.978 146.727 2 189.944 -99.2613
695 464.978 146.727 2 194.081 -97.5051
696 474.978 146.727 2 198.635 -90.6213
697 484.978 146.727 2 203.579 -93.789
698 84.9784 156.727 2 348.284 -97.9974
699 94.9784 156.727 2 339.839 -121.9
700 104.978 156.727 2 331.48 -118.667
701 114.978 156.727 2 323.214 -126.688
702 124.978 156.727 2 315.049 -121.645
703 134.978 156.727 2 306.992 -114.981
704 144.978 156.727 2 299.053 -105.63
705 154.978 156.727 2 291.241 -100.101
706 164.978 156.727 2 283.566 -98.6915
707 174.978 156.727 2 276.04 -96.8186
708 184.978 156.727 2 268.676 -98.1595
709 194.978 156.727 2 261.487 -100.93
710 204.978 156.727 2 254.487 -112.739
711 214.978 156.727 2 247.694 -99.544
712 224.978 156.727 2 241.124 -110.035
713 234.978 156.727 2 234.796 -101.257
714 244.978 156.727 2 228.731 -96.641
715 254.978 156.727 2 222.949 -86.1595
716 264.978 156.727 2 217.473 -91.202
717 274.978 156.727 2 212.328 -84.8116
718 284.978 156.727 2 207.537 -86.8736
719 294.978 156.727 2 203.126 -95.9724
720 304.978 156.727 2 199.119 -95.194
721 314.978 156.727 2 195.543 -88.8927
722 324.978 156.727 2 192.42 -90.8755
723 334.978 156.727 2 189.774 -100.06
724 344.978 156.727 2 187.623 -114.933
725 354.978 156.727 2 185.986 -110.218
726 364.978 156.727 2 184.877 -112.392
727 374.978 156.727 2 184.304 -120.123
728 384.978 156.727 2 184.273 -108.355
729 394.978 156.727 2 184.783 -98.463
730 404.978 156.727 2 185.832 -99.5217
731 414.978 156.727 2 187.408 -99.1115
732 424.978 156.727 2 189.5 -95.7653
733 434.978 156.727 2 192.091 -93.8883
734 444.978 156.727 2 195.16 -83.6311
735 454.978 156.727 2 198.685 -103.924
736 464.978 156.727 2 202.643 -93.8276
737 474.978 156.727 2 207.009 -88.5208
738 484.978 156.727 2 211.758 -100.981
739 84.9784 166.727 2 353.41 -97.1719
740 94.9784 166.727 2 345.091 -98.0642
741 104.978 166.727 2 336.862 -117.681
742 114.978 166.727 2 328.732 -123.05
743 124.978 166.727 2 320.707 -119.486
744 134.978 166.727 2 312.796 -111.644
745 144.978 166.727 2 305.008 -106.042
746 154.978 166.727 2 297.352 -101.749
747 164.978 166.727 2 289.839 -98.8552
748 174.978 166.727 2 282.481 -102.11
749 184.978 166.727 2 275.289 -100.948
750 194.978 166.727 2 268.276 -100.123
751 204.978 166.727 2 261.459 -103.184
752 214.978 166.727 2 254.851 -98.4548
753 224.978 166.727 2 248.471 -250
754 234.978 166.727 2 242.335 -110.73
755 244.978 166.727 2 236.463 -250
756 254.978 166.727 2 230.875 -250
757 264.978 166.727 2 225.592 -250
758 274.978 166.727 2 220.636 -84.5792
759 284.978 166.727 2 216.029 -85.092
760 294.978 166.727 2 211.795 -250
761 304.978 166.727 2 207.956 -250
762 314.978 166.727 2 204.534 -250
763 324.978 166.727 2 201.55 -250
764 334.978 166.727 2 199.025 -250
765 344.978 166.727 2 196.976 -250
766 354.978 166.727 2 195.417 -115.059
767 364.978 166.727 2 194.362 -111.435
768 374.978 166.727 2 193.817 -250
769 384.978 166.727 2 193.787 -97.5809
770 394.978 166.727 2 194.273 -108.673
771 404.978 166.727 2 195.27 -92.4906
772 414.978 166.727 2 196.771 -97.2299
773 424.978 166.727 2 198.765 -97.9399
774 434.978 166.727 2 201.236 -96.9339
775 444.978 166.727 2 204.167 -250
776 454.978 166.727 2 207.54 -250
777 464.978 166.727 2 211.332 -250
778 474.978 166.727 2 215.522 -100.713
779 484.978 166.727 2 220.087 -97.2709
780 84.9784 176.727 2 358.742 -103.159
781 94.9784 176.727 2 350.549 -98.3281
782 104.978 176.727 2 342.451 -96.7276
783 114.978 176.727 2 334.457 -104.936
784 124.978 176.727 2 326.573 -107.376
785 134.978 176.727 2 318.808 -109.681
786 144.978 176.727 2 311.17 -108.849
787 154.978 176.727 2 303.67 -98.276
788 164.978 176.727 2 296.317 -97.0842
789 174.978 176.727 2 289.123 -98.6433
790 184.978 176.727 2 282.101 -99.3221
791 194.978 176.727 2 275.262 -105.368
792 204.978 176.727 2 268.622 -99.2025
793 214.978 176.727 2 262.195 -105.658
794 224.978 176.727 2 255.998 -250
795 234.978 176.727 2 250.046 -110.009
796 244.978 176.727 2 244.36 -250
797 254.978 176.727 2 238.956 -250
798 264.978 176.727 2 233.856 -250
799 274.978 176.727 2 229.079 -88.6541
800 284.978 176.727 2 224.646 -92.4322
801 294.978 176.727 2 220.577 -250
802 304.978 176.727 2 216.893 -250
803 314.978 176.727 2 213.614 -250
804 324.978 176.727 2 210.759 -250
805 334.978 176.727 2 208.346 -250
806 344.978 176.727 2 206.389 -250
807 354.978 176.727 2 204.902 -105.914
808 364.978 176.727 2 203.896 -104.663
809 374.978 176.727 2 203.376 -250
810 384.978 176.727 2 203.348 -98.2841
811 394.978 176.727 2 203.811 -96.8269
812 404.978 176.727 2 204.762 -92.0732
813 414.978 176.727 2 206.194 -94.471
814 424.978 176.727 2 208.097 -94.0684
815 434.978 176.727 2 210.459 -103.369
816 444.978 176.727 2 213.264 -250
817 454.978 176.727 2 216.494 -250
818 464.978 176.727 2 220.132 -250
819 474.978 176.727 2 224.158 -101.589
820 484.978 176.727 2 228.55 -100.067
821 84.9784 186.727 2 364.271 -101.665
822 94.9784 186.727 2 356.204 -102.187
823 104.978 186.727 2 348.238 -103.037
824 114.978 186.727 2 340.38 -98.2555
825 124.978 186.727 2 332.636 -104.086
826 134.978 186.727 2 325.016 -109.598
827 144.978 186.727 2 317.528 -108.431
828 154.978 186.727 2 310.181 -106.432
829 164.978 186.727 2 302.987 -98.4346
830 174.978 186.727 2 295.955 -95.5471
831 184.978 186.727 2 289.098 -102.135
832 194.978 186.727 2 282.429 -100.286
833 204.978 186.727 2 275.962 -110.604
834 214.978 186.727 2 269.71 -103.898
835 224.978 186.727 2 263.689 -250
836 234.978 186.727 2 257.915 -103.407
837 244.978 186.727 2 252.406 -250
838 254.978 186.727 2 247.178 -250
839 264.978 186.727 2 242.251 -250
840 274.978 186.727 2 237.643 -87.4529
841 284.978 186.727 2 233.372 -91.7235
842 294.978 186.727 2 229.458 -119.351
843 304.978 186.727 2 225.919 -120.27
844 314.978 186.727 2 222.774 -112.113
845 324.978 186.727 2 220.038 -118.564
846 334.978 186.727 2 217.727 -250
847 344.978 186.727 2 215.855 -250
848 354.978 186.727 2 214.434 -250
849 364.978 186.727 2 213.473 -250
850 374.978 186.727 2 212.977 -250
851 384.978 186.727 2 212.949 -96.0234
852 394.978 186.727 2 213.392 -91.4031
853 404.978 186.727 2 214.3 -91.1586
854 414.978 186.727 2 215.669 -93.1089
855 424.978 186.727 2 217.489 -108.882
856 434.978 186.727 2 219.75 -86.3642
857 444.978 186.727 2 222.437 -250
858 454.978 186.727 2 225.537 -250
859 464.978 186.727 2 229.031 -250
860 474.978 186.727 2 232.903 -89.9941
861 484.978 186.727 2 237.134 -91.1289
862 84.9784 196.727 2 369.987 -102.463
863 94.9784 196.727 2 362.048 -100.489
864 104.978 196.727 2 354.213 -106.344
865 114.978 196.727 2 346.49 -103.624
866 124.978 196.727 2 338.886 -99.5371
867 134.978 196.727 2 331.41 -102.572
868 144.978 196.727 2 324.069 -101.083
869 154.978 196.727 2 316.874 -100.542
870 164.978 196.727 2 309.835 -105.252
871 174.978 196.727 2 302.963 -100.857
872 184.978 196.727 2 296.268 -103.01
873 194.978 196.727 2 289.764 -103.34
874 204.978 196.727 2 283.464 -99.6566
875 214.978 196.727 2 277.381 -97.0083
876 224.978 196.727 2 271.53 -250
877 234.978 196.727 2 265.927 -101.535
878 244.978 196.727 2 260.587 -98.8798
879 254.978 196.727 2 255.527 -103.736
880 264.978 196.727 2 250.764 -107.678
881 274.978 196.727 2 246.315 -91.8789
882 284.978 196.727 2 242.198 -91.4427
883 294.978 196.727 2 238.429 -91.8167
884 304.978 196.727 2 235.025 -105.3
885 314.978 196.727 2 232.002 -117.083
886 324.978 196.727 2 229.377 -115.049
887 334.978 196.727 2 227.161 -250
888 344.978 196.727 2 225.368 -250
889 354.978 196.727 2 224.007 -109.423
890 364.978 196.727 2 223.086 -112.701
891 374.978 196.727 2 222.612 -104.287
892 384.978 196.727 2 222.586 -107.087
893 394.978 196.727 2 223.009 -94.9088
894 404.978 196.727 2 223.878 -89.0196
895 414.978 196.727 2 225.189 -93.9905
896 424.978 196.727 2 226.933 -250
897 434.978 196.727 2 229.1 -250
898 444.978 196.727 2 231.679 -250
899 454.978 196.727 2 234.657 -250
900 464.978 196.727 2 238.018 -250
901 474.978 196.727 2 241.745 -96.8981
902 484.978 196.727 2 245.824 -90.4227
903 84.9784 206.727 2 375.882 -95.3072
904 94.9784 206.727 2 368.07 -96.2522
905 104.978 206.727 2 360.366 -98.9633
906 114.978 206.727 2 352.778 -148.488
907 124.978 206.727 2 345.313 -250
908 134.978 206.727 2 337.978 -101.027
909 144.978 206.727 2 330.784 -97.8997
910 154.978 206.727 2 323.738 -99.3447
911 164.978 206.727 2 316.852 -104.23
912 174.978 206.727 2 310.134 -100.615
913 184.978 206.727 2 303.598 -106.061
914 194.978 206.727 2 297.255 -110.439
915 204.978 206.727 2 291.117 -100.73
916 214.978 206.727 2 285.197 -106.44
917 224.978 206.727 2 279.51 -96.3496
918 234.978 206.727 2 274.07 -103.974
919 244.978 206.727 2 268.892 -115.752
920 254.978 206.727 2 263.991 -108.878
921 264.978 206.727 2 259.383 -85.7853
922 274.978 206.727 2 255.085 -100.92
923 284.978 206.727 2 251.111 -90.7956
924 294.978 206.727 2 247.478 -93.6338
925 304.978 206.727 2 244.2 -103.615
926 314.978 206.727 2 241.293 -132.794
927 324.978 206.727 2 238.769 -124.314
928 334.978 206.727 2 236.641 -250
929 344.978 206.727 2 234.92 -250
930 354.978 206.727 2 233.615 -112.04
931 364.978 206.727 2 232.733 -105.554
932 374.978 206.727 2 232.278 -96.1758
933 384.978 206.727 2 232.253 -87.4934
934 394.978 206.727 2 232.659 -96.4164
935 404.978 206.727 2 233.492 -93.0761
936 414.978 206.727 2 234.749 -119.072
937 424.978 206.727 2 236.422 -250
938 434.978 206.727 2 238.504 -250
939 444.978 206.727 2 240.982 -250
940 454.978 206.727 2 243.846 -250
941 464.978 206.727 2 247.082 -250
942 474.978 206.727 2 250.675 -84.9896
943 484.978 206.727 2 254.61 -95.6774
944 84.9784 216.727 2 381.948 -92.791
945 94.9784 216.727 2 374.263 -105.136
946 104.978 216.727 2 366.689 -115.268
947 114.978 216.727 2 359.235 -136.94
948 124.978 216.727 2 351.906 -250
949 134.978 216.727 2 344.712 -94.8968
950 144.978 216.727 2 337.661 -97.5994
951 154.978 216.727 2 330.762 -102.763
952 164.978 216.727 2 324.025 -100.607
953 174.978 216.727 2 317.459 -104.531
954 184.978 216.727 2 311.077 -90.6757
955 194.978 216.727 2 304.889 -97.1369
956 204.978 216.727 2 298.908 -98.1046
957 214.978 216.727 2 293.146 -115.582
958 224.978 216.727 2 287.616 -95.8275
959 234.978 216.727 2 282.332 -102.807
960 244.978 216.727 2 277.308 -103.834
961 254.978 216.727 2 272.559 -105.547
962 264.978 216.727 2 268.098 -90.6066
963 274.978 216.727 2 263.942 -102.836
964 284.978 216.727 2 260.103 -111.555
965 294.978 216.727 2 256.597 -250
966 304.978 216.727 2 253.438 -250
967 314.978 216.727 2 250.637 -250
968 324.978 216.727 2 248.209 -250
969 334.978 216.727 2 246.163 -250
970 344.978 216.727 2 244.509 -250
971 354.978 216.727 2 243.255 -120.591
972 364.978 216.727 2 242.408 -95.9906
973 374.978 216.727 2 241.971 -96.0801
974 384.978 216.727 2 241.947 -92.3889
975 394.978 216.727 2 242.337 -96.2493
976 404.978 216.727 2 243.137 -96.5268
977 414.978 216.727 2 244.344 -98.8158
978 424.978 216.727 2 245.952 -250
979 434.978 216.727 2 247.954 -250
980 444.978 216.727 2 250.339 -250
981 454.978 216.727 2 253.097 -250
982 464.978 216.727 2 256.216 -250
983 474.978 216.727 2 259.682 -97.0359
984 484.978 216.727 2 263.483 -99.1227
985 84.9784 226.727 2 388.177 -110.706
986 94.9784 226.727 2 380.617 -110.303
987 104.978 226.727 2 373.173 -250
988 114.978 226.727 2 365.85 -250
989 124.978 226.727 2 358.657 -250
990 134.978 226.727 2 351.601 -99.0865
991 144.978 226.727 2 344.691 -91.4404
992 154.978 226.727 2 337.936 -92.6895
993 164.978 226.727 2 331.344 -98.3906
994 174.978 226.727 2 324.927 -98.4929
995 184.978 226.727 2 318.694 -96.3833
996 194.978 226.727 2 312.657 -104.39
997 204.978 226.727 2 306.827 -101.096
998 214.978 226.727 2 301.216 -104.205
999 224.978 226.727 2 295.838 -100.922
1000 234.978 226.727 2 290.703 -105.247
1001 244.978 226.727 2 285.827 -111.838
1002 254.978 226.727 2 281.221 -88.2626
1003 264.978 226.727 2 276.9 -101.67
1004 274.978 226.727 2 272.878 -104.184
1005 284.978 226.727 2 269.167 -111.113
1006 294.978 226.727 2 265.78 -250
1007 304.978 226.727 2 262.731 -250
1008 314.978 226.727 2 260.031 -250
1009 324.978 226.727 2 257.691 -250
1010 334.978 226.727 2 255.721 -250
1011 344.978 226.727 2 254.129 -250
1012 354.978 226.727 2 252.923 -98.2589
1013 364.978 226.727 2 252.108 -96.0133
1014 374.978 226.727 2 251.688 -94.6292
1015 384.978 226.727 2 251.666 -95.8413
1016 394.978 226.727 2 252.04 -101.848
1017 404.978 226.727 2 252.809 -100.541
1018 414.978 226.727 2 253.97 -107.725
1019 424.978 226.727 2 255.518 -250
1020 434.978 226.727 2 257.445 -250
1021 444.978 226.727 2 259.743 -250
1022 454.978 226.727 2 262.402 -250
1023 464.978 226.727 2 265.412 -250
1024 474.978 226.727 2 268.76 -97.0035
1025 484.978 226.727 2 272.434 -90.2013
1026 84.9784 236.727 2 394.561 -112.269
1027 94.9784 236.727 2 387.126 -119.211
1028 104.978 236.727 2 379.809 -113.137
1029 114.978 236.727 2 372.617 -97.3779
1030 124.978 236.727 2 365.557 -250
1031 134.978 236.727 2 358.637 -95.9364
1032 144.978 236.727 2 351.865 -92.7122
1033 154.978 236.727 2 345.25 -97.7305
1034 164.978 236.727 2 338.801 -90.6286
1035 174.978 236.727 2 332.527 -98.1281
1036 184.978 236.727 2 326.44 -87.7208
1037 194.978 236.727 2 320.549 -94.0284
1038 204.978 236.727 2 314.865 -106.759
1039 214.978 236.727 2 309.4 -101.218
1040 224.978 236.727 2 304.166 -99.9366
1041 234.978 236.727 2 299.174 -98.1004
1042 244.978 236.727 2 294.438 -95.178
1043 254.978 236.727 2 289.969 -91.2355
1044 264.978 236.727 2 285.781 -108.287
1045 274.978 236.727 2 281.885 -115.097
1046 284.978 236.727 2 278.294 -96.5464
1047 294.978 236.727 2 275.02 -250
1048 304.978 236.727 2 272.075 -250
1049 314.978 236.727 2 269.468 -250
1050 324.978 236.727 2 267.211 -250
1051 334.978 236.727 2 265.311 -250
1052 344.978 236.727 2 263.778 -250
1053 354.978 236.727 2 262.616 -92.2397
1054 364.978 236.727 2 261.831 -94.7332
1055 374.978 236.727 2 261.427 -105.259
1056 384.978 236.727 2 261.405 -91.6898
1057 394.978 236.727 2 261.765 -101.457
1058 404.978 236.727 2 262.506 -97.9689
1059 414.978 236.727 2 263.625 -250
1060 424.978 236.727 2 265.116 -250
1061 434.978 236.727 2 266.974 -250
1062 444.978 236.727 2 269.19 -250
1063 454.978 236.727 2 271.757 -250
1064 464.978 236.727 2 274.664 -250
1065 474.978 236.727 2 277.901 -103.188
1066 484.978 236.727 2 281.456 -96.3066
1067 84.9784 246.727 2 401.092 -107.374
1068 94.9784 246.727 2 393.781 -121.658
1069 104.978 246.727 2 386.59 -102.421
1070 114.978 246.727 2 379.527 -102.366
1071 124.978 246.727 2 372.598 -102.801
1072 134.978 246.727 2 365.811 -90.0377
1073 144.978 246.727 2 359.174 -87.3262
1074 154.978 246.727 2 352.696 -97.0021
1075 164.978 246.727 2 346.386 -89.8121
1076 174.978 246.727 2 340.252 -88.615
1077 184.978 246.727 2 334.305 -87.3695
1078 194.978 246.727 2 328.555 -102.942
1079 204.978 246.727 2 323.012 -96.8321
1080 214.978 246.727 2 317.688 -95.42
1081 224.978 246.727 2 312.592 -93.5746
1082 234.978 246.727 2 307.737 -95.0172
1083 244.978 246.727 2 303.135 -90.4991
1084 254.978 246.727 2 298.796 -100.622
1085 264.978 246.727 2 294.733 -111.039
1086 274.978 246.727 2 290.958 -109.676
1087 284.978 246.727 2 287.48 -118.854
1088 294.978 246.727 2 284.312 -120.123
1089 304.978 246.727 2 281.464 -111.072
1090 314.978 246.727 2 278.945 -104.128
1091 324.978 246.727 2 276.765 -107.678
1092 334.978 246.727 2 274.931 -107.999
1093 344.978 246.727 2 273.451 -111.111
1094 354.978 246.727 2 272.331 -94.3124
1095 364.978 246.727 2 271.574 -105.947
1096 374.978 246.727 2 271.185 -107.714
1097 384.978 246.727 2 271.163 -95.162
1098 394.978 246.727 2 271.511 -104.2
1099 404.978 246.727 2 272.225 -90.0455
1100 414.978 246.727 2 273.304 -104.651
1101 424.978 246.727 2 274.743 -124.968
1102 434.978 246.727 2 276.536 -125.922
1103 444.978 246.727 2 278.676 -119.009
1104 454.978 246.727 2 281.156 -105.328
1105 464.978 246.727 2 283.967 -120.227
1106 474.978 246.727 2 287.099 -99.5282
1107 484.978 246.727 2 290.542 -116.068
1108 84.9784 256.727 2 407.765 -105.102
1109 94.9784 256.727 2 400.575 -103.591
1110 104.978 256.727 2 393.509 -101.354
1111 114.978 256.727 2 386.572 -104.837
1112 124.978 256.727 2 379.771 -91.0709
1113 134.978 256.727 2 373.115 -92.9272
1114 144.978 256.727 2 366.61 -88.061
1115 154.978 256.727 2 360.266 -85.8735
1116 164.978 256.727 2 354.09 -94.2606
1117 174.978 256.727 2 348.093 -94.2705
1118 184.978 256.727 2 342.282 -85.9997
1119 194.978 256.727 2 336.668 -90.7924
1120 204.978 256.727 2 331.261 -90.2571
1121 214.978 256.727 2 326.071 -91.039
1122 224.978 256.727 2 321.109 -90.6449
1123 234.978 256.727 2 316.385 -89.4644
1124 244.978 256.727 2 311.91 -92.9671
1125 254.978 256.727 2 307.695 -104.06
1126 264.978 256.727 2 303.751 -116.438
1127 274.978 256.727 2 300.089 -109.204
1128 284.978 256.727 2 296.718 -119.79
1129 294.978 256.727 2 293.65 -113.201
1130 304.978 256.727 2 290.893 -105.947
1131 314.978 256.727 2 288.457 -103.062
1132 324.978 256.727 2 286.349 -103.316
1133 334.978 256.727 2 284.577 -106.421
1134 344.978 256.727 2 283.148 -95.7106
1135 354.978 256.727 2 282.066 -99.6581
1136 364.978 256.727 2 281.335 -106.628
1137 374.978 256.727 2 280.959 -98.3042
1138 384.978 256.727 2 280.939 -92.2057
1139 394.978 256.727 2 281.274 -92.1509
1140 404.978 256.727 2 281.964 -93.7615
1141 414.978 256.727 2 283.005 -102.828
1142 424.978 256.727 2 284.395 -115.266
1143 434.978 256.727 2 286.128 -115.68
1144 444.978 256.727 2 288.197 -109.798
1145 454.978 256.727 2 290.596 -117.837
1146 464.978 256.727 2 293.316 -116.412
1147 474.978 256.727 2 296.349 -102.048
1148 484.978 256.727 2 299.686 -101.286
1149 84.9784 266.727 2 414.571 -101.352
1150 94.9784 266.727 2 407.502 -102.857
1151 104.978 266.727 2 400.557 -96.5798
1152 114.978 266.727 2 393.744 -92.3527
1153 124.978 266.727 2 387.07 -116.29
1154 134.978 266.727 2 380.541 -250
1155 144.978 266.727 2 374.166 -250
1156 154.978 266.727 2 367.952 -250
1157 164.978 266.727 2 361.907 -250
1158 174.978 266.727 2 356.041 -89.7638
1159 184.978 266.727 2 350.363 -93.7187
1160 194.978 266.727 2 344.88 -86.6291
1161 204.978 266.727 2 339.604 -87.7869
1162 214.978 266.727 2 334.544 -88.7019
1163 224.978 266.727 2 329.709 -89.7125
1164 234.978 266.727 2 325.11 -92.4413
1165 244.978 266.727 2 320.757 -250
1166 254.978 266.727 2 316.66 -250
1167 264.978 266.727 2 312.829 -250
1168 274.978 266.727 2 309.274 -117.647
1169 284.978 266.727 2 306.005 -111.058
1170 294.978 266.727 2 303.03 -250
1171 304.978 266.727 2 300.359 -250
1172 314.978 266.727 2 298 -250
1173 324.978 266.727 2 295.961 -250
1174 334.978 266.727 2 294.247 -250
1175 344.978 266.727 2 292.865 -250
1176 354.978 266.727 2 291.819 -250
1177 364.978 266.727 2 291.113 -250
1178 374.978 266.727 2 290.749 -250
1179 384.978 266.727 2 290.729 -250
1180 394.978 266.727 2 291.053 -250
1181 404.978 266.727 2 291.72 -250
1182 414.978 266.727 2 292.727 -250
1183 424.978 266.727 2 294.071 -250
1184 434.978 266.727 2 295.747 -250
1185 444.978 266.727 2 297.749 -250
1186 454.978 266.727 2 300.072 -250
1187 464.978 266.727 2 302.707 -250
1188 474.978 266.727 2 305.647 -98.4906
1189 484.978 266.727 2 308.883 -97.8718
1190 84.9784 276.727 2 421.505 -111.112
1191 94.9784 276.727 2 414.554 -98.7164
1192 104.978 276.727 2 407.729 -91.1966
1193 114.978 276.727 2 401.038 -108.986
1194 124.978 276.727 2 394.487 -122.834
1195 134.978 276.727 2 388.083 -250
1196 144.978 276.727 2 381.834 -250
1197 154.978 276.727 2 375.747 -250
1198 164.978 276.727 2 369.83 -250
1199 174.978 276.727 2 364.091 -87.8106
1200 184.978 276.727 2 358.54 -90.3293
1201 194.978 276.727 2 353.185 -87.2193
1202 204.978 276.727 2 348.034 -85.7982
1203 214.978 276.727 2 343.098 -91.9044
1204 224.978 276.727 2 338.386 -91.233
1205 234.978 276.727 2 333.906 -111.185
1206 244.978 276.727 2 329.669 -250
1207 254.978 276.727 2 325.684 -250
1208 264.978 276.727 2 321.961 -250
1209 274.978 276.727 2 318.508 -124.696
1210 284.978 276.727 2 315.334 -104.271
1211 294.978 276.727 2 312.449 -250
1212 304.978 276.727 2 309.859 -250
1213 314.978 276.727 2 307.573 -250
1214 324.978 276.727 2 305.597 -250
1215 334.978 276.727 2 303.938 -250
1216 344.978 276.727 2 302.6 -250
1217 354.978 276.727 2 301.588 -250
1218 364.978 276.727 2 300.905 -250
1219 374.978 276.727 2 300.553 -250
1220 384.978 276.727 2 300.534 -250
1221 394.978 276.727 2 300.847 -250
1222 404.978 276.727 2 301.492 -250
1223 414.978 276.727 2 302.467 -250
1224 424.978 276.727 2 303.767 -250
1225 434.978 276.727 2 305.39 -250
1226 444.978 276.727 2 307.33 -250
1227 454.978 276.727 2 309.58 -250
1228 464.978 276.727 2 312.135 -250
1229 474.978 276.727 2 314.987 -105.808
1230 484.978 276.727 2 318.128 -106.503
1231 84.9784 286.727 2 428.559 -101.157
1232 94.9784 286.727 2 421.725 -90.7295
1233 104.978 286.727 2 415.018 -103.254
1234 114.978 286.727 2 408.447 -124.108
1235 124.978 286.727 2 402.016 -128.549
1236 134.978 286.727 2 395.734 -250
1237 144.978 286.727 2 389.608 -250
1238 154.978 286.727 2 383.644 -250
1239 164.978 286.727 2 377.851 -250
1240 174.978 286.727 2 372.236 -87.2373
1241 184.978 286.727 2 366.808 -89.6386
1242 194.978 286.727 2 361.575 -89.4029
1243 204.978 286.727 2 356.546 -88.3903
1244 214.978 286.727 2 351.729 -89.5477
1245 224.978 286.727 2 347.134 -88.2677
1246 234.978 286.727 2 342.769 -104.253
1247 244.978 286.727 2 338.643 -250
1248 254.978 286.727 2 334.765 -250
1249 264.978 286.727 2 331.143 -250
1250 274.978 286.727 2 327.787 -121.147
1251 284.978 286.727 2 324.704 -98.2804
1252 294.978 286.727 2 321.903 -250
1253 304.978 286.727 2 319.39 -250
1254 314.978 286.727 2 317.172 -250
1255 324.978 286.727 2 315.257 -250
1256 334.978 286.727 2 313.648 -250
1257 344.978 286.727 2 312.352 -250
1258 354.978 286.727 2 311.372 -250
1259 364.978 286.727 2 310.71 -250
1260 374.978 286.727 2 310.369 -250
1261 384.978 286.727 2 310.351 -250
1262 394.978 286.727 2 310.654 -250
1263 404.978 286.727 2 311.279 -250
1264 414.978 286.727 2 312.223 -250
1265 424.978 286.727 2 313.483 -250
1266 434.978 286.727 2 315.056 -250
1267 444.978 286.727 2 316.936 -250
1268 454.978 286.727 2 319.119 -250
1269 464.978 286.727 2 321.598 -250
1270 474.978 286.727 2 324.367 -97.9995
1271 484.978 286.727 2 327.418 -108.928
1272 84.9784 296.727 2 435.73 -90.1981
1273 94.9784 296.727 2 429.009 -101.651
1274 104.978 296.727 2 422.418 -116.472
1275 114.978 296.727 2 415.964 -113.185
1276 124.978 296.727 2 409.651 -127.921
1277 134.978 296.727 2 403.488 -250
1278 144.978 296.727 2 397.481 -250
1279 154.978 296.727 2 391.637 -250
1280 164.978 296.727 2 385.964 -250
1281 174.978 296.727 2 380.469 -101.154
1282 184.978 296.727 2 375.16 -99.1174
1283 194.978 296.727 2 370.045 -96.512
1284 204.978 296.727 2 365.133 -89.8897
1285 214.978 296.727 2 360.431 -90.7926
1286 224.978 296.727 2 355.948 -98.3566
1287 234.978 296.727 2 351.692 -106.67
1288 244.978 296.727 2 347.672 -250
1289 254.978 296.727 2 343.896 -250
1290 264.978 296.727 2 340.372 -250
1291 274.978 296.727 2 337.107 -120.836
1292 284.978 296.727 2 334.111 -101.38
1293 294.978 296.727 2 331.389 -250
1294 304.978 296.727 2 328.948 -250
1295 314.978 296.727 2 326.796 -250
1296 324.978 296.727 2 324.937 -102.28
1297 334.978 296.727 2 323.376 -144.088
1298 344.978 296.727 2 322.119 -139.992
1299 354.978 296.727 2 321.169 -131.444
1300 364.978 296.727 2 320.527 -97.9972
1301 374.978 296.727 2 320.197 -132.324
1302 384.978 296.727 2 320.179 -121.624
1303 394.978 296.727 2 320.473 -134.17
1304 404.978 296.727 2 321.079 -132.759
1305 414.978 296.727 2 321.994 -133.181
1306 424.978 296.727 2 323.216 -135.08
1307 434.978 296.727 2 324.742 -250
1308 444.978 296.727 2 326.566 -250
1309 454.978 296.727 2 328.685 -250
1310 464.978 296.727 2 331.093 -250
1311 474.978 296.727 2 333.783 -100.883
1312 484.978 296.727 2 336.748 -97.6733
1313 84.9784 306.727 2 443.009 -97.4066
1314 94.9784 306.727 2 436.401 -117.321
1315 104.978 306.727 2 429.923 -132.954
1316 114.978 306.727 2 423.583 -115.601
1317 124.978 306.727 2 417.386 -138.941
1318 134.978 306.727 2 411.339 -250
1319 144.978 306.727 2 405.448 -250
1320 154.978 306.727 2 399.721 -250
1321 164.978 306.727 2 394.164 -250
1322 174.978 306.727 2 388.785 -90.2186
1323 184.978 306.727 2 383.591 -97.9399
1324 194.978 306.727 2 378.59 -104.937
1325 204.978 306.727 2 373.79 -95.214
1326 214.978 306.727 2 369.198 -90.2305
1327 224.978 306.727 2 364.823 -101.473
1328 234.978 306.727 2 360.672 -112.368
1329 244.978 306.727 2 356.753 -250
1330 254.978 306.727 2 353.074 -250
1331 264.978 306.727 2 349.643 -250
1332 274.978 306.727 2 346.466 -138.157
1333 284.978 306.727 2 343.55 -107.256
1334 294.978 306.727 2 340.904 -250
1335 304.978 306.727 2 338.532 -250
1336 314.978 306.727 2 336.441 -250
1337 324.978 306.727 2 334.635 -104.256
1338 334.978 306.727 2 333.121 -250
1339 344.978 306.727 2 331.9 -250
1340 354.978 306.727 2 330.978 -250
1341 364.978 306.727 2 330.355 -101.558
1342 374.978 306.727 2 330.035 -250
1343 384.978 306.727 2 330.018 -250
1344 394.978 306.727 2 330.303 -250
1345 404.978 306.727 2 330.891 -250
1346 414.978 306.727 2 331.779 -250
1347 424.978 306.727 2 332.965 -250
1348 434.978 306.727 2 334.446 -250
1349 444.978 306.727 2 336.218 -250
1350 454.978 306.727 2 338.277 -250
1351 464.978 306.727 2 340.616 -250
1352 474.978 306.727 2 343.232 -104.579
1353 484.978 306.727 2 346.116 -110.304
1354 84.9784 316.727 2 450.393 -112.306
1355 94.9784 316.727 2 443.895 -117.868
1356 104.978 316.727 2 437.529 -113.036
1357 114.978 316.727 2 431.3 -114.821
1358 124.978 316.727 2 425.215 -111.058
1359 134.978 316.727 2 419.281 -250
1360 144.978 316.727 2 413.503 -250
1361 154.978 316.727 2 407.889 -250
1362 164.978 316.727 2 402.445 -250
1363 174.978 316.727 2 397.178 -89.7005
1364 184.978 316.727 2 392.096 -89.639
1365 194.978 316.727 2 387.205 -94.0227
1366 204.978 316.727 2 382.513 -98.9406
1367 214.978 316.727 2 378.027 -94.8699
1368 224.978 316.727 2 373.755 -111.445
1369 234.978 316.727 2 369.705 -105.571
1370 244.978 316.727 2 365.882 -250
1371 254.978 316.727 2 362.296 -250
1372 264.978 316.727 2 358.953 -250
1373 274.978 316.727 2 355.859 -113.263
1374 284.978 316.727 2 353.021 -103.371
1375 294.978 316.727 2 350.446 -250
1376 304.978 316.727 2 348.139 -250
1377 314.978 316.727 2 346.106 -250
1378 324.978 316.727 2 344.351 -101.159
1379 334.978 316.727 2 342.879 -250
1380 344.978 316.727 2 341.694 -250
1381 354.978 316.727 2 340.798 -250
1382 364.978 316.727 2 340.194 -98.3998
1383 374.978 316.727 2 339.883 -250
1384 384.978 316.727 2 339.866 -250
1385 394.978 316.727 2 340.143 -250
1386 404.978 316.727 2 340.713 -250
1387 414.978 316.727 2 341.576 -250
1388 424.978 316.727 2 342.728 -250
1389 434.978 316.727 2 344.167 -250
1390 444.978 316.727 2 345.89 -250
1391 454.978 316.727 2 347.891 -250
1392 464.978 316.727 2 350.166 -250
1393 474.978 316.727 2 352.711 -102.09
1394 484.978 316.727 2 355.519 -104.306
1395 84.9784 326.727 2 457.877 -111.25
1396 94.9784 326.727 2 451.486 -120.417
1397 104.978 326.727 2 445.228 -116.56
1398 114.978 326.727 2 439.109 -120.984
1399 124.978 326.727 2 433.134 -119.774
1400 134.978 326.727 2 427.31 -112.187
1401 144.978 326.727 2 421.642 -104.443
1402 154.978 326.727 2 416.138 -99.785
1403 164.978 326.727 2 410.803 -97.999
1404 174.978 326.727 2 405.645 -89.038
1405 184.978 326.727 2 400.67 -88.9849
1406 194.978 326.727 2 395.885 -96.6092
1407 204.978 326.727 2 391.297 -87.6779
1408 214.978 326.727 2 386.913 -93.9786
1409 224.978 326.727 2 382.74 -104.407
1410 234.978 326.727 2 378.786 -101.852
1411 244.978 326.727 2 375.056 -107.037
1412 254.978 326.727 2 371.558 -125.709
1413 264.978 326.727 2 368.299 -124.819
1414 274.978 326.727 2 365.284 -109.692
1415 284.978 326.727 2 362.52 -105.8
1416 294.978 326.727 2 360.013 -96.925
1417 304.978 326.727 2 357.768 -100.209
1418 314.978 326.727 2 355.79 -103.514
1419 324.978 326.727 2 354.083 -98.9574
1420 334.978 326.727 2 352.652 -100.264
1421 344.978 326.727 2 351.499 -99.3047
1422 354.978 326.727 2 350.628 -98.0252
1423 364.978 326.727 2 350.041 -98.0115
1424 374.978 326.727 2 349.739 -99.4611
1425 384.978 326.727 2 349.722 -136.113
1426 394.978 326.727 2 349.992 -123.563
1427 404.978 326.727 2 350.546 -132.744
1428 414.978 326.727 2 351.385 -134.114
1429 424.978 326.727 2 352.505 -140.793
1430 434.978 326.727 2 353.904 -141.277
1431 444.978 326.727 2 355.579 -116.463
1432 454.978 326.727 2 357.526 -119.645
1433 464.978 326.727 2 359.741 -125.782
1434 474.978 326.727 2 362.218 -101.339
1435 484.978 326.727 2 364.953 -109.613
1436 84.9784 336.727 2 465.455 -116.358
1437 94.9784 336.727 2 459.17 -117.484
1438 104.978 336.727 2 453.018 -129.116
1439 114.978 336.727 2 447.005 -119.868
1440 124.978 336.727 2 441.137 -118.899
1441 134.978 336.727 2 435.42 -112.395
1442 144.978 336.727 2 429.859 -112.478
1443 154.978 336.727 2 424.462 -117.522
1444 164.978 336.727 2 419.233 -91.4664
1445 174.978 336.727 2 414.179 -90.094
1446 184.978 336.727 2 409.308 -88.3887
1447 194.978 336.727 2 404.625 -89.4303
1448 204.978 336.727 2 400.138 -99.0288
1449 214.978 336.727 2 395.852 -96.136
1450 224.978 336.727 2 391.774 -96.3593
1451 234.978 336.727 2 387.912 -107.592
1452 244.978 336.727 2 384.271 -128.234
1453 254.978 336.727 2 380.858 -125.275
1454 264.978 336.727 2 377.678 -131.009
1455 274.978 336.727 2 374.739 -123.243
1456 284.978 336.727 2 372.046 -113.346
1457 294.978 336.727 2 369.603 -94.7712
1458 304.978 336.727 2 367.417 -102.682
1459 314.978 336.727 2 365.491 -95.6666
1460 324.978 336.727 2 363.829 -99.1092
1461 334.978 336.727 2 362.437 -105.095
1462 344.978 336.727 2 361.315 -98.3197
1463 354.978 336.727 2 360.468 -97.5265
1464 364.978 336.727 2 359.897 -100.644
1465 374.978 336.727 2 359.603 -94.6499
1466 384.978 336.727 2 359.587 -119.949
1467 394.978 336.727 2 359.849 -131.687
1468 404.978 336.727 2 360.388 -132.499
1469 414.978 336.727 2 361.204 -126.393
1470 424.978 336.727 2 362.294 -128.248
1471 434.978 336.727 2 363.655 -129.822
1472 444.978 336.727 2 365.286 -112.418
1473 454.978 336.727 2 367.181 -113.767
1474 464.978 336.727 2 369.338 -133.939
1475 474.978 336.727 2 371.751 -100.981
1476 484.978 336.727 2 374.416 -112.664
1477 84.9784 346.727 2 473.123 -117.23
1478 94.9784 346.727 2 466.941 -118.056
1479 104.978 346.727 2 460.893 -121.716
1480 114.978 346.727 2 454.984 -250
1481 124.978 346.727 2 449.221 -250
1482 134.978 346.727 2 443.608 -250
1483 144.978 346.727 2 438.151 -250
1484 154.978 346.727 2 432.856 -250
1485 164.978 346.727 2 427.73 -250
1486 174.978 346.727 2 422.778 -250
1487 184.978 346.727 2 418.007 -95.9752
1488 194.978 346.727 2 413.423 -104.177
1489 204.978 346.727 2 409.032 -98.5706
1490 214.978 346.727 2 404.84 -94.2657
1491 224.978 346.727 2 400.854 -97.0715
1492 234.978 346.727 2 397.08 -104.158
1493 244.978 346.727 2 393.524 -250
1494 254.978 346.727 2 390.192 -250
1495 264.978 346.727 2 387.089 -250
1496 274.978 346.727 2 384.222 -118.216
1497 284.978 346.727 2 381.595 -110.878
1498 294.978 346.727 2 379.214 -98.5254
1499 304.978 346.727 2 377.083 -99.7216
1500 314.978 346.727 2 375.207 -104.597
1501 324.978 346.727 2 373.589 -99.2611
1502 334.978 346.727 2 372.233 -108.293
1503 344.978 346.727 2 371.141 -98.3872
1504 354.978 346.727 2 370.317 -97.9845
1505 364.978 346.727 2 369.76 -99.2342
1506 374.978 346.727 2 369.474 -95.2491
1507 384.978 346.727 2 369.459 -250
1508 394.978 346.727 2 369.714 -250
1509 404.978 346.727 2 370.239 -250
1510 414.978 346.727 2 371.033 -250
1511 424.978 346.727 2 372.094 -250
1512 434.978 346.727 2 373.42 -250
1513 444.978 346.727 2 375.008 -115.015
1514 454.978 346.727 2 376.854 -250
1515 464.978 346.727 2 378.956 -250
1516 474.978 346.727 2 381.308 -99.9835
1517 484.978 346.727 2 383.907 -104.226
1518 84.9784 356.727 2 480.877 -112.263
1519 94.9784 356.727 2 474.796 -116.696
1520 104.978 356.727 2 468.849 -250
1521 114.978 356.727 2 463.042 -250
1522 124.978 356.727 2 457.38 -250
1523 134.978 356.727 2 451.868 -250
1524 144.978 356.727 2 446.512 -250
1525 154.978 356.727 2 441.318 -250
1526 164.978 356.727 2 436.291 -250
1527 174.978 356.727 2 431.438 -250
1528 184.978 356.727 2 426.764 -85.8302
1529 194.978 356.727 2 422.274 -95.519
1530 204.978 356.727 2 417.976 -101.328
1531 214.978 356.727 2 413.875 -104.867
1532 224.978 356.727 2 409.977 -97.4051
1533 234.978 356.727 2 406.288 -117.112
1534 244.978 356.727 2 402.813 -250
1535 254.978 356.727 2 399.558 -250
1536 264.978 356.727 2 396.529 -250
1537 274.978 356.727 2 393.73 -106.983
1538 284.978 356.727 2 391.167 -112.901
1539 294.978 356.727 2 388.845 -102.806
1540 304.978 356.727 2 386.767 -98.8603
1541 314.978 356.727 2 384.938 -96.9481
1542 324.978 356.727 2 383.361 -101.558
1543 334.978 356.727 2 382.04 -107.996
1544 344.978 356.727 2 380.976 -99.3046
1545 354.978 356.727 2 380.173 -106.298
1546 364.978 356.727 2 379.631 -101.643
1547 374.978 356.727 2 379.352 -99.3472
1548 384.978 356.727 2 379.337 -111.375
1549 394.978 356.727 2 379.586 -250
1550 404.978 356.727 2 380.097 -250
1551 414.978 356.727 2 380.87 -250
1552 424.978 356.727 2 381.904 -250
1553 434.978 356.727 2 383.196 -250
1554 444.978 356.727 2 384.744 -119.447
1555 454.978 356.727 2 386.544 -250
1556 464.978 356.727 2 388.593 -250
1557 474.978 356.727 2 390.888 -100.081
1558 484.978 356.727 2 393.423 -110.881
1559 84.9784 366.727 2 488.712 -120.207
1560 94.9784 366.727 2 482.73 -131.151
1561 104.978 366.727 2 476.882 -250
1562 114.978 366.727 2 471.174 -250
1563 124.978 366.727 2 465.611 -250
1564 134.978 366.727 2 460.198 -250
1565 144.978 366.727 2 454.94 -250
1566 154.978 366.727 2 449.843 -250
1567 164.978 366.727 2 444.913 -250
1568 174.978 366.727 2 440.154 -250
1569 184.978 366.727 2 435.573 -93.9709
1570 194.978 366.727 2 431.176 -250
1571 204.978 366.727 2 426.967 -250
1572 214.978 366.727 2 422.953 -250
1573 224.978 366.727 2 419.14 -250
1574 234.978 366.727 2 415.532 -250
1575 244.978 366.727 2 412.135 -250
1576 254.978 366.727 2 408.954 -250
1577 264.978 366.727 2 405.995 -250
1578 274.978 366.727 2 403.262 -114.75
1579 284.978 366.727 2 400.761 -119.394
1580 294.978 366.727 2 398.494 -106.109
1581 304.978 366.727 2 396.467 -101.344
1582 314.978 366.727 2 394.683 -103.17
1583 324.978 366.727 2 393.145 -102.934
1584 334.978 366.727 2 391.856 -117.674
1585 344.978 366.727 2 390.819 -101.173
1586 354.978 366.727 2 390.036 -124.167
1587 364.978 366.727 2 389.508 -99.2408
1588 374.978 366.727 2 389.237 -102.139
1589 384.978 366.727 2 389.222 -106
1590 394.978 366.727 2 389.464 -250
1591 404.978 366.727 2 389.963 -184.131
1592 414.978 366.727 2 390.716 -250
1593 424.978 366.727 2 391.724 -250
1594 434.978 366.727 2 392.984 -250
1595 444.978 366.727 2 394.493 -116.556
1596 454.978 366.727 2 396.249 -250
1597 464.978 366.727 2 398.248 -250
1598 474.978 366.727 2 400.487 -97.4895
1599 484.978 366.727 2 402.962 -105.204
1600 84.9784 376.727 2 496.625 -132.457
1601 94.9784 376.727 2 490.739 -124.201
1602 104.978 376.727 2 484.988 -250
1603 114.978 376.727 2 479.376 -250
1604 124.978 376.727 2 473.91 -250
1605 134.978 376.727 2 468.592 -250
1606 144.978 376.727 2 463.43 -250
1607 154.978 376.727 2 458.427 -250
1608 164.978 376.727 2 453.59 -250
1609 174.978 376.727 2 448.924 -250
1610 184.978 376.727 2 444.434 -99.5282
1611 194.978 376.727 2 440.125 -250
1612 204.978 376.727 2 436.002 -250
1613 214.978 376.727 2 432.072 -250
1614 224.978 376.727 2 428.34 -250
1615 234.978 376.727 2 424.81 -250
1616 244.978 376.727 2 421.488 -250
1617 254.978 376.727 2 418.378 -250
1618 264.978 376.727 2 415.487 -250
1619 274.978 376.727 2 412.817 -110.921
1620 284.978 376.727 2 410.373 -105.039
1621 294.978 376.727 2 408.16 -117.715
1622 304.978 376.727 2 406.181 -107.966
1623 314.978 376.727 2 404.44 -99.2472
1624 324.978 376.727 2 402.939 -107.646
1625 334.978 376.727 2 401.682 -102.401
1626 344.978 376.727 2 400.671 -102.613
1627 354.978 376.727 2 399.907 -107.12
1628 364.978 376.727 2 399.392 -106.003
1629 374.978 376.727 2 399.127 -103.987
1630 384.978 376.727 2 399.113 -250
1631 394.978 376.727 2 399.349 -250
1632 404.978 376.727 2 399.835 -250
1633 414.978 376.727 2 400.57 -250
1634 424.978 376.727 2 401.553 -250
1635 434.978 376.727 2 402.782 -250
1636 444.978 376.727 2 404.255 -250
1637 454.978 376.727 2 405.968 -250
1638 464.978 376.727 2 407.92 -250
1639 474.978 376.727 2 410.106 -112.986
1640 484.978 376.727 2 412.524 -106.672
1641 84.9784 386.727 2 504.612 -137.416
1642 94.9784 386.727 2 498.82 -118.208
1643 104.978 386.727 2 493.164 -131.219
1644 114.978 386.727 2 487.646 -250
1645 124.978 386.727 2 482.273 -250
1646 134.978 386.727 2 477.049 -250
1647 144.978 386.727 2 471.979 -250
1648 154.978 386.727 2 467.068 -250
1649 164.978 386.727 2 462.322 -250
1650 174.978 386.727 2 457.744 -250
1651 184.978 386.727 2 453.341 -93.3866
1652 194.978 386.727 2 449.118 -250
1653 204.978 386.727 2 445.079 -250
1654 214.978 386.727 2 441.23 -250
1655 224.978 386.727 2 437.575 -250
1656 234.978 386.727 2 434.121 -250
1657 244.978 386.727 2 430.87 -250
1658 254.978 386.727 2 427.829 -250
1659 264.978 386.727 2 425.001 -250
1660 274.978 386.727 2 422.391 -113.995
1661 284.978 386.727 2 420.004 -105.789
1662 294.978 386.727 2 417.841 -114.31
1663 304.978 386.727 2 415.909 -100.931
1664 314.978 386.727 2 414.208 -102.776
1665 324.978 386.727 2 412.743 -102.012
1666 334.978 386.727 2 411.516 -104.888
1667 344.978 386.727 2 410.529 -108.434
1668 354.978 386.727 2 409.783 -104.593
1669 364.978 386.727 2 409.281 -97.601
1670 374.978 386.727 2 409.022 -97.4787
1671 384.978 386.727 2 409.008 -250
1672 394.978 386.727 2 409.239 -250
1673 404.978 386.727 2 409.713 -250
1674 414.978 386.727 2 410.431 -250
1675 424.978 386.727 2 411.39 -250
1676 434.978 386.727 2 412.59 -250
1677 444.978 386.727 2 414.027 -250
1678 454.978 386.727 2 415.701 -250
1679 464.978 386.727 2 417.607 -250
1680 474.978 386.727 2 419.743 -108.46
1681 484.978 386.727 2 422.105 -100.283
1682 84.9784 396.727 2 512.67 -127.275
1683 94.9784 396.727 2 506.97 -138.765
1684 104.978 396.727 2 501.405 -123.029
1685 114.978 396.727 2 495.98 -119.137
1686 124.978 396.727 2 490.698 -119.592
1687 134.978 396.727 2 485.564 -123.735
1688 144.978 396.727 2 480.584 -130.248
1689 154.978 396.727 2 475.762 -121.239
1690 164.978 396.727 2 471.103 -120.655
1691 174.978 396.727 2 466.612 -113.766
1692 184.978 396.727 2 462.293 -110.169
1693 194.978 396.727 2 458.152 -113.964
1694 204.978 396.727 2 454.194 -107.996
1695 214.978 396.727 2 450.423 -121.45
1696 224.978 396.727 2 446.844 -103.711
1697 234.978 396.727 2 443.461 -102.487
1698 244.978 396.727 2 440.28 -250
1699 254.978 396.727 2 437.304 -250
1700 264.978 396.727 2 434.538 -250
1701 274.978 396.727 2 431.986 -105.788
1702 284.978 396.727 2 429.651 -109.142
1703 294.978 396.727 2 427.538 -111.265
1704 304.978 396.727 2 425.649 -108.321
1705 314.978 396.727 2 423.988 -100.788
1706 324.978 396.727 2 422.556 -106.437
1707 334.978 396.727 2 421.358 -106.111
1708 344.978 396.727 2 420.394 -97.3825
1709 354.978 396.727 2 419.666 -100.112
1710 364.978 396.727 2 419.175 -95.5087
1711 374.978 396.727 2 418.923 -96.7523
1712 384.978 396.727 2 418.909 -250
1713 394.978 396.727 2 419.134 -250
1714 404.978 396.727 2 419.597 -250
1715 414.978 396.727 2 420.298 -250
1716 424.978 396.727 2 421.235 -250
1717 434.978 396.727 2 422.407 -250
1718 444.978 396.727 2 423.811 -250
1719 454.978 396.727 2 425.446 -250
1720 464.978 396.727 2 427.309 -250
1721 474.978 396.727 2 429.396 -120.817
1722 484.978 396.727 2 431.706 -111.653
1723 84.9784 406.727 2 520.795 -132.444
1724 94.9784 406.727 2 515.185 -138.48
1725 104.978 406.727 2 509.71 -127.171
1726 114.978 406.727 2 504.374 -123.385
1727 124.978 406.727 2 499.181 -120.352
1728 134.978 406.727 2 494.135 -116.776
1729 144.978 406.727 2 489.243 -112.532
1730 154.978 406.727 2 484.507 -114.417
1731 164.978 406.727 2 479.933 -103.263
1732 174.978 406.727 2 475.525 -103.583
1733 184.978 406.727 2 471.288 -115.148
1734 194.978 406.727 2 467.227 -117.638
1735 204.978 406.727 2 463.346 -104.826
1736 214.978 406.727 2 459.65 -113.203
1737 224.978 406.727 2 456.143 -109.027
1738 234.978 406.727 2 452.83 -115.353
1739 244.978 406.727 2 449.715 -112.337
1740 254.978 406.727 2 446.802 -104.89
1741 264.978 406.727 2 444.095 -96.9168
1742 274.978 406.727 2 441.598 -96.8656
1743 284.978 406.727 2 439.314 -104.22
1744 294.978 406.727 2 437.248 -98.6737
1745 304.978 406.727 2 435.401 -103.659
1746 314.978 406.727 2 433.777 -99.2223
1747 324.978 406.727 2 432.378 -107.86
1748 334.978 406.727 2 431.207 -97.3766
1749 344.978 406.727 2 430.265 -95.4751
1750 354.978 406.727 2 429.554 -93.5853
1751 364.978 406.727 2 429.074 -100.072
1752 374.978 406.727 2 428.828 -93.6897
1753 384.978 406.727 2 428.815 -113.13
1754 394.978 406.727 2 429.034 -119.589
1755 404.978 406.727 2 429.487 -116.571
1756 414.978 406.727 2 430.171 -123.394
1757 424.978 406.727 2 431.087 -122.033
1758 434.978 406.727 2 432.232 -116.863
1759 444.978 406.727 2 433.604 -124.323
1760 454.978 406.727 2 435.203 -130.167
1761 464.978 406.727 2 437.024 -123.8
1762 474.978 406.727 2 439.065 -99.1677
1763 484.978 406.727 2 441.324 -107.095
1764 84.9784 416.727 2 528.984 -136.197
1765 94.9784 416.727 2 523.462 -132.343
1766 104.978 416.727 2 518.075 -119.294
1767 114.978 416.727 2 512.825 -250
1768 124.978 416.727 2 507.719 -250
1769 134.978 416.727 2 502.759 -250
1770 144.978 416.727 2 497.951 -250
1771 154.978 416.727 2 493.299 -129.333
1772 164.978 416.727 2 488.807 -107.987
1773 174.978 416.727 2 484.48 -115.945
1774 184.978 416.727 2 480.322 -111.483
1775 194.978 416.727 2 476.338 -104.753
1776 204.978 416.727 2 472.532 -110.719
1777 214.978 416.727 2 468.908 -110.611
1778 224.978 416.727 2 465.471 -108.685
1779 234.978 416.727 2 462.225 -112.343
1780 244.978 416.727 2 459.173 -117.604
1781 254.978 416.727 2 456.321 -103.027
1782 264.978 416.727 2 453.671 -96.3759
1783 274.978 416.727 2 451.227 -95.5696
1784 284.978 416.727 2 448.992 -98.8876
1785 294.978 416.727 2 446.97 -100.609
1786 304.978 416.727 2 445.164 -106.028
1787 314.978 416.727 2 443.576 -96.2628
1788 324.978 416.727 2 442.208 -95.9814
1789 334.978 416.727 2 441.063 -96.8089
1790 344.978 416.727 2 440.142 -98.9481
1791 354.978 416.727 2 439.447 -91.7434
1792 364.978 416.727 2 438.978 -95.4803
1793 374.978 416.727 2 438.737 -102.268
1794 384.978 416.727 2 438.724 -119.648
1795 394.978 416.727 2 438.939 -112.762
1796 404.978 416.727 2 439.381 -116.899
1797 414.978 416.727 2 440.05 -112.374
1798 424.978 416.727 2 440.945 -124.261
1799 434.978 416.727 2 442.065 -120.058
1800 444.978 416.727 2 443.407 -118.794
1801 454.978 416.727 2 444.97 -128.278
1802 464.978 416.727 2 446.751 -117.093
1803 474.978 416.727 2 448.749 -101.693
1804 484.978 416.727 2 450.959 -99.2947
1805 84.9784 426.727 2 537.235 -120.775
1806 94.9784 426.727 2 531.799 -117.72
1807 104.978 426.727 2 526.496 -130.158
1808 114.978 426.727 2 521.332 -250
1809 124.978 426.727 2 516.309 -250
1810 134.978 426.727 2 511.433 -250
1811 144.978 426.727 2 506.707 -250
1812 154.978 426.727 2 502.136 -112.314
1813 164.978 426.727 2 497.724 -250
1814 174.978 426.727 2 493.475 -250
1815 184.978 426.727 2 489.394 -250
1816 194.978 426.727 2 485.484 -250
1817 204.978 426.727 2 481.75 -250
1818 214.978 426.727 2 478.196 -250
1819 224.978 426.727 2 474.827 -113.767
1820 234.978 426.727 2 471.645 -250
1821 244.978 426.727 2 468.655 -250
1822 254.978 426.727 2 465.86 -250
1823 264.978 426.727 2 463.265 -250
1824 274.978 426.727 2 460.872 -101.823
1825 284.978 426.727 2 458.684 -95.7021
1826 294.978 426.727 2 456.705 -101.379
1827 304.978 426.727 2 454.937 -250
1828 314.978 426.727 2 453.383 -250
1829 324.978 426.727 2 452.045 -250
1830 334.978 426.727 2 450.925 -250
1831 344.978 426.727 2 450.024 -250
1832 354.978 426.727 2 449.344 -250
1833 364.978 426.727 2 448.886 -250
1834 374.978 426.727 2 448.651 -250
1835 384.978 426.727 2 448.638 -250
1836 394.978 426.727 2 448.848 -250
1837 404.978 426.727 2 449.28 -250
1838 414.978 426.727 2 449.935 -250
1839 424.978 426.727 2 450.81 -250
1840 434.978 426.727 2 451.905 -250
1841 444.978 426.727 2 453.218 -250
1842 454.978 426.727 2 454.748 -250
1843 464.978 426.727 2 456.491 -113.973
1844 474.978 426.727 2 458.445 -102.69
1845 484.978 426.727 2 460.609 -250
1846 84.9784 436.727 2 545.544 -120.979
1847 94.9784 436.727 2 540.192 -129.933
1848 104.978 436.727 2 534.972 -173.696
1849 114.978 436.727 2 529.89 -250
1850 124.978 436.727 2 524.95 -250
1851 134.978 436.727 2 520.155 -250
1852 144.978 436.727 2 515.509 -250
1853 154.978 436.727 2 511.016 -110.954
1854 164.978 436.727 2 506.682 -250
1855 174.978 436.727 2 502.509 -250
1856 184.978 436.727 2 498.501 -250
1857 194.978 436.727 2 494.663 -250
1858 204.978 436.727 2 490.999 -250
1859 214.978 436.727 2 487.513 -250
1860 224.978 436.727 2 484.208 -102.844
1861 234.978 436.727 2 481.088 -250
1862 244.978 436.727 2 478.157 -250
1863 254.978 436.727 2 475.418 -250
1864 264.978 436.727 2 472.875 -250
1865 274.978 436.727 2 470.531 -99.5139
1866 284.978 436.727 2 468.389 -95.2513
1867 294.978 436.727 2 466.451 -99.598
1868 304.978 436.727 2 464.72 -250
1869 314.978 436.727 2 463.199 -250
1870 324.978 436.727 2 461.89 -250
1871 334.978 436.727 2 460.793 -250
1872 344.978 436.727 2 459.912 -250
1873 354.978 436.727 2 459.247 -250
1874 364.978 436.727 2 458.798 -250
1875 374.978 436.727 2 458.568 -250
1876 384.978 436.727 2 458.555 -250
1877 394.978 436.727 2 458.761 -250
1878 404.978 436.727 2 459.184 -250
1879 414.978 436.727 2 459.824 -250
1880 424.978 436.727 2 460.681 -250
1881 434.978 436.727 2 461.752 -250
1882 444.978 436.727 2 463.038 -250
1883 454.978 436.727 2 464.535 -250
1884 464.978 436.727 2 466.241 -94.1758
1885 474.978 436.727 2 468.155 -112.476
1886 484.978 436.727 2 470.274 -250
1887 84.9784 446.727 2 553.909 -131.844
1888 94.9784 446.727 2 548.638 -138.31
1889 104.978 446.727 2 543.5 -165.581
1890 114.978 446.727 2 538.499 -250
1891 124.978 446.727 2 533.638 -250
1892 134.978 446.727 2 528.921 -250
1893 144.978 446.727 2 524.353 -250
1894 154.978 446.727 2 519.937 -111.96
1895 164.978 446.727 2 515.678 -250
1896 174.978 446.727 2 511.578 -250
1897 184.978 446.727 2 507.642 -250
1898 194.978 446.727 2 503.874 -250
1899 204.978 446.727 2 500.277 -250
1900 214.978 446.727 2 496.856 -250
1901 224.978 446.727 2 493.613 -108.793
1902 234.978 446.727 2 490.553 -250
1903 244.978 446.727 2 487.679 -250
1904 254.978 446.727 2 484.995 -250
1905 264.978 446.727 2 482.502 -250
1906 274.978 446.727 2 480.205 -94.9761
1907 284.978 446.727 2 478.106 -94.8971
1908 294.978 446.727 2 476.208 -97.0318
1909 304.978 446.727 2 474.512 -250
1910 314.978 446.727 2 473.023 -250
1911 324.978 446.727 2 471.74 -250
1912 334.978 446.727 2 470.667 -250
1913 344.978 446.727 2 469.804 -250
1914 354.978 446.727 2 469.153 -250
1915 364.978 446.727 2 468.714 -250
1916 374.978 446.727 2 468.489 -250
1917 384.978 446.727 2 468.476 -250
1918 394.978 446.727 2 468.677 -250
1919 404.978 446.727 2 469.092 -250
1920 414.978 446.727 2 469.718 -250
1921 424.978 446.727 2 470.557 -250
1922 434.978 446.727 2 471.606 -250
1923 444.978 446.727 2 472.865 -250
1924 454.978 446.727 2 474.33 -250
1925 464.978 446.727 2 476.002 -93.34
1926 474.978 446.727 2 477.877 -97.4447
1927 484.978 446.727 2 479.953 -250
1928 84.9784 456.727 2 562.328 -123.364
1929 94.9784 456.727 2 557.136 -133.73
1930 104.978 456.727 2 552.077 -139.663
1931 114.978 456.727 2 547.154 -250
1932 124.978 456.727 2 542.371 -250
1933 134.978 456.727 2 537.731 -250
1934 144.978 456.727 2 533.239 -250
1935 154.978 456.727 2 528.897 -111.03
1936 164.978 456.727 2 524.71 -250
1937 174.978 456.727 2 520.681 -250
1938 184.978 456.727 2 516.815 -250
1939 194.978 456.727 2 513.114 -250
1940 204.978 456.727 2 509.582 -250
1941 214.978 456.727 2 506.224 -250
1942 224.978 456.727 2 503.042 -100.64
1943 234.978 456.727 2 500.04 -250
1944 244.978 456.727 2 497.22 -250
1945 254.978 456.727 2 494.587 -250
1946 264.978 456.727 2 492.143 -250
1947 274.978 456.727 2 489.891 -103.807
1948 284.978 456.727 2 487.834 -104.398
1949 294.978 456.727 2 485.974 -98.3257
1950 304.978 456.727 2 484.313 -250
1951 314.978 456.727 2 482.854 -250
1952 324.978 456.727 2 481.597 -250
1953 334.978 456.727 2 480.546 -250
1954 344.978 456.727 2 479.701 -250
1955 354.978 456.727 2 479.063 -250
1956 364.978 456.727 2 478.633 -250
1957 374.978 456.727 2 478.412 -250
1958 384.978 456.727 2 478.4 -250
1959 394.978 456.727 2 478.597 -250
1960 404.978 456.727 2 479.003 -250
1961 414.978 456.727 2 479.617 -250
1962 424.978 456.727 2 480.438 -250
1963 434.978 456.727 2 481.466 -250
1964 444.978 456.727 2 482.699 -250
1965 454.978 456.727 2 484.135 -250
1966 464.978 456.727 2 485.772 -94.9764
1967 474.978 456.727 2 487.61 -103.823
1968 484.978 456.727 2 489.645 -250
1969 84.9784 466.727 2 570.797 -135.506
1970 94.9784 466.727 2 565.684 -138.159
1971 104.978 466.727 2 560.702 -132.097
1972 114.978 466.727 2 555.855 -250
1973 124.978 466.727 2 551.147 -250
1974 134.978 466.727 2 546.582 -250
1975 144.978 466.727 2 542.163 -250
1976 154.978 466.727 2 537.893 -114.044
1977 164.978 466.727 2 533.777 -250
1978 174.978 466.727 2 529.817 -250
1979 184.978 466.727 2 526.017 -250
1980 194.978 466.727 2 522.382 -250
1981 204.978 466.727 2 518.914 -250
1982 214.978 466.727 2 515.616 -250
1983 224.978 466.727 2 512.492 -97.6725
1984 234.978 466.727 2 509.546 -250
1985 244.978 466.727 2 506.779 -250
1986 254.978 466.727 2 504.196 -250
1987 264.978 466.727 2 501.799 -250
1988 274.978 466.727 2 499.591 -92.4256
1989 284.978 466.727 2 497.573 -97.7301
1990 294.978 466.727 2 495.75 -117.965
1991 304.978 466.727 2 494.122 -250
1992 314.978 466.727 2 492.691 -250
1993 324.978 466.727 2 491.46 -250
1994 334.978 466.727 2 490.43 -250
1995 344.978 466.727 2 489.602 -250
1996 354.978 466.727 2 488.977 -250
1997 364.978 466.727 2 488.556 -250
1998 374.978 466.727 2 488.34 -250
1999 384.978 466.727 2 488.328 -250
2000 394.978 466.727 2 488.521 -250
2001 404.978 466.727 2 488.918 -250
2002 414.978 466.727 2 489.52 -250
2003 424.978 466.727 2 490.324 -250
2004 434.978 466.727 2 491.331 -250
2005 444.978 466.727 2 492.539 -250
2006 454.978 466.727 2 493.947 -250
2007 464.978 466.727 2 495.552 -95.1249
2008 474.978 466.727 2 497.353 -97.4211
2009 484.978 466.727 2 499.348 -250
2010 84.9784 476.727 2 579.316 -130.327
2011 94.9784 476.727 2 574.278 -133.74
2012 104.978 476.727 2 569.371 -132.02
2013 114.978 476.727 2 564.599 -156.131
2014 124.978 476.727 2 559.965 -129.408
2015 134.978 476.727 2 555.472 -125.459
2016 144.978 476.727 2 551.124 -125.812
2017 154.978 476.727 2 546.924 -112.179
2018 164.978 476.727 2 542.876 -120.719
2019 174.978 476.727 2 538.983 -122.521
2020 184.978 476.727 2 535.249 -135.104
2021 194.978 476.727 2 531.676 -158.872
2022 204.978 476.727 2 528.269 -130
2023 214.978 476.727 2 525.03 -134.012
2024 224.978 476.727 2 521.963 -117.241
2025 234.978 476.727 2 519.07 -98.2866
2026 244.978 476.727 2 516.355 -102.45
2027 254.978 476.727 2 513.82 -114.169
2028 264.978 476.727 2 511.468 -120.614
2029 274.978 476.727 2 509.301 -89.2014
2030 284.978 476.727 2 507.323 -92.0518
2031 294.978 476.727 2 505.534 -106.235
2032 304.978 476.727 2 503.938 -250
2033 314.978 476.727 2 502.535 -250
2034 324.978 476.727 2 501.328 -250
2035 334.978 476.727 2 500.319 -250
2036 344.978 476.727 2 499.507 -250
2037 354.978 476.727 2 498.894 -250
2038 364.978 476.727 2 498.482 -250
2039 374.978 476.727 2 498.27 -250
2040 384.978 476.727 2 498.258 -250
2041 394.978 476.727 2 498.447 -250
2042 404.978 476.727 2 498.837 -250
2043 414.978 476.727 2 499.426 -250
2044 424.978 476.727 2 500.215 -250
2045 434.978 476.727 2 501.202 -250
2046 444.978 476.727 2 502.386 -250
2047 454.978 476.727 2 503.766 -250
2048 464.978 476.727 2 505.34 -93.4831
2049 474.978 476.727 2 507.107 -96.8392
2050 484.978 476.727 2 509.064 -250
2051 84.9784 486.727 2 587.881 -129.54
2052 94.9784 486.727 2 582.917 -138.799
2053 104.978 486.727 2 578.083 -139.037
2054 114.978 486.727 2 573.384 -141.618
2055 124.978 486.727 2 568.821 -136.273
2056 134.978 486.727 2 564.399 -122.496
2057 144.978 486.727 2 560.12 -124.466
2058 154.978 486.727 2 555.988 -115.237
2059 164.978 486.727 2 552.007 -116.317
2060 174.978 486.727 2 548.179 -125.232
2061 184.978 486.727 2 544.507 -132.038
2062 194.978 486.727 2 540.996 -134.659
2063 204.978 486.727 2 537.648 -135.589
2064 214.978 486.727 2 534.466 -129.478
2065 224.978 486.727 2 531.453 -101.602
2066 234.978 486.727 2 528.612 -93.3354
2067 244.978 486.727 2 525.946 -103.913
2068 254.978 486.727 2 523.458 -108.758
2069 264.978 486.727 2 521.149 -100.063
2070 274.978 486.727 2 519.023 -102.168
2071 284.978 486.727 2 517.081 -92.3626
2072 294.978 486.727 2 515.327 -102.196
2073 304.978 486.727 2 513.761 -124.213
2074 314.978 486.727 2 512.385 -125.875
2075 324.978 486.727 2 511.202 -124.303
2076 334.978 486.727 2 510.211 -130.576
2077 344.978 486.727 2 509.415 -141.175
2078 354.978 486.727 2 508.815 -135.445
2079 364.978 486.727 2 508.41 -143.777
2080 374.978 486.727 2 508.202 -142.684
2081 384.978 486.727 2 508.191 -137.984
2082 394.978 486.727 2 508.376 -137.167
2083 404.978 486.727 2 508.758 -139.032
2084 414.978 486.727 2 509.336 -131.957
2085 424.978 486.727 2 510.11 -129.286
2086 434.978 486.727 2 511.078 -132.415
2087 444.978 486.727 2 512.239 -137.811
2088 454.978 486.727 2 513.593 -128.615
2089 464.978 486.727 2 515.137 -94.4212
2090 474.978 486.727 2 516.87 -91.1836
2091 484.978 486.727 2 518.79 -100.579
2092 84.9784 496.727 2 596.49 -129.238
2093 94.9784 496.727 2 591.599 -131.94
2094 104.978 496.727 2 586.837 -250
2095 114.978 496.727 2 582.208 -250
2096 124.978 496.727 2 577.715 -250
2097 134.978 496.727 2 573.361 -250
2098 144.978 496.727 2 569.15 -250
2099 154.978 496.727 2 565.084 -250
2100 164.978 496.727 2 561.167 -250
2101 174.978 496.727 2 557.402 -250
2102 184.978 496.727 2 553.792 -250
2103 194.978 496.727 2 550.34 -250
2104 204.978 496.727 2 547.049 -132.792
2105 214.978 496.727 2 543.922 -118.998
2106 224.978 496.727 2 540.961 -110.551
2107 234.978 496.727 2 538.171 -250
2108 244.978 496.727 2 535.552 -250
2109 254.978 496.727 2 533.109 -250
2110 264.978 496.727 2 530.842 -250
2111 274.978 496.727 2 528.755 -90.2692
2112 284.978 496.727 2 526.849 -92.4961
2113 294.978 496.727 2 525.127 -110.442
2114 304.978 496.727 2 523.591 -114.105
2115 314.978 496.727 2 522.241 -126.545
2116 324.978 496.727 2 521.08 -127.933
2117 334.978 496.727 2 520.108 -140.752
2118 344.978 496.727 2 519.328 -136.087
2119 354.978 496.727 2 518.738 -130.275
2120 364.978 496.727 2 518.342 -141.079
2121 374.978 496.727 2 518.138 -147.07
2122 384.978 496.727 2 518.126 -134.157
2123 394.978 496.727 2 518.308 -146.792
2124 404.978 496.727 2 518.683 -132.909
2125 414.978 496.727 2 519.25 -145.972
2126 424.978 496.727 2 520.009 -135.265
2127 434.978 496.727 2 520.958 -134.023
2128 444.978 496.727 2 522.098 -132.31
2129 454.978 496.727 2 523.426 -132.403
2130 464.978 496.727 2 524.941 -93.9856
2131 474.978 496.727 2 526.642 -91.0682
2132 484.978 496.727 2 528.526 -94.1221
2133 84.9784 506.727 2 605.143 -129.413
2134 94.9784 506.727 2 600.322 -132.117
2135 104.978 506.727 2 595.63 -250
2136 114.978 506.727 2 591.069 -250
2137 124.978 506.727 2 586.644 -250
2138 134.978 506.727 2 582.357 -250
2139 144.978 506.727 2 578.211 -250
2140 154.978 506.727 2 574.21 -250
2141 164.978 506.727 2 570.356 -250
2142 174.978 506.727 2 566.652 -250
2143 184.978 506.727 2 563.101 -250
2144 194.978 506.727 2 559.706 -250
2145 204.978 506.727 2 556.47 -126.383
2146 214.978 506.727 2 553.397 -108.134
2147 224.978 506.727 2 550.487 -121.327
2148 234.978 506.727 2 547.745 -250
2149 244.978 506.727 2 545.173 -250
2150 254.978 506.727 2 542.772 -250
2151 264.978 506.727 2 540.546 -250
2152 274.978 506.727 2 538.497 -91.3343
2153 284.978 506.727 2 536.626 -91.1877
2154 294.978 506.727 2 534.935 -250
2155 304.978 506.727 2 533.427 -250
2156 314.978 506.727 2 532.102 -250
2157 324.978 506.727 2 530.962 -250
2158 334.978 506.727 2 530.009 -250
2159 344.978 506.727 2 529.243 -250
2160 354.978 506.727 2 528.665 -250
2161 364.978 506.727 2 528.276 -250
2162 374.978 506.727 2 528.075 -250
2163 384.978 506.727 2 528.064 -250
2164 394.978 506.727 2 528.243 -250
2165 404.978 506.727 2 528.61 -250
2166 414.978 506.727 2 529.167 -250
2167 424.978 506.727 2 529.911 -139.539
2168 434.978 506.727 2 530.843 -135.728
2169 444.978 506.727 2 531.961 -139.9
2170 454.978 506.727 2 533.265 -116.275
2171 464.978 506.727 2 534.752 -99.5907
2172 474.978 506.727 2 536.422 -93.0378
2173 484.978 506.727 2 538.272 -250
2174 84.9784 516.727 2 613.836 -129.941
2175 94.9784 516.727 2 609.084 -132.321
2176 104.978 516.727 2 604.46 -250
2177 114.978 516.727 2 599.967 -250
2178 124.978 516.727 2 595.608 -250
2179 134.978 516.727 2 591.386 -250
2180 144.978 516.727 2 587.304 -250
2181 154.978 516.727 2 583.364 -250
2182 164.978 516.727 2 579.571 -250
2183 174.978 516.727 2 575.926 -250
2184 184.978 516.727 2 572.433 -250
2185 194.978 516.727 2 569.094 -250
2186 204.978 516.727 2 565.912 -119.31
2187 214.978 516.727 2 562.89 -104.224
2188 224.978 516.727 2 560.03 -107.123
2189 234.978 516.727 2 557.335 -250
2190 244.978 516.727 2 554.807 -250
2191 254.978 516.727 2 552.448 -250
2192 264.978 516.727 2 550.261 -250
2193 274.978 516.727 2 548.248 -93.6983
2194 284.978 516.727 2 546.41 -94.4467
2195 294.978 516.727 2 544.75 -250
2196 304.978 516.727 2 543.269 -250
2197 314.978 516.727 2 541.968 -250
2198 324.978 516.727 2 540.85 -250
2199 334.978 516.727 2 539.914 -250
2200 344.978 516.727 2 539.162 -250
2201 354.978 516.727 2 538.594 -250
2202 364.978 516.727 2 538.212 -250
2203 374.978 516.727 2 538.015 -250
2204 384.978 516.727 2 538.005 -250
2205 394.978 516.727 2 538.18 -250
2206 404.978 516.727 2 538.541 -250
2207 414.978 516.727 2 539.087 -250
2208 424.978 516.727 2 539.818 -137.68
2209 434.978 516.727 2 540.732 -132.317
2210 444.978 516.727 2 541.83 -122.849
2211 454.978 516.727 2 543.11 -106.469
2212 464.978 516.727 2 544.57 -93.8905
2213 474.978 516.727 2 546.21 -97.0592
2214 484.978 516.727 2 548.027 -250
2215 84.9784 526.727 2 622.569 -130.751
2216 94.9784 526.727 2 617.884 -157.824
2217 104.978 526.727 2 613.326 -250
2218 114.978 526.727 2 608.898 -250
2219 124.978 526.727 2 604.604 -250
2220 134.978 526.727 2 600.445 -250
2221 144.978 526.727 2 596.425 -250
2222 154.978 526.727 2 592.546 -250
2223 164.978 526.727 2 588.812 -250
2224 174.978 526.727 2 585.225 -250
2225 184.978 526.727 2 581.787 -250
2226 194.978 526.727 2 578.502 -250
2227 204.978 526.727 2 575.372 -121.334
2228 214.978 526.727 2 572.4 -105.475
2229 224.978 526.727 2 569.588 -107.122
2230 234.978 526.727 2 566.938 -250
2231 244.978 526.727 2 564.453 -250
2232 254.978 526.727 2 562.135 -250
2233 264.978 526.727 2 559.986 -250
2234 274.978 526.727 2 558.008 -93.9877
2235 284.978 526.727 2 556.203 -94.6171
2236 294.978 526.727 2 554.572 -250
2237 304.978 526.727 2 553.117 -250
2238 314.978 526.727 2 551.839 -250
2239 324.978 526.727 2 550.741 -250
2240 334.978 526.727 2 549.822 -250
2241 344.978 526.727 2 549.083 -250
2242 354.978 526.727 2 548.526 -250
2243 364.978 526.727 2 548.151 -250
2244 374.978 526.727 2 547.958 -250
2245 384.978 526.727 2 547.947 -250
2246 394.978 526.727 2 548.119 -250
2247 404.978 526.727 2 548.473 -250
2248 414.978 526.727 2 549.01 -250
2249 424.978 526.727 2 549.727 -136.02
2250 434.978 526.727 2 550.626 -143.536
2251 444.978 526.727 2 551.704 -129.946
2252 454.978 526.727 2 552.961 -110.009
2253 464.978 526.727 2 554.395 -93.1195
2254 474.978 526.727 2 556.006 -95.7316
2255 484.978 526.727 2 557.791 -250
2256 84.9784 536.727 2 631.339 -150.502
2257 94.9784 536.727 2 626.719 -161.951
2258 104.978 536.727 2 622.226 -250
2259 114.978 536.727 2 617.863 -250
2260 124.978 536.727 2 613.631 -250
2261 134.978 536.727 2 609.533 -250
2262 144.978 536.727 2 605.574 -250
2263 154.978 536.727 2 601.754 -250
2264 164.978 536.727 2 598.077 -250
2265 174.978 536.727 2 594.546 -250
2266 184.978 536.727 2 591.163 -250
2267 194.978 536.727 2 587.93 -250
2268 204.978 536.727 2 584.851 -114.727
2269 214.978 536.727 2 581.927 -120.391
2270 224.978 536.727 2 579.161 -113.841
2271 234.978 536.727 2 576.555 -250
2272 244.978 536.727 2 574.112 -250
2273 254.978 536.727 2 571.833 -250
2274 264.978 536.727 2 569.72 -250
2275 274.978 536.727 2 567.776 -89.8786
2276 284.978 536.727 2 566.002 -92.595
2277 294.978 536.727 2 564.399 -250
2278 304.978 536.727 2 562.97 -250
2279 314.978 536.727 2 561.715 -250
2280 324.978 536.727 2 560.636 -250
2281 334.978 536.727 2 559.733 -250
2282 344.978 536.727 2 559.007 -250
2283 354.978 536.727 2 558.46 -250
2284 364.978 536.727 2 558.092 -250
2285 374.978 536.727 2 557.902 -250
2286 384.978 536.727 2 557.892 -250
2287 394.978 536.727 2 558.061 -250
2288 404.978 536.727 2 558.409 -250
2289 414.978 536.727 2 558.935 -250
2290 424.978 536.727 2 559.64 -133.105
2291 434.978 536.727 2 560.523 -125.154
2292 444.978 536.727 2 561.582 -115.806
2293 454.978 536.727 2 562.817 -106.591
2294 464.978 536.727 2 564.226 -93.3631
2295 474.978 536.727 2 565.809 -103.3
2296 484.978 536.727 2 567.563 -250
2297 84.9784 546.727 2 640.145 -155.565
2298 94.9784 546.727 2 635.59 -168.404
2299 104.978 546.727 2 631.16 -250
2300 114.978 546.727 2 626.858 -250
2301 124.978 546.727 2 622.687 -250
2302 134.978 546.727 2 618.65 -250
2303 144.978 546.727 2 614.749 -250
2304 154.978 546.727 2 610.987 -250
2305 164.978 546.727 2 607.366 -250
2306 174.978 546.727 2 603.889 -250
2307 184.978 546.727 2 600.558 -250
2308 194.978 546.727 2 597.377 -250
2309 204.978 546.727 2 594.346 -102.142
2310 214.978 546.727 2 591.469 -114.868
2311 224.978 546.727 2 588.748 -124.171
2312 234.978 546.727 2 586.185 -250
2313 244.978 546.727 2 583.782 -250
2314 254.978 546.727 2 581.541 -250
2315 264.978 546.727 2 579.464 -250
2316 274.978 546.727 2 577.552 -88.7027
2317 284.978 546.727 2 575.808 -96.7777
2318 294.978 546.727 2 574.233 -250
2319 304.978 546.727 2 572.828 -250
2320 314.978 546.727 2 571.595 -250
2321 324.978 546.727 2 570.534 -250
2322 334.978 546.727 2 569.647 -250
2323 344.978 546.727 2 568.934 -250
2324 354.978 546.727 2 568.397 -250
2325 364.978 546.727 2 568.034 -250
2326 374.978 546.727 2 567.848 -250
2327 384.978 546.727 2 567.838 -250
2328 394.978 546.727 2 568.004 -250
2329 404.978 546.727 2 568.346 -250
2330 414.978 546.727 2 568.863 -250
2331 424.978 546.727 2 569.556 -130.307
2332 434.978 546.727 2 570.423 -136.363
2333 444.978 546.727 2 571.464 -111.094
2334 454.978 546.727 2 572.678 -104.844
2335 464.978 546.727 2 574.063 -96.0189
2336 474.978 546.727 2 575.618 -103.289
2337 484.978 546.727 2 577.343 -250
2338 84.9784 556.727 2 648.986 -151.72
2339 94.9784 556.727 2 644.493 -141.229
2340 104.978 556.727 2 640.125 -177.14
2341 114.978 556.727 2 635.884 -176.524
2342 124.978 556.727 2 631.773 -175.96
2343 134.978 556.727 2 627.794 -175.452
2344 144.978 556.727 2 623.95 -175.006
2345 154.978 556.727 2 620.244 -174.626
2346 164.978 556.727 2 616.677 -174.315
2347 174.978 556.727 2 613.253 -174.255
2348 184.978 556.727 2 609.973 -174.219
2349 194.978 556.727 2 606.841 -161.644
2350 204.978 556.727 2 603.858 -102.87
2351 214.978 556.727 2 601.027 -109.165
2352 224.978 556.727 2 598.349 -127.82
2353 234.978 556.727 2 595.827 -141.316
2354 244.978 556.727 2 593.463 -154.824
2355 254.978 556.727 2 591.259 -139.851
2356 264.978 556.727 2 589.216 -117.065
2357 274.978 556.727 2 587.336 -103.988
2358 284.978 556.727 2 585.621 -95.904
2359 294.978 556.727 2 584.073 -116.485
2360 304.978 556.727 2 582.691 -169.307
2361 314.978 556.727 2 581.479 -171.005
2362 324.978 556.727 2 580.436 -174.554
2363 334.978 556.727 2 579.564 -175.993
2364 344.978 556.727 2 578.864 -175.031
2365 354.978 556.727 2 578.335 -174.93
2366 364.978 556.727 2 577.979 -172.724
2367 374.978 556.727 2 577.796 -173.278
2368 384.978 556.727 2 577.786 -167.285
2369 394.978 556.727 2 577.95 -172.605
2370 404.978 556.727 2 578.286 -153.861
2371 414.978 556.727 2 578.794 -136.946
2372 424.978 556.727 2 579.475 -150.54
2373 434.978 556.727 2 580.327 -118.041
2374 444.978 556.727 2 581.35 -106.126
2375 454.978 556.727 2 582.543 -100.713
2376 464.978 556.727 2 583.905 -95.1062
2377 474.978 556.727 2 585.434 -97.735
2378 484.978 556.727 2 587.13 -115.131
2379 84.9784 566.727 2 657.86 -136.943
2380 94.9784 566.727 2 653.428 -138.917
2381 104.978 566.727 2 649.12 -165.374
2382 114.978 566.727 2 644.938 -164.766
2383 124.978 566.727 2 640.885 -164.21
2384 134.978 566.727 2 636.963 -163.71
2385 144.978 566.727 2 633.175 -163.233
2386 154.978 566.727 2 629.523 -163.107
2387 164.978 566.727 2 626.009 -162.487
2388 174.978 566.727 2 622.636 -162.387
2389 184.978 566.727 2 619.407 -148.964
2390 194.978 566.727 2 616.322 -131.503
2391 204.978 566.727 2 613.385 -127.987
2392 214.978 566.727 2 610.598 -116.503
2393 224.978 566.727 2 607.963 -128.464
2394 234.978 566.727 2 605.481 -133.472
2395 244.978 566.727 2 603.155 -146.503
2396 254.978 566.727 2 600.986 -148.709
2397 264.978 566.727 2 598.976 -92.7169
2398 274.978 566.727 2 597.127 -97.7163
2399 284.978 566.727 2 595.44 -101.316
2400 294.978 566.727 2 593.917 -111.996
2401 304.978 566.727 2 592.559 -158.76
2402 314.978 566.727 2 591.367 -166.654
2403 324.978 566.727 2 590.342 -168.802
2404 334.978 566.727 2 589.484 -169.657
2405 344.978 566.727 2 588.796 -169.786
2406 354.978 566.727 2 588.276 -169.652
2407 364.978 566.727 2 587.926 -153.727
2408 374.978 566.727 2 587.746 -154.641
2409 384.978 566.727 2 587.736 -154.496
2410 394.978 566.727 2 587.897 -156.716
2411 404.978 566.727 2 588.227 -141.771
2412 414.978 566.727 2 588.727 -131.226
2413 424.978 566.727 2 589.396 -143.958
2414 434.978 566.727 2 590.234 -114.689
2415 444.978 566.727 2 591.24 -118.06
2416 454.978 566.727 2 592.413 -99.2301
2417 464.978 566.727 2 593.753 -96.5442
2418 474.978 566.727 2 595.257 -94.3931
2419 484.978 566.727 2 596.925 -120.645
2420 84.9784 576.727 2 666.766 -136.714
2421 94.9784 576.727 2 662.394 -141.035
2422 104.978 576.727 2 658.144 -160.71
2423 114.978 576.727 2 654.02 -160.099
2424 124.978 576.727 2 650.024 -159.538
2425 134.978 576.727 2 646.157 -159.031
2426 144.978 576.727 2 642.423 -158.625
2427 154.978 576.727 2 638.824 -158.24
2428 164.978 576.727 2 635.362 -151.813
2429 174.978 576.727 2 632.039 -150.08
2430 184.978 576.727 2 628.857 -145.456
2431 194.978 576.727 2 625.819 -107.96
2432 204.978 576.727 2 622.927 -111.828
2433 214.978 576.727 2 620.183 -126.484
2434 224.978 576.727 2 617.588 -124.659
2435 234.978 576.727 2 615.145 -135.173
2436 244.978 576.727 2 612.856 -144.558
2437 254.978 576.727 2 610.722 -123.894
2438 264.978 576.727 2 608.744 -98.0862
2439 274.978 576.727 2 606.925 -97.7505
2440 284.978 576.727 2 605.266 -100.959
2441 294.978 576.727 2 603.767 -96.486
2442 304.978 576.727 2 602.431 -112.002
2443 314.978 576.727 2 601.259 -153.346
2444 324.978 576.727 2 600.25 -148.909
2445 334.978 576.727 2 599.407 -153.96
2446 344.978 576.727 2 598.73 -158.665
2447 354.978 576.727 2 598.219 -158.583
2448 364.978 576.727 2 597.875 -152.138
2449 374.978 576.727 2 597.698 -155.066
2450 384.978 576.727 2 597.688 -154.297
2451 394.978 576.727 2 597.846 -139.967
2452 404.978 576.727 2 598.171 -142.299
2453 414.978 576.727 2 598.662 -139.875
2454 424.978 576.727 2 599.321 -117.655
2455 434.978 576.727 2 600.145 -115.159
2456 444.978 576.727 2 601.134 -114.946
2457 454.978 576.727 2 602.288 -99.9852
2458 464.978 576.727 2 603.605 -98.4573
2459 474.978 576.727 2 605.085 -100.128
2460 484.978 576.727 2 606.726 -117.675
2461 84.9784 586.727 2 675.702 -139.074
2462 94.9784 586.727 2 671.388 -142.985
2463 104.978 586.727 2 667.196 -157.775
2464 114.978 586.727 2 663.128 -157.152
2465 124.978 586.727 2 659.187 -156.575
2466 134.978 586.727 2 655.375 -156.045
2467 144.978 586.727 2 651.694 -155.565
2468 154.978 586.727 2 648.146 -150.48
2469 164.978 586.727 2 644.734 -149.067
2470 174.978 586.727 2 641.459 -164.36
2471 184.978 586.727 2 638.325 -132.135
2472 194.978 586.727 2 635.332 -105.403
2473 204.978 586.727 2 632.484 -120.434
2474 214.978 586.727 2 629.781 -120.012
2475 224.978 586.727 2 627.226 -121.964
2476 234.978 586.727 2 624.821 -138.37
2477 244.978 586.727 2 622.567 -127.274
2478 254.978 586.727 2 620.466 -135.787
2479 264.978 586.727 2 618.52 -100.13
2480 274.978 586.727 2 616.729 -100.571
2481 284.978 586.727 2 615.096 -107.276
2482 294.978 586.727 2 613.622 -104.169
2483 304.978 586.727 2 612.307 -114.015
2484 314.978 586.727 2 611.154 -117.91
2485 324.978 586.727 2 610.162 -150.175
2486 334.978 586.727 2 609.332 -146.721
2487 344.978 586.727 2 608.666 -153.084
2488 354.978 586.727 2 608.163 -154.252
2489 364.978 586.727 2 607.825 -157.104
2490 374.978 586.727 2 607.651 -152.747
2491 384.978 586.727 2 607.642 -138.537
2492 394.978 586.727 2 607.797 -137.778
2493 404.978 586.727 2 608.116 -135.831
2494 414.978 586.727 2 608.6 -134.792
2495 424.978 586.727 2 609.247 -118.029
2496 434.978 586.727 2 610.058 -126.748
2497 444.978 586.727 2 611.031 -111.748
2498 454.978 586.727 2 612.166 -103.063
2499 464.978 586.727 2 613.462 -103.411
2500 474.978 586.727 2 614.918 -104.128
2501 484.978 586.727 2 616.533 -120.066
