# <Transmitter Set: Tx: 18 tx_ant_grid_40_m - Point 21> 
# <Receiver Set: Rx: 17 rx_ant_grid> 
# <X(m)> <Y(m)> <Z(m)> <Distance(m)> <PathGain(dB)>
1 84.9784 -13.2734 2 396.997 -91.7282
2 94.9784 -13.2734 2 397.234 -92.5744
3 104.978 -13.2734 2 397.723 -95.1477
4 114.978 -13.2734 2 398.462 -91.6399
5 124.978 -13.2734 2 399.45 -100.875
6 134.978 -13.2734 2 400.685 -90.0035
7 144.978 -13.2734 2 402.166 -90.477
8 154.978 -13.2734 2 403.888 -90.7836
9 164.978 -13.2734 2 405.85 -112.138
10 174.978 -13.2734 2 408.047 -113.469
11 184.978 -13.2734 2 410.477 -111.992
12 194.978 -13.2734 2 413.134 -132.612
13 204.978 -13.2734 2 416.015 -137.442
14 214.978 -13.2734 2 419.114 -141.037
15 224.978 -13.2734 2 422.428 -150.484
16 234.978 -13.2734 2 425.95 -141.237
17 244.978 -13.2734 2 429.677 -140.567
18 254.978 -13.2734 2 433.602 -138.97
19 264.978 -13.2734 2 437.72 -133.153
20 274.978 -13.2734 2 442.027 -122.577
21 284.978 -13.2734 2 446.515 -123.669
22 294.978 -13.2734 2 451.181 -135.081
23 304.978 -13.2734 2 456.019 -134.243
24 314.978 -13.2734 2 461.022 -155.34
25 324.978 -13.2734 2 466.187 -156.578
26 334.978 -13.2734 2 471.507 -152.336
27 344.978 -13.2734 2 476.977 -148.359
28 354.978 -13.2734 2 482.592 -140.071
29 364.978 -13.2734 2 488.348 -140.694
30 374.978 -13.2734 2 494.239 -136.712
31 384.978 -13.2734 2 500.261 -130.966
32 394.978 -13.2734 2 506.408 -143.145
33 404.978 -13.2734 2 512.677 -144.827
34 414.978 -13.2734 2 519.063 -130.909
35 424.978 -13.2734 2 525.561 -131.125
36 434.978 -13.2734 2 532.168 -144.03
37 444.978 -13.2734 2 538.88 -162.952
38 454.978 -13.2734 2 545.692 -250
39 464.978 -13.2734 2 552.602 -250
40 474.978 -13.2734 2 559.604 -135.71
41 484.978 -13.2734 2 566.697 -144.271
42 84.9784 -3.2734 2 387.044 -90.0994
43 94.9784 -3.2734 2 387.288 -91.0857
44 104.978 -3.2734 2 387.789 -90.8587
45 114.978 -3.2734 2 388.547 -94.3711
46 124.978 -3.2734 2 389.56 -126.704
47 134.978 -3.2734 2 390.827 -102.947
48 144.978 -3.2734 2 392.345 -93.6627
49 154.978 -3.2734 2 394.11 -93.362
50 164.978 -3.2734 2 396.12 -116.591
51 174.978 -3.2734 2 398.371 -118.336
52 184.978 -3.2734 2 400.859 -136.8
53 194.978 -3.2734 2 403.58 -133.895
54 204.978 -3.2734 2 406.528 -135.941
55 214.978 -3.2734 2 409.699 -139.219
56 224.978 -3.2734 2 413.089 -138.822
57 234.978 -3.2734 2 416.69 -143.595
58 244.978 -3.2734 2 420.499 -142.748
59 254.978 -3.2734 2 424.509 -138.267
60 264.978 -3.2734 2 428.714 -124.471
61 274.978 -3.2734 2 433.11 -122.625
62 284.978 -3.2734 2 437.691 -118.462
63 294.978 -3.2734 2 442.449 -153.864
64 304.978 -3.2734 2 447.381 -250
65 314.978 -3.2734 2 452.48 -250
66 324.978 -3.2734 2 457.741 -250
67 334.978 -3.2734 2 463.158 -250
68 344.978 -3.2734 2 468.726 -250
69 354.978 -3.2734 2 474.439 -250
70 364.978 -3.2734 2 480.292 -250
71 374.978 -3.2734 2 486.281 -144.871
72 384.978 -3.2734 2 492.4 -144.726
73 394.978 -3.2734 2 498.644 -138.878
74 404.978 -3.2734 2 505.01 -137.367
75 414.978 -3.2734 2 511.491 -140.553
76 424.978 -3.2734 2 518.085 -134.706
77 434.978 -3.2734 2 524.786 -144.404
78 444.978 -3.2734 2 531.591 -250
79 454.978 -3.2734 2 538.495 -250
80 464.978 -3.2734 2 545.496 -250
81 474.978 -3.2734 2 552.589 -132.056
82 484.978 -3.2734 2 559.77 -141.013
83 84.9784 6.7266 2 377.095 -88.8095
84 94.9784 6.7266 2 377.345 -87.8473
85 104.978 6.7266 2 377.859 -90.2176
86 114.978 6.7266 2 378.637 -93.5332
87 124.978 6.7266 2 379.677 -250
88 134.978 6.7266 2 380.976 -90.1034
89 144.978 6.7266 2 382.533 -90.9861
90 154.978 6.7266 2 384.343 -120.096
91 164.978 6.7266 2 386.404 -118.119
92 174.978 6.7266 2 388.712 -131.446
93 184.978 6.7266 2 391.261 -137.285
94 194.978 6.7266 2 394.048 -136.87
95 204.978 6.7266 2 397.067 -136.674
96 214.978 6.7266 2 400.313 -141.854
97 224.978 6.7266 2 403.781 -142.613
98 234.978 6.7266 2 407.465 -144.736
99 244.978 6.7266 2 411.359 -143.393
100 254.978 6.7266 2 415.457 -136.779
101 264.978 6.7266 2 419.754 -134.636
102 274.978 6.7266 2 424.242 -122.31
103 284.978 6.7266 2 428.917 -119.743
104 294.978 6.7266 2 433.772 -250
105 304.978 6.7266 2 438.802 -250
106 314.978 6.7266 2 443.999 -250
107 324.978 6.7266 2 449.36 -250
108 334.978 6.7266 2 454.876 -250
109 344.978 6.7266 2 460.544 -250
110 354.978 6.7266 2 466.358 -250
111 364.978 6.7266 2 472.311 -250
112 374.978 6.7266 2 478.4 -250
113 384.978 6.7266 2 484.618 -250
114 394.978 6.7266 2 490.962 -130.753
115 404.978 6.7266 2 497.425 -137.853
116 414.978 6.7266 2 504.004 -132.566
117 424.978 6.7266 2 510.694 -137.505
118 434.978 6.7266 2 517.491 -127.684
119 444.978 6.7266 2 524.391 -250
120 454.978 6.7266 2 531.389 -250
121 464.978 6.7266 2 538.482 -250
122 474.978 6.7266 2 545.666 -135.147
123 484.978 6.7266 2 552.937 -136.575
124 84.9784 16.7266 2 367.148 -88.9634
125 94.9784 16.7266 2 367.404 -87.6847
126 104.978 16.7266 2 367.933 -93.0497
127 114.978 16.7266 2 368.731 -94.7576
128 124.978 16.7266 2 369.799 -250
129 134.978 16.7266 2 371.133 -103.951
130 144.978 16.7266 2 372.731 -91.4741
131 154.978 16.7266 2 374.589 -126.027
132 164.978 16.7266 2 376.703 -128.309
133 174.978 16.7266 2 379.07 -138.133
134 184.978 16.7266 2 381.683 -136.834
135 194.978 16.7266 2 384.54 -250
136 204.978 16.7266 2 387.633 -250
137 214.978 16.7266 2 390.957 -250
138 224.978 16.7266 2 394.508 -250
139 234.978 16.7266 2 398.277 -250
140 244.978 16.7266 2 402.26 -250
141 254.978 16.7266 2 406.45 -250
142 264.978 16.7266 2 410.841 -122.861
143 274.978 16.7266 2 415.426 -120.455
144 284.978 16.7266 2 420.199 -120.028
145 294.978 16.7266 2 425.154 -250
146 304.978 16.7266 2 430.284 -250
147 314.978 16.7266 2 435.583 -250
148 324.978 16.7266 2 441.045 -128.755
149 334.978 16.7266 2 446.665 -120.924
150 344.978 16.7266 2 452.436 -250
151 354.978 16.7266 2 458.352 -250
152 364.978 16.7266 2 464.408 -250
153 374.978 16.7266 2 470.599 -250
154 384.978 16.7266 2 476.919 -125.77
155 394.978 16.7266 2 483.364 -128.886
156 404.978 16.7266 2 489.927 -129.598
157 414.978 16.7266 2 496.606 -137.572
158 424.978 16.7266 2 503.394 -140.384
159 434.978 16.7266 2 510.288 -133.139
160 444.978 16.7266 2 517.284 -250
161 454.978 16.7266 2 524.377 -250
162 464.978 16.7266 2 531.563 -250
163 474.978 16.7266 2 538.84 -152.092
164 484.978 16.7266 2 546.202 -136.282
165 84.9784 26.7266 2 357.204 -88.7991
166 94.9784 26.7266 2 357.467 -90.122
167 104.978 26.7266 2 358.01 -96.1078
168 114.978 26.7266 2 358.831 -109.533
169 124.978 26.7266 2 359.928 -94.8614
170 134.978 26.7266 2 361.299 -97.8928
171 144.978 26.7266 2 362.94 -95.425
172 154.978 26.7266 2 364.848 -134.607
173 164.978 26.7266 2 367.018 -130.376
174 174.978 26.7266 2 369.447 -127.753
175 184.978 26.7266 2 372.128 -141.23
176 194.978 26.7266 2 375.057 -250
177 204.978 26.7266 2 378.228 -250
178 214.978 26.7266 2 381.634 -250
179 224.978 26.7266 2 385.27 -250
180 234.978 26.7266 2 389.129 -250
181 244.978 26.7266 2 393.205 -250
182 254.978 26.7266 2 397.49 -250
183 264.978 26.7266 2 401.979 -117.514
184 274.978 26.7266 2 406.664 -116.415
185 284.978 26.7266 2 411.539 -122.823
186 294.978 26.7266 2 416.596 -250
187 304.978 26.7266 2 421.831 -250
188 314.978 26.7266 2 427.235 -136.622
189 324.978 26.7266 2 432.803 -135.58
190 334.978 26.7266 2 438.528 -140.417
191 344.978 26.7266 2 444.404 -124.328
192 354.978 26.7266 2 450.426 -127.777
193 364.978 26.7266 2 456.587 -250
194 374.978 26.7266 2 462.883 -250
195 384.978 26.7266 2 469.307 -144.649
196 394.978 26.7266 2 475.854 -136.182
197 404.978 26.7266 2 482.52 -127.897
198 414.978 26.7266 2 489.3 -131.221
199 424.978 26.7266 2 496.188 -130.64
200 434.978 26.7266 2 503.181 -128.178
201 444.978 26.7266 2 510.274 -137.94
202 454.978 26.7266 2 517.463 -250
203 464.978 26.7266 2 524.744 -250
204 474.978 26.7266 2 532.114 -143.593
205 484.978 26.7266 2 539.568 -134.262
206 84.9784 36.7266 2 347.263 -89.4196
207 94.9784 36.7266 2 347.534 -88.126
208 104.978 36.7266 2 348.093 -105.357
209 114.978 36.7266 2 348.937 -105.731
210 124.978 36.7266 2 350.065 -104.441
211 134.978 36.7266 2 351.474 -112.942
212 144.978 36.7266 2 353.161 -91.6119
213 154.978 36.7266 2 355.121 -110.785
214 164.978 36.7266 2 357.35 -133.271
215 174.978 36.7266 2 359.844 -154.079
216 184.978 36.7266 2 362.597 -149.227
217 194.978 36.7266 2 365.602 -132.044
218 204.978 36.7266 2 368.854 -109.92
219 214.978 36.7266 2 372.346 -111.393
220 224.978 36.7266 2 376.072 -250
221 234.978 36.7266 2 380.025 -250
222 244.978 36.7266 2 384.197 -250
223 254.978 36.7266 2 388.582 -250
224 264.978 36.7266 2 393.172 -111.957
225 274.978 36.7266 2 397.961 -125.972
226 284.978 36.7266 2 402.941 -128.232
227 294.978 36.7266 2 408.105 -250
228 304.978 36.7266 2 413.447 -250
229 314.978 36.7266 2 418.959 -133.073
230 324.978 36.7266 2 424.635 -142.803
231 334.978 36.7266 2 430.469 -134.815
232 344.978 36.7266 2 436.454 -131.187
233 354.978 36.7266 2 442.584 -158.096
234 364.978 36.7266 2 448.853 -116.31
235 374.978 36.7266 2 455.255 -122.453
236 384.978 36.7266 2 461.786 -250
237 394.978 36.7266 2 468.438 -250
238 404.978 36.7266 2 475.208 -136.862
239 414.978 36.7266 2 482.091 -130.429
240 424.978 36.7266 2 489.081 -117.712
241 434.978 36.7266 2 496.174 -130.907
242 444.978 36.7266 2 503.365 -134.792
243 454.978 36.7266 2 510.652 -250
244 464.978 36.7266 2 518.029 -250
245 474.978 36.7266 2 525.492 -146.469
246 484.978 36.7266 2 533.039 -133.638
247 84.9784 46.7266 2 337.325 -91.4865
248 94.9784 46.7266 2 337.605 -91.076
249 104.978 46.7266 2 338.18 -114.232
250 114.978 46.7266 2 339.049 -112.276
251 124.978 46.7266 2 340.209 -106.833
252 134.978 46.7266 2 341.659 -90.7691
253 144.978 46.7266 2 343.394 -105.565
254 154.978 46.7266 2 345.41 -250
255 164.978 46.7266 2 347.701 -250
256 174.978 46.7266 2 350.264 -250
257 184.978 46.7266 2 353.091 -250
258 194.978 46.7266 2 356.177 -250
259 204.978 46.7266 2 359.514 -114.788
260 214.978 46.7266 2 363.096 -118.753
261 224.978 46.7266 2 366.916 -104.238
262 234.978 46.7266 2 370.966 -98.8673
263 244.978 46.7266 2 375.239 -98.9803
264 254.978 46.7266 2 379.727 -100.835
265 264.978 46.7266 2 384.423 -104.692
266 274.978 46.7266 2 389.319 -118.482
267 284.978 46.7266 2 394.409 -127.642
268 294.978 46.7266 2 399.683 -250
269 304.978 46.7266 2 405.136 -250
270 314.978 46.7266 2 410.76 -250
271 324.978 46.7266 2 416.548 -250
272 334.978 46.7266 2 422.493 -250
273 344.978 46.7266 2 428.59 -250
274 354.978 46.7266 2 434.83 -250
275 364.978 46.7266 2 441.21 -116.073
276 374.978 46.7266 2 447.721 -119.723
277 384.978 46.7266 2 454.36 -250
278 394.978 46.7266 2 461.12 -250
279 404.978 46.7266 2 467.996 -142.938
280 414.978 46.7266 2 474.983 -130.194
281 424.978 46.7266 2 482.076 -146.511
282 434.978 46.7266 2 489.27 -125.831
283 444.978 46.7266 2 496.562 -126.081
284 454.978 46.7266 2 503.947 -250
285 464.978 46.7266 2 511.42 -250
286 474.978 46.7266 2 518.979 -150.221
287 484.978 46.7266 2 526.619 -151.015
288 84.9784 56.7266 2 327.392 -93.2126
289 94.9784 56.7266 2 327.68 -91.7224
290 104.978 56.7266 2 328.272 -114.245
291 114.978 56.7266 2 329.167 -109.381
292 124.978 56.7266 2 330.363 -112.173
293 134.978 56.7266 2 331.855 -105.164
294 144.978 56.7266 2 333.641 -111.895
295 154.978 56.7266 2 335.715 -250
296 164.978 56.7266 2 338.073 -250
297 174.978 56.7266 2 340.708 -250
298 184.978 56.7266 2 343.614 -250
299 194.978 56.7266 2 346.784 -250
300 204.978 56.7266 2 350.21 -107.968
301 214.978 56.7266 2 353.887 -106.786
302 224.978 56.7266 2 357.805 -102.207
303 234.978 56.7266 2 361.957 -111.119
304 244.978 56.7266 2 366.335 -101.263
305 254.978 56.7266 2 370.931 -103.892
306 264.978 56.7266 2 375.737 -99.1244
307 274.978 56.7266 2 380.745 -118.169
308 284.978 56.7266 2 385.947 -118.844
309 294.978 56.7266 2 391.336 -250
310 304.978 56.7266 2 396.903 -250
311 314.978 56.7266 2 402.642 -250
312 324.978 56.7266 2 408.545 -250
313 334.978 56.7266 2 414.605 -250
314 344.978 56.7266 2 420.816 -250
315 354.978 56.7266 2 427.17 -250
316 364.978 56.7266 2 433.662 -115.609
317 374.978 56.7266 2 440.286 -125.576
318 384.978 56.7266 2 447.035 -250
319 394.978 56.7266 2 453.904 -250
320 404.978 56.7266 2 460.887 -131.558
321 414.978 56.7266 2 467.98 -124.603
322 424.978 56.7266 2 475.178 -120.13
323 434.978 56.7266 2 482.475 -124.07
324 444.978 56.7266 2 489.868 -141.473
325 454.978 56.7266 2 497.352 -250
326 464.978 56.7266 2 504.924 -250
327 474.978 56.7266 2 512.578 -141.117
328 484.978 56.7266 2 520.312 -140.838
329 84.9784 66.7266 2 317.463 -91.8241
330 94.9784 66.7266 2 317.759 -92.7651
331 104.978 66.7266 2 318.37 -113.42
332 114.978 66.7266 2 319.293 -107.248
333 124.978 66.7266 2 320.525 -111.592
334 134.978 66.7266 2 322.064 -97.8712
335 144.978 66.7266 2 323.903 -104.537
336 154.978 66.7266 2 326.04 -110.413
337 164.978 66.7266 2 328.467 -109.852
338 174.978 66.7266 2 331.178 -113.421
339 184.978 66.7266 2 334.167 -118.905
340 194.978 66.7266 2 337.425 -104.567
341 204.978 66.7266 2 340.946 -105.615
342 214.978 66.7266 2 344.721 -108.193
343 224.978 66.7266 2 348.742 -105.443
344 234.978 66.7266 2 353.001 -108.411
345 244.978 66.7266 2 357.489 -109.751
346 254.978 66.7266 2 362.197 -105.504
347 264.978 66.7266 2 367.117 -110.626
348 274.978 66.7266 2 372.241 -102.501
349 284.978 66.7266 2 377.561 -124.116
350 294.978 66.7266 2 383.067 -110.896
351 304.978 66.7266 2 388.753 -124.558
352 314.978 66.7266 2 394.611 -104.491
353 324.978 66.7266 2 400.632 -99.336
354 334.978 66.7266 2 406.81 -103.48
355 344.978 66.7266 2 413.138 -120.086
356 354.978 66.7266 2 419.609 -104.098
357 364.978 66.7266 2 426.216 -102.84
358 374.978 66.7266 2 432.953 -107.33
359 384.978 66.7266 2 439.815 -109.123
360 394.978 66.7266 2 446.795 -115.792
361 404.978 66.7266 2 453.888 -126.495
362 414.978 66.7266 2 461.088 -131.439
363 424.978 66.7266 2 468.392 -131.735
364 434.978 66.7266 2 475.793 -129.428
365 444.978 66.7266 2 483.289 -140.791
366 454.978 66.7266 2 490.873 -138.711
367 464.978 66.7266 2 498.543 -138.698
368 474.978 66.7266 2 506.294 -141.716
369 484.978 66.7266 2 514.122 -145.858
370 84.9784 76.7266 2 307.538 -89.6446
371 94.9784 76.7266 2 307.844 -91.0249
372 104.978 76.7266 2 308.474 -124.508
373 114.978 76.7266 2 309.427 -132.266
374 124.978 76.7266 2 310.698 -120.542
375 134.978 76.7266 2 312.285 -93.52
376 144.978 76.7266 2 314.182 -104.617
377 154.978 76.7266 2 316.384 -118.445
378 164.978 76.7266 2 318.885 -140.213
379 174.978 76.7266 2 321.677 -120.281
380 184.978 76.7266 2 324.753 -110.463
381 194.978 76.7266 2 328.105 -106.756
382 204.978 76.7266 2 331.725 -103.092
383 214.978 76.7266 2 335.604 -103.98
384 224.978 76.7266 2 339.733 -98.3467
385 234.978 76.7266 2 344.103 -133.306
386 244.978 76.7266 2 348.705 -119.82
387 254.978 76.7266 2 353.53 -121.509
388 264.978 76.7266 2 358.57 -101.673
389 274.978 76.7266 2 363.814 -112.315
390 284.978 76.7266 2 369.255 -109.831
391 294.978 76.7266 2 374.884 -114.11
392 304.978 76.7266 2 380.692 -107.479
393 314.978 76.7266 2 386.671 -103.569
394 324.978 76.7266 2 392.814 -107.709
395 334.978 76.7266 2 399.113 -118.15
396 344.978 76.7266 2 405.561 -101.881
397 354.978 76.7266 2 412.151 -99.7555
398 364.978 76.7266 2 418.876 -100.523
399 374.978 76.7266 2 425.729 -113.277
400 384.978 76.7266 2 432.705 -125.292
401 394.978 76.7266 2 439.798 -130.292
402 404.978 76.7266 2 447.002 -116.527
403 414.978 76.7266 2 454.312 -136.129
404 424.978 76.7266 2 461.723 -124.796
405 434.978 76.7266 2 469.23 -126.577
406 444.978 76.7266 2 476.828 -144.5
407 454.978 76.7266 2 484.514 -146.906
408 464.978 76.7266 2 492.282 -152.813
409 474.978 76.7266 2 500.13 -139.164
410 484.978 76.7266 2 508.054 -140.182
411 84.9784 86.7266 2 297.618 -88.1456
412 94.9784 86.7266 2 297.935 -88.6587
413 104.978 86.7266 2 298.586 -250
414 114.978 86.7266 2 299.57 -250
415 124.978 86.7266 2 300.883 -250
416 134.978 86.7266 2 302.521 -95.0104
417 144.978 86.7266 2 304.479 -93.3872
418 154.978 86.7266 2 306.751 -250
419 164.978 86.7266 2 309.329 -250
420 174.978 86.7266 2 312.206 -250
421 184.978 86.7266 2 315.375 -97.3319
422 194.978 86.7266 2 318.826 -117.742
423 204.978 86.7266 2 322.55 -97.9049
424 214.978 86.7266 2 326.538 -109.768
425 224.978 86.7266 2 330.78 -250
426 234.978 86.7266 2 335.267 -250
427 244.978 86.7266 2 339.989 -250
428 254.978 86.7266 2 344.936 -120.132
429 264.978 86.7266 2 350.099 -117.287
430 274.978 86.7266 2 355.468 -104.415
431 284.978 86.7266 2 361.035 -117.186
432 294.978 86.7266 2 366.79 -113.63
433 304.978 86.7266 2 372.724 -110
434 314.978 86.7266 2 378.829 -109.609
435 324.978 86.7266 2 385.098 -107.077
436 334.978 86.7266 2 391.521 -107.984
437 344.978 86.7266 2 398.092 -105.489
438 354.978 86.7266 2 404.803 -103.75
439 364.978 86.7266 2 411.648 -102.713
440 374.978 86.7266 2 418.62 -103.14
441 384.978 86.7266 2 425.712 -250
442 394.978 86.7266 2 432.92 -250
443 404.978 86.7266 2 440.236 -250
444 414.978 86.7266 2 447.657 -139.872
445 424.978 86.7266 2 455.176 -125.395
446 434.978 86.7266 2 462.789 -126.577
447 444.978 86.7266 2 470.491 -250
448 454.978 86.7266 2 478.279 -250
449 464.978 86.7266 2 486.147 -250
450 474.978 86.7266 2 494.092 -143.678
451 484.978 86.7266 2 502.111 -138.781
452 84.9784 96.7266 2 287.704 -87.2935
453 94.9784 96.7266 2 288.031 -90.1624
454 104.978 96.7266 2 288.705 -80.2985
455 114.978 96.7266 2 289.722 -118.76
456 124.978 96.7266 2 291.08 -85.882
457 134.978 96.7266 2 292.773 -112.236
458 144.978 96.7266 2 294.796 -113.089
459 154.978 96.7266 2 297.141 -250
460 164.978 96.7266 2 299.802 -250
461 174.978 96.7266 2 302.77 -250
462 184.978 96.7266 2 306.037 -102.746
463 194.978 96.7266 2 309.591 -250
464 204.978 96.7266 2 313.425 -250
465 214.978 96.7266 2 317.528 -250
466 224.978 96.7266 2 321.889 -250
467 234.978 96.7266 2 326.498 -250
468 244.978 96.7266 2 331.345 -250
469 254.978 96.7266 2 336.419 -250
470 264.978 96.7266 2 341.711 -250
471 274.978 96.7266 2 347.21 -119.058
472 284.978 96.7266 2 352.907 -112.724
473 294.978 96.7266 2 358.792 -98.4568
474 304.978 96.7266 2 364.856 -118.576
475 314.978 96.7266 2 371.091 -112.387
476 324.978 96.7266 2 377.488 -112.806
477 334.978 96.7266 2 384.039 -116.255
478 344.978 96.7266 2 390.735 -114.135
479 354.978 96.7266 2 397.571 -106.214
480 364.978 96.7266 2 404.538 -100
481 374.978 96.7266 2 411.63 -112.818
482 384.978 96.7266 2 418.841 -250
483 394.978 96.7266 2 426.165 -250
484 404.978 96.7266 2 433.595 -250
485 414.978 96.7266 2 441.128 -143.665
486 424.978 96.7266 2 448.756 -136.581
487 434.978 96.7266 2 456.476 -135.866
488 444.978 96.7266 2 464.283 -250
489 454.978 96.7266 2 472.173 -250
490 464.978 96.7266 2 480.142 -250
491 474.978 96.7266 2 488.185 -142.272
492 484.978 96.7266 2 496.299 -145.217
493 84.9784 106.727 2 277.796 -86.9741
494 94.9784 106.727 2 278.135 -86.1374
495 104.978 106.727 2 278.832 -82.9868
496 114.978 106.727 2 279.886 -126.249
497 124.978 106.727 2 281.291 -112.235
498 134.978 106.727 2 283.042 -102.903
499 144.978 106.727 2 285.134 -114.811
500 154.978 106.727 2 287.559 -250
501 164.978 106.727 2 290.307 -250
502 174.978 106.727 2 293.372 -250
503 184.978 106.727 2 296.741 -98.1052
504 194.978 106.727 2 300.406 -250
505 204.978 106.727 2 304.356 -250
506 214.978 106.727 2 308.579 -250
507 224.978 106.727 2 313.064 -250
508 234.978 106.727 2 317.802 -250
509 244.978 106.727 2 322.779 -250
510 254.978 106.727 2 327.986 -250
511 264.978 106.727 2 333.412 -250
512 274.978 106.727 2 339.045 -119.885
513 284.978 106.727 2 344.877 -106.34
514 294.978 106.727 2 350.897 -103.518
515 304.978 106.727 2 357.095 -113.253
516 314.978 106.727 2 363.463 -123.657
517 324.978 106.727 2 369.992 -120.43
518 334.978 106.727 2 376.673 -123.771
519 344.978 106.727 2 383.499 -133.88
520 354.978 106.727 2 390.461 -101.253
521 364.978 106.727 2 397.553 -99.3403
522 374.978 106.727 2 404.767 -99.1202
523 384.978 106.727 2 412.098 -250
524 394.978 106.727 2 419.54 -250
525 404.978 106.727 2 427.085 -250
526 414.978 106.727 2 434.73 -129.781
527 424.978 106.727 2 442.469 -141.595
528 434.978 106.727 2 450.297 -130.049
529 444.978 106.727 2 458.209 -250
530 454.978 106.727 2 466.202 -250
531 464.978 106.727 2 474.271 -250
532 474.978 106.727 2 482.412 -146.977
533 484.978 106.727 2 490.622 -130.146
534 84.9784 116.727 2 267.895 -89.8222
535 94.9784 116.727 2 268.246 -89.3431
536 104.978 116.727 2 268.969 -93.8633
537 114.978 116.727 2 270.061 -250
538 124.978 116.727 2 271.517 -250
539 134.978 116.727 2 273.331 -250
540 144.978 116.727 2 275.497 -250
541 154.978 116.727 2 278.005 -250
542 164.978 116.727 2 280.848 -250
543 174.978 116.727 2 284.014 -250
544 184.978 116.727 2 287.493 -93.5929
545 194.978 116.727 2 291.275 -250
546 204.978 116.727 2 295.346 -250
547 214.978 116.727 2 299.696 -250
548 224.978 116.727 2 304.313 -250
549 234.978 116.727 2 309.184 -250
550 244.978 116.727 2 314.298 -250
551 254.978 116.727 2 319.643 -250
552 264.978 116.727 2 325.208 -250
553 274.978 116.727 2 330.982 -119.914
554 284.978 116.727 2 336.953 -119.111
555 294.978 116.727 2 343.112 -123.604
556 304.978 116.727 2 349.448 -104.668
557 314.978 116.727 2 355.953 -107.443
558 324.978 116.727 2 362.617 -250
559 334.978 116.727 2 369.432 -250
560 344.978 116.727 2 376.388 -250
561 354.978 116.727 2 383.48 -250
562 364.978 116.727 2 390.698 -250
563 374.978 116.727 2 398.037 -250
564 384.978 116.727 2 405.49 -250
565 394.978 116.727 2 413.05 -250
566 404.978 116.727 2 420.713 -250
567 414.978 116.727 2 428.471 -250
568 424.978 116.727 2 436.321 -136.161
569 434.978 116.727 2 444.257 -131.638
570 444.978 116.727 2 452.275 -250
571 454.978 116.727 2 460.371 -250
572 464.978 116.727 2 468.54 -250
573 474.978 116.727 2 476.779 -139.994
574 484.978 116.727 2 485.084 -145.798
575 84.9784 126.727 2 258.001 -89.7326
576 94.9784 126.727 2 258.366 -90.1785
577 104.978 126.727 2 259.117 -90.0493
578 114.978 126.727 2 260.25 -250
579 124.978 126.727 2 261.76 -250
580 134.978 126.727 2 263.642 -250
581 144.978 126.727 2 265.886 -250
582 154.978 126.727 2 268.485 -250
583 164.978 126.727 2 271.427 -250
584 174.978 126.727 2 274.702 -250
585 184.978 126.727 2 278.297 -91.062
586 194.978 126.727 2 282.202 -81.5611
587 204.978 126.727 2 286.403 -85.6281
588 214.978 126.727 2 290.886 -88.1544
589 224.978 126.727 2 295.641 -250
590 234.978 126.727 2 300.652 -250
591 244.978 126.727 2 305.909 -250
592 254.978 126.727 2 311.398 -107.004
593 264.978 126.727 2 317.108 -104.056
594 274.978 126.727 2 323.026 -103.749
595 284.978 126.727 2 329.142 -118.956
596 294.978 126.727 2 335.444 -115.148
597 304.978 126.727 2 341.923 -109.295
598 314.978 126.727 2 348.568 -98.9828
599 324.978 126.727 2 355.371 -250
600 334.978 126.727 2 362.321 -250
601 344.978 126.727 2 369.412 -250
602 354.978 126.727 2 376.635 -250
603 364.978 126.727 2 383.982 -250
604 374.978 126.727 2 391.447 -250
605 384.978 126.727 2 399.023 -250
606 394.978 126.727 2 406.703 -250
607 404.978 126.727 2 414.483 -250
608 414.978 126.727 2 422.356 -250
609 424.978 126.727 2 430.317 -128.324
610 434.978 126.727 2 438.362 -138.26
611 444.978 126.727 2 446.486 -250
612 454.978 126.727 2 454.685 -250
613 464.978 126.727 2 462.955 -250
614 474.978 126.727 2 471.291 -134.491
615 484.978 126.727 2 479.691 -113.895
616 84.9784 136.727 2 248.116 -88.537
617 94.9784 136.727 2 248.496 -87.0603
618 104.978 136.727 2 249.276 -88.2795
619 114.978 136.727 2 250.454 -87.8974
620 124.978 136.727 2 252.023 -93.2049
621 134.978 136.727 2 253.976 -250
622 144.978 136.727 2 256.306 -250
623 154.978 136.727 2 259 -250
624 164.978 136.727 2 262.049 -250
625 174.978 136.727 2 265.439 -250
626 184.978 136.727 2 269.159 -86.3938
627 194.978 136.727 2 273.194 -96.1449
628 204.978 136.727 2 277.531 -88.9324
629 214.978 136.727 2 282.156 -88.826
630 224.978 136.727 2 287.055 -250
631 234.978 136.727 2 292.214 -250
632 244.978 136.727 2 297.619 -250
633 254.978 136.727 2 303.259 -92.1827
634 264.978 136.727 2 309.119 -105.138
635 274.978 136.727 2 315.187 -110.51
636 284.978 136.727 2 321.452 -114.694
637 294.978 136.727 2 327.902 -114.545
638 304.978 136.727 2 334.527 -100.936
639 314.978 136.727 2 341.316 -110.804
640 324.978 136.727 2 348.26 -250
641 334.978 136.727 2 355.35 -250
642 344.978 136.727 2 362.577 -250
643 354.978 136.727 2 369.933 -250
644 364.978 136.727 2 377.411 -250
645 374.978 136.727 2 385.003 -250
646 384.978 136.727 2 392.704 -250
647 394.978 136.727 2 400.505 -250
648 404.978 136.727 2 408.403 -250
649 414.978 136.727 2 416.391 -250
650 424.978 136.727 2 424.464 -129.528
651 434.978 136.727 2 432.618 -128.968
652 444.978 136.727 2 440.848 -250
653 454.978 136.727 2 449.15 -250
654 464.978 136.727 2 457.519 -250
655 474.978 136.727 2 465.953 -115.182
656 484.978 136.727 2 474.448 -117.146
657 84.9784 146.727 2 238.241 -86.1056
658 94.9784 146.727 2 238.636 -90.1016
659 104.978 146.727 2 239.449 -88.6796
660 114.978 146.727 2 240.674 -88.191
661 124.978 146.727 2 242.307 -90.7466
662 134.978 146.727 2 244.338 -108.336
663 144.978 146.727 2 246.758 -108.143
664 154.978 146.727 2 249.556 -100.625
665 164.978 146.727 2 252.718 -86.9658
666 174.978 146.727 2 256.232 -93.5788
667 184.978 146.727 2 260.084 -85.0288
668 194.978 146.727 2 264.257 -87.0437
669 204.978 146.727 2 268.739 -84.4293
670 214.978 146.727 2 273.512 -81.9935
671 224.978 146.727 2 278.563 -85.214
672 234.978 146.727 2 283.877 -95.3171
673 244.978 146.727 2 289.438 -110.097
674 254.978 146.727 2 295.234 -122.448
675 264.978 146.727 2 301.25 -95.6162
676 274.978 146.727 2 307.473 -105.383
677 284.978 146.727 2 313.892 -111.614
678 294.978 146.727 2 320.495 -102.48
679 304.978 146.727 2 327.269 -112.119
680 314.978 146.727 2 334.206 -114.881
681 324.978 146.727 2 341.295 -125.524
682 334.978 146.727 2 348.526 -133.814
683 344.978 146.727 2 355.892 -122.713
684 354.978 146.727 2 363.384 -112.736
685 364.978 146.727 2 370.993 -119.751
686 374.978 146.727 2 378.714 -122.454
687 384.978 146.727 2 386.54 -113.032
688 394.978 146.727 2 394.464 -112.64
689 404.978 146.727 2 402.48 -124.083
690 414.978 146.727 2 410.583 -108.796
691 424.978 146.727 2 418.768 -111.768
692 434.978 146.727 2 427.031 -109.926
693 444.978 146.727 2 435.367 -107.484
694 454.978 146.727 2 443.771 -111.687
695 464.978 146.727 2 452.24 -117.847
696 474.978 146.727 2 460.771 -121.544
697 484.978 146.727 2 469.359 -138.125
698 84.9784 156.727 2 228.376 -85.9332
699 94.9784 156.727 2 228.788 -80.9974
700 104.978 156.727 2 229.636 -85.5463
701 114.978 156.727 2 230.914 -96.3713
702 124.978 156.727 2 232.615 -99.5345
703 134.978 156.727 2 234.73 -110.393
704 144.978 156.727 2 237.248 -104.856
705 154.978 156.727 2 240.156 -101.59
706 164.978 156.727 2 243.441 -88.593
707 174.978 156.727 2 247.087 -85.7408
708 184.978 156.727 2 251.079 -100.872
709 194.978 156.727 2 255.4 -94.0985
710 204.978 156.727 2 260.034 -91.5861
711 214.978 156.727 2 264.964 -87.0315
712 224.978 156.727 2 270.175 -97.2037
713 234.978 156.727 2 275.65 -96.1016
714 244.978 156.727 2 281.374 -98.4359
715 254.978 156.727 2 287.332 -116.829
716 264.978 156.727 2 293.51 -121.041
717 274.978 156.727 2 299.895 -100.132
718 284.978 156.727 2 306.472 -102.481
719 294.978 156.727 2 313.231 -109.184
720 304.978 156.727 2 320.16 -112.247
721 314.978 156.727 2 327.247 -114.635
722 324.978 156.727 2 334.484 -119.053
723 334.978 156.727 2 341.859 -124.983
724 344.978 156.727 2 349.365 -127.954
725 354.978 156.727 2 356.994 -139.561
726 364.978 156.727 2 364.737 -121.624
727 374.978 156.727 2 372.588 -114.826
728 384.978 156.727 2 380.539 -115.204
729 394.978 156.727 2 388.585 -118.999
730 404.978 156.727 2 396.72 -113.518
731 414.978 156.727 2 404.939 -111.957
732 424.978 156.727 2 413.236 -112.081
733 434.978 156.727 2 421.607 -108.261
734 444.978 156.727 2 430.048 -132.121
735 454.978 156.727 2 438.554 -124.712
736 464.978 156.727 2 447.122 -124.495
737 474.978 156.727 2 455.748 -122.496
738 484.978 156.727 2 464.43 -119.114
739 84.9784 166.727 2 218.524 -86.4096
740 94.9784 166.727 2 218.955 -84.7104
741 104.978 166.727 2 219.84 -88.3323
742 114.978 166.727 2 221.174 -90.668
743 124.978 166.727 2 222.95 -95.8265
744 134.978 166.727 2 225.156 -105.138
745 144.978 166.727 2 227.78 -100.671
746 154.978 166.727 2 230.807 -107.559
747 164.978 166.727 2 234.223 -88.8961
748 174.978 166.727 2 238.011 -90.3617
749 184.978 166.727 2 242.152 -86.0029
750 194.978 166.727 2 246.629 -88.3251
751 204.978 166.727 2 251.425 -89.2482
752 214.978 166.727 2 256.521 -85.1953
753 224.978 166.727 2 261.9 -250
754 234.978 166.727 2 267.544 -104.511
755 244.978 166.727 2 273.438 -250
756 254.978 166.727 2 279.566 -250
757 264.978 166.727 2 285.911 -250
758 274.978 166.727 2 292.462 -96.0338
759 284.978 166.727 2 299.203 -94.4939
760 294.978 166.727 2 306.122 -250
761 304.978 166.727 2 313.208 -250
762 314.978 166.727 2 320.449 -250
763 324.978 166.727 2 327.836 -250
764 334.978 166.727 2 335.358 -250
765 344.978 166.727 2 343.006 -250
766 354.978 166.727 2 350.773 -126.987
767 364.978 166.727 2 358.651 -118.509
768 374.978 166.727 2 366.632 -250
769 384.978 166.727 2 374.709 -125.312
770 394.978 166.727 2 382.878 -118.161
771 404.978 166.727 2 391.132 -111.887
772 414.978 166.727 2 399.465 -107.743
773 424.978 166.727 2 407.874 -112.243
774 434.978 166.727 2 416.353 -111.41
775 444.978 166.727 2 424.898 -250
776 454.978 166.727 2 433.505 -250
777 464.978 166.727 2 442.171 -250
778 474.978 166.727 2 450.892 -138.982
779 484.978 166.727 2 459.665 -131.904
780 84.9784 176.727 2 208.686 -86.676
781 94.9784 176.727 2 209.137 -90.1713
782 104.978 176.727 2 210.064 -87.579
783 114.978 176.727 2 211.46 -99.6321
784 124.978 176.727 2 213.316 -100.173
785 134.978 176.727 2 215.62 -104.67
786 144.978 176.727 2 218.359 -105.159
787 154.978 176.727 2 221.515 -90.9231
788 164.978 176.727 2 225.072 -85.7091
789 174.978 176.727 2 229.011 -88.2679
790 184.978 176.727 2 233.312 -84.3402
791 194.978 176.727 2 237.956 -86.2744
792 204.978 176.727 2 242.923 -87.2553
793 214.978 176.727 2 248.193 -86.0253
794 224.978 176.727 2 253.749 -250
795 234.978 176.727 2 259.571 -109.262
796 244.978 176.727 2 265.642 -250
797 254.978 176.727 2 271.945 -250
798 264.978 176.727 2 278.464 -250
799 274.978 176.727 2 285.186 -103.123
800 284.978 176.727 2 292.095 -93.6825
801 294.978 176.727 2 299.179 -250
802 304.978 176.727 2 306.425 -250
803 314.978 176.727 2 313.823 -250
804 324.978 176.727 2 321.362 -250
805 334.978 176.727 2 329.032 -250
806 344.978 176.727 2 336.824 -250
807 354.978 176.727 2 344.73 -126.437
808 364.978 176.727 2 352.742 -131.413
809 374.978 176.727 2 360.854 -250
810 384.978 176.727 2 369.059 -110.149
811 394.978 176.727 2 377.35 -112.526
812 404.978 176.727 2 385.722 -107.474
813 414.978 176.727 2 394.17 -117.087
814 424.978 176.727 2 402.689 -113.561
815 434.978 176.727 2 411.274 -130.122
816 444.978 176.727 2 419.923 -250
817 454.978 176.727 2 428.63 -250
818 464.978 176.727 2 437.392 -250
819 474.978 176.727 2 446.207 -136.356
820 484.978 176.727 2 455.07 -138.554
821 84.9784 186.727 2 198.864 -84.7478
822 94.9784 186.727 2 199.337 -85.9528
823 104.978 186.727 2 200.309 -86.8803
824 114.978 186.727 2 201.773 -111.509
825 124.978 186.727 2 203.717 -100.479
826 134.978 186.727 2 206.129 -101.237
827 144.978 186.727 2 208.992 -95.0361
828 154.978 186.727 2 212.288 -83.8662
829 164.978 186.727 2 215.997 -85.7718
830 174.978 186.727 2 220.098 -90.2557
831 184.978 186.727 2 224.57 -90.5615
832 194.978 186.727 2 229.391 -85.5004
833 204.978 186.727 2 234.539 -90.7929
834 214.978 186.727 2 239.994 -92.2994
835 224.978 186.727 2 245.735 -250
836 234.978 186.727 2 251.742 -99.2675
837 244.978 186.727 2 257.997 -250
838 254.978 186.727 2 264.482 -250
839 264.978 186.727 2 271.182 -250
840 274.978 186.727 2 278.079 -86.1641
841 284.978 186.727 2 285.16 -85.9491
842 294.978 186.727 2 292.412 -87.7822
843 304.978 186.727 2 299.822 -87.3065
844 314.978 186.727 2 307.379 -89.3861
845 324.978 186.727 2 315.072 -100.326
846 334.978 186.727 2 322.891 -250
847 344.978 186.727 2 330.828 -250
848 354.978 186.727 2 338.874 -250
849 364.978 186.727 2 347.022 -250
850 374.978 186.727 2 355.264 -250
851 384.978 186.727 2 363.595 -115.327
852 394.978 186.727 2 372.008 -109.116
853 404.978 186.727 2 380.497 -130.469
854 414.978 186.727 2 389.059 -117.955
855 424.978 186.727 2 397.687 -119.568
856 434.978 186.727 2 406.379 -121.017
857 444.978 186.727 2 415.129 -250
858 454.978 186.727 2 423.935 -250
859 464.978 186.727 2 432.792 -250
860 474.978 186.727 2 441.698 -129.782
861 484.978 186.727 2 450.651 -142.764
862 84.9784 196.727 2 189.06 -84.4893
863 94.9784 196.727 2 189.558 -86.4499
864 104.978 196.727 2 190.58 -84.1762
865 114.978 196.727 2 192.118 -109.569
866 124.978 196.727 2 194.159 -105.287
867 134.978 196.727 2 196.688 -102.158
868 144.978 196.727 2 199.686 -92.4327
869 154.978 196.727 2 203.133 -87.0427
870 164.978 196.727 2 207.006 -92.3856
871 174.978 196.727 2 211.282 -91.8233
872 184.978 196.727 2 215.937 -93.6704
873 194.978 196.727 2 220.946 -98.1303
874 204.978 196.727 2 226.286 -117.576
875 214.978 196.727 2 231.935 -91.0366
876 224.978 196.727 2 237.871 -250
877 234.978 196.727 2 244.072 -96.4063
878 244.978 196.727 2 250.518 -89.9211
879 254.978 196.727 2 257.192 -94.7069
880 264.978 196.727 2 264.077 -86.4389
881 274.978 196.727 2 271.155 -89.5233
882 284.978 196.727 2 278.412 -85.807
883 294.978 196.727 2 285.835 -88.399
884 304.978 196.727 2 293.412 -87.2208
885 314.978 196.727 2 301.129 -96.7725
886 324.978 196.727 2 308.978 -94.5489
887 334.978 196.727 2 316.948 -250
888 344.978 196.727 2 325.03 -250
889 354.978 196.727 2 333.216 -117.388
890 364.978 196.727 2 341.499 -108.55
891 374.978 196.727 2 349.871 -109.06
892 384.978 196.727 2 358.327 -110.602
893 394.978 196.727 2 366.861 -111.564
894 404.978 196.727 2 375.467 -107.573
895 414.978 196.727 2 384.14 -115.709
896 424.978 196.727 2 392.877 -250
897 434.978 196.727 2 401.672 -250
898 444.978 196.727 2 410.523 -250
899 454.978 196.727 2 419.425 -250
900 464.978 196.727 2 428.376 -250
901 474.978 196.727 2 437.372 -138.956
902 484.978 196.727 2 446.411 -140.541
903 84.9784 206.727 2 179.278 -84.8602
904 94.9784 206.727 2 179.803 -85.2345
905 104.978 206.727 2 180.88 -85.1558
906 114.978 206.727 2 182.5 -104.784
907 124.978 206.727 2 184.647 -250
908 134.978 206.727 2 187.305 -99.9417
909 144.978 206.727 2 190.451 -92.3347
910 154.978 206.727 2 194.062 -103.424
911 164.978 206.727 2 198.113 -94.5319
912 174.978 206.727 2 202.576 -96.3584
913 184.978 206.727 2 207.426 -91.3507
914 194.978 206.727 2 212.636 -94.9862
915 204.978 206.727 2 218.18 -110.944
916 214.978 206.727 2 224.034 -92.5706
917 224.978 206.727 2 230.173 -88.9664
918 234.978 206.727 2 236.576 -86.717
919 244.978 206.727 2 243.221 -89.5912
920 254.978 206.727 2 250.09 -88.5115
921 264.978 206.727 2 257.164 -97.2064
922 274.978 206.727 2 264.428 -85.7767
923 284.978 206.727 2 271.865 -83.6338
924 294.978 206.727 2 279.462 -86.6029
925 304.978 206.727 2 287.206 -98.7648
926 314.978 206.727 2 295.086 -102.021
927 324.978 206.727 2 303.091 -92.9729
928 334.978 206.727 2 311.212 -250
929 344.978 206.727 2 319.439 -250
930 354.978 206.727 2 327.765 -100.875
931 364.978 206.727 2 336.182 -121.072
932 374.978 206.727 2 344.684 -126.008
933 384.978 206.727 2 353.264 -116.793
934 394.978 206.727 2 361.917 -109.346
935 404.978 206.727 2 370.638 -104.708
936 414.978 206.727 2 379.422 -96.5812
937 424.978 206.727 2 388.264 -250
938 434.978 206.727 2 397.162 -250
939 444.978 206.727 2 406.111 -250
940 454.978 206.727 2 415.108 -250
941 464.978 206.727 2 424.15 -250
942 474.978 206.727 2 433.234 -141.87
943 484.978 206.727 2 442.357 -155.04
944 84.9784 216.727 2 169.522 -85.0312
945 94.9784 216.727 2 170.077 -84.598
946 104.978 216.727 2 171.216 -106.974
947 114.978 216.727 2 172.926 -112.298
948 124.978 216.727 2 175.191 -250
949 134.978 216.727 2 177.989 -101.994
950 144.978 216.727 2 181.297 -87.91
951 154.978 216.727 2 185.087 -93.3009
952 164.978 216.727 2 189.329 -96.8891
953 174.978 216.727 2 193.995 -95.2489
954 184.978 216.727 2 199.054 -99.2345
955 194.978 216.727 2 204.478 -93.4316
956 204.978 216.727 2 210.237 -97.1708
957 214.978 216.727 2 216.305 -92.974
958 224.978 216.727 2 222.658 -88.9578
959 234.978 216.727 2 229.271 -85.4896
960 244.978 216.727 2 236.122 -85.3322
961 254.978 216.727 2 243.191 -87.5915
962 264.978 216.727 2 250.461 -88.1797
963 274.978 216.727 2 257.913 -95.6894
964 284.978 216.727 2 265.532 -94.3958
965 294.978 216.727 2 273.306 -250
966 304.978 216.727 2 281.219 -250
967 314.978 216.727 2 289.263 -250
968 324.978 216.727 2 297.425 -250
969 334.978 216.727 2 305.696 -250
970 344.978 216.727 2 314.067 -250
971 354.978 216.727 2 322.532 -117.408
972 364.978 216.727 2 331.082 -116.643
973 374.978 216.727 2 339.711 -117.777
974 384.978 216.727 2 348.414 -126.048
975 394.978 216.727 2 357.184 -100.373
976 404.978 216.727 2 366.018 -99.193
977 414.978 216.727 2 374.91 -102.635
978 424.978 216.727 2 383.857 -250
979 434.978 216.727 2 392.855 -250
980 444.978 216.727 2 401.899 -250
981 454.978 216.727 2 410.989 -250
982 464.978 216.727 2 420.119 -250
983 474.978 216.727 2 429.288 -133.463
984 484.978 216.727 2 438.494 -136.154
985 84.9784 226.727 2 159.796 -83.8033
986 94.9784 226.727 2 160.385 -83.2841
987 104.978 226.727 2 161.591 -250
988 114.978 226.727 2 163.402 -250
989 124.978 226.727 2 165.797 -250
990 134.978 226.727 2 168.752 -104.263
991 144.978 226.727 2 172.237 -100.744
992 154.978 226.727 2 176.222 -94.7375
993 164.978 226.727 2 180.673 -90.8737
994 174.978 226.727 2 185.556 -90.8978
995 184.978 226.727 2 190.839 -93.2902
996 194.978 226.727 2 196.489 -93.5988
997 204.978 226.727 2 202.476 -89.0263
998 214.978 226.727 2 208.77 -103.464
999 224.978 226.727 2 215.345 -88.2541
1000 234.978 226.727 2 222.176 -85.3517
1001 244.978 226.727 2 229.239 -89.0245
1002 254.978 226.727 2 236.514 -87.4117
1003 264.978 226.727 2 243.983 -87.6986
1004 274.978 226.727 2 251.627 -92.2672
1005 284.978 226.727 2 259.431 -99.7537
1006 294.978 226.727 2 267.382 -250
1007 304.978 226.727 2 275.466 -250
1008 314.978 226.727 2 283.672 -250
1009 324.978 226.727 2 291.99 -250
1010 334.978 226.727 2 300.411 -250
1011 344.978 226.727 2 308.926 -250
1012 354.978 226.727 2 317.528 -125.561
1013 364.978 226.727 2 326.209 -140.02
1014 374.978 226.727 2 334.964 -110.089
1015 384.978 226.727 2 343.787 -98.4678
1016 394.978 226.727 2 352.672 -98.0233
1017 404.978 226.727 2 361.616 -96.6692
1018 414.978 226.727 2 370.614 -98.8612
1019 424.978 226.727 2 379.662 -250
1020 434.978 226.727 2 388.757 -250
1021 444.978 226.727 2 397.895 -250
1022 454.978 226.727 2 407.073 -250
1023 464.978 226.727 2 416.29 -250
1024 474.978 226.727 2 425.542 -119.854
1025 484.978 226.727 2 434.827 -137.412
1026 84.9784 236.727 2 150.106 -83.8949
1027 94.9784 236.727 2 150.733 -83.4039
1028 104.978 236.727 2 152.016 -80.1603
1029 114.978 236.727 2 153.939 -82.6242
1030 124.978 236.727 2 156.479 -250
1031 134.978 236.727 2 159.607 -84.9219
1032 144.978 236.727 2 163.287 -95.8206
1033 154.978 236.727 2 167.485 -93.0337
1034 164.978 236.727 2 172.162 -91.079
1035 174.978 236.727 2 177.28 -91.8873
1036 184.978 236.727 2 182.802 -105.702
1037 194.978 236.727 2 188.693 -93.8986
1038 204.978 236.727 2 194.92 -87.5059
1039 214.978 236.727 2 201.45 -89.8441
1040 224.978 236.727 2 208.256 -89.8387
1041 234.978 236.727 2 215.312 -85.9095
1042 244.978 236.727 2 222.593 -85.8464
1043 254.978 236.727 2 230.078 -85.6472
1044 264.978 236.727 2 237.749 -86.3217
1045 274.978 236.727 2 245.587 -96.4893
1046 284.978 236.727 2 253.577 -98.6701
1047 294.978 236.727 2 261.706 -250
1048 304.978 236.727 2 269.96 -250
1049 314.978 236.727 2 278.329 -250
1050 324.978 236.727 2 286.802 -250
1051 334.978 236.727 2 295.371 -250
1052 344.978 236.727 2 304.027 -250
1053 354.978 236.727 2 312.763 -134.715
1054 364.978 236.727 2 321.573 -103.871
1055 374.978 236.727 2 330.451 -103.283
1056 384.978 236.727 2 339.391 -99.5422
1057 394.978 236.727 2 348.389 -99.0559
1058 404.978 236.727 2 357.44 -95.966
1059 414.978 236.727 2 366.54 -250
1060 424.978 236.727 2 375.686 -250
1061 434.978 236.727 2 384.875 -250
1062 444.978 236.727 2 394.103 -250
1063 454.978 236.727 2 403.368 -250
1064 464.978 236.727 2 412.667 -250
1065 474.978 236.727 2 421.998 -130.52
1066 484.978 236.727 2 431.36 -115.464
1067 84.9784 246.727 2 140.459 -82.6394
1068 94.9784 246.727 2 141.129 -81.9886
1069 104.978 246.727 2 142.498 -81.131
1070 114.978 246.727 2 144.549 -82.9994
1071 124.978 246.727 2 147.251 -86.0877
1072 134.978 246.727 2 150.57 -91.5036
1073 144.978 246.727 2 154.466 -98.5467
1074 154.978 246.727 2 158.897 -95.1975
1075 164.978 246.727 2 163.819 -95.8484
1076 174.978 246.727 2 169.19 -92.1457
1077 184.978 246.727 2 174.968 -97.7509
1078 194.978 246.727 2 181.114 -96.2405
1079 204.978 246.727 2 187.592 -92.4767
1080 214.978 246.727 2 194.368 -86.1055
1081 224.978 246.727 2 201.414 -90.4064
1082 234.978 246.727 2 208.701 -87.0666
1083 244.978 246.727 2 216.205 -89.2957
1084 254.978 246.727 2 223.904 -84.0814
1085 264.978 246.727 2 231.779 -102.155
1086 274.978 246.727 2 239.812 -98.698
1087 284.978 246.727 2 247.989 -101.254
1088 294.978 246.727 2 256.295 -95.0194
1089 304.978 246.727 2 264.718 -109.94
1090 314.978 246.727 2 273.247 -97.2779
1091 324.978 246.727 2 281.873 -115.626
1092 334.978 246.727 2 290.587 -109.17
1093 344.978 246.727 2 299.382 -117.348
1094 354.978 246.727 2 308.25 -114.609
1095 364.978 246.727 2 317.185 -104.601
1096 374.978 246.727 2 326.182 -106.967
1097 384.978 246.727 2 335.236 -100.454
1098 394.978 246.727 2 344.343 -102.42
1099 404.978 246.727 2 353.497 -108.001
1100 414.978 246.727 2 362.697 -115.208
1101 424.978 246.727 2 371.937 -123.645
1102 434.978 246.727 2 381.216 -116.9
1103 444.978 246.727 2 390.531 -125.865
1104 454.978 246.727 2 399.878 -125.899
1105 464.978 246.727 2 409.257 -121.54
1106 474.978 246.727 2 418.664 -107.698
1107 484.978 246.727 2 428.098 -108.501
1108 84.9784 256.727 2 130.866 -82.2312
1109 94.9784 256.727 2 131.584 -82.2131
1110 104.978 256.727 2 133.052 -83.1669
1111 114.978 256.727 2 135.245 -87.6916
1112 124.978 256.727 2 138.13 -81.6145
1113 134.978 256.727 2 141.663 -90.232
1114 144.978 256.727 2 145.797 -105.422
1115 154.978 256.727 2 150.483 -110.798
1116 164.978 256.727 2 155.672 -101.058
1117 174.978 256.727 2 161.314 -98.0455
1118 184.978 256.727 2 167.364 -98.6449
1119 194.978 256.727 2 173.779 -91.9843
1120 204.978 256.727 2 180.52 -100.396
1121 214.978 256.727 2 187.553 -91.8517
1122 224.978 256.727 2 194.845 -87.6261
1123 234.978 256.727 2 202.369 -83.0733
1124 244.978 256.727 2 210.099 -99.4977
1125 254.978 256.727 2 218.014 -97.0679
1126 264.978 256.727 2 226.094 -94.8018
1127 274.978 256.727 2 234.322 -95.5046
1128 284.978 256.727 2 242.684 -111.253
1129 294.978 256.727 2 251.165 -97.7763
1130 304.978 256.727 2 259.755 -91.7259
1131 314.978 256.727 2 268.442 -99.2873
1132 324.978 256.727 2 277.217 -108.181
1133 334.978 256.727 2 286.073 -104.198
1134 344.978 256.727 2 295.002 -104.652
1135 354.978 256.727 2 303.998 -100.815
1136 364.978 256.727 2 313.055 -108.749
1137 374.978 256.727 2 322.167 -103.335
1138 384.978 256.727 2 331.331 -111.319
1139 394.978 256.727 2 340.542 -117.926
1140 404.978 256.727 2 349.796 -114.951
1141 414.978 256.727 2 359.09 -125.009
1142 424.978 256.727 2 368.421 -127.049
1143 434.978 256.727 2 377.787 -128.276
1144 444.978 256.727 2 387.184 -106.989
1145 454.978 256.727 2 396.61 -116.549
1146 464.978 256.727 2 406.064 -122.593
1147 474.978 256.727 2 415.544 -130.097
1148 484.978 256.727 2 425.047 -123.835
1149 84.9784 266.727 2 121.338 -83.0777
1150 94.9784 266.727 2 122.112 -82.7505
1151 104.978 266.727 2 123.693 -81.0114
1152 114.978 266.727 2 126.049 -77.8037
1153 124.978 266.727 2 129.139 -91.0907
1154 134.978 266.727 2 132.911 -250
1155 144.978 266.727 2 137.309 -250
1156 154.978 266.727 2 142.275 -250
1157 164.978 266.727 2 147.752 -250
1158 174.978 266.727 2 153.685 -89.8043
1159 184.978 266.727 2 160.024 -98.0958
1160 194.978 266.727 2 166.722 -90.8922
1161 204.978 266.727 2 173.737 -90.2258
1162 214.978 266.727 2 181.034 -91.2261
1163 224.978 266.727 2 188.578 -84.9028
1164 234.978 266.727 2 196.342 -85.9206
1165 244.978 266.727 2 204.3 -250
1166 254.978 266.727 2 212.431 -250
1167 264.978 266.727 2 220.716 -250
1168 274.978 266.727 2 229.138 -104.982
1169 284.978 266.727 2 237.682 -109.494
1170 294.978 266.727 2 246.335 -250
1171 304.978 266.727 2 255.087 -250
1172 314.978 266.727 2 263.928 -250
1173 324.978 266.727 2 272.849 -250
1174 334.978 266.727 2 281.842 -250
1175 344.978 266.727 2 290.901 -250
1176 354.978 266.727 2 300.02 -250
1177 364.978 266.727 2 309.193 -250
1178 374.978 266.727 2 318.416 -250
1179 384.978 266.727 2 327.685 -250
1180 394.978 266.727 2 336.995 -250
1181 404.978 266.727 2 346.344 -250
1182 414.978 266.727 2 355.729 -250
1183 424.978 266.727 2 365.146 -250
1184 434.978 266.727 2 374.593 -250
1185 444.978 266.727 2 384.068 -250
1186 454.978 266.727 2 393.569 -250
1187 464.978 266.727 2 403.095 -250
1188 474.978 266.727 2 412.642 -123.753
1189 484.978 266.727 2 422.211 -116.891
1190 84.9784 276.727 2 111.892 -82.0522
1191 94.9784 276.727 2 112.731 -81.6108
1192 104.978 276.727 2 114.442 -80.4237
1193 114.978 276.727 2 116.984 -75.7771
1194 124.978 276.727 2 120.307 -91.4109
1195 134.978 276.727 2 124.348 -250
1196 144.978 276.727 2 129.038 -250
1197 154.978 276.727 2 134.31 -250
1198 164.978 276.727 2 140.099 -250
1199 174.978 276.727 2 146.343 -97.6077
1200 184.978 276.727 2 152.986 -97.2057
1201 194.978 276.727 2 159.979 -93.7448
1202 204.978 276.727 2 167.277 -92.9717
1203 214.978 276.727 2 174.843 -88.7921
1204 224.978 276.727 2 182.644 -86.8225
1205 234.978 276.727 2 190.649 -90.9273
1206 244.978 276.727 2 198.836 -250
1207 254.978 276.727 2 207.181 -250
1208 264.978 276.727 2 215.668 -250
1209 274.978 276.727 2 224.279 -112.161
1210 284.978 276.727 2 233.001 -103.339
1211 294.978 276.727 2 241.822 -250
1212 304.978 276.727 2 250.732 -250
1213 314.978 276.727 2 259.721 -250
1214 324.978 276.727 2 268.781 -250
1215 334.978 276.727 2 277.906 -250
1216 344.978 276.727 2 287.09 -250
1217 354.978 276.727 2 296.326 -250
1218 364.978 276.727 2 305.61 -250
1219 374.978 276.727 2 314.938 -250
1220 384.978 276.727 2 324.306 -250
1221 394.978 276.727 2 333.711 -250
1222 404.978 276.727 2 343.149 -250
1223 414.978 276.727 2 352.619 -250
1224 424.978 276.727 2 362.116 -250
1225 434.978 276.727 2 371.641 -250
1226 444.978 276.727 2 381.189 -250
1227 454.978 276.727 2 390.76 -250
1228 464.978 276.727 2 400.353 -250
1229 474.978 276.727 2 409.964 -126.578
1230 484.978 276.727 2 419.594 -135.521
1231 84.9784 286.727 2 102.552 -82.1071
1232 94.9784 286.727 2 103.467 -81.0724
1233 104.978 286.727 2 105.328 -79.9768
1234 114.978 286.727 2 108.085 -77.8421
1235 124.978 286.727 2 111.673 -98.5842
1236 134.978 286.727 2 116.014 -250
1237 144.978 286.727 2 121.028 -250
1238 154.978 286.727 2 126.634 -250
1239 164.978 286.727 2 132.758 -250
1240 174.978 286.727 2 139.331 -90.3534
1241 184.978 286.727 2 146.293 -92.0712
1242 194.978 286.727 2 153.591 -96.7713
1243 204.978 286.727 2 161.179 -91.4042
1244 214.978 286.727 2 169.018 -105.172
1245 224.978 286.727 2 177.075 -88.3299
1246 234.978 286.727 2 185.322 -85.103
1247 244.978 286.727 2 193.733 -250
1248 254.978 286.727 2 202.29 -250
1249 264.978 286.727 2 210.973 -250
1250 274.978 286.727 2 219.768 -120.197
1251 284.978 286.727 2 228.663 -128.359
1252 294.978 286.727 2 237.645 -250
1253 304.978 286.727 2 246.705 -250
1254 314.978 286.727 2 255.836 -250
1255 324.978 286.727 2 265.029 -250
1256 334.978 286.727 2 274.279 -250
1257 344.978 286.727 2 283.58 -250
1258 354.978 286.727 2 292.927 -250
1259 364.978 286.727 2 302.315 -250
1260 374.978 286.727 2 311.742 -250
1261 384.978 286.727 2 321.203 -250
1262 394.978 286.727 2 330.696 -250
1263 404.978 286.727 2 340.218 -250
1264 414.978 286.727 2 349.767 -250
1265 424.978 286.727 2 359.34 -250
1266 434.978 286.727 2 368.936 -250
1267 444.978 286.727 2 378.553 -250
1268 454.978 286.727 2 388.189 -250
1269 464.978 286.727 2 397.843 -250
1270 474.978 286.727 2 407.514 -132.723
1271 484.978 286.727 2 417.2 -128.739
1272 84.9784 296.727 2 93.3485 -80.496
1273 94.9784 296.727 2 94.3526 -82.0863
1274 104.978 296.727 2 96.3893 -78.7919
1275 114.978 296.727 2 99.3951 -77.7585
1276 124.978 296.727 2 103.285 -77.4173
1277 134.978 296.727 2 107.965 -250
1278 144.978 296.727 2 113.335 -250
1279 154.978 296.727 2 119.303 -250
1280 164.978 296.727 2 125.785 -250
1281 174.978 296.727 2 132.704 -96.0942
1282 184.978 296.727 2 139.996 -93.7176
1283 194.978 296.727 2 147.605 -95.3497
1284 204.978 296.727 2 155.485 -89.8621
1285 214.978 296.727 2 163.598 -87.2184
1286 224.978 296.727 2 171.909 -89.8506
1287 234.978 296.727 2 180.392 -90.7594
1288 244.978 296.727 2 189.023 -250
1289 254.978 296.727 2 197.783 -250
1290 264.978 296.727 2 206.656 -250
1291 274.978 296.727 2 215.627 -110.906
1292 284.978 296.727 2 224.686 -117.131
1293 294.978 296.727 2 233.821 -250
1294 304.978 296.727 2 243.024 -250
1295 314.978 296.727 2 252.288 -250
1296 324.978 296.727 2 261.606 -111.608
1297 334.978 296.727 2 270.972 -113.977
1298 344.978 296.727 2 280.383 -113.604
1299 354.978 296.727 2 289.833 -100.759
1300 364.978 296.727 2 299.318 -107.044
1301 374.978 296.727 2 308.836 -104.33
1302 384.978 296.727 2 318.384 -101.221
1303 394.978 296.727 2 327.959 -96.45
1304 404.978 296.727 2 337.558 -105.893
1305 414.978 296.727 2 347.18 -103.032
1306 424.978 296.727 2 356.823 -100.942
1307 434.978 296.727 2 366.484 -250
1308 444.978 296.727 2 376.164 -250
1309 454.978 296.727 2 385.86 -250
1310 464.978 296.727 2 395.571 -250
1311 474.978 296.727 2 405.296 -118.214
1312 484.978 296.727 2 415.034 -127.825
1313 84.9784 306.727 2 84.3265 -79.3936
1314 94.9784 306.727 2 85.4367 -76.6601
1315 104.978 306.727 2 87.6808 -81.7241
1316 114.978 306.727 2 90.9747 -77.7906
1317 124.978 306.727 2 95.2097 -85.566
1318 134.978 306.727 2 100.266 -250
1319 144.978 306.727 2 106.028 -250
1320 154.978 306.727 2 112.385 -250
1321 164.978 306.727 2 119.243 -250
1322 174.978 306.727 2 126.52 -100.05
1323 184.978 306.727 2 134.148 -107.708
1324 194.978 306.727 2 142.071 -93.7953
1325 204.978 306.727 2 150.242 -93.1136
1326 214.978 306.727 2 158.623 -95.5401
1327 224.978 306.727 2 167.182 -95.2297
1328 234.978 306.727 2 175.893 -99.1121
1329 244.978 306.727 2 184.734 -250
1330 254.978 306.727 2 193.688 -250
1331 264.978 306.727 2 202.74 -250
1332 274.978 306.727 2 211.878 -116.397
1333 284.978 306.727 2 221.09 -119.789
1334 294.978 306.727 2 230.367 -250
1335 304.978 306.727 2 239.703 -250
1336 314.978 306.727 2 249.09 -250
1337 324.978 306.727 2 258.524 -122.256
1338 334.978 306.727 2 267.998 -250
1339 344.978 306.727 2 277.509 -250
1340 354.978 306.727 2 287.054 -250
1341 364.978 306.727 2 296.628 -129.805
1342 374.978 306.727 2 306.23 -250
1343 384.978 306.727 2 315.857 -250
1344 394.978 306.727 2 325.506 -250
1345 404.978 306.727 2 335.175 -250
1346 414.978 306.727 2 344.864 -250
1347 424.978 306.727 2 354.569 -250
1348 434.978 306.727 2 364.291 -250
1349 444.978 306.727 2 374.027 -250
1350 454.978 306.727 2 383.777 -250
1351 464.978 306.727 2 393.539 -250
1352 474.978 306.727 2 403.313 -123.554
1353 484.978 306.727 2 413.098 -123.458
1354 84.9784 316.727 2 75.5511 -77.7075
1355 94.9784 316.727 2 76.7884 -79.2103
1356 104.978 316.727 2 79.2776 -75.2241
1357 114.978 316.727 2 82.9061 -78.1424
1358 124.978 316.727 2 87.5323 -81.7956
1359 134.978 316.727 2 93.0074 -250
1360 144.978 316.727 2 99.1911 -250
1361 154.978 316.727 2 105.959 -250
1362 164.978 316.727 2 113.207 -250
1363 174.978 316.727 2 120.848 -105.001
1364 184.978 316.727 2 128.813 -102.148
1365 194.978 316.727 2 137.045 -102.853
1366 204.978 316.727 2 145.498 -116.238
1367 214.978 316.727 2 154.137 -102.054
1368 224.978 316.727 2 162.932 -101.156
1369 234.978 316.727 2 171.858 -107.558
1370 244.978 316.727 2 180.897 -250
1371 254.978 316.727 2 190.032 -250
1372 264.978 316.727 2 199.25 -250
1373 274.978 316.727 2 208.54 -104.972
1374 284.978 316.727 2 217.894 -93.3595
1375 294.978 316.727 2 227.302 -250
1376 304.978 316.727 2 236.758 -250
1377 314.978 316.727 2 246.258 -250
1378 324.978 316.727 2 255.796 -106.948
1379 334.978 316.727 2 265.368 -250
1380 344.978 316.727 2 274.97 -250
1381 354.978 316.727 2 284.6 -250
1382 364.978 316.727 2 294.254 -117.956
1383 374.978 316.727 2 303.931 -250
1384 384.978 316.727 2 313.628 -250
1385 394.978 316.727 2 323.343 -250
1386 404.978 316.727 2 333.076 -250
1387 414.978 316.727 2 342.823 -250
1388 424.978 316.727 2 352.585 -250
1389 434.978 316.727 2 362.36 -250
1390 444.978 316.727 2 372.147 -250
1391 454.978 316.727 2 381.945 -250
1392 464.978 316.727 2 391.753 -250
1393 474.978 316.727 2 401.57 -111.475
1394 484.978 316.727 2 411.397 -110.593
1395 84.9784 326.727 2 67.1192 -75.5595
1396 94.9784 326.727 2 68.5089 -79.0192
1397 104.978 326.727 2 71.2878 -78.5263
1398 114.978 326.727 2 75.3023 -76.634
1399 124.978 326.727 2 80.3674 -103.195
1400 134.978 326.727 2 86.2983 -106.65
1401 144.978 326.727 2 92.9295 -105.757
1402 154.978 326.727 2 100.122 -101.928
1403 164.978 326.727 2 107.763 -98.6039
1404 174.978 326.727 2 115.764 -98.5205
1405 184.978 326.727 2 124.056 -97.7065
1406 194.978 326.727 2 132.583 -102.654
1407 204.978 326.727 2 141.304 -108.341
1408 214.978 326.727 2 150.184 -109.109
1409 224.978 326.727 2 159.197 -98.3819
1410 234.978 326.727 2 168.322 -107.084
1411 244.978 326.727 2 177.541 -100.907
1412 254.978 326.727 2 186.84 -95.0039
1413 264.978 326.727 2 196.208 -95.624
1414 274.978 326.727 2 205.636 -89.7927
1415 284.978 326.727 2 215.115 -88.1589
1416 294.978 326.727 2 224.64 -95.561
1417 304.978 326.727 2 234.204 -117.712
1418 314.978 326.727 2 243.803 -89.2594
1419 324.978 326.727 2 253.434 -90.6683
1420 334.978 326.727 2 263.091 -85.5778
1421 344.978 326.727 2 272.774 -90.6203
1422 354.978 326.727 2 282.478 -99.1815
1423 364.978 326.727 2 292.203 -82.8953
1424 374.978 326.727 2 301.945 -88.4083
1425 384.978 326.727 2 311.704 -94.0288
1426 394.978 326.727 2 321.478 -93.308
1427 404.978 326.727 2 331.265 -85.2449
1428 414.978 326.727 2 341.064 -93.9897
1429 424.978 326.727 2 350.875 -82.0781
1430 434.978 326.727 2 360.696 -87.6999
1431 444.978 326.727 2 370.527 -87.921
1432 454.978 326.727 2 380.367 -86.2546
1433 464.978 326.727 2 390.214 -86.8524
1434 474.978 326.727 2 400.07 -88.6036
1435 484.978 326.727 2 409.932 -90.7735
1436 84.9784 336.727 2 59.1778 -69.9225
1437 94.9784 336.727 2 60.7494 -76.8207
1438 104.978 336.727 2 63.8669 -76.7628
1439 114.978 336.727 2 68.3188 -101.924
1440 124.978 336.727 2 73.8643 -115.919
1441 134.978 336.727 2 80.2772 -121.277
1442 144.978 336.727 2 87.3665 -99.8298
1443 154.978 336.727 2 94.981 -93.2329
1444 164.978 336.727 2 103.004 -100.319
1445 174.978 336.727 2 111.348 -95.3247
1446 184.978 336.727 2 119.945 -91.1897
1447 194.978 336.727 2 128.745 -93.4112
1448 204.978 336.727 2 137.709 -96.5445
1449 214.978 336.727 2 146.807 -101.45
1450 224.978 336.727 2 156.015 -105.196
1451 234.978 336.727 2 165.316 -107.08
1452 244.978 336.727 2 174.693 -104.36
1453 254.978 336.727 2 184.136 -113.048
1454 264.978 336.727 2 193.635 -101.893
1455 274.978 336.727 2 203.183 -102.024
1456 284.978 336.727 2 212.771 -90.7123
1457 294.978 336.727 2 222.396 -85.2192
1458 304.978 336.727 2 232.053 -85.5016
1459 314.978 336.727 2 241.738 -105.973
1460 324.978 336.727 2 251.447 -99.1824
1461 334.978 336.727 2 261.178 -99.3372
1462 344.978 336.727 2 270.929 -90.8312
1463 354.978 336.727 2 280.697 -89.3183
1464 364.978 336.727 2 290.482 -81.0232
1465 374.978 336.727 2 300.28 -88.7111
1466 384.978 336.727 2 310.091 -98.5266
1467 394.978 336.727 2 319.914 -106.168
1468 404.978 336.727 2 329.748 -86.378
1469 414.978 336.727 2 339.591 -88.8884
1470 424.978 336.727 2 349.443 -89.0907
1471 434.978 336.727 2 359.303 -87.8532
1472 444.978 336.727 2 369.171 -90.9775
1473 454.978 336.727 2 379.046 -90.9737
1474 464.978 336.727 2 388.927 -92.228
1475 474.978 336.727 2 398.814 -91.633
1476 484.978 336.727 2 408.707 -89.3613
1477 84.9784 346.727 2 51.9522 -69.93
1478 94.9784 346.727 2 53.7356 -73.0494
1479 104.978 346.727 2 57.2363 -72.2909
1480 114.978 346.727 2 62.1649 -250
1481 124.978 346.727 2 68.2126 -250
1482 134.978 346.727 2 75.1095 -250
1483 144.978 346.727 2 82.6434 -250
1484 154.978 346.727 2 90.6554 -250
1485 164.978 346.727 2 99.0297 -250
1486 174.978 346.727 2 107.682 -250
1487 184.978 346.727 2 116.55 -103.77
1488 194.978 346.727 2 125.588 -89.4483
1489 204.978 346.727 2 134.762 -91.5011
1490 214.978 346.727 2 144.046 -97.7217
1491 224.978 346.727 2 153.42 -114.955
1492 234.978 346.727 2 162.869 -112.361
1493 244.978 346.727 2 172.38 -250
1494 254.978 346.727 2 181.943 -250
1495 264.978 346.727 2 191.551 -250
1496 274.978 346.727 2 201.197 -117.101
1497 284.978 346.727 2 210.876 -98.1868
1498 294.978 346.727 2 220.584 -98.4387
1499 304.978 346.727 2 230.316 -102.094
1500 314.978 346.727 2 240.071 -91.0523
1501 324.978 346.727 2 249.845 -91.3595
1502 334.978 346.727 2 259.636 -90.1351
1503 344.978 346.727 2 269.443 -98.2162
1504 354.978 346.727 2 279.263 -89.843
1505 364.978 346.727 2 289.096 -82.8989
1506 374.978 346.727 2 298.94 -85.398
1507 384.978 346.727 2 308.794 -250
1508 394.978 346.727 2 318.657 -250
1509 404.978 346.727 2 328.528 -250
1510 414.978 346.727 2 338.406 -250
1511 424.978 346.727 2 348.292 -250
1512 434.978 346.727 2 358.184 -250
1513 444.978 346.727 2 368.082 -120.186
1514 454.978 346.727 2 377.985 -250
1515 464.978 346.727 2 387.893 -250
1516 474.978 346.727 2 397.806 -133.344
1517 484.978 346.727 2 407.723 -110.21
1518 84.9784 356.727 2 45.7826 -72.6982
1519 94.9784 356.727 2 47.7968 -72.8189
1520 104.978 356.727 2 51.7012 -250
1521 114.978 356.727 2 57.1095 -250
1522 124.978 356.727 2 63.6394 -250
1523 134.978 356.727 2 70.9821 -250
1524 144.978 356.727 2 78.911 -250
1525 154.978 356.727 2 87.2664 -250
1526 164.978 356.727 2 95.937 -250
1527 174.978 356.727 2 104.845 -250
1528 184.978 356.727 2 113.934 -101.448
1529 194.978 356.727 2 123.164 -100.33
1530 204.978 356.727 2 132.506 -96.2761
1531 214.978 356.727 2 141.938 -98.8146
1532 224.978 356.727 2 151.442 -96.7706
1533 234.978 356.727 2 161.007 -114.088
1534 244.978 356.727 2 170.622 -250
1535 254.978 356.727 2 180.278 -250
1536 264.978 356.727 2 189.97 -250
1537 274.978 356.727 2 199.693 -106.911
1538 284.978 356.727 2 209.441 -96.2742
1539 294.978 356.727 2 219.213 -102.299
1540 304.978 356.727 2 229.004 -97.2674
1541 314.978 356.727 2 238.812 -92.4943
1542 324.978 356.727 2 248.636 -97.3306
1543 334.978 356.727 2 258.473 -89.8362
1544 344.978 356.727 2 268.322 -84.9012
1545 354.978 356.727 2 278.182 -83.1032
1546 364.978 356.727 2 288.051 -87.211
1547 374.978 356.727 2 297.93 -85.4118
1548 384.978 356.727 2 307.816 -89.0309
1549 394.978 356.727 2 317.709 -250
1550 404.978 356.727 2 327.609 -250
1551 414.978 356.727 2 337.514 -250
1552 424.978 356.727 2 347.425 -250
1553 434.978 356.727 2 357.341 -250
1554 444.978 356.727 2 367.262 -133.779
1555 454.978 356.727 2 377.187 -250
1556 464.978 356.727 2 387.115 -250
1557 474.978 356.727 2 397.048 -120.744
1558 484.978 356.727 2 406.983 -132.478
1559 84.9784 366.727 2 41.1469 -70.7299
1560 94.9784 366.727 2 43.3768 -79.8997
1561 104.978 366.727 2 47.6448 -250
1562 114.978 366.727 2 53.4651 -250
1563 124.978 366.727 2 60.3904 -250
1564 134.978 366.727 2 68.0843 -250
1565 144.978 366.727 2 76.3149 -250
1566 154.978 366.727 2 84.9261 -250
1567 164.978 366.727 2 93.8132 -250
1568 174.978 366.727 2 102.905 -250
1569 184.978 366.727 2 112.151 -122.485
1570 194.978 366.727 2 121.517 -250
1571 204.978 366.727 2 130.977 -250
1572 214.978 366.727 2 140.511 -250
1573 224.978 366.727 2 150.106 -250
1574 234.978 366.727 2 159.751 -250
1575 244.978 366.727 2 169.437 -250
1576 254.978 366.727 2 179.157 -250
1577 264.978 366.727 2 188.907 -250
1578 274.978 366.727 2 198.681 -108.457
1579 284.978 366.727 2 208.477 -99.6833
1580 294.978 366.727 2 218.292 -98.8953
1581 304.978 366.727 2 228.122 -95.0684
1582 314.978 366.727 2 237.967 -99.9247
1583 324.978 366.727 2 247.824 -93.8754
1584 334.978 366.727 2 257.692 -92.4631
1585 344.978 366.727 2 267.57 -86.419
1586 354.978 366.727 2 277.456 -84.4787
1587 364.978 366.727 2 287.351 -88.0124
1588 374.978 366.727 2 297.253 -95.988
1589 384.978 366.727 2 307.16 -88.8077
1590 394.978 366.727 2 317.074 -250
1591 404.978 366.727 2 326.993 -250
1592 414.978 366.727 2 336.917 -250
1593 424.978 366.727 2 346.845 -250
1594 434.978 366.727 2 356.777 -250
1595 444.978 366.727 2 366.713 -116.952
1596 454.978 366.727 2 376.652 -250
1597 464.978 366.727 2 386.595 -250
1598 474.978 366.727 2 396.54 -118.877
1599 484.978 366.727 2 406.488 -125.26
1600 84.9784 376.727 2 38.6016 -76.6669
1601 94.9784 376.727 2 40.9703 -68.4452
1602 104.978 376.727 2 45.4648 -250
1603 114.978 376.727 2 51.5319 -250
1604 124.978 376.727 2 58.6857 -250
1605 134.978 376.727 2 66.577 -250
1606 144.978 376.727 2 74.9732 -250
1607 154.978 376.727 2 83.7225 -250
1608 164.978 376.727 2 92.7251 -250
1609 174.978 376.727 2 101.914 -250
1610 184.978 376.727 2 111.243 -119.421
1611 194.978 376.727 2 120.679 -250
1612 204.978 376.727 2 130.199 -250
1613 214.978 376.727 2 139.787 -250
1614 224.978 376.727 2 149.428 -250
1615 234.978 376.727 2 159.114 -250
1616 244.978 376.727 2 168.837 -250
1617 254.978 376.727 2 178.59 -250
1618 264.978 376.727 2 188.369 -250
1619 274.978 376.727 2 198.17 -104.176
1620 284.978 376.727 2 207.99 -102.616
1621 294.978 376.727 2 217.826 -103.929
1622 304.978 376.727 2 227.677 -98.1204
1623 314.978 376.727 2 237.54 -93.9101
1624 324.978 376.727 2 247.414 -101.742
1625 334.978 376.727 2 257.298 -92.9424
1626 344.978 376.727 2 267.19 -87.1166
1627 354.978 376.727 2 277.09 -82.7341
1628 364.978 376.727 2 286.998 -89.7109
1629 374.978 376.727 2 296.911 -83.5366
1630 384.978 376.727 2 306.83 -250
1631 394.978 376.727 2 316.754 -250
1632 404.978 376.727 2 326.683 -250
1633 414.978 376.727 2 336.616 -250
1634 424.978 376.727 2 346.552 -250
1635 434.978 376.727 2 356.493 -250
1636 444.978 376.727 2 366.436 -250
1637 454.978 376.727 2 376.383 -250
1638 464.978 376.727 2 386.332 -250
1639 474.978 376.727 2 396.284 -113.792
1640 484.978 376.727 2 406.238 -122.862
1641 84.9784 386.727 2 38.563 -77.7613
1642 94.9784 386.727 2 40.9339 -67.6795
1643 104.978 386.727 2 45.432 -71.0471
1644 114.978 386.727 2 51.5029 -250
1645 124.978 386.727 2 58.6603 -250
1646 134.978 386.727 2 66.5546 -250
1647 144.978 386.727 2 74.9533 -250
1648 154.978 386.727 2 83.7047 -250
1649 164.978 386.727 2 92.709 -250
1650 174.978 386.727 2 101.899 -250
1651 184.978 386.727 2 111.229 -127.692
1652 194.978 386.727 2 120.667 -250
1653 204.978 386.727 2 130.188 -250
1654 214.978 386.727 2 139.776 -250
1655 224.978 386.727 2 149.418 -250
1656 234.978 386.727 2 159.105 -250
1657 244.978 386.727 2 168.828 -250
1658 254.978 386.727 2 178.581 -250
1659 264.978 386.727 2 188.361 -250
1660 274.978 386.727 2 198.162 -104.706
1661 284.978 386.727 2 207.983 -114.949
1662 294.978 386.727 2 217.819 -104.669
1663 304.978 386.727 2 227.67 -105.001
1664 314.978 386.727 2 237.534 -87.7178
1665 324.978 386.727 2 247.408 -97.7079
1666 334.978 386.727 2 257.292 -85.5408
1667 344.978 386.727 2 267.185 -83.7937
1668 354.978 386.727 2 277.085 -82.8832
1669 364.978 386.727 2 286.992 -82.1988
1670 374.978 386.727 2 296.906 -89.8193
1671 384.978 386.727 2 306.825 -250
1672 394.978 386.727 2 316.749 -250
1673 404.978 386.727 2 326.678 -250
1674 414.978 386.727 2 336.611 -250
1675 424.978 386.727 2 346.548 -201.604
1676 434.978 386.727 2 356.488 -250
1677 444.978 386.727 2 366.432 -250
1678 454.978 386.727 2 376.379 -250
1679 464.978 386.727 2 386.328 -250
1680 474.978 386.727 2 396.28 -125.499
1681 484.978 386.727 2 406.234 -132.093
1682 84.9784 396.727 2 41.0381 -67.7087
1683 94.9784 396.727 2 43.2736 -73.5713
1684 104.978 396.727 2 47.5509 -70.0519
1685 114.978 396.727 2 53.3814 -75.9364
1686 124.978 396.727 2 60.3163 -95.7253
1687 134.978 396.727 2 68.0186 -81.5996
1688 144.978 396.727 2 76.2563 -81.3689
1689 154.978 396.727 2 84.8734 -83.4196
1690 164.978 396.727 2 93.7656 -86.6751
1691 174.978 396.727 2 102.861 -90.9767
1692 184.978 396.727 2 112.111 -84.7782
1693 194.978 396.727 2 121.48 -91.03
1694 204.978 396.727 2 130.942 -90.0464
1695 214.978 396.727 2 140.479 -98.3272
1696 224.978 396.727 2 150.076 -86.1612
1697 234.978 396.727 2 159.723 -87.3454
1698 244.978 396.727 2 169.41 -250
1699 254.978 396.727 2 179.132 -250
1700 264.978 396.727 2 188.883 -250
1701 274.978 396.727 2 198.659 -89.7087
1702 284.978 396.727 2 208.456 -90.787
1703 294.978 396.727 2 218.271 -86.3141
1704 304.978 396.727 2 228.102 -90.0499
1705 314.978 396.727 2 237.948 -86.9225
1706 324.978 396.727 2 247.806 -91.0719
1707 334.978 396.727 2 257.675 -91.3036
1708 344.978 396.727 2 267.553 -91.0196
1709 354.978 396.727 2 277.44 -89.5378
1710 364.978 396.727 2 287.335 -105.222
1711 374.978 396.727 2 297.237 -86.7607
1712 384.978 396.727 2 307.146 -250
1713 394.978 396.727 2 317.06 -250
1714 404.978 396.727 2 326.979 -250
1715 414.978 396.727 2 336.904 -250
1716 424.978 396.727 2 346.832 -250
1717 434.978 396.727 2 356.765 -250
1718 444.978 396.727 2 366.701 -250
1719 454.978 396.727 2 376.64 -250
1720 464.978 396.727 2 386.583 -250
1721 474.978 396.727 2 396.529 -109.63
1722 484.978 396.727 2 406.477 -113.459
1723 84.9784 406.727 2 45.6195 -70.3566
1724 94.9784 406.727 2 47.6406 -70.235
1725 104.978 406.727 2 51.5568 -71.9111
1726 114.978 406.727 2 56.9788 -71.5513
1727 124.978 406.727 2 63.5222 -72.5738
1728 134.978 406.727 2 70.877 -76.6285
1729 144.978 406.727 2 78.8165 -83.6707
1730 154.978 406.727 2 87.1809 -85.2901
1731 164.978 406.727 2 95.8593 -86.2139
1732 174.978 406.727 2 104.773 -89.5674
1733 184.978 406.727 2 113.868 -85.8909
1734 194.978 406.727 2 123.103 -81.3053
1735 204.978 406.727 2 132.45 -91.9881
1736 214.978 406.727 2 141.885 -86.2333
1737 224.978 406.727 2 151.393 -85.3393
1738 234.978 406.727 2 160.961 -91.4251
1739 244.978 406.727 2 170.578 -86.7946
1740 254.978 406.727 2 180.237 -87.0429
1741 264.978 406.727 2 189.931 -82.7918
1742 274.978 406.727 2 199.655 -83.1562
1743 284.978 406.727 2 209.406 -82.8324
1744 294.978 406.727 2 219.179 -95.3934
1745 304.978 406.727 2 228.971 -79.5483
1746 314.978 406.727 2 238.781 -85.6212
1747 324.978 406.727 2 248.606 -86.4317
1748 334.978 406.727 2 258.444 -95.2442
1749 344.978 406.727 2 268.294 -85.4207
1750 354.978 406.727 2 278.155 -87.8638
1751 364.978 406.727 2 288.025 -85.941
1752 374.978 406.727 2 297.905 -86.7249
1753 384.978 406.727 2 307.792 -91.6205
1754 394.978 406.727 2 317.686 -98.3155
1755 404.978 406.727 2 327.586 -86.577
1756 414.978 406.727 2 337.492 -86.2667
1757 424.978 406.727 2 347.404 -94.4839
1758 434.978 406.727 2 357.321 -85.3578
1759 444.978 406.727 2 367.242 -81.8792
1760 454.978 406.727 2 377.167 -84.917
1761 464.978 406.727 2 387.096 -92.2723
1762 474.978 406.727 2 397.029 -114.035
1763 484.978 406.727 2 406.965 -90.2576
1764 84.9784 416.727 2 51.7509 -71.2012
1765 94.9784 416.727 2 53.541 -74.6101
1766 104.978 416.727 2 57.0537 -71.6341
1767 114.978 416.727 2 61.9968 -250
1768 124.978 416.727 2 68.0595 -250
1769 134.978 416.727 2 74.9705 -250
1770 144.978 416.727 2 82.517 -250
1771 154.978 416.727 2 90.5402 -75.3712
1772 164.978 416.727 2 98.9243 -80.3468
1773 174.978 416.727 2 107.585 -75.6815
1774 184.978 416.727 2 116.46 -88.4448
1775 194.978 416.727 2 125.505 -76.1618
1776 204.978 416.727 2 134.685 -86.0569
1777 214.978 416.727 2 143.974 -82.8248
1778 224.978 416.727 2 153.352 -80.0551
1779 234.978 416.727 2 162.805 -83.6094
1780 244.978 416.727 2 172.319 -86.6117
1781 254.978 416.727 2 181.886 -82.3923
1782 264.978 416.727 2 191.496 -82.0495
1783 274.978 416.727 2 201.145 -90.3918
1784 284.978 416.727 2 210.826 -82.4783
1785 294.978 416.727 2 220.536 -85.3041
1786 304.978 416.727 2 230.271 -89.8292
1787 314.978 416.727 2 240.028 -83.2654
1788 324.978 416.727 2 249.803 -82.53
1789 334.978 416.727 2 259.596 -94.3275
1790 344.978 416.727 2 269.404 -93.4147
1791 354.978 416.727 2 279.226 -82.0581
1792 364.978 416.727 2 289.06 -81.5245
1793 374.978 416.727 2 298.905 -87.1506
1794 384.978 416.727 2 308.76 -100.148
1795 394.978 416.727 2 318.624 -93.4751
1796 404.978 416.727 2 328.496 -88.4036
1797 414.978 416.727 2 338.376 -84.8507
1798 424.978 416.727 2 348.262 -85.252
1799 434.978 416.727 2 358.155 -88.1672
1800 444.978 416.727 2 368.054 -92.1676
1801 454.978 416.727 2 377.958 -101.688
1802 464.978 416.727 2 387.867 -93.0235
1803 474.978 416.727 2 397.78 -89.8283
1804 484.978 416.727 2 407.698 -89.0736
1805 84.9784 426.727 2 58.9506 -74.8757
1806 94.9784 426.727 2 60.5282 -75.1611
1807 104.978 426.727 2 63.6564 -71.8387
1808 114.978 426.727 2 68.1221 -250
1809 124.978 426.727 2 73.6825 -250
1810 134.978 426.727 2 80.1099 -250
1811 144.978 426.727 2 87.2128 -250
1812 154.978 426.727 2 94.8396 -95.201
1813 164.978 426.727 2 102.874 -250
1814 174.978 426.727 2 111.227 -250
1815 184.978 426.727 2 119.833 -250
1816 194.978 426.727 2 128.641 -250
1817 204.978 426.727 2 137.612 -250
1818 214.978 426.727 2 146.716 -250
1819 224.978 426.727 2 155.929 -100.838
1820 234.978 426.727 2 165.234 -250
1821 244.978 426.727 2 174.616 -250
1822 254.978 426.727 2 184.064 -250
1823 264.978 426.727 2 193.566 -250
1824 274.978 426.727 2 203.117 -94.6109
1825 284.978 426.727 2 212.708 -100.486
1826 294.978 426.727 2 222.336 -96.8502
1827 304.978 426.727 2 231.995 -250
1828 314.978 426.727 2 241.682 -250
1829 324.978 426.727 2 251.394 -250
1830 334.978 426.727 2 261.127 -250
1831 344.978 426.727 2 270.88 -250
1832 354.978 426.727 2 280.65 -250
1833 364.978 426.727 2 290.435 -250
1834 374.978 426.727 2 300.235 -250
1835 384.978 426.727 2 310.048 -250
1836 394.978 426.727 2 319.872 -250
1837 404.978 426.727 2 329.707 -250
1838 414.978 426.727 2 339.551 -250
1839 424.978 426.727 2 349.405 -250
1840 434.978 426.727 2 359.266 -250
1841 444.978 426.727 2 369.135 -250
1842 454.978 426.727 2 379.011 -250
1843 464.978 426.727 2 388.893 -116.877
1844 474.978 426.727 2 398.781 -109.819
1845 484.978 426.727 2 408.674 -250
1846 84.9784 436.727 2 66.8745 -74.9057
1847 94.9784 436.727 2 68.2692 -82.33
1848 104.978 436.727 2 71.0575 -73.7303
1849 114.978 436.727 2 75.0842 -250
1850 124.978 436.727 2 80.1631 -250
1851 134.978 436.727 2 86.1081 -250
1852 144.978 436.727 2 92.7528 -250
1853 154.978 436.727 2 99.9579 -116.675
1854 164.978 436.727 2 107.611 -250
1855 174.978 436.727 2 115.622 -250
1856 184.978 436.727 2 123.923 -250
1857 194.978 436.727 2 132.459 -250
1858 204.978 436.727 2 141.188 -250
1859 214.978 436.727 2 150.075 -250
1860 224.978 436.727 2 159.094 -113.437
1861 234.978 436.727 2 168.224 -250
1862 244.978 436.727 2 177.448 -250
1863 254.978 436.727 2 186.752 -250
1864 264.978 436.727 2 196.125 -250
1865 274.978 436.727 2 205.556 -114.652
1866 284.978 436.727 2 215.039 -123.981
1867 294.978 436.727 2 224.567 -106.209
1868 304.978 436.727 2 234.134 -250
1869 314.978 436.727 2 243.736 -250
1870 324.978 436.727 2 253.369 -250
1871 334.978 436.727 2 263.029 -250
1872 344.978 436.727 2 272.714 -250
1873 354.978 436.727 2 282.42 -250
1874 364.978 436.727 2 292.147 -250
1875 374.978 436.727 2 301.891 -250
1876 384.978 436.727 2 311.652 -250
1877 394.978 436.727 2 321.427 -250
1878 404.978 436.727 2 331.215 -250
1879 414.978 436.727 2 341.016 -250
1880 424.978 436.727 2 350.828 -250
1881 434.978 436.727 2 360.651 -250
1882 444.978 436.727 2 370.483 -250
1883 454.978 436.727 2 380.324 -250
1884 464.978 436.727 2 390.172 -132.355
1885 474.978 436.727 2 400.029 -128.294
1886 484.978 436.727 2 409.892 -250
1887 84.9784 446.727 2 75.2942 -78.2679
1888 94.9784 446.727 2 76.5356 -78.2745
1889 104.978 446.727 2 79.0328 -72.7385
1890 114.978 446.727 2 82.672 -250
1891 124.978 446.727 2 87.3106 -250
1892 134.978 446.727 2 92.7989 -250
1893 144.978 446.727 2 98.9955 -250
1894 154.978 446.727 2 105.776 -101.793
1895 164.978 446.727 2 113.036 -250
1896 174.978 446.727 2 120.688 -250
1897 184.978 446.727 2 128.662 -250
1898 194.978 446.727 2 136.903 -250
1899 204.978 446.727 2 145.365 -250
1900 214.978 446.727 2 154.011 -250
1901 224.978 446.727 2 162.813 -120.081
1902 234.978 446.727 2 171.745 -250
1903 244.978 446.727 2 180.79 -250
1904 254.978 446.727 2 189.93 -250
1905 264.978 446.727 2 199.153 -250
1906 274.978 446.727 2 208.448 -114.863
1907 284.978 446.727 2 217.805 -128.69
1908 294.978 446.727 2 227.217 -115.157
1909 304.978 446.727 2 236.677 -250
1910 314.978 446.727 2 246.179 -250
1911 324.978 446.727 2 255.72 -250
1912 334.978 446.727 2 265.295 -250
1913 344.978 446.727 2 274.9 -250
1914 354.978 446.727 2 284.532 -250
1915 364.978 446.727 2 294.188 -250
1916 374.978 446.727 2 303.867 -250
1917 384.978 446.727 2 313.566 -250
1918 394.978 446.727 2 323.283 -250
1919 404.978 446.727 2 333.017 -250
1920 414.978 446.727 2 342.767 -250
1921 424.978 446.727 2 352.53 -250
1922 434.978 446.727 2 362.307 -250
1923 444.978 446.727 2 372.095 -250
1924 454.978 446.727 2 381.894 -250
1925 464.978 446.727 2 391.703 -130.293
1926 474.978 446.727 2 401.522 -128.679
1927 484.978 446.727 2 411.35 -250
1928 84.9784 456.727 2 84.0609 -79.9305
1929 94.9784 456.727 2 85.1746 -78.741
1930 104.978 456.727 2 87.4254 -92.7786
1931 114.978 456.727 2 90.7286 -250
1932 124.978 456.727 2 94.9745 -250
1933 134.978 456.727 2 100.043 -250
1934 144.978 456.727 2 105.816 -250
1935 154.978 456.727 2 112.186 -113.636
1936 164.978 456.727 2 119.055 -250
1937 174.978 456.727 2 126.343 -250
1938 184.978 456.727 2 133.982 -250
1939 194.978 456.727 2 141.914 -250
1940 204.978 456.727 2 150.093 -250
1941 214.978 456.727 2 158.482 -250
1942 224.978 456.727 2 167.048 -130.953
1943 234.978 456.727 2 175.765 -250
1944 244.978 456.727 2 184.613 -250
1945 254.978 456.727 2 193.573 -250
1946 264.978 456.727 2 202.63 -250
1947 274.978 456.727 2 211.772 -129.93
1948 284.978 456.727 2 220.988 -134.732
1949 294.978 456.727 2 230.27 -121.64
1950 304.978 456.727 2 239.61 -250
1951 314.978 456.727 2 249.001 -250
1952 324.978 456.727 2 258.437 -250
1953 334.978 456.727 2 267.915 -250
1954 344.978 456.727 2 277.429 -250
1955 354.978 456.727 2 286.976 -250
1956 364.978 456.727 2 296.553 -250
1957 374.978 456.727 2 306.157 -250
1958 384.978 456.727 2 315.786 -250
1959 394.978 456.727 2 325.437 -250
1960 404.978 456.727 2 335.108 -250
1961 414.978 456.727 2 344.799 -250
1962 424.978 456.727 2 354.506 -250
1963 434.978 456.727 2 364.229 -250
1964 444.978 456.727 2 373.967 -250
1965 454.978 456.727 2 383.719 -250
1966 464.978 456.727 2 393.483 -137.741
1967 474.978 456.727 2 403.258 -131.029
1968 484.978 456.727 2 413.044 -250
1969 84.9784 466.727 2 93.0766 -80.3732
1970 94.9784 466.727 2 94.0837 -86.8071
1971 104.978 466.727 2 96.126 -74.9449
1972 114.978 466.727 2 99.1398 -250
1973 124.978 466.727 2 103.04 -250
1974 134.978 466.727 2 107.73 -250
1975 144.978 466.727 2 113.111 -250
1976 154.978 466.727 2 119.091 -109.684
1977 164.978 466.727 2 125.583 -250
1978 174.978 466.727 2 132.513 -250
1979 184.978 466.727 2 139.814 -250
1980 194.978 466.727 2 147.433 -250
1981 204.978 466.727 2 155.322 -250
1982 214.978 466.727 2 163.443 -250
1983 224.978 466.727 2 171.761 -121.235
1984 234.978 466.727 2 180.251 -250
1985 244.978 466.727 2 188.889 -250
1986 254.978 466.727 2 197.655 -250
1987 264.978 466.727 2 206.533 -250
1988 274.978 466.727 2 215.51 -130.985
1989 284.978 466.727 2 224.573 -134.407
1990 294.978 466.727 2 233.712 -127.232
1991 304.978 466.727 2 242.919 -250
1992 314.978 466.727 2 252.187 -250
1993 324.978 466.727 2 261.509 -250
1994 334.978 466.727 2 270.879 -250
1995 344.978 466.727 2 280.292 -250
1996 354.978 466.727 2 289.745 -250
1997 364.978 466.727 2 299.234 -250
1998 374.978 466.727 2 308.754 -250
1999 384.978 466.727 2 318.304 -250
2000 394.978 466.727 2 327.881 -250
2001 404.978 466.727 2 337.483 -250
2002 414.978 466.727 2 347.107 -250
2003 424.978 466.727 2 356.752 -250
2004 434.978 466.727 2 366.415 -250
2005 444.978 466.727 2 376.097 -250
2006 454.978 466.727 2 385.794 -250
2007 464.978 466.727 2 395.507 -131.033
2008 474.978 466.727 2 405.233 -133.719
2009 484.978 466.727 2 414.973 -250
2010 84.9784 476.727 2 102.275 -84.3504
2011 94.9784 476.727 2 103.193 -85.4414
2012 104.978 476.727 2 105.058 -76.2932
2013 114.978 476.727 2 107.823 -87.1424
2014 124.978 476.727 2 111.419 -95.6582
2015 134.978 476.727 2 115.77 -103.528
2016 144.978 476.727 2 120.794 -111.097
2017 154.978 476.727 2 126.411 -121.391
2018 164.978 476.727 2 132.545 -111.628
2019 174.978 476.727 2 139.128 -112.067
2020 184.978 476.727 2 146.1 -111.726
2021 194.978 476.727 2 153.407 -102.642
2022 204.978 476.727 2 161.003 -102.579
2023 214.978 476.727 2 168.851 -125.582
2024 224.978 476.727 2 176.915 -121.971
2025 234.978 476.727 2 185.169 -135.617
2026 244.978 476.727 2 193.587 -127.28
2027 254.978 476.727 2 202.15 -126.777
2028 264.978 476.727 2 210.839 -141.573
2029 274.978 476.727 2 219.639 -130.158
2030 284.978 476.727 2 228.539 -129.562
2031 294.978 476.727 2 237.526 -127.351
2032 304.978 476.727 2 246.591 -250
2033 314.978 476.727 2 255.725 -250
2034 324.978 476.727 2 264.922 -250
2035 334.978 476.727 2 274.176 -250
2036 344.978 476.727 2 283.48 -250
2037 354.978 476.727 2 292.83 -250
2038 364.978 476.727 2 302.221 -250
2039 374.978 476.727 2 311.651 -250
2040 384.978 476.727 2 321.115 -250
2041 394.978 476.727 2 330.61 -250
2042 404.978 476.727 2 340.135 -250
2043 414.978 476.727 2 349.686 -250
2044 424.978 476.727 2 359.261 -250
2045 434.978 476.727 2 368.859 -250
2046 444.978 476.727 2 378.478 -250
2047 454.978 476.727 2 388.116 -250
2048 464.978 476.727 2 397.772 -131.998
2049 474.978 476.727 2 407.445 -136.817
2050 484.978 476.727 2 417.133 -250
2051 84.9784 486.727 2 111.612 -97.8493
2052 94.9784 486.727 2 112.453 -87.4098
2053 104.978 486.727 2 114.168 -78.7761
2054 114.978 486.727 2 116.716 -80.7858
2055 124.978 486.727 2 120.047 -94.5487
2056 134.978 486.727 2 124.096 -111.373
2057 144.978 486.727 2 128.795 -129.517
2058 154.978 486.727 2 134.077 -112.403
2059 164.978 486.727 2 139.875 -109.351
2060 174.978 486.727 2 146.129 -107.979
2061 184.978 486.727 2 152.781 -108.898
2062 194.978 486.727 2 159.783 -105.961
2063 204.978 486.727 2 167.09 -103.547
2064 214.978 486.727 2 174.664 -107.403
2065 224.978 486.727 2 182.472 -112.126
2066 234.978 486.727 2 190.485 -126.688
2067 244.978 486.727 2 198.678 -133.299
2068 254.978 486.727 2 207.03 -122.34
2069 264.978 486.727 2 215.523 -135.463
2070 274.978 486.727 2 224.139 -125.547
2071 284.978 486.727 2 232.867 -127.023
2072 294.978 486.727 2 241.693 -127.732
2073 304.978 486.727 2 250.607 -148.258
2074 314.978 486.727 2 259.6 -129.245
2075 324.978 486.727 2 268.665 -138.786
2076 334.978 486.727 2 277.794 -136.497
2077 344.978 486.727 2 286.981 -134.114
2078 354.978 486.727 2 296.22 -137.439
2079 364.978 486.727 2 305.507 -129.195
2080 374.978 486.727 2 314.838 -133.098
2081 384.978 486.727 2 324.209 -126.672
2082 394.978 486.727 2 333.617 -128.84
2083 404.978 486.727 2 343.058 -126.656
2084 414.978 486.727 2 352.53 -131.042
2085 424.978 486.727 2 362.03 -128.374
2086 434.978 486.727 2 371.556 -128.001
2087 444.978 486.727 2 381.107 -136.661
2088 454.978 486.727 2 390.68 -134.632
2089 464.978 486.727 2 400.274 -137.682
2090 474.978 486.727 2 409.888 -139.22
2091 484.978 486.727 2 419.519 -143.003
2092 84.9784 496.727 2 121.055 -87.136
2093 94.9784 496.727 2 121.831 -85.7945
2094 104.978 496.727 2 123.415 -250
2095 114.978 496.727 2 125.777 -250
2096 124.978 496.727 2 128.873 -250
2097 134.978 496.727 2 132.653 -250
2098 144.978 496.727 2 137.059 -250
2099 154.978 496.727 2 142.034 -250
2100 164.978 496.727 2 147.52 -250
2101 174.978 496.727 2 153.462 -250
2102 184.978 496.727 2 159.81 -250
2103 194.978 496.727 2 166.516 -250
2104 204.978 496.727 2 173.54 -107.554
2105 214.978 496.727 2 180.844 -100.46
2106 224.978 496.727 2 188.396 -101.586
2107 234.978 496.727 2 196.167 -250
2108 244.978 496.727 2 204.132 -250
2109 254.978 496.727 2 212.27 -250
2110 264.978 496.727 2 220.561 -250
2111 274.978 496.727 2 228.988 -123.165
2112 284.978 496.727 2 237.537 -122.786
2113 294.978 496.727 2 246.196 -133.691
2114 304.978 496.727 2 254.953 -137.795
2115 314.978 496.727 2 263.798 -126.565
2116 324.978 496.727 2 272.723 -129.702
2117 334.978 496.727 2 281.72 -135.458
2118 344.978 496.727 2 290.783 -136.057
2119 354.978 496.727 2 299.906 -128.49
2120 364.978 496.727 2 309.082 -139.685
2121 374.978 496.727 2 318.308 -134.156
2122 384.978 496.727 2 327.58 -129.824
2123 394.978 496.727 2 336.894 -123.54
2124 404.978 496.727 2 346.245 -123.193
2125 414.978 496.727 2 355.632 -131.635
2126 424.978 496.727 2 365.052 -135.124
2127 434.978 496.727 2 374.501 -125.567
2128 444.978 496.727 2 383.979 -130.346
2129 454.978 496.727 2 393.482 -140.298
2130 464.978 496.727 2 403.009 -139.983
2131 474.978 496.727 2 412.559 -130.682
2132 484.978 496.727 2 422.13 -131.104
2133 84.9784 506.727 2 130.581 -80.4099
2134 94.9784 506.727 2 131.3 -78.3529
2135 104.978 506.727 2 132.772 -250
2136 114.978 506.727 2 134.97 -250
2137 124.978 506.727 2 137.86 -250
2138 134.978 506.727 2 141.399 -250
2139 144.978 506.727 2 145.541 -250
2140 154.978 506.727 2 150.235 -250
2141 164.978 506.727 2 155.432 -250
2142 174.978 506.727 2 161.083 -250
2143 184.978 506.727 2 167.141 -250
2144 194.978 506.727 2 173.564 -250
2145 204.978 506.727 2 180.314 -134.823
2146 214.978 506.727 2 187.354 -108.217
2147 224.978 506.727 2 194.654 -96.246
2148 234.978 506.727 2 202.184 -250
2149 244.978 506.727 2 209.922 -250
2150 254.978 506.727 2 217.843 -250
2151 264.978 506.727 2 225.929 -250
2152 274.978 506.727 2 234.163 -142.225
2153 284.978 506.727 2 242.53 -125.714
2154 294.978 506.727 2 251.017 -250
2155 304.978 506.727 2 259.611 -250
2156 314.978 506.727 2 268.303 -250
2157 324.978 506.727 2 277.083 -250
2158 334.978 506.727 2 285.943 -250
2159 344.978 506.727 2 294.876 -250
2160 354.978 506.727 2 303.876 -250
2161 364.978 506.727 2 312.936 -250
2162 374.978 506.727 2 322.052 -250
2163 384.978 506.727 2 331.219 -250
2164 394.978 506.727 2 340.432 -250
2165 404.978 506.727 2 349.69 -250
2166 414.978 506.727 2 358.986 -250
2167 424.978 506.727 2 368.32 -154.386
2168 434.978 506.727 2 377.688 -154.795
2169 444.978 506.727 2 387.087 -130.297
2170 454.978 506.727 2 396.516 -125.479
2171 464.978 506.727 2 405.972 -126.612
2172 474.978 506.727 2 415.454 -128.788
2173 484.978 506.727 2 424.96 -250
2174 84.9784 516.727 2 140.173 -80.1732
2175 94.9784 516.727 2 140.843 -81.4635
2176 104.978 516.727 2 142.216 -250
2177 114.978 516.727 2 144.27 -250
2178 124.978 516.727 2 146.977 -250
2179 134.978 516.727 2 150.302 -250
2180 144.978 516.727 2 154.205 -250
2181 154.978 516.727 2 158.643 -250
2182 164.978 516.727 2 163.573 -250
2183 174.978 516.727 2 168.952 -250
2184 184.978 516.727 2 174.737 -250
2185 194.978 516.727 2 180.891 -250
2186 204.978 516.727 2 187.377 -140.387
2187 214.978 516.727 2 194.161 -120.425
2188 224.978 516.727 2 201.214 -99.2964
2189 234.978 516.727 2 208.508 -250
2190 244.978 516.727 2 216.019 -250
2191 254.978 516.727 2 223.724 -250
2192 264.978 516.727 2 231.605 -250
2193 274.978 516.727 2 239.645 -138.949
2194 284.978 516.727 2 247.827 -135.938
2195 294.978 516.727 2 256.138 -250
2196 304.978 516.727 2 264.566 -250
2197 314.978 516.727 2 273.1 -250
2198 324.978 516.727 2 281.73 -250
2199 334.978 516.727 2 290.449 -250
2200 344.978 516.727 2 299.247 -250
2201 354.978 516.727 2 308.119 -250
2202 364.978 516.727 2 317.058 -250
2203 374.978 516.727 2 326.059 -250
2204 384.978 516.727 2 335.116 -250
2205 394.978 516.727 2 344.226 -250
2206 404.978 516.727 2 353.383 -250
2207 414.978 516.727 2 362.586 -250
2208 424.978 516.727 2 371.829 -147.751
2209 434.978 516.727 2 381.111 -145.99
2210 444.978 516.727 2 390.428 -142.829
2211 454.978 516.727 2 399.778 -141.777
2212 464.978 516.727 2 409.158 -139.183
2213 474.978 516.727 2 418.568 -127.416
2214 484.978 516.727 2 428.004 -250
2215 84.9784 526.727 2 149.818 -91.1895
2216 94.9784 526.727 2 150.445 -82.4458
2217 104.978 526.727 2 151.731 -250
2218 114.978 526.727 2 153.658 -250
2219 124.978 526.727 2 156.203 -250
2220 134.978 526.727 2 159.335 -250
2221 144.978 526.727 2 163.022 -250
2222 154.978 526.727 2 167.227 -250
2223 164.978 526.727 2 171.911 -250
2224 174.978 526.727 2 177.036 -250
2225 184.978 526.727 2 182.566 -250
2226 194.978 526.727 2 188.464 -250
2227 204.978 526.727 2 194.698 -125.755
2228 214.978 526.727 2 201.235 -112.891
2229 224.978 526.727 2 208.048 -102.407
2230 234.978 526.727 2 215.111 -250
2231 244.978 526.727 2 222.398 -250
2232 254.978 526.727 2 229.89 -250
2233 264.978 526.727 2 237.567 -250
2234 274.978 526.727 2 245.411 -136.514
2235 284.978 526.727 2 253.407 -134.967
2236 294.978 526.727 2 261.541 -250
2237 304.978 526.727 2 269.8 -250
2238 314.978 526.727 2 278.173 -250
2239 324.978 526.727 2 286.651 -250
2240 334.978 526.727 2 295.224 -250
2241 344.978 526.727 2 303.885 -250
2242 354.978 526.727 2 312.625 -250
2243 364.978 526.727 2 321.439 -250
2244 374.978 526.727 2 330.32 -250
2245 384.978 526.727 2 339.264 -250
2246 394.978 526.727 2 348.265 -250
2247 404.978 526.727 2 357.319 -250
2248 414.978 526.727 2 366.422 -250
2249 424.978 526.727 2 375.571 -145.853
2250 434.978 526.727 2 384.763 -141.99
2251 444.978 526.727 2 393.993 -144.929
2252 454.978 526.727 2 403.261 -146.791
2253 464.978 526.727 2 412.562 -141.686
2254 474.978 526.727 2 421.896 -134.591
2255 484.978 526.727 2 431.259 -250
2256 84.9784 536.727 2 159.507 -79.0315
2257 94.9784 536.727 2 160.096 -78.8313
2258 104.978 536.727 2 161.305 -250
2259 114.978 536.727 2 163.119 -250
2260 124.978 536.727 2 165.518 -250
2261 134.978 536.727 2 168.478 -250
2262 144.978 536.727 2 171.969 -250
2263 154.978 536.727 2 175.96 -250
2264 164.978 536.727 2 180.417 -250
2265 174.978 536.727 2 185.307 -250
2266 184.978 536.727 2 190.597 -250
2267 194.978 536.727 2 196.254 -250
2268 204.978 536.727 2 202.248 -120.818
2269 214.978 536.727 2 208.549 -114.057
2270 224.978 536.727 2 215.131 -106.687
2271 234.978 536.727 2 221.968 -250
2272 244.978 536.727 2 229.037 -250
2273 254.978 536.727 2 236.319 -250
2274 264.978 536.727 2 243.793 -250
2275 274.978 536.727 2 251.443 -129.667
2276 284.978 536.727 2 259.253 -139.336
2277 294.978 536.727 2 267.209 -250
2278 304.978 536.727 2 275.298 -250
2279 314.978 536.727 2 283.509 -250
2280 324.978 536.727 2 291.832 -250
2281 334.978 536.727 2 300.257 -250
2282 344.978 536.727 2 308.776 -250
2283 354.978 536.727 2 317.382 -250
2284 364.978 536.727 2 326.067 -250
2285 374.978 536.727 2 334.826 -250
2286 384.978 536.727 2 343.652 -250
2287 394.978 536.727 2 352.541 -250
2288 404.978 536.727 2 361.488 -250
2289 414.978 536.727 2 370.489 -250
2290 424.978 536.727 2 379.54 -147.539
2291 434.978 536.727 2 388.638 -148.066
2292 444.978 536.727 2 397.779 -148.505
2293 454.978 536.727 2 406.96 -134.038
2294 464.978 536.727 2 416.179 -162.412
2295 474.978 536.727 2 425.433 -135.185
2296 484.978 536.727 2 434.72 -250
2297 84.9784 546.727 2 169.232 -85.2003
2298 94.9784 546.727 2 169.788 -89.4004
2299 104.978 546.727 2 170.928 -250
2300 114.978 546.727 2 172.641 -250
2301 124.978 546.727 2 174.909 -250
2302 134.978 546.727 2 177.713 -250
2303 144.978 546.727 2 181.026 -250
2304 154.978 546.727 2 184.821 -250
2305 164.978 546.727 2 189.069 -250
2306 174.978 546.727 2 193.741 -250
2307 184.978 546.727 2 198.807 -250
2308 194.978 546.727 2 204.237 -250
2309 204.978 546.727 2 210.003 -110.265
2310 214.978 546.727 2 216.078 -109.09
2311 224.978 546.727 2 222.437 -104.873
2312 234.978 546.727 2 229.056 -250
2313 244.978 546.727 2 235.913 -250
2314 254.978 546.727 2 242.989 -250
2315 264.978 546.727 2 250.264 -250
2316 274.978 546.727 2 257.722 -131.298
2317 284.978 546.727 2 265.347 -127.018
2318 294.978 546.727 2 273.125 -250
2319 304.978 546.727 2 281.044 -250
2320 314.978 546.727 2 289.093 -250
2321 324.978 546.727 2 297.259 -250
2322 334.978 546.727 2 305.535 -250
2323 344.978 546.727 2 313.911 -250
2324 354.978 546.727 2 322.379 -250
2325 364.978 546.727 2 330.933 -250
2326 374.978 546.727 2 339.566 -250
2327 384.978 546.727 2 348.273 -250
2328 394.978 546.727 2 357.047 -250
2329 404.978 546.727 2 365.884 -250
2330 414.978 546.727 2 374.779 -250
2331 424.978 546.727 2 383.729 -142.036
2332 434.978 546.727 2 392.729 -155.445
2333 444.978 546.727 2 401.777 -141.464
2334 454.978 546.727 2 410.869 -140.328
2335 464.978 546.727 2 420.002 -140.836
2336 474.978 546.727 2 429.174 -151.443
2337 484.978 546.727 2 438.382 -250
2338 84.9784 556.727 2 178.987 -85.3444
2339 94.9784 556.727 2 179.513 -83.4267
2340 104.978 556.727 2 180.592 -110.012
2341 114.978 556.727 2 182.214 -139.456
2342 124.978 556.727 2 184.365 -140.367
2343 134.978 556.727 2 187.026 -137.036
2344 144.978 556.727 2 190.177 -137.355
2345 154.978 556.727 2 193.793 -143.723
2346 164.978 556.727 2 197.849 -138.743
2347 174.978 556.727 2 202.318 -145.318
2348 184.978 556.727 2 207.174 -140.055
2349 194.978 556.727 2 212.39 -139.566
2350 204.978 556.727 2 217.941 -102.284
2351 214.978 556.727 2 223.801 -104.903
2352 224.978 556.727 2 229.946 -116.971
2353 234.978 556.727 2 236.355 -149.691
2354 244.978 556.727 2 243.006 -172.663
2355 254.978 556.727 2 249.881 -174.198
2356 264.978 556.727 2 256.961 -133.893
2357 274.978 556.727 2 264.23 -143.792
2358 284.978 556.727 2 271.673 -134.465
2359 294.978 556.727 2 279.275 -147.886
2360 304.978 556.727 2 287.024 -174.964
2361 314.978 556.727 2 294.909 -176.882
2362 324.978 556.727 2 302.919 -179.342
2363 334.978 556.727 2 311.044 -182.321
2364 344.978 556.727 2 319.276 -185.613
2365 354.978 556.727 2 327.606 -188.334
2366 364.978 556.727 2 336.027 -189.17
2367 374.978 556.727 2 344.532 -188.657
2368 384.978 556.727 2 353.116 -188.083
2369 394.978 556.727 2 361.773 -250
2370 404.978 556.727 2 370.497 -250
2371 414.978 556.727 2 379.284 -250
2372 424.978 556.727 2 388.13 -150.22
2373 434.978 556.727 2 397.031 -147.468
2374 444.978 556.727 2 405.982 -144.4
2375 454.978 556.727 2 414.982 -154.081
2376 464.978 556.727 2 424.027 -144.546
2377 474.978 556.727 2 433.113 -135.323
2378 484.978 556.727 2 442.239 -146.345
2379 84.9784 566.727 2 188.768 -83.3123
2380 94.9784 566.727 2 189.267 -80.1192
2381 104.978 566.727 2 190.29 -93.7942
2382 114.978 566.727 2 191.83 -127.408
2383 124.978 566.727 2 193.875 -132.634
2384 134.978 566.727 2 196.407 -131.025
2385 144.978 566.727 2 199.41 -130.82
2386 154.978 566.727 2 202.862 -138.427
2387 164.978 566.727 2 206.74 -134.824
2388 174.978 566.727 2 211.021 -135.727
2389 184.978 566.727 2 215.681 -134.715
2390 194.978 566.727 2 220.696 -104.151
2391 204.978 566.727 2 226.043 -103.73
2392 214.978 566.727 2 231.697 -137.768
2393 224.978 566.727 2 237.639 -138.065
2394 234.978 566.727 2 243.846 -129.318
2395 244.978 566.727 2 250.298 -150.751
2396 254.978 566.727 2 256.978 -133.78
2397 264.978 566.727 2 263.868 -130.522
2398 274.978 566.727 2 270.951 -142.846
2399 284.978 566.727 2 278.214 -132.68
2400 294.978 566.727 2 285.642 -140.712
2401 304.978 566.727 2 293.224 -136.978
2402 314.978 566.727 2 300.946 -142.456
2403 324.978 566.727 2 308.799 -153.834
2404 334.978 566.727 2 316.774 -168.816
2405 344.978 566.727 2 324.86 -171.664
2406 354.978 566.727 2 333.05 -173.845
2407 364.978 566.727 2 341.337 -174.08
2408 374.978 566.727 2 349.713 -172.985
2409 384.978 566.727 2 358.173 -171.81
2410 394.978 566.727 2 366.71 -170.97
2411 404.978 566.727 2 375.32 -170.49
2412 414.978 566.727 2 383.997 -140.095
2413 424.978 566.727 2 392.736 -146.948
2414 434.978 566.727 2 401.535 -149.705
2415 444.978 566.727 2 410.389 -141.516
2416 454.978 566.727 2 419.294 -138.239
2417 464.978 566.727 2 428.247 -149.155
2418 474.978 566.727 2 437.246 -136.658
2419 484.978 566.727 2 446.288 -151.2
2420 84.9784 576.727 2 198.571 -84.2679
2421 94.9784 576.727 2 199.045 -79.8125
2422 104.978 576.727 2 200.019 -85.2547
2423 114.978 576.727 2 201.484 -119.016
2424 124.978 576.727 2 203.432 -136.345
2425 134.978 576.727 2 205.847 -132.178
2426 144.978 576.727 2 208.714 -130.765
2427 154.978 576.727 2 212.014 -131.998
2428 164.978 576.727 2 215.727 -126.865
2429 174.978 576.727 2 219.834 -128.005
2430 184.978 576.727 2 224.311 -109.168
2431 194.978 576.727 2 229.137 -105.419
2432 204.978 576.727 2 234.291 -117.239
2433 214.978 576.727 2 239.751 -125.987
2434 224.978 576.727 2 245.498 -125.488
2435 234.978 576.727 2 251.511 -125.469
2436 244.978 576.727 2 257.772 -120.483
2437 254.978 576.727 2 264.262 -130.059
2438 264.978 576.727 2 270.967 -135.041
2439 274.978 576.727 2 277.87 -129.229
2440 284.978 576.727 2 284.956 -136.095
2441 294.978 576.727 2 292.213 -160.93
2442 304.978 576.727 2 299.628 -146.035
2443 314.978 576.727 2 307.19 -147.2
2444 324.978 576.727 2 314.887 -140.558
2445 334.978 576.727 2 322.711 -164.09
2446 344.978 576.727 2 330.652 -166.871
2447 354.978 576.727 2 338.703 -168.866
2448 364.978 576.727 2 346.854 -168.886
2449 374.978 576.727 2 355.101 -167.7
2450 384.978 576.727 2 363.435 -166.494
2451 394.978 576.727 2 371.851 -165.628
2452 404.978 576.727 2 380.344 -156.945
2453 414.978 576.727 2 388.909 -145.513
2454 424.978 576.727 2 397.541 -159.059
2455 434.978 576.727 2 406.236 -147.97
2456 444.978 576.727 2 414.989 -148.06
2457 454.978 576.727 2 423.797 -138.47
2458 464.978 576.727 2 432.658 -133.673
2459 474.978 576.727 2 441.567 -136.536
2460 484.978 576.727 2 450.522 -139.269
2461 84.9784 586.727 2 208.393 -82.2057
2462 94.9784 586.727 2 208.844 -81.5754
2463 104.978 586.727 2 209.772 -86.1971
2464 114.978 586.727 2 211.17 -117.388
2465 124.978 586.727 2 213.029 -140.465
2466 134.978 586.727 2 215.337 -128.341
2467 144.978 586.727 2 218.079 -123.38
2468 154.978 586.727 2 221.239 -130.041
2469 164.978 586.727 2 224.801 -123.343
2470 174.978 586.727 2 228.744 -112.768
2471 184.978 586.727 2 233.05 -112.923
2472 194.978 586.727 2 237.699 -111.956
2473 204.978 586.727 2 242.671 -116.734
2474 214.978 586.727 2 247.947 -129.136
2475 224.978 586.727 2 253.508 -122.594
2476 234.978 586.727 2 259.335 -124.192
2477 244.978 586.727 2 265.411 -129.614
2478 254.978 586.727 2 271.72 -125.902
2479 264.978 586.727 2 278.245 -142.793
2480 274.978 586.727 2 284.971 -143.389
2481 284.978 586.727 2 291.885 -132.698
2482 294.978 586.727 2 298.974 -135.848
2483 304.978 586.727 2 306.226 -149.263
2484 314.978 586.727 2 313.628 -143.581
2485 324.978 586.727 2 321.171 -141.782
2486 334.978 586.727 2 328.846 -128.063
2487 344.978 586.727 2 336.642 -164.073
2488 354.978 586.727 2 344.553 -165.832
2489 364.978 586.727 2 352.569 -138.544
2490 374.978 586.727 2 360.685 -138.344
2491 384.978 586.727 2 368.893 -163.173
2492 394.978 586.727 2 377.188 -161.511
2493 404.978 586.727 2 385.563 -140.622
2494 414.978 586.727 2 394.014 -152.473
2495 424.978 586.727 2 402.537 -151.273
2496 434.978 586.727 2 411.126 -146.917
2497 444.978 586.727 2 419.777 -148.807
2498 454.978 586.727 2 428.487 -141.215
2499 464.978 586.727 2 437.253 -139.18
2500 474.978 586.727 2 446.07 -136.085
2501 484.978 586.727 2 454.936 -137.954
