# <Transmitter Set: Tx: 20 tx_ant_grid_60_m - Point 20> 
# <Receiver Set: Rx: 17 rx_ant_grid> 
# <X(m)> <Y(m)> <Z(m)> <Distance(m)> <PathGain(dB)>
1 84.9784 -13.2734 2 496.948 -131.869
2 94.9784 -13.2734 2 489.025 -133.273
3 104.978 -13.2734 2 481.18 -143.752
4 114.978 -13.2734 2 473.416 -121.129
5 124.978 -13.2734 2 465.737 -111.637
6 134.978 -13.2734 2 458.148 -123.167
7 144.978 -13.2734 2 450.653 -115.109
8 154.978 -13.2734 2 443.257 -120.699
9 164.978 -13.2734 2 435.965 -114.387
10 174.978 -13.2734 2 428.782 -138.328
11 184.978 -13.2734 2 421.713 -129.239
12 194.978 -13.2734 2 414.766 -128.069
13 204.978 -13.2734 2 407.945 -123.565
14 214.978 -13.2734 2 401.257 -124.76
15 224.978 -13.2734 2 394.71 -125.496
16 234.978 -13.2734 2 388.31 -121.493
17 244.978 -13.2734 2 382.064 -101.862
18 254.978 -13.2734 2 375.981 -139.018
19 264.978 -13.2734 2 370.067 -108.389
20 274.978 -13.2734 2 364.333 -110.535
21 284.978 -13.2734 2 358.785 -116.201
22 294.978 -13.2734 2 353.434 -107.916
23 304.978 -13.2734 2 348.287 -119.343
24 314.978 -13.2734 2 343.355 -119.653
25 324.978 -13.2734 2 338.646 -120.154
26 334.978 -13.2734 2 334.17 -139.527
27 344.978 -13.2734 2 329.936 -143.003
28 354.978 -13.2734 2 325.954 -140.913
29 364.978 -13.2734 2 322.234 -132.725
30 374.978 -13.2734 2 318.784 -122.643
31 384.978 -13.2734 2 315.613 -112.686
32 394.978 -13.2734 2 312.73 -90.7386
33 404.978 -13.2734 2 310.143 -90.8729
34 414.978 -13.2734 2 307.859 -85.3286
35 424.978 -13.2734 2 305.885 -90.8144
36 434.978 -13.2734 2 304.227 -97.954
37 444.978 -13.2734 2 302.89 -129.717
38 454.978 -13.2734 2 301.879 -127.212
39 464.978 -13.2734 2 301.197 -125.264
40 474.978 -13.2734 2 300.846 -88.9707
41 484.978 -13.2734 2 300.826 -86.4861
42 84.9784 -3.2734 2 491.075 -104.176
43 94.9784 -3.2734 2 483.056 -108.905
44 104.978 -3.2734 2 475.112 -138.428
45 114.978 -3.2734 2 467.247 -143.756
46 124.978 -3.2734 2 459.465 -150.064
47 134.978 -3.2734 2 451.771 -116.924
48 144.978 -3.2734 2 444.168 -119.309
49 154.978 -3.2734 2 436.662 -115.558
50 164.978 -3.2734 2 429.258 -125.714
51 174.978 -3.2734 2 421.96 -128.933
52 184.978 -3.2734 2 414.776 -131.282
53 194.978 -3.2734 2 407.71 -136.816
54 204.978 -3.2734 2 400.769 -125.481
55 214.978 -3.2734 2 393.96 -128.555
56 224.978 -3.2734 2 387.289 -132.223
57 234.978 -3.2734 2 380.764 -130.466
58 244.978 -3.2734 2 374.393 -145.759
59 254.978 -3.2734 2 368.183 -105.623
60 264.978 -3.2734 2 362.142 -127.655
61 274.978 -3.2734 2 356.28 -116.381
62 284.978 -3.2734 2 350.605 -123.954
63 294.978 -3.2734 2 345.127 -137.943
64 304.978 -3.2734 2 339.854 -132.131
65 314.978 -3.2734 2 334.798 -144.376
66 324.978 -3.2734 2 329.966 -132.303
67 334.978 -3.2734 2 325.371 -159.574
68 344.978 -3.2734 2 321.022 -162.39
69 354.978 -3.2734 2 316.928 -156.28
70 364.978 -3.2734 2 313.1 -153.299
71 374.978 -3.2734 2 309.548 -139.623
72 384.978 -3.2734 2 306.282 -123.144
73 394.978 -3.2734 2 303.31 -89.2247
74 404.978 -3.2734 2 300.642 -88.8849
75 414.978 -3.2734 2 298.285 -84.1209
76 424.978 -3.2734 2 296.248 -87.8236
77 434.978 -3.2734 2 294.535 -88.9066
78 444.978 -3.2734 2 293.155 -157.398
79 454.978 -3.2734 2 292.11 -162.858
80 464.978 -3.2734 2 291.405 -160.234
81 474.978 -3.2734 2 291.041 -89.3159
82 484.978 -3.2734 2 291.022 -84.0227
83 84.9784 6.7266 2 485.336 -101.71
84 94.9784 6.7266 2 477.221 -104.214
85 104.978 6.7266 2 469.178 -111.121
86 114.978 6.7266 2 461.212 -145.367
87 124.978 6.7266 2 453.327 -250
88 134.978 6.7266 2 445.526 -149.452
89 144.978 6.7266 2 437.815 -145.456
90 154.978 6.7266 2 430.198 -129.625
91 164.978 6.7266 2 422.681 -128.294
92 174.978 6.7266 2 415.268 -140.086
93 184.978 6.7266 2 407.966 -132.002
94 194.978 6.7266 2 400.78 -137.832
95 204.978 6.7266 2 393.717 -133.834
96 214.978 6.7266 2 386.784 -131.025
97 224.978 6.7266 2 379.987 -141.09
98 234.978 6.7266 2 373.334 -132.696
99 244.978 6.7266 2 366.834 -135.281
100 254.978 6.7266 2 360.493 -158.026
101 264.978 6.7266 2 354.322 -132.414
102 274.978 6.7266 2 348.328 -114.518
103 284.978 6.7266 2 342.521 -112.487
104 294.978 6.7266 2 336.912 -250
105 304.978 6.7266 2 331.509 -250
106 314.978 6.7266 2 326.323 -250
107 324.978 6.7266 2 321.364 -250
108 334.978 6.7266 2 316.644 -250
109 344.978 6.7266 2 312.173 -250
110 354.978 6.7266 2 307.962 -250
111 364.978 6.7266 2 304.021 -250
112 374.978 6.7266 2 300.362 -250
113 384.978 6.7266 2 296.995 -250
114 394.978 6.7266 2 293.929 -94.4967
115 404.978 6.7266 2 291.175 -88.4478
116 414.978 6.7266 2 288.741 -88.5455
117 424.978 6.7266 2 286.635 -90.0126
118 434.978 6.7266 2 284.865 -86.6188
119 444.978 6.7266 2 283.437 -250
120 454.978 6.7266 2 282.356 -250
121 464.978 6.7266 2 281.627 -250
122 474.978 6.7266 2 281.251 -86.8825
123 484.978 6.7266 2 281.23 -83.5191
124 84.9784 16.7266 2 479.738 -112.781
125 94.9784 16.7266 2 471.526 -109.003
126 104.978 16.7266 2 463.385 -108.081
127 114.978 16.7266 2 455.317 -141.478
128 124.978 16.7266 2 447.328 -250
129 134.978 16.7266 2 439.421 -152.399
130 144.978 16.7266 2 431.601 -155.306
131 154.978 16.7266 2 423.872 -140.801
132 164.978 16.7266 2 416.241 -133.712
133 174.978 16.7266 2 408.711 -178.145
134 184.978 16.7266 2 401.289 -149.371
135 194.978 16.7266 2 393.982 -250
136 204.978 16.7266 2 386.795 -250
137 214.978 16.7266 2 379.735 -250
138 224.978 16.7266 2 372.81 -250
139 234.978 16.7266 2 366.027 -250
140 244.978 16.7266 2 359.394 -250
141 254.978 16.7266 2 352.92 -250
142 264.978 16.7266 2 346.614 -123.077
143 274.978 16.7266 2 340.484 -114.013
144 284.978 16.7266 2 334.541 -116.694
145 294.978 16.7266 2 328.795 -250
146 304.978 16.7266 2 323.257 -250
147 314.978 16.7266 2 317.936 -250
148 324.978 16.7266 2 312.845 -134.972
149 334.978 16.7266 2 307.994 -118.719
150 344.978 16.7266 2 303.396 -250
151 354.978 16.7266 2 299.061 -250
152 364.978 16.7266 2 295.001 -250
153 374.978 16.7266 2 291.229 -250
154 384.978 16.7266 2 287.755 -123.736
155 394.978 16.7266 2 284.59 -117.087
156 404.978 16.7266 2 281.744 -85.4574
157 414.978 16.7266 2 279.228 -88.4578
158 424.978 16.7266 2 277.05 -90.1381
159 434.978 16.7266 2 275.218 -93.3876
160 444.978 16.7266 2 273.74 -250
161 454.978 16.7266 2 272.621 -250
162 464.978 16.7266 2 271.865 -250
163 474.978 16.7266 2 271.476 -86.0058
164 484.978 16.7266 2 271.455 -88.1717
165 84.9784 26.7266 2 474.284 -111.908
166 94.9784 26.7266 2 465.976 -113.666
167 104.978 26.7266 2 457.736 -104.751
168 114.978 26.7266 2 449.567 -113.276
169 124.978 26.7266 2 441.474 -139.947
170 134.978 26.7266 2 433.46 -156.124
171 144.978 26.7266 2 425.531 -141.133
172 154.978 26.7266 2 417.69 -250
173 164.978 26.7266 2 409.943 -164.528
174 174.978 26.7266 2 402.296 -122.326
175 184.978 26.7266 2 394.753 -135.114
176 194.978 26.7266 2 387.322 -250
177 204.978 26.7266 2 380.009 -250
178 214.978 26.7266 2 372.821 -250
179 224.978 26.7266 2 365.765 -250
180 234.978 26.7266 2 358.849 -250
181 244.978 26.7266 2 352.081 -250
182 254.978 26.7266 2 345.47 -250
183 264.978 26.7266 2 339.025 -123.964
184 274.978 26.7266 2 332.756 -116.768
185 284.978 26.7266 2 326.673 -135.846
186 294.978 26.7266 2 320.786 -250
187 304.978 26.7266 2 315.106 -250
188 314.978 26.7266 2 309.646 -108.006
189 324.978 26.7266 2 304.416 -106.205
190 334.978 26.7266 2 299.428 -134.377
191 344.978 26.7266 2 294.696 -129.382
192 354.978 26.7266 2 290.232 -121.556
193 364.978 26.7266 2 286.047 -250
194 374.978 26.7266 2 282.155 -250
195 384.978 26.7266 2 278.567 -126.778
196 394.978 26.7266 2 275.297 -129.369
197 404.978 26.7266 2 272.354 -100.843
198 414.978 26.7266 2 269.75 -87.9855
199 424.978 26.7266 2 267.495 -88.8311
200 434.978 26.7266 2 265.598 -88.8239
201 444.978 26.7266 2 264.066 -98.0659
202 454.978 26.7266 2 262.905 -250
203 464.978 26.7266 2 262.121 -250
204 474.978 26.7266 2 261.718 -86.178
205 484.978 26.7266 2 261.696 -98.9994
206 84.9784 36.7266 2 468.98 -117.048
207 94.9784 36.7266 2 460.577 -116.755
208 104.978 36.7266 2 452.238 -120.374
209 114.978 36.7266 2 443.968 -101.926
210 124.978 36.7266 2 435.771 -111.672
211 134.978 36.7266 2 427.65 -148.656
212 144.978 36.7266 2 419.611 -147.711
213 154.978 36.7266 2 411.657 -152.265
214 164.978 36.7266 2 403.795 -132.721
215 174.978 36.7266 2 396.029 -126.921
216 184.978 36.7266 2 388.365 -112.696
217 194.978 36.7266 2 380.809 -117.64
218 204.978 36.7266 2 373.369 -106.936
219 214.978 36.7266 2 366.05 -109.343
220 224.978 36.7266 2 358.861 -250
221 234.978 36.7266 2 351.809 -250
222 244.978 36.7266 2 344.903 -250
223 254.978 36.7266 2 338.152 -250
224 264.978 36.7266 2 331.565 -115.707
225 274.978 36.7266 2 325.152 -122.626
226 284.978 36.7266 2 318.923 -124.776
227 294.978 36.7266 2 312.891 -250
228 304.978 36.7266 2 307.065 -250
229 314.978 36.7266 2 301.459 -108.76
230 324.978 36.7266 2 296.084 -131.302
231 334.978 36.7266 2 290.954 -112.705
232 344.978 36.7266 2 286.082 -141.797
233 354.978 36.7266 2 281.481 -127.413
234 364.978 36.7266 2 277.164 -110.519
235 374.978 36.7266 2 273.145 -140.197
236 384.978 36.7266 2 269.438 -250
237 394.978 36.7266 2 266.055 -250
238 404.978 36.7266 2 263.009 -85.7245
239 414.978 36.7266 2 260.312 -86.695
240 424.978 36.7266 2 257.974 -90.6897
241 434.978 36.7266 2 256.006 -98.4556
242 444.978 36.7266 2 254.416 -89.5112
243 454.978 36.7266 2 253.212 -250
244 464.978 36.7266 2 252.398 -250
245 474.978 36.7266 2 251.978 -88.9448
246 484.978 36.7266 2 251.956 -88.5969
247 84.9784 46.7266 2 463.831 -107.938
248 94.9784 46.7266 2 455.333 -117.511
249 104.978 46.7266 2 446.896 -117.938
250 114.978 46.7266 2 438.526 -118.482
251 124.978 46.7266 2 430.225 -119.275
252 134.978 46.7266 2 421.997 -119.679
253 144.978 46.7266 2 413.848 -144.293
254 154.978 46.7266 2 405.782 -250
255 164.978 46.7266 2 397.803 -250
256 174.978 46.7266 2 389.918 -250
257 184.978 46.7266 2 382.131 -250
258 194.978 46.7266 2 374.45 -250
259 204.978 46.7266 2 366.88 -109.149
260 214.978 46.7266 2 359.43 -109.297
261 224.978 46.7266 2 352.105 -109.258
262 234.978 46.7266 2 344.915 -109.272
263 244.978 46.7266 2 337.868 -106.307
264 254.978 46.7266 2 330.974 -123.046
265 264.978 46.7266 2 324.241 -114.387
266 274.978 46.7266 2 317.68 -113.088
267 284.978 46.7266 2 311.302 -120.896
268 294.978 46.7266 2 305.119 -250
269 304.978 46.7266 2 299.142 -250
270 314.978 46.7266 2 293.384 -250
271 324.978 46.7266 2 287.859 -250
272 334.978 46.7266 2 282.58 -250
273 344.978 46.7266 2 277.561 -250
274 354.978 46.7266 2 272.816 -250
275 364.978 46.7266 2 268.36 -117.639
276 374.978 46.7266 2 264.207 -116.268
277 384.978 46.7266 2 260.372 -250
278 394.978 46.7266 2 256.87 -250
279 404.978 46.7266 2 253.714 -86.4555
280 414.978 46.7266 2 250.917 -88.8083
281 424.978 46.7266 2 248.491 -97.1504
282 434.978 46.7266 2 246.447 -100.612
283 444.978 46.7266 2 244.795 -97.7856
284 454.978 46.7266 2 243.543 -250
285 464.978 46.7266 2 242.697 -250
286 474.978 46.7266 2 242.261 -95.9892
287 484.978 46.7266 2 242.237 -86.3729
288 84.9784 56.7266 2 458.842 -114.66
289 94.9784 56.7266 2 450.25 -117.858
290 104.978 56.7266 2 441.716 -138.292
291 114.978 56.7266 2 433.246 -131.354
292 124.978 56.7266 2 424.842 -119.191
293 134.978 56.7266 2 416.508 -121.237
294 144.978 56.7266 2 408.249 -118.01
295 154.978 56.7266 2 400.07 -250
296 164.978 56.7266 2 391.975 -250
297 174.978 56.7266 2 383.97 -250
298 184.978 56.7266 2 376.06 -250
299 194.978 56.7266 2 368.252 -250
300 204.978 56.7266 2 360.553 -114.821
301 214.978 56.7266 2 352.968 -101.515
302 224.978 56.7266 2 345.507 -109.093
303 234.978 56.7266 2 338.177 -109.174
304 244.978 56.7266 2 330.987 -111.769
305 254.978 56.7266 2 323.945 -115.915
306 264.978 56.7266 2 317.063 -119.297
307 274.978 56.7266 2 310.351 -115.649
308 284.978 56.7266 2 303.819 -124.4
309 294.978 56.7266 2 297.48 -250
310 304.978 56.7266 2 291.347 -250
311 314.978 56.7266 2 285.432 -250
312 324.978 56.7266 2 279.75 -250
313 334.978 56.7266 2 274.314 -250
314 344.978 56.7266 2 269.141 -250
315 354.978 56.7266 2 264.245 -250
316 364.978 56.7266 2 259.642 -113.734
317 374.978 56.7266 2 255.348 -108.61
318 384.978 56.7266 2 251.378 -250
319 394.978 56.7266 2 247.749 -250
320 404.978 56.7266 2 244.475 -91.6526
321 414.978 56.7266 2 241.57 -87.7522
322 424.978 56.7266 2 239.05 -90.2116
323 434.978 56.7266 2 236.925 -100.619
324 444.978 56.7266 2 235.206 -89.3081
325 454.978 56.7266 2 233.902 -250
326 464.978 56.7266 2 233.021 -250
327 474.978 56.7266 2 232.567 -87.6475
328 484.978 56.7266 2 232.542 -92.1739
329 84.9784 66.7266 2 454.019 -119.917
330 94.9784 66.7266 2 445.333 -138.938
331 104.978 66.7266 2 436.704 -145.396
332 114.978 66.7266 2 428.134 -123.47
333 124.978 66.7266 2 419.628 -136.141
334 134.978 66.7266 2 411.188 -144.874
335 144.978 66.7266 2 402.82 -123.114
336 154.978 66.7266 2 394.529 -123.95
337 164.978 66.7266 2 386.318 -122.098
338 174.978 66.7266 2 378.193 -104.477
339 184.978 66.7266 2 370.16 -132.825
340 194.978 66.7266 2 362.225 -106.572
341 204.978 66.7266 2 354.394 -108.432
342 214.978 66.7266 2 346.675 -105.807
343 224.978 66.7266 2 339.075 -124.445
344 234.978 66.7266 2 331.603 -102.001
345 244.978 66.7266 2 324.267 -110.935
346 254.978 66.7266 2 317.077 -110.291
347 264.978 66.7266 2 310.042 -119.048
348 274.978 66.7266 2 303.174 -112.601
349 284.978 66.7266 2 296.484 -120.589
350 294.978 66.7266 2 289.985 -122.352
351 304.978 66.7266 2 283.69 -107.613
352 314.978 66.7266 2 277.612 -105.009
353 324.978 66.7266 2 271.766 -102.449
354 334.978 66.7266 2 266.168 -96.9754
355 344.978 66.7266 2 260.833 -104.811
356 354.978 66.7266 2 255.778 -101.011
357 364.978 66.7266 2 251.02 -102.638
358 374.978 66.7266 2 246.575 -119.081
359 384.978 66.7266 2 242.462 -122.474
360 394.978 66.7266 2 238.697 -115.641
361 404.978 66.7266 2 235.297 -115.666
362 414.978 66.7266 2 232.279 -87.8071
363 424.978 66.7266 2 229.656 -87.006
364 434.978 66.7266 2 227.443 -88.6358
365 444.978 66.7266 2 225.652 -106.443
366 454.978 66.7266 2 224.293 -101.409
367 464.978 66.7266 2 223.374 -103.232
368 474.978 66.7266 2 222.9 -92.8475
369 484.978 66.7266 2 222.874 -86.7291
370 84.9784 76.7266 2 449.367 -117.846
371 94.9784 76.7266 2 440.589 -122.285
372 104.978 76.7266 2 431.865 -133.811
373 114.978 76.7266 2 423.197 -137.104
374 124.978 76.7266 2 414.589 -129.502
375 134.978 76.7266 2 406.045 -122.519
376 144.978 76.7266 2 397.569 -138.149
377 154.978 76.7266 2 389.166 -118.649
378 164.978 76.7266 2 380.839 -128.919
379 174.978 76.7266 2 372.595 -120.205
380 184.978 76.7266 2 364.438 -99.1014
381 194.978 76.7266 2 356.376 -101.979
382 204.978 76.7266 2 348.414 -106.608
383 214.978 76.7266 2 340.559 -106.072
384 224.978 76.7266 2 332.82 -110.85
385 234.978 76.7266 2 325.204 -113.635
386 244.978 76.7266 2 317.72 -98.8514
387 254.978 76.7266 2 310.378 -123.97
388 264.978 76.7266 2 303.188 -119.738
389 274.978 76.7266 2 296.161 -122.317
390 284.978 76.7266 2 289.31 -119.741
391 294.978 76.7266 2 282.646 -114.549
392 304.978 76.7266 2 276.183 -102.97
393 314.978 76.7266 2 269.936 -117.342
394 324.978 76.7266 2 263.92 -106.29
395 334.978 76.7266 2 258.152 -109.333
396 344.978 76.7266 2 252.648 -99.2773
397 354.978 76.7266 2 247.426 -103.417
398 364.978 76.7266 2 242.503 -106.155
399 374.978 76.7266 2 237.9 -111.996
400 384.978 76.7266 2 233.634 -116.736
401 394.978 76.7266 2 229.725 -127.148
402 404.978 76.7266 2 226.19 -122.575
403 414.978 76.7266 2 223.048 -86.8313
404 424.978 76.7266 2 220.315 -89.1804
405 434.978 76.7266 2 218.008 -90.6126
406 444.978 76.7266 2 216.138 -127.046
407 454.978 76.7266 2 214.719 -111.03
408 464.978 76.7266 2 213.759 -122.449
409 474.978 76.7266 2 213.263 -89.5477
410 484.978 76.7266 2 213.236 -84.1934
411 84.9784 86.7266 2 444.89 -107.546
412 94.9784 86.7266 2 436.023 -130.387
413 104.978 86.7266 2 427.205 -250
414 114.978 86.7266 2 418.441 -250
415 124.978 86.7266 2 409.733 -250
416 134.978 86.7266 2 401.086 -126.383
417 144.978 86.7266 2 392.503 -114.716
418 154.978 86.7266 2 383.988 -250
419 164.978 86.7266 2 375.547 -250
420 174.978 86.7266 2 367.184 -250
421 184.978 86.7266 2 358.904 -93.2041
422 194.978 86.7266 2 350.715 -107.294
423 204.978 86.7266 2 342.621 -104.862
424 214.978 86.7266 2 334.631 -120.097
425 224.978 86.7266 2 326.751 -250
426 234.978 86.7266 2 318.99 -250
427 244.978 86.7266 2 311.357 -250
428 254.978 86.7266 2 303.861 -135.208
429 264.978 86.7266 2 296.513 -124.56
430 274.978 86.7266 2 289.324 -116.082
431 284.978 86.7266 2 282.307 -104.262
432 294.978 86.7266 2 275.473 -102.405
433 304.978 86.7266 2 268.838 -106.37
434 314.978 86.7266 2 262.417 -109.812
435 324.978 86.7266 2 256.225 -124.796
436 334.978 86.7266 2 250.279 -129.285
437 344.978 86.7266 2 244.598 -109.732
438 354.978 86.7266 2 239.2 -103.343
439 364.978 86.7266 2 234.105 -103.616
440 374.978 86.7266 2 229.333 -101.827
441 384.978 86.7266 2 224.904 -250
442 394.978 86.7266 2 220.84 -250
443 404.978 86.7266 2 217.161 -250
444 414.978 86.7266 2 213.886 -85.0672
445 424.978 86.7266 2 211.035 -95.0528
446 434.978 86.7266 2 208.625 -85.8725
447 444.978 86.7266 2 206.671 -250
448 454.978 86.7266 2 205.186 -250
449 464.978 86.7266 2 204.181 -250
450 474.978 86.7266 2 203.662 -86.4634
451 484.978 86.7266 2 203.634 -81.9936
452 84.9784 96.7266 2 440.596 -118.907
453 94.9784 96.7266 2 431.64 -109.092
454 104.978 96.7266 2 422.731 -127.036
455 114.978 96.7266 2 413.872 -132.484
456 124.978 96.7266 2 405.066 -128.962
457 134.978 96.7266 2 396.317 -120.56
458 144.978 96.7266 2 387.628 -131.833
459 154.978 96.7266 2 379.004 -250
460 164.978 96.7266 2 370.449 -250
461 174.978 96.7266 2 361.968 -250
462 184.978 96.7266 2 353.567 -99.6803
463 194.978 96.7266 2 345.25 -250
464 204.978 96.7266 2 337.026 -250
465 214.978 96.7266 2 328.899 -250
466 224.978 96.7266 2 320.879 -250
467 234.978 96.7266 2 312.972 -250
468 244.978 96.7266 2 305.189 -250
469 254.978 96.7266 2 297.538 -250
470 264.978 96.7266 2 290.03 -250
471 274.978 96.7266 2 282.676 -101.043
472 284.978 96.7266 2 275.489 -106.297
473 294.978 96.7266 2 268.482 -116.354
474 304.978 96.7266 2 261.67 -115.624
475 314.978 96.7266 2 255.068 -113.073
476 324.978 96.7266 2 248.693 -126.911
477 334.978 96.7266 2 242.562 -128.933
478 344.978 96.7266 2 236.696 -124.694
479 354.978 96.7266 2 231.114 -114.749
480 364.978 96.7266 2 225.836 -102.327
481 374.978 96.7266 2 220.886 -104.807
482 384.978 96.7266 2 216.284 -250
483 394.978 96.7266 2 212.055 -250
484 404.978 96.7266 2 208.221 -250
485 414.978 96.7266 2 204.803 -99.4001
486 424.978 96.7266 2 201.824 -95.2887
487 434.978 96.7266 2 199.302 -87.6817
488 444.978 96.7266 2 197.256 -250
489 454.978 96.7266 2 195.7 -250
490 464.978 96.7266 2 194.645 -250
491 474.978 96.7266 2 194.101 -83.8033
492 484.978 96.7266 2 194.072 -81.9064
493 84.9784 106.727 2 436.488 -98.9082
494 94.9784 106.727 2 427.446 -119.048
495 104.978 106.727 2 418.448 -111.449
496 114.978 106.727 2 409.496 -127.693
497 124.978 106.727 2 400.594 -118.105
498 134.978 106.727 2 391.745 -125.604
499 144.978 106.727 2 382.952 -120.276
500 154.978 106.727 2 374.22 -250
501 164.978 106.727 2 365.553 -250
502 174.978 106.727 2 356.956 -250
503 184.978 106.727 2 348.434 -102.843
504 194.978 106.727 2 339.992 -250
505 204.978 106.727 2 331.637 -250
506 214.978 106.727 2 323.376 -250
507 224.978 106.727 2 315.215 -250
508 234.978 106.727 2 307.162 -250
509 244.978 106.727 2 299.228 -250
510 254.978 106.727 2 291.42 -250
511 264.978 106.727 2 283.75 -250
512 274.978 106.727 2 276.229 -97.2231
513 284.978 106.727 2 268.87 -101.824
514 294.978 106.727 2 261.686 -124.996
515 304.978 106.727 2 254.692 -128.589
516 314.978 106.727 2 247.904 -129.459
517 324.978 106.727 2 241.34 -132.832
518 334.978 106.727 2 235.018 -128.13
519 344.978 106.727 2 228.959 -129.368
520 354.978 106.727 2 223.183 -122.199
521 364.978 106.727 2 217.713 -119.703
522 374.978 106.727 2 212.573 -115.112
523 384.978 106.727 2 207.788 -250
524 394.978 106.727 2 203.382 -250
525 404.978 106.727 2 199.381 -250
526 414.978 106.727 2 195.81 -113.813
527 424.978 106.727 2 192.691 -95.9166
528 434.978 106.727 2 190.048 -89.8737
529 444.978 106.727 2 187.901 -250
530 454.978 106.727 2 186.267 -250
531 464.978 106.727 2 185.159 -250
532 474.978 106.727 2 184.587 -81.6542
533 484.978 106.727 2 184.556 -93.876
534 84.9784 116.727 2 432.572 -101.528
535 94.9784 116.727 2 423.447 -102.721
536 104.978 116.727 2 414.362 -134.481
537 114.978 116.727 2 405.32 -250
538 124.978 116.727 2 396.324 -250
539 134.978 116.727 2 387.377 -250
540 144.978 116.727 2 378.483 -250
541 154.978 116.727 2 369.646 -250
542 164.978 116.727 2 360.869 -250
543 174.978 116.727 2 352.157 -250
544 184.978 116.727 2 343.516 -103.171
545 194.978 116.727 2 334.95 -250
546 204.978 116.727 2 326.466 -250
547 214.978 116.727 2 318.07 -250
548 224.978 116.727 2 309.77 -250
549 234.978 116.727 2 301.572 -250
550 244.978 116.727 2 293.486 -250
551 254.978 116.727 2 285.522 -250
552 264.978 116.727 2 277.689 -250
553 274.978 116.727 2 269.999 -102.474
554 284.978 116.727 2 262.466 -105.174
555 294.978 116.727 2 255.101 -112.191
556 304.978 116.727 2 247.922 -133.45
557 314.978 116.727 2 240.943 -129.836
558 324.978 116.727 2 234.184 -250
559 334.978 116.727 2 227.663 -250
560 344.978 116.727 2 221.402 -250
561 354.978 116.727 2 215.424 -250
562 364.978 116.727 2 209.752 -250
563 374.978 116.727 2 204.413 -250
564 384.978 116.727 2 199.432 -250
565 394.978 116.727 2 194.837 -250
566 404.978 116.727 2 190.657 -250
567 414.978 116.727 2 186.918 -250
568 424.978 116.727 2 183.649 -87.5984
569 434.978 116.727 2 180.874 -93.5441
570 444.978 116.727 2 178.617 -250
571 454.978 116.727 2 176.896 -250
572 464.978 116.727 2 175.729 -250
573 474.978 116.727 2 175.127 -79.5346
574 484.978 116.727 2 175.094 -80.7647
575 84.9784 126.727 2 428.854 -94.1031
576 94.9784 126.727 2 419.647 -87.0791
577 104.978 126.727 2 410.478 -115.927
578 114.978 126.727 2 401.349 -250
579 124.978 126.727 2 392.262 -250
580 134.978 126.727 2 383.22 -250
581 144.978 126.727 2 374.228 -250
582 154.978 126.727 2 365.287 -250
583 164.978 126.727 2 356.403 -250
584 174.978 126.727 2 347.58 -250
585 184.978 126.727 2 338.822 -104.303
586 194.978 126.727 2 330.135 -104.745
587 204.978 126.727 2 321.523 -100.577
588 214.978 126.727 2 312.995 -99.576
589 224.978 126.727 2 304.556 -250
590 234.978 126.727 2 296.214 -250
591 244.978 126.727 2 287.978 -250
592 254.978 126.727 2 279.857 -109.166
593 264.978 126.727 2 271.861 -106.556
594 274.978 126.727 2 264.001 -107.24
595 284.978 126.727 2 256.291 -104.331
596 294.978 126.727 2 248.744 -106.401
597 304.978 126.727 2 241.375 -115.066
598 314.978 126.727 2 234.202 -125.977
599 324.978 126.727 2 227.242 -250
600 334.978 126.727 2 220.517 -250
601 344.978 126.727 2 214.047 -250
602 354.978 126.727 2 207.857 -250
603 364.978 126.727 2 201.973 -250
604 374.978 126.727 2 196.422 -250
605 384.978 126.727 2 191.233 -250
606 394.978 126.727 2 186.436 -250
607 404.978 126.727 2 182.063 -250
608 414.978 126.727 2 178.144 -250
609 424.978 126.727 2 174.711 -93.3931
610 434.978 126.727 2 171.792 -98.4113
611 444.978 126.727 2 169.413 -250
612 454.978 126.727 2 167.599 -250
613 464.978 126.727 2 166.367 -250
614 474.978 126.727 2 165.73 -83.6363
615 484.978 126.727 2 165.695 -79.2999
616 84.9784 136.727 2 425.338 -87.8075
617 94.9784 136.727 2 416.054 -92.8368
618 104.978 136.727 2 406.804 -100.31
619 114.978 136.727 2 397.59 -90.7907
620 124.978 136.727 2 388.415 -101.458
621 134.978 136.727 2 379.282 -250
622 144.978 136.727 2 370.194 -250
623 154.978 136.727 2 361.154 -250
624 164.978 136.727 2 352.165 -250
625 174.978 136.727 2 343.233 -250
626 184.978 136.727 2 334.361 -103.869
627 194.978 136.727 2 325.555 -102.033
628 204.978 136.727 2 316.819 -103.754
629 214.978 136.727 2 308.16 -108.232
630 224.978 136.727 2 299.585 -250
631 234.978 136.727 2 291.101 -250
632 244.978 136.727 2 282.716 -250
633 254.978 136.727 2 274.439 -111.422
634 264.978 136.727 2 266.28 -113.391
635 274.978 136.727 2 258.251 -115.547
636 284.978 136.727 2 250.364 -106.005
637 294.978 136.727 2 242.633 -109.173
638 304.978 136.727 2 235.073 -115.23
639 314.978 136.727 2 227.701 -122.097
640 324.978 136.727 2 220.536 -250
641 334.978 136.727 2 213.599 -250
642 344.978 136.727 2 206.913 -250
643 354.978 136.727 2 200.503 -250
644 364.978 136.727 2 194.397 -250
645 374.978 136.727 2 188.623 -250
646 384.978 136.727 2 183.213 -250
647 394.978 136.727 2 178.201 -250
648 404.978 136.727 2 173.62 -250
649 414.978 136.727 2 169.506 -250
650 424.978 136.727 2 165.894 -98.6587
651 434.978 136.727 2 162.817 -90.9862
652 444.978 136.727 2 160.306 -250
653 454.978 136.727 2 158.387 -250
654 464.978 136.727 2 157.082 -250
655 474.978 136.727 2 156.408 -79.4172
656 484.978 136.727 2 156.371 -85.5028
657 84.9784 146.727 2 422.03 -90.8544
658 94.9784 146.727 2 412.672 -89.0168
659 104.978 146.727 2 403.344 -88.3063
660 114.978 146.727 2 394.049 -94.9502
661 124.978 146.727 2 384.79 -103.747
662 134.978 146.727 2 375.569 -89.3583
663 144.978 146.727 2 366.388 -84.9542
664 154.978 146.727 2 357.252 -83.708
665 164.978 146.727 2 348.163 -96.9776
666 174.978 146.727 2 339.125 -98.0553
667 184.978 146.727 2 330.143 -104.13
668 194.978 146.727 2 321.221 -113.697
669 204.978 146.727 2 312.364 -105.022
670 214.978 146.727 2 303.578 -102.408
671 224.978 146.727 2 294.87 -107.173
672 234.978 146.727 2 286.246 -144.074
673 244.978 146.727 2 277.714 -103.638
674 254.978 146.727 2 269.284 -103.325
675 264.978 146.727 2 260.964 -110.664
676 274.978 146.727 2 252.766 -124.208
677 284.978 146.727 2 244.702 -116.423
678 294.978 146.727 2 236.786 -114.631
679 304.978 146.727 2 229.033 -106.553
680 314.978 146.727 2 221.46 -113.832
681 324.978 146.727 2 214.087 -120.006
682 334.978 146.727 2 206.934 -105.765
683 344.978 146.727 2 200.025 -108.803
684 354.978 146.727 2 193.387 -102.505
685 364.978 146.727 2 187.048 -90.6275
686 374.978 146.727 2 181.04 -81.9118
687 384.978 146.727 2 175.397 -89.0638
688 394.978 146.727 2 170.154 -92.7308
689 404.978 146.727 2 165.351 -88.0001
690 414.978 146.727 2 161.026 -87.7299
691 424.978 146.727 2 157.219 -93.5646
692 434.978 146.727 2 153.969 -91.0721
693 444.978 146.727 2 151.311 -113.863
694 454.978 146.727 2 149.276 -110.847
695 464.978 146.727 2 147.891 -113.442
696 474.978 146.727 2 147.175 -75.1901
697 484.978 146.727 2 147.135 -79.9552
698 84.9784 156.727 2 418.935 -89.4321
699 94.9784 156.727 2 409.506 -90.3854
700 104.978 156.727 2 400.104 -89.8779
701 114.978 156.727 2 390.733 -98.4488
702 124.978 156.727 2 381.393 -92.1131
703 134.978 156.727 2 372.087 -87.788
704 144.978 156.727 2 362.819 -92.7253
705 154.978 156.727 2 353.59 -89.1724
706 164.978 156.727 2 344.404 -93.3847
707 174.978 156.727 2 335.265 -107.757
708 184.978 156.727 2 326.177 -96.5656
709 194.978 156.727 2 317.143 -101.12
710 204.978 156.727 2 308.169 -104.938
711 214.978 156.727 2 299.26 -105.363
712 224.978 156.727 2 290.423 -115.116
713 234.978 156.727 2 281.663 -103.347
714 244.978 156.727 2 272.988 -111.111
715 254.978 156.727 2 264.406 -121.685
716 264.978 156.727 2 255.928 -120.189
717 274.978 156.727 2 247.564 -108.263
718 284.978 156.727 2 239.325 -124.942
719 294.978 156.727 2 231.224 -128.284
720 304.978 156.727 2 223.278 -113.265
721 314.978 156.727 2 215.503 -108.597
722 324.978 156.727 2 207.919 -113.99
723 334.978 156.727 2 200.546 -119.231
724 344.978 156.727 2 193.409 -108.655
725 354.978 156.727 2 186.536 -92.783
726 364.978 156.727 2 179.956 -91.5867
727 374.978 156.727 2 173.703 -91.2964
728 384.978 156.727 2 167.813 -83.5247
729 394.978 156.727 2 162.325 -89.361
730 404.978 156.727 2 157.283 -90.2467
731 414.978 156.727 2 152.73 -99.4622
732 424.978 156.727 2 148.711 -91.0604
733 434.978 156.727 2 145.27 -96.8339
734 444.978 156.727 2 142.45 -124.427
735 454.978 156.727 2 140.287 -113.655
736 464.978 156.727 2 138.812 -103.575
737 474.978 156.727 2 138.048 -75.7606
738 484.978 156.727 2 138.007 -76.3016
739 84.9784 166.727 2 416.057 -86.72
740 94.9784 166.727 2 406.561 -93.6455
741 104.978 166.727 2 397.09 -86.7266
742 114.978 166.727 2 387.646 -90.5232
743 124.978 166.727 2 378.229 -87.7439
744 134.978 166.727 2 368.844 -93.1285
745 144.978 166.727 2 359.492 -93.6352
746 154.978 166.727 2 350.176 -108.477
747 164.978 166.727 2 340.898 -98.2666
748 174.978 166.727 2 331.662 -101.646
749 184.978 166.727 2 322.472 -100.478
750 194.978 166.727 2 313.332 -103.581
751 204.978 166.727 2 304.246 -109.342
752 214.978 166.727 2 295.218 -118.544
753 224.978 166.727 2 286.256 -250
754 234.978 166.727 2 277.364 -115.123
755 244.978 166.727 2 268.55 -250
756 254.978 166.727 2 259.823 -250
757 264.978 166.727 2 251.19 -250
758 274.978 166.727 2 242.662 -125.332
759 284.978 166.727 2 234.25 -114.766
760 294.978 166.727 2 225.968 -250
761 304.978 166.727 2 217.831 -250
762 314.978 166.727 2 209.854 -250
763 324.978 166.727 2 202.057 -250
764 334.978 166.727 2 194.462 -250
765 344.978 166.727 2 187.094 -250
766 354.978 166.727 2 179.979 -92.0519
767 364.978 166.727 2 173.15 -115.253
768 374.978 166.727 2 166.642 -250
769 384.978 166.727 2 160.493 -86.23
770 394.978 166.727 2 154.747 -96.7093
771 404.978 166.727 2 149.449 -86.9179
772 414.978 166.727 2 144.65 -100.68
773 424.978 166.727 2 140.399 -99.5803
774 434.978 166.727 2 136.75 -88.6949
775 444.978 166.727 2 133.75 -250
776 454.978 166.727 2 131.444 -250
777 464.978 166.727 2 129.869 -250
778 474.978 166.727 2 129.052 -77.6662
779 484.978 166.727 2 129.007 -84.0554
780 84.9784 176.727 2 413.401 -90.0026
781 94.9784 176.727 2 403.843 -89.8498
782 104.978 176.727 2 394.306 -92.2381
783 114.978 176.727 2 384.794 -87.9359
784 124.978 176.727 2 375.306 -94.4215
785 134.978 176.727 2 365.846 -87.8561
786 144.978 176.727 2 356.415 -88.0024
787 154.978 176.727 2 347.016 -106.188
788 164.978 176.727 2 337.651 -102.284
789 174.978 176.727 2 328.324 -100.122
790 184.978 176.727 2 319.038 -110.436
791 194.978 176.727 2 309.797 -107.959
792 204.978 176.727 2 300.603 -106.315
793 214.978 176.727 2 291.463 -109.323
794 224.978 176.727 2 282.382 -250
795 234.978 176.727 2 273.364 -111.557
796 244.978 176.727 2 264.417 -250
797 254.978 176.727 2 255.548 -250
798 264.978 176.727 2 246.766 -250
799 274.978 176.727 2 238.079 -107.807
800 284.978 176.727 2 229.5 -114.956
801 294.978 176.727 2 221.04 -250
802 304.978 176.727 2 212.714 -250
803 314.978 176.727 2 204.538 -250
804 324.978 176.727 2 196.53 -250
805 334.978 176.727 2 188.713 -250
806 344.978 176.727 2 181.111 -250
807 354.978 176.727 2 173.752 -90.1124
808 364.978 176.727 2 166.668 -99.613
809 374.978 176.727 2 159.896 -250
810 384.978 176.727 2 153.477 -96.1388
811 394.978 176.727 2 147.457 -98.0762
812 404.978 176.727 2 141.887 -91.1754
813 414.978 176.727 2 136.823 -103.461
814 424.978 176.727 2 132.322 -95.0527
815 434.978 176.727 2 128.443 -89.3483
816 444.978 176.727 2 125.244 -250
817 454.978 176.727 2 122.778 -250
818 464.978 176.727 2 121.091 -250
819 474.978 176.727 2 120.214 -83.4003
820 484.978 176.727 2 120.166 -75.0233
821 84.9784 186.727 2 410.972 -97.235
822 94.9784 186.727 2 401.355 -91.0561
823 104.978 186.727 2 391.758 -90.778
824 114.978 186.727 2 382.182 -91.0538
825 124.978 186.727 2 372.628 -87.7645
826 134.978 186.727 2 363.098 -87.4242
827 144.978 186.727 2 353.594 -94.5316
828 154.978 186.727 2 344.118 -102.477
829 164.978 186.727 2 334.672 -95.5473
830 174.978 186.727 2 325.26 -103.508
831 184.978 186.727 2 315.884 -100.589
832 194.978 186.727 2 306.547 -94.233
833 204.978 186.727 2 297.253 -98.1504
834 214.978 186.727 2 288.007 -97.065
835 224.978 186.727 2 278.812 -250
836 234.978 186.727 2 269.675 -103.528
837 244.978 186.727 2 260.602 -250
838 254.978 186.727 2 251.599 -250
839 264.978 186.727 2 242.673 -250
840 274.978 186.727 2 233.835 -108.158
841 284.978 186.727 2 225.094 -110.092
842 294.978 186.727 2 216.462 -116.527
843 304.978 186.727 2 207.952 -123.992
844 314.978 186.727 2 199.581 -119.095
845 324.978 186.727 2 191.367 -127.211
846 334.978 186.727 2 183.329 -250
847 344.978 186.727 2 175.494 -250
848 354.978 186.727 2 167.889 -250
849 364.978 186.727 2 160.546 -250
850 374.978 186.727 2 153.504 -250
851 384.978 186.727 2 146.806 -87.3227
852 394.978 186.727 2 140.501 -86.2303
853 404.978 186.727 2 134.644 -93.7132
854 414.978 186.727 2 129.296 -92.9977
855 424.978 186.727 2 124.523 -96.4193
856 434.978 186.727 2 120.393 -89.2617
857 444.978 186.727 2 116.974 -250
858 454.978 186.727 2 114.331 -250
859 464.978 186.727 2 112.516 -250
860 474.978 186.727 2 111.573 -103.613
861 484.978 186.727 2 111.521 -77.3986
862 84.9784 196.727 2 408.772 -100.745
863 94.9784 196.727 2 399.103 -110.787
864 104.978 196.727 2 389.45 -106.801
865 114.978 196.727 2 379.816 -98.3922
866 124.978 196.727 2 370.201 -91.3853
867 134.978 196.727 2 360.607 -91.1064
868 144.978 196.727 2 351.035 -102.564
869 154.978 196.727 2 341.488 -93.4397
870 164.978 196.727 2 331.968 -96.3719
871 174.978 196.727 2 322.476 -100.7
872 184.978 196.727 2 313.017 -95.7845
873 194.978 196.727 2 303.592 -100.815
874 204.978 196.727 2 294.205 -99.3848
875 214.978 196.727 2 284.859 -97.4486
876 224.978 196.727 2 275.56 -250
877 234.978 196.727 2 266.312 -98.2534
878 244.978 196.727 2 257.119 -101.001
879 254.978 196.727 2 247.99 -100.842
880 264.978 196.727 2 238.93 -105.08
881 274.978 196.727 2 229.947 -124.242
882 284.978 196.727 2 221.053 -112.389
883 294.978 196.727 2 212.256 -114.735
884 304.978 196.727 2 203.571 -110.904
885 314.978 196.727 2 195.012 -114.851
886 324.978 196.727 2 186.596 -120.82
887 334.978 196.727 2 178.344 -250
888 344.978 196.727 2 170.28 -250
889 354.978 196.727 2 162.431 -83.05
890 364.978 196.727 2 154.829 -82.6036
891 374.978 196.727 2 147.515 -84.7229
892 384.978 196.727 2 140.532 -100.364
893 394.978 196.727 2 133.931 -89.677
894 404.978 196.727 2 127.774 -94.5324
895 414.978 196.727 2 122.125 -92.7638
896 424.978 196.727 2 117.06 -250
897 434.978 196.727 2 112.657 -250
898 444.978 196.727 2 108.995 -250
899 454.978 196.727 2 106.153 -250
900 464.978 196.727 2 104.197 -250
901 474.978 196.727 2 103.177 -83.4958
902 484.978 196.727 2 103.121 -83.9843
903 84.9784 206.727 2 406.807 -110.94
904 94.9784 206.727 2 397.09 -104.702
905 104.978 206.727 2 387.387 -110.914
906 114.978 206.727 2 377.7 -147.959
907 124.978 206.727 2 368.029 -250
908 134.978 206.727 2 358.377 -85.1553
909 144.978 206.727 2 348.744 -91.6258
910 154.978 206.727 2 339.133 -90.0599
911 164.978 206.727 2 329.544 -104.61
912 174.978 206.727 2 319.981 -105.949
913 184.978 206.727 2 310.446 -97.1538
914 194.978 206.727 2 300.94 -101.037
915 204.978 206.727 2 291.468 -99.1844
916 214.978 206.727 2 282.032 -98.6054
917 224.978 206.727 2 272.636 -102.28
918 234.978 206.727 2 263.285 -99.1401
919 244.978 206.727 2 253.983 -103.313
920 254.978 206.727 2 244.736 -101.869
921 264.978 206.727 2 235.551 -120.441
922 274.978 206.727 2 226.435 -108.791
923 284.978 206.727 2 217.397 -107.578
924 294.978 206.727 2 208.446 -125.087
925 304.978 206.727 2 199.595 -110.954
926 314.978 206.727 2 190.858 -118.986
927 324.978 206.727 2 182.25 -112.727
928 334.978 206.727 2 173.792 -250
929 344.978 206.727 2 165.506 -250
930 354.978 206.727 2 157.419 -93.7043
931 364.978 206.727 2 149.563 -79.4245
932 374.978 206.727 2 141.978 -92.2534
933 384.978 206.727 2 134.708 -85.9118
934 394.978 206.727 2 127.807 -90.7604
935 404.978 206.727 2 121.339 -95.0261
936 414.978 206.727 2 115.376 -92.0208
937 424.978 206.727 2 110 -250
938 434.978 206.727 2 105.302 -250
939 444.978 206.727 2 101.376 -250
940 454.978 206.727 2 98.3133 -250
941 464.978 206.727 2 96.1977 -250
942 474.978 206.727 2 95.0919 -71.8679
943 484.978 206.727 2 95.0313 -72.8158
944 84.9784 216.727 2 405.079 -123.051
945 94.9784 216.727 2 395.319 -122.424
946 104.978 216.727 2 385.572 -146.224
947 114.978 216.727 2 375.838 -161.611
948 124.978 216.727 2 366.118 -250
949 134.978 216.727 2 356.414 -87.1652
950 144.978 216.727 2 346.727 -92.1707
951 154.978 216.727 2 337.058 -89.2043
952 164.978 216.727 2 327.409 -91.2599
953 174.978 216.727 2 317.781 -96.2658
954 184.978 216.727 2 308.178 -105.173
955 194.978 216.727 2 298.6 -93.3955
956 204.978 216.727 2 289.051 -98.9252
957 214.978 216.727 2 279.533 -97.0061
958 224.978 216.727 2 270.051 -106.282
959 234.978 216.727 2 260.607 -105.449
960 244.978 216.727 2 251.206 -99.1683
961 254.978 216.727 2 241.853 -101.568
962 264.978 216.727 2 232.554 -112.885
963 274.978 216.727 2 223.316 -106.58
964 284.978 216.727 2 214.146 -109.015
965 294.978 216.727 2 205.053 -250
966 304.978 216.727 2 196.049 -250
967 314.978 216.727 2 187.146 -250
968 324.978 216.727 2 178.36 -250
969 334.978 216.727 2 169.708 -250
970 344.978 216.727 2 161.212 -250
971 354.978 216.727 2 152.898 -87.3073
972 364.978 216.727 2 144.797 -83.1944
973 374.978 216.727 2 136.948 -89.2727
974 384.978 216.727 2 129.395 -93.2488
975 394.978 216.727 2 122.195 -89.2183
976 404.978 216.727 2 115.413 -91.245
977 414.978 216.727 2 109.127 -91.3606
978 424.978 216.727 2 103.427 -250
979 434.978 216.727 2 98.4153 -250
980 444.978 216.727 2 94.2022 -250
981 454.978 216.727 2 90.8984 -250
982 464.978 216.727 2 88.6059 -250
983 474.978 216.727 2 87.4042 -75.599
984 484.978 216.727 2 87.3383 -75.5987
985 84.9784 226.727 2 403.591 -122.245
986 94.9784 226.727 2 393.795 -138.275
987 104.978 226.727 2 384.009 -250
988 114.978 226.727 2 374.234 -250
989 124.978 226.727 2 364.472 -250
990 134.978 226.727 2 354.723 -90.9267
991 144.978 226.727 2 344.988 -89.6206
992 154.978 226.727 2 335.269 -89.9865
993 164.978 226.727 2 325.567 -92.1918
994 174.978 226.727 2 315.883 -92.6227
995 184.978 226.727 2 306.22 -91.8081
996 194.978 226.727 2 296.579 -86.4833
997 204.978 226.727 2 286.963 -87.3866
998 214.978 226.727 2 277.373 -87.2007
999 224.978 226.727 2 267.814 -95.9943
1000 234.978 226.727 2 258.288 -100.872
1001 244.978 226.727 2 248.8 -104.455
1002 254.978 226.727 2 239.353 -96.2148
1003 264.978 226.727 2 229.953 -103.596
1004 274.978 226.727 2 220.606 -113.44
1005 284.978 226.727 2 211.318 -106.972
1006 294.978 226.727 2 202.099 -250
1007 304.978 226.727 2 192.957 -250
1008 314.978 226.727 2 183.904 -250
1009 324.978 226.727 2 174.955 -250
1010 334.978 226.727 2 166.126 -250
1011 344.978 226.727 2 157.436 -250
1012 354.978 226.727 2 148.912 -83.3637
1013 364.978 226.727 2 140.582 -80.1831
1014 374.978 226.727 2 132.483 -83.2684
1015 384.978 226.727 2 124.66 -92.7217
1016 394.978 226.727 2 117.169 -101.003
1017 404.978 226.727 2 110.078 -93.8261
1018 414.978 226.727 2 103.468 -93.0375
1019 424.978 226.727 2 97.4377 -250
1020 434.978 226.727 2 92.1009 -250
1021 444.978 226.727 2 87.5846 -250
1022 454.978 226.727 2 84.0211 -250
1023 464.978 226.727 2 81.5354 -250
1024 474.978 226.727 2 80.2279 -85.4069
1025 484.978 226.727 2 80.1561 -80.7592
1026 84.9784 236.727 2 402.347 -90.4985
1027 94.9784 236.727 2 392.519 -94.9484
1028 104.978 236.727 2 382.701 -108.765
1029 114.978 236.727 2 372.892 -121.031
1030 124.978 236.727 2 363.093 -250
1031 134.978 236.727 2 353.306 -92.9741
1032 144.978 236.727 2 343.531 -87.0899
1033 154.978 236.727 2 333.77 -91.7879
1034 164.978 236.727 2 324.022 -89.2761
1035 174.978 236.727 2 314.291 -89.7039
1036 184.978 236.727 2 304.578 -90.068
1037 194.978 236.727 2 294.883 -89.0431
1038 204.978 236.727 2 285.21 -88.9444
1039 214.978 236.727 2 275.559 -89.9893
1040 224.978 236.727 2 265.935 -87.3521
1041 234.978 236.727 2 256.34 -89.1014
1042 244.978 236.727 2 246.776 -87.6785
1043 254.978 236.727 2 237.249 -87.2072
1044 264.978 236.727 2 227.762 -85.9499
1045 274.978 236.727 2 218.321 -99.1249
1046 284.978 236.727 2 208.931 -113.636
1047 294.978 236.727 2 199.602 -250
1048 304.978 236.727 2 190.34 -250
1049 314.978 236.727 2 181.157 -250
1050 324.978 236.727 2 172.065 -250
1051 334.978 236.727 2 163.079 -250
1052 344.978 236.727 2 154.218 -250
1053 354.978 236.727 2 145.505 -79.4239
1054 364.978 236.727 2 136.968 -79.7352
1055 374.978 236.727 2 128.642 -81.5662
1056 384.978 236.727 2 120.57 -80.2607
1057 394.978 236.727 2 112.808 -81.4944
1058 404.978 236.727 2 105.424 -113.127
1059 414.978 236.727 2 98.502 -250
1060 424.978 236.727 2 92.1473 -250
1061 434.978 236.727 2 86.4847 -250
1062 444.978 236.727 2 81.6583 -250
1063 454.978 236.727 2 77.8239 -250
1064 464.978 236.727 2 75.1335 -250
1065 474.978 236.727 2 73.7125 -82.6235
1066 484.978 236.727 2 73.6343 -84.6347
1067 84.9784 246.727 2 401.347 -90.6297
1068 94.9784 246.727 2 391.495 -94.0379
1069 104.978 246.727 2 381.65 -92.9454
1070 114.978 246.727 2 371.813 -91.105
1071 124.978 246.727 2 361.986 -89.731
1072 134.978 246.727 2 352.168 -88.9652
1073 144.978 246.727 2 342.36 -89.0672
1074 154.978 246.727 2 332.564 -91.9639
1075 164.978 246.727 2 322.781 -89.4922
1076 174.978 246.727 2 313.011 -94.2328
1077 184.978 246.727 2 303.257 -98.8038
1078 194.978 246.727 2 293.518 -86.0593
1079 204.978 246.727 2 283.798 -85.9132
1080 214.978 246.727 2 274.099 -86.3621
1081 224.978 246.727 2 264.421 -86.9795
1082 234.978 246.727 2 254.768 -88.3948
1083 244.978 246.727 2 245.144 -88.9635
1084 254.978 246.727 2 235.55 -86.2035
1085 264.978 246.727 2 225.992 -87.8291
1086 274.978 246.727 2 216.474 -94.1453
1087 284.978 246.727 2 207.001 -82.5552
1088 294.978 246.727 2 197.58 -81.9023
1089 304.978 246.727 2 188.219 -81.7105
1090 314.978 246.727 2 178.927 -83.3407
1091 324.978 246.727 2 169.715 -82.1389
1092 334.978 246.727 2 160.598 -80.4403
1093 344.978 246.727 2 151.592 -85.5589
1094 354.978 246.727 2 142.719 -84.9247
1095 364.978 246.727 2 134.005 -80.6653
1096 374.978 246.727 2 125.482 -80.6689
1097 384.978 246.727 2 117.193 -80.5403
1098 394.978 246.727 2 109.191 -84.0547
1099 404.978 246.727 2 101.544 -79.0499
1100 414.978 246.727 2 94.338 -73.5627
1101 424.978 246.727 2 87.682 -80.0633
1102 434.978 246.727 2 81.7106 -74.432
1103 444.978 246.727 2 76.5839 -78.9777
1104 454.978 246.727 2 72.4816 -73.0075
1105 464.978 246.727 2 69.585 -71.8354
1106 474.978 246.727 2 68.0481 -82.3029
1107 484.978 246.727 2 67.9634 -81.386
1108 84.9784 256.727 2 400.596 -119.732
1109 94.9784 256.727 2 390.724 -116.528
1110 104.978 256.727 2 380.859 -115.177
1111 114.978 256.727 2 371.002 -122.145
1112 124.978 256.727 2 361.152 -113.042
1113 134.978 256.727 2 351.311 -113.592
1114 144.978 256.727 2 341.479 -105.993
1115 154.978 256.727 2 331.657 -98.8596
1116 164.978 256.727 2 321.846 -88.3483
1117 174.978 256.727 2 312.047 -91.8797
1118 184.978 256.727 2 302.261 -101.793
1119 194.978 256.727 2 292.489 -94.4887
1120 204.978 256.727 2 282.734 -94.8744
1121 214.978 256.727 2 272.996 -96.6244
1122 224.978 256.727 2 263.278 -93.4542
1123 234.978 256.727 2 253.582 -88.4433
1124 244.978 256.727 2 243.911 -84.6544
1125 254.978 256.727 2 234.267 -97.9859
1126 264.978 256.727 2 224.654 -87.3802
1127 274.978 256.727 2 215.077 -86.8222
1128 284.978 256.727 2 205.539 -85.8326
1129 294.978 256.727 2 196.048 -87.6824
1130 304.978 256.727 2 186.61 -99.6533
1131 314.978 256.727 2 177.234 -102.724
1132 324.978 256.727 2 167.93 -105.893
1133 334.978 256.727 2 158.71 -102.102
1134 344.978 256.727 2 149.59 -109.153
1135 354.978 256.727 2 140.591 -117.302
1136 364.978 256.727 2 131.736 -98.8587
1137 374.978 256.727 2 123.056 -87.5826
1138 384.978 256.727 2 114.592 -93.8445
1139 394.978 256.727 2 106.394 -81.7223
1140 404.978 256.727 2 98.5302 -93.4387
1141 414.978 256.727 2 91.0861 -79.7174
1142 424.978 256.727 2 84.1734 -81.2964
1143 434.978 256.727 2 77.9335 -88.9453
1144 444.978 256.727 2 72.5405 -84.8781
1145 454.978 256.727 2 68.1953 -87.401
1146 464.978 256.727 2 65.1082 -85.3937
1147 474.978 256.727 2 63.4631 -89.373
1148 484.978 256.727 2 63.3723 -75.0251
1149 84.9784 266.727 2 400.092 -125.71
1150 94.9784 266.727 2 390.208 -117.222
1151 104.978 266.727 2 380.33 -123.696
1152 114.978 266.727 2 370.458 -127.768
1153 124.978 266.727 2 360.594 -127.762
1154 134.978 266.727 2 350.737 -250
1155 144.978 266.727 2 340.888 -250
1156 154.978 266.727 2 331.049 -250
1157 164.978 266.727 2 321.219 -250
1158 174.978 266.727 2 311.4 -92.9668
1159 184.978 266.727 2 301.593 -83.8662
1160 194.978 266.727 2 291.8 -89.9774
1161 204.978 266.727 2 282.021 -90.2044
1162 214.978 266.727 2 272.257 -96.2778
1163 224.978 266.727 2 262.512 -96.1152
1164 234.978 266.727 2 252.786 -105.341
1165 244.978 266.727 2 243.083 -250
1166 254.978 266.727 2 233.405 -250
1167 264.978 266.727 2 223.755 -250
1168 274.978 266.727 2 214.138 -107.964
1169 284.978 266.727 2 204.557 -95.2179
1170 294.978 266.727 2 195.018 -250
1171 304.978 266.727 2 185.527 -250
1172 314.978 266.727 2 176.093 -250
1173 324.978 266.727 2 166.725 -250
1174 334.978 266.727 2 157.435 -250
1175 344.978 266.727 2 148.237 -250
1176 354.978 266.727 2 139.15 -250
1177 364.978 266.727 2 130.197 -250
1178 374.978 266.727 2 121.407 -250
1179 384.978 266.727 2 112.82 -250
1180 394.978 266.727 2 104.483 -250
1181 404.978 266.727 2 96.4635 -250
1182 414.978 266.727 2 88.8464 -250
1183 424.978 266.727 2 81.7446 -250
1184 434.978 266.727 2 75.3038 -250
1185 444.978 266.727 2 69.7075 -250
1186 454.978 266.727 2 65.1738 -250
1187 464.978 266.727 2 61.9363 -250
1188 474.978 266.727 2 60.2045 -72.9319
1189 484.978 266.727 2 60.1088 -71.4684
1190 84.9784 276.727 2 399.838 -112.303
1191 94.9784 276.727 2 389.948 -120.798
1192 104.978 276.727 2 380.063 -125.908
1193 114.978 276.727 2 370.184 -113.394
1194 124.978 276.727 2 360.312 -130.588
1195 134.978 276.727 2 350.447 -250
1196 144.978 276.727 2 340.59 -250
1197 154.978 276.727 2 330.742 -250
1198 164.978 276.727 2 320.903 -250
1199 174.978 276.727 2 311.074 -90.6333
1200 184.978 276.727 2 301.257 -91.4427
1201 194.978 276.727 2 291.452 -95.2715
1202 204.978 276.727 2 281.66 -98.3164
1203 214.978 276.727 2 271.884 -98.0797
1204 224.978 276.727 2 262.125 -97.9158
1205 234.978 276.727 2 252.385 -102.38
1206 244.978 276.727 2 242.665 -250
1207 254.978 276.727 2 232.97 -250
1208 264.978 276.727 2 223.301 -250
1209 274.978 276.727 2 213.663 -107.983
1210 284.978 276.727 2 204.06 -111.731
1211 294.978 276.727 2 194.497 -250
1212 304.978 276.727 2 184.979 -250
1213 314.978 276.727 2 175.516 -250
1214 324.978 276.727 2 166.116 -250
1215 334.978 276.727 2 156.789 -250
1216 344.978 276.727 2 147.551 -250
1217 354.978 276.727 2 138.419 -250
1218 364.978 276.727 2 129.415 -250
1219 374.978 276.727 2 120.569 -250
1220 384.978 276.727 2 111.916 -250
1221 394.978 276.727 2 103.507 -250
1222 404.978 276.727 2 95.4056 -250
1223 414.978 276.727 2 87.6967 -250
1224 424.978 276.727 2 80.4934 -250
1225 434.978 276.727 2 73.9437 -250
1226 444.978 276.727 2 68.236 -250
1227 454.978 276.727 2 63.5975 -250
1228 464.978 276.727 2 60.2754 -250
1229 474.978 276.727 2 58.4945 -72.8467
1230 484.978 276.727 2 58.3959 -72.6017
1231 84.9784 286.727 2 399.835 -117.074
1232 94.9784 286.727 2 389.944 -118.503
1233 104.978 286.727 2 380.059 -118.87
1234 114.978 286.727 2 370.18 -121.423
1235 124.978 286.727 2 360.308 -134.863
1236 134.978 286.727 2 350.443 -250
1237 144.978 286.727 2 340.586 -250
1238 154.978 286.727 2 330.737 -250
1239 164.978 286.727 2 320.898 -250
1240 174.978 286.727 2 311.069 -98.9558
1241 184.978 286.727 2 301.252 -93.7232
1242 194.978 286.727 2 291.447 -93.5335
1243 204.978 286.727 2 281.655 -97.9061
1244 214.978 286.727 2 271.879 -99.0141
1245 224.978 286.727 2 262.119 -97.5413
1246 234.978 286.727 2 252.379 -101.824
1247 244.978 286.727 2 242.659 -250
1248 254.978 286.727 2 232.964 -250
1249 264.978 286.727 2 223.295 -250
1250 274.978 286.727 2 213.656 -93.3615
1251 284.978 286.727 2 204.053 -101.174
1252 294.978 286.727 2 194.489 -250
1253 304.978 286.727 2 184.971 -250
1254 314.978 286.727 2 175.508 -250
1255 324.978 286.727 2 166.107 -250
1256 334.978 286.727 2 156.78 -250
1257 344.978 286.727 2 147.541 -250
1258 354.978 286.727 2 138.408 -250
1259 364.978 286.727 2 129.404 -250
1260 374.978 286.727 2 120.556 -250
1261 384.978 286.727 2 111.903 -250
1262 394.978 286.727 2 103.493 -250
1263 404.978 286.727 2 95.39 -250
1264 414.978 286.727 2 87.6797 -250
1265 424.978 286.727 2 80.4749 -250
1266 434.978 286.727 2 73.9236 -250
1267 444.978 286.727 2 68.2142 -250
1268 454.978 286.727 2 63.574 -250
1269 464.978 286.727 2 60.2506 -250
1270 474.978 286.727 2 58.469 -72.6124
1271 484.978 286.727 2 58.3704 -72.4043
1272 84.9784 296.727 2 400.081 -116.579
1273 94.9784 296.727 2 390.197 -120.307
1274 104.978 296.727 2 380.318 -115.46
1275 114.978 296.727 2 370.446 -121.926
1276 124.978 296.727 2 360.581 -134.851
1277 134.978 296.727 2 350.724 -250
1278 144.978 296.727 2 340.875 -250
1279 154.978 296.727 2 331.035 -250
1280 164.978 296.727 2 321.205 -250
1281 174.978 296.727 2 311.386 -91.4642
1282 184.978 296.727 2 301.579 -90.3675
1283 194.978 296.727 2 291.784 -94.9324
1284 204.978 296.727 2 282.005 -95.597
1285 214.978 296.727 2 272.241 -97.3469
1286 224.978 296.727 2 262.495 -98.3248
1287 234.978 296.727 2 252.769 -103.438
1288 244.978 296.727 2 243.065 -250
1289 254.978 296.727 2 233.386 -250
1290 264.978 296.727 2 223.735 -250
1291 274.978 296.727 2 214.117 -99.1059
1292 284.978 296.727 2 204.535 -93.7991
1293 294.978 296.727 2 194.995 -250
1294 304.978 296.727 2 185.503 -250
1295 314.978 296.727 2 176.068 -250
1296 324.978 296.727 2 166.699 -93.1429
1297 334.978 296.727 2 157.407 -90.6595
1298 344.978 296.727 2 148.207 -95.5775
1299 354.978 296.727 2 139.118 -93.5155
1300 364.978 296.727 2 130.163 -81.5126
1301 374.978 296.727 2 121.371 -84.0251
1302 384.978 296.727 2 112.78 -82.6164
1303 394.978 296.727 2 104.44 -81.4611
1304 404.978 296.727 2 96.4171 -80.7458
1305 414.978 296.727 2 88.7961 -81.7725
1306 424.978 296.727 2 81.6898 -96.8354
1307 434.978 296.727 2 75.2443 -250
1308 444.978 296.727 2 69.6433 -250
1309 454.978 296.727 2 65.1051 -250
1310 464.978 296.727 2 61.864 -250
1311 474.978 296.727 2 60.1302 -71.4668
1312 484.978 296.727 2 60.0343 -71.4067
1313 84.9784 306.727 2 400.577 -116.08
1314 94.9784 306.727 2 390.705 -121.463
1315 104.978 306.727 2 380.84 -132.81
1316 114.978 306.727 2 370.982 -121.603
1317 124.978 306.727 2 361.131 -136.76
1318 134.978 306.727 2 351.289 -250
1319 144.978 306.727 2 341.457 -250
1320 154.978 306.727 2 331.634 -250
1321 164.978 306.727 2 321.822 -250
1322 174.978 306.727 2 312.023 -89.483
1323 184.978 306.727 2 302.236 -92.4142
1324 194.978 306.727 2 292.464 -99.4622
1325 204.978 306.727 2 282.708 -98.4563
1326 214.978 306.727 2 272.969 -99.9203
1327 224.978 306.727 2 263.25 -103.838
1328 234.978 306.727 2 253.553 -107.08
1329 244.978 306.727 2 243.88 -250
1330 254.978 306.727 2 234.235 -250
1331 264.978 306.727 2 224.621 -250
1332 274.978 306.727 2 215.042 -94.5618
1333 284.978 306.727 2 205.503 -107.407
1334 294.978 306.727 2 196.01 -250
1335 304.978 306.727 2 186.57 -250
1336 314.978 306.727 2 177.192 -250
1337 324.978 306.727 2 167.885 -99.6547
1338 334.978 306.727 2 158.663 -250
1339 344.978 306.727 2 149.541 -250
1340 354.978 306.727 2 140.538 -250
1341 364.978 306.727 2 131.679 -94.3167
1342 374.978 306.727 2 122.995 -250
1343 384.978 306.727 2 114.526 -250
1344 394.978 306.727 2 106.324 -250
1345 404.978 306.727 2 98.4545 -250
1346 414.978 306.727 2 91.0042 -250
1347 424.978 306.727 2 84.0848 -250
1348 434.978 306.727 2 77.8378 -250
1349 444.978 306.727 2 72.4376 -250
1350 454.978 306.727 2 68.0859 -250
1351 464.978 306.727 2 64.9937 -250
1352 474.978 306.727 2 63.3456 -81.2105
1353 484.978 306.727 2 63.2546 -75.9868
1354 84.9784 316.727 2 401.321 -108.236
1355 94.9784 316.727 2 391.468 -116.994
1356 104.978 316.727 2 381.623 -128.298
1357 114.978 316.727 2 371.785 -125.359
1358 124.978 316.727 2 361.957 -111.967
1359 134.978 316.727 2 352.138 -250
1360 144.978 316.727 2 342.33 -250
1361 154.978 316.727 2 332.533 -250
1362 164.978 316.727 2 322.749 -250
1363 174.978 316.727 2 312.978 -92.5182
1364 184.978 316.727 2 303.222 -96.9717
1365 194.978 316.727 2 293.483 -105.372
1366 204.978 316.727 2 283.762 -99.9246
1367 214.978 316.727 2 274.06 -97.8873
1368 224.978 316.727 2 264.382 -96.893
1369 234.978 316.727 2 254.728 -99.1286
1370 244.978 316.727 2 245.101 -250
1371 254.978 316.727 2 235.506 -250
1372 264.978 316.727 2 225.946 -250
1373 274.978 316.727 2 216.426 -101.233
1374 284.978 316.727 2 206.951 -94.2066
1375 294.978 316.727 2 197.527 -250
1376 304.978 316.727 2 188.163 -250
1377 314.978 316.727 2 178.869 -250
1378 324.978 316.727 2 169.654 -95.8649
1379 334.978 316.727 2 160.533 -250
1380 344.978 316.727 2 151.524 -250
1381 354.978 316.727 2 142.646 -250
1382 364.978 316.727 2 133.927 -95.0936
1383 374.978 316.727 2 125.399 -250
1384 384.978 316.727 2 117.104 -250
1385 394.978 316.727 2 109.095 -250
1386 404.978 316.727 2 101.441 -250
1387 414.978 316.727 2 94.2273 -250
1388 424.978 316.727 2 87.5629 -250
1389 434.978 316.727 2 81.5828 -250
1390 444.978 316.727 2 76.4476 -250
1391 454.978 316.727 2 72.3375 -250
1392 464.978 316.727 2 69.4348 -250
1393 474.978 316.727 2 67.8946 -77.0323
1394 484.978 316.727 2 67.8097 -76.1791
1395 84.9784 326.727 2 402.313 -94.9298
1396 94.9784 326.727 2 392.485 -97.0206
1397 104.978 326.727 2 382.665 -100.447
1398 114.978 326.727 2 372.856 -94.67
1399 124.978 326.727 2 363.056 -90.5151
1400 134.978 326.727 2 353.268 -89.0105
1401 144.978 326.727 2 343.492 -89.9004
1402 154.978 326.727 2 333.729 -88.4675
1403 164.978 326.727 2 323.981 -92.2605
1404 174.978 326.727 2 314.249 -96.893
1405 184.978 326.727 2 304.534 -103.974
1406 194.978 326.727 2 294.838 -93.4837
1407 204.978 326.727 2 285.163 -93.5321
1408 214.978 326.727 2 275.511 -98.0187
1409 224.978 326.727 2 265.885 -97.2841
1410 234.978 326.727 2 256.287 -107.846
1411 244.978 326.727 2 246.722 -89.8224
1412 254.978 326.727 2 237.192 -102.888
1413 264.978 326.727 2 227.703 -94.6424
1414 274.978 326.727 2 218.259 -95.0147
1415 284.978 326.727 2 208.867 -97.6531
1416 294.978 326.727 2 199.534 -91.9787
1417 304.978 326.727 2 190.27 -99.9307
1418 314.978 326.727 2 181.083 -90.9232
1419 324.978 326.727 2 171.987 -93.2593
1420 334.978 326.727 2 162.997 -93.5269
1421 344.978 326.727 2 154.131 -111.198
1422 354.978 326.727 2 145.413 -91.6087
1423 364.978 326.727 2 136.87 -101.943
1424 374.978 326.727 2 128.537 -93.8804
1425 384.978 326.727 2 120.459 -93.0045
1426 394.978 326.727 2 112.689 -112.826
1427 404.978 326.727 2 105.296 -95.8925
1428 414.978 326.727 2 98.3657 -91.8934
1429 424.978 326.727 2 92.0015 -92.8322
1430 434.978 326.727 2 86.3294 -103.405
1431 444.978 326.727 2 81.4939 -92.0158
1432 454.978 326.727 2 77.6513 -108.151
1433 464.978 326.727 2 74.9547 -106.739
1434 474.978 326.727 2 73.5302 -80.1218
1435 484.978 326.727 2 73.4519 -86.7509
1436 84.9784 336.727 2 403.55 -93.0668
1437 94.9784 336.727 2 393.753 -91.697
1438 104.978 336.727 2 383.966 -93.4639
1439 114.978 336.727 2 374.19 -86.5782
1440 124.978 336.727 2 364.427 -93.6264
1441 134.978 336.727 2 354.676 -87.5057
1442 144.978 336.727 2 344.94 -84.7364
1443 154.978 336.727 2 335.22 -104.836
1444 164.978 336.727 2 325.516 -86.4198
1445 174.978 336.727 2 315.831 -89.3001
1446 184.978 336.727 2 306.166 -88.7665
1447 194.978 336.727 2 296.524 -87.199
1448 204.978 336.727 2 286.905 -89.1218
1449 214.978 336.727 2 277.314 -89.8535
1450 224.978 336.727 2 267.753 -87.4588
1451 234.978 336.727 2 258.225 -88.3176
1452 244.978 336.727 2 248.734 -85.7653
1453 254.978 336.727 2 239.285 -84.8833
1454 264.978 336.727 2 229.882 -95.0677
1455 274.978 336.727 2 220.531 -89.5748
1456 284.978 336.727 2 211.241 -83.1776
1457 294.978 336.727 2 202.017 -88.3757
1458 304.978 336.727 2 192.872 -84.3204
1459 314.978 336.727 2 183.815 -89.7403
1460 324.978 336.727 2 174.861 -84.339
1461 334.978 336.727 2 166.027 -82.2134
1462 344.978 336.727 2 157.332 -83.4792
1463 354.978 336.727 2 148.802 -83.7549
1464 364.978 336.727 2 140.465 -84.8536
1465 374.978 336.727 2 132.359 -85.9382
1466 384.978 336.727 2 124.529 -82.5552
1467 394.978 336.727 2 117.029 -78.8075
1468 404.978 336.727 2 109.929 -85.2529
1469 414.978 336.727 2 103.309 -86.6994
1470 424.978 336.727 2 97.2692 -82.4223
1471 434.978 336.727 2 91.9227 -81.1027
1472 444.978 336.727 2 87.3972 -76.6294
1473 454.978 336.727 2 83.8257 -76.9665
1474 464.978 336.727 2 81.3341 -78.2719
1475 474.978 336.727 2 80.0232 -81.7008
1476 484.978 336.727 2 79.9512 -81.7729
1477 84.9784 346.727 2 405.031 -114.5
1478 94.9784 346.727 2 395.27 -131.957
1479 104.978 346.727 2 385.522 -134.083
1480 114.978 346.727 2 375.786 -250
1481 124.978 346.727 2 366.065 -250
1482 134.978 346.727 2 356.36 -250
1483 144.978 346.727 2 346.671 -250
1484 154.978 346.727 2 337 -250
1485 164.978 346.727 2 327.35 -250
1486 174.978 346.727 2 317.72 -250
1487 184.978 346.727 2 308.115 -83.9039
1488 194.978 346.727 2 298.535 -92.5331
1489 204.978 346.727 2 288.984 -88.9666
1490 214.978 346.727 2 279.464 -94.0059
1491 224.978 346.727 2 269.979 -110.566
1492 234.978 346.727 2 260.532 -105.108
1493 244.978 346.727 2 251.129 -250
1494 254.978 346.727 2 241.773 -250
1495 264.978 346.727 2 232.471 -250
1496 274.978 346.727 2 223.229 -91.5219
1497 284.978 346.727 2 214.055 -85.4474
1498 294.978 346.727 2 204.959 -94.6251
1499 304.978 346.727 2 195.95 -88.8717
1500 314.978 346.727 2 187.043 -84.8747
1501 324.978 346.727 2 178.251 -83.0931
1502 334.978 346.727 2 169.594 -83.5278
1503 344.978 346.727 2 161.091 -82.2747
1504 354.978 346.727 2 152.771 -86.453
1505 364.978 346.727 2 144.663 -83.2643
1506 374.978 346.727 2 136.806 -80.3719
1507 384.978 346.727 2 129.245 -250
1508 394.978 346.727 2 122.036 -250
1509 404.978 346.727 2 115.245 -250
1510 414.978 346.727 2 108.949 -250
1511 424.978 346.727 2 103.239 -250
1512 434.978 346.727 2 98.2181 -250
1513 444.978 346.727 2 93.9962 -77.7613
1514 454.978 346.727 2 90.685 -250
1515 464.978 346.727 2 88.3869 -250
1516 474.978 346.727 2 87.1822 -78.2946
1517 484.978 346.727 2 87.1161 -79.2863
1518 84.9784 356.727 2 406.752 -126.806
1519 94.9784 356.727 2 397.033 -131.941
1520 104.978 356.727 2 387.329 -250
1521 114.978 356.727 2 377.641 -250
1522 124.978 356.727 2 367.969 -250
1523 134.978 356.727 2 358.315 -250
1524 144.978 356.727 2 348.68 -250
1525 154.978 356.727 2 339.067 -250
1526 164.978 356.727 2 329.477 -250
1527 174.978 356.727 2 319.911 -250
1528 184.978 356.727 2 310.374 -85.5568
1529 194.978 356.727 2 300.866 -94.5362
1530 204.978 356.727 2 291.391 -89.4119
1531 214.978 356.727 2 281.953 -105.878
1532 224.978 356.727 2 272.554 -98.5152
1533 234.978 356.727 2 263.2 -96.7131
1534 244.978 356.727 2 253.895 -250
1535 254.978 356.727 2 244.645 -143.034
1536 264.978 356.727 2 235.456 -250
1537 274.978 356.727 2 226.336 -82.8351
1538 284.978 356.727 2 217.294 -80.8995
1539 294.978 356.727 2 208.339 -95.2721
1540 304.978 356.727 2 199.483 -84.8954
1541 314.978 356.727 2 190.741 -85.0592
1542 324.978 356.727 2 182.128 -87.2632
1543 334.978 356.727 2 173.663 -83.0595
1544 344.978 356.727 2 165.371 -85.0702
1545 354.978 356.727 2 157.277 -83.6928
1546 364.978 356.727 2 149.414 -88.9772
1547 374.978 356.727 2 141.82 -98.943
1548 384.978 356.727 2 134.541 -130.539
1549 394.978 356.727 2 127.632 -250
1550 404.978 356.727 2 121.154 -250
1551 414.978 356.727 2 115.182 -250
1552 424.978 356.727 2 109.797 -250
1553 434.978 356.727 2 105.09 -250
1554 444.978 356.727 2 101.155 -74.2294
1555 454.978 356.727 2 98.0856 -250
1556 464.978 356.727 2 95.9649 -250
1557 474.978 356.727 2 94.8565 -77.1994
1558 484.978 356.727 2 94.7957 -77.8751
1559 84.9784 366.727 2 408.71 -135.743
1560 94.9784 366.727 2 399.039 -138.292
1561 104.978 366.727 2 389.385 -250
1562 114.978 366.727 2 379.749 -250
1563 124.978 366.727 2 370.132 -250
1564 134.978 366.727 2 360.536 -250
1565 144.978 366.727 2 350.963 -250
1566 154.978 366.727 2 341.414 -250
1567 164.978 366.727 2 331.891 -250
1568 174.978 366.727 2 322.398 -250
1569 184.978 366.727 2 312.936 -107.044
1570 194.978 366.727 2 303.508 -250
1571 204.978 366.727 2 294.119 -250
1572 214.978 366.727 2 284.77 -250
1573 224.978 366.727 2 275.468 -250
1574 234.978 366.727 2 266.216 -250
1575 244.978 366.727 2 257.021 -250
1576 254.978 366.727 2 247.887 -250
1577 264.978 366.727 2 238.823 -250
1578 274.978 366.727 2 229.837 -84.3582
1579 284.978 366.727 2 220.938 -85.29
1580 294.978 366.727 2 212.137 -89.5449
1581 304.978 366.727 2 203.447 -86.8635
1582 314.978 366.727 2 194.882 -82.1527
1583 324.978 366.727 2 186.461 -82.5812
1584 334.978 366.727 2 178.202 -83.3376
1585 344.978 366.727 2 170.131 -83.4741
1586 354.978 366.727 2 162.274 -82.0633
1587 364.978 366.727 2 154.666 -88.4301
1588 374.978 366.727 2 147.343 -98.683
1589 384.978 366.727 2 140.351 -127.63
1590 394.978 366.727 2 133.742 -250
1591 404.978 366.727 2 127.575 -250
1592 414.978 366.727 2 121.918 -250
1593 424.978 366.727 2 116.843 -250
1594 434.978 366.727 2 112.431 -250
1595 444.978 366.727 2 108.763 -73.8162
1596 454.978 366.727 2 105.914 -250
1597 464.978 366.727 2 103.953 -250
1598 474.978 366.727 2 102.931 -85.4525
1599 484.978 366.727 2 102.875 -85.677
1600 84.9784 376.727 2 410.903 -134.002
1601 94.9784 376.727 2 401.285 -145.891
1602 104.978 376.727 2 391.686 -250
1603 114.978 376.727 2 382.108 -250
1604 124.978 376.727 2 372.552 -250
1605 134.978 376.727 2 363.02 -250
1606 144.978 376.727 2 353.514 -250
1607 154.978 376.727 2 344.035 -250
1608 164.978 376.727 2 334.588 -250
1609 174.978 376.727 2 325.173 -250
1610 184.978 376.727 2 315.794 -118.056
1611 194.978 376.727 2 306.454 -250
1612 204.978 376.727 2 297.158 -250
1613 214.978 376.727 2 287.908 -250
1614 224.978 376.727 2 278.711 -250
1615 234.978 376.727 2 269.57 -250
1616 244.978 376.727 2 260.493 -250
1617 254.978 376.727 2 251.486 -250
1618 264.978 376.727 2 242.557 -250
1619 274.978 376.727 2 233.714 -87.0619
1620 284.978 376.727 2 224.968 -96.8175
1621 294.978 376.727 2 216.331 -83.8376
1622 304.978 376.727 2 207.816 -85.2753
1623 314.978 376.727 2 199.439 -84.9023
1624 324.978 376.727 2 191.219 -87.7496
1625 334.978 376.727 2 183.175 -85.5332
1626 344.978 376.727 2 175.333 -85.914
1627 354.978 376.727 2 167.72 -89.5681
1628 364.978 376.727 2 160.37 -87.3199
1629 374.978 376.727 2 153.32 -116.202
1630 384.978 376.727 2 146.613 -250
1631 394.978 376.727 2 140.299 -250
1632 404.978 376.727 2 134.434 -250
1633 414.978 376.727 2 129.077 -250
1634 424.978 376.727 2 124.296 -250
1635 434.978 376.727 2 120.158 -250
1636 444.978 376.727 2 116.732 -250
1637 454.978 376.727 2 114.083 -250
1638 464.978 376.727 2 112.264 -250
1639 474.978 376.727 2 111.318 -78.3456
1640 484.978 376.727 2 111.267 -78.1398
1641 84.9784 386.727 2 413.326 -111.377
1642 94.9784 386.727 2 403.765 -109.023
1643 104.978 386.727 2 394.227 -136.318
1644 114.978 386.727 2 384.712 -250
1645 124.978 386.727 2 375.223 -250
1646 134.978 386.727 2 365.76 -250
1647 144.978 386.727 2 356.327 -250
1648 154.978 386.727 2 346.926 -250
1649 164.978 386.727 2 337.559 -250
1650 174.978 386.727 2 328.229 -250
1651 184.978 386.727 2 318.94 -107.651
1652 194.978 386.727 2 309.696 -250
1653 204.978 386.727 2 300.499 -250
1654 214.978 386.727 2 291.356 -250
1655 224.978 386.727 2 282.271 -250
1656 234.978 386.727 2 273.249 -250
1657 244.978 386.727 2 264.299 -250
1658 254.978 386.727 2 255.426 -250
1659 264.978 386.727 2 246.639 -250
1660 274.978 386.727 2 237.948 -84.7465
1661 284.978 386.727 2 229.364 -87.2816
1662 294.978 386.727 2 220.898 -93.9081
1663 304.978 386.727 2 212.567 -87.491
1664 314.978 386.727 2 204.385 -84.1871
1665 324.978 386.727 2 196.371 -82.5208
1666 334.978 386.727 2 188.547 -89.3542
1667 344.978 386.727 2 180.938 -95.783
1668 354.978 386.727 2 173.571 -82.4014
1669 364.978 386.727 2 166.48 -89.9905
1670 374.978 386.727 2 159.7 -113.88
1671 384.978 386.727 2 153.273 -250
1672 394.978 386.727 2 147.245 -250
1673 404.978 386.727 2 141.667 -250
1674 414.978 386.727 2 136.594 -250
1675 424.978 386.727 2 132.085 -250
1676 434.978 386.727 2 128.199 -250
1677 444.978 386.727 2 124.993 -250
1678 454.978 386.727 2 122.523 -250
1679 464.978 386.727 2 120.832 -250
1680 474.978 386.727 2 119.953 -79.5813
1681 484.978 386.727 2 119.905 -79.7828
1682 84.9784 396.727 2 415.975 -94.2123
1683 94.9784 396.727 2 406.477 -93.4864
1684 104.978 396.727 2 397.004 -98.511
1685 114.978 396.727 2 387.557 -98.8965
1686 124.978 396.727 2 378.139 -92.8869
1687 134.978 396.727 2 368.751 -99.6783
1688 144.978 396.727 2 359.397 -102.719
1689 154.978 396.727 2 350.078 -96.796
1690 164.978 396.727 2 340.797 -93.6822
1691 174.978 396.727 2 331.559 -91.3969
1692 184.978 396.727 2 322.366 -95.3787
1693 194.978 396.727 2 313.222 -100.94
1694 204.978 396.727 2 304.133 -92.4953
1695 214.978 396.727 2 295.102 -93.6847
1696 224.978 396.727 2 286.136 -92.649
1697 234.978 396.727 2 277.24 -97.008
1698 244.978 396.727 2 268.423 -250
1699 254.978 396.727 2 259.691 -250
1700 264.978 396.727 2 251.053 -250
1701 274.978 396.727 2 242.52 -85.574
1702 284.978 396.727 2 234.104 -89.8035
1703 294.978 396.727 2 225.817 -90.25
1704 304.978 396.727 2 217.673 -89.3259
1705 314.978 396.727 2 209.691 -88.2578
1706 324.978 396.727 2 201.888 -88.8062
1707 334.978 396.727 2 194.286 -89.2844
1708 344.978 396.727 2 186.911 -82.7562
1709 354.978 396.727 2 179.789 -86.1308
1710 364.978 396.727 2 172.952 -93.9865
1711 374.978 396.727 2 166.436 -104.637
1712 384.978 396.727 2 160.279 -250
1713 394.978 396.727 2 154.525 -250
1714 404.978 396.727 2 149.219 -250
1715 414.978 396.727 2 144.412 -250
1716 424.978 396.727 2 140.155 -250
1717 434.978 396.727 2 136.499 -250
1718 444.978 396.727 2 133.493 -250
1719 454.978 396.727 2 131.183 -250
1720 464.978 396.727 2 129.605 -250
1721 474.978 396.727 2 128.786 -81.2883
1722 484.978 396.727 2 128.741 -81.6144
1723 84.9784 406.727 2 418.846 -104.64
1724 94.9784 406.727 2 409.415 -93.4283
1725 104.978 406.727 2 400.011 -93.5252
1726 114.978 406.727 2 390.637 -99.4724
1727 124.978 406.727 2 381.295 -93.4729
1728 134.978 406.727 2 371.987 -100.568
1729 144.978 406.727 2 362.716 -101.313
1730 154.978 406.727 2 353.485 -94.757
1731 164.978 406.727 2 344.296 -89.2225
1732 174.978 406.727 2 335.154 -95.3987
1733 184.978 406.727 2 326.063 -88.1981
1734 194.978 406.727 2 317.026 -91.3099
1735 204.978 406.727 2 308.048 -99.1343
1736 214.978 406.727 2 299.136 -97.6512
1737 224.978 406.727 2 290.294 -92.3687
1738 234.978 406.727 2 281.53 -91.7436
1739 244.978 406.727 2 272.851 -93.9204
1740 254.978 406.727 2 264.265 -89.8135
1741 264.978 406.727 2 255.783 -88.0028
1742 274.978 406.727 2 247.413 -87.1448
1743 284.978 406.727 2 239.169 -88.6742
1744 294.978 406.727 2 231.063 -88.6829
1745 304.978 406.727 2 223.111 -84.2033
1746 314.978 406.727 2 215.33 -89.6196
1747 324.978 406.727 2 207.739 -85.7397
1748 334.978 406.727 2 200.36 -90.7129
1749 344.978 406.727 2 193.216 -83.3111
1750 354.978 406.727 2 186.336 -86.3467
1751 364.978 406.727 2 179.749 -91.3193
1752 374.978 406.727 2 173.488 -88.5239
1753 384.978 406.727 2 167.59 -89.7557
1754 394.978 406.727 2 162.096 -93.5293
1755 404.978 406.727 2 157.046 -91.9009
1756 414.978 406.727 2 152.486 -88.1103
1757 424.978 406.727 2 148.46 -89.9635
1758 434.978 406.727 2 145.014 -92.1866
1759 444.978 406.727 2 142.188 -88.5414
1760 454.978 406.727 2 140.021 -89.4184
1761 464.978 406.727 2 138.544 -108.833
1762 474.978 406.727 2 137.778 -80.6633
1763 484.978 406.727 2 137.736 -82.4262
1764 84.9784 416.727 2 421.935 -97.5014
1765 94.9784 416.727 2 412.574 -98.1107
1766 104.978 416.727 2 403.244 -96.3879
1767 114.978 416.727 2 393.947 -250
1768 124.978 416.727 2 384.686 -250
1769 134.978 416.727 2 375.462 -250
1770 144.978 416.727 2 366.279 -250
1771 154.978 416.727 2 357.139 -90.3225
1772 164.978 416.727 2 348.047 -87.8794
1773 174.978 416.727 2 339.006 -92.3075
1774 184.978 416.727 2 330.021 -93.9519
1775 194.978 416.727 2 321.096 -93.7014
1776 204.978 416.727 2 312.235 -95.4072
1777 214.978 416.727 2 303.446 -103.443
1778 224.978 416.727 2 294.733 -94.1214
1779 234.978 416.727 2 286.105 -87.8335
1780 244.978 416.727 2 277.569 -84.4781
1781 254.978 416.727 2 269.134 -86.7531
1782 264.978 416.727 2 260.81 -88.8652
1783 274.978 416.727 2 252.607 -91.8057
1784 284.978 416.727 2 244.538 -88.4222
1785 294.978 416.727 2 236.616 -88.7674
1786 304.978 416.727 2 228.857 -83.5762
1787 314.978 416.727 2 221.278 -90.1118
1788 324.978 416.727 2 213.899 -90.7988
1789 334.978 416.727 2 206.739 -86.9524
1790 344.978 416.727 2 199.824 -83.0974
1791 354.978 416.727 2 193.179 -88.9948
1792 364.978 416.727 2 186.833 -84.1917
1793 374.978 416.727 2 180.818 -95.3405
1794 384.978 416.727 2 175.167 -99.3862
1795 394.978 416.727 2 169.918 -87.938
1796 404.978 416.727 2 165.108 -93.8746
1797 414.978 416.727 2 160.776 -97.2242
1798 424.978 416.727 2 156.963 -96.2606
1799 434.978 416.727 2 153.707 -96.5594
1800 444.978 416.727 2 151.044 -97.8051
1801 454.978 416.727 2 149.006 -105.105
1802 464.978 416.727 2 147.619 -93.7304
1803 474.978 416.727 2 146.901 -81.1701
1804 484.978 416.727 2 146.862 -81.0783
1805 84.9784 426.727 2 425.236 -98.7492
1806 94.9784 426.727 2 415.95 -123.32
1807 104.978 426.727 2 406.698 -135.684
1808 114.978 426.727 2 397.481 -250
1809 124.978 426.727 2 388.304 -250
1810 134.978 426.727 2 379.168 -250
1811 144.978 426.727 2 370.077 -250
1812 154.978 426.727 2 361.034 -103.457
1813 164.978 426.727 2 352.043 -250
1814 174.978 426.727 2 343.107 -250
1815 184.978 426.727 2 334.232 -250
1816 194.978 426.727 2 325.422 -250
1817 204.978 426.727 2 316.683 -250
1818 214.978 426.727 2 308.02 -250
1819 224.978 426.727 2 299.441 -94.0171
1820 234.978 426.727 2 290.952 -250
1821 244.978 426.727 2 282.563 -250
1822 254.978 426.727 2 274.281 -250
1823 264.978 426.727 2 266.118 -250
1824 274.978 426.727 2 258.084 -87.6661
1825 284.978 426.727 2 250.191 -88.286
1826 294.978 426.727 2 242.455 -101.252
1827 304.978 426.727 2 234.889 -250
1828 314.978 426.727 2 227.511 -250
1829 324.978 426.727 2 220.34 -250
1830 334.978 426.727 2 213.397 -250
1831 344.978 426.727 2 206.704 -250
1832 354.978 426.727 2 200.288 -250
1833 364.978 426.727 2 194.174 -250
1834 374.978 426.727 2 188.393 -250
1835 384.978 426.727 2 182.977 -250
1836 394.978 426.727 2 177.958 -250
1837 404.978 426.727 2 173.371 -250
1838 414.978 426.727 2 169.251 -250
1839 424.978 426.727 2 165.634 -250
1840 434.978 426.727 2 162.551 -250
1841 444.978 426.727 2 160.036 -250
1842 454.978 426.727 2 158.114 -250
1843 464.978 426.727 2 156.807 -82.2804
1844 474.978 426.727 2 156.131 -84.1386
1845 484.978 426.727 2 156.094 -250
1846 84.9784 436.727 2 428.746 -125.797
1847 94.9784 436.727 2 419.537 -131.782
1848 104.978 436.727 2 410.366 -135.555
1849 114.978 436.727 2 401.234 -250
1850 124.978 436.727 2 392.144 -250
1851 134.978 436.727 2 383.1 -250
1852 144.978 436.727 2 374.104 -250
1853 154.978 436.727 2 365.161 -115.046
1854 164.978 436.727 2 356.274 -250
1855 174.978 436.727 2 347.447 -250
1856 184.978 436.727 2 338.686 -250
1857 194.978 436.727 2 329.995 -250
1858 204.978 436.727 2 321.38 -250
1859 214.978 436.727 2 312.847 -250
1860 224.978 436.727 2 304.404 -103.032
1861 234.978 436.727 2 296.058 -250
1862 244.978 436.727 2 287.817 -250
1863 254.978 436.727 2 279.691 -250
1864 264.978 436.727 2 271.691 -250
1865 274.978 436.727 2 263.826 -95.7721
1866 284.978 436.727 2 256.111 -95.5126
1867 294.978 436.727 2 248.558 -112.866
1868 304.978 436.727 2 241.184 -250
1869 314.978 436.727 2 234.005 -250
1870 324.978 436.727 2 227.039 -250
1871 334.978 436.727 2 220.307 -250
1872 344.978 436.727 2 213.831 -250
1873 354.978 436.727 2 207.635 -250
1874 364.978 436.727 2 201.744 -250
1875 374.978 436.727 2 196.186 -250
1876 384.978 436.727 2 190.991 -250
1877 394.978 436.727 2 186.188 -250
1878 404.978 436.727 2 181.809 -250
1879 414.978 436.727 2 177.885 -250
1880 424.978 436.727 2 174.446 -250
1881 434.978 436.727 2 171.523 -250
1882 444.978 436.727 2 169.14 -250
1883 454.978 436.727 2 167.323 -250
1884 464.978 436.727 2 166.089 -81.8082
1885 474.978 436.727 2 165.451 -86.7532
1886 484.978 436.727 2 165.416 -250
1887 84.9784 446.727 2 432.458 -127.856
1888 94.9784 446.727 2 423.33 -132.339
1889 104.978 446.727 2 414.243 -137.932
1890 114.978 446.727 2 405.198 -250
1891 124.978 446.727 2 396.199 -250
1892 134.978 446.727 2 387.25 -250
1893 144.978 446.727 2 378.353 -250
1894 154.978 446.727 2 369.513 -118.075
1895 164.978 446.727 2 360.733 -250
1896 174.978 446.727 2 352.018 -250
1897 184.978 446.727 2 343.373 -250
1898 194.978 446.727 2 334.804 -250
1899 204.978 446.727 2 326.316 -250
1900 214.978 446.727 2 317.916 -250
1901 224.978 446.727 2 309.611 -113.494
1902 234.978 446.727 2 301.409 -250
1903 244.978 446.727 2 293.319 -250
1904 254.978 446.727 2 285.349 -250
1905 264.978 446.727 2 277.512 -250
1906 274.978 446.727 2 269.817 -108.451
1907 284.978 446.727 2 262.278 -93.9702
1908 294.978 446.727 2 254.908 -94.114
1909 304.978 446.727 2 247.723 -250
1910 314.978 446.727 2 240.739 -250
1911 324.978 446.727 2 233.974 -250
1912 334.978 446.727 2 227.447 -250
1913 344.978 446.727 2 221.18 -250
1914 354.978 446.727 2 215.196 -250
1915 364.978 446.727 2 209.518 -250
1916 374.978 446.727 2 204.172 -250
1917 384.978 446.727 2 199.185 -250
1918 394.978 446.727 2 194.584 -250
1919 404.978 446.727 2 190.398 -250
1920 414.978 446.727 2 186.655 -250
1921 424.978 446.727 2 183.381 -250
1922 434.978 446.727 2 180.602 -250
1923 444.978 446.727 2 178.341 -250
1924 454.978 446.727 2 176.618 -250
1925 464.978 446.727 2 175.449 -79.7853
1926 474.978 446.727 2 174.845 -83.7371
1927 484.978 446.727 2 174.812 -250
1928 84.9784 456.727 2 436.368 -124.706
1929 94.9784 456.727 2 427.324 -166.462
1930 104.978 456.727 2 418.323 -170.326
1931 114.978 456.727 2 409.369 -250
1932 124.978 456.727 2 400.464 -250
1933 134.978 456.727 2 391.611 -250
1934 144.978 456.727 2 382.816 -250
1935 154.978 456.727 2 374.081 -126.002
1936 164.978 456.727 2 365.411 -250
1937 174.978 456.727 2 356.81 -250
1938 184.978 456.727 2 348.284 -250
1939 194.978 456.727 2 339.839 -250
1940 204.978 456.727 2 331.48 -250
1941 214.978 456.727 2 323.214 -250
1942 224.978 456.727 2 315.049 -116.556
1943 234.978 456.727 2 306.992 -250
1944 244.978 456.727 2 299.053 -250
1945 254.978 456.727 2 291.241 -250
1946 264.978 456.727 2 283.566 -250
1947 274.978 456.727 2 276.04 -116.319
1948 284.978 456.727 2 268.676 -101.531
1949 294.978 456.727 2 261.487 -93.7257
1950 304.978 456.727 2 254.487 -250
1951 314.978 456.727 2 247.694 -250
1952 324.978 456.727 2 241.124 -250
1953 334.978 456.727 2 234.796 -250
1954 344.978 456.727 2 228.731 -250
1955 354.978 456.727 2 222.949 -250
1956 364.978 456.727 2 217.473 -250
1957 374.978 456.727 2 212.328 -250
1958 384.978 456.727 2 207.537 -250
1959 394.978 456.727 2 203.126 -250
1960 404.978 456.727 2 199.119 -250
1961 414.978 456.727 2 195.543 -250
1962 424.978 456.727 2 192.42 -250
1963 434.978 456.727 2 189.774 -250
1964 444.978 456.727 2 187.623 -250
1965 454.978 456.727 2 185.986 -250
1966 464.978 456.727 2 184.877 -84.5508
1967 474.978 456.727 2 184.304 -86.3484
1968 484.978 456.727 2 184.273 -250
1969 84.9784 466.727 2 440.47 -132.014
1970 94.9784 466.727 2 431.512 -130.206
1971 104.978 466.727 2 422.6 -166.709
1972 114.978 466.727 2 413.739 -250
1973 124.978 466.727 2 404.93 -250
1974 134.978 466.727 2 396.177 -250
1975 144.978 466.727 2 387.486 -250
1976 154.978 466.727 2 378.858 -128.775
1977 164.978 466.727 2 370.3 -250
1978 174.978 466.727 2 361.816 -250
1979 184.978 466.727 2 353.41 -250
1980 194.978 466.727 2 345.091 -250
1981 204.978 466.727 2 336.862 -250
1982 214.978 466.727 2 328.732 -250
1983 224.978 466.727 2 320.707 -107.973
1984 234.978 466.727 2 312.796 -250
1985 244.978 466.727 2 305.008 -250
1986 254.978 466.727 2 297.352 -250
1987 264.978 466.727 2 289.839 -250
1988 274.978 466.727 2 282.481 -103.145
1989 284.978 466.727 2 275.289 -102.864
1990 294.978 466.727 2 268.276 -106.524
1991 304.978 466.727 2 261.459 -250
1992 314.978 466.727 2 254.851 -250
1993 324.978 466.727 2 248.471 -250
1994 334.978 466.727 2 242.335 -250
1995 344.978 466.727 2 236.463 -250
1996 354.978 466.727 2 230.875 -250
1997 364.978 466.727 2 225.592 -250
1998 374.978 466.727 2 220.636 -250
1999 384.978 466.727 2 216.029 -250
2000 394.978 466.727 2 211.795 -250
2001 404.978 466.727 2 207.956 -250
2002 414.978 466.727 2 204.534 -250
2003 424.978 466.727 2 201.55 -250
2004 434.978 466.727 2 199.025 -250
2005 444.978 466.727 2 196.976 -250
2006 454.978 466.727 2 195.417 -216.301
2007 464.978 466.727 2 194.362 -97.6366
2008 474.978 466.727 2 193.817 -84.6715
2009 484.978 466.727 2 193.787 -250
2010 84.9784 476.727 2 444.76 -125.909
2011 94.9784 476.727 2 435.889 -134.517
2012 104.978 476.727 2 427.069 -129.856
2013 114.978 476.727 2 418.302 -133.354
2014 124.978 476.727 2 409.591 -134.517
2015 134.978 476.727 2 400.941 -137.564
2016 144.978 476.727 2 392.355 -128.544
2017 154.978 476.727 2 383.837 -135.925
2018 164.978 476.727 2 375.392 -127.568
2019 174.978 476.727 2 367.025 -133.759
2020 184.978 476.727 2 358.742 -133.325
2021 194.978 476.727 2 350.549 -138.938
2022 204.978 476.727 2 342.451 -136.255
2023 214.978 476.727 2 334.457 -105.8
2024 224.978 476.727 2 326.573 -112.834
2025 234.978 476.727 2 318.808 -112.965
2026 244.978 476.727 2 311.17 -121.414
2027 254.978 476.727 2 303.67 -135.804
2028 264.978 476.727 2 296.317 -100.678
2029 274.978 476.727 2 289.123 -103.268
2030 284.978 476.727 2 282.101 -105.583
2031 294.978 476.727 2 275.262 -116.366
2032 304.978 476.727 2 268.622 -250
2033 314.978 476.727 2 262.195 -250
2034 324.978 476.727 2 255.998 -250
2035 334.978 476.727 2 250.046 -250
2036 344.978 476.727 2 244.36 -250
2037 354.978 476.727 2 238.956 -250
2038 364.978 476.727 2 233.856 -250
2039 374.978 476.727 2 229.079 -250
2040 384.978 476.727 2 224.646 -250
2041 394.978 476.727 2 220.577 -250
2042 404.978 476.727 2 216.893 -250
2043 414.978 476.727 2 213.614 -250
2044 424.978 476.727 2 210.759 -250
2045 434.978 476.727 2 208.346 -250
2046 444.978 476.727 2 206.389 -250
2047 454.978 476.727 2 204.902 -250
2048 464.978 476.727 2 203.896 -89.9547
2049 474.978 476.727 2 203.376 -87.3017
2050 484.978 476.727 2 203.348 -250
2051 84.9784 486.727 2 449.231 -138.807
2052 94.9784 486.727 2 440.451 -129.95
2053 104.978 486.727 2 431.723 -130.282
2054 114.978 486.727 2 423.053 -134.362
2055 124.978 486.727 2 414.442 -137.879
2056 134.978 486.727 2 405.895 -135.336
2057 144.978 486.727 2 397.416 -135.55
2058 154.978 486.727 2 389.008 -137.639
2059 164.978 486.727 2 380.678 -129.943
2060 174.978 486.727 2 372.431 -131.388
2061 184.978 486.727 2 364.271 -136.356
2062 194.978 486.727 2 356.204 -112.373
2063 204.978 486.727 2 348.238 -138.754
2064 214.978 486.727 2 340.38 -121.956
2065 224.978 486.727 2 332.636 -131.42
2066 234.978 486.727 2 325.016 -111.62
2067 244.978 486.727 2 317.528 -107.08
2068 254.978 486.727 2 310.181 -102.798
2069 264.978 486.727 2 302.987 -100.04
2070 274.978 486.727 2 295.955 -111.631
2071 284.978 486.727 2 289.098 -137.423
2072 294.978 486.727 2 282.429 -112.514
2073 304.978 486.727 2 275.962 -122.996
2074 314.978 486.727 2 269.71 -122.126
2075 324.978 486.727 2 263.689 -118.655
2076 334.978 486.727 2 257.915 -119.698
2077 344.978 486.727 2 252.406 -132.217
2078 354.978 486.727 2 247.178 -134.089
2079 364.978 486.727 2 242.251 -124.257
2080 374.978 486.727 2 237.643 -129.2
2081 384.978 486.727 2 233.372 -131.196
2082 394.978 486.727 2 229.458 -157.029
2083 404.978 486.727 2 225.919 -127.793
2084 414.978 486.727 2 222.774 -138.589
2085 424.978 486.727 2 220.038 -128.811
2086 434.978 486.727 2 217.727 -125.898
2087 444.978 486.727 2 215.855 -125.884
2088 454.978 486.727 2 214.434 -126.209
2089 464.978 486.727 2 213.473 -83.4165
2090 474.978 486.727 2 212.977 -85.2306
2091 484.978 486.727 2 212.949 -97.1054
2092 84.9784 496.727 2 453.878 -138.003
2093 94.9784 496.727 2 445.189 -134.483
2094 104.978 496.727 2 436.557 -250
2095 114.978 496.727 2 427.984 -250
2096 124.978 496.727 2 419.475 -250
2097 134.978 496.727 2 411.032 -250
2098 144.978 496.727 2 402.661 -250
2099 154.978 496.727 2 394.366 -250
2100 164.978 496.727 2 386.152 -250
2101 174.978 496.727 2 378.023 -250
2102 184.978 496.727 2 369.987 -250
2103 194.978 496.727 2 362.048 -250
2104 204.978 496.727 2 354.213 -144.868
2105 214.978 496.727 2 346.49 -149.269
2106 224.978 496.727 2 338.886 -141.554
2107 234.978 496.727 2 331.41 -250
2108 244.978 496.727 2 324.069 -250
2109 254.978 496.727 2 316.874 -250
2110 264.978 496.727 2 309.835 -250
2111 274.978 496.727 2 302.963 -118.711
2112 284.978 496.727 2 296.268 -115.533
2113 294.978 496.727 2 289.764 -130.209
2114 304.978 496.727 2 283.464 -106.702
2115 314.978 496.727 2 277.381 -124.033
2116 324.978 496.727 2 271.53 -125.761
2117 334.978 496.727 2 265.927 -135.987
2118 344.978 496.727 2 260.587 -116.148
2119 354.978 496.727 2 255.527 -127.907
2120 364.978 496.727 2 250.764 -128.511
2121 374.978 496.727 2 246.315 -129.789
2122 384.978 496.727 2 242.198 -143.197
2123 394.978 496.727 2 238.429 -127.222
2124 404.978 496.727 2 235.025 -139.205
2125 414.978 496.727 2 232.002 -126.798
2126 424.978 496.727 2 229.377 -128.843
2127 434.978 496.727 2 227.161 -126.039
2128 444.978 496.727 2 225.368 -131.634
2129 454.978 496.727 2 224.007 -116.448
2130 464.978 496.727 2 223.086 -82.6634
2131 474.978 496.727 2 222.612 -85.5132
2132 484.978 496.727 2 222.586 -93.1276
2133 84.9784 506.727 2 458.696 -165.442
2134 94.9784 506.727 2 450.101 -167.204
2135 104.978 506.727 2 441.564 -250
2136 114.978 506.727 2 433.091 -250
2137 124.978 506.727 2 424.684 -250
2138 134.978 506.727 2 416.347 -250
2139 144.978 506.727 2 408.085 -250
2140 154.978 506.727 2 399.902 -250
2141 164.978 506.727 2 391.804 -250
2142 174.978 506.727 2 383.795 -250
2143 184.978 506.727 2 375.882 -250
2144 194.978 506.727 2 368.07 -250
2145 204.978 506.727 2 360.366 -142.781
2146 214.978 506.727 2 352.778 -130.495
2147 224.978 506.727 2 345.313 -142.717
2148 234.978 506.727 2 337.978 -250
2149 244.978 506.727 2 330.784 -250
2150 254.978 506.727 2 323.738 -250
2151 264.978 506.727 2 316.852 -250
2152 274.978 506.727 2 310.134 -123.659
2153 284.978 506.727 2 303.598 -124.703
2154 294.978 506.727 2 297.255 -250
2155 304.978 506.727 2 291.117 -250
2156 314.978 506.727 2 285.197 -250
2157 324.978 506.727 2 279.51 -250
2158 334.978 506.727 2 274.07 -250
2159 344.978 506.727 2 268.892 -250
2160 354.978 506.727 2 263.991 -250
2161 364.978 506.727 2 259.383 -250
2162 374.978 506.727 2 255.085 -250
2163 384.978 506.727 2 251.111 -250
2164 394.978 506.727 2 247.478 -250
2165 404.978 506.727 2 244.2 -250
2166 414.978 506.727 2 241.293 -250
2167 424.978 506.727 2 238.769 -122.427
2168 434.978 506.727 2 236.641 -129.479
2169 444.978 506.727 2 234.92 -132.39
2170 454.978 506.727 2 233.615 -115.196
2171 464.978 506.727 2 232.733 -83.4983
2172 474.978 506.727 2 232.278 -86.7411
2173 484.978 506.727 2 232.253 -250
2174 84.9784 516.727 2 463.68 -148.956
2175 94.9784 516.727 2 455.179 -168.165
2176 104.978 516.727 2 446.74 -250
2177 114.978 516.727 2 438.366 -250
2178 124.978 516.727 2 430.062 -250
2179 134.978 516.727 2 421.831 -250
2180 144.978 516.727 2 413.679 -250
2181 154.978 516.727 2 405.609 -250
2182 164.978 516.727 2 397.627 -250
2183 174.978 516.727 2 389.738 -250
2184 184.978 516.727 2 381.948 -250
2185 194.978 516.727 2 374.263 -250
2186 204.978 516.727 2 366.689 -137.192
2187 214.978 516.727 2 359.235 -141.549
2188 224.978 516.727 2 351.906 -146.238
2189 234.978 516.727 2 344.712 -250
2190 244.978 516.727 2 337.661 -250
2191 254.978 516.727 2 330.762 -250
2192 264.978 516.727 2 324.025 -250
2193 274.978 516.727 2 317.459 -145.17
2194 284.978 516.727 2 311.077 -123.99
2195 294.978 516.727 2 304.889 -250
2196 304.978 516.727 2 298.908 -250
2197 314.978 516.727 2 293.146 -250
2198 324.978 516.727 2 287.616 -250
2199 334.978 516.727 2 282.332 -250
2200 344.978 516.727 2 277.308 -250
2201 354.978 516.727 2 272.559 -250
2202 364.978 516.727 2 268.098 -250
2203 374.978 516.727 2 263.942 -250
2204 384.978 516.727 2 260.103 -250
2205 394.978 516.727 2 256.597 -250
2206 404.978 516.727 2 253.438 -250
2207 414.978 516.727 2 250.637 -250
2208 424.978 516.727 2 248.209 -124.712
2209 434.978 516.727 2 246.163 -132.173
2210 444.978 516.727 2 244.509 -139.257
2211 454.978 516.727 2 243.255 -108.462
2212 464.978 516.727 2 242.408 -86.0129
2213 474.978 516.727 2 241.971 -89.4492
2214 484.978 516.727 2 241.947 -250
2215 84.9784 526.727 2 468.824 -149.674
2216 94.9784 526.727 2 460.418 -154.268
2217 104.978 526.727 2 452.077 -250
2218 114.978 526.727 2 443.804 -250
2219 124.978 526.727 2 435.603 -250
2220 134.978 526.727 2 427.479 -250
2221 144.978 526.727 2 419.437 -250
2222 154.978 526.727 2 411.48 -250
2223 164.978 526.727 2 403.614 -250
2224 174.978 526.727 2 395.844 -250
2225 184.978 526.727 2 388.177 -250
2226 194.978 526.727 2 380.617 -250
2227 204.978 526.727 2 373.173 -135.494
2228 214.978 526.727 2 365.85 -141.27
2229 224.978 526.727 2 358.657 -141.779
2230 234.978 526.727 2 351.601 -250
2231 244.978 526.727 2 344.691 -250
2232 254.978 526.727 2 337.936 -250
2233 264.978 526.727 2 331.344 -250
2234 274.978 526.727 2 324.927 -142.848
2235 284.978 526.727 2 318.694 -128.614
2236 294.978 526.727 2 312.657 -250
2237 304.978 526.727 2 306.827 -250
2238 314.978 526.727 2 301.216 -250
2239 324.978 526.727 2 295.838 -250
2240 334.978 526.727 2 290.703 -250
2241 344.978 526.727 2 285.827 -250
2242 354.978 526.727 2 281.221 -250
2243 364.978 526.727 2 276.9 -250
2244 374.978 526.727 2 272.878 -250
2245 384.978 526.727 2 269.167 -250
2246 394.978 526.727 2 265.78 -250
2247 404.978 526.727 2 262.731 -250
2248 414.978 526.727 2 260.031 -250
2249 424.978 526.727 2 257.691 -128.614
2250 434.978 526.727 2 255.721 -120.68
2251 444.978 526.727 2 254.129 -118.656
2252 454.978 526.727 2 252.923 -116.994
2253 464.978 526.727 2 252.108 -87.3022
2254 474.978 526.727 2 251.688 -83.4755
2255 484.978 526.727 2 251.666 -250
2256 84.9784 536.727 2 474.124 -150.788
2257 94.9784 536.727 2 465.813 -154.199
2258 104.978 536.727 2 457.57 -250
2259 114.978 536.727 2 449.398 -250
2260 124.978 536.727 2 441.302 -250
2261 134.978 536.727 2 433.285 -250
2262 144.978 536.727 2 425.352 -250
2263 154.978 536.727 2 417.508 -250
2264 164.978 536.727 2 409.757 -250
2265 174.978 536.727 2 402.106 -250
2266 184.978 536.727 2 394.561 -250
2267 194.978 536.727 2 387.126 -250
2268 204.978 536.727 2 379.809 -145.205
2269 214.978 536.727 2 372.617 -133.733
2270 224.978 536.727 2 365.557 -137.299
2271 234.978 536.727 2 358.637 -250
2272 244.978 536.727 2 351.865 -250
2273 254.978 536.727 2 345.25 -250
2274 264.978 536.727 2 338.801 -250
2275 274.978 536.727 2 332.527 -134.49
2276 284.978 536.727 2 326.44 -148.738
2277 294.978 536.727 2 320.549 -250
2278 304.978 536.727 2 314.865 -250
2279 314.978 536.727 2 309.4 -250
2280 324.978 536.727 2 304.166 -250
2281 334.978 536.727 2 299.174 -250
2282 344.978 536.727 2 294.438 -250
2283 354.978 536.727 2 289.969 -250
2284 364.978 536.727 2 285.781 -250
2285 374.978 536.727 2 281.885 -250
2286 384.978 536.727 2 278.294 -250
2287 394.978 536.727 2 275.02 -250
2288 404.978 536.727 2 272.075 -250
2289 414.978 536.727 2 269.468 -250
2290 424.978 536.727 2 267.211 -129.986
2291 434.978 536.727 2 265.311 -125.082
2292 444.978 536.727 2 263.778 -114.447
2293 454.978 536.727 2 262.616 -106.533
2294 464.978 536.727 2 261.831 -89.0901
2295 474.978 536.727 2 261.427 -105.51
2296 484.978 536.727 2 261.405 -250
2297 84.9784 546.727 2 479.573 -151.54
2298 94.9784 546.727 2 471.358 -156.127
2299 104.978 546.727 2 463.214 -250
2300 114.978 546.727 2 455.144 -250
2301 124.978 546.727 2 447.151 -250
2302 134.978 546.727 2 439.241 -250
2303 144.978 546.727 2 431.418 -250
2304 154.978 546.727 2 423.686 -250
2305 164.978 546.727 2 416.051 -250
2306 174.978 546.727 2 408.518 -250
2307 184.978 546.727 2 401.092 -250
2308 194.978 546.727 2 393.781 -250
2309 204.978 546.727 2 386.59 -139.666
2310 214.978 546.727 2 379.527 -142.442
2311 224.978 546.727 2 372.598 -128.765
2312 234.978 546.727 2 365.811 -250
2313 244.978 546.727 2 359.174 -250
2314 254.978 546.727 2 352.696 -250
2315 264.978 546.727 2 346.386 -250
2316 274.978 546.727 2 340.252 -132.357
2317 284.978 546.727 2 334.305 -131.537
2318 294.978 546.727 2 328.555 -250
2319 304.978 546.727 2 323.012 -250
2320 314.978 546.727 2 317.688 -250
2321 324.978 546.727 2 312.592 -250
2322 334.978 546.727 2 307.737 -250
2323 344.978 546.727 2 303.135 -250
2324 354.978 546.727 2 298.796 -250
2325 364.978 546.727 2 294.733 -250
2326 374.978 546.727 2 290.958 -250
2327 384.978 546.727 2 287.48 -250
2328 394.978 546.727 2 284.312 -250
2329 404.978 546.727 2 281.464 -250
2330 414.978 546.727 2 278.945 -250
2331 424.978 546.727 2 276.765 -128.624
2332 434.978 546.727 2 274.931 -125.445
2333 444.978 546.727 2 273.451 -122.244
2334 454.978 546.727 2 272.331 -103.388
2335 464.978 546.727 2 271.574 -90.3916
2336 474.978 546.727 2 271.185 -83.5828
2337 484.978 546.727 2 271.163 -250
2338 84.9784 556.727 2 485.167 -150.107
2339 94.9784 556.727 2 477.049 -153.949
2340 104.978 556.727 2 469.003 -206.237
2341 114.978 556.727 2 461.034 -207.875
2342 124.978 556.727 2 453.146 -208.937
2343 134.978 556.727 2 445.342 -208.324
2344 144.978 556.727 2 437.628 -206.845
2345 154.978 556.727 2 430.008 -205.199
2346 164.978 556.727 2 422.487 -203.661
2347 174.978 556.727 2 415.071 -202.333
2348 184.978 556.727 2 407.765 -201.241
2349 194.978 556.727 2 400.575 -200.391
2350 204.978 556.727 2 393.509 -133.54
2351 214.978 556.727 2 386.572 -138.294
2352 224.978 556.727 2 379.771 -142.108
2353 234.978 556.727 2 373.115 -133.547
2354 244.978 556.727 2 366.61 -200.062
2355 254.978 556.727 2 360.266 -200.935
2356 264.978 556.727 2 354.09 -139.09
2357 274.978 556.727 2 348.093 -129.716
2358 284.978 556.727 2 342.282 -128.74
2359 294.978 556.727 2 336.668 -140.206
2360 304.978 556.727 2 331.261 -200.81
2361 314.978 556.727 2 326.071 -198.988
2362 324.978 556.727 2 321.109 -197.598
2363 334.978 556.727 2 316.385 -196.747
2364 344.978 556.727 2 311.91 -196.482
2365 354.978 556.727 2 307.695 -196.837
2366 364.978 556.727 2 303.751 -197.768
2367 374.978 556.727 2 300.089 -198.826
2368 384.978 556.727 2 296.718 -200.137
2369 394.978 556.727 2 293.65 -197.407
2370 404.978 556.727 2 290.893 -148.997
2371 414.978 556.727 2 288.457 -128.906
2372 424.978 556.727 2 286.349 -127.306
2373 434.978 556.727 2 284.577 -114.635
2374 444.978 556.727 2 283.148 -112.43
2375 454.978 556.727 2 282.066 -102.55
2376 464.978 556.727 2 281.335 -89.8942
2377 474.978 556.727 2 280.959 -92.1173
2378 484.978 556.727 2 280.939 -115.709
2379 84.9784 566.727 2 490.902 -151.218
2380 94.9784 566.727 2 482.88 -156.18
2381 104.978 566.727 2 474.933 -206.975
2382 114.978 566.727 2 467.065 -207.858
2383 124.978 566.727 2 459.28 -208.015
2384 134.978 566.727 2 451.582 -207.175
2385 144.978 566.727 2 443.977 -205.668
2386 154.978 566.727 2 436.467 -203.987
2387 164.978 566.727 2 429.06 -202.412
2388 174.978 566.727 2 421.759 -201.043
2389 184.978 566.727 2 414.571 -136.186
2390 194.978 566.727 2 407.502 -143.104
2391 204.978 566.727 2 400.557 -140.896
2392 214.978 566.727 2 393.744 -134.435
2393 224.978 566.727 2 387.07 -136.141
2394 234.978 566.727 2 380.541 -133.247
2395 244.978 566.727 2 374.166 -132.061
2396 254.978 566.727 2 367.952 -136.849
2397 264.978 566.727 2 361.907 -137.073
2398 274.978 566.727 2 356.041 -129.651
2399 284.978 566.727 2 350.363 -133.933
2400 294.978 566.727 2 344.88 -135.789
2401 304.978 566.727 2 339.604 -139.08
2402 314.978 566.727 2 334.544 -196.707
2403 324.978 566.727 2 329.709 -195.174
2404 334.978 566.727 2 325.11 -194.161
2405 344.978 566.727 2 320.757 -193.71
2406 354.978 566.727 2 316.66 -193.851
2407 364.978 566.727 2 312.829 -155.039
2408 374.978 566.727 2 309.274 -153.35
2409 384.978 566.727 2 306.005 -151.506
2410 394.978 566.727 2 303.03 -149.481
2411 404.978 566.727 2 300.359 -123.98
2412 414.978 566.727 2 298 -121.794
2413 424.978 566.727 2 295.961 -121.609
2414 434.978 566.727 2 294.247 -113.086
2415 444.978 566.727 2 292.865 -116.565
2416 454.978 566.727 2 291.819 -99.3936
2417 464.978 566.727 2 291.113 -91.1114
2418 474.978 566.727 2 290.749 -86.5378
2419 484.978 566.727 2 290.729 -99.0478
2420 84.9784 576.727 2 496.771 -151.903
2421 94.9784 576.727 2 488.845 -180.548
2422 104.978 576.727 2 480.997 -205.937
2423 114.978 576.727 2 473.23 -206.81
2424 124.978 576.727 2 465.548 -206.973
2425 134.978 576.727 2 457.956 -206.141
2426 144.978 576.727 2 450.458 -204.622
2427 154.978 576.727 2 443.058 -202.914
2428 164.978 576.727 2 435.763 -138
2429 174.978 576.727 2 428.576 -154.419
2430 184.978 576.727 2 421.505 -127.11
2431 194.978 576.727 2 414.554 -134.04
2432 204.978 576.727 2 407.729 -135.431
2433 214.978 576.727 2 401.038 -159.808
2434 224.978 576.727 2 394.487 -137.441
2435 234.978 576.727 2 388.083 -134.717
2436 244.978 576.727 2 381.834 -134.53
2437 254.978 576.727 2 375.747 -129.124
2438 264.978 576.727 2 369.83 -135.653
2439 274.978 576.727 2 364.091 -143.38
2440 284.978 576.727 2 358.54 -135.17
2441 294.978 576.727 2 353.185 -132.308
2442 304.978 576.727 2 348.034 -142.764
2443 314.978 576.727 2 343.098 -136.64
2444 324.978 576.727 2 338.386 -139.931
2445 334.978 576.727 2 333.906 -153.392
2446 344.978 576.727 2 329.669 -154.608
2447 354.978 576.727 2 325.684 -155.487
2448 364.978 576.727 2 321.961 -155.084
2449 374.978 576.727 2 318.508 -155.431
2450 384.978 576.727 2 315.334 -153.326
2451 394.978 576.727 2 312.449 -121.322
2452 404.978 576.727 2 309.859 -125.837
2453 414.978 576.727 2 307.573 -119.045
2454 424.978 576.727 2 305.597 -123.741
2455 434.978 576.727 2 303.938 -118.684
2456 444.978 576.727 2 302.6 -114.036
2457 454.978 576.727 2 301.588 -94.9151
2458 464.978 576.727 2 300.905 -88.7793
2459 474.978 576.727 2 300.553 -82.7796
2460 484.978 576.727 2 300.534 -105.678
2461 84.9784 586.727 2 502.771 -153.13
2462 94.9784 586.727 2 494.941 -179.912
2463 104.978 586.727 2 487.191 -204.927
2464 114.978 586.727 2 479.525 -164.205
2465 124.978 586.727 2 471.945 -163.497
2466 134.978 586.727 2 464.458 -205.206
2467 144.978 586.727 2 457.066 -136.285
2468 154.978 586.727 2 449.775 -137.097
2469 164.978 586.727 2 442.59 -127.308
2470 174.978 586.727 2 435.517 -127.296
2471 184.978 586.727 2 428.559 -125.407
2472 194.978 586.727 2 421.725 -137.789
2473 204.978 586.727 2 415.018 -141.955
2474 214.978 586.727 2 408.447 -149.008
2475 224.978 586.727 2 402.016 -132.118
2476 234.978 586.727 2 395.734 -131.145
2477 244.978 586.727 2 389.608 -131.131
2478 254.978 586.727 2 383.644 -130.933
2479 264.978 586.727 2 377.851 -125.878
2480 274.978 586.727 2 372.236 -139.843
2481 284.978 586.727 2 366.808 -136.158
2482 294.978 586.727 2 361.575 -131.544
2483 304.978 586.727 2 356.546 -143.672
2484 314.978 586.727 2 351.729 -137.945
2485 324.978 586.727 2 347.134 -123.215
2486 334.978 586.727 2 342.769 -120.597
2487 344.978 586.727 2 338.643 -153.896
2488 354.978 586.727 2 334.765 -156.176
2489 364.978 586.727 2 331.143 -154.146
2490 374.978 586.727 2 327.787 -153.382
2491 384.978 586.727 2 324.704 -121.913
2492 394.978 586.727 2 321.903 -129.068
2493 404.978 586.727 2 319.39 -127.159
2494 414.978 586.727 2 317.172 -124.456
2495 424.978 586.727 2 315.257 -128.936
2496 434.978 586.727 2 313.648 -122.554
2497 444.978 586.727 2 312.352 -118.443
2498 454.978 586.727 2 311.372 -93.4255
2499 464.978 586.727 2 310.71 -90.6955
2500 474.978 586.727 2 310.369 -111.467
2501 484.978 586.727 2 310.351 -97.9366
