# <Transmitter Set: Tx: 19 tx_ant_grid_80_m - Point 24> 
# <Receiver Set: Rx: 17 rx_ant_grid> 
# <X(m)> <Y(m)> <Z(m)> <Distance(m)> <PathGain(dB)>
1 84.9784 -13.2734 2 499.592 -95.2925
2 94.9784 -13.2734 2 493.741 -95.6491
3 104.978 -13.2734 2 488.025 -105.449
4 114.978 -13.2734 2 482.449 -123.206
5 124.978 -13.2734 2 477.018 -101.643
6 134.978 -13.2734 2 471.735 -102.644
7 144.978 -13.2734 2 466.608 -99.6643
8 154.978 -13.2734 2 461.64 -99.9196
9 164.978 -13.2734 2 456.837 -134.639
10 174.978 -13.2734 2 452.204 -121.365
11 184.978 -13.2734 2 447.746 -127.394
12 194.978 -13.2734 2 443.47 -128.599
13 204.978 -13.2734 2 439.379 -127.168
14 214.978 -13.2734 2 435.479 -126.665
15 224.978 -13.2734 2 431.776 -125.3
16 234.978 -13.2734 2 428.275 -123.611
17 244.978 -13.2734 2 424.98 -120.96
18 254.978 -13.2734 2 421.896 -106.684
19 264.978 -13.2734 2 419.028 -94.2772
20 274.978 -13.2734 2 416.381 -87.2317
21 284.978 -13.2734 2 413.958 -99.7894
22 294.978 -13.2734 2 411.765 -105.575
23 304.978 -13.2734 2 409.803 -108.692
24 314.978 -13.2734 2 408.077 -123.076
25 324.978 -13.2734 2 406.59 -135.479
26 334.978 -13.2734 2 405.344 -142.405
27 344.978 -13.2734 2 404.342 -102.381
28 354.978 -13.2734 2 403.585 -122.629
29 364.978 -13.2734 2 403.075 -123.048
30 374.978 -13.2734 2 402.812 -124.294
31 384.978 -13.2734 2 402.798 -129.033
32 394.978 -13.2734 2 403.032 -123.496
33 404.978 -13.2734 2 403.514 -117.218
34 414.978 -13.2734 2 404.242 -110.392
35 424.978 -13.2734 2 405.216 -104.897
36 434.978 -13.2734 2 406.434 -91.4598
37 444.978 -13.2734 2 407.894 -120.647
38 454.978 -13.2734 2 409.592 -134.077
39 464.978 -13.2734 2 411.527 -129.878
40 474.978 -13.2734 2 413.694 -97.0673
41 484.978 -13.2734 2 416.09 -94.3044
42 84.9784 -3.2734 2 491.72 -93.8197
43 94.9784 -3.2734 2 485.775 -93.7769
44 104.978 -3.2734 2 479.964 -92.4168
45 114.978 -3.2734 2 474.294 -120.943
46 124.978 -3.2734 2 468.767 -163.847
47 134.978 -3.2734 2 463.391 -102.94
48 144.978 -3.2734 2 458.17 -101.093
49 154.978 -3.2734 2 453.11 -123.78
50 164.978 -3.2734 2 448.215 -116.091
51 174.978 -3.2734 2 443.492 -132.207
52 184.978 -3.2734 2 438.946 -129.186
53 194.978 -3.2734 2 434.583 -126.488
54 204.978 -3.2734 2 430.408 -128.808
55 214.978 -3.2734 2 426.426 -136.072
56 224.978 -3.2734 2 422.644 -134.692
57 234.978 -3.2734 2 419.066 -125.994
58 244.978 -3.2734 2 415.698 -123.936
59 254.978 -3.2734 2 412.545 -118.589
60 264.978 -3.2734 2 409.612 -91.8254
61 274.978 -3.2734 2 406.903 -87.0106
62 284.978 -3.2734 2 404.424 -109.25
63 294.978 -3.2734 2 402.178 -141.407
64 304.978 -3.2734 2 400.169 -250
65 314.978 -3.2734 2 398.402 -133.317
66 324.978 -3.2734 2 396.878 -178.853
67 334.978 -3.2734 2 395.602 -152.038
68 344.978 -3.2734 2 394.575 -153.045
69 354.978 -3.2734 2 393.799 -134.463
70 364.978 -3.2734 2 393.277 -135.344
71 374.978 -3.2734 2 393.008 -134.521
72 384.978 -3.2734 2 392.993 -165.106
73 394.978 -3.2734 2 393.233 -117.28
74 404.978 -3.2734 2 393.726 -113.309
75 414.978 -3.2734 2 394.473 -117.045
76 424.978 -3.2734 2 395.471 -114.21
77 434.978 -3.2734 2 396.719 -100.372
78 444.978 -3.2734 2 398.214 -161.125
79 454.978 -3.2734 2 399.953 -156.514
80 464.978 -3.2734 2 401.934 -164.912
81 474.978 -3.2734 2 404.153 -98.9049
82 484.978 -3.2734 2 406.606 -91.7727
83 84.9784 6.7266 2 483.928 -92.6658
84 94.9784 6.7266 2 477.885 -92.1295
85 104.978 6.7266 2 471.978 -92.4872
86 114.978 6.7266 2 466.21 -95.8956
87 124.978 6.7266 2 460.586 -250
88 134.978 6.7266 2 455.114 -108.466
89 144.978 6.7266 2 449.796 -137.662
90 154.978 6.7266 2 444.641 -132.185
91 164.978 6.7266 2 439.652 -134.789
92 174.978 6.7266 2 434.836 -141.016
93 184.978 6.7266 2 430.199 -135.043
94 194.978 6.7266 2 425.746 -131.599
95 204.978 6.7266 2 421.483 -135.738
96 214.978 6.7266 2 417.416 -136.281
97 224.978 6.7266 2 413.551 -133.765
98 234.978 6.7266 2 409.894 -134.934
99 244.978 6.7266 2 406.45 -137.91
100 254.978 6.7266 2 403.225 -126.929
101 264.978 6.7266 2 400.223 -93.1755
102 274.978 6.7266 2 397.451 -86.9152
103 284.978 6.7266 2 394.912 -107.421
104 294.978 6.7266 2 392.612 -250
105 304.978 6.7266 2 390.554 -250
106 314.978 6.7266 2 388.743 -250
107 324.978 6.7266 2 387.181 -250
108 334.978 6.7266 2 385.873 -250
109 344.978 6.7266 2 384.82 -250
110 354.978 6.7266 2 384.025 -250
111 364.978 6.7266 2 383.489 -250
112 374.978 6.7266 2 383.213 -250
113 384.978 6.7266 2 383.198 -250
114 394.978 6.7266 2 383.443 -122.456
115 404.978 6.7266 2 383.95 -116.533
116 414.978 6.7266 2 384.715 -113.648
117 424.978 6.7266 2 385.739 -105.316
118 434.978 6.7266 2 387.018 -103.795
119 444.978 6.7266 2 388.55 -250
120 454.978 6.7266 2 390.333 -250
121 464.978 6.7266 2 392.362 -250
122 474.978 6.7266 2 394.635 -96.1965
123 484.978 6.7266 2 397.146 -89.973
124 84.9784 16.7266 2 476.217 -91.8429
125 94.9784 16.7266 2 470.076 -91.9021
126 104.978 16.7266 2 464.069 -95.2802
127 114.978 16.7266 2 458.201 -97.7945
128 124.978 16.7266 2 452.479 -250
129 134.978 16.7266 2 446.906 -111.405
130 144.978 16.7266 2 441.49 -143.23
131 154.978 16.7266 2 436.237 -132.305
132 164.978 16.7266 2 431.151 -133.964
133 174.978 16.7266 2 426.239 -158.043
134 184.978 16.7266 2 421.507 -151.361
135 194.978 16.7266 2 416.961 -250
136 204.978 16.7266 2 412.607 -250
137 214.978 16.7266 2 408.452 -250
138 224.978 16.7266 2 404.502 -250
139 234.978 16.7266 2 400.762 -250
140 244.978 16.7266 2 397.239 -250
141 254.978 16.7266 2 393.938 -250
142 264.978 16.7266 2 390.865 -86.7681
143 274.978 16.7266 2 388.026 -91.6532
144 284.978 16.7266 2 385.425 -103.75
145 294.978 16.7266 2 383.068 -250
146 304.978 16.7266 2 380.959 -250
147 314.978 16.7266 2 379.102 -250
148 324.978 16.7266 2 377.5 -112.686
149 334.978 16.7266 2 376.158 -113.274
150 344.978 16.7266 2 375.078 -250
151 354.978 16.7266 2 374.262 -250
152 364.978 16.7266 2 373.712 -250
153 374.978 16.7266 2 373.429 -250
154 384.978 16.7266 2 373.413 -137.16
155 394.978 16.7266 2 373.665 -126.496
156 404.978 16.7266 2 374.185 -117.416
157 414.978 16.7266 2 374.97 -116.135
158 424.978 16.7266 2 376.02 -109.887
159 434.978 16.7266 2 377.333 -104.448
160 444.978 16.7266 2 378.904 -250
161 454.978 16.7266 2 380.732 -250
162 464.978 16.7266 2 382.812 -250
163 474.978 16.7266 2 385.141 -100.358
164 484.978 16.7266 2 387.714 -91.0614
165 84.9784 26.7266 2 468.594 -91.3367
166 94.9784 26.7266 2 462.351 -91.6512
167 104.978 26.7266 2 456.242 -95.2174
168 114.978 26.7266 2 450.273 -102.78
169 124.978 26.7266 2 444.448 -119.837
170 134.978 26.7266 2 438.774 -113.28
171 144.978 26.7266 2 433.256 -176.669
172 154.978 26.7266 2 427.901 -138.654
173 164.978 26.7266 2 422.715 -138.016
174 174.978 26.7266 2 417.704 -158.38
175 184.978 26.7266 2 412.874 -148.652
176 194.978 26.7266 2 408.232 -250
177 204.978 26.7266 2 403.784 -250
178 214.978 26.7266 2 399.538 -250
179 224.978 26.7266 2 395.498 -250
180 234.978 26.7266 2 391.672 -250
181 244.978 26.7266 2 388.067 -250
182 254.978 26.7266 2 384.687 -250
183 264.978 26.7266 2 381.54 -87.8264
184 274.978 26.7266 2 378.631 -91.6402
185 284.978 26.7266 2 375.965 -101.581
186 294.978 26.7266 2 373.548 -250
187 304.978 26.7266 2 371.385 -250
188 314.978 26.7266 2 369.479 -112.357
189 324.978 26.7266 2 367.836 -105.848
190 334.978 26.7266 2 366.459 -105.944
191 344.978 26.7266 2 365.35 -131.669
192 354.978 26.7266 2 364.512 -132.913
193 364.978 26.7266 2 363.947 -250
194 374.978 26.7266 2 363.656 -250
195 384.978 26.7266 2 363.641 -130.706
196 394.978 26.7266 2 363.9 -133.917
197 404.978 26.7266 2 364.433 -118.697
198 414.978 26.7266 2 365.239 -121.843
199 424.978 26.7266 2 366.317 -109.34
200 434.978 26.7266 2 367.664 -107.731
201 444.978 26.7266 2 369.277 -86.521
202 454.978 26.7266 2 371.152 -250
203 464.978 26.7266 2 373.286 -250
204 474.978 26.7266 2 375.674 -103.197
205 484.978 26.7266 2 378.311 -85.821
206 84.9784 36.7266 2 461.061 -91.9022
207 94.9784 36.7266 2 454.715 -92.2666
208 104.978 36.7266 2 448.502 -94.6277
209 114.978 36.7266 2 442.428 -101.992
210 124.978 36.7266 2 436.498 -112.141
211 134.978 36.7266 2 430.72 -120.065
212 144.978 36.7266 2 425.097 -123.526
213 154.978 36.7266 2 419.638 -211.545
214 164.978 36.7266 2 414.349 -188.537
215 174.978 36.7266 2 409.235 -142.239
216 184.978 36.7266 2 404.304 -140.567
217 194.978 36.7266 2 399.563 -137.863
218 204.978 36.7266 2 395.017 -111.256
219 214.978 36.7266 2 390.675 -103.607
220 224.978 36.7266 2 386.543 -250
221 234.978 36.7266 2 382.628 -250
222 244.978 36.7266 2 378.936 -250
223 254.978 36.7266 2 375.475 -250
224 264.978 36.7266 2 372.249 -85.9329
225 274.978 36.7266 2 369.267 -90.1332
226 284.978 36.7266 2 366.533 -90.1949
227 294.978 36.7266 2 364.054 -250
228 304.978 36.7266 2 361.834 -250
229 314.978 36.7266 2 359.878 -113.067
230 324.978 36.7266 2 358.191 -108.152
231 334.978 36.7266 2 356.776 -106.616
232 344.978 36.7266 2 355.637 -137.351
233 354.978 36.7266 2 354.776 -138.73
234 364.978 36.7266 2 354.196 -114.18
235 374.978 36.7266 2 353.897 -119.407
236 384.978 36.7266 2 353.881 -250
237 394.978 36.7266 2 354.147 -250
238 404.978 36.7266 2 354.695 -115.821
239 414.978 36.7266 2 355.523 -119.094
240 424.978 36.7266 2 356.631 -103.936
241 434.978 36.7266 2 358.014 -104.154
242 444.978 36.7266 2 359.67 -91.4703
243 454.978 36.7266 2 361.595 -250
244 464.978 36.7266 2 363.785 -250
245 474.978 36.7266 2 366.235 -88.7503
246 484.978 36.7266 2 368.939 -101.615
247 84.9784 46.7266 2 453.623 -98.1819
248 94.9784 46.7266 2 447.172 -97.916
249 104.978 46.7266 2 440.853 -105.59
250 114.978 46.7266 2 434.672 -103.234
251 124.978 46.7266 2 428.635 -113.701
252 134.978 46.7266 2 422.749 -114.776
253 144.978 46.7266 2 417.019 -110.194
254 154.978 46.7266 2 411.453 -250
255 164.978 46.7266 2 406.056 -250
256 174.978 46.7266 2 400.837 -250
257 184.978 46.7266 2 395.802 -250
258 194.978 46.7266 2 390.957 -250
259 204.978 46.7266 2 386.31 -109.864
260 214.978 46.7266 2 381.869 -105.663
261 224.978 46.7266 2 377.641 -102.304
262 234.978 46.7266 2 373.632 -105.875
263 244.978 46.7266 2 369.851 -116.864
264 254.978 46.7266 2 366.303 -102.097
265 264.978 46.7266 2 362.997 -92.1285
266 274.978 46.7266 2 359.938 -92.975
267 284.978 46.7266 2 357.133 -93.6934
268 294.978 46.7266 2 354.587 -250
269 304.978 46.7266 2 352.308 -250
270 314.978 46.7266 2 350.299 -250
271 324.978 46.7266 2 348.565 -250
272 334.978 46.7266 2 347.111 -250
273 344.978 46.7266 2 345.94 -250
274 354.978 46.7266 2 345.055 -250
275 364.978 46.7266 2 344.458 -113.306
276 374.978 46.7266 2 344.151 -124.9
277 384.978 46.7266 2 344.134 -250
278 394.978 46.7266 2 344.408 -250
279 404.978 46.7266 2 344.972 -119.006
280 414.978 46.7266 2 345.824 -121.442
281 424.978 46.7266 2 346.962 -104.903
282 434.978 46.7266 2 348.383 -105.244
283 444.978 46.7266 2 350.085 -93.5909
284 454.978 46.7266 2 352.062 -250
285 464.978 46.7266 2 354.311 -250
286 474.978 46.7266 2 356.826 -95.5999
287 484.978 46.7266 2 359.602 -98.5878
288 84.9784 56.7266 2 446.286 -109.151
289 94.9784 56.7266 2 439.727 -111.141
290 104.978 56.7266 2 433.299 -113.536
291 114.978 56.7266 2 427.009 -104.923
292 124.978 56.7266 2 420.862 -112.458
293 134.978 56.7266 2 414.866 -118.791
294 144.978 56.7266 2 409.026 -134.766
295 154.978 56.7266 2 403.349 -250
296 164.978 56.7266 2 397.843 -250
297 174.978 56.7266 2 392.514 -250
298 184.978 56.7266 2 387.37 -250
299 194.978 56.7266 2 382.419 -250
300 204.978 56.7266 2 377.668 -110.936
301 214.978 56.7266 2 373.124 -108.989
302 224.978 56.7266 2 368.795 -114.005
303 234.978 56.7266 2 364.689 -107.343
304 244.978 56.7266 2 360.814 -110.091
305 254.978 56.7266 2 357.177 -99.2926
306 264.978 56.7266 2 353.785 -96.7199
307 274.978 56.7266 2 350.645 -97.7627
308 284.978 56.7266 2 347.765 -100.44
309 294.978 56.7266 2 345.151 -250
310 304.978 56.7266 2 342.808 -250
311 314.978 56.7266 2 340.743 -250
312 324.978 56.7266 2 338.961 -250
313 334.978 56.7266 2 337.466 -250
314 344.978 56.7266 2 336.261 -250
315 354.978 56.7266 2 335.351 -250
316 364.978 56.7266 2 334.737 -113.753
317 374.978 56.7266 2 334.42 -120.746
318 384.978 56.7266 2 334.403 -250
319 394.978 56.7266 2 334.685 -250
320 404.978 56.7266 2 335.265 -120.843
321 414.978 56.7266 2 336.141 -111.794
322 424.978 56.7266 2 337.312 -112.325
323 434.978 56.7266 2 338.774 -92.3055
324 444.978 56.7266 2 340.524 -94.7655
325 454.978 56.7266 2 342.556 -250
326 464.978 56.7266 2 344.867 -250
327 474.978 56.7266 2 347.45 -94.8443
328 484.978 56.7266 2 350.3 -93.7611
329 84.9784 66.7266 2 439.054 -112.592
330 94.9784 66.7266 2 432.385 -114.068
331 104.978 66.7266 2 425.846 -118.908
332 114.978 66.7266 2 419.444 -119.623
333 124.978 66.7266 2 413.185 -113.655
334 134.978 66.7266 2 407.075 -119.559
335 144.978 66.7266 2 401.122 -109.919
336 154.978 66.7266 2 395.332 -105.491
337 164.978 66.7266 2 389.713 -118.094
338 174.978 66.7266 2 384.271 -122.261
339 184.978 66.7266 2 379.016 -120.698
340 194.978 66.7266 2 373.954 -104.55
341 204.978 66.7266 2 369.093 -116.85
342 214.978 66.7266 2 364.442 -113.895
343 224.978 66.7266 2 360.009 -108.581
344 234.978 66.7266 2 355.802 -107.308
345 244.978 66.7266 2 351.829 -96.808
346 254.978 66.7266 2 348.098 -97.7025
347 264.978 66.7266 2 344.617 -111.199
348 274.978 66.7266 2 341.393 -105.038
349 284.978 66.7266 2 338.434 -102.139
350 294.978 66.7266 2 335.747 -115.793
351 304.978 66.7266 2 333.339 -116.708
352 314.978 66.7266 2 331.215 -114.246
353 324.978 66.7266 2 329.381 -117.439
354 334.978 66.7266 2 327.842 -119.555
355 344.978 66.7266 2 326.602 -127.364
356 354.978 66.7266 2 325.664 -127.558
357 364.978 66.7266 2 325.032 -108.276
358 374.978 66.7266 2 324.706 -107.526
359 384.978 66.7266 2 324.688 -129.647
360 394.978 66.7266 2 324.978 -125.292
361 404.978 66.7266 2 325.576 -128.835
362 414.978 66.7266 2 326.478 -105.083
363 424.978 66.7266 2 327.683 -128.114
364 434.978 66.7266 2 329.188 -90.2569
365 444.978 66.7266 2 330.989 -99.1032
366 454.978 66.7266 2 333.079 -105.903
367 464.978 66.7266 2 335.455 -104.822
368 474.978 66.7266 2 338.111 -101.124
369 484.978 66.7266 2 341.039 -94.3203
370 84.9784 76.7266 2 431.932 -122.973
371 94.9784 76.7266 2 425.151 -123.085
372 104.978 76.7266 2 418.5 -138.042
373 114.978 76.7266 2 411.984 -129.995
374 124.978 76.7266 2 405.609 -126.592
375 134.978 76.7266 2 399.384 -117.652
376 144.978 76.7266 2 393.314 -109.142
377 154.978 76.7266 2 387.407 -112.746
378 164.978 76.7266 2 381.671 -123.918
379 174.978 76.7266 2 376.114 -122.269
380 184.978 76.7266 2 370.742 -103.099
381 194.978 76.7266 2 365.566 -104.649
382 204.978 76.7266 2 360.592 -105.906
383 214.978 76.7266 2 355.83 -117.943
384 224.978 76.7266 2 351.289 -119.685
385 234.978 76.7266 2 346.976 -118.109
386 244.978 76.7266 2 342.901 -97.7437
387 254.978 76.7266 2 339.071 -119.613
388 264.978 76.7266 2 335.496 -121.145
389 274.978 76.7266 2 332.184 -108.823
390 284.978 76.7266 2 329.142 -104.842
391 294.978 76.7266 2 326.379 -107.031
392 304.978 76.7266 2 323.901 -107.534
393 314.978 76.7266 2 321.714 -121.334
394 324.978 76.7266 2 319.826 -127.109
395 334.978 76.7266 2 318.241 -126.261
396 344.978 76.7266 2 316.963 -118.097
397 354.978 76.7266 2 315.997 -117.033
398 364.978 76.7266 2 315.345 -111.063
399 374.978 76.7266 2 315.01 -111.416
400 384.978 76.7266 2 314.991 -143.587
401 394.978 76.7266 2 315.29 -134.731
402 404.978 76.7266 2 315.906 -127.19
403 414.978 76.7266 2 316.836 -105.682
404 424.978 76.7266 2 318.078 -105.322
405 434.978 76.7266 2 319.628 -88.6953
406 444.978 76.7266 2 321.482 -102.067
407 454.978 76.7266 2 323.634 -110.826
408 464.978 76.7266 2 326.079 -103.287
409 474.978 76.7266 2 328.81 -108.488
410 484.978 76.7266 2 331.82 -113.117
411 84.9784 86.7266 2 424.926 -100.943
412 94.9784 86.7266 2 418.032 -123.057
413 104.978 86.7266 2 411.265 -250
414 114.978 86.7266 2 404.633 -250
415 124.978 86.7266 2 398.141 -250
416 134.978 86.7266 2 391.796 -117.547
417 144.978 86.7266 2 385.607 -113.67
418 154.978 86.7266 2 379.581 -250
419 164.978 86.7266 2 373.724 -250
420 174.978 86.7266 2 368.047 -250
421 184.978 86.7266 2 362.556 -100.967
422 194.978 86.7266 2 357.261 -98.596
423 204.978 86.7266 2 352.17 -120.682
424 214.978 86.7266 2 347.293 -109.723
425 224.978 86.7266 2 342.638 -250
426 234.978 86.7266 2 338.215 -250
427 244.978 86.7266 2 334.033 -250
428 254.978 86.7266 2 330.1 -120.141
429 264.978 86.7266 2 326.427 -138.517
430 274.978 86.7266 2 323.022 -115.703
431 284.978 86.7266 2 319.893 -105.293
432 294.978 86.7266 2 317.049 -108.763
433 304.978 86.7266 2 314.498 -103.421
434 314.978 86.7266 2 312.245 -136.238
435 324.978 86.7266 2 310.299 -128.35
436 334.978 86.7266 2 308.665 -117.419
437 344.978 86.7266 2 307.348 -124.686
438 354.978 86.7266 2 306.351 -124.508
439 364.978 86.7266 2 305.679 -114.2
440 374.978 86.7266 2 305.333 -110.679
441 384.978 86.7266 2 305.314 -250
442 394.978 86.7266 2 305.622 -250
443 404.978 86.7266 2 306.257 -250
444 414.978 86.7266 2 307.217 -103.658
445 424.978 86.7266 2 308.497 -100.311
446 434.978 86.7266 2 310.095 -85.1377
447 444.978 86.7266 2 312.006 -250
448 454.978 86.7266 2 314.223 -250
449 464.978 86.7266 2 316.74 -250
450 474.978 86.7266 2 319.551 -93.7501
451 484.978 86.7266 2 322.647 -100.802
452 84.9784 96.7266 2 418.042 -105.635
453 94.9784 96.7266 2 411.032 -110.144
454 104.978 96.7266 2 404.149 -134.618
455 114.978 96.7266 2 397.397 -117.303
456 124.978 96.7266 2 390.785 -117.342
457 134.978 96.7266 2 384.32 -116.562
458 144.978 96.7266 2 378.008 -114.961
459 154.978 96.7266 2 371.858 -250
460 164.978 96.7266 2 365.878 -250
461 174.978 96.7266 2 360.077 -250
462 184.978 96.7266 2 354.463 -98.6841
463 194.978 96.7266 2 349.045 -250
464 204.978 96.7266 2 343.833 -250
465 214.978 96.7266 2 338.835 -250
466 224.978 96.7266 2 334.063 -250
467 234.978 96.7266 2 329.524 -250
468 244.978 96.7266 2 325.23 -250
469 254.978 96.7266 2 321.19 -250
470 264.978 96.7266 2 317.414 -250
471 274.978 96.7266 2 313.911 -107.338
472 284.978 96.7266 2 310.691 -97.3038
473 294.978 96.7266 2 307.762 -124.57
474 304.978 96.7266 2 305.132 -110.299
475 314.978 96.7266 2 302.81 -120.046
476 324.978 96.7266 2 300.803 -128.233
477 334.978 96.7266 2 299.117 -127.101
478 344.978 96.7266 2 297.758 -133.682
479 354.978 96.7266 2 296.729 -128.928
480 364.978 96.7266 2 296.035 -116.539
481 374.978 96.7266 2 295.677 -114.198
482 384.978 96.7266 2 295.658 -250
483 394.978 96.7266 2 295.976 -250
484 404.978 96.7266 2 296.632 -250
485 414.978 96.7266 2 297.622 -107.19
486 424.978 96.7266 2 298.944 -90.7404
487 434.978 96.7266 2 300.593 -92.0076
488 444.978 96.7266 2 302.563 -250
489 454.978 96.7266 2 304.849 -250
490 464.978 96.7266 2 307.443 -250
491 474.978 96.7266 2 310.338 -96.7291
492 484.978 96.7266 2 313.526 -96.7621
493 84.9784 106.727 2 411.286 -110.403
494 94.9784 106.727 2 404.159 -118.192
495 104.978 106.727 2 397.156 -122.778
496 114.978 106.727 2 390.284 -117.779
497 124.978 106.727 2 383.549 -126.273
498 134.978 106.727 2 376.96 -122.566
499 144.978 106.727 2 370.523 -117.764
500 154.978 106.727 2 364.246 -250
501 164.978 106.727 2 358.14 -250
502 174.978 106.727 2 352.211 -250
503 184.978 106.727 2 346.469 -98.8035
504 194.978 106.727 2 340.924 -250
505 204.978 106.727 2 335.586 -250
506 214.978 106.727 2 330.464 -250
507 224.978 106.727 2 325.569 -250
508 234.978 106.727 2 320.91 -250
509 244.978 106.727 2 316.499 -250
510 254.978 106.727 2 312.346 -250
511 264.978 106.727 2 308.462 -250
512 274.978 106.727 2 304.856 -106.186
513 284.978 106.727 2 301.539 -99.8111
514 294.978 106.727 2 298.52 -105.02
515 304.978 106.727 2 295.809 -113.192
516 314.978 106.727 2 293.413 -108.477
517 324.978 106.727 2 291.341 -144.796
518 334.978 106.727 2 289.6 -135.34
519 344.978 106.727 2 288.196 -137.051
520 354.978 106.727 2 287.133 -132.46
521 364.978 106.727 2 286.415 -116.431
522 374.978 106.727 2 286.046 -116.054
523 384.978 106.727 2 286.025 -250
524 394.978 106.727 2 286.355 -250
525 404.978 106.727 2 287.032 -250
526 414.978 106.727 2 288.056 -116.543
527 424.978 106.727 2 289.421 -92.2331
528 434.978 106.727 2 291.124 -90.5802
529 444.978 106.727 2 293.158 -250
530 454.978 106.727 2 295.516 -250
531 464.978 106.727 2 298.192 -250
532 474.978 106.727 2 301.176 -113.843
533 484.978 106.727 2 304.459 -110.152
534 84.9784 116.727 2 404.664 -87.3544
535 94.9784 116.727 2 397.419 -100.896
536 104.978 116.727 2 390.295 -127.024
537 114.978 116.727 2 383.3 -250
538 124.978 116.727 2 376.44 -250
539 134.978 116.727 2 369.724 -250
540 144.978 116.727 2 363.158 -250
541 154.978 116.727 2 356.753 -250
542 164.978 116.727 2 350.515 -250
543 174.978 116.727 2 344.455 -250
544 184.978 116.727 2 338.582 -90.9571
545 194.978 116.727 2 332.906 -250
546 204.978 116.727 2 327.437 -250
547 214.978 116.727 2 322.185 -250
548 224.978 116.727 2 317.162 -250
549 234.978 116.727 2 312.379 -250
550 244.978 116.727 2 307.846 -250
551 254.978 116.727 2 303.574 -250
552 264.978 116.727 2 299.576 -250
553 274.978 116.727 2 295.862 -105.182
554 284.978 116.727 2 292.443 -102.985
555 294.978 116.727 2 289.329 -100.804
556 304.978 116.727 2 286.531 -123.999
557 314.978 116.727 2 284.057 -118.817
558 324.978 116.727 2 281.916 -250
559 334.978 116.727 2 280.116 -250
560 344.978 116.727 2 278.664 -250
561 354.978 116.727 2 277.565 -250
562 364.978 116.727 2 276.822 -250
563 374.978 116.727 2 276.44 -250
564 384.978 116.727 2 276.419 -250
565 394.978 116.727 2 276.76 -250
566 404.978 116.727 2 277.461 -250
567 414.978 116.727 2 278.519 -250
568 424.978 116.727 2 279.931 -100.971
569 434.978 116.727 2 281.691 -92.7694
570 444.978 116.727 2 283.793 -250
571 454.978 116.727 2 286.229 -250
572 464.978 116.727 2 288.99 -250
573 474.978 116.727 2 292.068 -105.787
574 484.978 116.727 2 295.453 -112.823
575 84.9784 126.727 2 398.184 -89.9553
576 94.9784 126.727 2 390.818 -91.2545
577 104.978 126.727 2 383.572 -115.327
578 114.978 126.727 2 376.451 -250
579 124.978 126.727 2 369.465 -250
580 134.978 126.727 2 362.619 -250
581 144.978 126.727 2 355.923 -250
582 154.978 126.727 2 349.385 -250
583 164.978 126.727 2 343.013 -250
584 174.978 126.727 2 336.818 -250
585 184.978 126.727 2 330.81 -89.0737
586 194.978 126.727 2 324.998 -95.8696
587 204.978 126.727 2 319.393 -99.3355
588 214.978 126.727 2 314.007 -99.0502
589 224.978 126.727 2 308.851 -250
590 234.978 126.727 2 303.936 -250
591 244.978 126.727 2 299.276 -250
592 254.978 126.727 2 294.88 -96.7868
593 264.978 126.727 2 290.763 -88.1898
594 274.978 126.727 2 286.934 -110.101
595 284.978 126.727 2 283.407 -112.48
596 294.978 126.727 2 280.193 -98.9938
597 304.978 126.727 2 277.303 -118.866
598 314.978 126.727 2 274.746 -113.621
599 324.978 126.727 2 272.532 -250
600 334.978 126.727 2 270.67 -250
601 344.978 126.727 2 269.167 -250
602 354.978 126.727 2 268.028 -250
603 364.978 126.727 2 267.26 -250
604 374.978 126.727 2 266.864 -250
605 384.978 126.727 2 266.842 -250
606 394.978 126.727 2 267.195 -250
607 404.978 126.727 2 267.921 -250
608 414.978 126.727 2 269.017 -250
609 424.978 126.727 2 270.478 -111.101
610 434.978 126.727 2 272.3 -95.0308
611 444.978 126.727 2 274.473 -250
612 454.978 126.727 2 276.991 -250
613 464.978 126.727 2 279.844 -250
614 474.978 126.727 2 283.021 -94.7975
615 484.978 126.727 2 286.513 -130.071
616 84.9784 136.727 2 391.851 -91.3788
617 94.9784 136.727 2 384.364 -91.2022
618 104.978 136.727 2 376.994 -89.5399
619 114.978 136.727 2 369.747 -93.7877
620 124.978 136.727 2 362.631 -91.0887
621 134.978 136.727 2 355.654 -250
622 144.978 136.727 2 348.824 -250
623 154.978 136.727 2 342.15 -250
624 164.978 136.727 2 335.641 -250
625 174.978 136.727 2 329.308 -250
626 184.978 136.727 2 323.159 -90.0728
627 194.978 136.727 2 317.207 -88.049
628 204.978 136.727 2 311.463 -99.7103
629 214.978 136.727 2 305.937 -106.751
630 224.978 136.727 2 300.643 -250
631 234.978 136.727 2 295.592 -250
632 244.978 136.727 2 290.797 -250
633 254.978 136.727 2 286.271 -98.1345
634 264.978 136.727 2 282.028 -94.9275
635 274.978 136.727 2 278.08 -113.824
636 284.978 136.727 2 274.439 -102.588
637 294.978 136.727 2 271.119 -127.848
638 304.978 136.727 2 268.13 -120.622
639 314.978 136.727 2 265.485 -119.739
640 324.978 136.727 2 263.193 -250
641 334.978 136.727 2 261.265 -250
642 344.978 136.727 2 259.707 -250
643 354.978 136.727 2 258.527 -250
644 364.978 136.727 2 257.73 -250
645 374.978 136.727 2 257.319 -250
646 384.978 136.727 2 257.297 -250
647 394.978 136.727 2 257.663 -250
648 404.978 136.727 2 258.416 -250
649 414.978 136.727 2 259.552 -250
650 424.978 136.727 2 261.066 -91.1319
651 434.978 136.727 2 262.953 -100.953
652 444.978 136.727 2 265.203 -250
653 454.978 136.727 2 267.808 -250
654 464.978 136.727 2 270.757 -250
655 474.978 136.727 2 274.04 -104.259
656 484.978 136.727 2 277.644 -98.0421
657 84.9784 146.727 2 385.674 -91.3907
658 94.9784 146.727 2 378.064 -96.8759
659 104.978 146.727 2 370.569 -90.4774
660 114.978 146.727 2 363.194 -91.5563
661 124.978 146.727 2 355.947 -88.279
662 134.978 146.727 2 348.836 -93.3582
663 144.978 146.727 2 341.87 -92.1732
664 154.978 146.727 2 335.058 -89.5893
665 164.978 146.727 2 328.408 -87.8154
666 174.978 146.727 2 321.932 -91.3159
667 184.978 146.727 2 315.641 -88.0261
668 194.978 146.727 2 309.544 -89.2138
669 204.978 146.727 2 303.654 -106.489
670 214.978 146.727 2 297.984 -99.8971
671 224.978 146.727 2 292.546 -117.2
672 234.978 146.727 2 287.352 -103.452
673 244.978 146.727 2 282.418 -97.5795
674 254.978 146.727 2 277.756 -95.2865
675 264.978 146.727 2 273.38 -102.083
676 274.978 146.727 2 269.305 -98.3168
677 284.978 146.727 2 265.544 -109.537
678 294.978 146.727 2 262.111 -123.634
679 304.978 146.727 2 259.019 -129.341
680 314.978 146.727 2 256.28 -134.259
681 324.978 146.727 2 253.905 -136.547
682 334.978 146.727 2 251.905 -120.125
683 344.978 146.727 2 250.289 -113.6
684 354.978 146.727 2 249.065 -98.3273
685 364.978 146.727 2 248.237 -108.453
686 374.978 146.727 2 247.811 -125.806
687 384.978 146.727 2 247.788 -84.7759
688 394.978 146.727 2 248.168 -86.7768
689 404.978 146.727 2 248.949 -87.8146
690 414.978 146.727 2 250.128 -84.2199
691 424.978 146.727 2 251.699 -87.1224
692 434.978 146.727 2 253.655 -102.239
693 444.978 146.727 2 255.987 -103.099
694 454.978 146.727 2 258.685 -103.294
695 464.978 146.727 2 261.737 -101.151
696 474.978 146.727 2 265.132 -105.494
697 484.978 146.727 2 268.856 -96.817
698 84.9784 156.727 2 379.659 -90.3321
699 94.9784 156.727 2 371.927 -92.8384
700 104.978 156.727 2 364.305 -91.9653
701 114.978 156.727 2 356.801 -89.7078
702 124.978 156.727 2 349.421 -93.7707
703 134.978 156.727 2 342.175 -91.846
704 144.978 156.727 2 335.07 -95.6332
705 154.978 156.727 2 328.117 -88.1896
706 164.978 156.727 2 321.324 -86.3285
707 174.978 156.727 2 314.702 -92.7092
708 184.978 156.727 2 308.263 -88.0184
709 194.978 156.727 2 302.017 -87.7733
710 204.978 156.727 2 295.978 -102.634
711 214.978 156.727 2 290.158 -114.002
712 224.978 156.727 2 284.57 -113.309
713 234.978 156.727 2 279.228 -109.427
714 244.978 156.727 2 274.148 -93.7021
715 254.978 156.727 2 269.343 -104.52
716 264.978 156.727 2 264.828 -99.1856
717 274.978 156.727 2 260.619 -92.7048
718 284.978 156.727 2 256.731 -113.694
719 294.978 156.727 2 253.178 -122.282
720 304.978 156.727 2 249.976 -127.063
721 314.978 156.727 2 247.136 -125.709
722 324.978 156.727 2 244.673 -125.6
723 334.978 156.727 2 242.597 -121.087
724 344.978 156.727 2 240.919 -114.511
725 354.978 156.727 2 239.646 -101.593
726 364.978 156.727 2 238.786 -105.718
727 374.978 156.727 2 238.343 -119.004
728 384.978 156.727 2 238.318 -91.7749
729 394.978 156.727 2 238.714 -84.9076
730 404.978 156.727 2 239.526 -94.5127
731 414.978 156.727 2 240.751 -86.8844
732 424.978 156.727 2 242.383 -92.031
733 434.978 156.727 2 244.414 -105.447
734 444.978 156.727 2 246.833 -105.943
735 454.978 156.727 2 249.63 -97.2392
736 464.978 156.727 2 252.791 -110.718
737 474.978 156.727 2 256.305 -101.566
738 484.978 156.727 2 260.155 -93.556
739 84.9784 166.727 2 373.816 -112.115
740 94.9784 166.727 2 365.96 -90.8876
741 104.978 166.727 2 358.211 -98.0142
742 114.978 166.727 2 350.576 -88.1129
743 124.978 166.727 2 343.063 -88.6698
744 134.978 166.727 2 335.679 -88.2879
745 144.978 166.727 2 328.434 -87.5221
746 154.978 166.727 2 321.337 -87.3125
747 164.978 166.727 2 314.398 -87.1643
748 174.978 166.727 2 307.627 -90.8701
749 184.978 166.727 2 301.037 -91.1161
750 194.978 166.727 2 294.638 -87.7962
751 204.978 166.727 2 288.444 -98.0087
752 214.978 166.727 2 282.469 -101.169
753 224.978 166.727 2 276.725 -250
754 234.978 166.727 2 271.23 -99.2612
755 244.978 166.727 2 265.996 -250
756 254.978 166.727 2 261.041 -250
757 264.978 166.727 2 256.38 -250
758 274.978 166.727 2 252.031 -105.296
759 284.978 166.727 2 248.008 -105.86
760 294.978 166.727 2 244.328 -250
761 304.978 166.727 2 241.008 -250
762 314.978 166.727 2 238.062 -250
763 324.978 166.727 2 235.503 -250
764 334.978 166.727 2 233.346 -250
765 344.978 166.727 2 231.6 -250
766 354.978 166.727 2 230.276 -106.921
767 364.978 166.727 2 229.381 -107.012
768 374.978 166.727 2 228.92 -250
769 384.978 166.727 2 228.895 -88.0747
770 394.978 166.727 2 229.306 -83.9997
771 404.978 166.727 2 230.151 -80.926
772 414.978 166.727 2 231.426 -82.9452
773 424.978 166.727 2 233.124 -92.4998
774 434.978 166.727 2 235.234 -105.566
775 444.978 166.727 2 237.747 -250
776 454.978 166.727 2 240.649 -250
777 464.978 166.727 2 243.927 -250
778 474.978 166.727 2 247.566 -91.1445
779 484.978 166.727 2 251.55 -100.666
780 84.9784 176.727 2 368.151 -111.402
781 94.9784 176.727 2 360.172 -122.388
782 104.978 176.727 2 352.296 -95.6085
783 114.978 176.727 2 344.53 -91.2363
784 124.978 176.727 2 336.882 -89.3775
785 134.978 176.727 2 329.359 -87.4496
786 144.978 176.727 2 321.972 -87.1422
787 154.978 176.727 2 314.729 -91.998
788 164.978 176.727 2 307.641 -89.8297
789 174.978 176.727 2 300.718 -91.8551
790 184.978 176.727 2 293.973 -88.6103
791 194.978 176.727 2 287.417 -88.1959
792 204.978 176.727 2 281.064 -93.0259
793 214.978 176.727 2 274.928 -110.012
794 224.978 176.727 2 269.024 -250
795 234.978 176.727 2 263.368 -95.506
796 244.978 176.727 2 257.975 -250
797 254.978 176.727 2 252.863 -250
798 264.978 176.727 2 248.048 -250
799 274.978 176.727 2 243.55 -108.924
800 284.978 176.727 2 239.384 -101.67
801 294.978 176.727 2 235.57 -250
802 304.978 176.727 2 232.125 -250
803 314.978 176.727 2 229.064 -250
804 324.978 176.727 2 226.404 -250
805 334.978 176.727 2 224.159 -250
806 344.978 176.727 2 222.342 -250
807 354.978 176.727 2 220.962 -125.737
808 364.978 176.727 2 220.029 -118.431
809 374.978 176.727 2 219.548 -250
810 384.978 176.727 2 219.522 -86.4153
811 394.978 176.727 2 219.95 -84.8679
812 404.978 176.727 2 220.832 -90.2242
813 414.978 176.727 2 222.16 -87.6971
814 424.978 176.727 2 223.928 -99.5923
815 434.978 176.727 2 226.124 -103.356
816 444.978 176.727 2 228.737 -250
817 454.978 176.727 2 231.752 -250
818 464.978 176.727 2 235.154 -250
819 474.978 176.727 2 238.927 -103.846
820 484.978 176.727 2 243.053 -95.0975
821 84.9784 186.727 2 362.674 -105.804
822 94.9784 186.727 2 354.571 -120.344
823 104.978 186.727 2 346.568 -108.418
824 114.978 186.727 2 338.671 -101.07
825 124.978 186.727 2 330.887 -93.1603
826 134.978 186.727 2 323.225 -93.698
827 144.978 186.727 2 315.695 -89.1822
828 154.978 186.727 2 308.304 -99.0183
829 164.978 186.727 2 301.065 -88.5325
830 174.978 186.727 2 293.987 -87.8071
831 184.978 186.727 2 287.084 -88.6897
832 194.978 186.727 2 280.367 -89.5226
833 204.978 186.727 2 273.85 -89.5444
834 214.978 186.727 2 267.549 -108.727
835 224.978 186.727 2 261.479 -250
836 234.978 186.727 2 255.655 -93.9992
837 244.978 186.727 2 250.096 -250
838 254.978 186.727 2 244.819 -250
839 264.978 186.727 2 239.844 -250
840 274.978 186.727 2 235.188 -115.594
841 284.978 186.727 2 230.872 -109.629
842 294.978 186.727 2 226.915 -108.563
843 304.978 186.727 2 223.336 -111.537
844 314.978 186.727 2 220.153 -115.65
845 324.978 186.727 2 217.384 -134.493
846 334.978 186.727 2 215.045 -250
847 344.978 186.727 2 213.15 -250
848 354.978 186.727 2 211.71 -250
849 364.978 186.727 2 210.736 -250
850 374.978 186.727 2 210.234 -250
851 384.978 186.727 2 210.206 -87.1797
852 394.978 186.727 2 210.654 -87.5259
853 404.978 186.727 2 211.574 -84.4238
854 414.978 186.727 2 212.961 -83.6526
855 424.978 186.727 2 214.804 -94.3539
856 434.978 186.727 2 217.092 -111.203
857 444.978 186.727 2 219.813 -250
858 454.978 186.727 2 222.949 -250
859 464.978 186.727 2 226.483 -250
860 474.978 186.727 2 230.398 -95.1269
861 484.978 186.727 2 234.673 -95.3295
862 84.9784 196.727 2 357.392 -116.555
863 94.9784 196.727 2 349.167 -122.582
864 104.978 196.727 2 341.037 -117.602
865 114.978 196.727 2 333.009 -111.039
866 124.978 196.727 2 325.09 -116.462
867 134.978 196.727 2 317.288 -88.9601
868 144.978 196.727 2 309.613 -92.0779
869 154.978 196.727 2 302.074 -93.1004
870 164.978 196.727 2 294.681 -93.5756
871 174.978 196.727 2 287.447 -90.1769
872 184.978 196.727 2 280.382 -91.2912
873 194.978 196.727 2 273.501 -86.274
874 204.978 196.727 2 266.817 -89.0927
875 214.978 196.727 2 260.345 -88.0131
876 224.978 196.727 2 254.102 -250
877 234.978 196.727 2 248.106 -82.3687
878 244.978 196.727 2 242.374 -104.063
879 254.978 196.727 2 236.925 -85.6058
880 264.978 196.727 2 231.78 -91.5786
881 274.978 196.727 2 226.959 -122.326
882 284.978 196.727 2 222.484 -136.623
883 294.978 196.727 2 218.374 -100.474
884 304.978 196.727 2 214.653 -109.567
885 314.978 196.727 2 211.339 -123.889
886 324.978 196.727 2 208.453 -128.812
887 334.978 196.727 2 206.013 -250
888 344.978 196.727 2 204.034 -250
889 354.978 196.727 2 202.53 -83.7401
890 364.978 196.727 2 201.511 -85.5951
891 374.978 196.727 2 200.986 -85.0975
892 384.978 196.727 2 200.957 -85.6358
893 394.978 196.727 2 201.426 -84.6473
894 404.978 196.727 2 202.388 -84.45
895 414.978 196.727 2 203.836 -86.5207
896 424.978 196.727 2 205.761 -250
897 434.978 196.727 2 208.149 -250
898 444.978 196.727 2 210.985 -250
899 454.978 196.727 2 214.25 -250
900 464.978 196.727 2 217.926 -250
901 474.978 196.727 2 221.991 -91.804
902 484.978 196.727 2 226.426 -103.081
903 84.9784 206.727 2 352.316 -113.422
904 94.9784 206.727 2 343.969 -120.663
905 104.978 206.727 2 335.713 -120.301
906 114.978 206.727 2 327.554 -142.2
907 124.978 206.727 2 319.5 -250
908 134.978 206.727 2 311.559 -98.9362
909 144.978 206.727 2 303.739 -85.4234
910 154.978 206.727 2 296.05 -90.8814
911 164.978 206.727 2 288.503 -92.6777
912 174.978 206.727 2 281.11 -87.1409
913 184.978 206.727 2 273.882 -91.4083
914 194.978 206.727 2 266.833 -89.8496
915 204.978 206.727 2 259.977 -87.886
916 214.978 206.727 2 253.331 -88.1443
917 224.978 206.727 2 246.911 -93.9549
918 234.978 206.727 2 240.735 -86.1859
919 244.978 206.727 2 234.823 -83.8579
920 254.978 206.727 2 229.195 -85.3515
921 264.978 206.727 2 223.873 -88.6737
922 274.978 206.727 2 218.878 -104.616
923 284.978 206.727 2 214.233 -116.875
924 294.978 206.727 2 209.963 -110.709
925 304.978 206.727 2 206.09 -115.017
926 314.978 206.727 2 202.636 -128.692
927 324.978 206.727 2 199.624 -138.654
928 334.978 206.727 2 197.075 -250
929 344.978 206.727 2 195.005 -250
930 354.978 206.727 2 193.43 -85.2749
931 364.978 206.727 2 192.364 -82.0201
932 374.978 206.727 2 191.813 -90.9532
933 384.978 206.727 2 191.783 -84.4184
934 394.978 206.727 2 192.274 -87.3398
935 404.978 206.727 2 193.281 -81.1727
936 414.978 206.727 2 194.798 -85.1899
937 424.978 206.727 2 196.811 -250
938 434.978 206.727 2 199.307 -250
939 444.978 206.727 2 202.266 -250
940 454.978 206.727 2 205.67 -250
941 464.978 206.727 2 209.496 -250
942 474.978 206.727 2 213.722 -88.8253
943 484.978 206.727 2 218.325 -105.573
944 84.9784 216.727 2 347.453 -116.559
945 94.9784 216.727 2 338.986 -116.636
946 104.978 216.727 2 330.606 -149.031
947 114.978 216.727 2 322.318 -250
948 124.978 216.727 2 314.129 -250
949 134.978 216.727 2 306.049 -86.5509
950 144.978 216.727 2 298.084 -86.3505
951 154.978 216.727 2 290.246 -92.849
952 164.978 216.727 2 282.544 -87.3289
953 174.978 216.727 2 274.99 -85.698
954 184.978 216.727 2 267.597 -89.4766
955 194.978 216.727 2 260.378 -90.0078
956 204.978 216.727 2 253.348 -87.4209
957 214.978 216.727 2 246.523 -88.2984
958 224.978 216.727 2 239.921 -87.1793
959 234.978 216.727 2 233.561 -84.3233
960 244.978 216.727 2 227.462 -84.1173
961 254.978 216.727 2 221.647 -88.726
962 264.978 216.727 2 216.139 -85.4447
963 274.978 216.727 2 210.961 -84.0644
964 284.978 216.727 2 206.138 -111.885
965 294.978 216.727 2 201.696 -250
966 304.978 216.727 2 197.661 -250
967 314.978 216.727 2 194.058 -250
968 324.978 216.727 2 190.911 -250
969 334.978 216.727 2 188.243 -250
970 344.978 216.727 2 186.075 -250
971 354.978 216.727 2 184.424 -83.3177
972 364.978 216.727 2 183.305 -81.3892
973 374.978 216.727 2 182.727 -81.5899
974 384.978 216.727 2 182.696 -84.8092
975 394.978 216.727 2 183.211 -83.5413
976 404.978 216.727 2 184.268 -79.5139
977 414.978 216.727 2 185.858 -94.9434
978 424.978 216.727 2 187.967 -250
979 434.978 216.727 2 190.579 -250
980 444.978 216.727 2 193.672 -250
981 454.978 216.727 2 197.224 -250
982 464.978 216.727 2 201.21 -250
983 474.978 216.727 2 205.607 -91.056
984 484.978 216.727 2 210.387 -89.0127
985 84.9784 226.727 2 342.812 -88.5164
986 94.9784 226.727 2 334.229 -114.663
987 104.978 226.727 2 325.726 -250
988 114.978 226.727 2 317.31 -250
989 124.978 226.727 2 308.989 -250
990 134.978 226.727 2 300.77 -95.007
991 144.978 226.727 2 292.662 -103.529
992 154.978 226.727 2 284.675 -90.1168
993 164.978 226.727 2 276.818 -88.035
994 174.978 226.727 2 269.103 -92.4334
995 184.978 226.727 2 261.544 -91.469
996 194.978 226.727 2 254.153 -89.2909
997 204.978 226.727 2 246.946 -87.1757
998 214.978 226.727 2 239.939 -91.7505
999 224.978 226.727 2 233.15 -85.9917
1000 234.978 226.727 2 226.6 -88.7656
1001 244.978 226.727 2 220.309 -88.548
1002 254.978 226.727 2 214.3 -84.7745
1003 264.978 226.727 2 208.598 -86.1703
1004 274.978 226.727 2 203.228 -85.083
1005 284.978 226.727 2 198.217 -94.0149
1006 294.978 226.727 2 193.594 -250
1007 304.978 226.727 2 189.386 -250
1008 314.978 226.727 2 185.622 -250
1009 324.978 226.727 2 182.329 -250
1010 334.978 226.727 2 179.534 -250
1011 344.978 226.727 2 177.259 -250
1012 354.978 226.727 2 175.526 -79.3429
1013 364.978 226.727 2 174.35 -83.7542
1014 374.978 226.727 2 173.742 -81.1017
1015 384.978 226.727 2 173.709 -84.988
1016 394.978 226.727 2 174.251 -91.3826
1017 404.978 226.727 2 175.362 -97.4972
1018 414.978 226.727 2 177.032 -96.2211
1019 424.978 226.727 2 179.245 -250
1020 434.978 226.727 2 181.981 -250
1021 444.978 226.727 2 185.218 -250
1022 454.978 226.727 2 188.929 -250
1023 464.978 226.727 2 193.087 -250
1024 474.978 226.727 2 197.664 -108.074
1025 484.978 226.727 2 202.632 -101.73
1026 84.9784 236.727 2 338.404 -104.468
1027 94.9784 236.727 2 329.706 -102.698
1028 104.978 236.727 2 321.083 -102.345
1029 114.978 236.727 2 312.542 -176.867
1030 124.978 236.727 2 304.091 -250
1031 134.978 236.727 2 295.736 -99.0273
1032 144.978 236.727 2 287.486 -89.1289
1033 154.978 236.727 2 279.351 -88.5818
1034 164.978 236.727 2 271.34 -88.4351
1035 174.978 236.727 2 263.465 -88.2927
1036 184.978 236.727 2 255.739 -86.5845
1037 194.978 236.727 2 248.175 -88.3875
1038 204.978 236.727 2 240.789 -89.7833
1039 214.978 236.727 2 233.597 -90.8849
1040 224.978 236.727 2 226.619 -99.0816
1041 234.978 236.727 2 219.874 -97.2893
1042 244.978 236.727 2 213.385 -96.3551
1043 254.978 236.727 2 207.175 -85.7393
1044 264.978 236.727 2 201.271 -86.6627
1045 274.978 236.727 2 195.7 -101.057
1046 284.978 236.727 2 190.491 -96.7263
1047 294.978 236.727 2 185.676 -250
1048 304.978 236.727 2 181.284 -250
1049 314.978 236.727 2 177.348 -250
1050 324.978 236.727 2 173.899 -250
1051 334.978 236.727 2 170.966 -250
1052 344.978 236.727 2 168.576 -250
1053 354.978 236.727 2 166.752 -91.9141
1054 364.978 236.727 2 165.514 -91.7884
1055 374.978 236.727 2 164.874 -99.5663
1056 384.978 236.727 2 164.839 -90.9078
1057 394.978 236.727 2 165.41 -94.3724
1058 404.978 236.727 2 166.58 -97.9811
1059 414.978 236.727 2 168.337 -250
1060 424.978 236.727 2 170.663 -250
1061 434.978 236.727 2 173.535 -250
1062 444.978 236.727 2 176.926 -250
1063 454.978 236.727 2 180.807 -250
1064 464.978 236.727 2 185.148 -250
1065 474.978 236.727 2 189.916 -108.759
1066 484.978 236.727 2 195.081 -128.267
1067 84.9784 246.727 2 334.237 -93.3215
1068 94.9784 246.727 2 325.427 -103.915
1069 104.978 246.727 2 316.688 -99.3569
1070 114.978 246.727 2 308.026 -97.2083
1071 124.978 246.727 2 299.447 -118.854
1072 134.978 246.727 2 290.958 -108.491
1073 144.978 246.727 2 282.569 -107.873
1074 154.978 246.727 2 274.288 -94.8259
1075 164.978 246.727 2 266.124 -88.3944
1076 174.978 246.727 2 258.091 -87.3434
1077 184.978 246.727 2 250.198 -87.7289
1078 194.978 246.727 2 242.462 -86.3141
1079 204.978 246.727 2 234.896 -90.1387
1080 214.978 246.727 2 227.518 -94.4846
1081 224.978 246.727 2 220.348 -108.894
1082 234.978 246.727 2 213.405 -106.892
1083 244.978 246.727 2 206.713 -108.669
1084 254.978 246.727 2 200.296 -115.88
1085 264.978 246.727 2 194.183 -84.3234
1086 274.978 246.727 2 188.403 -102.815
1087 284.978 246.727 2 182.986 -89.2814
1088 294.978 246.727 2 177.968 -131.698
1089 304.978 246.727 2 173.381 -98.1255
1090 314.978 246.727 2 169.262 -101.208
1091 324.978 246.727 2 165.644 -97.9177
1092 334.978 246.727 2 162.562 -96.1844
1093 344.978 246.727 2 160.047 -105.954
1094 354.978 246.727 2 158.125 -88.3
1095 364.978 246.727 2 156.818 -94.1146
1096 374.978 246.727 2 156.142 -92.8435
1097 384.978 246.727 2 156.105 -90.7764
1098 394.978 246.727 2 156.708 -98.8656
1099 404.978 246.727 2 157.942 -101.133
1100 414.978 246.727 2 159.795 -112.72
1101 424.978 246.727 2 162.243 -104.554
1102 434.978 246.727 2 165.261 -95.8184
1103 444.978 246.727 2 168.819 -100.41
1104 454.978 246.727 2 172.882 -98.8309
1105 464.978 246.727 2 177.417 -91.6223
1106 474.978 246.727 2 182.387 -94.3046
1107 484.978 246.727 2 187.76 -110.396
1108 84.9784 256.727 2 330.32 -98.2316
1109 94.9784 256.727 2 321.403 -93.0039
1110 104.978 256.727 2 312.551 -105.103
1111 114.978 256.727 2 303.771 -123.211
1112 124.978 256.727 2 295.068 -128.163
1113 134.978 256.727 2 286.45 -108.954
1114 144.978 256.727 2 277.925 -116.622
1115 154.978 256.727 2 269.501 -110.373
1116 164.978 256.727 2 261.188 -110.204
1117 174.978 256.727 2 252.998 -83.9417
1118 184.978 256.727 2 244.941 -94.0748
1119 194.978 256.727 2 237.033 -86.1452
1120 204.978 256.727 2 229.288 -92.0125
1121 214.978 256.727 2 221.724 -101.896
1122 224.978 256.727 2 214.36 -104.849
1123 234.978 256.727 2 207.216 -110.79
1124 244.978 256.727 2 200.318 -124.311
1125 254.978 256.727 2 193.689 -117.192
1126 264.978 256.727 2 187.361 -93.9998
1127 274.978 256.727 2 181.363 -93.7214
1128 284.978 256.727 2 175.73 -88.1274
1129 294.978 256.727 2 170.498 -87.7239
1130 304.978 256.727 2 165.705 -89.9866
1131 314.978 256.727 2 161.389 -88.942
1132 324.978 256.727 2 157.591 -90.7696
1133 334.978 256.727 2 154.348 -93.174
1134 344.978 256.727 2 151.697 -91.1256
1135 354.978 256.727 2 149.668 -89.0853
1136 364.978 256.727 2 148.287 -92.003
1137 374.978 256.727 2 147.572 -93.6216
1138 384.978 256.727 2 147.533 -100.976
1139 394.978 256.727 2 148.17 -105.518
1140 404.978 256.727 2 149.475 -103.617
1141 414.978 256.727 2 151.431 -106.851
1142 424.978 256.727 2 154.012 -104.979
1143 434.978 256.727 2 157.189 -100.458
1144 444.978 256.727 2 160.925 -107.597
1145 454.978 256.727 2 165.182 -103.892
1146 464.978 256.727 2 169.923 -90.2663
1147 474.978 256.727 2 175.106 -90.9039
1148 484.978 256.727 2 180.695 -100.466
1149 84.9784 266.727 2 326.663 -103.629
1150 94.9784 266.727 2 317.643 -108.689
1151 104.978 266.727 2 308.683 -113.963
1152 114.978 266.727 2 299.79 -117.684
1153 124.978 266.727 2 290.968 -132.892
1154 134.978 266.727 2 282.225 -250
1155 144.978 266.727 2 273.568 -250
1156 154.978 266.727 2 265.005 -250
1157 164.978 266.727 2 256.547 -250
1158 174.978 266.727 2 248.203 -93.3307
1159 184.978 266.727 2 239.986 -92.6819
1160 194.978 266.727 2 231.909 -84.8426
1161 204.978 266.727 2 223.987 -93.1104
1162 214.978 266.727 2 216.238 -94.1923
1163 224.978 266.727 2 208.68 -106.497
1164 234.978 266.727 2 201.335 -117.886
1165 244.978 266.727 2 194.227 -250
1166 254.978 266.727 2 187.384 -250
1167 264.978 266.727 2 180.834 -250
1168 274.978 266.727 2 174.613 -110.391
1169 284.978 266.727 2 168.754 -87.6289
1170 294.978 266.727 2 163.299 -250
1171 304.978 266.727 2 158.288 -250
1172 314.978 266.727 2 153.764 -250
1173 324.978 266.727 2 149.773 -250
1174 334.978 266.727 2 146.357 -250
1175 344.978 266.727 2 143.558 -250
1176 354.978 266.727 2 141.412 -250
1177 364.978 266.727 2 139.95 -250
1178 374.978 266.727 2 139.192 -250
1179 384.978 266.727 2 139.151 -250
1180 394.978 266.727 2 139.826 -250
1181 404.978 266.727 2 141.209 -250
1182 414.978 266.727 2 143.277 -250
1183 424.978 266.727 2 146.003 -250
1184 434.978 266.727 2 149.35 -250
1185 444.978 266.727 2 153.277 -250
1186 454.978 266.727 2 157.741 -250
1187 464.978 266.727 2 162.698 -250
1188 474.978 266.727 2 168.105 -87.6074
1189 484.978 266.727 2 173.919 -93.8856
1190 84.9784 276.727 2 323.273 -102.78
1191 94.9784 276.727 2 314.156 -108.043
1192 104.978 276.727 2 305.094 -116.898
1193 114.978 276.727 2 296.093 -123.465
1194 124.978 276.727 2 287.157 -124.632
1195 134.978 276.727 2 278.295 -250
1196 144.978 276.727 2 269.511 -250
1197 154.978 276.727 2 260.816 -250
1198 164.978 276.727 2 252.217 -250
1199 174.978 276.727 2 243.725 -86.0681
1200 184.978 276.727 2 235.351 -87.4993
1201 194.978 276.727 2 227.11 -90.3675
1202 204.978 276.727 2 219.014 -88.498
1203 214.978 276.727 2 211.082 -95.5742
1204 224.978 276.727 2 203.333 -123.287
1205 234.978 276.727 2 195.787 -121.688
1206 244.978 276.727 2 188.471 -250
1207 254.978 276.727 2 181.41 -250
1208 264.978 276.727 2 174.637 -250
1209 274.978 276.727 2 168.186 -87.5154
1210 284.978 276.727 2 162.096 -87.3045
1211 294.978 276.727 2 156.408 -250
1212 304.978 276.727 2 151.169 -250
1213 314.978 276.727 2 146.426 -250
1214 324.978 276.727 2 142.229 -250
1215 334.978 276.727 2 138.627 -250
1216 344.978 276.727 2 135.669 -250
1217 354.978 276.727 2 133.396 -250
1218 364.978 276.727 2 131.844 -250
1219 374.978 276.727 2 131.04 -250
1220 384.978 276.727 2 130.996 -250
1221 394.978 276.727 2 131.713 -250
1222 404.978 276.727 2 133.18 -250
1223 414.978 276.727 2 135.371 -250
1224 424.978 276.727 2 138.253 -250
1225 434.978 276.727 2 141.783 -250
1226 444.978 276.727 2 145.914 -250
1227 454.978 276.727 2 150.596 -250
1228 464.978 276.727 2 155.781 -250
1229 474.978 276.727 2 161.419 -98.3994
1230 484.978 276.727 2 167.466 -87.7258
1231 84.9784 286.727 2 320.16 -102.29
1232 94.9784 286.727 2 310.952 -110.816
1233 104.978 286.727 2 301.794 -110.009
1234 114.978 286.727 2 292.691 -118.732
1235 124.978 286.727 2 283.648 -125.545
1236 134.978 286.727 2 274.672 -250
1237 144.978 286.727 2 265.769 -250
1238 154.978 286.727 2 256.947 -250
1239 164.978 286.727 2 248.214 -250
1240 174.978 286.727 2 239.58 -91.5934
1241 184.978 286.727 2 231.057 -83.7248
1242 194.978 286.727 2 222.656 -92.208
1243 204.978 286.727 2 214.393 -87.1998
1244 214.978 286.727 2 206.283 -93.0259
1245 224.978 286.727 2 198.346 -120.975
1246 234.978 286.727 2 190.603 -127.615
1247 244.978 286.727 2 183.08 -250
1248 254.978 286.727 2 175.803 -250
1249 264.978 286.727 2 168.805 -250
1250 274.978 286.727 2 162.122 -81.882
1251 284.978 286.727 2 155.795 -91.2884
1252 294.978 286.727 2 149.869 -250
1253 304.978 286.727 2 144.392 -250
1254 314.978 286.727 2 139.419 -250
1255 324.978 286.727 2 135.004 -250
1256 334.978 286.727 2 131.204 -250
1257 344.978 286.727 2 128.074 -250
1258 354.978 286.727 2 125.664 -250
1259 364.978 286.727 2 124.016 -250
1260 374.978 286.727 2 123.16 -250
1261 384.978 286.727 2 123.113 -250
1262 394.978 286.727 2 123.877 -250
1263 404.978 286.727 2 125.435 -250
1264 414.978 286.727 2 127.759 -250
1265 424.978 286.727 2 130.808 -250
1266 434.978 286.727 2 134.534 -250
1267 444.978 286.727 2 138.881 -250
1268 454.978 286.727 2 143.793 -250
1269 464.978 286.727 2 149.214 -250
1270 474.978 286.727 2 155.091 -91.0056
1271 484.978 286.727 2 161.375 -88.9558
1272 84.9784 296.727 2 317.332 -101.166
1273 94.9784 296.727 2 308.039 -107.909
1274 104.978 296.727 2 298.792 -113.137
1275 114.978 296.727 2 289.594 -117.597
1276 124.978 296.727 2 280.452 -126.529
1277 134.978 296.727 2 271.37 -250
1278 144.978 296.727 2 262.355 -250
1279 154.978 296.727 2 253.414 -250
1280 164.978 296.727 2 244.555 -250
1281 174.978 296.727 2 235.788 -85.7348
1282 184.978 296.727 2 227.122 -87.8976
1283 194.978 296.727 2 218.57 -90.9199
1284 204.978 296.727 2 210.146 -87.6502
1285 214.978 296.727 2 201.866 -98.1637
1286 224.978 296.727 2 193.748 -106.867
1287 234.978 296.727 2 185.814 -118.693
1288 244.978 296.727 2 178.088 -250
1289 254.978 296.727 2 170.598 -250
1290 264.978 296.727 2 163.377 -250
1291 274.978 296.727 2 156.463 -82.8806
1292 284.978 296.727 2 149.897 -93.7611
1293 294.978 296.727 2 143.728 -250
1294 304.978 296.727 2 138.008 -250
1295 314.978 296.727 2 132.795 -250
1296 324.978 296.727 2 128.152 -84.3754
1297 334.978 296.727 2 124.143 -92.1604
1298 344.978 296.727 2 120.83 -87.1844
1299 354.978 296.727 2 118.273 -91.4732
1300 364.978 296.727 2 116.52 -91.2206
1301 374.978 296.727 2 115.609 -90.9089
1302 384.978 296.727 2 115.559 -92.3858
1303 394.978 296.727 2 116.372 -105.964
1304 404.978 296.727 2 118.029 -109.643
1305 414.978 296.727 2 120.496 -103.798
1306 424.978 296.727 2 123.725 -105.495
1307 434.978 296.727 2 127.657 -250
1308 444.978 296.727 2 132.23 -250
1309 454.978 296.727 2 137.38 -250
1310 464.978 296.727 2 143.045 -250
1311 474.978 296.727 2 149.165 -91.5164
1312 484.978 296.727 2 155.688 -93.9816
1313 84.9784 306.727 2 314.796 -95.966
1314 94.9784 306.727 2 305.426 -105.427
1315 104.978 306.727 2 296.097 -111.673
1316 114.978 306.727 2 286.813 -120.117
1317 124.978 306.727 2 277.58 -133.914
1318 134.978 306.727 2 268.401 -250
1319 144.978 306.727 2 259.282 -250
1320 154.978 306.727 2 250.232 -250
1321 164.978 306.727 2 241.256 -250
1322 174.978 306.727 2 232.364 -84.4207
1323 184.978 306.727 2 223.565 -86.6877
1324 194.978 306.727 2 214.872 -82.9185
1325 204.978 306.727 2 206.297 -85.6552
1326 214.978 306.727 2 197.855 -93.5105
1327 224.978 306.727 2 189.566 -107.542
1328 234.978 306.727 2 181.449 -112.487
1329 244.978 306.727 2 173.529 -250
1330 254.978 306.727 2 165.833 -250
1331 264.978 306.727 2 158.396 -250
1332 274.978 306.727 2 151.254 -80.7913
1333 284.978 306.727 2 144.451 -91.3833
1334 294.978 306.727 2 138.038 -250
1335 304.978 306.727 2 132.072 -250
1336 314.978 306.727 2 126.616 -250
1337 324.978 306.727 2 121.738 -89.0286
1338 334.978 306.727 2 117.51 -250
1339 344.978 306.727 2 114.005 -250
1340 354.978 306.727 2 111.29 -250
1341 364.978 306.727 2 109.426 -78.9736
1342 374.978 306.727 2 108.455 -250
1343 384.978 306.727 2 108.402 -250
1344 394.978 306.727 2 109.268 -250
1345 404.978 306.727 2 111.031 -250
1346 414.978 306.727 2 113.65 -250
1347 424.978 306.727 2 117.068 -250
1348 434.978 306.727 2 121.216 -250
1349 444.978 306.727 2 126.023 -250
1350 454.978 306.727 2 131.417 -250
1351 464.978 306.727 2 137.327 -250
1352 474.978 306.727 2 143.692 -86.5829
1353 484.978 306.727 2 150.452 -95.6858
1354 84.9784 316.727 2 312.56 -89.3804
1355 94.9784 316.727 2 303.12 -88.9799
1356 104.978 316.727 2 293.718 -88.699
1357 114.978 316.727 2 284.357 -87.779
1358 124.978 316.727 2 275.041 -98.5386
1359 134.978 316.727 2 265.774 -250
1360 144.978 316.727 2 256.563 -250
1361 154.978 316.727 2 247.412 -250
1362 164.978 316.727 2 238.33 -250
1363 174.978 316.727 2 229.325 -90.3791
1364 184.978 316.727 2 220.405 -88.1636
1365 194.978 316.727 2 211.582 -85.2917
1366 204.978 316.727 2 202.868 -88.4075
1367 214.978 316.727 2 194.278 -84.0262
1368 224.978 316.727 2 185.829 -86.5541
1369 234.978 316.727 2 177.541 -107.015
1370 244.978 316.727 2 169.438 -250
1371 254.978 316.727 2 161.548 -250
1372 264.978 316.727 2 153.903 -250
1373 274.978 316.727 2 146.542 -81.2017
1374 284.978 316.727 2 139.51 -90.6291
1375 294.978 316.727 2 132.859 -250
1376 304.978 316.727 2 126.65 -250
1377 314.978 316.727 2 120.949 -250
1378 324.978 316.727 2 115.832 -78.7673
1379 334.978 316.727 2 111.38 -250
1380 344.978 316.727 2 107.676 -250
1381 354.978 316.727 2 104.798 -250
1382 364.978 316.727 2 102.815 -86.655
1383 374.978 316.727 2 101.782 -250
1384 384.978 316.727 2 101.725 -250
1385 394.978 316.727 2 102.647 -250
1386 404.978 316.727 2 104.522 -250
1387 414.978 316.727 2 107.301 -250
1388 424.978 316.727 2 110.914 -250
1389 434.978 316.727 2 115.284 -250
1390 444.978 316.727 2 120.328 -250
1391 454.978 316.727 2 125.966 -250
1392 464.978 316.727 2 132.121 -250
1393 474.978 316.727 2 138.724 -101.394
1394 484.978 316.727 2 145.715 -83.285
1395 84.9784 326.727 2 310.629 -108.296
1396 94.9784 326.727 2 301.13 -93.6445
1397 104.978 326.727 2 291.663 -91.047
1398 114.978 326.727 2 282.234 -88.4836
1399 124.978 326.727 2 272.845 -84.5497
1400 134.978 326.727 2 263.501 -85.6405
1401 144.978 326.727 2 254.207 -88.096
1402 154.978 326.727 2 244.969 -89.7799
1403 164.978 326.727 2 235.793 -86.8048
1404 174.978 326.727 2 226.687 -87.1854
1405 184.978 326.727 2 217.659 -86.8516
1406 194.978 326.727 2 208.72 -85.7378
1407 204.978 326.727 2 199.881 -85.3091
1408 214.978 326.727 2 191.156 -87.3058
1409 224.978 326.727 2 182.563 -82.3252
1410 234.978 326.727 2 174.12 -85.4691
1411 244.978 326.727 2 165.85 -80.1022
1412 254.978 326.727 2 157.781 -89.1739
1413 264.978 326.727 2 149.944 -81.5804
1414 274.978 326.727 2 142.379 -80.8682
1415 284.978 326.727 2 135.13 -77.9816
1416 294.978 326.727 2 128.252 -78.0921
1417 304.978 326.727 2 121.808 -76.6249
1418 314.978 326.727 2 115.869 -75.4236
1419 324.978 326.727 2 110.517 -76.1054
1420 334.978 326.727 2 105.842 -76.4075
1421 344.978 326.727 2 101.937 -77.2821
1422 354.978 326.727 2 98.8916 -84.9069
1423 364.978 326.727 2 96.7886 -76.1461
1424 374.978 326.727 2 95.6897 -79.1192
1425 384.978 326.727 2 95.6295 -79.7649
1426 394.978 326.727 2 96.6099 -76.1098
1427 404.978 326.727 2 98.6 -80.1525
1428 414.978 326.727 2 101.54 -78.2824
1429 424.978 326.727 2 105.351 -76.8715
1430 434.978 326.727 2 109.943 -76.2525
1431 444.978 326.727 2 115.221 -75.6004
1432 454.978 326.727 2 121.097 -81.9394
1433 464.978 326.727 2 127.487 -77.2927
1434 474.978 326.727 2 134.318 -82.565
1435 484.978 326.727 2 141.527 -80.5998
1436 84.9784 336.727 2 309.011 -109.251
1437 94.9784 336.727 2 299.46 -111.705
1438 104.978 336.727 2 289.939 -113.518
1439 114.978 336.727 2 280.451 -112.089
1440 124.978 336.727 2 271.001 -119.354
1441 134.978 336.727 2 261.591 -114.841
1442 144.978 336.727 2 252.227 -122.156
1443 154.978 336.727 2 242.913 -110.365
1444 164.978 336.727 2 233.657 -94.8306
1445 174.978 336.727 2 224.464 -87.5347
1446 184.978 336.727 2 215.342 -85.1405
1447 194.978 336.727 2 206.303 -85.0793
1448 204.978 336.727 2 197.356 -82.088
1449 214.978 336.727 2 188.515 -85.8902
1450 224.978 336.727 2 179.795 -99.1836
1451 234.978 336.727 2 171.216 -95.461
1452 244.978 336.727 2 162.798 -95.0409
1453 254.978 336.727 2 154.57 -118.616
1454 264.978 336.727 2 146.561 -106.77
1455 274.978 336.727 2 138.812 -82.7803
1456 284.978 336.727 2 131.367 -80.1832
1457 294.978 336.727 2 124.281 -85.0065
1458 304.978 336.727 2 117.619 -85.9813
1459 314.978 336.727 2 111.457 -81.1567
1460 324.978 336.727 2 105.883 -77.8025
1461 334.978 336.727 2 100.993 -76.6989
1462 344.978 336.727 2 96.8921 -76.2156
1463 354.978 336.727 2 93.6833 -76.353
1464 364.978 336.727 2 91.4606 -87.5458
1465 374.978 336.727 2 90.2969 -76.9701
1466 384.978 336.727 2 90.2331 -80.1684
1467 394.978 336.727 2 91.2715 -97.0406
1468 404.978 336.727 2 93.3755 -97.0215
1469 414.978 336.727 2 96.4752 -89.7873
1470 424.978 336.727 2 100.479 -91.1647
1471 434.978 336.727 2 105.283 -89.8243
1472 444.978 336.727 2 110.783 -101.934
1473 454.978 336.727 2 116.882 -82.6691
1474 464.978 336.727 2 123.49 -87.1035
1475 474.978 336.727 2 130.531 -91.1644
1476 484.978 336.727 2 137.938 -84.11
1477 84.9784 346.727 2 307.709 -116.137
1478 94.9784 346.727 2 298.116 -125.263
1479 104.978 346.727 2 288.551 -124.902
1480 114.978 346.727 2 279.016 -250
1481 124.978 346.727 2 269.515 -250
1482 134.978 346.727 2 260.052 -250
1483 144.978 346.727 2 250.63 -250
1484 154.978 346.727 2 241.255 -250
1485 164.978 346.727 2 231.932 -250
1486 174.978 346.727 2 222.668 -250
1487 184.978 346.727 2 213.47 -87.6797
1488 194.978 346.727 2 204.347 -85.8181
1489 204.978 346.727 2 195.311 -85.5254
1490 214.978 346.727 2 186.373 -86.6215
1491 224.978 346.727 2 177.548 -101.8
1492 234.978 346.727 2 168.854 -94.8356
1493 244.978 346.727 2 160.313 -250
1494 254.978 346.727 2 151.95 -250
1495 264.978 346.727 2 143.796 -250
1496 274.978 346.727 2 135.889 -83.0946
1497 284.978 346.727 2 128.274 -83.0939
1498 294.978 346.727 2 121.007 -78.5513
1499 304.978 346.727 2 114.154 -79.0857
1500 314.978 346.727 2 107.795 -85.9615
1501 324.978 346.727 2 102.02 -79.3508
1502 334.978 346.727 2 96.9362 -76.2378
1503 344.978 346.727 2 92.6558 -76.728
1504 354.978 346.727 2 89.2949 -76.1259
1505 364.978 346.727 2 86.9601 -75.7856
1506 374.978 346.727 2 85.7353 -78.0242
1507 384.978 346.727 2 85.6681 -250
1508 394.978 346.727 2 86.7612 -250
1509 404.978 346.727 2 88.9719 -250
1510 414.978 346.727 2 92.2197 -250
1511 424.978 346.727 2 96.4 -250
1512 434.978 346.727 2 101.397 -250
1513 444.978 346.727 2 107.098 -86.8684
1514 454.978 346.727 2 113.395 -250
1515 464.978 346.727 2 120.195 -250
1516 474.978 346.727 2 127.418 -91.5712
1517 484.978 346.727 2 134.996 -78.9284
1518 84.9784 356.727 2 306.727 -122.924
1519 94.9784 356.727 2 297.103 -131.66
1520 104.978 356.727 2 287.504 -250
1521 114.978 356.727 2 277.933 -250
1522 124.978 356.727 2 268.394 -250
1523 134.978 356.727 2 258.89 -250
1524 144.978 356.727 2 249.424 -250
1525 154.978 356.727 2 240.002 -250
1526 164.978 356.727 2 230.628 -250
1527 174.978 356.727 2 221.31 -250
1528 184.978 356.727 2 212.053 -84.7805
1529 194.978 356.727 2 202.867 -85.9956
1530 204.978 356.727 2 193.761 -81.3833
1531 214.978 356.727 2 184.748 -82.5477
1532 224.978 356.727 2 175.842 -90.0697
1533 234.978 356.727 2 167.059 -95.0103
1534 244.978 356.727 2 158.421 -250
1535 254.978 356.727 2 149.953 -250
1536 264.978 356.727 2 141.684 -250
1537 274.978 356.727 2 133.652 -78.3554
1538 284.978 356.727 2 125.902 -79.7762
1539 294.978 356.727 2 118.489 -84.7296
1540 304.978 356.727 2 111.482 -81.21
1541 314.978 356.727 2 104.96 -77.3865
1542 324.978 356.727 2 99.021 -85.7663
1543 334.978 356.727 2 93.7744 -76.654
1544 344.978 356.727 2 89.3427 -76.0914
1545 354.978 356.727 2 85.8522 -77.2188
1546 364.978 356.727 2 83.4211 -74.7135
1547 374.978 356.727 2 82.1436 -85.4518
1548 384.978 356.727 2 82.0734 -86.902
1549 394.978 356.727 2 83.2138 -250
1550 404.978 356.727 2 85.5162 -250
1551 414.978 356.727 2 88.8904 -250
1552 424.978 356.727 2 93.22 -250
1553 434.978 356.727 2 98.3792 -250
1554 444.978 356.727 2 104.245 -87.2087
1555 454.978 356.727 2 110.704 -250
1556 464.978 356.727 2 117.66 -250
1557 474.978 356.727 2 125.03 -91.4115
1558 484.978 356.727 2 132.744 -78.5648
1559 84.9784 366.727 2 306.07 -122.548
1560 94.9784 366.727 2 296.424 -134.395
1561 104.978 366.727 2 286.802 -250
1562 114.978 366.727 2 277.208 -250
1563 124.978 366.727 2 267.643 -250
1564 134.978 366.727 2 258.11 -250
1565 144.978 366.727 2 248.615 -250
1566 154.978 366.727 2 239.161 -250
1567 164.978 366.727 2 229.753 -250
1568 174.978 366.727 2 220.397 -250
1569 184.978 366.727 2 211.101 -105.733
1570 194.978 366.727 2 201.871 -250
1571 204.978 366.727 2 192.718 -250
1572 214.978 366.727 2 183.654 -250
1573 224.978 366.727 2 174.692 -250
1574 234.978 366.727 2 165.849 -250
1575 244.978 366.727 2 157.144 -250
1576 254.978 366.727 2 148.603 -250
1577 264.978 366.727 2 140.254 -250
1578 274.978 366.727 2 132.135 -80.6027
1579 284.978 366.727 2 124.291 -83.9831
1580 294.978 366.727 2 116.776 -81.3416
1581 304.978 366.727 2 109.66 -77.6866
1582 314.978 366.727 2 103.023 -86.0896
1583 324.978 366.727 2 96.9648 -76.6184
1584 334.978 366.727 2 91.6005 -86.1901
1585 344.978 366.727 2 87.0582 -75.8804
1586 354.978 366.727 2 83.4723 -74.6338
1587 364.978 366.727 2 80.9698 -74.7369
1588 374.978 366.727 2 79.6529 -82.7018
1589 384.978 366.727 2 79.5806 -78.7263
1590 394.978 366.727 2 80.7561 -250
1591 404.978 366.727 2 83.1266 -250
1592 414.978 366.727 2 86.594 -250
1593 424.978 366.727 2 91.0329 -250
1594 434.978 366.727 2 96.3093 -250
1595 444.978 366.727 2 102.294 -84.7102
1596 454.978 366.727 2 108.869 -250
1597 464.978 366.727 2 115.935 -250
1598 474.978 366.727 2 123.407 -90.848
1599 484.978 366.727 2 131.217 -82.1098
1600 84.9784 376.727 2 305.738 -122.202
1601 94.9784 376.727 2 296.081 -134.89
1602 104.978 376.727 2 286.448 -250
1603 114.978 376.727 2 276.841 -250
1604 124.978 376.727 2 267.263 -250
1605 134.978 376.727 2 257.717 -250
1606 144.978 376.727 2 248.207 -250
1607 154.978 376.727 2 238.736 -250
1608 164.978 376.727 2 229.311 -250
1609 174.978 376.727 2 219.936 -250
1610 184.978 376.727 2 210.619 -106.605
1611 194.978 376.727 2 201.368 -250
1612 204.978 376.727 2 192.191 -250
1613 214.978 376.727 2 183.101 -250
1614 224.978 376.727 2 174.11 -250
1615 234.978 376.727 2 165.236 -250
1616 244.978 376.727 2 156.497 -250
1617 254.978 376.727 2 147.918 -250
1618 264.978 376.727 2 139.529 -250
1619 274.978 376.727 2 131.365 -87.3034
1620 284.978 376.727 2 123.472 -86.728
1621 294.978 376.727 2 115.904 -79.8951
1622 304.978 376.727 2 108.73 -80.7826
1623 314.978 376.727 2 102.033 -84.8432
1624 324.978 376.727 2 95.9124 -81.9004
1625 334.978 376.727 2 90.4858 -78.4332
1626 344.978 376.727 2 85.8846 -80.134
1627 354.978 376.727 2 82.2474 -82.9511
1628 364.978 376.727 2 79.7065 -83.0048
1629 374.978 376.727 2 78.3684 -73.9819
1630 384.978 376.727 2 78.2949 -250
1631 394.978 376.727 2 79.4894 -250
1632 404.978 376.727 2 81.8966 -250
1633 414.978 376.727 2 85.4139 -250
1634 424.978 376.727 2 89.9111 -250
1635 434.978 376.727 2 95.2497 -250
1636 444.978 376.727 2 101.296 -250
1637 454.978 376.727 2 107.933 -250
1638 464.978 376.727 2 115.056 -250
1639 474.978 376.727 2 122.582 -93.9916
1640 484.978 376.727 2 130.441 -83.7428
1641 84.9784 386.727 2 305.733 -115.241
1642 94.9784 386.727 2 296.076 -122.376
1643 104.978 386.727 2 286.443 -131.719
1644 114.978 386.727 2 276.836 -250
1645 124.978 386.727 2 267.257 -250
1646 134.978 386.727 2 257.711 -250
1647 144.978 386.727 2 248.201 -250
1648 154.978 386.727 2 238.73 -250
1649 164.978 386.727 2 229.304 -250
1650 174.978 386.727 2 219.929 -250
1651 184.978 386.727 2 210.612 -107.957
1652 194.978 386.727 2 201.36 -250
1653 204.978 386.727 2 192.183 -250
1654 214.978 386.727 2 183.093 -250
1655 224.978 386.727 2 174.102 -250
1656 234.978 386.727 2 165.227 -250
1657 244.978 386.727 2 156.488 -250
1658 254.978 386.727 2 147.908 -250
1659 264.978 386.727 2 139.518 -250
1660 274.978 386.727 2 131.354 -90.5392
1661 284.978 386.727 2 123.46 -84.29
1662 294.978 386.727 2 115.891 -79.8748
1663 304.978 386.727 2 108.716 -81.9954
1664 314.978 386.727 2 102.018 -81.5122
1665 324.978 386.727 2 95.8969 -78.6626
1666 334.978 386.727 2 90.4693 -76.2204
1667 344.978 386.727 2 85.8672 -80.2834
1668 354.978 386.727 2 82.2293 -82.7137
1669 364.978 386.727 2 79.6878 -85.1832
1670 374.978 386.727 2 78.3494 -75.4283
1671 384.978 386.727 2 78.2758 -250
1672 394.978 386.727 2 79.4707 -250
1673 404.978 386.727 2 81.8784 -250
1674 414.978 386.727 2 85.3964 -250
1675 424.978 386.727 2 89.8946 -250
1676 434.978 386.727 2 95.234 -250
1677 444.978 386.727 2 101.282 -250
1678 454.978 386.727 2 107.919 -250
1679 464.978 386.727 2 115.043 -250
1680 474.978 386.727 2 122.57 -100.253
1681 484.978 386.727 2 130.43 -79.375
1682 84.9784 396.727 2 306.055 -91.9983
1683 94.9784 396.727 2 296.409 -91.8178
1684 104.978 396.727 2 286.787 -87.0882
1685 114.978 396.727 2 277.191 -96.175
1686 124.978 396.727 2 267.626 -89.7051
1687 134.978 396.727 2 258.093 -88.1219
1688 144.978 396.727 2 248.597 -91.8017
1689 154.978 396.727 2 239.142 -97.3564
1690 164.978 396.727 2 229.734 -89.332
1691 174.978 396.727 2 220.377 -88.0416
1692 184.978 396.727 2 211.079 -84.0656
1693 194.978 396.727 2 201.849 -84.8951
1694 204.978 396.727 2 192.695 -84.8303
1695 214.978 396.727 2 183.63 -86.6468
1696 224.978 396.727 2 174.667 -91.6626
1697 234.978 396.727 2 165.822 -95.1519
1698 244.978 396.727 2 157.116 -250
1699 254.978 396.727 2 148.573 -250
1700 264.978 396.727 2 140.222 -250
1701 274.978 396.727 2 132.102 -81.8216
1702 284.978 396.727 2 124.255 -80.6286
1703 294.978 396.727 2 116.738 -79.2884
1704 304.978 396.727 2 109.619 -80.5956
1705 314.978 396.727 2 102.979 -90.0573
1706 324.978 396.727 2 96.9187 -76.4099
1707 334.978 396.727 2 91.5517 -82.2136
1708 344.978 396.727 2 87.0069 -75.7808
1709 354.978 396.727 2 83.4187 -76.3676
1710 364.978 396.727 2 80.9145 -74.1107
1711 374.978 396.727 2 79.5967 -84.7452
1712 384.978 396.727 2 79.5244 -250
1713 394.978 396.727 2 80.7007 -250
1714 404.978 396.727 2 83.0728 -250
1715 414.978 396.727 2 86.5423 -250
1716 424.978 396.727 2 90.9838 -250
1717 434.978 396.727 2 96.2628 -250
1718 444.978 396.727 2 102.25 -250
1719 454.978 396.727 2 108.828 -250
1720 464.978 396.727 2 115.896 -250
1721 474.978 396.727 2 123.371 -93.1356
1722 484.978 396.727 2 131.183 -80.0867
1723 84.9784 406.727 2 306.703 -103.558
1724 94.9784 406.727 2 297.078 -88.1399
1725 104.978 406.727 2 287.478 -86.7816
1726 114.978 406.727 2 277.907 -87.9367
1727 124.978 406.727 2 268.367 -84.4586
1728 134.978 406.727 2 258.861 -96.4145
1729 144.978 406.727 2 249.394 -87.5481
1730 154.978 406.727 2 239.971 -86.0803
1731 164.978 406.727 2 230.596 -82.3071
1732 174.978 406.727 2 221.276 -94.5431
1733 184.978 406.727 2 212.018 -81.2181
1734 194.978 406.727 2 202.83 -81.4041
1735 204.978 406.727 2 193.723 -81.3375
1736 214.978 406.727 2 184.708 -80.9061
1737 224.978 406.727 2 175.799 -91.6279
1738 234.978 406.727 2 167.015 -82.2172
1739 244.978 406.727 2 158.374 -80.8211
1740 254.978 406.727 2 149.903 -81.0938
1741 264.978 406.727 2 141.631 -80.2934
1742 274.978 406.727 2 133.596 -80.4264
1743 284.978 406.727 2 125.842 -84.1284
1744 294.978 406.727 2 118.426 -80.2222
1745 304.978 406.727 2 111.415 -78.8475
1746 314.978 406.727 2 104.889 -77.3887
1747 324.978 406.727 2 98.9457 -80.7813
1748 334.978 406.727 2 93.6949 -74.5885
1749 344.978 406.727 2 89.2592 -74.3658
1750 354.978 406.727 2 85.7653 -77.8154
1751 364.978 406.727 2 83.3317 -73.8263
1752 374.978 406.727 2 82.0528 -83.7949
1753 384.978 406.727 2 81.9826 -85.3621
1754 394.978 406.727 2 83.1241 -76.1517
1755 404.978 406.727 2 85.429 -81.9765
1756 414.978 406.727 2 88.8065 -81.0382
1757 424.978 406.727 2 93.1401 -79.5539
1758 434.978 406.727 2 98.3034 -77.5939
1759 444.978 406.727 2 104.173 -76.0355
1760 454.978 406.727 2 110.637 -78.8105
1761 464.978 406.727 2 117.597 -83.9156
1762 474.978 406.727 2 124.97 -94.3587
1763 484.978 406.727 2 132.687 -77.1018
1764 84.9784 416.727 2 307.675 -89.0513
1765 94.9784 416.727 2 298.081 -89.5931
1766 104.978 416.727 2 288.515 -102.462
1767 114.978 416.727 2 278.979 -250
1768 124.978 416.727 2 269.477 -250
1769 134.978 416.727 2 260.012 -250
1770 144.978 416.727 2 250.588 -250
1771 154.978 416.727 2 241.212 -85.967
1772 164.978 416.727 2 231.887 -81.879
1773 174.978 416.727 2 222.621 -86.1554
1774 184.978 416.727 2 213.421 -83.5762
1775 194.978 416.727 2 204.296 -99.5399
1776 204.978 416.727 2 195.257 -80.2267
1777 214.978 416.727 2 186.317 -88.546
1778 224.978 416.727 2 177.489 -84.63
1779 234.978 416.727 2 168.793 -77.5643
1780 244.978 416.727 2 160.248 -78.4571
1781 254.978 416.727 2 151.881 -79.5507
1782 264.978 416.727 2 143.723 -83.0896
1783 274.978 416.727 2 135.812 -82.9106
1784 284.978 416.727 2 128.193 -80.9071
1785 294.978 416.727 2 120.921 -79.2989
1786 304.978 416.727 2 114.063 -78.9657
1787 314.978 416.727 2 107.698 -81.9325
1788 324.978 416.727 2 101.918 -76.1729
1789 334.978 416.727 2 96.8285 -74.6748
1790 344.978 416.727 2 92.5431 -82.1765
1791 354.978 416.727 2 89.178 -74.6174
1792 364.978 416.727 2 86.8401 -75.9123
1793 374.978 416.727 2 85.6135 -79.8322
1794 384.978 416.727 2 85.5462 -79.4514
1795 394.978 416.727 2 86.6409 -74.6461
1796 404.978 416.727 2 88.8545 -81.3897
1797 414.978 416.727 2 92.1065 -77.3105
1798 424.978 416.727 2 96.2917 -80.065
1799 434.978 416.727 2 101.294 -75.302
1800 444.978 416.727 2 107 -80.229
1801 454.978 416.727 2 113.303 -76.3654
1802 464.978 416.727 2 120.108 -75.299
1803 474.978 416.727 2 127.336 -79.1425
1804 484.978 416.727 2 134.918 -79.9348
1805 84.9784 426.727 2 308.967 -119.956
1806 94.9784 426.727 2 299.415 -119.869
1807 104.978 426.727 2 289.893 -132.202
1808 114.978 426.727 2 280.404 -250
1809 124.978 426.727 2 270.951 -250
1810 134.978 426.727 2 261.54 -250
1811 144.978 426.727 2 252.174 -250
1812 154.978 426.727 2 242.858 -110.726
1813 164.978 426.727 2 233.599 -250
1814 174.978 426.727 2 224.404 -250
1815 184.978 426.727 2 215.28 -250
1816 194.978 426.727 2 206.238 -250
1817 204.978 426.727 2 197.288 -250
1818 214.978 426.727 2 188.444 -250
1819 224.978 426.727 2 179.721 -105.178
1820 234.978 426.727 2 171.137 -250
1821 244.978 426.727 2 162.716 -250
1822 254.978 426.727 2 154.483 -250
1823 264.978 426.727 2 146.47 -250
1824 274.978 426.727 2 138.715 -80.6991
1825 284.978 426.727 2 131.264 -99.7396
1826 294.978 426.727 2 124.173 -108.253
1827 304.978 426.727 2 117.505 -250
1828 314.978 426.727 2 111.336 -250
1829 324.978 426.727 2 105.756 -250
1830 334.978 426.727 2 100.86 -250
1831 344.978 426.727 2 96.7536 -250
1832 354.978 426.727 2 93.54 -250
1833 364.978 426.727 2 91.3138 -250
1834 374.978 426.727 2 90.1482 -250
1835 384.978 426.727 2 90.0843 -250
1836 394.978 426.727 2 91.1244 -250
1837 404.978 426.727 2 93.2317 -250
1838 414.978 426.727 2 96.336 -250
1839 424.978 426.727 2 100.345 -250
1840 434.978 426.727 2 105.155 -250
1841 444.978 426.727 2 110.662 -250
1842 454.978 426.727 2 116.767 -250
1843 464.978 426.727 2 123.382 -97.7712
1844 474.978 426.727 2 130.428 -92.3608
1845 484.978 426.727 2 137.84 -250
1846 84.9784 436.727 2 310.576 -133.142
1847 94.9784 436.727 2 301.075 -136.79
1848 104.978 436.727 2 291.607 -143.894
1849 114.978 436.727 2 282.176 -250
1850 124.978 436.727 2 272.785 -250
1851 134.978 436.727 2 263.439 -250
1852 144.978 436.727 2 254.143 -250
1853 154.978 436.727 2 244.902 -118.129
1854 164.978 436.727 2 235.724 -250
1855 174.978 436.727 2 226.614 -250
1856 184.978 436.727 2 217.583 -250
1857 194.978 436.727 2 208.641 -250
1858 204.978 436.727 2 199.799 -250
1859 214.978 436.727 2 191.071 -250
1860 224.978 436.727 2 182.473 -116.607
1861 234.978 436.727 2 174.026 -250
1862 244.978 436.727 2 165.751 -250
1863 254.978 436.727 2 157.677 -250
1864 264.978 436.727 2 149.835 -250
1865 274.978 436.727 2 142.263 -115.14
1866 284.978 436.727 2 135.009 -98.9524
1867 294.978 436.727 2 128.124 -91.4308
1868 304.978 436.727 2 121.673 -250
1869 314.978 436.727 2 115.727 -250
1870 324.978 436.727 2 110.369 -250
1871 334.978 436.727 2 105.687 -250
1872 344.978 436.727 2 101.776 -250
1873 354.978 436.727 2 98.7256 -250
1874 364.978 436.727 2 96.619 -250
1875 374.978 436.727 2 95.5181 -250
1876 384.978 436.727 2 95.4578 -250
1877 394.978 436.727 2 96.44 -250
1878 404.978 436.727 2 98.4335 -250
1879 414.978 436.727 2 101.379 -250
1880 424.978 436.727 2 105.196 -250
1881 434.978 436.727 2 109.793 -250
1882 444.978 436.727 2 115.079 -250
1883 454.978 436.727 2 120.961 -250
1884 464.978 436.727 2 127.358 -88.2511
1885 474.978 436.727 2 134.196 -97.1317
1886 484.978 436.727 2 141.411 -250
1887 84.9784 446.727 2 312.498 -137.929
1888 94.9784 446.727 2 303.056 -141.989
1889 104.978 446.727 2 293.652 -149.132
1890 114.978 446.727 2 284.289 -250
1891 124.978 446.727 2 274.97 -250
1892 134.978 446.727 2 265.701 -250
1893 144.978 446.727 2 256.487 -250
1894 154.978 446.727 2 247.334 -112.419
1895 164.978 446.727 2 238.249 -250
1896 174.978 446.727 2 229.24 -250
1897 184.978 446.727 2 220.317 -250
1898 194.978 446.727 2 211.49 -250
1899 204.978 446.727 2 202.772 -250
1900 214.978 446.727 2 194.178 -250
1901 224.978 446.727 2 185.724 -127.834
1902 234.978 446.727 2 177.432 -250
1903 244.978 446.727 2 169.324 -250
1904 254.978 446.727 2 161.428 -250
1905 264.978 446.727 2 153.777 -250
1906 274.978 446.727 2 146.41 -104.405
1907 284.978 446.727 2 139.371 -96.2986
1908 294.978 446.727 2 132.714 -102.587
1909 304.978 446.727 2 126.496 -250
1910 314.978 446.727 2 120.788 -250
1911 324.978 446.727 2 115.665 -250
1912 334.978 446.727 2 111.206 -250
1913 344.978 446.727 2 107.496 -250
1914 354.978 446.727 2 104.612 -250
1915 364.978 446.727 2 102.627 -250
1916 374.978 446.727 2 101.591 -250
1917 384.978 446.727 2 101.534 -250
1918 394.978 446.727 2 102.458 -250
1919 404.978 446.727 2 104.337 -250
1920 414.978 446.727 2 107.12 -250
1921 424.978 446.727 2 110.739 -250
1922 434.978 446.727 2 115.116 -250
1923 444.978 446.727 2 120.167 -250
1924 454.978 446.727 2 125.812 -250
1925 464.978 446.727 2 131.974 -110.438
1926 474.978 446.727 2 138.584 -103.332
1927 484.978 446.727 2 145.582 -250
1928 84.9784 456.727 2 314.725 -131.268
1929 94.9784 456.727 2 305.353 -134.906
1930 104.978 456.727 2 296.022 -152.774
1931 114.978 456.727 2 286.735 -250
1932 124.978 456.727 2 277.499 -250
1933 134.978 456.727 2 268.317 -250
1934 144.978 456.727 2 259.196 -250
1935 154.978 456.727 2 250.142 -108.093
1936 164.978 456.727 2 241.163 -250
1937 174.978 456.727 2 232.267 -250
1938 184.978 456.727 2 223.465 -250
1939 194.978 456.727 2 214.767 -250
1940 204.978 456.727 2 206.188 -250
1941 214.978 456.727 2 197.742 -250
1942 224.978 456.727 2 189.448 -121.006
1943 234.978 456.727 2 181.326 -250
1944 244.978 456.727 2 173.4 -250
1945 254.978 456.727 2 165.698 -250
1946 264.978 456.727 2 158.254 -250
1947 274.978 456.727 2 151.106 -110.705
1948 284.978 456.727 2 144.296 -117.029
1949 294.978 456.727 2 137.876 -115.796
1950 304.978 456.727 2 131.903 -250
1951 314.978 456.727 2 126.439 -250
1952 324.978 456.727 2 121.554 -250
1953 334.978 456.727 2 117.319 -250
1954 344.978 456.727 2 113.808 -250
1955 354.978 456.727 2 111.089 -250
1956 364.978 456.727 2 109.221 -250
1957 374.978 456.727 2 108.249 -250
1958 384.978 456.727 2 108.195 -250
1959 394.978 456.727 2 109.063 -250
1960 404.978 456.727 2 110.83 -250
1961 414.978 456.727 2 113.453 -250
1962 424.978 456.727 2 116.877 -250
1963 434.978 456.727 2 121.032 -250
1964 444.978 456.727 2 125.846 -250
1965 454.978 456.727 2 131.246 -250
1966 464.978 456.727 2 137.164 -107.455
1967 474.978 456.727 2 143.536 -116.49
1968 484.978 456.727 2 150.303 -250
1969 84.9784 466.727 2 317.252 -113.892
1970 94.9784 466.727 2 307.957 -116.448
1971 104.978 466.727 2 298.707 -156.672
1972 114.978 466.727 2 289.507 -250
1973 124.978 466.727 2 280.362 -250
1974 134.978 466.727 2 271.277 -250
1975 144.978 466.727 2 262.259 -250
1976 154.978 466.727 2 253.314 -99.4543
1977 164.978 466.727 2 244.452 -250
1978 174.978 466.727 2 235.68 -250
1979 184.978 466.727 2 227.01 -250
1980 194.978 466.727 2 218.454 -250
1981 204.978 466.727 2 210.025 -250
1982 214.978 466.727 2 201.74 -250
1983 224.978 466.727 2 193.617 -143.129
1984 234.978 466.727 2 185.677 -250
1985 244.978 466.727 2 177.945 -250
1986 254.978 466.727 2 170.449 -250
1987 264.978 466.727 2 163.222 -250
1988 274.978 466.727 2 156.301 -129.425
1989 284.978 466.727 2 149.728 -108.556
1990 294.978 466.727 2 143.551 -109.135
1991 304.978 466.727 2 137.824 -250
1992 314.978 466.727 2 132.604 -250
1993 324.978 466.727 2 127.955 -250
1994 334.978 466.727 2 123.939 -250
1995 344.978 466.727 2 120.621 -250
1996 354.978 466.727 2 118.058 -250
1997 364.978 466.727 2 116.303 -250
1998 374.978 466.727 2 115.39 -250
1999 384.978 466.727 2 115.34 -250
2000 394.978 466.727 2 116.154 -250
2001 404.978 466.727 2 117.814 -250
2002 414.978 466.727 2 120.286 -250
2003 424.978 466.727 2 123.52 -250
2004 434.978 466.727 2 127.458 -250
2005 444.978 466.727 2 132.038 -250
2006 454.978 466.727 2 137.196 -250
2007 464.978 466.727 2 142.867 -111.361
2008 474.978 466.727 2 148.995 -108.682
2009 484.978 466.727 2 155.525 -250
2010 84.9784 476.727 2 320.072 -111.579
2011 94.9784 476.727 2 310.861 -120.002
2012 104.978 476.727 2 301.7 -108.503
2013 114.978 476.727 2 292.594 -110.205
2014 124.978 476.727 2 283.548 -119.395
2015 134.978 476.727 2 274.569 -107.712
2016 144.978 476.727 2 265.663 -107.856
2017 154.978 476.727 2 256.837 -102.952
2018 164.978 476.727 2 248.1 -102.504
2019 174.978 476.727 2 239.462 -102.657
2020 184.978 476.727 2 230.934 -125.838
2021 194.978 476.727 2 222.529 -114.619
2022 204.978 476.727 2 214.261 -106.43
2023 214.978 476.727 2 206.146 -105.801
2024 224.978 476.727 2 198.203 -108.814
2025 234.978 476.727 2 190.455 -115.845
2026 244.978 476.727 2 182.925 -113.865
2027 254.978 476.727 2 175.642 -128.811
2028 264.978 476.727 2 168.637 -129.283
2029 274.978 476.727 2 161.947 -123.594
2030 284.978 476.727 2 155.613 -110.406
2031 294.978 476.727 2 149.679 -99.9223
2032 304.978 476.727 2 144.196 -250
2033 314.978 476.727 2 139.215 -250
2034 324.978 476.727 2 134.794 -250
2035 334.978 476.727 2 130.988 -250
2036 344.978 476.727 2 127.853 -250
2037 354.978 476.727 2 125.439 -250
2038 364.978 476.727 2 123.787 -250
2039 374.978 476.727 2 122.93 -250
2040 384.978 476.727 2 122.883 -250
2041 394.978 476.727 2 123.648 -250
2042 404.978 476.727 2 125.209 -250
2043 414.978 476.727 2 127.537 -250
2044 424.978 476.727 2 130.592 -250
2045 434.978 476.727 2 134.323 -250
2046 444.978 476.727 2 138.676 -250
2047 454.978 476.727 2 143.595 -250
2048 464.978 476.727 2 149.024 -123.681
2049 474.978 476.727 2 154.908 -119.573
2050 484.978 476.727 2 161.199 -250
2051 84.9784 486.727 2 323.176 -116.724
2052 94.9784 486.727 2 314.056 -106.515
2053 104.978 486.727 2 304.991 -113.717
2054 114.978 486.727 2 295.987 -99.395
2055 124.978 486.727 2 287.048 -115.492
2056 134.978 486.727 2 278.182 -114.975
2057 144.978 486.727 2 269.395 -95.9249
2058 154.978 486.727 2 260.696 -113.082
2059 164.978 486.727 2 252.093 -128.718
2060 174.978 486.727 2 243.596 -103.4
2061 184.978 486.727 2 235.218 -108.625
2062 194.978 486.727 2 226.972 -108.602
2063 204.978 486.727 2 218.871 -113.961
2064 214.978 486.727 2 210.934 -113.729
2065 224.978 486.727 2 203.179 -117.213
2066 234.978 486.727 2 195.627 -119.539
2067 244.978 486.727 2 188.304 -130.965
2068 254.978 486.727 2 181.237 -111.81
2069 264.978 486.727 2 174.458 -110.47
2070 274.978 486.727 2 168 -106.081
2071 284.978 486.727 2 161.903 -116.402
2072 294.978 486.727 2 156.208 -119.038
2073 304.978 486.727 2 150.962 -117.076
2074 314.978 486.727 2 146.212 -104.083
2075 324.978 486.727 2 142.008 -116.042
2076 334.978 486.727 2 138.401 -112.792
2077 344.978 486.727 2 135.438 -109.766
2078 354.978 486.727 2 133.161 -114.067
2079 364.978 486.727 2 131.607 -117.511
2080 374.978 486.727 2 130.801 -121.209
2081 384.978 486.727 2 130.757 -128.737
2082 394.978 486.727 2 131.475 -137.359
2083 404.978 486.727 2 132.945 -131.073
2084 414.978 486.727 2 135.14 -123.984
2085 424.978 486.727 2 138.026 -156.363
2086 434.978 486.727 2 141.562 -130.769
2087 444.978 486.727 2 145.699 -141.18
2088 454.978 486.727 2 150.388 -144.391
2089 464.978 486.727 2 155.58 -118.082
2090 474.978 486.727 2 161.225 -121.206
2091 484.978 486.727 2 167.279 -111.715
2092 84.9784 496.727 2 326.558 -106.508
2093 94.9784 496.727 2 317.535 -112.037
2094 104.978 496.727 2 308.572 -250
2095 114.978 496.727 2 299.675 -250
2096 124.978 496.727 2 290.85 -250
2097 134.978 496.727 2 282.103 -250
2098 144.978 496.727 2 273.442 -250
2099 154.978 496.727 2 264.876 -250
2100 164.978 496.727 2 256.413 -250
2101 174.978 496.727 2 248.065 -250
2102 184.978 496.727 2 239.843 -250
2103 194.978 496.727 2 231.761 -250
2104 204.978 496.727 2 223.834 -116.22
2105 214.978 496.727 2 216.079 -110.207
2106 224.978 496.727 2 208.515 -130.332
2107 234.978 496.727 2 201.164 -250
2108 244.978 496.727 2 194.05 -250
2109 254.978 496.727 2 187.201 -250
2110 264.978 496.727 2 180.645 -250
2111 274.978 496.727 2 174.416 -100.738
2112 284.978 496.727 2 168.551 -94.2363
2113 294.978 496.727 2 163.089 -115.963
2114 304.978 496.727 2 158.071 -117.158
2115 314.978 496.727 2 153.541 -123.351
2116 324.978 496.727 2 149.544 -141.071
2117 334.978 496.727 2 146.123 -120.695
2118 344.978 496.727 2 143.319 -125.357
2119 354.978 496.727 2 141.17 -122.822
2120 364.978 496.727 2 139.704 -117.267
2121 374.978 496.727 2 138.945 -115.684
2122 384.978 496.727 2 138.904 -120.737
2123 394.978 496.727 2 139.581 -122.202
2124 404.978 496.727 2 140.966 -118.416
2125 414.978 496.727 2 143.038 -128.542
2126 424.978 496.727 2 145.768 -123.594
2127 434.978 496.727 2 149.12 -128.93
2128 444.978 496.727 2 153.053 -107.258
2129 454.978 496.727 2 157.524 -112.732
2130 464.978 496.727 2 162.487 -123.093
2131 474.978 496.727 2 167.901 -119.27
2132 484.978 496.727 2 173.721 -116.864
2133 84.9784 506.727 2 330.207 -167.249
2134 94.9784 506.727 2 321.287 -136.441
2135 104.978 506.727 2 312.432 -250
2136 114.978 506.727 2 303.648 -250
2137 124.978 506.727 2 294.942 -250
2138 134.978 506.727 2 286.32 -250
2139 144.978 506.727 2 277.791 -250
2140 154.978 506.727 2 269.363 -250
2141 164.978 506.727 2 261.045 -250
2142 174.978 506.727 2 252.85 -250
2143 184.978 506.727 2 244.789 -250
2144 194.978 506.727 2 236.876 -250
2145 204.978 506.727 2 229.126 -99.861
2146 214.978 506.727 2 221.556 -109.461
2147 224.978 506.727 2 214.186 -127.352
2148 234.978 506.727 2 207.036 -250
2149 244.978 506.727 2 200.131 -250
2150 254.978 506.727 2 193.497 -250
2151 264.978 506.727 2 187.162 -250
2152 274.978 506.727 2 181.157 -106.571
2153 284.978 506.727 2 175.518 -101.077
2154 294.978 506.727 2 170.279 -250
2155 304.978 506.727 2 165.48 -250
2156 314.978 506.727 2 161.158 -250
2157 324.978 506.727 2 157.354 -250
2158 334.978 506.727 2 154.107 -250
2159 344.978 506.727 2 151.451 -250
2160 354.978 506.727 2 149.418 -250
2161 364.978 506.727 2 148.035 -250
2162 374.978 506.727 2 147.319 -250
2163 384.978 506.727 2 147.28 -250
2164 394.978 506.727 2 147.918 -250
2165 404.978 506.727 2 149.226 -250
2166 414.978 506.727 2 151.185 -250
2167 424.978 506.727 2 153.77 -110.163
2168 434.978 506.727 2 156.951 -105.727
2169 444.978 506.727 2 160.693 -113.1
2170 454.978 506.727 2 164.957 -126.682
2171 464.978 506.727 2 169.703 -121.349
2172 474.978 506.727 2 174.893 -127.849
2173 484.978 506.727 2 180.489 -250
2174 84.9784 516.727 2 334.117 -128.158
2175 94.9784 516.727 2 325.303 -134.674
2176 104.978 516.727 2 316.561 -250
2177 114.978 516.727 2 307.895 -250
2178 124.978 516.727 2 299.312 -250
2179 134.978 516.727 2 290.82 -250
2180 144.978 516.727 2 282.427 -250
2181 154.978 516.727 2 274.141 -250
2182 164.978 516.727 2 265.973 -250
2183 174.978 516.727 2 257.935 -250
2184 184.978 516.727 2 250.037 -250
2185 194.978 516.727 2 242.296 -250
2186 204.978 516.727 2 234.725 -96.2422
2187 214.978 516.727 2 227.341 -92.6553
2188 224.978 516.727 2 220.165 -93.6075
2189 234.978 516.727 2 213.216 -250
2190 244.978 516.727 2 206.518 -250
2191 254.978 516.727 2 200.095 -250
2192 264.978 516.727 2 193.976 -250
2193 274.978 516.727 2 188.189 -109.188
2194 284.978 516.727 2 182.766 -128.082
2195 294.978 516.727 2 177.741 -250
2196 304.978 516.727 2 173.149 -250
2197 314.978 516.727 2 169.024 -250
2198 324.978 516.727 2 165.401 -250
2199 334.978 516.727 2 162.314 -250
2200 344.978 516.727 2 159.795 -250
2201 354.978 516.727 2 157.87 -250
2202 364.978 516.727 2 156.561 -250
2203 374.978 516.727 2 155.884 -250
2204 384.978 516.727 2 155.847 -250
2205 394.978 516.727 2 156.451 -250
2206 404.978 516.727 2 157.687 -250
2207 414.978 516.727 2 159.542 -250
2208 424.978 516.727 2 161.995 -109.691
2209 434.978 516.727 2 165.017 -103.253
2210 444.978 516.727 2 168.58 -117.412
2211 454.978 516.727 2 172.649 -112.894
2212 464.978 516.727 2 177.19 -115.831
2213 474.978 516.727 2 182.167 -116.866
2214 484.978 516.727 2 187.545 -250
2215 84.9784 526.727 2 338.276 -130.633
2216 94.9784 526.727 2 329.575 -134.64
2217 104.978 526.727 2 320.948 -250
2218 114.978 526.727 2 312.404 -250
2219 124.978 526.727 2 303.949 -250
2220 134.978 526.727 2 295.59 -250
2221 144.978 526.727 2 287.336 -250
2222 154.978 526.727 2 279.196 -250
2223 164.978 526.727 2 271.18 -250
2224 174.978 526.727 2 263.301 -250
2225 184.978 526.727 2 255.569 -250
2226 194.978 526.727 2 248 -250
2227 204.978 526.727 2 240.609 -103.439
2228 214.978 526.727 2 233.412 -92.9063
2229 224.978 526.727 2 226.428 -90.6463
2230 234.978 526.727 2 219.677 -250
2231 244.978 526.727 2 213.182 -250
2232 254.978 526.727 2 206.966 -250
2233 264.978 526.727 2 201.056 -250
2234 274.978 526.727 2 195.479 -109.75
2235 284.978 526.727 2 190.264 -109.72
2236 294.978 526.727 2 185.443 -250
2237 304.978 526.727 2 181.046 -250
2238 314.978 526.727 2 177.104 -250
2239 324.978 526.727 2 173.65 -250
2240 334.978 526.727 2 170.713 -250
2241 344.978 526.727 2 168.319 -250
2242 354.978 526.727 2 166.493 -250
2243 364.978 526.727 2 165.253 -250
2244 374.978 526.727 2 164.611 -250
2245 384.978 526.727 2 164.576 -250
2246 394.978 526.727 2 165.148 -250
2247 404.978 526.727 2 166.32 -250
2248 414.978 526.727 2 168.08 -250
2249 424.978 526.727 2 170.409 -110.13
2250 434.978 526.727 2 173.285 -115.583
2251 444.978 526.727 2 176.681 -124.167
2252 454.978 526.727 2 180.568 -115.388
2253 464.978 526.727 2 184.914 -119.118
2254 474.978 526.727 2 189.688 -123.101
2255 484.978 526.727 2 194.859 -250
2256 84.9784 536.727 2 342.678 -136.54
2257 94.9784 536.727 2 334.09 -142.147
2258 104.978 536.727 2 325.584 -250
2259 114.978 536.727 2 317.165 -250
2260 124.978 536.727 2 308.84 -250
2261 134.978 536.727 2 300.617 -250
2262 144.978 536.727 2 292.504 -250
2263 154.978 536.727 2 284.512 -250
2264 164.978 536.727 2 276.651 -250
2265 174.978 536.727 2 268.932 -250
2266 184.978 536.727 2 261.367 -250
2267 194.978 536.727 2 253.971 -250
2268 204.978 536.727 2 246.758 -104.831
2269 214.978 536.727 2 239.746 -94.8863
2270 224.978 536.727 2 232.952 -92.5603
2271 234.978 536.727 2 226.396 -250
2272 244.978 536.727 2 220.099 -250
2273 254.978 536.727 2 214.084 -250
2274 264.978 536.727 2 208.376 -250
2275 274.978 536.727 2 203 -125.009
2276 284.978 536.727 2 197.984 -110.05
2277 294.978 536.727 2 193.355 -250
2278 304.978 536.727 2 189.142 -250
2279 314.978 536.727 2 185.373 -250
2280 324.978 536.727 2 182.076 -250
2281 334.978 536.727 2 179.276 -250
2282 344.978 536.727 2 176.998 -250
2283 354.978 536.727 2 175.262 -250
2284 364.978 536.727 2 174.085 -250
2285 374.978 536.727 2 173.476 -250
2286 384.978 536.727 2 173.443 -250
2287 394.978 536.727 2 173.985 -250
2288 404.978 536.727 2 175.098 -250
2289 414.978 536.727 2 176.771 -250
2290 424.978 536.727 2 178.987 -106.299
2291 434.978 536.727 2 181.727 -110.421
2292 444.978 536.727 2 184.968 -98.5735
2293 454.978 536.727 2 188.684 -118.867
2294 464.978 536.727 2 192.848 -116.329
2295 474.978 536.727 2 197.43 -118.982
2296 484.978 536.727 2 202.404 -250
2297 84.9784 546.727 2 347.311 -131.219
2298 94.9784 546.727 2 338.841 -136.424
2299 104.978 546.727 2 330.457 -250
2300 114.978 546.727 2 322.165 -250
2301 124.978 546.727 2 313.973 -250
2302 134.978 546.727 2 305.888 -250
2303 144.978 546.727 2 297.919 -250
2304 154.978 546.727 2 290.076 -250
2305 164.978 546.727 2 282.37 -250
2306 174.978 546.727 2 274.811 -250
2307 184.978 546.727 2 267.413 -250
2308 194.978 546.727 2 260.189 -250
2309 204.978 546.727 2 253.154 -105.648
2310 214.978 546.727 2 246.323 -90.4043
2311 224.978 546.727 2 239.716 -98.366
2312 234.978 546.727 2 233.35 -250
2313 244.978 546.727 2 227.246 -250
2314 254.978 546.727 2 221.425 -250
2315 264.978 546.727 2 215.911 -250
2316 274.978 546.727 2 210.728 -128.857
2317 284.978 546.727 2 205.899 -114.956
2318 294.978 546.727 2 201.452 -250
2319 304.978 546.727 2 197.412 -250
2320 314.978 546.727 2 193.804 -250
2321 324.978 546.727 2 190.653 -250
2322 334.978 546.727 2 187.981 -250
2323 344.978 546.727 2 185.81 -250
2324 354.978 546.727 2 184.157 -250
2325 364.978 546.727 2 183.037 -250
2326 374.978 546.727 2 182.458 -250
2327 384.978 546.727 2 182.426 -250
2328 394.978 546.727 2 182.942 -250
2329 404.978 546.727 2 184.001 -250
2330 414.978 546.727 2 185.593 -250
2331 424.978 546.727 2 187.705 -118.744
2332 434.978 546.727 2 190.32 -107.272
2333 444.978 546.727 2 193.417 -100.647
2334 454.978 546.727 2 196.974 -99.5862
2335 464.978 546.727 2 200.966 -124.952
2336 474.978 546.727 2 205.367 -116.922
2337 484.978 546.727 2 210.153 -250
2338 84.9784 556.727 2 352.168 -127.019
2339 94.9784 556.727 2 343.817 -128.823
2340 104.978 556.727 2 335.558 -132.159
2341 114.978 556.727 2 327.395 -137.55
2342 124.978 556.727 2 319.337 -131.297
2343 134.978 556.727 2 311.391 -136.694
2344 144.978 556.727 2 303.567 -137.364
2345 154.978 556.727 2 295.874 -135.417
2346 164.978 556.727 2 288.322 -131.859
2347 174.978 556.727 2 280.924 -129.004
2348 184.978 556.727 2 273.691 -124.633
2349 194.978 556.727 2 266.637 -146.761
2350 204.978 556.727 2 259.776 -99.9051
2351 214.978 556.727 2 253.125 -90.3067
2352 224.978 556.727 2 246.7 -102.466
2353 234.978 556.727 2 240.519 -94.588
2354 244.978 556.727 2 234.601 -127.702
2355 254.978 556.727 2 228.968 -137.774
2356 264.978 556.727 2 223.64 -137.123
2357 274.978 556.727 2 218.639 -119.619
2358 284.978 556.727 2 213.99 -118.502
2359 294.978 556.727 2 209.714 -130.106
2360 304.978 556.727 2 205.836 -135.176
2361 314.978 556.727 2 202.378 -131.127
2362 324.978 556.727 2 199.363 -129.121
2363 334.978 556.727 2 196.81 -149.423
2364 344.978 556.727 2 194.737 -140.88
2365 354.978 556.727 2 193.16 -138.148
2366 364.978 556.727 2 192.092 -136.168
2367 374.978 556.727 2 191.541 -127.366
2368 384.978 556.727 2 191.511 -127.31
2369 394.978 556.727 2 192.002 -127.813
2370 404.978 556.727 2 193.011 -127.993
2371 414.978 556.727 2 194.53 -115.625
2372 424.978 556.727 2 196.546 -133.654
2373 434.978 556.727 2 199.045 -122.35
2374 444.978 556.727 2 202.008 -98.7389
2375 454.978 556.727 2 205.416 -100.658
2376 464.978 556.727 2 209.247 -101.389
2377 474.978 556.727 2 213.478 -110.172
2378 484.978 556.727 2 218.085 -121.874
2379 84.9784 566.727 2 357.238 -134.353
2380 94.9784 566.727 2 349.009 -124.046
2381 104.978 566.727 2 340.875 -131.937
2382 114.978 566.727 2 332.843 -125.64
2383 124.978 566.727 2 324.92 -126.807
2384 134.978 566.727 2 317.114 -127.137
2385 144.978 566.727 2 309.435 -125.625
2386 154.978 566.727 2 301.891 -127.11
2387 164.978 566.727 2 294.494 -119.852
2388 174.978 566.727 2 287.255 -118.25
2389 184.978 566.727 2 280.185 -96.7653
2390 194.978 566.727 2 273.299 -92.1811
2391 204.978 566.727 2 266.61 -104.174
2392 214.978 566.727 2 260.133 -96.8439
2393 224.978 566.727 2 253.885 -94.9059
2394 234.978 566.727 2 247.883 -95.2601
2395 244.978 566.727 2 242.146 -95.3454
2396 254.978 566.727 2 236.692 -117.394
2397 264.978 566.727 2 231.542 -114.524
2398 274.978 566.727 2 226.716 -124.723
2399 284.978 566.727 2 222.235 -120.316
2400 294.978 566.727 2 218.122 -125.862
2401 304.978 566.727 2 214.396 -124.992
2402 314.978 566.727 2 211.078 -124.775
2403 324.978 566.727 2 208.189 -130.129
2404 334.978 566.727 2 205.745 -131.074
2405 344.978 566.727 2 203.763 -125.009
2406 354.978 566.727 2 202.257 -125.19
2407 364.978 566.727 2 201.237 -129.407
2408 374.978 566.727 2 200.711 -131.951
2409 384.978 566.727 2 200.682 -132.077
2410 394.978 566.727 2 201.151 -131.418
2411 404.978 566.727 2 202.115 -122.747
2412 414.978 566.727 2 203.565 -115.243
2413 424.978 566.727 2 205.493 -123.989
2414 434.978 566.727 2 207.884 -109.917
2415 444.978 566.727 2 210.723 -108.291
2416 454.978 566.727 2 213.993 -98.5625
2417 464.978 566.727 2 217.672 -102.295
2418 474.978 566.727 2 221.743 -113.876
2419 484.978 566.727 2 226.182 -123.852
2420 84.9784 576.727 2 362.513 -126.026
2421 94.9784 576.727 2 354.407 -122.338
2422 104.978 576.727 2 346.4 -126.817
2423 114.978 576.727 2 338.499 -128.245
2424 124.978 576.727 2 330.711 -123.442
2425 134.978 576.727 2 323.046 -126.837
2426 144.978 576.727 2 315.511 -120.053
2427 154.978 576.727 2 308.116 -138.026
2428 164.978 576.727 2 300.872 -116.172
2429 174.978 576.727 2 293.79 -99.4649
2430 184.978 576.727 2 286.881 -87.1786
2431 194.978 576.727 2 280.159 -98.1625
2432 204.978 576.727 2 273.638 -99.1447
2433 214.978 576.727 2 267.332 -114.326
2434 224.978 576.727 2 261.256 -103.932
2435 234.978 576.727 2 255.428 -94.528
2436 244.978 576.727 2 249.863 -96.1582
2437 254.978 576.727 2 244.582 -95.9726
2438 264.978 576.727 2 239.601 -119.726
2439 274.978 576.727 2 234.941 -123.451
2440 284.978 576.727 2 230.62 -119.48
2441 294.978 576.727 2 226.659 -125.886
2442 304.978 576.727 2 223.075 -124.057
2443 314.978 576.727 2 219.889 -118.379
2444 324.978 576.727 2 217.116 -126.119
2445 334.978 576.727 2 214.774 -133.018
2446 344.978 576.727 2 212.877 -123.857
2447 354.978 576.727 2 211.436 -122.07
2448 364.978 576.727 2 210.46 -125.52
2449 374.978 576.727 2 209.957 -120.513
2450 384.978 576.727 2 209.93 -121.413
2451 394.978 576.727 2 210.378 -121.253
2452 404.978 576.727 2 211.299 -117.528
2453 414.978 576.727 2 212.687 -114.55
2454 424.978 576.727 2 214.533 -113.414
2455 434.978 576.727 2 216.825 -121.807
2456 444.978 576.727 2 219.548 -114.967
2457 454.978 576.727 2 222.688 -109.063
2458 464.978 576.727 2 226.226 -126.264
2459 474.978 576.727 2 230.145 -105.801
2460 484.978 576.727 2 234.425 -105.974
2461 84.9784 586.727 2 367.985 -126.513
2462 94.9784 586.727 2 360.002 -120.476
2463 104.978 586.727 2 352.122 -119.59
2464 114.978 586.727 2 344.352 -130.153
2465 124.978 586.727 2 336.7 -122.899
2466 134.978 586.727 2 329.174 -121.89
2467 144.978 586.727 2 321.782 -119.664
2468 154.978 586.727 2 314.535 -114.513
2469 164.978 586.727 2 307.442 -99.1234
2470 174.978 586.727 2 300.515 -89.6787
2471 184.978 586.727 2 293.765 -86.8724
2472 194.978 586.727 2 287.204 -94.6449
2473 204.978 586.727 2 280.847 -101.515
2474 214.978 586.727 2 274.706 -118.29
2475 224.978 586.727 2 268.797 -113.951
2476 234.978 586.727 2 263.135 -105.004
2477 244.978 586.727 2 257.738 -94.0733
2478 254.978 586.727 2 252.621 -96.9006
2479 264.978 586.727 2 247.802 -95.7796
2480 274.978 586.727 2 243.299 -107.043
2481 284.978 586.727 2 239.129 -112.984
2482 294.978 586.727 2 235.311 -124.619
2483 304.978 586.727 2 231.861 -120.946
2484 314.978 586.727 2 228.797 -120.214
2485 324.978 586.727 2 226.134 -121.527
2486 334.978 586.727 2 223.886 -122.045
2487 344.978 586.727 2 222.067 -126.956
2488 354.978 586.727 2 220.685 -124.243
2489 364.978 586.727 2 219.751 -120.335
2490 374.978 586.727 2 219.269 -119.008
2491 384.978 586.727 2 219.243 -113.989
2492 394.978 586.727 2 219.672 -114.834
2493 404.978 586.727 2 220.555 -114.543
2494 414.978 586.727 2 221.885 -106.373
2495 424.978 586.727 2 223.655 -106.631
2496 434.978 586.727 2 225.854 -109.168
2497 444.978 586.727 2 228.47 -111.843
2498 454.978 586.727 2 231.488 -105.967
2499 464.978 586.727 2 234.894 -100.903
2500 474.978 586.727 2 238.671 -110.404
2501 484.978 586.727 2 242.801 -107.288
