# <Transmitter Set: Tx: 20 tx_ant_grid_60_m - Point 12> 
# <Receiver Set: Rx: 17 rx_ant_grid> 
# <X(m)> <Y(m)> <Z(m)> <Distance(m)> <PathGain(dB)>
1 84.9784 -13.2734 2 224.904 -87.4489
2 94.9784 -13.2734 2 220.84 -86.9216
3 104.978 -13.2734 2 217.161 -86.5373
4 114.978 -13.2734 2 213.886 -89.886
5 124.978 -13.2734 2 211.035 -120.206
6 134.978 -13.2734 2 208.625 -88.6839
7 144.978 -13.2734 2 206.671 -86.6307
8 154.978 -13.2734 2 205.186 -86.9353
9 164.978 -13.2734 2 204.181 -86.4874
10 174.978 -13.2734 2 203.662 -85.995
11 184.978 -13.2734 2 203.634 -85.0164
12 194.978 -13.2734 2 204.096 -113.339
13 204.978 -13.2734 2 205.046 -116.283
14 214.978 -13.2734 2 206.476 -108.362
15 224.978 -13.2734 2 208.376 -127.685
16 234.978 -13.2734 2 210.735 -116.548
17 244.978 -13.2734 2 213.536 -124.455
18 254.978 -13.2734 2 216.763 -115.429
19 264.978 -13.2734 2 220.396 -107.354
20 274.978 -13.2734 2 224.417 -92.4647
21 284.978 -13.2734 2 228.805 -94.0161
22 294.978 -13.2734 2 233.538 -103.531
23 304.978 -13.2734 2 238.597 -110.623
24 314.978 -13.2734 2 243.961 -119.917
25 324.978 -13.2734 2 249.611 -111.346
26 334.978 -13.2734 2 255.527 -116.758
27 344.978 -13.2734 2 261.692 -112.92
28 354.978 -13.2734 2 268.088 -114.275
29 364.978 -13.2734 2 274.699 -118.43
30 374.978 -13.2734 2 281.51 -99.4968
31 384.978 -13.2734 2 288.507 -99.0009
32 394.978 -13.2734 2 295.677 -96.1834
33 404.978 -13.2734 2 303.007 -96.2466
34 414.978 -13.2734 2 310.486 -94.053
35 424.978 -13.2734 2 318.104 -90.3186
36 434.978 -13.2734 2 325.851 -88.738
37 444.978 -13.2734 2 333.717 -89.51
38 454.978 -13.2734 2 341.695 -96.9146
39 464.978 -13.2734 2 349.777 -115.24
40 474.978 -13.2734 2 357.956 -117.859
41 484.978 -13.2734 2 366.226 -123.349
42 84.9784 -3.2734 2 216.284 -86.2799
43 94.9784 -3.2734 2 212.055 -86.2166
44 104.978 -3.2734 2 208.221 -86.2807
45 114.978 -3.2734 2 204.803 -85.4288
46 124.978 -3.2734 2 201.824 -126.299
47 134.978 -3.2734 2 199.302 -101.781
48 144.978 -3.2734 2 197.256 -85.6547
49 154.978 -3.2734 2 195.7 -85.3887
50 164.978 -3.2734 2 194.645 -85.6002
51 174.978 -3.2734 2 194.101 -85.6664
52 184.978 -3.2734 2 194.072 -85.3072
53 194.978 -3.2734 2 194.557 -122.369
54 204.978 -3.2734 2 195.552 -115.719
55 214.978 -3.2734 2 197.051 -113.286
56 224.978 -3.2734 2 199.042 -124.15
57 234.978 -3.2734 2 201.51 -117.804
58 244.978 -3.2734 2 204.437 -117.753
59 254.978 -3.2734 2 207.806 -109.537
60 264.978 -3.2734 2 211.593 -102.971
61 274.978 -3.2734 2 215.778 -91.1742
62 284.978 -3.2734 2 220.337 -91.9305
63 294.978 -3.2734 2 225.249 -118.845
64 304.978 -3.2734 2 230.49 -135.441
65 314.978 -3.2734 2 236.038 -136.728
66 324.978 -3.2734 2 241.873 -131.259
67 334.978 -3.2734 2 247.974 -126.781
68 344.978 -3.2734 2 254.322 -120.157
69 354.978 -3.2734 2 260.898 -139.182
70 364.978 -3.2734 2 267.687 -142.038
71 374.978 -3.2734 2 274.672 -131.111
72 384.978 -3.2734 2 281.839 -133.651
73 394.978 -3.2734 2 289.174 -101.496
74 404.978 -3.2734 2 296.665 -98.5723
75 414.978 -3.2734 2 304.301 -94.3272
76 424.978 -3.2734 2 312.069 -92.6675
77 434.978 -3.2734 2 319.962 -95.3886
78 444.978 -3.2734 2 327.97 -135.579
79 454.978 -3.2734 2 336.084 -151.507
80 464.978 -3.2734 2 344.298 -144.371
81 474.978 -3.2734 2 352.604 -125.188
82 484.978 -3.2734 2 360.996 -134.223
83 84.9784 6.7266 2 207.788 -86.5049
84 94.9784 6.7266 2 203.382 -86.9167
85 104.978 6.7266 2 199.381 -86.4173
86 114.978 6.7266 2 195.81 -85.8396
87 124.978 6.7266 2 192.691 -250
88 134.978 6.7266 2 190.048 -83.8502
89 144.978 6.7266 2 187.901 -86.0664
90 154.978 6.7266 2 186.267 -90.5193
91 164.978 6.7266 2 185.159 -90.7609
92 174.978 6.7266 2 184.587 -87.4557
93 184.978 6.7266 2 184.556 -87.288
94 194.978 6.7266 2 185.066 -124.416
95 204.978 6.7266 2 186.112 -125.209
96 214.978 6.7266 2 187.686 -129.784
97 224.978 6.7266 2 189.775 -123.687
98 234.978 6.7266 2 192.362 -122.961
99 244.978 6.7266 2 195.427 -129.208
100 254.978 6.7266 2 198.948 -122.629
101 264.978 6.7266 2 202.901 -108.833
102 274.978 6.7266 2 207.261 -91.0835
103 284.978 6.7266 2 212.004 -88.1148
104 294.978 6.7266 2 217.104 -250
105 304.978 6.7266 2 222.537 -250
106 314.978 6.7266 2 228.278 -250
107 324.978 6.7266 2 234.306 -250
108 334.978 6.7266 2 240.599 -250
109 344.978 6.7266 2 247.137 -250
110 354.978 6.7266 2 253.9 -250
111 364.978 6.7266 2 260.871 -250
112 374.978 6.7266 2 268.033 -250
113 384.978 6.7266 2 275.373 -250
114 394.978 6.7266 2 282.876 -97.0338
115 404.978 6.7266 2 290.529 -95.798
116 414.978 6.7266 2 298.322 -94.7607
117 424.978 6.7266 2 306.242 -98.0296
118 434.978 6.7266 2 314.281 -104.856
119 444.978 6.7266 2 322.43 -250
120 454.978 6.7266 2 330.681 -250
121 464.978 6.7266 2 339.025 -250
122 474.978 6.7266 2 347.458 -122.566
123 484.978 6.7266 2 355.971 -128.053
124 84.9784 16.7266 2 199.432 -86.5856
125 94.9784 16.7266 2 194.837 -85.4648
126 104.978 16.7266 2 190.657 -84.7298
127 114.978 16.7266 2 186.918 -85.2836
128 124.978 16.7266 2 183.649 -250
129 134.978 16.7266 2 180.874 -86.5314
130 144.978 16.7266 2 178.617 -83.8601
131 154.978 16.7266 2 176.896 -107.057
132 164.978 16.7266 2 175.729 -108.999
133 174.978 16.7266 2 175.127 -99.4587
134 184.978 16.7266 2 175.094 -101.6
135 194.978 16.7266 2 175.631 -250
136 204.978 16.7266 2 176.734 -250
137 214.978 16.7266 2 178.391 -250
138 224.978 16.7266 2 180.587 -250
139 234.978 16.7266 2 183.304 -250
140 244.978 16.7266 2 186.517 -250
141 254.978 16.7266 2 190.203 -250
142 264.978 16.7266 2 194.334 -103.46
143 274.978 16.7266 2 198.882 -90.6629
144 284.978 16.7266 2 203.82 -85.0924
145 294.978 16.7266 2 209.12 -250
146 304.978 16.7266 2 214.755 -250
147 314.978 16.7266 2 220.699 -250
148 324.978 16.7266 2 226.928 -98.4145
149 334.978 16.7266 2 233.42 -92.486
150 344.978 16.7266 2 240.153 -250
151 354.978 16.7266 2 247.107 -250
152 364.978 16.7266 2 254.265 -250
153 374.978 16.7266 2 261.608 -250
154 384.978 16.7266 2 269.123 -112.825
155 394.978 16.7266 2 276.796 -101.092
156 404.978 16.7266 2 284.613 -96.4753
157 414.978 16.7266 2 292.563 -96.7434
158 424.978 16.7266 2 300.635 -94.0897
159 434.978 16.7266 2 308.82 -99.1619
160 444.978 16.7266 2 317.109 -250
161 454.978 16.7266 2 325.495 -250
162 464.978 16.7266 2 333.969 -250
163 474.978 16.7266 2 342.526 -120.743
164 484.978 16.7266 2 351.158 -134.967
165 84.9784 26.7266 2 191.233 -84.7589
166 94.9784 26.7266 2 186.436 -85.8769
167 104.978 26.7266 2 182.063 -86.4132
168 114.978 26.7266 2 178.144 -84.9213
169 124.978 26.7266 2 174.711 -81.1483
170 134.978 26.7266 2 171.792 -83.8667
171 144.978 26.7266 2 169.413 -84.6214
172 154.978 26.7266 2 167.599 -119.869
173 164.978 26.7266 2 166.367 -121.938
174 174.978 26.7266 2 165.73 -109.541
175 184.978 26.7266 2 165.695 -107.141
176 194.978 26.7266 2 166.263 -250
177 204.978 26.7266 2 167.427 -250
178 214.978 26.7266 2 169.175 -250
179 224.978 26.7266 2 171.49 -250
180 234.978 26.7266 2 174.348 -250
181 244.978 26.7266 2 177.724 -250
182 254.978 26.7266 2 181.588 -250
183 264.978 26.7266 2 185.91 -104.213
184 274.978 26.7266 2 190.66 -94.6081
185 284.978 26.7266 2 195.805 -87.8303
186 294.978 26.7266 2 201.316 -250
187 304.978 26.7266 2 207.163 -250
188 314.978 26.7266 2 213.319 -106.369
189 324.978 26.7266 2 219.758 -100.397
190 334.978 26.7266 2 226.455 -102.404
191 344.978 26.7266 2 233.389 -100.083
192 354.978 26.7266 2 240.539 -94.1035
193 364.978 26.7266 2 247.886 -250
194 374.978 26.7266 2 255.413 -250
195 384.978 26.7266 2 263.105 -123.195
196 394.978 26.7266 2 270.948 -111.069
197 404.978 26.7266 2 278.929 -109.603
198 414.978 26.7266 2 287.036 -99.1546
199 424.978 26.7266 2 295.26 -97.7036
200 434.978 26.7266 2 303.59 -95.3477
201 444.978 26.7266 2 312.018 -94.1729
202 454.978 26.7266 2 320.537 -250
203 464.978 26.7266 2 329.139 -250
204 474.978 26.7266 2 337.818 -122.785
205 484.978 26.7266 2 346.568 -126.511
206 84.9784 36.7266 2 183.213 -86.4836
207 94.9784 36.7266 2 178.201 -85.3985
208 104.978 36.7266 2 173.62 -83.6434
209 114.978 36.7266 2 169.506 -85.1209
210 124.978 36.7266 2 165.894 -85.8799
211 134.978 36.7266 2 162.817 -83.7761
212 144.978 36.7266 2 160.306 -82.824
213 154.978 36.7266 2 158.387 -111.065
214 164.978 36.7266 2 157.082 -101.435
215 174.978 36.7266 2 156.408 -124.225
216 184.978 36.7266 2 156.371 -130.909
217 194.978 36.7266 2 156.972 -115.769
218 204.978 36.7266 2 158.205 -83.1678
219 214.978 36.7266 2 160.054 -83.8884
220 224.978 36.7266 2 162.498 -250
221 234.978 36.7266 2 165.512 -250
222 244.978 36.7266 2 169.064 -250
223 254.978 36.7266 2 173.122 -250
224 264.978 36.7266 2 177.65 -124.922
225 274.978 36.7266 2 182.615 -95.0828
226 284.978 36.7266 2 187.98 -91.5396
227 294.978 36.7266 2 193.714 -250
228 304.978 36.7266 2 199.784 -250
229 314.978 36.7266 2 206.16 -96.549
230 324.978 36.7266 2 212.816 -101.108
231 334.978 36.7266 2 219.725 -97.0942
232 344.978 36.7266 2 226.865 -94.395
233 354.978 36.7266 2 234.214 -98.3483
234 364.978 36.7266 2 241.753 -92.4999
235 374.978 36.7266 2 249.465 -102.219
236 384.978 36.7266 2 257.335 -250
237 394.978 36.7266 2 265.349 -250
238 404.978 36.7266 2 273.493 -126.387
239 414.978 36.7266 2 281.757 -111.532
240 424.978 36.7266 2 290.13 -100.959
241 434.978 36.7266 2 298.603 -90.9159
242 444.978 36.7266 2 307.168 -85.783
243 454.978 36.7266 2 315.818 -250
244 464.978 36.7266 2 324.545 -250
245 474.978 36.7266 2 333.343 -134.735
246 484.978 36.7266 2 342.208 -124.522
247 84.9784 46.7266 2 175.397 -83.7071
248 94.9784 46.7266 2 170.154 -84.6611
249 104.978 46.7266 2 165.351 -86.6174
250 114.978 46.7266 2 161.026 -82.9263
251 124.978 46.7266 2 157.219 -82.926
252 134.978 46.7266 2 153.969 -85.5645
253 144.978 46.7266 2 151.311 -84.6019
254 154.978 46.7266 2 149.276 -250
255 164.978 46.7266 2 147.891 -250
256 174.978 46.7266 2 147.175 -250
257 184.978 46.7266 2 147.135 -250
258 194.978 46.7266 2 147.775 -250
259 204.978 46.7266 2 149.083 -93.1913
260 214.978 46.7266 2 151.044 -89.0151
261 224.978 46.7266 2 153.632 -97.7714
262 234.978 46.7266 2 156.816 -93.0749
263 244.978 46.7266 2 160.561 -106.549
264 254.978 46.7266 2 164.828 -106.165
265 264.978 46.7266 2 169.578 -105.66
266 274.978 46.7266 2 174.772 -110.468
267 284.978 46.7266 2 180.371 -95.8322
268 294.978 46.7266 2 186.339 -250
269 304.978 46.7266 2 192.641 -250
270 314.978 46.7266 2 199.246 -250
271 324.978 46.7266 2 206.125 -250
272 334.978 46.7266 2 213.251 -250
273 344.978 46.7266 2 220.6 -250
274 354.978 46.7266 2 228.151 -250
275 364.978 46.7266 2 235.885 -93.1572
276 374.978 46.7266 2 243.783 -91.6564
277 384.978 46.7266 2 251.83 -250
278 394.978 46.7266 2 260.013 -250
279 404.978 46.7266 2 268.32 -101.763
280 414.978 46.7266 2 276.738 -102.47
281 424.978 46.7266 2 285.259 -88.3547
282 434.978 46.7266 2 293.872 -92.1801
283 444.978 46.7266 2 302.571 -95.4614
284 454.978 46.7266 2 311.348 -250
285 464.978 46.7266 2 320.197 -250
286 474.978 46.7266 2 329.112 -120.805
287 484.978 46.7266 2 338.088 -117.161
288 84.9784 56.7266 2 167.813 -85.1649
289 94.9784 56.7266 2 162.325 -83.6117
290 104.978 56.7266 2 157.283 -83.7855
291 114.978 56.7266 2 152.73 -85.6598
292 124.978 56.7266 2 148.711 -82.2347
293 134.978 56.7266 2 145.27 -82.579
294 144.978 56.7266 2 142.45 -82.4058
295 154.978 56.7266 2 140.287 -250
296 164.978 56.7266 2 138.812 -250
297 174.978 56.7266 2 138.048 -250
298 184.978 56.7266 2 138.007 -250
299 194.978 56.7266 2 138.688 -250
300 204.978 56.7266 2 140.082 -104.273
301 214.978 56.7266 2 142.166 -92.1404
302 224.978 56.7266 2 144.913 -93.7882
303 234.978 56.7266 2 148.284 -92.9313
304 244.978 56.7266 2 152.239 -97.0732
305 254.978 56.7266 2 156.733 -104.653
306 264.978 56.7266 2 161.721 -103.577
307 274.978 56.7266 2 167.159 -113.923
308 284.978 56.7266 2 173.005 -108.86
309 294.978 56.7266 2 179.218 -250
310 304.978 56.7266 2 185.762 -250
311 314.978 56.7266 2 192.604 -250
312 324.978 56.7266 2 199.711 -250
313 334.978 56.7266 2 207.058 -250
314 344.978 56.7266 2 214.62 -250
315 354.978 56.7266 2 222.374 -250
316 364.978 56.7266 2 230.301 -99.6766
317 374.978 56.7266 2 238.384 -86.6421
318 384.978 56.7266 2 246.608 -250
319 394.978 56.7266 2 254.959 -250
320 404.978 56.7266 2 263.425 -92.089
321 414.978 56.7266 2 271.994 -94.7265
322 424.978 56.7266 2 280.659 -98.3493
323 434.978 56.7266 2 289.41 -122.335
324 444.978 56.7266 2 298.239 -105.675
325 454.978 56.7266 2 307.14 -250
326 464.978 56.7266 2 316.107 -250
327 474.978 56.7266 2 325.134 -126.792
328 484.978 56.7266 2 334.216 -127.111
329 84.9784 66.7266 2 160.493 -83.3671
330 94.9784 66.7266 2 154.747 -99.0594
331 104.978 66.7266 2 149.449 -100.896
332 114.978 66.7266 2 144.65 -93.5302
333 124.978 66.7266 2 140.399 -88.7718
334 134.978 66.7266 2 136.75 -79.7512
335 144.978 66.7266 2 133.75 -81.1553
336 154.978 66.7266 2 131.444 -110.623
337 164.978 66.7266 2 129.869 -104.124
338 174.978 66.7266 2 129.052 -96.5999
339 184.978 66.7266 2 129.007 -84.6485
340 194.978 66.7266 2 129.736 -85.5451
341 204.978 66.7266 2 131.224 -112.928
342 214.978 66.7266 2 133.448 -95.912
343 224.978 66.7266 2 136.37 -92.5365
344 234.978 66.7266 2 139.947 -98.1113
345 244.978 66.7266 2 144.131 -95.4731
346 254.978 66.7266 2 148.87 -102.084
347 264.978 66.7266 2 154.113 -98.8478
348 274.978 66.7266 2 159.81 -103.236
349 284.978 66.7266 2 165.915 -104.632
350 294.978 66.7266 2 172.384 -118.127
351 304.978 66.7266 2 179.178 -98.5077
352 314.978 66.7266 2 186.261 -114.302
353 324.978 66.7266 2 193.602 -93.2034
354 334.978 66.7266 2 201.172 -88.2129
355 344.978 66.7266 2 208.946 -82.8544
356 354.978 66.7266 2 216.903 -89.401
357 364.978 66.7266 2 225.023 -87.443
358 374.978 66.7266 2 233.29 -88.464
359 384.978 66.7266 2 241.687 -88.0918
360 394.978 66.7266 2 250.202 -90.6032
361 404.978 66.7266 2 258.823 -91.6204
362 414.978 66.7266 2 267.541 -91.2704
363 424.978 66.7266 2 276.345 -108.597
364 434.978 66.7266 2 285.228 -118.953
365 444.978 66.7266 2 294.183 -109.65
366 454.978 66.7266 2 303.203 -115.254
367 464.978 66.7266 2 312.283 -110.685
368 474.978 66.7266 2 321.417 -105.769
369 484.978 66.7266 2 330.601 -113.7
370 84.9784 76.7266 2 153.477 -84.2019
371 94.9784 76.7266 2 147.457 -109.798
372 104.978 76.7266 2 141.887 -133.926
373 114.978 76.7266 2 136.823 -123.841
374 124.978 76.7266 2 132.322 -99.281
375 134.978 76.7266 2 128.443 -80.1832
376 144.978 76.7266 2 125.244 -80.5679
377 154.978 76.7266 2 122.778 -100.437
378 164.978 76.7266 2 121.091 -94.7007
379 174.978 76.7266 2 120.214 -89.6112
380 184.978 76.7266 2 120.166 -81.8725
381 194.978 76.7266 2 120.948 -90.9724
382 204.978 76.7266 2 122.543 -97.4944
383 214.978 76.7266 2 124.921 -93.3159
384 224.978 76.7266 2 128.038 -91.5102
385 234.978 76.7266 2 131.842 -95.3092
386 244.978 76.7266 2 136.275 -97.5695
387 254.978 76.7266 2 141.277 -99.1915
388 264.978 76.7266 2 146.792 -94.6967
389 274.978 76.7266 2 152.762 -91.6338
390 284.978 76.7266 2 159.137 -95.1913
391 294.978 76.7266 2 165.871 -95.7981
392 304.978 76.7266 2 172.921 -97.8668
393 314.978 76.7266 2 180.25 -96.7282
394 324.978 76.7266 2 187.826 -96.7958
395 334.978 76.7266 2 195.62 -89.6825
396 344.978 76.7266 2 203.607 -93.0704
397 354.978 76.7266 2 211.764 -82.5988
398 364.978 76.7266 2 220.074 -87.0635
399 374.978 76.7266 2 228.519 -94.1257
400 384.978 76.7266 2 237.086 -93.12
401 394.978 76.7266 2 245.76 -105.316
402 404.978 76.7266 2 254.532 -111.529
403 414.978 76.7266 2 263.391 -92.0986
404 424.978 76.7266 2 272.33 -92.9762
405 434.978 76.7266 2 281.34 -99.41
406 444.978 76.7266 2 290.414 -106.25
407 454.978 76.7266 2 299.548 -116.074
408 464.978 76.7266 2 308.735 -128.756
409 474.978 76.7266 2 317.972 -120.616
410 484.978 76.7266 2 327.253 -123.648
411 84.9784 86.7266 2 146.806 -81.4832
412 94.9784 86.7266 2 140.501 -119.516
413 104.978 86.7266 2 134.644 -250
414 114.978 86.7266 2 129.296 -250
415 124.978 86.7266 2 124.523 -250
416 134.978 86.7266 2 120.393 -78.5677
417 144.978 86.7266 2 116.974 -80.2332
418 154.978 86.7266 2 114.331 -250
419 164.978 86.7266 2 112.516 -250
420 174.978 86.7266 2 111.573 -250
421 184.978 86.7266 2 111.521 -76.6538
422 194.978 86.7266 2 112.363 -95.8448
423 204.978 86.7266 2 114.078 -103.098
424 214.978 86.7266 2 116.629 -95.4335
425 224.978 86.7266 2 119.962 -250
426 234.978 86.7266 2 124.013 -250
427 244.978 86.7266 2 128.716 -250
428 254.978 86.7266 2 134.001 -93.9923
429 264.978 86.7266 2 139.803 -89.1509
430 274.978 86.7266 2 146.059 -93.5237
431 284.978 86.7266 2 152.715 -96.4099
432 294.978 86.7266 2 159.719 -104.498
433 304.978 86.7266 2 167.029 -99.6825
434 314.978 86.7266 2 174.606 -92.9206
435 324.978 86.7266 2 182.416 -87.7928
436 334.978 86.7266 2 190.431 -85.284
437 344.978 86.7266 2 198.627 -87.6864
438 354.978 86.7266 2 206.981 -86.2545
439 364.978 86.7266 2 215.475 -101.441
440 374.978 86.7266 2 224.094 -97.9289
441 384.978 86.7266 2 232.823 -250
442 394.978 86.7266 2 241.651 -250
443 404.978 86.7266 2 250.566 -250
444 414.978 86.7266 2 259.561 -129.774
445 424.978 86.7266 2 268.627 -112.828
446 434.978 86.7266 2 277.757 -104.38
447 444.978 86.7266 2 286.945 -250
448 454.978 86.7266 2 296.186 -250
449 464.978 86.7266 2 305.474 -250
450 474.978 86.7266 2 314.806 -115.092
451 484.978 86.7266 2 324.178 -133.945
452 84.9784 96.7266 2 140.532 -85.4704
453 94.9784 96.7266 2 133.931 -81.7486
454 104.978 96.7266 2 127.774 -83.4092
455 114.978 96.7266 2 122.125 -82.551
456 124.978 96.7266 2 117.06 -94.7566
457 134.978 96.7266 2 112.657 -88.3642
458 144.978 96.7266 2 108.995 -88.8508
459 154.978 96.7266 2 106.153 -250
460 164.978 96.7266 2 104.197 -250
461 174.978 96.7266 2 103.177 -250
462 184.978 96.7266 2 103.121 -84.9233
463 194.978 96.7266 2 104.031 -250
464 204.978 96.7266 2 105.882 -250
465 214.978 96.7266 2 108.625 -250
466 224.978 96.7266 2 112.196 -250
467 234.978 96.7266 2 116.518 -250
468 244.978 96.7266 2 121.511 -250
469 254.978 96.7266 2 127.096 -250
470 264.978 96.7266 2 133.198 -250
471 274.978 96.7266 2 139.751 -98.7071
472 284.978 96.7266 2 146.693 -98.4235
473 294.978 96.7266 2 153.972 -84.5867
474 304.978 96.7266 2 161.542 -94.5246
475 314.978 96.7266 2 169.364 -83.5639
476 324.978 96.7266 2 177.405 -84.72
477 334.978 96.7266 2 185.637 -84.1449
478 344.978 96.7266 2 194.035 -105.411
479 354.978 96.7266 2 202.579 -113.969
480 364.978 96.7266 2 211.25 -110.936
481 374.978 96.7266 2 220.034 -114.002
482 384.978 96.7266 2 228.918 -250
483 394.978 96.7266 2 237.891 -250
484 404.978 96.7266 2 246.942 -250
485 414.978 96.7266 2 256.065 -121.042
486 424.978 96.7266 2 265.25 -116.284
487 434.978 96.7266 2 274.492 -120.294
488 444.978 96.7266 2 283.786 -250
489 454.978 96.7266 2 293.126 -250
490 464.978 96.7266 2 302.509 -250
491 474.978 96.7266 2 311.929 -132.589
492 484.978 96.7266 2 321.385 -134.169
493 84.9784 106.727 2 134.708 -81.1017
494 94.9784 106.727 2 127.807 -80.817
495 104.978 106.727 2 121.339 -87.7094
496 114.978 106.727 2 115.376 -88.113
497 124.978 106.727 2 110 -97.2059
498 134.978 106.727 2 105.302 -111.074
499 144.978 106.727 2 101.376 -116.239
500 154.978 106.727 2 98.3133 -250
501 164.978 106.727 2 96.1977 -250
502 174.978 106.727 2 95.0919 -250
503 184.978 106.727 2 95.0313 -75.9567
504 194.978 106.727 2 96.0179 -250
505 204.978 106.727 2 98.02 -250
506 214.978 106.727 2 100.977 -250
507 224.978 106.727 2 104.809 -250
508 234.978 106.727 2 109.423 -250
509 244.978 106.727 2 114.725 -250
510 254.978 106.727 2 120.625 -250
511 264.978 106.727 2 127.039 -250
512 274.978 106.727 2 133.893 -91.4238
513 284.978 106.727 2 141.123 -87.2933
514 294.978 106.727 2 148.675 -87.2613
515 304.978 106.727 2 156.502 -80.6554
516 314.978 106.727 2 164.564 -84.5791
517 324.978 106.727 2 172.829 -110.627
518 334.978 106.727 2 181.268 -114.073
519 344.978 106.727 2 189.86 -121.32
520 354.978 106.727 2 198.583 -144.179
521 364.978 106.727 2 207.421 -113.619
522 374.978 106.727 2 216.361 -116.983
523 384.978 106.727 2 225.39 -250
524 394.978 106.727 2 234.498 -250
525 404.978 106.727 2 243.675 -250
526 414.978 106.727 2 252.915 -125.132
527 424.978 106.727 2 262.211 -126.932
528 434.978 106.727 2 271.557 -130.148
529 444.978 106.727 2 280.947 -250
530 454.978 106.727 2 290.379 -250
531 464.978 106.727 2 299.847 -250
532 474.978 106.727 2 309.349 -139.269
533 484.978 106.727 2 318.882 -122.892
534 84.9784 116.727 2 129.395 -81.2666
535 94.9784 116.727 2 122.195 -81.4958
536 104.978 116.727 2 115.413 -113.887
537 114.978 116.727 2 109.127 -250
538 124.978 116.727 2 103.427 -250
539 134.978 116.727 2 98.4153 -250
540 144.978 116.727 2 94.2022 -250
541 154.978 116.727 2 90.8984 -250
542 164.978 116.727 2 88.6059 -250
543 174.978 116.727 2 87.4042 -250
544 184.978 116.727 2 87.3383 -80.8025
545 194.978 116.727 2 88.4107 -250
546 204.978 116.727 2 90.5811 -250
547 214.978 116.727 2 93.7732 -250
548 224.978 116.727 2 97.8872 -250
549 234.978 116.727 2 102.812 -250
550 244.978 116.727 2 108.438 -250
551 254.978 116.727 2 114.662 -250
552 264.978 116.727 2 121.391 -250
553 274.978 116.727 2 128.547 -99.7055
554 284.978 116.727 2 136.062 -85.1148
555 294.978 116.727 2 143.879 -80.9866
556 304.978 116.727 2 151.953 -84.5862
557 314.978 116.727 2 160.244 -83.9307
558 324.978 116.727 2 168.721 -250
559 334.978 116.727 2 177.356 -250
560 344.978 116.727 2 186.128 -250
561 354.978 116.727 2 195.018 -250
562 364.978 116.727 2 204.011 -250
563 374.978 116.727 2 213.094 -250
564 384.978 116.727 2 222.256 -250
565 394.978 116.727 2 231.487 -250
566 404.978 116.727 2 240.779 -250
567 414.978 116.727 2 250.126 -250
568 424.978 116.727 2 259.522 -127.934
569 434.978 116.727 2 268.961 -130.142
570 444.978 116.727 2 278.439 -250
571 454.978 116.727 2 287.953 -250
572 464.978 116.727 2 297.499 -250
573 474.978 116.727 2 307.073 -121.048
574 484.978 116.727 2 316.674 -122.906
575 84.9784 126.727 2 124.66 -82.3731
576 94.9784 126.727 2 117.169 -81.459
577 104.978 126.727 2 110.078 -106.726
578 114.978 126.727 2 103.468 -250
579 124.978 126.727 2 97.4377 -250
580 134.978 126.727 2 92.1009 -250
581 144.978 126.727 2 87.5846 -250
582 154.978 126.727 2 84.0211 -250
583 164.978 126.727 2 81.5354 -250
584 174.978 126.727 2 80.2279 -250
585 184.978 126.727 2 80.1561 -82.6081
586 194.978 126.727 2 81.3233 -76.4822
587 204.978 126.727 2 83.6777 -81.5806
588 214.978 126.727 2 87.1231 -75.4862
589 224.978 126.727 2 91.5365 -250
590 234.978 126.727 2 96.7854 -250
591 244.978 126.727 2 102.742 -250
592 254.978 126.727 2 109.29 -93.6488
593 264.978 126.727 2 116.331 -96.228
594 274.978 126.727 2 123.779 -85.3252
595 284.978 126.727 2 131.567 -84.1503
596 294.978 126.727 2 139.636 -86.792
597 304.978 126.727 2 147.942 -79.9817
598 314.978 126.727 2 156.446 -88.3399
599 324.978 126.727 2 165.117 -250
600 334.978 126.727 2 173.932 -250
601 344.978 126.727 2 182.868 -250
602 354.978 126.727 2 191.909 -250
603 364.978 126.727 2 201.041 -250
604 374.978 126.727 2 210.253 -250
605 384.978 126.727 2 219.533 -250
606 394.978 126.727 2 228.874 -250
607 404.978 126.727 2 238.268 -250
608 414.978 126.727 2 247.71 -250
609 424.978 126.727 2 257.194 -124.803
610 434.978 126.727 2 266.715 -117.039
611 444.978 126.727 2 276.271 -250
612 454.978 126.727 2 285.857 -250
613 464.978 126.727 2 295.47 -250
614 474.978 126.727 2 305.108 -118.952
615 484.978 126.727 2 314.769 -123.237
616 84.9784 136.727 2 120.57 -80.1636
617 94.9784 136.727 2 112.808 -79.243
618 104.978 136.727 2 105.424 -76.4407
619 114.978 136.727 2 98.502 -76.2779
620 124.978 136.727 2 92.1473 -84.0542
621 134.978 136.727 2 86.4847 -250
622 144.978 136.727 2 81.6583 -250
623 154.978 136.727 2 77.8239 -250
624 164.978 136.727 2 75.1335 -250
625 174.978 136.727 2 73.7125 -250
626 184.978 136.727 2 73.6343 -84.163
627 194.978 136.727 2 74.9032 -73.4314
628 204.978 136.727 2 77.4531 -84.5297
629 214.978 136.727 2 81.1632 -75.3895
630 224.978 136.727 2 85.8833 -250
631 234.978 136.727 2 91.4572 -250
632 244.978 136.727 2 97.739 -250
633 254.978 136.727 2 104.601 -79.0064
634 264.978 136.727 2 111.937 -78.2475
635 274.978 136.727 2 119.659 -79.2099
636 284.978 136.727 2 127.698 -80.3041
637 294.978 136.727 2 135.997 -88.3844
638 304.978 136.727 2 144.512 -82.0731
639 314.978 136.727 2 153.207 -92.2344
640 324.978 136.727 2 162.052 -250
641 334.978 136.727 2 171.024 -250
642 344.978 136.727 2 180.105 -250
643 354.978 136.727 2 189.278 -250
644 364.978 136.727 2 198.531 -250
645 374.978 136.727 2 207.854 -250
646 384.978 136.727 2 217.236 -250
647 394.978 136.727 2 226.672 -250
648 404.978 136.727 2 236.154 -250
649 414.978 136.727 2 245.677 -250
650 424.978 136.727 2 255.236 -122.936
651 434.978 136.727 2 264.828 -95.1748
652 444.978 136.727 2 274.45 -250
653 454.978 136.727 2 284.097 -250
654 464.978 136.727 2 293.768 -250
655 474.978 136.727 2 303.46 -121.004
656 484.978 136.727 2 313.172 -100.901
657 84.9784 146.727 2 117.193 -81.1815
658 94.9784 146.727 2 109.191 -84.545
659 104.978 146.727 2 101.544 -80.36
660 114.978 146.727 2 94.338 -76.9999
661 124.978 146.727 2 87.682 -77.486
662 134.978 146.727 2 81.7106 -72.9518
663 144.978 146.727 2 76.5839 -76.4815
664 154.978 146.727 2 72.4816 -74.8506
665 164.978 146.727 2 69.585 -72.5711
666 174.978 146.727 2 68.0481 -78.4083
667 184.978 146.727 2 67.9634 -82.1672
668 194.978 146.727 2 69.3362 -73.4826
669 204.978 146.727 2 72.0832 -73.0853
670 214.978 146.727 2 76.0557 -74.449
671 224.978 146.727 2 81.0738 -76.8842
672 234.978 146.727 2 86.9565 -78.9707
673 244.978 146.727 2 93.541 -79.0215
674 254.978 146.727 2 100.69 -80.6835
675 264.978 146.727 2 108.291 -84.8553
676 274.978 146.727 2 116.256 -83.2621
677 284.978 146.727 2 124.514 -79.7019
678 294.978 146.727 2 133.013 -83.2777
679 304.978 146.727 2 141.707 -80.9084
680 314.978 146.727 2 150.563 -84.7686
681 324.978 146.727 2 159.555 -84.2632
682 334.978 146.727 2 168.66 -84.5354
683 344.978 146.727 2 177.862 -80.6419
684 354.978 146.727 2 187.145 -91.7409
685 364.978 146.727 2 196.499 -87.6638
686 374.978 146.727 2 205.913 -87.8534
687 384.978 146.727 2 215.38 -89.5076
688 394.978 146.727 2 224.894 -88.7674
689 404.978 146.727 2 234.448 -88.2921
690 414.978 146.727 2 244.037 -86.6648
691 424.978 146.727 2 253.658 -90.6375
692 434.978 146.727 2 263.308 -91.4679
693 444.978 146.727 2 272.983 -88.9277
694 454.978 146.727 2 282.68 -89.8788
695 464.978 146.727 2 292.398 -91.5274
696 474.978 146.727 2 302.134 -97.7494
697 484.978 146.727 2 311.887 -97.4281
698 84.9784 156.727 2 114.592 -83.3238
699 94.9784 156.727 2 106.394 -78.3634
700 104.978 156.727 2 98.5302 -79.7161
701 114.978 156.727 2 91.0861 -77.37
702 124.978 156.727 2 84.1734 -83.415
703 134.978 156.727 2 77.9335 -75.8908
704 144.978 156.727 2 72.5405 -73.9412
705 154.978 156.727 2 68.1953 -83.7304
706 164.978 156.727 2 65.1082 -75.5546
707 174.978 156.727 2 63.4631 -80.3787
708 184.978 156.727 2 63.3723 -81.5072
709 194.978 156.727 2 64.8424 -73.756
710 204.978 156.727 2 67.7718 -81.7131
711 214.978 156.727 2 71.9826 -72.5943
712 224.978 156.727 2 77.2656 -94.6061
713 234.978 156.727 2 83.4174 -96.9558
714 244.978 156.727 2 90.2604 -85.6578
715 254.978 156.727 2 97.6495 -82.5755
716 264.978 156.727 2 105.47 -88.5564
717 274.978 156.727 2 113.633 -86.0348
718 284.978 156.727 2 122.069 -94.6183
719 294.978 156.727 2 130.726 -95.1341
720 304.978 156.727 2 139.563 -87.7977
721 314.978 156.727 2 148.547 -91.3723
722 324.978 156.727 2 157.654 -91.7494
723 334.978 156.727 2 166.863 -114.536
724 344.978 156.727 2 176.158 -99.5731
725 354.978 156.727 2 185.527 -104.316
726 364.978 156.727 2 194.958 -118.945
727 374.978 156.727 2 204.444 -92.045
728 384.978 156.727 2 213.976 -87.9348
729 394.978 156.727 2 223.549 -89.5293
730 404.978 156.727 2 233.158 -89.2408
731 414.978 156.727 2 242.799 -88.6512
732 424.978 156.727 2 252.467 -90.4721
733 434.978 156.727 2 262.16 -90.6
734 444.978 156.727 2 271.876 -90.7588
735 454.978 156.727 2 281.612 -89.4533
736 464.978 156.727 2 291.365 -88.5977
737 474.978 156.727 2 301.135 -91.7008
738 484.978 156.727 2 310.919 -93.0641
739 84.9784 166.727 2 112.82 -79.0177
740 94.9784 166.727 2 104.483 -79.1407
741 104.978 166.727 2 96.4635 -80.7696
742 114.978 166.727 2 88.8464 -79.705
743 124.978 166.727 2 81.7446 -75.3827
744 134.978 166.727 2 75.3038 -74.1351
745 144.978 166.727 2 69.7075 -73.6502
746 154.978 166.727 2 65.1738 -76.6005
747 164.978 166.727 2 61.9363 -72.5951
748 174.978 166.727 2 60.2045 -72.1711
749 184.978 166.727 2 60.1088 -72.0889
750 194.978 166.727 2 61.6567 -74.9122
751 204.978 166.727 2 64.7305 -73.3725
752 214.978 166.727 2 69.1268 -75.2261
753 224.978 166.727 2 74.6123 -250
754 234.978 166.727 2 80.9659 -107.011
755 244.978 166.727 2 87.9998 -250
756 254.978 166.727 2 95.5638 -250
757 264.978 166.727 2 103.542 -250
758 274.978 166.727 2 111.845 -92.6699
759 284.978 166.727 2 120.407 -95.0914
760 294.978 166.727 2 129.176 -250
761 304.978 166.727 2 138.112 -250
762 314.978 166.727 2 147.185 -250
763 324.978 166.727 2 156.371 -250
764 334.978 166.727 2 165.651 -250
765 344.978 166.727 2 175.011 -250
766 354.978 166.727 2 184.438 -119.52
767 364.978 166.727 2 193.922 -112.486
768 374.978 166.727 2 203.456 -250
769 384.978 166.727 2 213.032 -109.61
770 394.978 166.727 2 222.646 -113.28
771 404.978 166.727 2 232.292 -92.5557
772 414.978 166.727 2 241.967 -86.2902
773 424.978 166.727 2 251.668 -87.8125
774 434.978 166.727 2 261.391 -94.063
775 444.978 166.727 2 271.134 -250
776 454.978 166.727 2 280.895 -250
777 464.978 166.727 2 290.673 -250
778 474.978 166.727 2 300.465 -110.977
779 484.978 166.727 2 310.27 -116.12
780 84.9784 176.727 2 111.916 -78.4085
781 94.9784 176.727 2 103.507 -82.4326
782 104.978 176.727 2 95.4056 -77.0069
783 114.978 176.727 2 87.6967 -82.5723
784 124.978 176.727 2 80.4934 -83.1491
785 134.978 176.727 2 73.9437 -82.6162
786 144.978 176.727 2 68.236 -82.7084
787 154.978 176.727 2 63.5975 -79.0055
788 164.978 176.727 2 60.2754 -72.1432
789 174.978 176.727 2 58.4945 -73.4731
790 184.978 176.727 2 58.3959 -72.7218
791 194.978 176.727 2 59.9881 -72.0432
792 204.978 176.727 2 63.1431 -80.675
793 214.978 176.727 2 67.6427 -75.4248
794 224.978 176.727 2 73.2394 -250
795 234.978 176.727 2 79.7026 -102.467
796 244.978 176.727 2 86.8388 -250
797 254.978 176.727 2 94.4958 -250
798 264.978 176.727 2 102.557 -250
799 274.978 176.727 2 110.934 -95.3373
800 284.978 176.727 2 119.561 -94.6705
801 294.978 176.727 2 128.388 -250
802 304.978 176.727 2 137.375 -250
803 314.978 176.727 2 146.494 -250
804 324.978 176.727 2 155.72 -250
805 334.978 176.727 2 165.037 -250
806 344.978 176.727 2 174.43 -250
807 354.978 176.727 2 183.887 -118.491
808 364.978 176.727 2 193.398 -119.794
809 374.978 176.727 2 202.956 -250
810 384.978 176.727 2 212.555 -112.655
811 394.978 176.727 2 222.19 -107.128
812 404.978 176.727 2 231.855 -103.874
813 414.978 176.727 2 241.547 -107.531
814 424.978 176.727 2 251.264 -102.455
815 434.978 176.727 2 261.002 -106.353
816 444.978 176.727 2 270.759 -250
817 454.978 176.727 2 280.534 -250
818 464.978 176.727 2 290.323 -250
819 474.978 176.727 2 300.127 -123.875
820 484.978 176.727 2 309.943 -122.169
821 84.9784 186.727 2 111.903 -78.2662
822 94.9784 186.727 2 103.493 -82.1036
823 104.978 186.727 2 95.39 -76.8612
824 114.978 186.727 2 87.6797 -81.9585
825 124.978 186.727 2 80.4749 -83.77
826 134.978 186.727 2 73.9236 -82.9062
827 144.978 186.727 2 68.2142 -82.9835
828 154.978 186.727 2 63.574 -79.5284
829 164.978 186.727 2 60.2506 -72.1454
830 174.978 186.727 2 58.469 -73.496
831 184.978 186.727 2 58.3704 -72.8017
832 194.978 186.727 2 59.9632 -72.183
833 204.978 186.727 2 63.1195 -80.5842
834 214.978 186.727 2 67.6206 -75.4136
835 224.978 186.727 2 73.2191 -250
836 234.978 186.727 2 79.6838 -111.251
837 244.978 186.727 2 86.8216 -250
838 254.978 186.727 2 94.48 -250
839 264.978 186.727 2 102.542 -250
840 274.978 186.727 2 110.921 -96.6158
841 284.978 186.727 2 119.549 -96.6166
842 294.978 186.727 2 128.376 -125.482
843 304.978 186.727 2 137.364 -109.541
844 314.978 186.727 2 146.483 -120.145
845 324.978 186.727 2 155.711 -127.881
846 334.978 186.727 2 165.028 -250
847 344.978 186.727 2 174.421 -250
848 354.978 186.727 2 183.878 -250
849 364.978 186.727 2 193.39 -250
850 374.978 186.727 2 202.949 -250
851 384.978 186.727 2 212.548 -112.376
852 394.978 186.727 2 222.183 -110.656
853 404.978 186.727 2 231.848 -104.288
854 414.978 186.727 2 241.541 -110.355
855 424.978 186.727 2 251.258 -109.181
856 434.978 186.727 2 260.996 -110.845
857 444.978 186.727 2 270.754 -250
858 454.978 186.727 2 280.528 -250
859 464.978 186.727 2 290.318 -250
860 474.978 186.727 2 300.122 -121.012
861 484.978 186.727 2 309.938 -123.549
862 84.9784 196.727 2 112.78 -78.9527
863 94.9784 196.727 2 104.44 -79.1499
864 104.978 196.727 2 96.4171 -81.1218
865 114.978 196.727 2 88.7961 -78.2548
866 124.978 196.727 2 81.6898 -74.9419
867 134.978 196.727 2 75.2443 -74.2643
868 144.978 196.727 2 69.6433 -73.4316
869 154.978 196.727 2 65.1051 -75.6963
870 164.978 196.727 2 61.864 -73.1439
871 174.978 196.727 2 60.1302 -71.9429
872 184.978 196.727 2 60.0343 -72.0118
873 194.978 196.727 2 61.5841 -75.1031
874 204.978 196.727 2 64.6613 -72.5621
875 214.978 196.727 2 69.0621 -74.6944
876 224.978 196.727 2 74.5523 -250
877 234.978 196.727 2 80.9107 -88.9285
878 244.978 196.727 2 87.9489 -81.2025
879 254.978 196.727 2 95.517 -77.5634
880 264.978 196.727 2 103.499 -83.124
881 274.978 196.727 2 111.805 -77.982
882 284.978 196.727 2 120.37 -79.9352
883 294.978 196.727 2 129.141 -82.3565
884 304.978 196.727 2 138.079 -80.4424
885 314.978 196.727 2 147.154 -83.1307
886 324.978 196.727 2 156.342 -82.2697
887 334.978 196.727 2 165.624 -250
888 344.978 196.727 2 174.985 -250
889 354.978 196.727 2 184.413 -115.154
890 364.978 196.727 2 193.899 -109.102
891 374.978 196.727 2 203.434 -109.047
892 384.978 196.727 2 213.011 -112.158
893 394.978 196.727 2 222.626 -112.772
894 404.978 196.727 2 232.273 -109.987
895 414.978 196.727 2 241.949 -108.554
896 424.978 196.727 2 251.65 -250
897 434.978 196.727 2 261.374 -250
898 444.978 196.727 2 271.117 -250
899 454.978 196.727 2 280.879 -250
900 464.978 196.727 2 290.657 -250
901 474.978 196.727 2 300.45 -129.487
902 484.978 196.727 2 310.256 -127.602
903 84.9784 206.727 2 114.526 -83.3114
904 94.9784 206.727 2 106.324 -78.1197
905 104.978 206.727 2 98.4545 -101.442
906 114.978 206.727 2 91.0042 -132.886
907 124.978 206.727 2 84.0848 -250
908 134.978 206.727 2 77.8378 -77.9825
909 144.978 206.727 2 72.4376 -71.6865
910 154.978 206.727 2 68.0859 -82.8599
911 164.978 206.727 2 64.9937 -74.7171
912 174.978 206.727 2 63.3456 -83.067
913 184.978 206.727 2 63.2546 -83.9658
914 194.978 206.727 2 64.7273 -73.1972
915 204.978 206.727 2 67.6617 -76.5821
916 214.978 206.727 2 71.879 -75.2329
917 224.978 206.727 2 77.1691 -82.0806
918 234.978 206.727 2 83.328 -79.8821
919 244.978 206.727 2 90.1778 -75.36
920 254.978 206.727 2 97.5731 -82.3822
921 264.978 206.727 2 105.399 -77.3803
922 274.978 206.727 2 113.567 -80.1522
923 284.978 206.727 2 122.008 -88.0846
924 294.978 206.727 2 130.669 -81.3055
925 304.978 206.727 2 139.51 -81.9896
926 314.978 206.727 2 148.497 -83.1741
927 324.978 206.727 2 157.607 -81.6535
928 334.978 206.727 2 166.818 -250
929 344.978 206.727 2 176.116 -250
930 354.978 206.727 2 185.487 -113.447
931 364.978 206.727 2 194.92 -113.462
932 374.978 206.727 2 204.407 -103.955
933 384.978 206.727 2 213.941 -105.903
934 394.978 206.727 2 223.516 -106.585
935 404.978 206.727 2 233.126 -110.501
936 414.978 206.727 2 242.768 -101.612
937 424.978 206.727 2 252.438 -250
938 434.978 206.727 2 262.132 -250
939 444.978 206.727 2 271.849 -250
940 454.978 206.727 2 281.585 -250
941 464.978 206.727 2 291.339 -250
942 474.978 206.727 2 301.11 -136.119
943 484.978 206.727 2 310.895 -140.005
944 84.9784 216.727 2 117.104 -82.1566
945 94.9784 216.727 2 109.095 -79.4288
946 104.978 216.727 2 101.441 -103.685
947 114.978 216.727 2 94.2273 -124.952
948 124.978 216.727 2 87.5629 -250
949 134.978 216.727 2 81.5828 -76.907
950 144.978 216.727 2 76.4476 -75.3835
951 154.978 216.727 2 72.3375 -73.8947
952 164.978 216.727 2 69.4348 -73.4504
953 174.978 216.727 2 67.8946 -79.7409
954 184.978 216.727 2 67.8097 -78.5285
955 194.978 216.727 2 69.1856 -73.8596
956 204.978 216.727 2 71.9383 -74.721
957 214.978 216.727 2 75.9184 -75.5928
958 224.978 216.727 2 80.945 -79.7211
959 234.978 216.727 2 86.8365 -76.5281
960 244.978 216.727 2 93.4294 -78.516
961 254.978 216.727 2 100.586 -76.5601
962 264.978 216.727 2 108.194 -83.5966
963 274.978 216.727 2 116.166 -83.1173
964 284.978 216.727 2 124.431 -80.0954
965 294.978 216.727 2 132.934 -250
966 304.978 216.727 2 141.633 -250
967 314.978 216.727 2 150.494 -250
968 324.978 216.727 2 159.49 -250
969 334.978 216.727 2 168.598 -250
970 344.978 216.727 2 177.803 -250
971 354.978 216.727 2 187.089 -120.178
972 364.978 216.727 2 196.446 -102.286
973 374.978 216.727 2 205.862 -99.4555
974 384.978 216.727 2 215.332 -103.085
975 394.978 216.727 2 224.847 -106.748
976 404.978 216.727 2 234.403 -109.331
977 414.978 216.727 2 243.994 -106.891
978 424.978 216.727 2 253.617 -250
979 434.978 216.727 2 263.268 -250
980 444.978 216.727 2 272.944 -250
981 454.978 216.727 2 282.643 -250
982 464.978 216.727 2 292.362 -250
983 474.978 216.727 2 302.1 -127.684
984 484.978 216.727 2 311.854 -141.877
985 84.9784 226.727 2 120.459 -86.4636
986 94.9784 226.727 2 112.689 -109.177
987 104.978 226.727 2 105.296 -250
988 114.978 226.727 2 98.3657 -250
989 124.978 226.727 2 92.0015 -250
990 134.978 226.727 2 86.3294 -74.5974
991 144.978 226.727 2 81.4939 -73.871
992 154.978 226.727 2 77.6513 -77.5243
993 164.978 226.727 2 74.9547 -74.6229
994 174.978 226.727 2 73.5302 -81.2998
995 184.978 226.727 2 73.4519 -81.0921
996 194.978 226.727 2 74.7239 -75.2232
997 204.978 226.727 2 77.2796 -82.1284
998 214.978 226.727 2 80.9977 -80.0785
999 224.978 226.727 2 85.7269 -76.3503
1000 234.978 226.727 2 91.3104 -77.5935
1001 244.978 226.727 2 97.6016 -81.9114
1002 254.978 226.727 2 104.473 -78.555
1003 264.978 226.727 2 111.817 -80.9232
1004 274.978 226.727 2 119.547 -77.4042
1005 284.978 226.727 2 127.593 -81.7426
1006 294.978 226.727 2 135.899 -250
1007 304.978 226.727 2 144.419 -250
1008 314.978 226.727 2 153.119 -250
1009 324.978 226.727 2 161.969 -250
1010 334.978 226.727 2 170.946 -250
1011 344.978 226.727 2 180.03 -250
1012 354.978 226.727 2 189.207 -108.329
1013 364.978 226.727 2 198.464 -100.509
1014 374.978 226.727 2 207.789 -103.19
1015 384.978 226.727 2 217.175 -96.4079
1016 394.978 226.727 2 226.613 -100.882
1017 404.978 226.727 2 236.097 -109.872
1018 414.978 226.727 2 245.622 -101.012
1019 424.978 226.727 2 255.184 -250
1020 434.978 226.727 2 264.778 -250
1021 444.978 226.727 2 274.401 -250
1022 454.978 226.727 2 284.05 -250
1023 464.978 226.727 2 293.722 -250
1024 474.978 226.727 2 303.416 -123.451
1025 484.978 226.727 2 313.129 -120.12
1026 84.9784 236.727 2 124.529 -95.294
1027 94.9784 236.727 2 117.029 -109.801
1028 104.978 236.727 2 109.929 -116.871
1029 114.978 236.727 2 103.309 -101.282
1030 124.978 236.727 2 97.2692 -250
1031 134.978 236.727 2 91.9227 -80.2583
1032 144.978 236.727 2 87.3972 -77.6265
1033 154.978 236.727 2 83.8257 -82.7965
1034 164.978 236.727 2 81.3341 -77.7821
1035 174.978 236.727 2 80.0232 -81.4849
1036 184.978 236.727 2 79.9512 -80.0736
1037 194.978 236.727 2 81.1214 -77.8136
1038 204.978 236.727 2 83.4815 -79.6745
1039 214.978 236.727 2 86.9347 -78.5312
1040 224.978 236.727 2 91.3571 -77.285
1041 234.978 236.727 2 96.6158 -81.016
1042 244.978 236.727 2 102.582 -80.7293
1043 254.978 236.727 2 109.14 -80.8202
1044 264.978 236.727 2 116.19 -86.5209
1045 274.978 236.727 2 123.647 -93.3267
1046 284.978 236.727 2 131.442 -91.2431
1047 294.978 236.727 2 139.519 -250
1048 304.978 236.727 2 147.831 -250
1049 314.978 236.727 2 156.341 -250
1050 324.978 236.727 2 165.018 -250
1051 334.978 236.727 2 173.837 -250
1052 344.978 236.727 2 182.778 -250
1053 354.978 236.727 2 191.824 -101.221
1054 364.978 236.727 2 200.96 -87.0492
1055 374.978 236.727 2 210.175 -91.5561
1056 384.978 236.727 2 219.458 -100.007
1057 394.978 236.727 2 228.802 -89.4406
1058 404.978 236.727 2 238.199 -90.9717
1059 414.978 236.727 2 247.643 -250
1060 424.978 236.727 2 257.13 -250
1061 434.978 236.727 2 266.654 -250
1062 444.978 236.727 2 276.211 -250
1063 454.978 236.727 2 285.799 -250
1064 464.978 236.727 2 295.414 -250
1065 474.978 236.727 2 305.054 -96.3311
1066 484.978 236.727 2 314.717 -120.337
1067 84.9784 246.727 2 129.245 -92.8105
1068 94.9784 246.727 2 122.036 -109.428
1069 104.978 246.727 2 115.245 -106.01
1070 114.978 246.727 2 108.949 -104.389
1071 124.978 246.727 2 103.239 -85.3946
1072 134.978 246.727 2 98.2181 -85.18
1073 144.978 246.727 2 93.9962 -75.7187
1074 154.978 246.727 2 90.685 -78.8274
1075 164.978 246.727 2 88.3869 -84.6309
1076 174.978 246.727 2 87.1822 -78.886
1077 184.978 246.727 2 87.1161 -79.5929
1078 194.978 246.727 2 88.1913 -81.9487
1079 204.978 246.727 2 90.3669 -76.0139
1080 214.978 246.727 2 93.5664 -80.9039
1081 224.978 246.727 2 97.689 -85.2937
1082 234.978 246.727 2 102.624 -81.7126
1083 244.978 246.727 2 108.259 -82.7373
1084 254.978 246.727 2 114.493 -78.536
1085 264.978 246.727 2 121.231 -89.8296
1086 274.978 246.727 2 128.396 -89.594
1087 284.978 246.727 2 135.919 -82.0561
1088 294.978 246.727 2 143.745 -84.8289
1089 304.978 246.727 2 151.826 -97.2255
1090 314.978 246.727 2 160.123 -99.0983
1091 324.978 246.727 2 168.606 -88.0439
1092 334.978 246.727 2 177.247 -84.1143
1093 344.978 246.727 2 186.024 -87.972
1094 354.978 246.727 2 194.919 -98.4938
1095 364.978 246.727 2 203.916 -100.943
1096 374.978 246.727 2 213.003 -102.556
1097 384.978 246.727 2 222.169 -104.137
1098 394.978 246.727 2 231.403 -111.487
1099 404.978 246.727 2 240.699 -102.511
1100 414.978 246.727 2 250.049 -103.328
1101 424.978 246.727 2 259.447 -120.571
1102 434.978 246.727 2 268.889 -100.214
1103 444.978 246.727 2 278.37 -100.85
1104 454.978 246.727 2 287.886 -110.751
1105 464.978 246.727 2 297.434 -109.35
1106 474.978 246.727 2 307.01 -98.5136
1107 484.978 246.727 2 316.613 -94.5053
1108 84.9784 256.727 2 134.541 -82.7014
1109 94.9784 256.727 2 127.632 -82.6124
1110 104.978 256.727 2 121.154 -83.9637
1111 114.978 256.727 2 115.182 -82.2961
1112 124.978 256.727 2 109.797 -82.3361
1113 134.978 256.727 2 105.09 -77.7603
1114 144.978 256.727 2 101.155 -78.8249
1115 154.978 256.727 2 98.0856 -77.6317
1116 164.978 256.727 2 95.9649 -78.9743
1117 174.978 256.727 2 94.8565 -76.4025
1118 184.978 256.727 2 94.7957 -76.9125
1119 194.978 256.727 2 95.7847 -78.0411
1120 204.978 256.727 2 97.7916 -84.9963
1121 214.978 256.727 2 100.756 -79.1848
1122 224.978 256.727 2 104.595 -80.5581
1123 234.978 256.727 2 109.218 -81.2012
1124 244.978 256.727 2 114.53 -77.9106
1125 254.978 256.727 2 120.439 -80.0587
1126 264.978 256.727 2 126.862 -80.5035
1127 274.978 256.727 2 133.726 -78.937
1128 284.978 256.727 2 140.965 -86.1781
1129 294.978 256.727 2 148.525 -81.4784
1130 304.978 256.727 2 156.359 -80.1599
1131 314.978 256.727 2 164.428 -80.1803
1132 324.978 256.727 2 172.699 -86.1371
1133 334.978 256.727 2 181.145 -86.7211
1134 344.978 256.727 2 189.742 -100.642
1135 354.978 256.727 2 198.47 -105.522
1136 364.978 256.727 2 207.314 -105.254
1137 374.978 256.727 2 216.258 -115.929
1138 384.978 256.727 2 225.291 -108.69
1139 394.978 256.727 2 234.402 -118.829
1140 404.978 256.727 2 243.583 -113.581
1141 414.978 256.727 2 252.827 -125.911
1142 424.978 256.727 2 262.126 -115.256
1143 434.978 256.727 2 271.474 -112.767
1144 444.978 256.727 2 280.868 -98.5933
1145 454.978 256.727 2 290.302 -104.029
1146 464.978 256.727 2 299.773 -94.6423
1147 474.978 256.727 2 309.277 -102.806
1148 484.978 256.727 2 318.811 -90.2743
1149 84.9784 266.727 2 140.351 -83.157
1150 94.9784 266.727 2 133.742 -80.8047
1151 104.978 266.727 2 127.575 -80.8644
1152 114.978 266.727 2 121.918 -84.7439
1153 124.978 266.727 2 116.843 -99.877
1154 134.978 266.727 2 112.431 -250
1155 144.978 266.727 2 108.763 -250
1156 154.978 266.727 2 105.914 -250
1157 164.978 266.727 2 103.953 -250
1158 174.978 266.727 2 102.931 -85.1833
1159 184.978 266.727 2 102.875 -83.5772
1160 194.978 266.727 2 103.787 -80.2284
1161 204.978 266.727 2 105.642 -77.5452
1162 214.978 266.727 2 108.391 -82.6536
1163 224.978 266.727 2 111.97 -79.8046
1164 234.978 266.727 2 116.3 -81.6316
1165 244.978 266.727 2 121.302 -250
1166 254.978 266.727 2 126.896 -250
1167 264.978 266.727 2 133.008 -250
1168 274.978 266.727 2 139.569 -108.218
1169 284.978 266.727 2 146.52 -81.3109
1170 294.978 266.727 2 153.807 -250
1171 304.978 266.727 2 161.385 -250
1172 314.978 266.727 2 169.214 -250
1173 324.978 266.727 2 177.263 -250
1174 334.978 266.727 2 185.501 -250
1175 344.978 266.727 2 193.905 -250
1176 354.978 266.727 2 202.454 -250
1177 364.978 266.727 2 211.13 -250
1178 374.978 266.727 2 219.919 -250
1179 384.978 266.727 2 228.808 -250
1180 394.978 266.727 2 237.784 -250
1181 404.978 266.727 2 246.84 -250
1182 414.978 266.727 2 255.966 -250
1183 424.978 266.727 2 265.154 -250
1184 434.978 266.727 2 274.4 -250
1185 444.978 266.727 2 283.697 -250
1186 454.978 266.727 2 293.04 -250
1187 464.978 266.727 2 302.425 -250
1188 474.978 266.727 2 311.848 -105.082
1189 484.978 266.727 2 321.306 -102.585
1190 84.9784 276.727 2 146.613 -81.2913
1191 94.9784 276.727 2 140.299 -85.5689
1192 104.978 276.727 2 134.434 -84.1336
1193 114.978 276.727 2 129.077 -82.7238
1194 124.978 276.727 2 124.296 -109.894
1195 134.978 276.727 2 120.158 -250
1196 144.978 276.727 2 116.732 -250
1197 154.978 276.727 2 114.083 -250
1198 164.978 276.727 2 112.264 -250
1199 174.978 276.727 2 111.318 -79.8242
1200 184.978 276.727 2 111.267 -79.5841
1201 194.978 276.727 2 112.11 -78.9656
1202 204.978 276.727 2 113.83 -81.611
1203 214.978 276.727 2 116.386 -84.7442
1204 224.978 276.727 2 119.726 -78.8652
1205 234.978 276.727 2 123.785 -87.4654
1206 244.978 276.727 2 128.496 -250
1207 254.978 276.727 2 133.79 -250
1208 264.978 276.727 2 139.6 -250
1209 274.978 276.727 2 145.865 -92.7614
1210 284.978 276.727 2 152.529 -88.0555
1211 294.978 276.727 2 159.542 -250
1212 304.978 276.727 2 166.859 -250
1213 314.978 276.727 2 174.444 -250
1214 324.978 276.727 2 182.261 -250
1215 334.978 276.727 2 190.283 -250
1216 344.978 276.727 2 198.484 -250
1217 354.978 276.727 2 206.844 -250
1218 364.978 276.727 2 215.344 -250
1219 374.978 276.727 2 223.967 -250
1220 384.978 276.727 2 232.701 -250
1221 394.978 276.727 2 241.533 -250
1222 404.978 276.727 2 250.453 -250
1223 414.978 276.727 2 259.452 -250
1224 424.978 276.727 2 268.522 -250
1225 434.978 276.727 2 277.655 -250
1226 444.978 276.727 2 286.846 -250
1227 454.978 276.727 2 296.09 -250
1228 464.978 276.727 2 305.381 -250
1229 474.978 276.727 2 314.716 -117.338
1230 484.978 276.727 2 324.091 -123.339
1231 84.9784 286.727 2 153.273 -85.4491
1232 94.9784 286.727 2 147.245 -82.6972
1233 104.978 286.727 2 141.667 -84.4737
1234 114.978 286.727 2 136.594 -86.5583
1235 124.978 286.727 2 132.085 -116.897
1236 134.978 286.727 2 128.199 -250
1237 144.978 286.727 2 124.993 -250
1238 154.978 286.727 2 122.523 -250
1239 164.978 286.727 2 120.832 -250
1240 174.978 286.727 2 119.953 -87.0934
1241 184.978 286.727 2 119.905 -79.3748
1242 194.978 286.727 2 120.689 -80.3076
1243 204.978 286.727 2 122.288 -83.5459
1244 214.978 286.727 2 124.671 -82.6604
1245 224.978 286.727 2 127.794 -80.2523
1246 234.978 286.727 2 131.604 -81.9097
1247 244.978 286.727 2 136.045 -250
1248 254.978 286.727 2 141.056 -250
1249 264.978 286.727 2 146.578 -250
1250 274.978 286.727 2 152.557 -88.56
1251 284.978 286.727 2 158.941 -87.0813
1252 294.978 286.727 2 165.682 -250
1253 304.978 286.727 2 172.74 -250
1254 314.978 286.727 2 180.077 -250
1255 324.978 286.727 2 187.659 -250
1256 334.978 286.727 2 195.46 -250
1257 344.978 286.727 2 203.453 -250
1258 354.978 286.727 2 211.616 -250
1259 364.978 286.727 2 219.932 -250
1260 374.978 286.727 2 228.382 -250
1261 384.978 286.727 2 236.953 -250
1262 394.978 286.727 2 245.633 -250
1263 404.978 286.727 2 254.409 -250
1264 414.978 286.727 2 263.272 -250
1265 424.978 286.727 2 272.215 -250
1266 434.978 286.727 2 281.228 -250
1267 444.978 286.727 2 290.306 -250
1268 454.978 286.727 2 299.443 -250
1269 464.978 286.727 2 308.634 -250
1270 474.978 286.727 2 317.873 -115.152
1271 484.978 286.727 2 327.157 -108.985
1272 84.9784 296.727 2 160.279 -82.9463
1273 94.9784 296.727 2 154.525 -86.9628
1274 104.978 296.727 2 149.219 -81.2275
1275 114.978 296.727 2 144.412 -92.7594
1276 124.978 296.727 2 140.155 -106.71
1277 134.978 296.727 2 136.499 -250
1278 144.978 296.727 2 133.493 -250
1279 154.978 296.727 2 131.183 -250
1280 164.978 296.727 2 129.605 -250
1281 174.978 296.727 2 128.786 -81.9642
1282 184.978 296.727 2 128.741 -81.9418
1283 194.978 296.727 2 129.471 -83.2672
1284 204.978 296.727 2 130.963 -85.4095
1285 214.978 296.727 2 133.191 -81.6822
1286 224.978 296.727 2 136.118 -76.9365
1287 234.978 296.727 2 139.702 -91.111
1288 244.978 296.727 2 143.893 -250
1289 254.978 296.727 2 148.639 -250
1290 264.978 296.727 2 153.89 -250
1291 274.978 296.727 2 159.595 -87.834
1292 284.978 296.727 2 165.708 -89.7147
1293 294.978 296.727 2 172.185 -250
1294 304.978 296.727 2 178.986 -250
1295 314.978 296.727 2 186.077 -250
1296 324.978 296.727 2 193.425 -127.797
1297 334.978 296.727 2 201.001 -119.954
1298 344.978 296.727 2 208.782 -116.081
1299 354.978 296.727 2 216.745 -113.926
1300 364.978 296.727 2 224.871 -111.225
1301 374.978 296.727 2 233.143 -113.583
1302 384.978 296.727 2 241.545 -117.57
1303 394.978 296.727 2 250.065 -115.167
1304 404.978 296.727 2 258.691 -112.479
1305 414.978 296.727 2 267.412 -125.86
1306 424.978 296.727 2 276.221 -114.483
1307 434.978 296.727 2 285.108 -250
1308 444.978 296.727 2 294.066 -250
1309 454.978 296.727 2 303.09 -250
1310 464.978 296.727 2 312.173 -250
1311 474.978 296.727 2 321.31 -111.108
1312 484.978 296.727 2 330.498 -132.52
1313 84.9784 306.727 2 167.59 -84.875
1314 94.9784 306.727 2 162.096 -83.6609
1315 104.978 306.727 2 157.046 -81.0899
1316 114.978 306.727 2 152.486 -98.6848
1317 124.978 306.727 2 148.46 -96.7866
1318 134.978 306.727 2 145.014 -250
1319 144.978 306.727 2 142.188 -250
1320 154.978 306.727 2 140.021 -250
1321 164.978 306.727 2 138.544 -250
1322 174.978 306.727 2 137.778 -77.3982
1323 184.978 306.727 2 137.736 -82.5438
1324 194.978 306.727 2 138.419 -81.6496
1325 204.978 306.727 2 139.815 -83.9832
1326 214.978 306.727 2 141.904 -85.7811
1327 224.978 306.727 2 144.656 -79.3638
1328 234.978 306.727 2 148.033 -80.827
1329 244.978 306.727 2 151.994 -250
1330 254.978 306.727 2 156.495 -250
1331 264.978 306.727 2 161.491 -250
1332 274.978 306.727 2 166.936 -89.9293
1333 284.978 306.727 2 172.789 -91.2258
1334 294.978 306.727 2 179.01 -250
1335 304.978 306.727 2 185.562 -250
1336 314.978 306.727 2 192.41 -250
1337 324.978 306.727 2 199.525 -114.6
1338 334.978 306.727 2 206.878 -250
1339 344.978 306.727 2 214.446 -250
1340 354.978 306.727 2 222.206 -250
1341 364.978 306.727 2 230.139 -105.484
1342 374.978 306.727 2 238.228 -250
1343 384.978 306.727 2 246.457 -250
1344 394.978 306.727 2 254.813 -250
1345 404.978 306.727 2 263.283 -250
1346 414.978 306.727 2 271.857 -250
1347 424.978 306.727 2 280.526 -250
1348 434.978 306.727 2 289.281 -250
1349 444.978 306.727 2 298.114 -250
1350 454.978 306.727 2 307.018 -250
1351 464.978 306.727 2 315.989 -250
1352 474.978 306.727 2 325.019 -111.73
1353 484.978 306.727 2 334.104 -107.506
1354 84.9784 316.727 2 175.167 -82.7069
1355 94.9784 316.727 2 169.918 -84.4734
1356 104.978 316.727 2 165.108 -82.2119
1357 114.978 316.727 2 160.776 -96.8696
1358 124.978 316.727 2 156.963 -96.0462
1359 134.978 316.727 2 153.707 -250
1360 144.978 316.727 2 151.044 -250
1361 154.978 316.727 2 149.006 -250
1362 164.978 316.727 2 147.619 -250
1363 174.978 316.727 2 146.901 -79.5939
1364 184.978 316.727 2 146.862 -83.3656
1365 194.978 316.727 2 147.502 -81.2483
1366 204.978 316.727 2 148.813 -82.5087
1367 214.978 316.727 2 150.777 -83.5263
1368 224.978 316.727 2 153.37 -87.2767
1369 234.978 316.727 2 156.559 -79.453
1370 244.978 316.727 2 160.31 -250
1371 254.978 316.727 2 164.583 -250
1372 264.978 316.727 2 169.34 -250
1373 274.978 316.727 2 174.541 -93.9524
1374 284.978 316.727 2 180.148 -95.9854
1375 294.978 316.727 2 186.123 -250
1376 304.978 316.727 2 192.432 -250
1377 314.978 316.727 2 199.044 -250
1378 324.978 316.727 2 205.93 -122.651
1379 334.978 316.727 2 213.062 -250
1380 344.978 316.727 2 220.418 -250
1381 354.978 316.727 2 227.975 -250
1382 364.978 316.727 2 235.714 -104.682
1383 374.978 316.727 2 243.618 -250
1384 384.978 316.727 2 251.67 -250
1385 394.978 316.727 2 259.859 -250
1386 404.978 316.727 2 268.17 -250
1387 414.978 316.727 2 276.593 -250
1388 424.978 316.727 2 285.117 -250
1389 434.978 316.727 2 293.735 -250
1390 444.978 316.727 2 302.438 -250
1391 454.978 316.727 2 311.219 -250
1392 464.978 316.727 2 320.072 -250
1393 474.978 316.727 2 328.99 -119.183
1394 484.978 316.727 2 337.969 -110.149
1395 84.9784 326.727 2 182.977 -85.4572
1396 94.9784 326.727 2 177.958 -83.8099
1397 104.978 326.727 2 173.371 -83.3525
1398 114.978 326.727 2 169.251 -91.672
1399 124.978 326.727 2 165.634 -106.039
1400 134.978 326.727 2 162.551 -109.147
1401 144.978 326.727 2 160.036 -98.9626
1402 154.978 326.727 2 158.114 -101.28
1403 164.978 326.727 2 156.807 -113.638
1404 174.978 326.727 2 156.131 -81.1757
1405 184.978 326.727 2 156.094 -82.5781
1406 194.978 326.727 2 156.697 -81.5986
1407 204.978 326.727 2 157.931 -84.2943
1408 214.978 326.727 2 159.784 -82.4782
1409 224.978 326.727 2 162.232 -82.6135
1410 234.978 326.727 2 165.251 -84.7079
1411 244.978 326.727 2 168.808 -94.9284
1412 254.978 326.727 2 172.872 -98.0932
1413 264.978 326.727 2 177.407 -106.589
1414 274.978 326.727 2 182.378 -94.2802
1415 284.978 326.727 2 187.75 -105.897
1416 294.978 326.727 2 193.491 -95.4436
1417 304.978 326.727 2 199.567 -93.9174
1418 314.978 326.727 2 205.951 -110.929
1419 324.978 326.727 2 212.613 -109.731
1420 334.978 326.727 2 219.528 -109.83
1421 344.978 326.727 2 226.674 -103.303
1422 354.978 326.727 2 234.029 -102.644
1423 364.978 326.727 2 241.574 -94.0203
1424 374.978 326.727 2 249.292 -105.252
1425 384.978 326.727 2 257.167 -99.7862
1426 394.978 326.727 2 265.186 -98.6165
1427 404.978 326.727 2 273.335 -98.9872
1428 414.978 326.727 2 281.603 -98.9472
1429 424.978 326.727 2 289.981 -98.9441
1430 434.978 326.727 2 298.458 -94.3219
1431 444.978 326.727 2 307.028 -102.197
1432 454.978 326.727 2 315.681 -97.5331
1433 464.978 326.727 2 324.412 -98.0635
1434 474.978 326.727 2 333.214 -98.3182
1435 484.978 326.727 2 342.082 -111.206
1436 84.9784 336.727 2 190.991 -84.9775
1437 94.9784 336.727 2 186.188 -82.6178
1438 104.978 336.727 2 181.809 -86.3885
1439 114.978 336.727 2 177.885 -96.1437
1440 124.978 336.727 2 174.446 -107.863
1441 134.978 336.727 2 171.523 -103.61
1442 144.978 336.727 2 169.14 -102.351
1443 154.978 336.727 2 167.323 -105.513
1444 164.978 336.727 2 166.089 -104.422
1445 174.978 336.727 2 165.451 -86.902
1446 184.978 336.727 2 165.416 -87.4358
1447 194.978 336.727 2 165.985 -83.2409
1448 204.978 336.727 2 167.151 -88.0961
1449 214.978 336.727 2 168.902 -83.7086
1450 224.978 336.727 2 171.22 -82.6524
1451 234.978 336.727 2 174.083 -86.3607
1452 244.978 336.727 2 177.463 -83.7906
1453 254.978 336.727 2 181.333 -111.987
1454 264.978 336.727 2 185.662 -101.763
1455 274.978 336.727 2 190.417 -93.5799
1456 284.978 336.727 2 195.569 -105.46
1457 294.978 336.727 2 201.086 -91.3683
1458 304.978 336.727 2 206.94 -97.5909
1459 314.978 336.727 2 213.102 -113.298
1460 324.978 336.727 2 219.548 -112.503
1461 334.978 336.727 2 226.251 -123.217
1462 344.978 336.727 2 233.191 -103.005
1463 354.978 336.727 2 240.347 -102.042
1464 364.978 336.727 2 247.7 -104.448
1465 374.978 336.727 2 255.232 -95.6765
1466 384.978 336.727 2 262.93 -103.354
1467 394.978 336.727 2 270.778 -116.931
1468 404.978 336.727 2 278.763 -99.179
1469 414.978 336.727 2 286.875 -103.946
1470 424.978 336.727 2 295.103 -123.055
1471 434.978 336.727 2 303.438 -103.552
1472 444.978 336.727 2 311.87 -113.805
1473 454.978 336.727 2 320.393 -105.135
1474 464.978 336.727 2 328.998 -100.026
1475 474.978 336.727 2 337.681 -99.5061
1476 484.978 336.727 2 346.434 -99.6279
1477 84.9784 346.727 2 199.185 -85.3083
1478 94.9784 346.727 2 194.584 -84.8524
1479 104.978 346.727 2 190.398 -85.0483
1480 114.978 346.727 2 186.655 -250
1481 124.978 346.727 2 183.381 -250
1482 134.978 346.727 2 180.602 -250
1483 144.978 346.727 2 178.341 -250
1484 154.978 346.727 2 176.618 -250
1485 164.978 346.727 2 175.449 -250
1486 174.978 346.727 2 174.845 -250
1487 184.978 346.727 2 174.812 -84.7124
1488 194.978 346.727 2 175.351 -83.0389
1489 204.978 346.727 2 176.455 -85.6558
1490 214.978 346.727 2 178.115 -85.6223
1491 224.978 346.727 2 180.315 -82.2503
1492 234.978 346.727 2 183.035 -91.0592
1493 244.978 346.727 2 186.253 -250
1494 254.978 346.727 2 189.944 -250
1495 264.978 346.727 2 194.081 -250
1496 274.978 346.727 2 198.635 -99.2731
1497 284.978 346.727 2 203.579 -107.302
1498 294.978 346.727 2 208.884 -90.535
1499 304.978 346.727 2 214.525 -84.8406
1500 314.978 346.727 2 220.476 -99.2732
1501 324.978 346.727 2 226.712 -104.883
1502 334.978 346.727 2 233.209 -102.935
1503 344.978 346.727 2 239.948 -100.581
1504 354.978 346.727 2 246.908 -84.4264
1505 364.978 346.727 2 254.071 -91.7371
1506 374.978 346.727 2 261.42 -97.5057
1507 384.978 346.727 2 268.941 -250
1508 394.978 346.727 2 276.618 -250
1509 404.978 346.727 2 284.44 -250
1510 414.978 346.727 2 292.394 -250
1511 424.978 346.727 2 300.471 -250
1512 434.978 346.727 2 308.661 -250
1513 444.978 346.727 2 316.954 -114.259
1514 454.978 346.727 2 325.344 -250
1515 464.978 346.727 2 333.822 -250
1516 474.978 346.727 2 342.382 -109.509
1517 484.978 346.727 2 351.018 -110.649
1518 84.9784 356.727 2 207.537 -85.2395
1519 94.9784 356.727 2 203.126 -87.2359
1520 104.978 356.727 2 199.119 -250
1521 114.978 356.727 2 195.543 -250
1522 124.978 356.727 2 192.42 -250
1523 134.978 356.727 2 189.774 -250
1524 144.978 356.727 2 187.623 -250
1525 154.978 356.727 2 185.986 -250
1526 164.978 356.727 2 184.877 -250
1527 174.978 356.727 2 184.304 -250
1528 184.978 356.727 2 184.273 -86.6893
1529 194.978 356.727 2 184.783 -85.9805
1530 204.978 356.727 2 185.832 -83.6502
1531 214.978 356.727 2 187.408 -84.279
1532 224.978 356.727 2 189.5 -83.2112
1533 234.978 356.727 2 192.091 -84.0948
1534 244.978 356.727 2 195.16 -250
1535 254.978 356.727 2 198.685 -250
1536 264.978 356.727 2 202.643 -250
1537 274.978 356.727 2 207.009 -111.896
1538 284.978 356.727 2 211.758 -97.7994
1539 294.978 356.727 2 216.863 -99.5199
1540 304.978 356.727 2 222.302 -85.1643
1541 314.978 356.727 2 228.05 -88.3413
1542 324.978 356.727 2 234.084 -86.0706
1543 334.978 356.727 2 240.382 -88.464
1544 344.978 356.727 2 246.925 -90.2443
1545 354.978 356.727 2 253.694 -89.9881
1546 364.978 356.727 2 260.67 -85.958
1547 374.978 356.727 2 267.839 -83.1907
1548 384.978 356.727 2 275.184 -86.18
1549 394.978 356.727 2 282.692 -250
1550 404.978 356.727 2 290.35 -250
1551 414.978 356.727 2 298.147 -250
1552 424.978 356.727 2 306.072 -250
1553 434.978 356.727 2 314.115 -250
1554 444.978 356.727 2 322.268 -116.563
1555 454.978 356.727 2 330.523 -250
1556 464.978 356.727 2 338.872 -250
1557 474.978 356.727 2 347.307 -118.018
1558 484.978 356.727 2 355.824 -103.794
1559 84.9784 366.727 2 216.029 -86.5136
1560 94.9784 366.727 2 211.795 -84.6277
1561 104.978 366.727 2 207.956 -250
1562 114.978 366.727 2 204.534 -250
1563 124.978 366.727 2 201.55 -250
1564 134.978 366.727 2 199.025 -250
1565 144.978 366.727 2 196.976 -250
1566 154.978 366.727 2 195.417 -250
1567 164.978 366.727 2 194.362 -250
1568 174.978 366.727 2 193.817 -250
1569 184.978 366.727 2 193.787 -95.7888
1570 194.978 366.727 2 194.273 -250
1571 204.978 366.727 2 195.27 -250
1572 214.978 366.727 2 196.771 -250
1573 224.978 366.727 2 198.765 -250
1574 234.978 366.727 2 201.236 -250
1575 244.978 366.727 2 204.167 -250
1576 254.978 366.727 2 207.54 -250
1577 264.978 366.727 2 211.332 -250
1578 274.978 366.727 2 215.522 -111.504
1579 284.978 366.727 2 220.087 -108.427
1580 294.978 366.727 2 225.004 -85.9558
1581 304.978 366.727 2 230.25 -85.4513
1582 314.978 366.727 2 235.804 -89.7614
1583 324.978 366.727 2 241.645 -88.3703
1584 334.978 366.727 2 247.751 -84.5015
1585 344.978 366.727 2 254.105 -89.8039
1586 354.978 366.727 2 260.687 -89.1523
1587 364.978 366.727 2 267.481 -87.4603
1588 374.978 366.727 2 274.471 -88.5749
1589 384.978 366.727 2 281.644 -84.3487
1590 394.978 366.727 2 288.984 -250
1591 404.978 366.727 2 296.479 -250
1592 414.978 366.727 2 304.119 -250
1593 424.978 366.727 2 311.893 -250
1594 434.978 366.727 2 319.79 -250
1595 444.978 366.727 2 327.802 -129.082
1596 454.978 366.727 2 335.92 -250
1597 464.978 366.727 2 344.138 -250
1598 474.978 366.727 2 352.448 -108.674
1599 484.978 366.727 2 360.843 -105.37
1600 84.9784 376.727 2 224.646 -87.7699
1601 94.9784 376.727 2 220.577 -109.722
1602 104.978 376.727 2 216.893 -250
1603 114.978 376.727 2 213.614 -250
1604 124.978 376.727 2 210.759 -250
1605 134.978 376.727 2 208.346 -250
1606 144.978 376.727 2 206.389 -250
1607 154.978 376.727 2 204.902 -250
1608 164.978 376.727 2 203.896 -250
1609 174.978 376.727 2 203.376 -250
1610 184.978 376.727 2 203.348 -88.8747
1611 194.978 376.727 2 203.811 -250
1612 204.978 376.727 2 204.762 -250
1613 214.978 376.727 2 206.194 -250
1614 224.978 376.727 2 208.097 -250
1615 234.978 376.727 2 210.459 -250
1616 244.978 376.727 2 213.264 -250
1617 254.978 376.727 2 216.494 -250
1618 264.978 376.727 2 220.132 -250
1619 274.978 376.727 2 224.158 -110.319
1620 284.978 376.727 2 228.55 -98.2998
1621 294.978 376.727 2 233.289 -88.5153
1622 304.978 376.727 2 238.353 -88.2235
1623 314.978 376.727 2 243.723 -87.8172
1624 324.978 376.727 2 249.378 -89.1313
1625 334.978 376.727 2 255.299 -90.0559
1626 344.978 376.727 2 261.469 -89.439
1627 354.978 376.727 2 267.871 -94.6784
1628 364.978 376.727 2 274.487 -92.2428
1629 374.978 376.727 2 281.303 -87.2074
1630 384.978 376.727 2 288.306 -250
1631 394.978 376.727 2 295.48 -250
1632 404.978 376.727 2 302.815 -250
1633 414.978 376.727 2 310.299 -250
1634 424.978 376.727 2 317.921 -250
1635 434.978 376.727 2 325.672 -250
1636 444.978 376.727 2 333.543 -250
1637 454.978 376.727 2 341.525 -250
1638 464.978 376.727 2 349.611 -250
1639 474.978 376.727 2 357.794 -105.746
1640 484.978 376.727 2 366.067 -99.9798
1641 84.9784 386.727 2 233.372 -86.0745
1642 94.9784 386.727 2 229.458 -114.997
1643 104.978 386.727 2 225.919 -114.283
1644 114.978 386.727 2 222.774 -250
1645 124.978 386.727 2 220.038 -250
1646 134.978 386.727 2 217.727 -250
1647 144.978 386.727 2 215.855 -250
1648 154.978 386.727 2 214.434 -250
1649 164.978 386.727 2 213.473 -250
1650 174.978 386.727 2 212.977 -250
1651 184.978 386.727 2 212.949 -87.9199
1652 194.978 386.727 2 213.392 -250
1653 204.978 386.727 2 214.3 -250
1654 214.978 386.727 2 215.669 -250
1655 224.978 386.727 2 217.489 -250
1656 234.978 386.727 2 219.75 -250
1657 244.978 386.727 2 222.437 -250
1658 254.978 386.727 2 225.537 -250
1659 264.978 386.727 2 229.031 -250
1660 274.978 386.727 2 232.903 -97.2814
1661 284.978 386.727 2 237.134 -99.3605
1662 294.978 386.727 2 241.704 -87.7748
1663 304.978 386.727 2 246.595 -87.6848
1664 314.978 386.727 2 251.789 -88.8171
1665 324.978 386.727 2 257.267 -86.5025
1666 334.978 386.727 2 263.011 -89.8527
1667 344.978 386.727 2 269.004 -86.4769
1668 354.978 386.727 2 275.23 -87.3721
1669 364.978 386.727 2 281.674 -87.6259
1670 374.978 386.727 2 288.32 -84.7646
1671 384.978 386.727 2 295.156 -250
1672 394.978 386.727 2 302.168 -250
1673 404.978 386.727 2 309.345 -250
1674 414.978 386.727 2 316.674 -250
1675 424.978 386.727 2 324.147 -250
1676 434.978 386.727 2 331.752 -250
1677 444.978 386.727 2 339.482 -250
1678 454.978 386.727 2 347.328 -250
1679 464.978 386.727 2 355.282 -250
1680 474.978 386.727 2 363.337 -102.481
1681 484.978 386.727 2 371.486 -102.882
1682 84.9784 396.727 2 242.198 -103.742
1683 94.9784 396.727 2 238.429 -119.262
1684 104.978 396.727 2 235.025 -131.73
1685 114.978 396.727 2 232.002 -125.896
1686 124.978 396.727 2 229.377 -129.246
1687 134.978 396.727 2 227.161 -129.844
1688 144.978 396.727 2 225.368 -118.769
1689 154.978 396.727 2 224.007 -95.5109
1690 164.978 396.727 2 223.086 -108.17
1691 174.978 396.727 2 222.612 -123.887
1692 184.978 396.727 2 222.586 -95.88
1693 194.978 396.727 2 223.009 -99.7253
1694 204.978 396.727 2 223.878 -92.0812
1695 214.978 396.727 2 225.189 -99.1919
1696 224.978 396.727 2 226.933 -93.5135
1697 234.978 396.727 2 229.1 -88.3256
1698 244.978 396.727 2 231.679 -250
1699 254.978 396.727 2 234.657 -250
1700 264.978 396.727 2 238.018 -250
1701 274.978 396.727 2 241.745 -95.8793
1702 284.978 396.727 2 245.824 -104.061
1703 294.978 396.727 2 250.235 -86.7461
1704 304.978 396.727 2 254.963 -89.0367
1705 314.978 396.727 2 259.99 -85.7218
1706 324.978 396.727 2 265.298 -85.3503
1707 334.978 396.727 2 270.872 -88.6657
1708 344.978 396.727 2 276.695 -89.3458
1709 354.978 396.727 2 282.752 -85.3412
1710 364.978 396.727 2 289.028 -85.0798
1711 374.978 396.727 2 295.509 -93.703
1712 384.978 396.727 2 302.182 -250
1713 394.978 396.727 2 309.035 -250
1714 404.978 396.727 2 316.056 -250
1715 414.978 396.727 2 323.233 -250
1716 424.978 396.727 2 330.557 -250
1717 434.978 396.727 2 338.019 -250
1718 444.978 396.727 2 345.608 -250
1719 454.978 396.727 2 353.318 -250
1720 464.978 396.727 2 361.14 -250
1721 474.978 396.727 2 369.067 -99.3508
1722 484.978 396.727 2 377.093 -107.791
1723 84.9784 406.727 2 251.111 -104.503
1724 94.9784 406.727 2 247.478 -108.779
1725 104.978 406.727 2 244.2 -124.162
1726 114.978 406.727 2 241.293 -115.844
1727 124.978 406.727 2 238.769 -124.034
1728 134.978 406.727 2 236.641 -114.254
1729 144.978 406.727 2 234.92 -122.518
1730 154.978 406.727 2 233.615 -94.9711
1731 164.978 406.727 2 232.733 -107.476
1732 174.978 406.727 2 232.278 -112.005
1733 184.978 406.727 2 232.253 -90.2762
1734 194.978 406.727 2 232.659 -98.3749
1735 204.978 406.727 2 233.492 -98.5064
1736 214.978 406.727 2 234.749 -107.728
1737 224.978 406.727 2 236.422 -104.044
1738 234.978 406.727 2 238.504 -88.7154
1739 244.978 406.727 2 240.982 -95.4784
1740 254.978 406.727 2 243.846 -109.99
1741 264.978 406.727 2 247.082 -99.3636
1742 274.978 406.727 2 250.675 -107.773
1743 284.978 406.727 2 254.61 -104.777
1744 294.978 406.727 2 258.872 -88.0624
1745 304.978 406.727 2 263.445 -89.1353
1746 314.978 406.727 2 268.313 -90.3978
1747 324.978 406.727 2 273.46 -86.0628
1748 334.978 406.727 2 278.87 -93.2599
1749 344.978 406.727 2 284.53 -86.8845
1750 354.978 406.727 2 290.423 -94.4871
1751 364.978 406.727 2 296.537 -90.104
1752 374.978 406.727 2 302.858 -88.3546
1753 384.978 406.727 2 309.372 -95.7031
1754 394.978 406.727 2 316.069 -93.4161
1755 404.978 406.727 2 322.937 -102.571
1756 414.978 406.727 2 329.965 -96.4448
1757 424.978 406.727 2 337.143 -93.2236
1758 434.978 406.727 2 344.461 -94.4202
1759 444.978 406.727 2 351.912 -96.304
1760 454.978 406.727 2 359.486 -100.242
1761 464.978 406.727 2 367.177 -108.816
1762 474.978 406.727 2 374.977 -101.393
1763 484.978 406.727 2 382.879 -100.182
1764 84.9784 416.727 2 260.103 -113.541
1765 94.9784 416.727 2 256.597 -113.615
1766 104.978 416.727 2 253.438 -117.187
1767 114.978 416.727 2 250.637 -250
1768 124.978 416.727 2 248.209 -250
1769 134.978 416.727 2 246.163 -250
1770 144.978 416.727 2 244.509 -250
1771 154.978 416.727 2 243.255 -98.4512
1772 164.978 416.727 2 242.408 -113.559
1773 174.978 416.727 2 241.971 -110.989
1774 184.978 416.727 2 241.947 -85.3443
1775 194.978 416.727 2 242.337 -98.5525
1776 204.978 416.727 2 243.137 -99.7111
1777 214.978 416.727 2 244.344 -102.313
1778 224.978 416.727 2 245.952 -107.975
1779 234.978 416.727 2 247.954 -87.8258
1780 244.978 416.727 2 250.339 -96.9398
1781 254.978 416.727 2 253.097 -105.536
1782 264.978 416.727 2 256.216 -105.162
1783 274.978 416.727 2 259.682 -104.02
1784 284.978 416.727 2 263.483 -105.685
1785 294.978 416.727 2 267.604 -87.5977
1786 304.978 416.727 2 272.03 -94.3868
1787 314.978 416.727 2 276.747 -89.5342
1788 324.978 416.727 2 281.74 -87.3459
1789 334.978 416.727 2 286.994 -85.063
1790 344.978 416.727 2 292.497 -87.0665
1791 354.978 416.727 2 298.233 -83.8196
1792 364.978 416.727 2 304.189 -92.8204
1793 374.978 416.727 2 310.354 -90.665
1794 384.978 416.727 2 316.715 -88.5053
1795 394.978 416.727 2 323.259 -117.096
1796 404.978 416.727 2 329.977 -97.5008
1797 414.978 416.727 2 336.858 -105.498
1798 424.978 416.727 2 343.893 -104.05
1799 434.978 416.727 2 351.071 -106.997
1800 444.978 416.727 2 358.384 -107.629
1801 454.978 416.727 2 365.824 -96.2392
1802 464.978 416.727 2 373.385 -104.877
1803 474.978 416.727 2 381.057 -99.9068
1804 484.978 416.727 2 388.835 -102.961
1805 84.9784 426.727 2 269.167 -126.888
1806 94.9784 426.727 2 265.78 -113.369
1807 104.978 426.727 2 262.731 -119.435
1808 114.978 426.727 2 260.031 -250
1809 124.978 426.727 2 257.691 -250
1810 134.978 426.727 2 255.721 -250
1811 144.978 426.727 2 254.129 -250
1812 154.978 426.727 2 252.923 -111.388
1813 164.978 426.727 2 252.108 -250
1814 174.978 426.727 2 251.688 -250
1815 184.978 426.727 2 251.666 -250
1816 194.978 426.727 2 252.04 -250
1817 204.978 426.727 2 252.809 -250
1818 214.978 426.727 2 253.97 -250
1819 224.978 426.727 2 255.518 -98.7488
1820 234.978 426.727 2 257.445 -250
1821 244.978 426.727 2 259.743 -250
1822 254.978 426.727 2 262.402 -250
1823 264.978 426.727 2 265.412 -250
1824 274.978 426.727 2 268.76 -100.081
1825 284.978 426.727 2 272.434 -105.158
1826 294.978 426.727 2 276.422 -87.1894
1827 304.978 426.727 2 280.709 -250
1828 314.978 426.727 2 285.282 -250
1829 324.978 426.727 2 290.128 -250
1830 334.978 426.727 2 295.233 -250
1831 344.978 426.727 2 300.585 -250
1832 354.978 426.727 2 306.169 -250
1833 364.978 426.727 2 311.975 -250
1834 374.978 426.727 2 317.989 -250
1835 384.978 426.727 2 324.199 -250
1836 394.978 426.727 2 330.596 -250
1837 404.978 426.727 2 337.168 -250
1838 414.978 426.727 2 343.905 -250
1839 424.978 426.727 2 350.798 -250
1840 434.978 426.727 2 357.837 -250
1841 444.978 426.727 2 365.015 -250
1842 454.978 426.727 2 372.323 -250
1843 464.978 426.727 2 379.754 -115.555
1844 474.978 426.727 2 387.3 -103.845
1845 484.978 426.727 2 394.956 -250
1846 84.9784 436.727 2 278.294 -103.252
1847 94.9784 436.727 2 275.02 -114.994
1848 104.978 436.727 2 272.075 -122.219
1849 114.978 436.727 2 269.468 -250
1850 124.978 436.727 2 267.211 -250
1851 134.978 436.727 2 265.311 -250
1852 144.978 436.727 2 263.778 -250
1853 154.978 436.727 2 262.616 -107.435
1854 164.978 436.727 2 261.831 -250
1855 174.978 436.727 2 261.427 -250
1856 184.978 436.727 2 261.405 -250
1857 194.978 436.727 2 261.765 -250
1858 204.978 436.727 2 262.506 -250
1859 214.978 436.727 2 263.625 -250
1860 224.978 436.727 2 265.116 -92.9506
1861 234.978 436.727 2 266.974 -250
1862 244.978 436.727 2 269.19 -250
1863 254.978 436.727 2 271.757 -250
1864 264.978 436.727 2 274.664 -250
1865 274.978 436.727 2 277.901 -109.786
1866 284.978 436.727 2 281.456 -100.639
1867 294.978 436.727 2 285.317 -85.212
1868 304.978 436.727 2 289.473 -250
1869 314.978 436.727 2 293.91 -250
1870 324.978 436.727 2 298.616 -250
1871 334.978 436.727 2 303.578 -250
1872 344.978 436.727 2 308.785 -250
1873 354.978 436.727 2 314.224 -250
1874 364.978 436.727 2 319.883 -250
1875 374.978 436.727 2 325.751 -250
1876 384.978 436.727 2 331.817 -250
1877 394.978 436.727 2 338.069 -250
1878 404.978 436.727 2 344.498 -250
1879 414.978 436.727 2 351.095 -250
1880 424.978 436.727 2 357.849 -250
1881 434.978 436.727 2 364.753 -250
1882 444.978 436.727 2 371.797 -250
1883 454.978 436.727 2 378.974 -250
1884 464.978 436.727 2 386.277 -107.253
1885 474.978 436.727 2 393.699 -104.967
1886 484.978 436.727 2 401.232 -250
1887 84.9784 446.727 2 287.48 -101.569
1888 94.9784 446.727 2 284.312 -119.989
1889 104.978 446.727 2 281.464 -115.765
1890 114.978 446.727 2 278.945 -250
1891 124.978 446.727 2 276.765 -250
1892 134.978 446.727 2 274.931 -250
1893 144.978 446.727 2 273.451 -250
1894 154.978 446.727 2 272.331 -116.892
1895 164.978 446.727 2 271.574 -250
1896 174.978 446.727 2 271.185 -250
1897 184.978 446.727 2 271.163 -250
1898 194.978 446.727 2 271.511 -250
1899 204.978 446.727 2 272.225 -250
1900 214.978 446.727 2 273.304 -250
1901 224.978 446.727 2 274.743 -91.4336
1902 234.978 446.727 2 276.536 -250
1903 244.978 446.727 2 278.676 -250
1904 254.978 446.727 2 281.156 -250
1905 264.978 446.727 2 283.967 -250
1906 274.978 446.727 2 287.099 -107.112
1907 284.978 446.727 2 290.542 -92.9478
1908 294.978 446.727 2 294.284 -94.746
1909 304.978 446.727 2 298.314 -250
1910 314.978 446.727 2 302.622 -250
1911 324.978 446.727 2 307.194 -250
1912 334.978 446.727 2 312.021 -250
1913 344.978 446.727 2 317.089 -250
1914 354.978 446.727 2 322.388 -250
1915 364.978 446.727 2 327.906 -250
1916 374.978 446.727 2 333.633 -250
1917 384.978 446.727 2 339.557 -250
1918 394.978 446.727 2 345.67 -250
1919 404.978 446.727 2 351.961 -250
1920 414.978 446.727 2 358.42 -250
1921 424.978 446.727 2 365.039 -250
1922 434.978 446.727 2 371.809 -250
1923 444.978 446.727 2 378.722 -250
1924 454.978 446.727 2 385.77 -250
1925 464.978 446.727 2 392.947 -98.2555
1926 474.978 446.727 2 400.244 -99.818
1927 484.978 446.727 2 407.657 -250
1928 84.9784 456.727 2 296.718 -114.902
1929 94.9784 456.727 2 293.65 -105.925
1930 104.978 456.727 2 290.893 -120.875
1931 114.978 456.727 2 288.457 -250
1932 124.978 456.727 2 286.349 -250
1933 134.978 456.727 2 284.577 -250
1934 144.978 456.727 2 283.148 -250
1935 154.978 456.727 2 282.066 -107.737
1936 164.978 456.727 2 281.335 -250
1937 174.978 456.727 2 280.959 -250
1938 184.978 456.727 2 280.939 -250
1939 194.978 456.727 2 281.274 -250
1940 204.978 456.727 2 281.964 -250
1941 214.978 456.727 2 283.005 -250
1942 224.978 456.727 2 284.395 -115.701
1943 234.978 456.727 2 286.128 -250
1944 244.978 456.727 2 288.197 -250
1945 254.978 456.727 2 290.596 -250
1946 264.978 456.727 2 293.316 -250
1947 274.978 456.727 2 296.349 -105.622
1948 284.978 456.727 2 299.686 -98.5203
1949 294.978 456.727 2 303.315 -85.7476
1950 304.978 456.727 2 307.227 -250
1951 314.978 456.727 2 311.411 -250
1952 324.978 456.727 2 315.857 -250
1953 334.978 456.727 2 320.552 -250
1954 344.978 456.727 2 325.488 -250
1955 354.978 456.727 2 330.652 -250
1956 364.978 456.727 2 336.035 -250
1957 374.978 456.727 2 341.625 -250
1958 384.978 456.727 2 347.414 -250
1959 394.978 456.727 2 353.39 -250
1960 404.978 456.727 2 359.546 -250
1961 414.978 456.727 2 365.871 -250
1962 424.978 456.727 2 372.358 -250
1963 434.978 456.727 2 378.997 -250
1964 444.978 456.727 2 385.781 -250
1965 454.978 456.727 2 392.703 -250
1966 464.978 456.727 2 399.755 -100.537
1967 474.978 456.727 2 406.931 -105.121
1968 484.978 456.727 2 414.223 -250
1969 84.9784 466.727 2 306.005 -105.65
1970 94.9784 466.727 2 303.03 -105.472
1971 104.978 466.727 2 300.359 -133.073
1972 114.978 466.727 2 298 -250
1973 124.978 466.727 2 295.961 -250
1974 134.978 466.727 2 294.247 -250
1975 144.978 466.727 2 292.865 -250
1976 154.978 466.727 2 291.819 -92.9468
1977 164.978 466.727 2 291.113 -250
1978 174.978 466.727 2 290.749 -250
1979 184.978 466.727 2 290.729 -250
1980 194.978 466.727 2 291.053 -250
1981 204.978 466.727 2 291.72 -250
1982 214.978 466.727 2 292.727 -250
1983 224.978 466.727 2 294.071 -95.0578
1984 234.978 466.727 2 295.747 -250
1985 244.978 466.727 2 297.749 -250
1986 254.978 466.727 2 300.072 -250
1987 264.978 466.727 2 302.707 -250
1988 274.978 466.727 2 305.647 -98.2085
1989 284.978 466.727 2 308.883 -94.1639
1990 294.978 466.727 2 312.405 -91.8003
1991 304.978 466.727 2 316.205 -250
1992 314.978 466.727 2 320.272 -250
1993 324.978 466.727 2 324.596 -250
1994 334.978 466.727 2 329.167 -250
1995 344.978 466.727 2 333.975 -250
1996 354.978 466.727 2 339.01 -250
1997 364.978 466.727 2 344.262 -250
1998 374.978 466.727 2 349.721 -250
1999 384.978 466.727 2 355.378 -250
2000 394.978 466.727 2 361.223 -250
2001 404.978 466.727 2 367.247 -250
2002 414.978 466.727 2 373.442 -250
2003 424.978 466.727 2 379.799 -250
2004 434.978 466.727 2 386.31 -250
2005 444.978 466.727 2 392.968 -250
2006 454.978 466.727 2 399.766 -250
2007 464.978 466.727 2 406.695 -120.143
2008 474.978 466.727 2 413.751 -127.361
2009 484.978 466.727 2 420.925 -250
2010 84.9784 476.727 2 315.334 -100.468
2011 94.9784 476.727 2 312.449 -104.849
2012 104.978 476.727 2 309.859 -132.568
2013 114.978 476.727 2 307.573 -129.056
2014 124.978 476.727 2 305.597 -132.86
2015 134.978 476.727 2 303.938 -119.786
2016 144.978 476.727 2 302.6 -105.532
2017 154.978 476.727 2 301.588 -93.4894
2018 164.978 476.727 2 300.905 -113.252
2019 174.978 476.727 2 300.553 -128.741
2020 184.978 476.727 2 300.534 -135.898
2021 194.978 476.727 2 300.847 -133.149
2022 204.978 476.727 2 301.492 -125.074
2023 214.978 476.727 2 302.467 -126.02
2024 224.978 476.727 2 303.767 -90.7944
2025 234.978 476.727 2 305.39 -96.0709
2026 244.978 476.727 2 307.33 -101.193
2027 254.978 476.727 2 309.58 -103.626
2028 264.978 476.727 2 312.135 -121.408
2029 274.978 476.727 2 314.987 -93.8699
2030 284.978 476.727 2 318.128 -94.5424
2031 294.978 476.727 2 321.549 -88.6053
2032 304.978 476.727 2 325.242 -250
2033 314.978 476.727 2 329.197 -250
2034 324.978 476.727 2 333.406 -250
2035 334.978 476.727 2 337.858 -250
2036 344.978 476.727 2 342.544 -250
2037 354.978 476.727 2 347.455 -250
2038 364.978 476.727 2 352.581 -250
2039 374.978 476.727 2 357.913 -250
2040 384.978 476.727 2 363.442 -250
2041 394.978 476.727 2 369.16 -250
2042 404.978 476.727 2 375.056 -250
2043 414.978 476.727 2 381.124 -250
2044 424.978 476.727 2 387.355 -250
2045 434.978 476.727 2 393.742 -250
2046 444.978 476.727 2 400.276 -250
2047 454.978 476.727 2 406.952 -250
2048 464.978 476.727 2 413.761 -113.088
2049 474.978 476.727 2 420.698 -109.829
2050 484.978 476.727 2 427.756 -250
2051 84.9784 486.727 2 324.704 -99.6428
2052 94.9784 486.727 2 321.903 -123.192
2053 104.978 486.727 2 319.39 -117.103
2054 114.978 486.727 2 317.172 -123.205
2055 124.978 486.727 2 315.257 -126.571
2056 134.978 486.727 2 313.648 -121.631
2057 144.978 486.727 2 312.352 -102.717
2058 154.978 486.727 2 311.372 -107.75
2059 164.978 486.727 2 310.71 -111.945
2060 174.978 486.727 2 310.369 -138.051
2061 184.978 486.727 2 310.351 -137.337
2062 194.978 486.727 2 310.654 -127.438
2063 204.978 486.727 2 311.279 -129.38
2064 214.978 486.727 2 312.223 -131.504
2065 224.978 486.727 2 313.483 -92.0916
2066 234.978 486.727 2 315.056 -89.763
2067 244.978 486.727 2 316.936 -106.297
2068 254.978 486.727 2 319.119 -106.709
2069 264.978 486.727 2 321.598 -94.1432
2070 274.978 486.727 2 324.367 -93.738
2071 284.978 486.727 2 327.418 -94.2467
2072 294.978 486.727 2 330.743 -92.589
2073 304.978 486.727 2 334.334 -107.272
2074 314.978 486.727 2 338.183 -107.356
2075 324.978 486.727 2 342.281 -113.605
2076 334.978 486.727 2 346.619 -120.264
2077 344.978 486.727 2 351.189 -134.18
2078 354.978 486.727 2 355.98 -131.812
2079 364.978 486.727 2 360.985 -133.58
2080 374.978 486.727 2 366.195 -142.755
2081 384.978 486.727 2 371.601 -135.872
2082 394.978 486.727 2 377.195 -155.261
2083 404.978 486.727 2 382.968 -142.856
2084 414.978 486.727 2 388.912 -144.162
2085 424.978 486.727 2 395.021 -151.323
2086 434.978 486.727 2 401.285 -149.257
2087 444.978 486.727 2 407.699 -141.704
2088 454.978 486.727 2 414.254 -154.327
2089 464.978 486.727 2 420.946 -113.702
2090 474.978 486.727 2 427.766 -124.413
2091 484.978 486.727 2 434.709 -124.327
2092 84.9784 496.727 2 334.111 -97.6901
2093 94.9784 496.727 2 331.389 -113.565
2094 104.978 496.727 2 328.948 -250
2095 114.978 496.727 2 326.796 -250
2096 124.978 496.727 2 324.937 -250
2097 134.978 496.727 2 323.376 -250
2098 144.978 496.727 2 322.119 -250
2099 154.978 496.727 2 321.169 -250
2100 164.978 496.727 2 320.527 -250
2101 174.978 496.727 2 320.197 -250
2102 184.978 496.727 2 320.179 -250
2103 194.978 496.727 2 320.473 -250
2104 204.978 496.727 2 321.079 -129.238
2105 214.978 496.727 2 321.994 -118.264
2106 224.978 496.727 2 323.216 -92.0126
2107 234.978 496.727 2 324.742 -250
2108 244.978 496.727 2 326.566 -250
2109 254.978 496.727 2 328.685 -250
2110 264.978 496.727 2 331.093 -250
2111 274.978 496.727 2 333.783 -93.0548
2112 284.978 496.727 2 336.748 -92.4269
2113 294.978 496.727 2 339.982 -103.129
2114 304.978 496.727 2 343.477 -86.5653
2115 314.978 496.727 2 347.225 -109.425
2116 324.978 496.727 2 351.217 -120.476
2117 334.978 496.727 2 355.446 -116.91
2118 344.978 496.727 2 359.903 -130.035
2119 354.978 496.727 2 364.58 -135.813
2120 364.978 496.727 2 369.469 -143.928
2121 374.978 496.727 2 374.561 -136.185
2122 384.978 496.727 2 379.848 -138.893
2123 394.978 496.727 2 385.322 -153.018
2124 404.978 496.727 2 390.975 -139.034
2125 414.978 496.727 2 396.799 -137.651
2126 424.978 496.727 2 402.788 -147.249
2127 434.978 496.727 2 408.934 -144.862
2128 444.978 496.727 2 415.229 -142.273
2129 454.978 496.727 2 421.668 -114.719
2130 464.978 496.727 2 428.243 -121.749
2131 474.978 496.727 2 434.949 -132.351
2132 484.978 496.727 2 441.78 -121.143
2133 84.9784 506.727 2 343.55 -95.5975
2134 94.9784 506.727 2 340.904 -109.169
2135 104.978 506.727 2 338.532 -250
2136 114.978 506.727 2 336.441 -250
2137 124.978 506.727 2 334.635 -250
2138 134.978 506.727 2 333.121 -250
2139 144.978 506.727 2 331.9 -250
2140 154.978 506.727 2 330.978 -250
2141 164.978 506.727 2 330.355 -250
2142 174.978 506.727 2 330.035 -250
2143 184.978 506.727 2 330.018 -250
2144 194.978 506.727 2 330.303 -250
2145 204.978 506.727 2 330.891 -127.383
2146 214.978 506.727 2 331.779 -101.967
2147 224.978 506.727 2 332.965 -91.4071
2148 234.978 506.727 2 334.446 -250
2149 244.978 506.727 2 336.218 -250
2150 254.978 506.727 2 338.277 -250
2151 264.978 506.727 2 340.616 -250
2152 274.978 506.727 2 343.232 -94.833
2153 284.978 506.727 2 346.116 -92.0431
2154 294.978 506.727 2 349.264 -250
2155 304.978 506.727 2 352.666 -250
2156 314.978 506.727 2 356.317 -250
2157 324.978 506.727 2 360.209 -250
2158 334.978 506.727 2 364.334 -250
2159 344.978 506.727 2 368.683 -250
2160 354.978 506.727 2 373.25 -250
2161 364.978 506.727 2 378.027 -250
2162 374.978 506.727 2 383.005 -250
2163 384.978 506.727 2 388.177 -250
2164 394.978 506.727 2 393.535 -250
2165 404.978 506.727 2 399.072 -250
2166 414.978 506.727 2 404.78 -250
2167 424.978 506.727 2 410.652 -165.131
2168 434.978 506.727 2 416.682 -110.417
2169 444.978 506.727 2 422.862 -110.549
2170 454.978 506.727 2 429.186 -121.188
2171 464.978 506.727 2 435.648 -141.579
2172 474.978 506.727 2 442.242 -121.035
2173 484.978 506.727 2 448.961 -250
2174 84.9784 516.727 2 353.021 -96.867
2175 94.9784 516.727 2 350.446 -111.586
2176 104.978 516.727 2 348.139 -250
2177 114.978 516.727 2 346.106 -250
2178 124.978 516.727 2 344.351 -250
2179 134.978 516.727 2 342.879 -250
2180 144.978 516.727 2 341.694 -250
2181 154.978 516.727 2 340.798 -250
2182 164.978 516.727 2 340.194 -250
2183 174.978 516.727 2 339.883 -250
2184 184.978 516.727 2 339.866 -250
2185 194.978 516.727 2 340.143 -250
2186 204.978 516.727 2 340.713 -120.367
2187 214.978 516.727 2 341.576 -98.1493
2188 224.978 516.727 2 342.728 -90.9694
2189 234.978 516.727 2 344.167 -250
2190 244.978 516.727 2 345.89 -250
2191 254.978 516.727 2 347.891 -250
2192 264.978 516.727 2 350.166 -250
2193 274.978 516.727 2 352.711 -92.076
2194 284.978 516.727 2 355.519 -113.471
2195 294.978 516.727 2 358.583 -250
2196 304.978 516.727 2 361.898 -250
2197 314.978 516.727 2 365.457 -250
2198 324.978 516.727 2 369.253 -250
2199 334.978 516.727 2 373.277 -250
2200 344.978 516.727 2 377.524 -250
2201 354.978 516.727 2 381.985 -250
2202 364.978 516.727 2 386.654 -250
2203 374.978 516.727 2 391.523 -250
2204 384.978 516.727 2 396.583 -250
2205 394.978 516.727 2 401.829 -250
2206 404.978 516.727 2 407.253 -250
2207 414.978 516.727 2 412.848 -250
2208 424.978 516.727 2 418.608 -110.361
2209 434.978 516.727 2 424.524 -109.382
2210 444.978 516.727 2 430.592 -122.051
2211 454.978 516.727 2 436.804 -140.38
2212 464.978 516.727 2 443.155 -122.036
2213 474.978 516.727 2 449.638 -133.002
2214 484.978 516.727 2 456.249 -250
2215 84.9784 526.727 2 362.52 -103.932
2216 94.9784 526.727 2 360.013 -121.84
2217 104.978 526.727 2 357.768 -250
2218 114.978 526.727 2 355.79 -250
2219 124.978 526.727 2 354.083 -250
2220 134.978 526.727 2 352.652 -250
2221 144.978 526.727 2 351.499 -250
2222 154.978 526.727 2 350.628 -250
2223 164.978 526.727 2 350.041 -250
2224 174.978 526.727 2 349.739 -250
2225 184.978 526.727 2 349.722 -250
2226 194.978 526.727 2 349.992 -250
2227 204.978 526.727 2 350.546 -127.106
2228 214.978 526.727 2 351.385 -93.5896
2229 224.978 526.727 2 352.505 -95.3053
2230 234.978 526.727 2 353.904 -250
2231 244.978 526.727 2 355.579 -250
2232 254.978 526.727 2 357.526 -250
2233 264.978 526.727 2 359.741 -250
2234 274.978 526.727 2 362.218 -96.1353
2235 284.978 526.727 2 364.953 -116.282
2236 294.978 526.727 2 367.939 -250
2237 304.978 526.727 2 371.17 -250
2238 314.978 526.727 2 374.641 -250
2239 324.978 526.727 2 378.344 -250
2240 334.978 526.727 2 382.273 -250
2241 344.978 526.727 2 386.421 -250
2242 354.978 526.727 2 390.781 -250
2243 364.978 526.727 2 395.346 -250
2244 374.978 526.727 2 400.109 -250
2245 384.978 526.727 2 405.062 -250
2246 394.978 526.727 2 410.2 -250
2247 404.978 526.727 2 415.515 -250
2248 414.978 526.727 2 421 -250
2249 424.978 526.727 2 426.649 -110.133
2250 434.978 526.727 2 432.456 -124.465
2251 444.978 526.727 2 438.413 -130.473
2252 454.978 526.727 2 444.516 -124.571
2253 464.978 526.727 2 450.759 -137.263
2254 474.978 526.727 2 457.134 -134.044
2255 484.978 526.727 2 463.638 -250
2256 84.9784 536.727 2 372.046 -105.928
2257 94.9784 536.727 2 369.603 -115.556
2258 104.978 536.727 2 367.417 -250
2259 114.978 536.727 2 365.491 -250
2260 124.978 536.727 2 363.829 -250
2261 134.978 536.727 2 362.437 -250
2262 144.978 536.727 2 361.315 -250
2263 154.978 536.727 2 360.468 -250
2264 164.978 536.727 2 359.897 -250
2265 174.978 536.727 2 359.603 -250
2266 184.978 536.727 2 359.587 -250
2267 194.978 536.727 2 359.849 -250
2268 204.978 536.727 2 360.388 -106.551
2269 214.978 536.727 2 361.204 -91.9234
2270 224.978 536.727 2 362.294 -103.192
2271 234.978 536.727 2 363.655 -250
2272 244.978 536.727 2 365.286 -250
2273 254.978 536.727 2 367.181 -250
2274 264.978 536.727 2 369.338 -250
2275 274.978 536.727 2 371.751 -97.244
2276 284.978 536.727 2 374.416 -99.1506
2277 294.978 536.727 2 377.328 -250
2278 304.978 536.727 2 380.479 -250
2279 314.978 536.727 2 383.866 -250
2280 324.978 536.727 2 387.481 -250
2281 334.978 536.727 2 391.318 -250
2282 344.978 536.727 2 395.371 -250
2283 354.978 536.727 2 399.634 -250
2284 364.978 536.727 2 404.098 -250
2285 374.978 536.727 2 408.759 -250
2286 384.978 536.727 2 413.609 -250
2287 394.978 536.727 2 418.642 -250
2288 404.978 536.727 2 423.851 -250
2289 414.978 536.727 2 429.229 -250
2290 424.978 536.727 2 434.772 -123.056
2291 434.978 536.727 2 440.471 -114.014
2292 444.978 536.727 2 446.322 -130.931
2293 454.978 536.727 2 452.318 -140.525
2294 464.978 536.727 2 458.454 -134.533
2295 474.978 536.727 2 464.724 -137.113
2296 484.978 536.727 2 471.123 -250
2297 84.9784 546.727 2 381.595 -105.451
2298 94.9784 546.727 2 379.214 -136.277
2299 104.978 546.727 2 377.083 -250
2300 114.978 546.727 2 375.207 -250
2301 124.978 546.727 2 373.589 -250
2302 134.978 546.727 2 372.233 -250
2303 144.978 546.727 2 371.141 -250
2304 154.978 546.727 2 370.317 -250
2305 164.978 546.727 2 369.76 -250
2306 174.978 546.727 2 369.474 -250
2307 184.978 546.727 2 369.459 -250
2308 194.978 546.727 2 369.714 -250
2309 204.978 546.727 2 370.239 -107.707
2310 214.978 546.727 2 371.033 -92.5447
2311 224.978 546.727 2 372.094 -104.177
2312 234.978 546.727 2 373.42 -250
2313 244.978 546.727 2 375.008 -250
2314 254.978 546.727 2 376.854 -250
2315 264.978 546.727 2 378.956 -250
2316 274.978 546.727 2 381.308 -96.8789
2317 284.978 546.727 2 383.907 -97.6479
2318 294.978 546.727 2 386.747 -250
2319 304.978 546.727 2 389.822 -250
2320 314.978 546.727 2 393.129 -250
2321 324.978 546.727 2 396.659 -250
2322 334.978 546.727 2 400.409 -250
2323 344.978 546.727 2 404.37 -250
2324 354.978 546.727 2 408.539 -250
2325 364.978 546.727 2 412.907 -250
2326 374.978 546.727 2 417.47 -250
2327 384.978 546.727 2 422.22 -250
2328 394.978 546.727 2 427.151 -250
2329 404.978 546.727 2 432.257 -250
2330 414.978 546.727 2 437.533 -250
2331 424.978 546.727 2 442.971 -134.363
2332 434.978 546.727 2 448.566 -132.543
2333 444.978 546.727 2 454.313 -116.522
2334 454.978 546.727 2 460.205 -118.112
2335 464.978 546.727 2 466.237 -135.802
2336 474.978 546.727 2 472.404 -130.684
2337 484.978 546.727 2 478.701 -250
2338 84.9784 556.727 2 391.167 -104.555
2339 94.9784 556.727 2 388.845 -137.144
2340 104.978 556.727 2 386.767 -141.219
2341 114.978 556.727 2 384.938 -140.744
2342 124.978 556.727 2 383.361 -142.504
2343 134.978 556.727 2 382.04 -144.389
2344 144.978 556.727 2 380.976 -148.845
2345 154.978 556.727 2 380.173 -149.527
2346 164.978 556.727 2 379.631 -148.195
2347 174.978 556.727 2 379.352 -148.885
2348 184.978 556.727 2 379.337 -148.023
2349 194.978 556.727 2 379.586 -140.45
2350 204.978 556.727 2 380.097 -106.575
2351 214.978 556.727 2 380.87 -97.084
2352 224.978 556.727 2 381.904 -101.565
2353 234.978 556.727 2 383.196 -134.327
2354 244.978 556.727 2 384.744 -140.716
2355 254.978 556.727 2 386.544 -140.596
2356 264.978 556.727 2 388.593 -103.025
2357 274.978 556.727 2 390.888 -98.1208
2358 284.978 556.727 2 393.423 -98.7869
2359 294.978 556.727 2 396.195 -126.313
2360 304.978 556.727 2 399.197 -141.423
2361 314.978 556.727 2 402.426 -151.788
2362 324.978 556.727 2 405.876 -149.988
2363 334.978 556.727 2 409.541 -143.714
2364 344.978 556.727 2 413.416 -168.024
2365 354.978 556.727 2 417.494 -167.758
2366 364.978 556.727 2 421.769 -166.194
2367 374.978 556.727 2 426.237 -164.774
2368 384.978 556.727 2 430.89 -158.858
2369 394.978 556.727 2 435.723 -164.249
2370 404.978 556.727 2 440.731 -164.326
2371 414.978 556.727 2 445.906 -166.493
2372 424.978 556.727 2 451.243 -132.923
2373 434.978 556.727 2 456.737 -133.908
2374 444.978 556.727 2 462.382 -137.524
2375 454.978 556.727 2 468.173 -115.97
2376 464.978 556.727 2 474.104 -118.166
2377 474.978 556.727 2 480.17 -137.5
2378 484.978 556.727 2 486.365 -143.537
2379 84.9784 566.727 2 400.761 -105.525
2380 94.9784 566.727 2 398.494 -161.072
2381 104.978 566.727 2 396.467 -136.905
2382 114.978 566.727 2 394.683 -134.89
2383 124.978 566.727 2 393.145 -135.227
2384 134.978 566.727 2 391.856 -136.619
2385 144.978 566.727 2 390.819 -140.754
2386 154.978 566.727 2 390.036 -143.925
2387 164.978 566.727 2 389.508 -145.203
2388 174.978 566.727 2 389.237 -140.446
2389 184.978 566.727 2 389.222 -136.365
2390 194.978 566.727 2 389.464 -122.737
2391 204.978 566.727 2 389.963 -104.067
2392 214.978 566.727 2 390.716 -93.4096
2393 224.978 566.727 2 391.724 -104.512
2394 234.978 566.727 2 392.984 -139.206
2395 244.978 566.727 2 394.493 -143.405
2396 254.978 566.727 2 396.249 -122.494
2397 264.978 566.727 2 398.248 -111.105
2398 274.978 566.727 2 400.487 -97.6404
2399 284.978 566.727 2 402.962 -97.9668
2400 294.978 566.727 2 405.669 -96.7282
2401 304.978 566.727 2 408.602 -135.788
2402 314.978 566.727 2 411.757 -137.438
2403 324.978 566.727 2 415.13 -139.833
2404 334.978 566.727 2 418.714 -145.498
2405 344.978 566.727 2 422.504 -162.57
2406 354.978 566.727 2 426.495 -162.571
2407 364.978 566.727 2 430.681 -162.061
2408 374.978 566.727 2 435.057 -161.628
2409 384.978 566.727 2 439.617 -162.026
2410 394.978 566.727 2 444.356 -158.505
2411 404.978 566.727 2 449.267 -164.958
2412 414.978 566.727 2 454.344 -129.422
2413 424.978 566.727 2 459.584 -131.439
2414 434.978 566.727 2 464.979 -131.141
2415 444.978 566.727 2 470.526 -134.813
2416 454.978 566.727 2 476.217 -137.705
2417 464.978 566.727 2 482.049 -116.929
2418 474.978 566.727 2 488.016 -119.598
2419 484.978 566.727 2 494.114 -140.152
2420 84.9784 576.727 2 410.373 -127.173
2421 94.9784 576.727 2 408.16 -137.834
2422 104.978 576.727 2 406.181 -134.583
2423 114.978 576.727 2 404.44 -133.35
2424 124.978 576.727 2 402.939 -132.593
2425 134.978 576.727 2 401.682 -133.71
2426 144.978 576.727 2 400.671 -141.258
2427 154.978 576.727 2 399.907 -138.37
2428 164.978 576.727 2 399.392 -138.909
2429 174.978 576.727 2 399.127 -145.237
2430 184.978 576.727 2 399.113 -141.957
2431 194.978 576.727 2 399.349 -113.96
2432 204.978 576.727 2 399.835 -97.0511
2433 214.978 576.727 2 400.57 -92.3952
2434 224.978 576.727 2 401.553 -109.954
2435 234.978 576.727 2 402.782 -119.244
2436 244.978 576.727 2 404.255 -121.942
2437 254.978 576.727 2 405.968 -108.481
2438 264.978 576.727 2 407.92 -122.629
2439 274.978 576.727 2 410.106 -101.181
2440 284.978 576.727 2 412.524 -97.2768
2441 294.978 576.727 2 415.168 -97.2496
2442 304.978 576.727 2 418.034 -136.998
2443 314.978 576.727 2 421.119 -129.614
2444 324.978 576.727 2 424.417 -142.445
2445 334.978 576.727 2 427.923 -144.542
2446 344.978 576.727 2 431.632 -145.368
2447 354.978 576.727 2 435.54 -159.25
2448 364.978 576.727 2 439.64 -154.54
2449 374.978 576.727 2 443.928 -158.846
2450 384.978 576.727 2 448.398 -158.897
2451 394.978 576.727 2 453.044 -161.697
2452 404.978 576.727 2 457.862 -133.653
2453 414.978 576.727 2 462.845 -135.101
2454 424.978 576.727 2 467.99 -133.475
2455 434.978 576.727 2 473.289 -133.1
2456 444.978 576.727 2 478.739 -130.101
2457 454.978 576.727 2 484.334 -131.04
2458 464.978 576.727 2 490.07 -137.204
2459 474.978 576.727 2 495.94 -121.108
2460 484.978 576.727 2 501.942 -124.718
2461 84.9784 586.727 2 420.004 -161.244
2462 94.9784 586.727 2 417.841 -131.388
2463 104.978 586.727 2 415.909 -132.596
2464 114.978 586.727 2 414.208 -134.976
2465 124.978 586.727 2 412.743 -139.635
2466 134.978 586.727 2 411.516 -140.637
2467 144.978 586.727 2 410.529 -134.794
2468 154.978 586.727 2 409.783 -133.088
2469 164.978 586.727 2 409.281 -131.753
2470 174.978 586.727 2 409.022 -135.727
2471 184.978 586.727 2 409.008 -124.033
2472 194.978 586.727 2 409.239 -107.978
2473 204.978 586.727 2 409.713 -93.5537
2474 214.978 586.727 2 410.431 -97.5248
2475 224.978 586.727 2 411.39 -111.355
2476 234.978 586.727 2 412.59 -114.515
2477 244.978 586.727 2 414.027 -122.563
2478 254.978 586.727 2 415.701 -101.988
2479 264.978 586.727 2 417.607 -111.985
2480 274.978 586.727 2 419.743 -115.64
2481 284.978 586.727 2 422.105 -97.0023
2482 294.978 586.727 2 424.689 -98.3731
2483 304.978 586.727 2 427.492 -99.3826
2484 314.978 586.727 2 430.509 -124.955
2485 324.978 586.727 2 433.736 -139.499
2486 334.978 586.727 2 437.167 -141.322
2487 344.978 586.727 2 440.799 -140.067
2488 354.978 586.727 2 444.626 -156.164
2489 364.978 586.727 2 448.643 -156.189
2490 374.978 586.727 2 452.845 -156.298
2491 384.978 586.727 2 457.228 -156.583
2492 394.978 586.727 2 461.786 -150.34
2493 404.978 586.727 2 466.513 -133.181
2494 414.978 586.727 2 471.405 -136.033
2495 424.978 586.727 2 476.457 -129.611
2496 434.978 586.727 2 481.664 -138.207
2497 444.978 586.727 2 487.02 -134.626
2498 454.978 586.727 2 492.521 -142.892
2499 464.978 586.727 2 498.162 -137.169
2500 474.978 586.727 2 503.938 -137.825
2501 484.978 586.727 2 509.845 -122.613
