# <Transmitter Set: Tx: 19 tx_ant_grid_80_m - Point 17> 
# <Receiver Set: Rx: 17 rx_ant_grid> 
# <X(m)> <Y(m)> <Z(m)> <Distance(m)> <PathGain(dB)>
1 84.9784 -13.2734 2 319.893 -89.9786
2 94.9784 -13.2734 2 317.049 -89.9231
3 104.978 -13.2734 2 314.498 -89.9667
4 114.978 -13.2734 2 312.245 -89.9387
5 124.978 -13.2734 2 310.299 -129.405
6 134.978 -13.2734 2 308.665 -88.8599
7 144.978 -13.2734 2 307.348 -89.9863
8 154.978 -13.2734 2 306.351 -90.0928
9 164.978 -13.2734 2 305.679 -90.2921
10 174.978 -13.2734 2 305.333 -90.551
11 184.978 -13.2734 2 305.314 -91.9092
12 194.978 -13.2734 2 305.622 -116.756
13 204.978 -13.2734 2 306.257 -120.697
14 214.978 -13.2734 2 307.217 -108.945
15 224.978 -13.2734 2 308.497 -117.239
16 234.978 -13.2734 2 310.095 -115.597
17 244.978 -13.2734 2 312.006 -122.716
18 254.978 -13.2734 2 314.223 -114.197
19 264.978 -13.2734 2 316.74 -116.334
20 274.978 -13.2734 2 319.551 -98.9056
21 284.978 -13.2734 2 322.647 -102.35
22 294.978 -13.2734 2 326.021 -89.5284
23 304.978 -13.2734 2 329.664 -118.36
24 314.978 -13.2734 2 333.567 -103.903
25 324.978 -13.2734 2 337.721 -109.197
26 334.978 -13.2734 2 342.117 -121.762
27 344.978 -13.2734 2 346.745 -124.367
28 354.978 -13.2734 2 351.597 -117.275
29 364.978 -13.2734 2 356.664 -110.533
30 374.978 -13.2734 2 361.936 -123.949
31 384.978 -13.2734 2 367.405 -107.927
32 394.978 -13.2734 2 373.061 -104.431
33 404.978 -13.2734 2 378.897 -102.805
34 414.978 -13.2734 2 384.905 -96.5179
35 424.978 -13.2734 2 391.076 -96.0818
36 434.978 -13.2734 2 397.402 -93.7461
37 444.978 -13.2734 2 403.878 -91.5186
38 454.978 -13.2734 2 410.494 -117.581
39 464.978 -13.2734 2 417.246 -110.035
40 474.978 -13.2734 2 424.126 -121.59
41 484.978 -13.2734 2 431.128 -137.499
42 84.9784 -3.2734 2 310.691 -90.2987
43 94.9784 -3.2734 2 307.762 -90.1793
44 104.978 -3.2734 2 305.132 -90.313
45 114.978 -3.2734 2 302.81 -90.19
46 124.978 -3.2734 2 300.803 -129.433
47 134.978 -3.2734 2 299.117 -91.4471
48 144.978 -3.2734 2 297.758 -90.0194
49 154.978 -3.2734 2 296.729 -87.9247
50 164.978 -3.2734 2 296.035 -88.392
51 174.978 -3.2734 2 295.677 -89.833
52 184.978 -3.2734 2 295.658 -89.3581
53 194.978 -3.2734 2 295.976 -123.321
54 204.978 -3.2734 2 296.632 -122.034
55 214.978 -3.2734 2 297.622 -122.924
56 224.978 -3.2734 2 298.944 -121.194
57 234.978 -3.2734 2 300.593 -121.677
58 244.978 -3.2734 2 302.563 -123.565
59 254.978 -3.2734 2 304.849 -127.865
60 264.978 -3.2734 2 307.443 -115.716
61 274.978 -3.2734 2 310.338 -98.4263
62 284.978 -3.2734 2 313.526 -96.165
63 294.978 -3.2734 2 316.997 -126.936
64 304.978 -3.2734 2 320.742 -137.604
65 314.978 -3.2734 2 324.752 -125.631
66 324.978 -3.2734 2 329.017 -142.129
67 334.978 -3.2734 2 333.528 -131.247
68 344.978 -3.2734 2 338.274 -108.925
69 354.978 -3.2734 2 343.246 -143.993
70 364.978 -3.2734 2 348.434 -142.67
71 374.978 -3.2734 2 353.829 -136.365
72 384.978 -3.2734 2 359.421 -139.605
73 394.978 -3.2734 2 365.201 -112.351
74 404.978 -3.2734 2 371.161 -115.205
75 414.978 -3.2734 2 377.291 -100.9
76 424.978 -3.2734 2 383.585 -96.7747
77 434.978 -3.2734 2 390.033 -91.3973
78 444.978 -3.2734 2 396.628 -142.259
79 454.978 -3.2734 2 403.364 -157.947
80 464.978 -3.2734 2 410.233 -149.921
81 474.978 -3.2734 2 417.228 -113.66
82 484.978 -3.2734 2 424.344 -119.829
83 84.9784 6.7266 2 301.539 -89.7335
84 94.9784 6.7266 2 298.52 -89.8156
85 104.978 6.7266 2 295.809 -89.5314
86 114.978 6.7266 2 293.413 -89.0784
87 124.978 6.7266 2 291.341 -250
88 134.978 6.7266 2 289.6 -88.6003
89 144.978 6.7266 2 288.196 -87.9281
90 154.978 6.7266 2 287.133 -100.502
91 164.978 6.7266 2 286.415 -102.338
92 174.978 6.7266 2 286.046 -99.3937
93 184.978 6.7266 2 286.025 -102.963
94 194.978 6.7266 2 286.355 -124.557
95 204.978 6.7266 2 287.032 -126.046
96 214.978 6.7266 2 288.056 -127.06
97 224.978 6.7266 2 289.421 -132.322
98 234.978 6.7266 2 291.124 -133.574
99 244.978 6.7266 2 293.158 -129.025
100 254.978 6.7266 2 295.516 -131.005
101 264.978 6.7266 2 298.192 -129.862
102 274.978 6.7266 2 301.176 -102.378
103 284.978 6.7266 2 304.459 -87.7062
104 294.978 6.7266 2 308.032 -250
105 304.978 6.7266 2 311.885 -250
106 314.978 6.7266 2 316.008 -250
107 324.978 6.7266 2 320.389 -250
108 334.978 6.7266 2 325.02 -250
109 344.978 6.7266 2 329.888 -250
110 354.978 6.7266 2 334.985 -250
111 364.978 6.7266 2 340.299 -250
112 374.978 6.7266 2 345.82 -250
113 384.978 6.7266 2 351.54 -250
114 394.978 6.7266 2 357.447 -112.636
115 404.978 6.7266 2 363.534 -106.746
116 414.978 6.7266 2 369.791 -116.322
117 424.978 6.7266 2 376.21 -101.758
118 434.978 6.7266 2 382.783 -91.3929
119 444.978 6.7266 2 389.501 -250
120 454.978 6.7266 2 396.358 -250
121 464.978 6.7266 2 403.346 -250
122 474.978 6.7266 2 410.459 -106.532
123 484.978 6.7266 2 417.69 -130.036
124 84.9784 16.7266 2 292.443 -89.6744
125 94.9784 16.7266 2 289.329 -89.4244
126 104.978 16.7266 2 286.531 -88.8041
127 114.978 16.7266 2 284.057 -88.6233
128 124.978 16.7266 2 281.916 -250
129 134.978 16.7266 2 280.116 -88.1892
130 144.978 16.7266 2 278.664 -89.2173
131 154.978 16.7266 2 277.565 -112.32
132 164.978 16.7266 2 276.822 -116.18
133 174.978 16.7266 2 276.44 -104.413
134 184.978 16.7266 2 276.419 -109.546
135 194.978 16.7266 2 276.76 -250
136 204.978 16.7266 2 277.461 -250
137 214.978 16.7266 2 278.519 -250
138 224.978 16.7266 2 279.931 -250
139 234.978 16.7266 2 281.691 -250
140 244.978 16.7266 2 283.793 -250
141 254.978 16.7266 2 286.229 -250
142 264.978 16.7266 2 288.99 -138.678
143 274.978 16.7266 2 292.068 -104.374
144 284.978 16.7266 2 295.453 -86.8605
145 294.978 16.7266 2 299.134 -250
146 304.978 16.7266 2 303.1 -250
147 314.978 16.7266 2 307.34 -250
148 324.978 16.7266 2 311.843 -106.134
149 334.978 16.7266 2 316.599 -96.5829
150 344.978 16.7266 2 321.595 -250
151 354.978 16.7266 2 326.821 -250
152 364.978 16.7266 2 332.265 -250
153 374.978 16.7266 2 337.918 -250
154 384.978 16.7266 2 343.769 -101.26
155 394.978 16.7266 2 349.808 -108.77
156 404.978 16.7266 2 356.026 -105.157
157 414.978 16.7266 2 362.412 -119.6
158 424.978 16.7266 2 368.96 -101.538
159 434.978 16.7266 2 375.659 -99.2463
160 444.978 16.7266 2 382.502 -250
161 454.978 16.7266 2 389.483 -250
162 464.978 16.7266 2 396.592 -250
163 474.978 16.7266 2 403.824 -111.959
164 484.978 16.7266 2 411.172 -109.211
165 84.9784 26.7266 2 283.407 -88.5012
166 94.9784 26.7266 2 280.193 -88.3974
167 104.978 26.7266 2 277.303 -88.4844
168 114.978 26.7266 2 274.746 -89.1458
169 124.978 26.7266 2 272.532 -91.9652
170 134.978 26.7266 2 270.67 -89.406
171 144.978 26.7266 2 269.167 -90.5159
172 154.978 26.7266 2 268.028 -122.314
173 164.978 26.7266 2 267.26 -128.394
174 174.978 26.7266 2 266.864 -115.559
175 184.978 26.7266 2 266.842 -126.476
176 194.978 26.7266 2 267.195 -250
177 204.978 26.7266 2 267.921 -250
178 214.978 26.7266 2 269.017 -250
179 224.978 26.7266 2 270.478 -250
180 234.978 26.7266 2 272.3 -250
181 244.978 26.7266 2 274.473 -250
182 254.978 26.7266 2 276.991 -250
183 264.978 26.7266 2 279.844 -112.467
184 274.978 26.7266 2 283.021 -102.763
185 284.978 26.7266 2 286.513 -97.8102
186 294.978 26.7266 2 290.307 -250
187 304.978 26.7266 2 294.392 -250
188 314.978 26.7266 2 298.756 -102.101
189 324.978 26.7266 2 303.387 -104.299
190 334.978 26.7266 2 308.272 -92.0979
191 344.978 26.7266 2 313.401 -104.127
192 354.978 26.7266 2 318.761 -98.6115
193 364.978 26.7266 2 324.341 -250
194 374.978 26.7266 2 330.13 -250
195 384.978 26.7266 2 336.116 -131.029
196 394.978 26.7266 2 342.29 -115.13
197 404.978 26.7266 2 348.642 -111.408
198 414.978 26.7266 2 355.162 -111.602
199 424.978 26.7266 2 361.84 -103.284
200 434.978 26.7266 2 368.669 -107.045
201 444.978 26.7266 2 375.64 -105.498
202 454.978 26.7266 2 382.745 -250
203 464.978 26.7266 2 389.977 -250
204 474.978 26.7266 2 397.329 -115.258
205 484.978 26.7266 2 404.795 -109.714
206 84.9784 36.7266 2 274.439 -89.1566
207 94.9784 36.7266 2 271.119 -89.4911
208 104.978 36.7266 2 268.13 -89.5406
209 114.978 36.7266 2 265.485 -88.3555
210 124.978 36.7266 2 263.193 -85.2888
211 134.978 36.7266 2 261.265 -88.0638
212 144.978 36.7266 2 259.707 -87.2728
213 154.978 36.7266 2 258.527 -112.791
214 164.978 36.7266 2 257.73 -120.471
215 174.978 36.7266 2 257.319 -120.938
216 184.978 36.7266 2 257.297 -120.04
217 194.978 36.7266 2 257.663 -122.355
218 204.978 36.7266 2 258.416 -128.564
219 214.978 36.7266 2 259.552 -102.752
220 224.978 36.7266 2 261.066 -250
221 234.978 36.7266 2 262.953 -250
222 244.978 36.7266 2 265.203 -250
223 254.978 36.7266 2 267.808 -250
224 264.978 36.7266 2 270.757 -104.79
225 274.978 36.7266 2 274.04 -106.689
226 284.978 36.7266 2 277.644 -116.786
227 294.978 36.7266 2 281.558 -250
228 304.978 36.7266 2 285.768 -250
229 314.978 36.7266 2 290.262 -108.032
230 324.978 36.7266 2 295.026 -96.7948
231 334.978 36.7266 2 300.048 -99.6457
232 344.978 36.7266 2 305.315 -97.7
233 354.978 36.7266 2 310.815 -99.7223
234 364.978 36.7266 2 316.535 -97.9759
235 374.978 36.7266 2 322.464 -115.838
236 384.978 36.7266 2 328.59 -250
237 394.978 36.7266 2 334.903 -250
238 404.978 36.7266 2 341.392 -95.3357
239 414.978 36.7266 2 348.047 -101.937
240 424.978 36.7266 2 354.859 -102.654
241 434.978 36.7266 2 361.82 -111.159
242 444.978 36.7266 2 368.92 -112.287
243 454.978 36.7266 2 376.152 -250
244 464.978 36.7266 2 383.509 -250
245 474.978 36.7266 2 390.983 -106.321
246 484.978 36.7266 2 398.568 -122.393
247 84.9784 46.7266 2 265.544 -89.5428
248 94.9784 46.7266 2 262.111 -87.5492
249 104.978 46.7266 2 259.019 -87.2086
250 114.978 46.7266 2 256.28 -87.4221
251 124.978 46.7266 2 253.905 -86.7837
252 134.978 46.7266 2 251.905 -86.747
253 144.978 46.7266 2 250.289 -87.3909
254 154.978 46.7266 2 249.065 -250
255 164.978 46.7266 2 248.237 -250
256 174.978 46.7266 2 247.811 -250
257 184.978 46.7266 2 247.788 -250
258 194.978 46.7266 2 248.168 -250
259 204.978 46.7266 2 248.949 -111.509
260 214.978 46.7266 2 250.128 -96.5692
261 224.978 46.7266 2 251.699 -106.579
262 234.978 46.7266 2 253.655 -111.037
263 244.978 46.7266 2 255.987 -105.77
264 254.978 46.7266 2 258.685 -93.1159
265 264.978 46.7266 2 261.737 -93.0609
266 274.978 46.7266 2 265.132 -116.032
267 284.978 46.7266 2 268.856 -105.734
268 294.978 46.7266 2 272.896 -250
269 304.978 46.7266 2 277.237 -250
270 314.978 46.7266 2 281.867 -250
271 324.978 46.7266 2 286.771 -250
272 334.978 46.7266 2 291.935 -250
273 344.978 46.7266 2 297.346 -250
274 354.978 46.7266 2 302.99 -250
275 364.978 46.7266 2 308.855 -117.489
276 374.978 46.7266 2 314.928 -112.128
277 384.978 46.7266 2 321.198 -250
278 394.978 46.7266 2 327.653 -250
279 404.978 46.7266 2 334.283 -107.882
280 414.978 46.7266 2 341.077 -102.655
281 424.978 46.7266 2 348.026 -101.376
282 434.978 46.7266 2 355.121 -118.517
283 444.978 46.7266 2 362.352 -122.424
284 454.978 46.7266 2 369.713 -250
285 464.978 46.7266 2 377.195 -250
286 474.978 46.7266 2 384.792 -135.607
287 484.978 46.7266 2 392.496 -110.277
288 84.9784 56.7266 2 256.731 -87.2248
289 94.9784 56.7266 2 253.178 -92.0043
290 104.978 56.7266 2 249.976 -91.8489
291 114.978 56.7266 2 247.136 -91.3931
292 124.978 56.7266 2 244.673 -88.2268
293 134.978 56.7266 2 242.597 -88.7497
294 144.978 56.7266 2 240.919 -88.0578
295 154.978 56.7266 2 239.646 -250
296 164.978 56.7266 2 238.786 -250
297 174.978 56.7266 2 238.343 -250
298 184.978 56.7266 2 238.318 -250
299 194.978 56.7266 2 238.714 -250
300 204.978 56.7266 2 239.526 -106.873
301 214.978 56.7266 2 240.751 -93.7513
302 224.978 56.7266 2 242.383 -94.7376
303 234.978 56.7266 2 244.414 -105.61
304 244.978 56.7266 2 246.833 -100.32
305 254.978 56.7266 2 249.63 -99.7671
306 264.978 56.7266 2 252.791 -95.7951
307 274.978 56.7266 2 256.305 -93.3666
308 284.978 56.7266 2 260.155 -112.484
309 294.978 56.7266 2 264.327 -250
310 304.978 56.7266 2 268.807 -250
311 314.978 56.7266 2 273.58 -250
312 324.978 56.7266 2 278.63 -250
313 334.978 56.7266 2 283.942 -250
314 344.978 56.7266 2 289.502 -250
315 354.978 56.7266 2 295.296 -250
316 364.978 56.7266 2 301.311 -106.293
317 374.978 56.7266 2 307.533 -108.787
318 384.978 56.7266 2 313.951 -250
319 394.978 56.7266 2 320.552 -250
320 404.978 56.7266 2 327.326 -117.645
321 414.978 56.7266 2 334.262 -125.812
322 424.978 56.7266 2 341.349 -113.161
323 434.978 56.7266 2 348.58 -117.678
324 444.978 56.7266 2 355.944 -103.706
325 454.978 56.7266 2 363.435 -250
326 464.978 56.7266 2 371.043 -250
327 474.978 56.7266 2 378.763 -116.336
328 484.978 56.7266 2 386.588 -122.61
329 84.9784 66.7266 2 248.008 -88.3132
330 94.9784 66.7266 2 244.328 -101.459
331 104.978 66.7266 2 241.008 -110.189
332 114.978 66.7266 2 238.062 -113.511
333 124.978 66.7266 2 235.503 -106.264
334 134.978 66.7266 2 233.346 -86.948
335 144.978 66.7266 2 231.6 -85.3333
336 154.978 66.7266 2 230.276 -123.416
337 164.978 66.7266 2 229.381 -110.353
338 174.978 66.7266 2 228.92 -132.291
339 184.978 66.7266 2 228.895 -85.3021
340 194.978 66.7266 2 229.306 -98.9021
341 204.978 66.7266 2 230.151 -105.401
342 214.978 66.7266 2 231.426 -99.3504
343 224.978 66.7266 2 233.124 -100.872
344 234.978 66.7266 2 235.234 -96.587
345 244.978 66.7266 2 237.747 -109.843
346 254.978 66.7266 2 240.649 -98.4081
347 264.978 66.7266 2 243.927 -94.2244
348 274.978 66.7266 2 247.566 -93.216
349 284.978 66.7266 2 251.55 -96.3742
350 294.978 66.7266 2 255.863 -107.537
351 304.978 66.7266 2 260.489 -94.9816
352 314.978 66.7266 2 265.411 -88.706
353 324.978 66.7266 2 270.613 -95.8849
354 334.978 66.7266 2 276.08 -89.6659
355 344.978 66.7266 2 281.795 -85.6421
356 354.978 66.7266 2 287.744 -95.0473
357 364.978 66.7266 2 293.914 -102.604
358 374.978 66.7266 2 300.29 -100.387
359 384.978 66.7266 2 306.859 -97.6822
360 394.978 66.7266 2 313.609 -109.34
361 404.978 66.7266 2 320.53 -117.8
362 414.978 66.7266 2 327.609 -105.27
363 424.978 66.7266 2 334.838 -119.337
364 434.978 66.7266 2 342.206 -106.339
365 444.978 66.7266 2 349.704 -105.951
366 454.978 66.7266 2 357.326 -106.269
367 464.978 66.7266 2 365.062 -124.006
368 474.978 66.7266 2 372.906 -113.334
369 484.978 66.7266 2 380.851 -111.866
370 84.9784 76.7266 2 239.384 -88.307
371 94.9784 76.7266 2 235.57 -101.086
372 104.978 76.7266 2 232.125 -132.964
373 114.978 76.7266 2 229.064 -128.129
374 124.978 76.7266 2 226.404 -96.6971
375 134.978 76.7266 2 224.159 -84.0824
376 144.978 76.7266 2 222.342 -87.6788
377 154.978 76.7266 2 220.962 -103.809
378 164.978 76.7266 2 220.029 -105.787
379 174.978 76.7266 2 219.548 -100.447
380 184.978 76.7266 2 219.522 -85.0523
381 194.978 76.7266 2 219.95 -99.6229
382 204.978 76.7266 2 220.832 -108.729
383 214.978 76.7266 2 222.16 -98.2667
384 224.978 76.7266 2 223.928 -104.547
385 234.978 76.7266 2 226.124 -95.8268
386 244.978 76.7266 2 228.737 -107.453
387 254.978 76.7266 2 231.752 -109.751
388 264.978 76.7266 2 235.154 -94.0142
389 274.978 76.7266 2 238.927 -92.2495
390 284.978 76.7266 2 243.053 -94.621
391 294.978 76.7266 2 247.514 -105.349
392 304.978 76.7266 2 252.292 -87.4009
393 314.978 76.7266 2 257.371 -87.2907
394 324.978 76.7266 2 262.733 -86.4974
395 334.978 76.7266 2 268.36 -86.3054
396 344.978 76.7266 2 274.236 -96.6198
397 354.978 76.7266 2 280.346 -97.9919
398 364.978 76.7266 2 286.675 -100.356
399 374.978 76.7266 2 293.208 -116.275
400 384.978 76.7266 2 299.932 -99.7385
401 394.978 76.7266 2 306.835 -97.2544
402 404.978 76.7266 2 313.905 -104.853
403 414.978 76.7266 2 321.131 -112.733
404 424.978 76.7266 2 328.502 -104.786
405 434.978 76.7266 2 336.009 -111.122
406 444.978 76.7266 2 343.643 -127.033
407 454.978 76.7266 2 351.395 -130.797
408 464.978 76.7266 2 359.259 -144.032
409 474.978 76.7266 2 367.227 -113.305
410 484.978 76.7266 2 375.292 -108.731
411 84.9784 86.7266 2 230.872 -86.0389
412 94.9784 86.7266 2 226.915 -87.2752
413 104.978 86.7266 2 223.336 -250
414 114.978 86.7266 2 220.153 -250
415 124.978 86.7266 2 217.384 -250
416 134.978 86.7266 2 215.045 -95.0809
417 144.978 86.7266 2 213.15 -91.8569
418 154.978 86.7266 2 211.71 -250
419 164.978 86.7266 2 210.736 -250
420 174.978 86.7266 2 210.234 -250
421 184.978 86.7266 2 210.206 -84.8408
422 194.978 86.7266 2 210.654 -98.016
423 204.978 86.7266 2 211.574 -125.631
424 214.978 86.7266 2 212.961 -91.0993
425 224.978 86.7266 2 214.804 -250
426 234.978 86.7266 2 217.092 -250
427 244.978 86.7266 2 219.813 -250
428 254.978 86.7266 2 222.949 -101.633
429 264.978 86.7266 2 226.483 -97.1292
430 274.978 86.7266 2 230.398 -99.0617
431 284.978 86.7266 2 234.673 -95.0195
432 294.978 86.7266 2 239.291 -93.2261
433 304.978 86.7266 2 244.23 -89.4026
434 314.978 86.7266 2 249.473 -84.6527
435 324.978 86.7266 2 255.001 -87.4069
436 334.978 86.7266 2 260.795 -91.5457
437 344.978 86.7266 2 266.838 -96.7221
438 354.978 86.7266 2 273.113 -94.772
439 364.978 86.7266 2 279.606 -95.9192
440 374.978 86.7266 2 286.3 -96.0127
441 384.978 86.7266 2 293.183 -250
442 394.978 86.7266 2 300.241 -250
443 404.978 86.7266 2 307.463 -250
444 414.978 86.7266 2 314.836 -99.8641
445 424.978 86.7266 2 322.351 -104.522
446 434.978 86.7266 2 329.998 -122.481
447 444.978 86.7266 2 337.768 -250
448 454.978 86.7266 2 345.653 -250
449 464.978 86.7266 2 353.644 -250
450 474.978 86.7266 2 361.736 -111.464
451 484.978 86.7266 2 369.921 -130.383
452 84.9784 96.7266 2 222.484 -88.7981
453 94.9784 96.7266 2 218.374 -86.6537
454 104.978 96.7266 2 214.653 -95.8733
455 114.978 96.7266 2 211.339 -95.4988
456 124.978 96.7266 2 208.453 -99.0001
457 134.978 96.7266 2 206.013 -101.505
458 144.978 96.7266 2 204.034 -108.769
459 154.978 96.7266 2 202.53 -250
460 164.978 96.7266 2 201.511 -250
461 174.978 96.7266 2 200.986 -250
462 184.978 96.7266 2 200.957 -86.7272
463 194.978 96.7266 2 201.426 -250
464 204.978 96.7266 2 202.388 -250
465 214.978 96.7266 2 203.836 -250
466 224.978 96.7266 2 205.761 -250
467 234.978 96.7266 2 208.149 -250
468 244.978 96.7266 2 210.985 -250
469 254.978 96.7266 2 214.25 -250
470 264.978 96.7266 2 217.926 -250
471 274.978 96.7266 2 221.991 -93.1649
472 284.978 96.7266 2 226.426 -93.708
473 294.978 96.7266 2 231.208 -84.7827
474 304.978 96.7266 2 236.317 -83.5759
475 314.978 96.7266 2 241.731 -88.0007
476 324.978 96.7266 2 247.432 -87.9877
477 334.978 96.7266 2 253.399 -112.103
478 344.978 96.7266 2 259.614 -106.861
479 354.978 96.7266 2 266.06 -112.14
480 364.978 96.7266 2 272.72 -108.414
481 374.978 96.7266 2 279.58 -106.723
482 384.978 96.7266 2 286.624 -250
483 394.978 96.7266 2 293.84 -250
484 404.978 96.7266 2 301.215 -250
485 414.978 96.7266 2 308.737 -120.582
486 424.978 96.7266 2 316.397 -107.748
487 434.978 96.7266 2 324.185 -122.632
488 444.978 96.7266 2 332.091 -250
489 454.978 96.7266 2 340.107 -250
490 464.978 96.7266 2 348.226 -250
491 474.978 96.7266 2 356.44 -108.396
492 484.978 96.7266 2 364.744 -116.128
493 84.9784 106.727 2 214.233 -85.4334
494 94.9784 106.727 2 209.963 -84.7462
495 104.978 106.727 2 206.09 -94.3729
496 114.978 106.727 2 202.636 -92.8587
497 124.978 106.727 2 199.624 -95.0513
498 134.978 106.727 2 197.075 -125.077
499 144.978 106.727 2 195.005 -114.467
500 154.978 106.727 2 193.43 -250
501 164.978 106.727 2 192.364 -250
502 174.978 106.727 2 191.813 -250
503 184.978 106.727 2 191.783 -88.8858
504 194.978 106.727 2 192.274 -250
505 204.978 106.727 2 193.281 -250
506 214.978 106.727 2 194.798 -250
507 224.978 106.727 2 196.811 -250
508 234.978 106.727 2 199.307 -250
509 244.978 106.727 2 202.266 -250
510 254.978 106.727 2 205.67 -250
511 264.978 106.727 2 209.496 -250
512 274.978 106.727 2 213.722 -113.535
513 284.978 106.727 2 218.325 -83.6901
514 294.978 106.727 2 223.28 -90.3723
515 304.978 106.727 2 228.566 -89.8718
516 314.978 106.727 2 234.16 -92.5845
517 324.978 106.727 2 240.041 -113.607
518 334.978 106.727 2 246.187 -125.011
519 344.978 106.727 2 252.58 -115.659
520 354.978 106.727 2 259.201 -115.902
521 364.978 106.727 2 266.033 -114.367
522 374.978 106.727 2 273.06 -111.62
523 384.978 106.727 2 280.268 -250
524 394.978 106.727 2 287.644 -250
525 404.978 106.727 2 295.173 -250
526 414.978 106.727 2 302.846 -112.974
527 424.978 106.727 2 310.651 -116.508
528 434.978 106.727 2 318.579 -106.246
529 444.978 106.727 2 326.621 -250
530 454.978 106.727 2 334.768 -250
531 464.978 106.727 2 343.014 -250
532 474.978 106.727 2 351.35 -119.508
533 484.978 106.727 2 359.771 -107.316
534 84.9784 116.727 2 206.138 -87.8061
535 94.9784 116.727 2 201.696 -87.2398
536 104.978 116.727 2 197.661 -111.3
537 114.978 116.727 2 194.058 -250
538 124.978 116.727 2 190.911 -250
539 134.978 116.727 2 188.243 -250
540 144.978 116.727 2 186.075 -250
541 154.978 116.727 2 184.424 -250
542 164.978 116.727 2 183.305 -250
543 174.978 116.727 2 182.727 -250
544 184.978 116.727 2 182.696 -81.9929
545 194.978 116.727 2 183.211 -250
546 204.978 116.727 2 184.268 -250
547 214.978 116.727 2 185.858 -250
548 224.978 116.727 2 187.967 -250
549 234.978 116.727 2 190.579 -250
550 244.978 116.727 2 193.672 -250
551 254.978 116.727 2 197.224 -250
552 264.978 116.727 2 201.21 -250
553 274.978 116.727 2 205.607 -109.297
554 284.978 116.727 2 210.387 -85.9609
555 294.978 116.727 2 215.525 -84.9727
556 304.978 116.727 2 220.997 -97.1405
557 314.978 116.727 2 226.778 -89.9467
558 324.978 116.727 2 232.844 -250
559 334.978 116.727 2 239.176 -250
560 344.978 116.727 2 245.751 -250
561 354.978 116.727 2 252.551 -250
562 364.978 116.727 2 259.558 -250
563 374.978 116.727 2 266.756 -250
564 384.978 116.727 2 274.13 -250
565 394.978 116.727 2 281.666 -250
566 404.978 116.727 2 289.352 -250
567 414.978 116.727 2 297.175 -250
568 424.978 116.727 2 305.125 -112.857
569 434.978 116.727 2 313.193 -105.509
570 444.978 116.727 2 321.369 -250
571 454.978 116.727 2 329.646 -250
572 464.978 116.727 2 338.017 -250
573 474.978 116.727 2 346.473 -101.348
574 484.978 116.727 2 355.01 -102.768
575 84.9784 126.727 2 198.217 -84.5534
576 94.9784 126.727 2 193.594 -85.033
577 104.978 126.727 2 189.386 -92.2109
578 114.978 126.727 2 185.622 -250
579 124.978 126.727 2 182.329 -250
580 134.978 126.727 2 179.534 -250
581 144.978 126.727 2 177.259 -250
582 154.978 126.727 2 175.526 -250
583 164.978 126.727 2 174.35 -250
584 174.978 126.727 2 173.742 -250
585 184.978 126.727 2 173.709 -84.8238
586 194.978 126.727 2 174.251 -82.9268
587 204.978 126.727 2 175.362 -94.3609
588 214.978 126.727 2 177.032 -86.3771
589 224.978 126.727 2 179.245 -250
590 234.978 126.727 2 181.981 -250
591 244.978 126.727 2 185.218 -250
592 254.978 126.727 2 188.929 -83.7528
593 264.978 126.727 2 193.087 -88.344
594 274.978 126.727 2 197.664 -83.9299
595 284.978 126.727 2 202.632 -86.977
596 294.978 126.727 2 207.962 -86.9311
597 304.978 126.727 2 213.627 -84.736
598 314.978 126.727 2 219.602 -87.4242
599 324.978 126.727 2 225.862 -250
600 334.978 126.727 2 232.383 -250
601 344.978 126.727 2 239.145 -250
602 354.978 126.727 2 246.128 -250
603 364.978 126.727 2 253.313 -250
604 374.978 126.727 2 260.684 -250
605 384.978 126.727 2 268.225 -250
606 394.978 126.727 2 275.922 -250
607 404.978 126.727 2 283.763 -250
608 414.978 126.727 2 291.736 -250
609 424.978 126.727 2 299.831 -111.194
610 434.978 126.727 2 308.037 -116.366
611 444.978 126.727 2 316.347 -250
612 454.978 126.727 2 324.752 -250
613 464.978 126.727 2 333.245 -250
614 474.978 126.727 2 341.82 -111.805
615 484.978 126.727 2 350.47 -97.1759
616 84.9784 136.727 2 190.491 -87.6329
617 94.9784 136.727 2 185.676 -85.4474
618 104.978 136.727 2 181.284 -84.9964
619 114.978 136.727 2 177.348 -84.3506
620 124.978 136.727 2 173.899 -84.7156
621 134.978 136.727 2 170.966 -250
622 144.978 136.727 2 168.576 -250
623 154.978 136.727 2 166.752 -250
624 164.978 136.727 2 165.514 -250
625 174.978 136.727 2 164.874 -250
626 184.978 136.727 2 164.839 -88.0243
627 194.978 136.727 2 165.41 -92.9918
628 204.978 136.727 2 166.58 -82.7784
629 214.978 136.727 2 168.337 -83.0907
630 224.978 136.727 2 170.663 -250
631 234.978 136.727 2 173.535 -250
632 244.978 136.727 2 176.926 -250
633 254.978 136.727 2 180.807 -98.9058
634 264.978 136.727 2 185.148 -92.375
635 274.978 136.727 2 189.916 -99.4317
636 284.978 136.727 2 195.081 -99.922
637 294.978 136.727 2 200.612 -85.1302
638 304.978 136.727 2 206.479 -87.0285
639 314.978 136.727 2 212.655 -92.0461
640 324.978 136.727 2 219.113 -250
641 334.978 136.727 2 225.83 -250
642 344.978 136.727 2 232.782 -250
643 354.978 136.727 2 239.95 -250
644 364.978 136.727 2 247.315 -250
645 374.978 136.727 2 254.859 -250
646 384.978 136.727 2 262.567 -250
647 394.978 136.727 2 270.426 -250
648 404.978 136.727 2 278.421 -250
649 414.978 136.727 2 286.543 -250
650 424.978 136.727 2 294.78 -109.716
651 434.978 136.727 2 303.124 -114.239
652 444.978 136.727 2 311.564 -250
653 454.978 136.727 2 320.095 -250
654 464.978 136.727 2 328.709 -250
655 474.978 136.727 2 337.399 -115.433
656 484.978 136.727 2 346.159 -97.9233
657 84.9784 146.727 2 182.986 -83.3725
658 94.9784 146.727 2 177.968 -85.7814
659 104.978 146.727 2 173.381 -85.5511
660 114.978 146.727 2 169.262 -81.6301
661 124.978 146.727 2 165.644 -85.9568
662 134.978 146.727 2 162.562 -86.4436
663 144.978 146.727 2 160.047 -80.6784
664 154.978 146.727 2 158.125 -80.8692
665 164.978 146.727 2 156.818 -80.3355
666 174.978 146.727 2 156.142 -86.7721
667 184.978 146.727 2 156.105 -85.0601
668 194.978 146.727 2 156.708 -86.168
669 204.978 146.727 2 157.942 -82.7933
670 214.978 146.727 2 159.795 -80.2946
671 224.978 146.727 2 162.243 -83.1587
672 234.978 146.727 2 165.261 -90.5887
673 244.978 146.727 2 168.819 -93.9952
674 254.978 146.727 2 172.882 -99.6606
675 264.978 146.727 2 177.417 -92.181
676 274.978 146.727 2 182.387 -88.589
677 284.978 146.727 2 187.76 -95.84
678 294.978 146.727 2 193.5 -83.6455
679 304.978 146.727 2 199.576 -90.4684
680 314.978 146.727 2 205.959 -105.49
681 324.978 146.727 2 212.621 -125.961
682 334.978 146.727 2 219.536 -106.162
683 344.978 146.727 2 226.682 -106.592
684 354.978 146.727 2 234.036 -93.417
685 364.978 146.727 2 241.581 -93.0543
686 374.978 146.727 2 249.299 -94.8817
687 384.978 146.727 2 257.174 -97.3834
688 394.978 146.727 2 265.192 -95.2931
689 404.978 146.727 2 273.341 -99.762
690 414.978 146.727 2 281.61 -98.312
691 424.978 146.727 2 289.987 -112.417
692 434.978 146.727 2 298.464 -119.055
693 444.978 146.727 2 307.033 -110.848
694 454.978 146.727 2 315.686 -109.993
695 464.978 146.727 2 324.417 -107.007
696 474.978 146.727 2 333.219 -98.1085
697 484.978 146.727 2 342.087 -93.6238
698 84.9784 156.727 2 175.73 -88.0717
699 94.9784 156.727 2 170.498 -82.4732
700 104.978 156.727 2 165.705 -86.4965
701 114.978 156.727 2 161.389 -83.0471
702 124.978 156.727 2 157.591 -80.0992
703 134.978 156.727 2 154.348 -89.432
704 144.978 156.727 2 151.697 -79.6826
705 154.978 156.727 2 149.668 -81.391
706 164.978 156.727 2 148.287 -83.7908
707 174.978 156.727 2 147.572 -84.2135
708 184.978 156.727 2 147.533 -82.4964
709 194.978 156.727 2 148.17 -80.3086
710 204.978 156.727 2 149.475 -80.3075
711 214.978 156.727 2 151.431 -83.2687
712 224.978 156.727 2 154.012 -89.9086
713 234.978 156.727 2 157.189 -107.32
714 244.978 156.727 2 160.925 -96.5179
715 254.978 156.727 2 165.182 -88.5868
716 264.978 156.727 2 169.923 -127.207
717 274.978 156.727 2 175.106 -92.1112
718 284.978 156.727 2 180.695 -100.813
719 294.978 156.727 2 186.653 -84.9767
720 304.978 156.727 2 192.945 -106.854
721 314.978 156.727 2 199.54 -119.701
722 324.978 156.727 2 206.409 -109.755
723 334.978 156.727 2 213.525 -115.492
724 344.978 156.727 2 220.866 -103.004
725 354.978 156.727 2 228.408 -97.7447
726 364.978 156.727 2 236.132 -103.166
727 374.978 156.727 2 244.023 -94.9184
728 384.978 156.727 2 252.063 -94.7046
729 394.978 156.727 2 260.238 -97.385
730 404.978 156.727 2 268.538 -101.193
731 414.978 156.727 2 276.949 -105.103
732 424.978 156.727 2 285.464 -108.923
733 434.978 156.727 2 294.071 -113.56
734 444.978 156.727 2 302.765 -108.76
735 454.978 156.727 2 311.536 -122.529
736 464.978 156.727 2 320.38 -113.851
737 474.978 156.727 2 329.29 -99.4842
738 484.978 156.727 2 338.261 -95.0683
739 84.9784 166.727 2 168.754 -82.5187
740 94.9784 166.727 2 163.299 -86.552
741 104.978 166.727 2 158.288 -81.8577
742 114.978 166.727 2 153.764 -87.3751
743 124.978 166.727 2 149.773 -80.7409
744 134.978 166.727 2 146.357 -85.1154
745 144.978 166.727 2 143.558 -84.0489
746 154.978 166.727 2 141.412 -80.378
747 164.978 166.727 2 139.95 -80.1245
748 174.978 166.727 2 139.192 -83.4803
749 184.978 166.727 2 139.151 -82.3906
750 194.978 166.727 2 139.826 -80.6427
751 204.978 166.727 2 141.209 -80.1507
752 214.978 166.727 2 143.277 -83.8665
753 224.978 166.727 2 146.003 -250
754 234.978 166.727 2 149.35 -82.8689
755 244.978 166.727 2 153.277 -250
756 254.978 166.727 2 157.741 -250
757 264.978 166.727 2 162.698 -250
758 274.978 166.727 2 168.105 -89.3011
759 284.978 166.727 2 173.919 -88.274
760 294.978 166.727 2 180.1 -250
761 304.978 166.727 2 186.614 -250
762 314.978 166.727 2 193.425 -250
763 324.978 166.727 2 200.503 -250
764 334.978 166.727 2 207.822 -250
765 344.978 166.727 2 215.357 -250
766 354.978 166.727 2 223.085 -116.823
767 364.978 166.727 2 230.988 -103.039
768 374.978 166.727 2 239.048 -250
769 384.978 166.727 2 247.25 -106.562
770 394.978 166.727 2 255.58 -94.4302
771 404.978 166.727 2 264.026 -96.0462
772 414.978 166.727 2 272.577 -97.358
773 424.978 166.727 2 281.223 -104.942
774 434.978 166.727 2 289.957 -91.0881
775 444.978 166.727 2 298.77 -250
776 454.978 166.727 2 307.655 -250
777 464.978 166.727 2 316.608 -250
778 474.978 166.727 2 325.621 -105.95
779 484.978 166.727 2 334.69 -107.367
780 84.9784 176.727 2 162.096 -84.2777
781 94.9784 176.727 2 156.408 -84.6272
782 104.978 176.727 2 151.169 -83.3013
783 114.978 176.727 2 146.426 -85.1009
784 124.978 176.727 2 142.229 -80.7244
785 134.978 176.727 2 138.627 -84.0282
786 144.978 176.727 2 135.669 -83.2307
787 154.978 176.727 2 133.396 -79.442
788 164.978 176.727 2 131.844 -81.4693
789 174.978 176.727 2 131.04 -84.4875
790 184.978 176.727 2 130.996 -84.9487
791 194.978 176.727 2 131.713 -81.9418
792 204.978 176.727 2 133.18 -78.6752
793 214.978 176.727 2 135.371 -80.6622
794 224.978 176.727 2 138.253 -250
795 234.978 176.727 2 141.783 -86.2633
796 244.978 176.727 2 145.914 -250
797 254.978 176.727 2 150.596 -250
798 264.978 176.727 2 155.781 -250
799 274.978 176.727 2 161.419 -98.4443
800 284.978 176.727 2 167.466 -84.2415
801 294.978 176.727 2 173.877 -250
802 304.978 176.727 2 180.615 -250
803 314.978 176.727 2 187.644 -250
804 324.978 176.727 2 194.932 -250
805 334.978 176.727 2 202.453 -250
806 344.978 176.727 2 210.18 -250
807 354.978 176.727 2 218.092 -111.201
808 364.978 176.727 2 226.169 -111.03
809 374.978 176.727 2 234.395 -250
810 384.978 176.727 2 242.754 -113.238
811 394.978 176.727 2 251.233 -103.654
812 404.978 176.727 2 259.82 -96.0601
813 414.978 176.727 2 268.505 -99.0468
814 424.978 176.727 2 277.279 -99.7292
815 434.978 176.727 2 286.133 -104.82
816 444.978 176.727 2 295.06 -250
817 454.978 176.727 2 304.054 -250
818 464.978 176.727 2 313.109 -250
819 474.978 176.727 2 322.22 -129.183
820 484.978 176.727 2 331.383 -123.598
821 84.9784 186.727 2 155.795 -85.7514
822 94.9784 186.727 2 149.869 -80.7493
823 104.978 186.727 2 144.392 -98.1174
824 114.978 186.727 2 139.419 -107.734
825 124.978 186.727 2 135.004 -99.7701
826 134.978 186.727 2 131.204 -83.5165
827 144.978 186.727 2 128.074 -79.0046
828 154.978 186.727 2 125.664 -80.3533
829 164.978 186.727 2 124.016 -86.0737
830 174.978 186.727 2 123.16 -85.0398
831 184.978 186.727 2 123.113 -84.8248
832 194.978 186.727 2 123.877 -86.6583
833 204.978 186.727 2 125.435 -81.1235
834 214.978 186.727 2 127.759 -80.0639
835 224.978 186.727 2 130.808 -250
836 234.978 186.727 2 134.534 -106.8
837 244.978 186.727 2 138.881 -250
838 254.978 186.727 2 143.793 -250
839 264.978 186.727 2 149.214 -250
840 274.978 186.727 2 155.091 -87.9233
841 284.978 186.727 2 161.375 -83.3327
842 294.978 186.727 2 168.019 -82.626
843 304.978 186.727 2 174.982 -86.8741
844 314.978 186.727 2 182.228 -82.8046
845 324.978 186.727 2 189.725 -85.2727
846 334.978 186.727 2 197.444 -250
847 344.978 186.727 2 205.36 -250
848 354.978 186.727 2 213.451 -250
849 364.978 186.727 2 221.697 -250
850 374.978 186.727 2 230.083 -250
851 384.978 186.727 2 238.593 -94.1863
852 394.978 186.727 2 247.215 -107.677
853 404.978 186.727 2 255.937 -99.3876
854 414.978 186.727 2 264.749 -91.0834
855 424.978 186.727 2 273.643 -91.3746
856 434.978 186.727 2 282.611 -89.6235
857 444.978 186.727 2 291.646 -250
858 454.978 186.727 2 300.742 -250
859 464.978 186.727 2 309.894 -250
860 474.978 186.727 2 319.097 -124.844
861 484.978 186.727 2 328.346 -125.148
862 84.9784 196.727 2 149.897 -80.8256
863 94.9784 196.727 2 143.728 -83.3425
864 104.978 196.727 2 138.008 -98.7414
865 114.978 196.727 2 132.795 -119.844
866 124.978 196.727 2 128.152 -124.289
867 134.978 196.727 2 124.143 -93.6276
868 144.978 196.727 2 120.83 -77.9343
869 154.978 196.727 2 118.273 -85.3773
870 164.978 196.727 2 116.52 -80.7734
871 174.978 196.727 2 115.609 -78.3438
872 184.978 196.727 2 115.559 -78.3123
873 194.978 196.727 2 116.372 -80.3115
874 204.978 196.727 2 118.029 -86.0518
875 214.978 196.727 2 120.496 -78.7871
876 224.978 196.727 2 123.725 -250
877 234.978 196.727 2 127.657 -96.6729
878 244.978 196.727 2 132.23 -80.2779
879 254.978 196.727 2 137.38 -89.9827
880 264.978 196.727 2 143.045 -83.1616
881 274.978 196.727 2 149.165 -85.9702
882 284.978 196.727 2 155.688 -87.0109
883 294.978 196.727 2 162.565 -82.5639
884 304.978 196.727 2 169.752 -80.7173
885 314.978 196.727 2 177.212 -82.6789
886 324.978 196.727 2 184.913 -85.1338
887 334.978 196.727 2 192.824 -250
888 344.978 196.727 2 200.922 -250
889 354.978 196.727 2 209.184 -93.6823
890 364.978 196.727 2 217.593 -93.8858
891 374.978 196.727 2 226.131 -92.0963
892 384.978 196.727 2 234.784 -92.4868
893 394.978 196.727 2 243.541 -93.389
894 404.978 196.727 2 252.39 -104.009
895 414.978 196.727 2 261.322 -98.9602
896 424.978 196.727 2 270.329 -250
897 434.978 196.727 2 279.403 -250
898 444.978 196.727 2 288.539 -250
899 454.978 196.727 2 297.73 -250
900 464.978 196.727 2 306.971 -250
901 474.978 196.727 2 316.259 -130.672
902 484.978 196.727 2 325.589 -123.931
903 84.9784 206.727 2 144.451 -84.6906
904 94.9784 206.727 2 138.038 -102.813
905 104.978 206.727 2 132.072 -136.907
906 114.978 206.727 2 126.616 -126.703
907 124.978 206.727 2 121.738 -250
908 134.978 206.727 2 117.51 -86.3281
909 144.978 206.727 2 114.005 -79.3192
910 154.978 206.727 2 111.29 -80.4322
911 164.978 206.727 2 109.426 -78.0313
912 174.978 206.727 2 108.455 -81.6705
913 184.978 206.727 2 108.402 -81.9595
914 194.978 206.727 2 109.268 -78.3375
915 204.978 206.727 2 111.031 -79.2951
916 214.978 206.727 2 113.65 -80.8528
917 224.978 206.727 2 117.068 -82.8803
918 234.978 206.727 2 121.216 -77.4776
919 244.978 206.727 2 126.023 -77.6573
920 254.978 206.727 2 131.417 -81.1664
921 264.978 206.727 2 137.327 -90.8137
922 274.978 206.727 2 143.692 -81.0173
923 284.978 206.727 2 150.452 -79.4037
924 294.978 206.727 2 157.557 -81.0795
925 304.978 206.727 2 164.963 -96.5208
926 314.978 206.727 2 172.63 -95.2462
927 324.978 206.727 2 180.526 -89.6731
928 334.978 206.727 2 188.622 -250
929 344.978 206.727 2 196.893 -250
930 354.978 206.727 2 205.317 -96.1735
931 364.978 206.727 2 213.878 -93.5417
932 374.978 206.727 2 222.558 -93.7219
933 384.978 206.727 2 231.345 -95.2345
934 394.978 206.727 2 240.227 -94.4028
935 404.978 206.727 2 249.194 -103.836
936 414.978 206.727 2 258.236 -118.842
937 424.978 206.727 2 267.347 -250
938 434.978 206.727 2 276.519 -250
939 444.978 206.727 2 285.747 -250
940 454.978 206.727 2 295.025 -250
941 464.978 206.727 2 304.349 -250
942 474.978 206.727 2 313.715 -137.241
943 484.978 206.727 2 323.118 -126.488
944 84.9784 216.727 2 139.51 -82.6921
945 94.9784 216.727 2 132.859 -108.224
946 104.978 216.727 2 126.65 -122.702
947 114.978 216.727 2 120.949 -250
948 124.978 216.727 2 115.832 -250
949 134.978 216.727 2 111.38 -78.0677
950 144.978 216.727 2 107.676 -84.267
951 154.978 216.727 2 104.798 -77.503
952 164.978 216.727 2 102.815 -84.9184
953 174.978 216.727 2 101.782 -78.2683
954 184.978 216.727 2 101.725 -78.0524
955 194.978 216.727 2 102.647 -83.956
956 204.978 216.727 2 104.522 -78.1504
957 214.978 216.727 2 107.301 -84.9506
958 224.978 216.727 2 110.914 -78.823
959 234.978 216.727 2 115.284 -77.5515
960 244.978 216.727 2 120.328 -79.4197
961 254.978 216.727 2 125.966 -78.3649
962 264.978 216.727 2 132.121 -79.9393
963 274.978 216.727 2 138.724 -82.9414
964 284.978 216.727 2 145.715 -81.5765
965 294.978 216.727 2 153.04 -250
966 304.978 216.727 2 160.654 -250
967 314.978 216.727 2 168.518 -250
968 324.978 216.727 2 176.598 -250
969 334.978 216.727 2 184.865 -250
970 344.978 216.727 2 193.297 -250
971 354.978 216.727 2 201.872 -98.6385
972 364.978 216.727 2 210.572 -101.957
973 374.978 216.727 2 219.384 -98.7397
974 384.978 216.727 2 228.293 -96.2006
975 394.978 216.727 2 237.289 -96.9757
976 404.978 216.727 2 246.363 -101.521
977 414.978 216.727 2 255.506 -111.398
978 424.978 216.727 2 264.71 -250
979 434.978 216.727 2 273.971 -250
980 444.978 216.727 2 283.282 -250
981 454.978 216.727 2 292.638 -250
982 464.978 216.727 2 302.036 -250
983 474.978 216.727 2 311.471 -135.248
984 484.978 216.727 2 320.94 -131.642
985 84.9784 226.727 2 135.13 -80.9596
986 94.9784 226.727 2 128.252 -98.8107
987 104.978 226.727 2 121.808 -250
988 114.978 226.727 2 115.869 -250
989 124.978 226.727 2 110.517 -250
990 134.978 226.727 2 105.842 -78.4712
991 144.978 226.727 2 101.937 -78.3634
992 154.978 226.727 2 98.8916 -86.0756
993 164.978 226.727 2 96.7886 -76.2788
994 174.978 226.727 2 95.6897 -80.8495
995 184.978 226.727 2 95.6295 -81.2832
996 194.978 226.727 2 96.6099 -76.4694
997 204.978 226.727 2 98.6 -84.2893
998 214.978 226.727 2 101.54 -77.4561
999 224.978 226.727 2 105.351 -77.0762
1000 234.978 226.727 2 109.943 -77.5507
1001 244.978 226.727 2 115.221 -77.9157
1002 254.978 226.727 2 121.097 -79.9509
1003 264.978 226.727 2 127.487 -81.2464
1004 274.978 226.727 2 134.318 -78.3112
1005 284.978 226.727 2 141.527 -80.9372
1006 294.978 226.727 2 149.058 -250
1007 304.978 226.727 2 156.865 -250
1008 314.978 226.727 2 164.91 -250
1009 324.978 226.727 2 173.158 -250
1010 334.978 226.727 2 181.583 -250
1011 344.978 226.727 2 190.16 -250
1012 354.978 226.727 2 198.87 -101.578
1013 364.978 226.727 2 207.696 -99.4966
1014 374.978 226.727 2 216.624 -106.667
1015 384.978 226.727 2 225.643 -103.765
1016 394.978 226.727 2 234.741 -97.3574
1017 404.978 226.727 2 243.909 -93.6193
1018 414.978 226.727 2 253.14 -94.362
1019 424.978 226.727 2 262.428 -250
1020 434.978 226.727 2 271.767 -250
1021 444.978 226.727 2 281.15 -250
1022 454.978 226.727 2 290.575 -250
1023 464.978 226.727 2 300.037 -250
1024 474.978 226.727 2 309.533 -132.07
1025 484.978 226.727 2 319.06 -123.721
1026 84.9784 236.727 2 131.367 -83.7128
1027 94.9784 236.727 2 124.281 -85.9721
1028 104.978 236.727 2 117.619 -85.0908
1029 114.978 236.727 2 111.457 -83.9421
1030 124.978 236.727 2 105.883 -250
1031 134.978 236.727 2 100.993 -76.1245
1032 144.978 236.727 2 96.8921 -76.3414
1033 154.978 236.727 2 93.6833 -76.5522
1034 164.978 236.727 2 91.4606 -85.5451
1035 174.978 236.727 2 90.2969 -76.4358
1036 184.978 236.727 2 90.2331 -76.2622
1037 194.978 236.727 2 91.2715 -84.5329
1038 204.978 236.727 2 93.3755 -75.8541
1039 214.978 236.727 2 96.4752 -76.6866
1040 224.978 236.727 2 100.479 -77.0697
1041 234.978 236.727 2 105.283 -77.1624
1042 244.978 236.727 2 110.783 -78.8265
1043 254.978 236.727 2 116.882 -82.3883
1044 264.978 236.727 2 123.49 -86.9729
1045 274.978 236.727 2 130.531 -85.3161
1046 284.978 236.727 2 137.938 -82.1214
1047 294.978 236.727 2 145.655 -250
1048 304.978 236.727 2 153.635 -250
1049 314.978 236.727 2 161.84 -250
1050 324.978 236.727 2 170.237 -250
1051 334.978 236.727 2 178.799 -250
1052 344.978 236.727 2 187.504 -250
1053 354.978 236.727 2 196.332 -106.871
1054 364.978 236.727 2 205.267 -104.897
1055 374.978 236.727 2 214.297 -83.9088
1056 384.978 236.727 2 223.409 -91.7926
1057 394.978 236.727 2 232.594 -90.628
1058 404.978 236.727 2 241.844 -92.2366
1059 414.978 236.727 2 251.152 -250
1060 424.978 236.727 2 260.51 -250
1061 434.978 236.727 2 269.915 -250
1062 444.978 236.727 2 279.361 -250
1063 454.978 236.727 2 288.844 -250
1064 464.978 236.727 2 298.361 -250
1065 474.978 236.727 2 307.909 -129.779
1066 484.978 236.727 2 317.485 -122.244
1067 84.9784 246.727 2 128.274 -80.6095
1068 94.9784 246.727 2 121.007 -77.6896
1069 104.978 246.727 2 114.154 -78.4036
1070 114.978 246.727 2 107.795 -81.0421
1071 124.978 246.727 2 102.02 -77.9494
1072 134.978 246.727 2 96.9362 -75.8859
1073 144.978 246.727 2 92.6558 -76.8774
1074 154.978 246.727 2 89.2949 -76.6251
1075 164.978 246.727 2 86.9601 -75.7643
1076 174.978 246.727 2 85.7353 -77.9583
1077 184.978 246.727 2 85.6681 -78.5796
1078 194.978 246.727 2 86.7612 -75.2298
1079 204.978 246.727 2 88.9719 -77.8083
1080 214.978 246.727 2 92.2197 -79.0927
1081 224.978 246.727 2 96.4 -76.9926
1082 234.978 246.727 2 101.397 -77.1538
1083 244.978 246.727 2 107.098 -84.1296
1084 254.978 246.727 2 113.395 -82.2331
1085 264.978 246.727 2 120.195 -78.7283
1086 274.978 246.727 2 127.418 -79.2617
1087 284.978 246.727 2 134.996 -81.0934
1088 294.978 246.727 2 142.872 -81.6245
1089 304.978 246.727 2 150.999 -82.325
1090 314.978 246.727 2 159.34 -77.9146
1091 324.978 246.727 2 167.862 -78.345
1092 334.978 246.727 2 176.54 -80.9952
1093 344.978 246.727 2 185.35 -81.3274
1094 354.978 246.727 2 194.276 -81.1958
1095 364.978 246.727 2 203.302 -103.914
1096 374.978 246.727 2 212.415 -84.8155
1097 384.978 246.727 2 221.605 -89.9328
1098 394.978 246.727 2 230.862 -85.3507
1099 404.978 246.727 2 240.178 -88.4278
1100 414.978 246.727 2 249.548 -87.6875
1101 424.978 246.727 2 258.964 -92.4382
1102 434.978 246.727 2 268.423 -90.4646
1103 444.978 246.727 2 277.92 -84.7208
1104 454.978 246.727 2 287.451 -83.6326
1105 464.978 246.727 2 297.013 -85.1029
1106 474.978 246.727 2 306.602 -87.4803
1107 484.978 246.727 2 316.217 -94.919
1108 84.9784 256.727 2 125.902 -79.9094
1109 94.9784 256.727 2 118.489 -84.304
1110 104.978 256.727 2 111.482 -81.2712
1111 114.978 256.727 2 104.96 -77.7878
1112 124.978 256.727 2 99.021 -103.966
1113 134.978 256.727 2 93.7744 -111.192
1114 144.978 256.727 2 89.3427 -115.241
1115 154.978 256.727 2 85.8522 -113.156
1116 164.978 256.727 2 83.4211 -120.351
1117 174.978 256.727 2 82.1436 -91.2344
1118 184.978 256.727 2 82.0734 -85.2286
1119 194.978 256.727 2 83.2138 -75.1729
1120 204.978 256.727 2 85.5162 -80.1547
1121 214.978 256.727 2 88.8904 -78.3868
1122 224.978 256.727 2 93.22 -75.4657
1123 234.978 256.727 2 98.3792 -81.6016
1124 244.978 256.727 2 104.245 -78.2262
1125 254.978 256.727 2 110.704 -98.46
1126 264.978 256.727 2 117.66 -97.6529
1127 274.978 256.727 2 125.03 -102.078
1128 284.978 256.727 2 132.744 -97.1137
1129 294.978 256.727 2 140.746 -82.9372
1130 304.978 256.727 2 148.989 -81.9148
1131 314.978 256.727 2 157.437 -80.8754
1132 324.978 256.727 2 166.057 -93.437
1133 334.978 256.727 2 174.824 -94.1782
1134 344.978 256.727 2 183.717 -86.4634
1135 354.978 256.727 2 192.718 -85.6617
1136 364.978 256.727 2 201.814 -84.1139
1137 374.978 256.727 2 210.991 -84.1386
1138 384.978 256.727 2 220.24 -85.7962
1139 394.978 256.727 2 229.552 -88.2895
1140 404.978 256.727 2 238.92 -87.746
1141 414.978 256.727 2 248.337 -87.3265
1142 424.978 256.727 2 257.798 -93.0552
1143 434.978 256.727 2 267.298 -96.1001
1144 444.978 256.727 2 276.833 -98.2841
1145 454.978 256.727 2 286.4 -100.11
1146 464.978 256.727 2 295.996 -106.964
1147 474.978 256.727 2 305.617 -98.3041
1148 484.978 256.727 2 315.263 -98.4854
1149 84.9784 266.727 2 124.291 -85.3107
1150 94.9784 266.727 2 116.776 -81.928
1151 104.978 266.727 2 109.66 -77.6562
1152 114.978 266.727 2 103.023 -86.6137
1153 124.978 266.727 2 96.9648 -106.636
1154 134.978 266.727 2 91.6005 -250
1155 144.978 266.727 2 87.0582 -250
1156 154.978 266.727 2 83.4723 -250
1157 164.978 266.727 2 80.9698 -250
1158 174.978 266.727 2 79.6529 -86.6929
1159 184.978 266.727 2 79.5806 -83.2556
1160 194.978 266.727 2 80.7561 -74.397
1161 204.978 266.727 2 83.1266 -75.5092
1162 214.978 266.727 2 86.594 -75.1035
1163 224.978 266.727 2 91.0329 -82.0045
1164 234.978 266.727 2 96.3093 -76.889
1165 244.978 266.727 2 102.294 -250
1166 254.978 266.727 2 108.869 -250
1167 264.978 266.727 2 115.935 -250
1168 274.978 266.727 2 123.407 -93.8922
1169 284.978 266.727 2 131.217 -92.2059
1170 294.978 266.727 2 139.307 -250
1171 304.978 266.727 2 147.631 -250
1172 314.978 266.727 2 156.152 -250
1173 324.978 266.727 2 164.839 -250
1174 334.978 266.727 2 173.667 -250
1175 344.978 266.727 2 182.616 -250
1176 354.978 266.727 2 191.67 -250
1177 364.978 266.727 2 200.813 -250
1178 374.978 266.727 2 210.034 -250
1179 384.978 266.727 2 219.323 -250
1180 394.978 266.727 2 228.673 -250
1181 404.978 266.727 2 238.075 -250
1182 414.978 266.727 2 247.524 -250
1183 424.978 266.727 2 257.015 -250
1184 434.978 266.727 2 266.543 -250
1185 444.978 266.727 2 276.104 -250
1186 454.978 266.727 2 285.696 -250
1187 464.978 266.727 2 295.314 -250
1188 474.978 266.727 2 304.957 -131.062
1189 484.978 266.727 2 314.623 -116.804
1190 84.9784 276.727 2 123.472 -86.1201
1191 94.9784 276.727 2 115.904 -78.9626
1192 104.978 276.727 2 108.73 -80.1088
1193 114.978 276.727 2 102.033 -81.0428
1194 124.978 276.727 2 95.9124 -108.264
1195 134.978 276.727 2 90.4858 -250
1196 144.978 276.727 2 85.8846 -250
1197 154.978 276.727 2 82.2474 -250
1198 164.978 276.727 2 79.7065 -250
1199 174.978 276.727 2 78.3684 -74.1302
1200 184.978 276.727 2 78.2949 -74.2466
1201 194.978 276.727 2 79.4894 -84.2945
1202 204.978 276.727 2 81.8966 -82.9749
1203 214.978 276.727 2 85.4139 -81.1648
1204 224.978 276.727 2 89.9111 -75.646
1205 234.978 276.727 2 95.2497 -84.6699
1206 244.978 276.727 2 101.296 -250
1207 254.978 276.727 2 107.933 -250
1208 264.978 276.727 2 115.056 -250
1209 274.978 276.727 2 122.582 -103.075
1210 284.978 276.727 2 130.441 -93.9705
1211 294.978 276.727 2 138.576 -250
1212 304.978 276.727 2 146.942 -250
1213 314.978 276.727 2 155.5 -250
1214 324.978 276.727 2 164.222 -250
1215 334.978 276.727 2 173.082 -250
1216 344.978 276.727 2 182.06 -250
1217 354.978 276.727 2 191.139 -250
1218 364.978 276.727 2 200.307 -250
1219 374.978 276.727 2 209.55 -250
1220 384.978 276.727 2 218.86 -250
1221 394.978 276.727 2 228.228 -250
1222 404.978 276.727 2 237.648 -250
1223 414.978 276.727 2 247.114 -250
1224 424.978 276.727 2 256.62 -250
1225 434.978 276.727 2 266.162 -250
1226 444.978 276.727 2 275.737 -250
1227 454.978 276.727 2 285.34 -250
1228 464.978 276.727 2 294.97 -250
1229 474.978 276.727 2 304.624 -109.348
1230 484.978 276.727 2 314.3 -116.962
1231 84.9784 286.727 2 123.46 -86.0604
1232 94.9784 286.727 2 115.891 -78.9002
1233 104.978 286.727 2 108.716 -80.1176
1234 114.978 286.727 2 102.018 -80.942
1235 124.978 286.727 2 95.8969 -108.109
1236 134.978 286.727 2 90.4693 -250
1237 144.978 286.727 2 85.8672 -250
1238 154.978 286.727 2 82.2293 -250
1239 164.978 286.727 2 79.6878 -250
1240 174.978 286.727 2 78.3494 -74.0328
1241 184.978 286.727 2 78.2758 -74.3256
1242 194.978 286.727 2 79.4707 -84.7413
1243 204.978 286.727 2 81.8784 -82.6195
1244 214.978 286.727 2 85.3964 -81.5248
1245 224.978 286.727 2 89.8946 -75.7418
1246 234.978 286.727 2 95.234 -84.8874
1247 244.978 286.727 2 101.282 -250
1248 254.978 286.727 2 107.919 -250
1249 264.978 286.727 2 115.043 -250
1250 274.978 286.727 2 122.57 -102.64
1251 284.978 286.727 2 130.43 -95.0548
1252 294.978 286.727 2 138.566 -250
1253 304.978 286.727 2 146.932 -250
1254 314.978 286.727 2 155.491 -250
1255 324.978 286.727 2 164.213 -250
1256 334.978 286.727 2 173.073 -250
1257 344.978 286.727 2 182.052 -250
1258 354.978 286.727 2 191.132 -250
1259 364.978 286.727 2 200.299 -250
1260 374.978 286.727 2 209.543 -250
1261 384.978 286.727 2 218.853 -250
1262 394.978 286.727 2 228.222 -250
1263 404.978 286.727 2 237.642 -250
1264 414.978 286.727 2 247.108 -250
1265 424.978 286.727 2 256.614 -250
1266 434.978 286.727 2 266.156 -250
1267 444.978 286.727 2 275.731 -250
1268 454.978 286.727 2 285.335 -250
1269 464.978 286.727 2 294.965 -250
1270 474.978 286.727 2 304.62 -111.988
1271 484.978 286.727 2 314.295 -118.616
1272 84.9784 296.727 2 124.255 -85.5098
1273 94.9784 296.727 2 116.738 -81.8777
1274 104.978 296.727 2 109.619 -77.7328
1275 114.978 296.727 2 102.979 -86.9735
1276 124.978 296.727 2 96.9187 -106.917
1277 134.978 296.727 2 91.5517 -250
1278 144.978 296.727 2 87.0069 -250
1279 154.978 296.727 2 83.4187 -250
1280 164.978 296.727 2 80.9145 -250
1281 174.978 296.727 2 79.5967 -87.3007
1282 184.978 296.727 2 79.5244 -83.6688
1283 194.978 296.727 2 80.7007 -74.4804
1284 204.978 296.727 2 83.0728 -75.8815
1285 214.978 296.727 2 86.5423 -75.1446
1286 224.978 296.727 2 90.9838 -81.2615
1287 234.978 296.727 2 96.2628 -76.7184
1288 244.978 296.727 2 102.25 -250
1289 254.978 296.727 2 108.828 -250
1290 264.978 296.727 2 115.896 -250
1291 274.978 296.727 2 123.371 -95.8796
1292 284.978 296.727 2 131.183 -91.8548
1293 294.978 296.727 2 139.275 -250
1294 304.978 296.727 2 147.601 -250
1295 314.978 296.727 2 156.123 -250
1296 324.978 296.727 2 164.812 -115.146
1297 334.978 296.727 2 173.641 -132.568
1298 344.978 296.727 2 182.592 -85.7653
1299 354.978 296.727 2 191.646 -82.6428
1300 364.978 296.727 2 200.79 -82.6377
1301 374.978 296.727 2 210.013 -90.1698
1302 384.978 296.727 2 219.303 -90.5551
1303 394.978 296.727 2 228.653 -87.094
1304 404.978 296.727 2 238.056 -90.5735
1305 414.978 296.727 2 247.506 -93.2036
1306 424.978 296.727 2 256.997 -93.3431
1307 434.978 296.727 2 266.526 -250
1308 444.978 296.727 2 276.088 -250
1309 454.978 296.727 2 285.68 -250
1310 464.978 296.727 2 295.299 -250
1311 474.978 296.727 2 304.943 -112.831
1312 484.978 296.727 2 314.609 -114.037
1313 84.9784 306.727 2 125.842 -79.7587
1314 94.9784 306.727 2 118.426 -84.7253
1315 104.978 306.727 2 111.415 -80.9005
1316 114.978 306.727 2 104.889 -77.7949
1317 124.978 306.727 2 98.9457 -106.716
1318 134.978 306.727 2 93.6949 -250
1319 144.978 306.727 2 89.2592 -250
1320 154.978 306.727 2 85.7653 -250
1321 164.978 306.727 2 83.3317 -250
1322 174.978 306.727 2 82.0528 -87.824
1323 184.978 306.727 2 81.9826 -84.8394
1324 194.978 306.727 2 83.1241 -75.7745
1325 204.978 306.727 2 85.429 -81.0989
1326 214.978 306.727 2 88.8065 -79.3075
1327 224.978 306.727 2 93.1401 -75.5076
1328 234.978 306.727 2 98.3034 -80.5008
1329 244.978 306.727 2 104.173 -250
1330 254.978 306.727 2 110.637 -250
1331 264.978 306.727 2 117.597 -250
1332 274.978 306.727 2 124.97 -94.839
1333 284.978 306.727 2 132.687 -94.7779
1334 294.978 306.727 2 140.693 -250
1335 304.978 306.727 2 148.939 -250
1336 314.978 306.727 2 157.389 -250
1337 324.978 306.727 2 166.012 -105.62
1338 334.978 306.727 2 174.781 -250
1339 344.978 306.727 2 183.676 -250
1340 354.978 306.727 2 192.679 -250
1341 364.978 306.727 2 201.777 -116.918
1342 374.978 306.727 2 210.956 -250
1343 384.978 306.727 2 220.206 -250
1344 394.978 306.727 2 229.52 -250
1345 404.978 306.727 2 238.889 -250
1346 414.978 306.727 2 248.307 -250
1347 424.978 306.727 2 257.769 -250
1348 434.978 306.727 2 267.27 -250
1349 444.978 306.727 2 276.806 -250
1350 454.978 306.727 2 286.374 -250
1351 464.978 306.727 2 295.971 -250
1352 474.978 306.727 2 305.593 -100.391
1353 484.978 306.727 2 315.239 -118.344
1354 84.9784 316.727 2 128.193 -80.6945
1355 94.9784 316.727 2 120.921 -79.2184
1356 104.978 316.727 2 114.063 -80.0596
1357 114.978 316.727 2 107.698 -84.7603
1358 124.978 316.727 2 101.918 -98.2667
1359 134.978 316.727 2 96.8285 -250
1360 144.978 316.727 2 92.5431 -250
1361 154.978 316.727 2 89.178 -250
1362 164.978 316.727 2 86.8401 -250
1363 174.978 316.727 2 85.6135 -78.8508
1364 184.978 316.727 2 85.5462 -80.5487
1365 194.978 316.727 2 86.6409 -75.2807
1366 204.978 316.727 2 88.8545 -77.8288
1367 214.978 316.727 2 92.1065 -81.1538
1368 224.978 316.727 2 96.2917 -77.6138
1369 234.978 316.727 2 101.294 -76.5186
1370 244.978 316.727 2 107 -250
1371 254.978 316.727 2 113.303 -250
1372 264.978 316.727 2 120.108 -250
1373 274.978 316.727 2 127.336 -102.86
1374 284.978 316.727 2 134.918 -97.9263
1375 294.978 316.727 2 142.799 -250
1376 304.978 316.727 2 150.93 -250
1377 314.978 316.727 2 159.275 -250
1378 324.978 316.727 2 167.8 -104.736
1379 334.978 316.727 2 176.481 -250
1380 344.978 316.727 2 185.294 -250
1381 354.978 316.727 2 194.222 -250
1382 364.978 316.727 2 203.251 -116.369
1383 374.978 316.727 2 212.366 -250
1384 384.978 316.727 2 221.558 -250
1385 394.978 316.727 2 230.817 -250
1386 404.978 316.727 2 240.135 -250
1387 414.978 316.727 2 249.506 -250
1388 424.978 316.727 2 258.924 -250
1389 434.978 316.727 2 268.384 -250
1390 444.978 316.727 2 277.883 -250
1391 454.978 316.727 2 287.415 -250
1392 464.978 316.727 2 296.978 -250
1393 474.978 316.727 2 306.568 -124.011
1394 484.978 316.727 2 316.184 -100.175
1395 84.9784 326.727 2 131.264 -83.816
1396 94.9784 326.727 2 124.173 -86.9544
1397 104.978 326.727 2 117.505 -85.7847
1398 114.978 326.727 2 111.336 -82.7249
1399 124.978 326.727 2 105.756 -78.6417
1400 134.978 326.727 2 100.86 -80.5284
1401 144.978 326.727 2 96.7536 -75.3824
1402 154.978 326.727 2 93.54 -76.5781
1403 164.978 326.727 2 91.3138 -76.3344
1404 174.978 326.727 2 90.1482 -73.988
1405 184.978 326.727 2 90.0843 -77.1258
1406 194.978 326.727 2 91.1244 -81.9696
1407 204.978 326.727 2 93.2317 -76.1914
1408 214.978 326.727 2 96.336 -76.4471
1409 224.978 326.727 2 100.345 -75.9216
1410 234.978 326.727 2 105.155 -77.4301
1411 244.978 326.727 2 110.662 -77.4547
1412 254.978 326.727 2 116.767 -99.5528
1413 264.978 326.727 2 123.382 -112.977
1414 274.978 326.727 2 130.428 -110.487
1415 284.978 326.727 2 137.84 -102.763
1416 294.978 326.727 2 145.563 -84.0795
1417 304.978 326.727 2 153.548 -89.0304
1418 314.978 326.727 2 161.757 -93.0195
1419 324.978 326.727 2 170.159 -92.6342
1420 334.978 326.727 2 178.724 -97.914
1421 344.978 326.727 2 187.432 -85.5079
1422 354.978 326.727 2 196.264 -93.642
1423 364.978 326.727 2 205.202 -92.5792
1424 374.978 326.727 2 214.234 -95.4693
1425 384.978 326.727 2 223.349 -95.5091
1426 394.978 326.727 2 232.537 -92.5441
1427 404.978 326.727 2 241.789 -97.8107
1428 414.978 326.727 2 251.098 -103.234
1429 424.978 326.727 2 260.459 -106.039
1430 434.978 326.727 2 269.865 -96.8395
1431 444.978 326.727 2 279.313 -98.4569
1432 454.978 326.727 2 288.798 -107.499
1433 464.978 326.727 2 298.316 -106.931
1434 474.978 326.727 2 307.865 -109.26
1435 484.978 326.727 2 317.442 -102.955
1436 84.9784 336.727 2 135.009 -78.6084
1437 94.9784 336.727 2 128.124 -80.0656
1438 104.978 336.727 2 121.673 -79.4106
1439 114.978 336.727 2 115.727 -81.0131
1440 124.978 336.727 2 110.369 -76.8884
1441 134.978 336.727 2 105.687 -77.4908
1442 144.978 336.727 2 101.776 -79.1694
1443 154.978 336.727 2 98.7256 -81.4103
1444 164.978 336.727 2 96.619 -75.6401
1445 174.978 336.727 2 95.5181 -81.8797
1446 184.978 336.727 2 95.4578 -81.2428
1447 194.978 336.727 2 96.44 -76.9804
1448 204.978 336.727 2 98.4335 -82.6577
1449 214.978 336.727 2 101.379 -76.9586
1450 224.978 336.727 2 105.196 -76.9857
1451 234.978 336.727 2 109.793 -77.7259
1452 244.978 336.727 2 115.079 -78.2136
1453 254.978 336.727 2 120.961 -81.2829
1454 264.978 336.727 2 127.358 -76.6704
1455 274.978 336.727 2 134.196 -79.8344
1456 284.978 336.727 2 141.411 -79.7098
1457 294.978 336.727 2 148.948 -81.1891
1458 304.978 336.727 2 156.761 -83.2303
1459 314.978 336.727 2 164.81 -87.4814
1460 324.978 336.727 2 173.063 -84.6617
1461 334.978 336.727 2 181.492 -83.4951
1462 344.978 336.727 2 190.073 -88.6731
1463 354.978 336.727 2 198.787 -84.8092
1464 364.978 336.727 2 207.617 -86.1362
1465 374.978 336.727 2 216.549 -86.1224
1466 384.978 336.727 2 225.57 -84.6973
1467 394.978 336.727 2 234.671 -86.7721
1468 404.978 336.727 2 243.842 -96.241
1469 414.978 336.727 2 253.076 -87.941
1470 424.978 336.727 2 262.366 -84.8485
1471 434.978 336.727 2 271.706 -84.845
1472 444.978 336.727 2 281.092 -85.8482
1473 454.978 336.727 2 290.519 -116.43
1474 464.978 336.727 2 299.983 -88.5673
1475 474.978 336.727 2 309.481 -84.4784
1476 484.978 336.727 2 319.009 -94.0436
1477 84.9784 346.727 2 139.371 -82.1206
1478 94.9784 346.727 2 132.714 -80.5743
1479 104.978 346.727 2 126.496 -98.0502
1480 114.978 346.727 2 120.788 -250
1481 124.978 346.727 2 115.665 -250
1482 134.978 346.727 2 111.206 -250
1483 144.978 346.727 2 107.496 -250
1484 154.978 346.727 2 104.612 -250
1485 164.978 346.727 2 102.627 -250
1486 174.978 346.727 2 101.591 -250
1487 184.978 346.727 2 101.534 -76.8388
1488 194.978 346.727 2 102.458 -82.6798
1489 204.978 346.727 2 104.337 -79.4461
1490 214.978 346.727 2 107.12 -85.8232
1491 224.978 346.727 2 110.739 -77.9603
1492 234.978 346.727 2 115.116 -76.4433
1493 244.978 346.727 2 120.167 -250
1494 254.978 346.727 2 125.812 -250
1495 264.978 346.727 2 131.974 -250
1496 274.978 346.727 2 138.584 -114.197
1497 284.978 346.727 2 145.582 -89.534
1498 294.978 346.727 2 152.913 -85.1701
1499 304.978 346.727 2 160.533 -82.6136
1500 314.978 346.727 2 168.403 -82.4442
1501 324.978 346.727 2 176.488 -87.9433
1502 334.978 346.727 2 184.761 -84.2647
1503 344.978 346.727 2 193.197 -85.1371
1504 354.978 346.727 2 201.776 -87.597
1505 364.978 346.727 2 210.48 -84.8563
1506 374.978 346.727 2 219.295 -84.0892
1507 384.978 346.727 2 228.208 -250
1508 394.978 346.727 2 237.207 -250
1509 404.978 346.727 2 246.284 -250
1510 414.978 346.727 2 255.43 -250
1511 424.978 346.727 2 264.637 -250
1512 434.978 346.727 2 273.9 -250
1513 444.978 346.727 2 283.213 -104.336
1514 454.978 346.727 2 292.572 -250
1515 464.978 346.727 2 301.971 -250
1516 474.978 346.727 2 311.408 -104.695
1517 484.978 346.727 2 320.88 -97.2694
1518 84.9784 356.727 2 144.296 -84.9652
1519 94.9784 356.727 2 137.876 -96.6606
1520 104.978 356.727 2 131.903 -250
1521 114.978 356.727 2 126.439 -250
1522 124.978 356.727 2 121.554 -250
1523 134.978 356.727 2 117.319 -250
1524 144.978 356.727 2 113.808 -250
1525 154.978 356.727 2 111.089 -250
1526 164.978 356.727 2 109.221 -250
1527 174.978 356.727 2 108.249 -250
1528 184.978 356.727 2 108.195 -81.7395
1529 194.978 356.727 2 109.063 -76.275
1530 204.978 356.727 2 110.83 -78.3763
1531 214.978 356.727 2 113.453 -78.5167
1532 224.978 356.727 2 116.877 -83.3823
1533 234.978 356.727 2 121.032 -77.2305
1534 244.978 356.727 2 125.846 -250
1535 254.978 356.727 2 131.246 -250
1536 264.978 356.727 2 137.164 -250
1537 274.978 356.727 2 143.536 -114.079
1538 284.978 356.727 2 150.303 -89.3898
1539 294.978 356.727 2 157.415 -81.219
1540 304.978 356.727 2 164.827 -86.1894
1541 314.978 356.727 2 172.501 -84.2946
1542 324.978 356.727 2 180.402 -83.7045
1543 334.978 356.727 2 188.503 -88.1036
1544 344.978 356.727 2 196.779 -83.602
1545 354.978 356.727 2 205.208 -89.4496
1546 364.978 356.727 2 213.773 -87.0167
1547 374.978 356.727 2 222.458 -89.3019
1548 384.978 356.727 2 231.249 -89.2417
1549 394.978 356.727 2 240.134 -250
1550 404.978 356.727 2 249.104 -250
1551 414.978 356.727 2 258.15 -250
1552 424.978 356.727 2 267.264 -250
1553 434.978 356.727 2 276.439 -250
1554 444.978 356.727 2 285.669 -111.891
1555 454.978 356.727 2 294.95 -250
1556 464.978 356.727 2 304.276 -250
1557 474.978 356.727 2 313.643 -93.8547
1558 484.978 356.727 2 323.049 -100.54
1559 84.9784 366.727 2 149.728 -84.0946
1560 94.9784 366.727 2 143.551 -112.539
1561 104.978 366.727 2 137.824 -250
1562 114.978 366.727 2 132.604 -250
1563 124.978 366.727 2 127.955 -250
1564 134.978 366.727 2 123.939 -250
1565 144.978 366.727 2 120.621 -250
1566 154.978 366.727 2 118.058 -250
1567 164.978 366.727 2 116.303 -250
1568 174.978 366.727 2 115.39 -250
1569 184.978 366.727 2 115.34 -87.9026
1570 194.978 366.727 2 116.154 -250
1571 204.978 366.727 2 117.814 -250
1572 214.978 366.727 2 120.286 -250
1573 224.978 366.727 2 123.52 -250
1574 234.978 366.727 2 127.458 -250
1575 244.978 366.727 2 132.038 -250
1576 254.978 366.727 2 137.196 -250
1577 264.978 366.727 2 142.867 -250
1578 274.978 366.727 2 148.995 -113.619
1579 284.978 366.727 2 155.525 -92.0841
1580 294.978 366.727 2 162.409 -86.8047
1581 304.978 366.727 2 169.603 -84.8083
1582 314.978 366.727 2 177.069 -86.5353
1583 324.978 366.727 2 184.776 -84.767
1584 334.978 366.727 2 192.693 -85.2631
1585 344.978 366.727 2 200.796 -85.9309
1586 354.978 366.727 2 209.063 -86.1893
1587 364.978 366.727 2 217.476 -88.4361
1588 374.978 366.727 2 226.019 -86.5046
1589 384.978 366.727 2 234.676 -86.5443
1590 394.978 366.727 2 243.437 -250
1591 404.978 366.727 2 252.289 -250
1592 414.978 366.727 2 261.225 -250
1593 424.978 366.727 2 270.235 -250
1594 434.978 366.727 2 279.312 -250
1595 444.978 366.727 2 288.451 -115.102
1596 454.978 366.727 2 297.645 -250
1597 464.978 366.727 2 306.889 -250
1598 474.978 366.727 2 316.179 -99.8522
1599 484.978 366.727 2 325.511 -101.142
1600 84.9784 376.727 2 155.613 -96.9288
1601 94.9784 376.727 2 149.679 -93.0634
1602 104.978 376.727 2 144.196 -250
1603 114.978 376.727 2 139.215 -250
1604 124.978 376.727 2 134.794 -250
1605 134.978 376.727 2 130.988 -250
1606 144.978 376.727 2 127.853 -250
1607 154.978 376.727 2 125.439 -250
1608 164.978 376.727 2 123.787 -250
1609 174.978 376.727 2 122.93 -250
1610 184.978 376.727 2 122.883 -81.9986
1611 194.978 376.727 2 123.648 -250
1612 204.978 376.727 2 125.209 -250
1613 214.978 376.727 2 127.537 -250
1614 224.978 376.727 2 130.592 -250
1615 234.978 376.727 2 134.323 -250
1616 244.978 376.727 2 138.676 -250
1617 254.978 376.727 2 143.595 -250
1618 264.978 376.727 2 149.024 -250
1619 274.978 376.727 2 154.908 -116.545
1620 284.978 376.727 2 161.199 -87.7985
1621 294.978 376.727 2 167.85 -82.0078
1622 304.978 376.727 2 174.82 -86.3201
1623 314.978 376.727 2 182.073 -83.3894
1624 324.978 376.727 2 189.576 -87.8305
1625 334.978 376.727 2 197.301 -84.2799
1626 344.978 376.727 2 205.222 -84.7575
1627 354.978 376.727 2 213.318 -86.4264
1628 364.978 376.727 2 221.569 -91.1801
1629 374.978 376.727 2 229.96 -84.0758
1630 384.978 376.727 2 238.474 -250
1631 394.978 376.727 2 247.1 -250
1632 404.978 376.727 2 255.826 -250
1633 414.978 376.727 2 264.642 -250
1634 424.978 376.727 2 273.539 -250
1635 434.978 376.727 2 282.511 -250
1636 444.978 376.727 2 291.549 -250
1637 454.978 376.727 2 300.648 -250
1638 464.978 376.727 2 309.803 -250
1639 474.978 376.727 2 319.008 -103.046
1640 484.978 376.727 2 328.26 -104.48
1641 84.9784 386.727 2 161.903 -101.191
1642 94.9784 386.727 2 156.208 -104.37
1643 104.978 386.727 2 150.962 -92.2416
1644 114.978 386.727 2 146.212 -250
1645 124.978 386.727 2 142.008 -250
1646 134.978 386.727 2 138.401 -250
1647 144.978 386.727 2 135.438 -250
1648 154.978 386.727 2 133.161 -250
1649 164.978 386.727 2 131.607 -250
1650 174.978 386.727 2 130.801 -250
1651 184.978 386.727 2 130.757 -82.9095
1652 194.978 386.727 2 131.475 -250
1653 204.978 386.727 2 132.945 -250
1654 214.978 386.727 2 135.14 -250
1655 224.978 386.727 2 138.026 -250
1656 234.978 386.727 2 141.562 -250
1657 244.978 386.727 2 145.699 -250
1658 254.978 386.727 2 150.388 -250
1659 264.978 386.727 2 155.58 -250
1660 274.978 386.727 2 161.225 -112.804
1661 284.978 386.727 2 167.279 -96.194
1662 294.978 386.727 2 173.697 -84.5027
1663 304.978 386.727 2 180.441 -83.3097
1664 314.978 386.727 2 187.477 -87.4039
1665 324.978 386.727 2 194.772 -84.3491
1666 334.978 386.727 2 202.298 -85.1647
1667 344.978 386.727 2 210.031 -85.0658
1668 354.978 386.727 2 217.948 -87.482
1669 364.978 386.727 2 226.031 -85.065
1670 374.978 386.727 2 234.262 -82.603
1671 384.978 386.727 2 242.625 -250
1672 394.978 386.727 2 251.108 -250
1673 404.978 386.727 2 259.7 -250
1674 414.978 386.727 2 268.388 -250
1675 424.978 386.727 2 277.166 -250
1676 434.978 386.727 2 286.023 -250
1677 444.978 386.727 2 294.954 -250
1678 454.978 386.727 2 303.951 -250
1679 464.978 386.727 2 313.009 -250
1680 474.978 386.727 2 322.123 -98.5493
1681 484.978 386.727 2 331.288 -101.633
1682 84.9784 396.727 2 168.551 -99.4549
1683 94.9784 396.727 2 163.089 -113.272
1684 104.978 396.727 2 158.071 -91.7279
1685 114.978 396.727 2 153.541 -93.8836
1686 124.978 396.727 2 149.544 -91.4105
1687 134.978 396.727 2 146.123 -98.1484
1688 144.978 396.727 2 143.319 -95.3543
1689 154.978 396.727 2 141.17 -101.586
1690 164.978 396.727 2 139.704 -93.1675
1691 174.978 396.727 2 138.945 -100.711
1692 184.978 396.727 2 138.904 -83.5332
1693 194.978 396.727 2 139.581 -96.3161
1694 204.978 396.727 2 140.966 -90.6962
1695 214.978 396.727 2 143.038 -88.8618
1696 224.978 396.727 2 145.768 -88.5414
1697 234.978 396.727 2 149.12 -92.3403
1698 244.978 396.727 2 153.053 -250
1699 254.978 396.727 2 157.524 -250
1700 264.978 396.727 2 162.487 -250
1701 274.978 396.727 2 167.901 -97.3973
1702 284.978 396.727 2 173.721 -90.3811
1703 294.978 396.727 2 179.91 -83.7069
1704 304.978 396.727 2 186.43 -85.9696
1705 314.978 396.727 2 193.247 -84.6263
1706 324.978 396.727 2 200.332 -84.2783
1707 334.978 396.727 2 207.657 -84.0974
1708 344.978 396.727 2 215.198 -88.4744
1709 354.978 396.727 2 222.932 -88.1773
1710 364.978 396.727 2 230.84 -82.2763
1711 374.978 396.727 2 238.905 -86.1746
1712 384.978 396.727 2 247.111 -250
1713 394.978 396.727 2 255.446 -250
1714 404.978 396.727 2 263.896 -250
1715 414.978 396.727 2 272.451 -250
1716 424.978 396.727 2 281.101 -250
1717 434.978 396.727 2 289.839 -250
1718 444.978 396.727 2 298.655 -250
1719 454.978 396.727 2 307.544 -250
1720 464.978 396.727 2 316.499 -250
1721 474.978 396.727 2 325.515 -98.828
1722 484.978 396.727 2 334.587 -98.8876
1723 84.9784 406.727 2 175.518 -89.7543
1724 94.9784 406.727 2 170.279 -105.018
1725 104.978 406.727 2 165.48 -113.321
1726 114.978 406.727 2 161.158 -99.9271
1727 124.978 406.727 2 157.354 -99.4312
1728 134.978 406.727 2 154.107 -101.716
1729 144.978 406.727 2 151.451 -110.23
1730 154.978 406.727 2 149.418 -95.2759
1731 164.978 406.727 2 148.035 -100.502
1732 174.978 406.727 2 147.319 -97.5366
1733 184.978 406.727 2 147.28 -79.132
1734 194.978 406.727 2 147.918 -83.0316
1735 204.978 406.727 2 149.226 -85.1513
1736 214.978 406.727 2 151.185 -91.7631
1737 224.978 406.727 2 153.77 -90.056
1738 234.978 406.727 2 156.951 -87.2202
1739 244.978 406.727 2 160.693 -83.2064
1740 254.978 406.727 2 164.957 -91.6258
1741 264.978 406.727 2 169.703 -93.5961
1742 274.978 406.727 2 174.893 -90.9729
1743 284.978 406.727 2 180.489 -89.7199
1744 294.978 406.727 2 186.453 -86.6384
1745 304.978 406.727 2 192.751 -85.9191
1746 314.978 406.727 2 199.353 -82.8028
1747 324.978 406.727 2 206.228 -89.7449
1748 334.978 406.727 2 213.351 -85.8399
1749 344.978 406.727 2 220.697 -83.9148
1750 354.978 406.727 2 228.244 -83.6219
1751 364.978 406.727 2 235.975 -89.6183
1752 374.978 406.727 2 243.87 -86.053
1753 384.978 406.727 2 251.915 -84.0438
1754 394.978 406.727 2 260.095 -88.5371
1755 404.978 406.727 2 268.399 -99.6167
1756 414.978 406.727 2 276.815 -89.2617
1757 424.978 406.727 2 285.333 -89.8507
1758 434.978 406.727 2 293.945 -90.0755
1759 444.978 406.727 2 302.641 -88.9133
1760 454.978 406.727 2 311.417 -91.2291
1761 464.978 406.727 2 320.264 -92.7398
1762 474.978 406.727 2 329.177 -91.1327
1763 484.978 406.727 2 338.151 -91.8562
1764 84.9784 416.727 2 182.766 -83.0118
1765 94.9784 416.727 2 177.741 -107.268
1766 104.978 416.727 2 173.149 -104.775
1767 114.978 416.727 2 169.024 -250
1768 124.978 416.727 2 165.401 -250
1769 134.978 416.727 2 162.314 -250
1770 144.978 416.727 2 159.795 -250
1771 154.978 416.727 2 157.87 -99.3826
1772 164.978 416.727 2 156.561 -101.524
1773 174.978 416.727 2 155.884 -99.091
1774 184.978 416.727 2 155.847 -84.6261
1775 194.978 416.727 2 156.451 -82.6358
1776 204.978 416.727 2 157.687 -81.398
1777 214.978 416.727 2 159.542 -83.1482
1778 224.978 416.727 2 161.995 -84.1001
1779 234.978 416.727 2 165.017 -91.9567
1780 244.978 416.727 2 168.58 -84.2394
1781 254.978 416.727 2 172.649 -83.8838
1782 264.978 416.727 2 177.19 -81.9034
1783 274.978 416.727 2 182.167 -85.1153
1784 284.978 416.727 2 187.545 -84.5215
1785 294.978 416.727 2 193.292 -85.0353
1786 304.978 416.727 2 199.374 -82.3839
1787 314.978 416.727 2 205.763 -86.3489
1788 324.978 416.727 2 212.431 -85.3912
1789 334.978 416.727 2 219.353 -86.2949
1790 344.978 416.727 2 226.504 -83.5798
1791 354.978 416.727 2 233.864 -87.6861
1792 364.978 416.727 2 241.415 -96.2424
1793 374.978 416.727 2 249.138 -92.4247
1794 384.978 416.727 2 257.017 -90.8011
1795 394.978 416.727 2 265.041 -95.6959
1796 404.978 416.727 2 273.194 -94.605
1797 414.978 416.727 2 281.467 -86.8286
1798 424.978 416.727 2 289.848 -85.7131
1799 434.978 416.727 2 298.329 -87.0722
1800 444.978 416.727 2 306.902 -92.4016
1801 454.978 416.727 2 315.559 -90.1091
1802 464.978 416.727 2 324.293 -95.1955
1803 474.978 416.727 2 333.098 -103.157
1804 484.978 416.727 2 341.969 -93.2666
1805 84.9784 426.727 2 190.264 -83.3942
1806 94.9784 426.727 2 185.443 -101.655
1807 104.978 426.727 2 181.046 -99.6221
1808 114.978 426.727 2 177.104 -250
1809 124.978 426.727 2 173.65 -250
1810 134.978 426.727 2 170.713 -250
1811 144.978 426.727 2 168.319 -250
1812 154.978 426.727 2 166.493 -94.7455
1813 164.978 426.727 2 165.253 -250
1814 174.978 426.727 2 164.611 -250
1815 184.978 426.727 2 164.576 -250
1816 194.978 426.727 2 165.148 -250
1817 204.978 426.727 2 166.32 -250
1818 214.978 426.727 2 168.08 -250
1819 224.978 426.727 2 170.409 -83.104
1820 234.978 426.727 2 173.285 -250
1821 244.978 426.727 2 176.681 -250
1822 254.978 426.727 2 180.568 -250
1823 264.978 426.727 2 184.914 -250
1824 274.978 426.727 2 189.688 -103.824
1825 284.978 426.727 2 194.859 -84.7546
1826 294.978 426.727 2 200.396 -91.4486
1827 304.978 426.727 2 206.27 -250
1828 314.978 426.727 2 212.451 -250
1829 324.978 426.727 2 218.916 -250
1830 334.978 426.727 2 225.638 -250
1831 344.978 426.727 2 232.596 -250
1832 354.978 426.727 2 239.77 -250
1833 364.978 426.727 2 247.14 -250
1834 374.978 426.727 2 254.689 -250
1835 384.978 426.727 2 262.402 -250
1836 394.978 426.727 2 270.266 -250
1837 404.978 426.727 2 278.266 -250
1838 414.978 426.727 2 286.392 -250
1839 424.978 426.727 2 294.634 -250
1840 434.978 426.727 2 302.981 -250
1841 444.978 426.727 2 311.426 -250
1842 454.978 426.727 2 319.96 -250
1843 464.978 426.727 2 328.577 -103.299
1844 474.978 426.727 2 337.27 -96.8236
1845 484.978 426.727 2 346.034 -250
1846 84.9784 436.727 2 197.984 -85.1746
1847 94.9784 436.727 2 193.355 -83.9473
1848 104.978 436.727 2 189.142 -104.451
1849 114.978 436.727 2 185.373 -250
1850 124.978 436.727 2 182.076 -250
1851 134.978 436.727 2 179.276 -250
1852 144.978 436.727 2 176.998 -250
1853 154.978 436.727 2 175.262 -83.6418
1854 164.978 436.727 2 174.085 -250
1855 174.978 436.727 2 173.476 -250
1856 184.978 436.727 2 173.443 -250
1857 194.978 436.727 2 173.985 -250
1858 204.978 436.727 2 175.098 -250
1859 214.978 436.727 2 176.771 -250
1860 224.978 436.727 2 178.987 -90.3065
1861 234.978 436.727 2 181.727 -250
1862 244.978 436.727 2 184.968 -250
1863 254.978 436.727 2 188.684 -250
1864 264.978 436.727 2 192.848 -250
1865 274.978 436.727 2 197.43 -112.324
1866 284.978 436.727 2 202.404 -88.9341
1867 294.978 436.727 2 207.739 -84.0489
1868 304.978 436.727 2 213.411 -250
1869 314.978 436.727 2 219.392 -250
1870 324.978 436.727 2 225.657 -250
1871 334.978 436.727 2 232.184 -250
1872 344.978 436.727 2 238.952 -250
1873 354.978 436.727 2 245.94 -250
1874 364.978 436.727 2 253.131 -250
1875 374.978 436.727 2 260.506 -250
1876 384.978 436.727 2 268.052 -250
1877 394.978 436.727 2 275.754 -250
1878 404.978 436.727 2 283.6 -250
1879 414.978 436.727 2 291.578 -250
1880 424.978 436.727 2 299.676 -250
1881 434.978 436.727 2 307.887 -250
1882 444.978 436.727 2 316.201 -250
1883 454.978 436.727 2 324.61 -250
1884 464.978 436.727 2 333.106 -99.1912
1885 474.978 436.727 2 341.685 -107.272
1886 484.978 436.727 2 350.338 -250
1887 84.9784 446.727 2 205.899 -87.5472
1888 94.9784 446.727 2 201.452 -85.3971
1889 104.978 446.727 2 197.412 -105.648
1890 114.978 446.727 2 193.804 -250
1891 124.978 446.727 2 190.653 -250
1892 134.978 446.727 2 187.981 -250
1893 144.978 446.727 2 185.81 -250
1894 154.978 446.727 2 184.157 -80.9007
1895 164.978 446.727 2 183.037 -250
1896 174.978 446.727 2 182.458 -250
1897 184.978 446.727 2 182.426 -250
1898 194.978 446.727 2 182.942 -250
1899 204.978 446.727 2 184.001 -250
1900 214.978 446.727 2 185.593 -250
1901 224.978 446.727 2 187.705 -88.9053
1902 234.978 446.727 2 190.32 -250
1903 244.978 446.727 2 193.417 -250
1904 254.978 446.727 2 196.974 -250
1905 264.978 446.727 2 200.966 -250
1906 274.978 446.727 2 205.367 -92.2548
1907 284.978 446.727 2 210.153 -94.0004
1908 294.978 446.727 2 215.297 -88.8246
1909 304.978 446.727 2 220.774 -250
1910 314.978 446.727 2 226.561 -250
1911 324.978 446.727 2 232.633 -250
1912 334.978 446.727 2 238.97 -250
1913 344.978 446.727 2 245.551 -250
1914 354.978 446.727 2 252.356 -250
1915 364.978 446.727 2 259.369 -250
1916 374.978 446.727 2 266.572 -250
1917 384.978 446.727 2 273.951 -250
1918 394.978 446.727 2 281.492 -250
1919 404.978 446.727 2 289.182 -250
1920 414.978 446.727 2 297.009 -250
1921 424.978 446.727 2 304.964 -250
1922 434.978 446.727 2 313.036 -250
1923 444.978 446.727 2 321.216 -250
1924 454.978 446.727 2 329.497 -250
1925 464.978 446.727 2 337.871 -123.029
1926 474.978 446.727 2 346.331 -111.217
1927 484.978 446.727 2 354.872 -250
1928 84.9784 456.727 2 213.99 -84.8961
1929 94.9784 456.727 2 209.714 -94.9186
1930 104.978 456.727 2 205.836 -102.965
1931 114.978 456.727 2 202.378 -250
1932 124.978 456.727 2 199.363 -250
1933 134.978 456.727 2 196.81 -250
1934 144.978 456.727 2 194.737 -250
1935 154.978 456.727 2 193.16 -80.4917
1936 164.978 456.727 2 192.092 -250
1937 174.978 456.727 2 191.541 -250
1938 184.978 456.727 2 191.511 -250
1939 194.978 456.727 2 192.002 -250
1940 204.978 456.727 2 193.011 -250
1941 214.978 456.727 2 194.53 -250
1942 224.978 456.727 2 196.546 -87.4031
1943 234.978 456.727 2 199.045 -250
1944 244.978 456.727 2 202.008 -250
1945 254.978 456.727 2 205.416 -250
1946 264.978 456.727 2 209.247 -250
1947 274.978 456.727 2 213.478 -91.1782
1948 284.978 456.727 2 218.085 -91.4533
1949 294.978 456.727 2 223.046 -88.3415
1950 304.978 456.727 2 228.338 -250
1951 314.978 456.727 2 233.937 -250
1952 324.978 456.727 2 239.823 -250
1953 334.978 456.727 2 245.975 -250
1954 344.978 456.727 2 252.373 -250
1955 354.978 456.727 2 258.999 -250
1956 364.978 456.727 2 265.837 -250
1957 374.978 456.727 2 272.869 -250
1958 384.978 456.727 2 280.082 -250
1959 394.978 456.727 2 287.462 -250
1960 404.978 456.727 2 294.997 -250
1961 414.978 456.727 2 302.674 -250
1962 424.978 456.727 2 310.483 -250
1963 434.978 456.727 2 318.416 -250
1964 444.978 456.727 2 326.461 -250
1965 454.978 456.727 2 334.612 -250
1966 464.978 456.727 2 342.861 -116.078
1967 474.978 456.727 2 351.201 -117.862
1968 484.978 456.727 2 359.626 -250
1969 84.9784 466.727 2 222.235 -88.436
1970 94.9784 466.727 2 218.122 -101.09
1971 104.978 466.727 2 214.396 -112.618
1972 114.978 466.727 2 211.078 -250
1973 124.978 466.727 2 208.189 -250
1974 134.978 466.727 2 205.745 -250
1975 144.978 466.727 2 203.763 -250
1976 154.978 466.727 2 202.257 -82.195
1977 164.978 466.727 2 201.237 -250
1978 174.978 466.727 2 200.711 -250
1979 184.978 466.727 2 200.682 -250
1980 194.978 466.727 2 201.151 -250
1981 204.978 466.727 2 202.115 -250
1982 214.978 466.727 2 203.565 -250
1983 224.978 466.727 2 205.493 -86.2285
1984 234.978 466.727 2 207.884 -250
1985 244.978 466.727 2 210.723 -250
1986 254.978 466.727 2 213.993 -250
1987 264.978 466.727 2 217.672 -250
1988 274.978 466.727 2 221.743 -91.9047
1989 284.978 466.727 2 226.182 -93.0346
1990 294.978 466.727 2 230.969 -91.3172
1991 304.978 466.727 2 236.083 -250
1992 314.978 466.727 2 241.503 -250
1993 324.978 466.727 2 247.209 -250
1994 334.978 466.727 2 253.181 -250
1995 344.978 466.727 2 259.402 -250
1996 354.978 466.727 2 265.853 -250
1997 364.978 466.727 2 272.518 -250
1998 374.978 466.727 2 279.383 -250
1999 384.978 466.727 2 286.432 -250
2000 394.978 466.727 2 293.652 -250
2001 404.978 466.727 2 301.032 -250
2002 414.978 466.727 2 308.559 -250
2003 424.978 466.727 2 316.223 -250
2004 434.978 466.727 2 324.015 -250
2005 444.978 466.727 2 331.925 -250
2006 454.978 466.727 2 339.945 -250
2007 464.978 466.727 2 348.067 -124.377
2008 474.978 466.727 2 356.286 -125.501
2009 484.978 466.727 2 364.593 -250
2010 84.9784 476.727 2 230.62 -86.2501
2011 94.9784 476.727 2 226.659 -104.489
2012 104.978 476.727 2 223.075 -110.677
2013 114.978 476.727 2 219.889 -113.203
2014 124.978 476.727 2 217.116 -107.547
2015 134.978 476.727 2 214.774 -114.836
2016 144.978 476.727 2 212.877 -98.3531
2017 154.978 476.727 2 211.436 -83.1905
2018 164.978 476.727 2 210.46 -114.607
2019 174.978 476.727 2 209.957 -129.759
2020 184.978 476.727 2 209.93 -137.67
2021 194.978 476.727 2 210.378 -126.463
2022 204.978 476.727 2 211.299 -125.292
2023 214.978 476.727 2 212.687 -126.912
2024 224.978 476.727 2 214.533 -84.9653
2025 234.978 476.727 2 216.825 -98.345
2026 244.978 476.727 2 219.548 -108.508
2027 254.978 476.727 2 222.688 -108.224
2028 264.978 476.727 2 226.226 -118.277
2029 274.978 476.727 2 230.145 -91.2017
2030 284.978 476.727 2 234.425 -93.0315
2031 294.978 476.727 2 239.048 -103.453
2032 304.978 476.727 2 243.992 -250
2033 314.978 476.727 2 249.24 -250
2034 324.978 476.727 2 254.773 -250
2035 334.978 476.727 2 260.572 -250
2036 344.978 476.727 2 266.62 -250
2037 354.978 476.727 2 272.9 -250
2038 364.978 476.727 2 279.398 -250
2039 374.978 476.727 2 286.097 -250
2040 384.978 476.727 2 292.985 -250
2041 394.978 476.727 2 300.048 -250
2042 404.978 476.727 2 307.274 -250
2043 414.978 476.727 2 314.651 -250
2044 424.978 476.727 2 322.171 -250
2045 434.978 476.727 2 329.822 -250
2046 444.978 476.727 2 337.596 -250
2047 454.978 476.727 2 345.484 -250
2048 464.978 476.727 2 353.48 -125.771
2049 474.978 476.727 2 361.575 -124.903
2050 484.978 476.727 2 369.763 -250
2051 84.9784 486.727 2 239.129 -87.4726
2052 94.9784 486.727 2 235.311 -104.87
2053 104.978 486.727 2 231.861 -112.62
2054 114.978 486.727 2 228.797 -108.864
2055 124.978 486.727 2 226.134 -112.159
2056 134.978 486.727 2 223.886 -112.931
2057 144.978 486.727 2 222.067 -105.258
2058 154.978 486.727 2 220.685 -88.2425
2059 164.978 486.727 2 219.751 -120.775
2060 174.978 486.727 2 219.269 -126.711
2061 184.978 486.727 2 219.243 -123.427
2062 194.978 486.727 2 219.672 -124.09
2063 204.978 486.727 2 220.555 -133.187
2064 214.978 486.727 2 221.885 -134.074
2065 224.978 486.727 2 223.655 -83.4238
2066 234.978 486.727 2 225.854 -105.367
2067 244.978 486.727 2 228.47 -99.2149
2068 254.978 486.727 2 231.488 -99.9947
2069 264.978 486.727 2 234.894 -94.3955
2070 274.978 486.727 2 238.671 -92.8772
2071 284.978 486.727 2 242.801 -93.9909
2072 294.978 486.727 2 247.267 -100.315
2073 304.978 486.727 2 252.05 -101.28
2074 314.978 486.727 2 257.134 -96.7067
2075 324.978 486.727 2 262.5 -102.263
2076 334.978 486.727 2 268.132 -108.748
2077 344.978 486.727 2 274.013 -131.14
2078 354.978 486.727 2 280.128 -127.125
2079 364.978 486.727 2 286.461 -122.731
2080 374.978 486.727 2 292.999 -139.489
2081 384.978 486.727 2 299.728 -128.065
2082 394.978 486.727 2 306.636 -129.793
2083 404.978 486.727 2 313.71 -131.992
2084 414.978 486.727 2 320.94 -139.726
2085 424.978 486.727 2 328.315 -138.881
2086 434.978 486.727 2 335.827 -134.135
2087 444.978 486.727 2 343.465 -138.65
2088 454.978 486.727 2 351.221 -124.474
2089 464.978 486.727 2 359.089 -127.553
2090 474.978 486.727 2 367.061 -135.419
2091 484.978 486.727 2 375.129 -132.703
2092 84.9784 496.727 2 247.749 -87.099
2093 94.9784 496.727 2 244.066 -104.083
2094 104.978 496.727 2 240.742 -250
2095 114.978 496.727 2 237.792 -250
2096 124.978 496.727 2 235.231 -250
2097 134.978 496.727 2 233.071 -250
2098 144.978 496.727 2 231.324 -250
2099 154.978 496.727 2 229.998 -250
2100 164.978 496.727 2 229.102 -250
2101 174.978 496.727 2 228.639 -250
2102 184.978 496.727 2 228.614 -250
2103 194.978 496.727 2 229.026 -250
2104 204.978 496.727 2 229.873 -124.274
2105 214.978 496.727 2 231.149 -89.0911
2106 224.978 496.727 2 232.848 -93.5735
2107 234.978 496.727 2 234.961 -250
2108 244.978 496.727 2 237.477 -250
2109 254.978 496.727 2 240.383 -250
2110 264.978 496.727 2 243.664 -250
2111 274.978 496.727 2 247.307 -93.7635
2112 284.978 496.727 2 251.295 -98.7302
2113 294.978 496.727 2 255.613 -100.768
2114 304.978 496.727 2 260.243 -96.6672
2115 314.978 496.727 2 265.169 -108.562
2116 324.978 496.727 2 270.376 -103.064
2117 334.978 496.727 2 275.847 -108.4
2118 344.978 496.727 2 281.567 -118.491
2119 354.978 496.727 2 287.522 -127.144
2120 364.978 496.727 2 293.696 -127.95
2121 374.978 496.727 2 300.076 -133.625
2122 384.978 496.727 2 306.65 -130.997
2123 394.978 496.727 2 313.405 -132.852
2124 404.978 496.727 2 320.33 -135.408
2125 414.978 496.727 2 327.413 -129.041
2126 424.978 496.727 2 334.646 -142.898
2127 434.978 496.727 2 342.018 -136.523
2128 444.978 496.727 2 349.521 -124.361
2129 454.978 496.727 2 357.146 -127.505
2130 464.978 496.727 2 364.886 -129.311
2131 474.978 496.727 2 372.734 -133.065
2132 484.978 496.727 2 380.682 -133.107
2133 84.9784 506.727 2 256.47 -86.5724
2134 94.9784 506.727 2 252.913 -106.027
2135 104.978 506.727 2 249.707 -250
2136 114.978 506.727 2 246.865 -250
2137 124.978 506.727 2 244.398 -250
2138 134.978 506.727 2 242.32 -250
2139 144.978 506.727 2 240.64 -250
2140 154.978 506.727 2 239.366 -250
2141 164.978 506.727 2 238.505 -250
2142 174.978 506.727 2 238.061 -250
2143 184.978 506.727 2 238.037 -250
2144 194.978 506.727 2 238.432 -250
2145 204.978 506.727 2 239.246 -116.365
2146 214.978 506.727 2 240.472 -88.5256
2147 224.978 506.727 2 242.106 -114.744
2148 234.978 506.727 2 244.139 -250
2149 244.978 506.727 2 246.561 -250
2150 254.978 506.727 2 249.361 -250
2151 264.978 506.727 2 252.526 -250
2152 274.978 506.727 2 256.043 -96.7553
2153 284.978 506.727 2 259.897 -97.6042
2154 294.978 506.727 2 264.074 -250
2155 304.978 506.727 2 268.558 -250
2156 314.978 506.727 2 273.335 -250
2157 324.978 506.727 2 278.389 -250
2158 334.978 506.727 2 283.705 -250
2159 344.978 506.727 2 289.27 -250
2160 354.978 506.727 2 295.069 -250
2161 364.978 506.727 2 301.088 -250
2162 374.978 506.727 2 307.315 -250
2163 384.978 506.727 2 313.737 -250
2164 394.978 506.727 2 320.343 -250
2165 404.978 506.727 2 327.121 -250
2166 414.978 506.727 2 334.061 -250
2167 424.978 506.727 2 341.153 -129.462
2168 434.978 506.727 2 348.387 -139.002
2169 444.978 506.727 2 355.756 -129.296
2170 454.978 506.727 2 363.25 -126.583
2171 464.978 506.727 2 370.863 -142.666
2172 474.978 506.727 2 378.586 -133.456
2173 484.978 506.727 2 386.414 -250
2174 84.9784 516.727 2 265.28 -87.428
2175 94.9784 516.727 2 261.844 -105.754
2176 104.978 516.727 2 258.748 -250
2177 114.978 516.727 2 256.006 -250
2178 124.978 516.727 2 253.629 -250
2179 134.978 516.727 2 251.627 -250
2180 144.978 516.727 2 250.009 -250
2181 154.978 516.727 2 248.783 -250
2182 164.978 516.727 2 247.955 -250
2183 174.978 516.727 2 247.528 -250
2184 184.978 516.727 2 247.505 -250
2185 194.978 516.727 2 247.885 -250
2186 204.978 516.727 2 248.667 -114.204
2187 214.978 516.727 2 249.848 -88.3966
2188 224.978 516.727 2 251.421 -114.766
2189 234.978 516.727 2 253.379 -250
2190 244.978 516.727 2 255.714 -250
2191 254.978 516.727 2 258.414 -250
2192 264.978 516.727 2 261.47 -250
2193 274.978 516.727 2 264.868 -88.6833
2194 284.978 516.727 2 268.595 -111.575
2195 294.978 516.727 2 272.639 -250
2196 304.978 516.727 2 276.984 -250
2197 314.978 516.727 2 281.618 -250
2198 324.978 516.727 2 286.526 -250
2199 334.978 516.727 2 291.695 -250
2200 344.978 516.727 2 297.11 -250
2201 354.978 516.727 2 302.759 -250
2202 364.978 516.727 2 308.628 -250
2203 374.978 516.727 2 314.706 -250
2204 384.978 516.727 2 320.98 -250
2205 394.978 516.727 2 327.44 -250
2206 404.978 516.727 2 334.074 -250
2207 414.978 516.727 2 340.872 -250
2208 424.978 516.727 2 347.825 -135.382
2209 434.978 516.727 2 354.923 -132.639
2210 444.978 516.727 2 362.159 -130.727
2211 454.978 516.727 2 369.523 -130.957
2212 464.978 516.727 2 377.009 -127.799
2213 474.978 516.727 2 384.61 -133.105
2214 484.978 516.727 2 392.317 -250
2215 84.9784 526.727 2 274.173 -87.6962
2216 94.9784 526.727 2 270.849 -250
2217 104.978 526.727 2 267.858 -250
2218 114.978 526.727 2 265.21 -250
2219 124.978 526.727 2 262.916 -250
2220 134.978 526.727 2 260.985 -250
2221 144.978 526.727 2 259.426 -250
2222 154.978 526.727 2 258.244 -250
2223 164.978 526.727 2 257.446 -250
2224 174.978 526.727 2 257.035 -250
2225 184.978 526.727 2 257.013 -250
2226 194.978 526.727 2 257.379 -250
2227 204.978 526.727 2 258.133 -107.678
2228 214.978 526.727 2 259.27 -90.5202
2229 224.978 526.727 2 260.786 -123.698
2230 234.978 526.727 2 262.675 -250
2231 244.978 526.727 2 264.927 -250
2232 254.978 526.727 2 267.535 -250
2233 264.978 526.727 2 270.487 -250
2234 274.978 526.727 2 273.773 -96.1786
2235 284.978 526.727 2 277.381 -98.632
2236 294.978 526.727 2 281.299 -250
2237 304.978 526.727 2 285.512 -250
2238 314.978 526.727 2 290.01 -250
2239 324.978 526.727 2 294.778 -250
2240 334.978 526.727 2 299.805 -250
2241 344.978 526.727 2 305.076 -250
2242 354.978 526.727 2 310.58 -250
2243 364.978 526.727 2 316.304 -250
2244 374.978 526.727 2 322.237 -250
2245 384.978 526.727 2 328.367 -250
2246 394.978 526.727 2 334.684 -250
2247 404.978 526.727 2 341.178 -250
2248 414.978 526.727 2 347.837 -250
2249 424.978 526.727 2 354.654 -146.188
2250 434.978 526.727 2 361.618 -130.738
2251 444.978 526.727 2 368.722 -131.055
2252 454.978 526.727 2 375.958 -125.517
2253 464.978 526.727 2 383.318 -128.578
2254 474.978 526.727 2 390.796 -131.984
2255 484.978 526.727 2 398.384 -250
2256 84.9784 536.727 2 283.139 -87.4101
2257 94.9784 536.727 2 279.922 -115.414
2258 104.978 536.727 2 277.028 -250
2259 114.978 536.727 2 274.469 -250
2260 124.978 536.727 2 272.253 -250
2261 134.978 536.727 2 270.389 -250
2262 144.978 536.727 2 268.884 -250
2263 154.978 536.727 2 267.745 -250
2264 164.978 536.727 2 266.975 -250
2265 174.978 536.727 2 266.578 -250
2266 184.978 536.727 2 266.557 -250
2267 194.978 536.727 2 266.91 -250
2268 204.978 536.727 2 267.637 -110.096
2269 214.978 536.727 2 268.734 -89.6864
2270 224.978 536.727 2 270.197 -105.63
2271 234.978 536.727 2 272.02 -250
2272 244.978 536.727 2 274.196 -250
2273 254.978 536.727 2 276.716 -250
2274 264.978 536.727 2 279.572 -250
2275 274.978 536.727 2 282.752 -96.6118
2276 284.978 536.727 2 286.247 -99.2145
2277 294.978 536.727 2 290.045 -250
2278 304.978 536.727 2 294.133 -250
2279 314.978 536.727 2 298.501 -250
2280 324.978 536.727 2 303.136 -250
2281 334.978 536.727 2 308.026 -250
2282 344.978 536.727 2 313.159 -250
2283 354.978 536.727 2 318.523 -250
2284 364.978 536.727 2 324.107 -250
2285 374.978 536.727 2 329.9 -250
2286 384.978 536.727 2 335.89 -250
2287 394.978 536.727 2 342.068 -250
2288 404.978 536.727 2 348.424 -250
2289 414.978 536.727 2 354.947 -250
2290 424.978 536.727 2 361.63 -136.644
2291 434.978 536.727 2 368.463 -138.706
2292 444.978 536.727 2 375.437 -132.801
2293 454.978 536.727 2 382.546 -131.727
2294 464.978 536.727 2 389.782 -129.449
2295 474.978 536.727 2 397.138 -123.832
2296 484.978 536.727 2 404.607 -250
2297 84.9784 546.727 2 292.172 -97.323
2298 94.9784 546.727 2 289.056 -119.568
2299 104.978 546.727 2 286.255 -250
2300 114.978 546.727 2 283.778 -250
2301 124.978 546.727 2 281.636 -250
2302 134.978 546.727 2 279.834 -250
2303 144.978 546.727 2 278.38 -250
2304 154.978 546.727 2 277.28 -250
2305 164.978 546.727 2 276.537 -250
2306 174.978 546.727 2 276.154 -250
2307 184.978 546.727 2 276.133 -250
2308 194.978 546.727 2 276.474 -250
2309 204.978 546.727 2 277.176 -107.175
2310 214.978 546.727 2 278.236 -96.9437
2311 224.978 546.727 2 279.649 -107.256
2312 234.978 546.727 2 281.411 -250
2313 244.978 546.727 2 283.515 -250
2314 254.978 546.727 2 285.953 -250
2315 264.978 546.727 2 288.717 -250
2316 274.978 546.727 2 291.798 -103.248
2317 284.978 546.727 2 295.185 -94.8989
2318 294.978 546.727 2 298.869 -250
2319 304.978 546.727 2 302.839 -250
2320 314.978 546.727 2 307.083 -250
2321 324.978 546.727 2 311.59 -250
2322 334.978 546.727 2 316.349 -250
2323 344.978 546.727 2 321.349 -250
2324 354.978 546.727 2 326.579 -250
2325 364.978 546.727 2 332.028 -250
2326 374.978 546.727 2 337.684 -250
2327 384.978 546.727 2 343.539 -250
2328 394.978 546.727 2 349.582 -250
2329 404.978 546.727 2 355.804 -250
2330 414.978 546.727 2 362.194 -250
2331 424.978 546.727 2 368.745 -141.063
2332 434.978 546.727 2 375.449 -137.313
2333 444.978 546.727 2 382.296 -127.812
2334 454.978 546.727 2 389.28 -133.712
2335 464.978 546.727 2 396.393 -134.877
2336 474.978 546.727 2 403.628 -134.023
2337 484.978 546.727 2 410.979 -250
2338 84.9784 556.727 2 301.267 -108.297
2339 94.9784 556.727 2 298.245 -124.694
2340 104.978 556.727 2 295.531 -141.662
2341 114.978 556.727 2 293.133 -136.115
2342 124.978 556.727 2 291.06 -134.115
2343 134.978 556.727 2 289.317 -133.724
2344 144.978 556.727 2 287.911 -137.069
2345 154.978 556.727 2 286.847 -141.652
2346 164.978 556.727 2 286.129 -141.803
2347 174.978 556.727 2 285.759 -138.701
2348 184.978 556.727 2 285.739 -140.589
2349 194.978 556.727 2 286.068 -143.792
2350 204.978 556.727 2 286.747 -112.928
2351 214.978 556.727 2 287.771 -101.815
2352 224.978 556.727 2 289.138 -111.134
2353 234.978 556.727 2 290.842 -147.35
2354 244.978 556.727 2 292.878 -133.639
2355 254.978 556.727 2 295.239 -133.868
2356 264.978 556.727 2 297.917 -99.6092
2357 274.978 556.727 2 300.904 -102.305
2358 284.978 556.727 2 304.19 -99.2832
2359 294.978 556.727 2 307.766 -99.3309
2360 304.978 556.727 2 311.622 -127.363
2361 314.978 556.727 2 315.748 -132.435
2362 324.978 556.727 2 320.133 -137.497
2363 334.978 556.727 2 324.767 -134.948
2364 344.978 556.727 2 329.64 -139.284
2365 354.978 556.727 2 334.74 -147.663
2366 364.978 556.727 2 340.058 -143.451
2367 374.978 556.727 2 345.583 -153.562
2368 384.978 556.727 2 351.306 -147.255
2369 394.978 556.727 2 357.218 -154.06
2370 404.978 556.727 2 363.309 -138.21
2371 414.978 556.727 2 369.57 -133.573
2372 424.978 556.727 2 375.992 -136.062
2373 434.978 556.727 2 382.569 -130.979
2374 444.978 556.727 2 389.291 -132.96
2375 454.978 556.727 2 396.151 -132.953
2376 464.978 556.727 2 403.143 -130.928
2377 474.978 556.727 2 410.259 -148.549
2378 484.978 556.727 2 417.494 -141.233
2379 84.9784 566.727 2 310.417 -113.362
2380 94.9784 566.727 2 307.485 -116.907
2381 104.978 566.727 2 304.854 -136.042
2382 114.978 566.727 2 302.53 -130.8
2383 124.978 566.727 2 300.521 -127.009
2384 134.978 566.727 2 298.833 -127.392
2385 144.978 566.727 2 297.472 -130.51
2386 154.978 566.727 2 296.443 -133.697
2387 164.978 566.727 2 295.748 -135.386
2388 174.978 566.727 2 295.39 -132.967
2389 184.978 566.727 2 295.37 -131.554
2390 194.978 566.727 2 295.689 -113.973
2391 204.978 566.727 2 296.345 -114.395
2392 214.978 566.727 2 297.337 -117.437
2393 224.978 566.727 2 298.66 -102.995
2394 234.978 566.727 2 300.31 -100.811
2395 244.978 566.727 2 302.282 -111.452
2396 254.978 566.727 2 304.57 -115.737
2397 264.978 566.727 2 307.167 -93.3486
2398 274.978 566.727 2 310.064 -94.6524
2399 284.978 566.727 2 313.255 -106.046
2400 294.978 566.727 2 316.728 -88.311
2401 304.978 566.727 2 320.477 -118.395
2402 314.978 566.727 2 324.49 -123.601
2403 324.978 566.727 2 328.759 -148.136
2404 334.978 566.727 2 333.273 -132.218
2405 344.978 566.727 2 338.023 -128.796
2406 354.978 566.727 2 342.998 -129.722
2407 364.978 566.727 2 348.19 -142.509
2408 374.978 566.727 2 353.588 -137.261
2409 384.978 566.727 2 359.184 -134.663
2410 394.978 566.727 2 364.968 -137.853
2411 404.978 566.727 2 370.932 -127.942
2412 414.978 566.727 2 377.066 -126.824
2413 424.978 566.727 2 383.363 -134.137
2414 434.978 566.727 2 389.815 -127.855
2415 444.978 566.727 2 396.414 -138.877
2416 454.978 566.727 2 403.153 -143.228
2417 464.978 566.727 2 410.026 -129.01
2418 474.978 566.727 2 417.025 -134.505
2419 484.978 566.727 2 424.144 -136.593
2420 84.9784 576.727 2 319.618 -125.466
2421 94.9784 576.727 2 316.772 -119.691
2422 104.978 576.727 2 314.218 -132.068
2423 114.978 576.727 2 311.964 -127.437
2424 124.978 576.727 2 310.016 -125.527
2425 134.978 576.727 2 308.38 -125.334
2426 144.978 576.727 2 307.061 -128.189
2427 154.978 576.727 2 306.064 -131.593
2428 164.978 576.727 2 305.391 -128.45
2429 174.978 576.727 2 305.045 -131.459
2430 184.978 576.727 2 305.026 -106.44
2431 194.978 576.727 2 305.334 -109.927
2432 204.978 576.727 2 305.97 -120.888
2433 214.978 576.727 2 306.93 -114.93
2434 224.978 576.727 2 308.212 -98.6364
2435 234.978 576.727 2 309.811 -104.283
2436 244.978 576.727 2 311.723 -107.854
2437 254.978 576.727 2 313.943 -101.91
2438 264.978 576.727 2 316.462 -92.3447
2439 274.978 576.727 2 319.276 -92.0523
2440 284.978 576.727 2 322.375 -103.085
2441 294.978 576.727 2 325.751 -91.5326
2442 304.978 576.727 2 329.397 -106.194
2443 314.978 576.727 2 333.303 -117.868
2444 324.978 576.727 2 337.46 -127.342
2445 334.978 576.727 2 341.859 -128.301
2446 344.978 576.727 2 346.491 -127.297
2447 354.978 576.727 2 351.347 -132.133
2448 364.978 576.727 2 356.417 -139.44
2449 374.978 576.727 2 361.693 -133.877
2450 384.978 576.727 2 367.165 -130.589
2451 394.978 576.727 2 372.825 -133.215
2452 404.978 576.727 2 378.665 -129.426
2453 414.978 576.727 2 384.676 -133.679
2454 424.978 576.727 2 390.851 -127.127
2455 434.978 576.727 2 397.181 -140.645
2456 444.978 576.727 2 403.66 -128.395
2457 454.978 576.727 2 410.28 -126.315
2458 464.978 576.727 2 417.035 -139.177
2459 474.978 576.727 2 423.918 -139.637
2460 484.978 576.727 2 430.924 -146.119
2461 84.9784 586.727 2 328.866 -135.173
2462 94.9784 586.727 2 326.1 -118.281
2463 104.978 586.727 2 323.62 -123.622
2464 114.978 586.727 2 321.432 -123.801
2465 124.978 586.727 2 319.541 -126.304
2466 134.978 586.727 2 317.955 -129.819
2467 144.978 586.727 2 316.676 -136.12
2468 154.978 586.727 2 315.709 -138.489
2469 164.978 586.727 2 315.057 -126.39
2470 174.978 586.727 2 314.721 -94.6468
2471 184.978 586.727 2 314.702 -105.793
2472 194.978 586.727 2 315.002 -117.244
2473 204.978 586.727 2 315.618 -117.223
2474 214.978 586.727 2 316.549 -108.55
2475 224.978 586.727 2 317.792 -115.887
2476 234.978 586.727 2 319.343 -103.936
2477 244.978 586.727 2 321.199 -104.461
2478 254.978 586.727 2 323.353 -94.1278
2479 264.978 586.727 2 325.8 -93.8281
2480 274.978 586.727 2 328.533 -97.9532
2481 284.978 586.727 2 331.546 -99.413
2482 294.978 586.727 2 334.83 -88.8903
2483 304.978 586.727 2 338.378 -88.5147
2484 314.978 586.727 2 342.181 -124.758
2485 324.978 586.727 2 346.232 -131.984
2486 334.978 586.727 2 350.521 -123.123
2487 344.978 586.727 2 355.04 -135.592
2488 354.978 586.727 2 359.78 -131.12
2489 364.978 586.727 2 364.733 -124.549
2490 374.978 586.727 2 369.89 -131.187
2491 384.978 586.727 2 375.243 -122.434
2492 394.978 586.727 2 380.783 -130.16
2493 404.978 586.727 2 386.503 -126.717
2494 414.978 586.727 2 392.394 -124.35
2495 424.978 586.727 2 398.449 -137.405
2496 434.978 586.727 2 404.66 -124.73
2497 444.978 586.727 2 411.021 -134.089
2498 454.978 586.727 2 417.524 -131.477
2499 464.978 586.727 2 424.164 -129.649
2500 474.978 586.727 2 430.933 -136.162
2501 484.978 586.727 2 437.827 -141.409
