# <Transmitter Set: Tx: 18 tx_ant_grid_40_m - Point 2> 
# <Receiver Set: Rx: 17 rx_ant_grid> 
# <X(m)> <Y(m)> <Z(m)> <Distance(m)> <PathGain(dB)>
1 84.9784 -13.2734 2 102.967 -81.3032
2 94.9784 -13.2734 2 93.7591 -82.0365
3 104.978 -13.2734 2 84.7304 -76.367
4 114.978 -13.2734 2 75.9456 -79.2493
5 124.978 -13.2734 2 67.4997 -77.8755
6 134.978 -13.2734 2 59.5373 -72.6172
7 144.978 -13.2734 2 52.2798 -72.1083
8 154.978 -13.2734 2 46.0615 -70.7631
9 164.978 -13.2734 2 41.3538 -73.8898
10 174.978 -13.2734 2 38.712 -78.5374
11 184.978 -13.2734 2 38.563 -75.3578
12 194.978 -13.2734 2 40.9339 -68.5543
13 204.978 -13.2734 2 45.432 -69.4944
14 214.978 -13.2734 2 51.5029 -72.2445
15 224.978 -13.2734 2 58.6603 -73.4969
16 234.978 -13.2734 2 66.5546 -73.0728
17 244.978 -13.2734 2 74.9533 -72.7266
18 254.978 -13.2734 2 83.7047 -81.5307
19 264.978 -13.2734 2 92.709 -75.9073
20 274.978 -13.2734 2 101.899 -79.4516
21 284.978 -13.2734 2 111.229 -77.3344
22 294.978 -13.2734 2 120.667 -88.5544
23 304.978 -13.2734 2 130.188 -79.4873
24 314.978 -13.2734 2 139.776 -78.7579
25 324.978 -13.2734 2 149.418 -83.2679
26 334.978 -13.2734 2 159.105 -84.4789
27 344.978 -13.2734 2 168.828 -84.7824
28 354.978 -13.2734 2 178.581 -86.415
29 364.978 -13.2734 2 188.361 -84.8911
30 374.978 -13.2734 2 198.162 -84.6015
31 384.978 -13.2734 2 207.983 -87.3019
32 394.978 -13.2734 2 217.819 -88.2487
33 404.978 -13.2734 2 227.67 -85.7927
34 414.978 -13.2734 2 237.534 -85.2221
35 424.978 -13.2734 2 247.408 -88.6134
36 434.978 -13.2734 2 257.292 -89.9476
37 444.978 -13.2734 2 267.185 -89.7457
38 454.978 -13.2734 2 277.085 -87.059
39 464.978 -13.2734 2 286.992 -86.8793
40 474.978 -13.2734 2 296.906 -89.1909
41 484.978 -13.2734 2 306.825 -90.3637
42 84.9784 -3.2734 2 103.92 -80.06
43 94.9784 -3.2734 2 94.8039 -81.4996
44 104.978 -3.2734 2 85.8852 -78.2531
45 114.978 -3.2734 2 77.2318 -79.3114
46 124.978 -3.2734 2 68.9437 -74.384
47 134.978 -3.2734 2 61.1695 -80.7981
48 144.978 -3.2734 2 54.1313 -71.5575
49 154.978 -3.2734 2 48.1526 -72.7813
50 164.978 -3.2734 2 43.671 -70.9018
51 174.978 -3.2734 2 41.1782 -70.6791
52 184.978 -3.2734 2 41.0381 -69.4239
53 194.978 -3.2734 2 43.2736 -76.9143
54 204.978 -3.2734 2 47.5509 -69.5596
55 214.978 -3.2734 2 53.3814 -75.9972
56 224.978 -3.2734 2 60.3163 -75.7724
57 234.978 -3.2734 2 68.0186 -76.0088
58 244.978 -3.2734 2 76.2563 -76.9315
59 254.978 -3.2734 2 84.8734 -73.6772
60 264.978 -3.2734 2 93.7656 -78.1908
61 274.978 -3.2734 2 102.861 -84.0078
62 284.978 -3.2734 2 112.111 -77.7107
63 294.978 -3.2734 2 121.48 -84.1234
64 304.978 -3.2734 2 130.942 -80.3844
65 314.978 -3.2734 2 140.479 -84.0469
66 324.978 -3.2734 2 150.076 -81.8045
67 334.978 -3.2734 2 159.723 -84.7496
68 344.978 -3.2734 2 169.41 -85.3086
69 354.978 -3.2734 2 179.132 -80.2672
70 364.978 -3.2734 2 188.883 -82.4024
71 374.978 -3.2734 2 198.659 -90.4128
72 384.978 -3.2734 2 208.456 -86.1632
73 394.978 -3.2734 2 218.271 -84.5809
74 404.978 -3.2734 2 228.102 -85.5359
75 414.978 -3.2734 2 237.948 -88.2547
76 424.978 -3.2734 2 247.806 -88.7514
77 434.978 -3.2734 2 257.675 -94.5204
78 444.978 -3.2734 2 267.553 -90.9024
79 454.978 -3.2734 2 277.44 -87.5615
80 464.978 -3.2734 2 287.335 -90.7266
81 474.978 -3.2734 2 297.237 -90.4014
82 484.978 -3.2734 2 307.146 -89.144
83 84.9784 6.7266 2 105.813 -78.9004
84 94.9784 6.7266 2 96.8752 -78.0098
85 104.978 6.7266 2 88.1662 -79.7714
86 114.978 6.7266 2 79.7607 -96.8915
87 124.978 6.7266 2 71.7652 -250
88 134.978 6.7266 2 64.333 -86.4266
89 144.978 6.7266 2 57.682 -76.4196
90 154.978 6.7266 2 52.1123 -71.3994
91 164.978 6.7266 2 48.0018 -71.4097
92 174.978 6.7266 2 45.7456 -69.8524
93 184.978 6.7266 2 45.6195 -69.7601
94 194.978 6.7266 2 47.6406 -68.6313
95 204.978 6.7266 2 51.5568 -70.9449
96 214.978 6.7266 2 56.9788 -70.2111
97 224.978 6.7266 2 63.5222 -78.2916
98 234.978 6.7266 2 70.877 -73.5239
99 244.978 6.7266 2 78.8165 -81.3649
100 254.978 6.7266 2 87.1809 -76.8885
101 264.978 6.7266 2 95.8593 -77.1305
102 274.978 6.7266 2 104.773 -82.6418
103 284.978 6.7266 2 113.868 -82.0814
104 294.978 6.7266 2 123.103 -250
105 304.978 6.7266 2 132.45 -250
106 314.978 6.7266 2 141.885 -250
107 324.978 6.7266 2 151.393 -250
108 334.978 6.7266 2 160.961 -250
109 344.978 6.7266 2 170.578 -250
110 354.978 6.7266 2 180.237 -250
111 364.978 6.7266 2 189.931 -250
112 374.978 6.7266 2 199.655 -250
113 384.978 6.7266 2 209.406 -250
114 394.978 6.7266 2 219.179 -94.1564
115 404.978 6.7266 2 228.971 -98.0283
116 414.978 6.7266 2 238.781 -94.0037
117 424.978 6.7266 2 248.606 -102.825
118 434.978 6.7266 2 258.444 -110.871
119 444.978 6.7266 2 268.294 -250
120 454.978 6.7266 2 278.155 -250
121 464.978 6.7266 2 288.025 -250
122 474.978 6.7266 2 297.905 -122.569
123 484.978 6.7266 2 307.792 -127.228
124 84.9784 16.7266 2 108.597 -80.5846
125 94.9784 16.7266 2 99.9091 -80.1713
126 104.978 16.7266 2 91.4894 -78.8286
127 114.978 16.7266 2 83.4193 -96.4588
128 124.978 16.7266 2 75.8107 -250
129 134.978 16.7266 2 68.8168 -74.7458
130 144.978 16.7266 2 62.6437 -73.4009
131 154.978 16.7266 2 57.5562 -73.6829
132 164.978 16.7266 2 53.8627 -72.4539
133 174.978 16.7266 2 51.8621 -70.255
134 184.978 16.7266 2 51.7509 -76.5582
135 194.978 16.7266 2 53.541 -250
136 204.978 16.7266 2 57.0537 -250
137 214.978 16.7266 2 61.9968 -250
138 224.978 16.7266 2 68.0595 -250
139 234.978 16.7266 2 74.9705 -250
140 244.978 16.7266 2 82.517 -250
141 254.978 16.7266 2 90.5402 -250
142 264.978 16.7266 2 98.9243 -90.9797
143 274.978 16.7266 2 107.585 -78.7534
144 284.978 16.7266 2 116.46 -77.1925
145 294.978 16.7266 2 125.505 -250
146 304.978 16.7266 2 134.685 -250
147 314.978 16.7266 2 143.974 -250
148 324.978 16.7266 2 153.352 -106.323
149 334.978 16.7266 2 162.805 -100.816
150 344.978 16.7266 2 172.319 -250
151 354.978 16.7266 2 181.886 -250
152 364.978 16.7266 2 191.496 -250
153 374.978 16.7266 2 201.145 -250
154 384.978 16.7266 2 210.826 -101.561
155 394.978 16.7266 2 220.536 -99.8291
156 404.978 16.7266 2 230.271 -97.3177
157 414.978 16.7266 2 240.028 -95.325
158 424.978 16.7266 2 249.803 -95.1229
159 434.978 16.7266 2 259.596 -95.3234
160 444.978 16.7266 2 269.404 -250
161 454.978 16.7266 2 279.226 -250
162 464.978 16.7266 2 289.06 -250
163 474.978 16.7266 2 298.905 -123.756
164 484.978 16.7266 2 308.76 -122.618
165 84.9784 26.7266 2 112.207 -81.8101
166 94.9784 26.7266 2 103.821 -80.5881
167 104.978 26.7266 2 95.7461 -80.9573
168 114.978 26.7266 2 88.067 -78.7822
169 124.978 26.7266 2 80.8968 -79.9427
170 134.978 26.7266 2 74.3826 -74.9136
171 144.978 26.7266 2 68.7114 -78.3608
172 154.978 26.7266 2 64.1072 -81.8651
173 164.978 26.7266 2 60.8129 -82.1745
174 174.978 26.7266 2 59.0483 -73.22
175 184.978 26.7266 2 58.9506 -70.7641
176 194.978 26.7266 2 60.5282 -250
177 204.978 26.7266 2 63.6564 -250
178 214.978 26.7266 2 68.1221 -250
179 224.978 26.7266 2 73.6825 -250
180 234.978 26.7266 2 80.1099 -250
181 244.978 26.7266 2 87.2128 -250
182 254.978 26.7266 2 94.8396 -250
183 264.978 26.7266 2 102.874 -89.8205
184 274.978 26.7266 2 111.227 -92.643
185 284.978 26.7266 2 119.833 -99.0426
186 294.978 26.7266 2 128.641 -250
187 304.978 26.7266 2 137.612 -250
188 314.978 26.7266 2 146.716 -97.7259
189 324.978 26.7266 2 155.929 -101.167
190 334.978 26.7266 2 165.234 -92.4985
191 344.978 26.7266 2 174.616 -96.3541
192 354.978 26.7266 2 184.064 -89.8989
193 364.978 26.7266 2 193.566 -250
194 374.978 26.7266 2 203.117 -250
195 384.978 26.7266 2 212.708 -104.283
196 394.978 26.7266 2 222.336 -98.5436
197 404.978 26.7266 2 231.995 -95.9713
198 414.978 26.7266 2 241.682 -96.0974
199 424.978 26.7266 2 251.394 -104.473
200 434.978 26.7266 2 261.127 -110.489
201 444.978 26.7266 2 270.88 -98.4123
202 454.978 26.7266 2 280.65 -250
203 464.978 26.7266 2 290.435 -250
204 474.978 26.7266 2 300.235 -124.368
205 484.978 26.7266 2 310.048 -128.183
206 84.9784 36.7266 2 116.565 -80.5543
207 94.9784 36.7266 2 108.517 -80.4464
208 104.978 36.7266 2 100.818 -80.871
209 114.978 36.7266 2 93.5565 -81.7073
210 124.978 36.7266 2 86.8407 -80.8814
211 134.978 36.7266 2 80.8071 -79.318
212 144.978 36.7266 2 75.6192 -90.9829
213 154.978 36.7266 2 71.4615 -88.8302
214 164.978 36.7266 2 68.5218 -93.8713
215 174.978 36.7266 2 66.9605 -73.3656
216 184.978 36.7266 2 66.8745 -69.6914
217 194.978 36.7266 2 68.2692 -105.616
218 204.978 36.7266 2 71.0575 -97.9664
219 214.978 36.7266 2 75.0842 -95.0705
220 224.978 36.7266 2 80.1631 -250
221 234.978 36.7266 2 86.1081 -250
222 244.978 36.7266 2 92.7528 -250
223 254.978 36.7266 2 99.9579 -250
224 264.978 36.7266 2 107.611 -105.091
225 274.978 36.7266 2 115.622 -91.5428
226 284.978 36.7266 2 123.923 -114.536
227 294.978 36.7266 2 132.459 -250
228 304.978 36.7266 2 141.188 -250
229 314.978 36.7266 2 150.075 -92.7519
230 324.978 36.7266 2 159.094 -101.704
231 334.978 36.7266 2 168.224 -99.5258
232 344.978 36.7266 2 177.448 -104.489
233 354.978 36.7266 2 186.752 -100.755
234 364.978 36.7266 2 196.125 -83.6999
235 374.978 36.7266 2 205.556 -88.4321
236 384.978 36.7266 2 215.039 -250
237 394.978 36.7266 2 224.567 -250
238 404.978 36.7266 2 234.134 -98.5258
239 414.978 36.7266 2 243.736 -98.8735
240 424.978 36.7266 2 253.369 -100.186
241 434.978 36.7266 2 263.029 -96.8874
242 444.978 36.7266 2 272.714 -103.768
243 454.978 36.7266 2 282.42 -250
244 464.978 36.7266 2 292.147 -250
245 474.978 36.7266 2 301.891 -118.308
246 484.978 36.7266 2 311.652 -131.225
247 84.9784 46.7266 2 121.591 -82.9252
248 94.9784 46.7266 2 113.899 -80.5757
249 104.978 46.7266 2 106.59 -78.9725
250 114.978 46.7266 2 99.7489 -79.5295
251 124.978 46.7266 2 93.479 -81.6205
252 134.978 46.7266 2 87.9022 -80.6632
253 144.978 46.7266 2 83.1582 -88.3149
254 154.978 46.7266 2 79.3963 -250
255 164.978 46.7266 2 76.761 -250
256 174.978 46.7266 2 75.3706 -250
257 184.978 46.7266 2 75.2942 -250
258 194.978 46.7266 2 76.5356 -250
259 204.978 46.7266 2 79.0328 -95.7403
260 214.978 46.7266 2 82.672 -88.6496
261 224.978 46.7266 2 87.3106 -92.872
262 234.978 46.7266 2 92.7989 -100.314
263 244.978 46.7266 2 98.9955 -89.3573
264 254.978 46.7266 2 105.776 -87.5535
265 264.978 46.7266 2 113.036 -88.1506
266 274.978 46.7266 2 120.688 -104.764
267 284.978 46.7266 2 128.662 -103.053
268 294.978 46.7266 2 136.903 -250
269 304.978 46.7266 2 145.365 -250
270 314.978 46.7266 2 154.011 -250
271 324.978 46.7266 2 162.813 -250
272 334.978 46.7266 2 171.745 -250
273 344.978 46.7266 2 180.79 -250
274 354.978 46.7266 2 189.93 -250
275 364.978 46.7266 2 199.153 -89.881
276 374.978 46.7266 2 208.448 -92.5761
277 384.978 46.7266 2 217.805 -250
278 394.978 46.7266 2 227.217 -250
279 404.978 46.7266 2 236.677 -99.3756
280 414.978 46.7266 2 246.179 -99.9052
281 424.978 46.7266 2 255.72 -102.551
282 434.978 46.7266 2 265.295 -114.895
283 444.978 46.7266 2 274.9 -98.8924
284 454.978 46.7266 2 284.532 -250
285 464.978 46.7266 2 294.188 -250
286 474.978 46.7266 2 303.867 -113.137
287 484.978 46.7266 2 313.566 -118.782
288 84.9784 56.7266 2 127.206 -80.3992
289 94.9784 56.7266 2 119.874 -81.2816
290 104.978 56.7266 2 112.953 -82.3534
291 114.978 56.7266 2 106.522 -79.5694
292 124.978 56.7266 2 100.674 -81.1704
293 134.978 56.7266 2 95.5187 -79.175
294 144.978 56.7266 2 91.1718 -77.4689
295 154.978 56.7266 2 87.7541 -250
296 164.978 56.7266 2 85.3772 -250
297 174.978 56.7266 2 84.1294 -250
298 184.978 56.7266 2 84.0609 -250
299 194.978 56.7266 2 85.1746 -250
300 204.978 56.7266 2 87.4254 -87.7575
301 214.978 56.7266 2 90.7286 -102.265
302 224.978 56.7266 2 94.9745 -89.9611
303 234.978 56.7266 2 100.043 -88.6387
304 244.978 56.7266 2 105.816 -92.9794
305 254.978 56.7266 2 112.186 -86.9966
306 264.978 56.7266 2 119.055 -90.45
307 274.978 56.7266 2 126.343 -93.5855
308 284.978 56.7266 2 133.982 -103.437
309 294.978 56.7266 2 141.914 -250
310 304.978 56.7266 2 150.093 -250
311 314.978 56.7266 2 158.482 -250
312 324.978 56.7266 2 167.048 -250
313 334.978 56.7266 2 175.765 -250
314 344.978 56.7266 2 184.613 -250
315 354.978 56.7266 2 193.573 -250
316 364.978 56.7266 2 202.63 -106.351
317 374.978 56.7266 2 211.772 -96.4469
318 384.978 56.7266 2 220.988 -250
319 394.978 56.7266 2 230.27 -250
320 404.978 56.7266 2 239.61 -86.2323
321 414.978 56.7266 2 249.001 -98.548
322 424.978 56.7266 2 258.437 -97.3157
323 434.978 56.7266 2 267.915 -90.4868
324 444.978 56.7266 2 277.429 -93.3771
325 454.978 56.7266 2 286.976 -250
326 464.978 56.7266 2 296.553 -250
327 474.978 56.7266 2 306.157 -116.767
328 484.978 56.7266 2 315.786 -108.434
329 84.9784 66.7266 2 133.336 -83.4977
330 94.9784 66.7266 2 126.36 -79.4414
331 104.978 66.7266 2 119.814 -79.3697
332 114.978 66.7266 2 113.771 -77.5671
333 124.978 66.7266 2 108.316 -78.9667
334 134.978 66.7266 2 103.541 -80.7123
335 144.978 66.7266 2 99.5456 -78.3377
336 154.978 66.7266 2 96.4251 -90.2098
337 164.978 66.7266 2 94.2671 -90.1024
338 174.978 66.7266 2 93.1384 -86.7376
339 184.978 66.7266 2 93.0766 -103.246
340 194.978 66.7266 2 94.0837 -92.1314
341 204.978 66.7266 2 96.126 -90.6613
342 214.978 66.7266 2 99.1398 -101.021
343 224.978 66.7266 2 103.04 -92.7153
344 234.978 66.7266 2 107.73 -92.5031
345 244.978 66.7266 2 113.111 -89.9962
346 254.978 66.7266 2 119.091 -90.7615
347 264.978 66.7266 2 125.583 -96.3581
348 274.978 66.7266 2 132.513 -96.8547
349 284.978 66.7266 2 139.814 -92.0088
350 294.978 66.7266 2 147.433 -91.3198
351 304.978 66.7266 2 155.322 -95.249
352 314.978 66.7266 2 163.443 -107.671
353 324.978 66.7266 2 171.761 -96.9547
354 334.978 66.7266 2 180.251 -97.3087
355 344.978 66.7266 2 188.889 -116.68
356 354.978 66.7266 2 197.655 -101.654
357 364.978 66.7266 2 206.533 -94.9669
358 374.978 66.7266 2 215.51 -89.8481
359 384.978 66.7266 2 224.573 -91.2786
360 394.978 66.7266 2 233.712 -106.391
361 404.978 66.7266 2 242.919 -95.3825
362 414.978 66.7266 2 252.187 -97.4736
363 424.978 66.7266 2 261.509 -95.3048
364 434.978 66.7266 2 270.879 -92.7545
365 444.978 66.7266 2 280.292 -115.36
366 454.978 66.7266 2 289.745 -97.5634
367 464.978 66.7266 2 299.234 -103.411
368 474.978 66.7266 2 308.754 -90.9225
369 484.978 66.7266 2 318.304 -93.7457
370 84.9784 76.7266 2 139.912 -82.8563
371 94.9784 76.7266 2 133.281 -83.0846
372 104.978 76.7266 2 127.092 -77.6572
373 114.978 76.7266 2 121.412 -87.0434
374 124.978 76.7266 2 116.316 -81.33
375 134.978 76.7266 2 111.883 -82.877
376 144.978 76.7266 2 108.196 -79.068
377 154.978 76.7266 2 105.332 -82.3034
378 164.978 76.7266 2 103.36 -83.5677
379 174.978 76.7266 2 102.332 -95.2124
380 184.978 76.7266 2 102.275 -97.3951
381 194.978 76.7266 2 103.193 -94.0631
382 204.978 76.7266 2 105.058 -91.6204
383 214.978 76.7266 2 107.823 -89.6898
384 224.978 76.7266 2 111.419 -93.5318
385 234.978 76.7266 2 115.77 -93.7946
386 244.978 76.7266 2 120.794 -109.938
387 254.978 76.7266 2 126.411 -105.863
388 264.978 76.7266 2 132.545 -94.1715
389 274.978 76.7266 2 139.128 -88.3444
390 284.978 76.7266 2 146.1 -89.2599
391 294.978 76.7266 2 153.407 -107.124
392 304.978 76.7266 2 161.003 -95.4563
393 314.978 76.7266 2 168.851 -92.6915
394 324.978 76.7266 2 176.915 -92.1886
395 334.978 76.7266 2 185.169 -103.41
396 344.978 76.7266 2 193.587 -92.0719
397 354.978 76.7266 2 202.15 -86.4877
398 364.978 76.7266 2 210.839 -85.7273
399 374.978 76.7266 2 219.639 -90.6622
400 384.978 76.7266 2 228.539 -94.5016
401 394.978 76.7266 2 237.526 -104.99
402 404.978 76.7266 2 246.591 -95.6183
403 414.978 76.7266 2 255.725 -100.61
404 424.978 76.7266 2 264.922 -94.3561
405 434.978 76.7266 2 274.176 -105.971
406 444.978 76.7266 2 283.48 -112.308
407 454.978 76.7266 2 292.83 -102.293
408 464.978 76.7266 2 302.221 -108.898
409 474.978 76.7266 2 311.651 -99.231
410 484.978 76.7266 2 321.115 -97.6257
411 84.9784 86.7266 2 146.876 -82.7112
412 94.9784 86.7266 2 140.574 -96.7546
413 104.978 86.7266 2 134.72 -250
414 114.978 86.7266 2 129.375 -250
415 124.978 86.7266 2 124.605 -250
416 134.978 86.7266 2 120.478 -80.7815
417 144.978 86.7266 2 117.061 -80.7777
418 154.978 86.7266 2 114.42 -250
419 164.978 86.7266 2 112.607 -250
420 174.978 86.7266 2 111.664 -250
421 184.978 86.7266 2 111.612 -84.1979
422 194.978 86.7266 2 112.453 -85.5709
423 204.978 86.7266 2 114.168 -98.2262
424 214.978 86.7266 2 116.716 -80.448
425 224.978 86.7266 2 120.047 -250
426 234.978 86.7266 2 124.096 -250
427 244.978 86.7266 2 128.795 -250
428 254.978 86.7266 2 134.077 -97.7034
429 264.978 86.7266 2 139.875 -98.9927
430 274.978 86.7266 2 146.129 -93.4378
431 284.978 86.7266 2 152.781 -97.2945
432 294.978 86.7266 2 159.783 -95.0921
433 304.978 86.7266 2 167.09 -98.3441
434 314.978 86.7266 2 174.664 -92.2262
435 324.978 86.7266 2 182.472 -95.3358
436 334.978 86.7266 2 190.485 -92.8389
437 344.978 86.7266 2 198.678 -90.9997
438 354.978 86.7266 2 207.03 -93.4052
439 364.978 86.7266 2 215.523 -89.3243
440 374.978 86.7266 2 224.139 -90.9295
441 384.978 86.7266 2 232.867 -250
442 394.978 86.7266 2 241.693 -250
443 404.978 86.7266 2 250.607 -250
444 414.978 86.7266 2 259.6 -101.983
445 424.978 86.7266 2 268.665 -96.0263
446 434.978 86.7266 2 277.794 -85.9558
447 444.978 86.7266 2 286.981 -250
448 454.978 86.7266 2 296.22 -250
449 464.978 86.7266 2 305.507 -250
450 474.978 86.7266 2 314.838 -93.0738
451 484.978 86.7266 2 324.209 -109.148
452 84.9784 96.7266 2 154.174 -87.2854
453 94.9784 96.7266 2 148.182 -109.387
454 104.978 96.7266 2 142.641 -88.9886
455 114.978 96.7266 2 137.604 -86.4344
456 124.978 96.7266 2 133.129 -95.7766
457 134.978 96.7266 2 129.275 -82.7206
458 144.978 96.7266 2 126.097 -82.598
459 154.978 96.7266 2 123.648 -250
460 164.978 96.7266 2 121.973 -250
461 174.978 96.7266 2 121.103 -250
462 184.978 96.7266 2 121.055 -82.4284
463 194.978 96.7266 2 121.831 -250
464 204.978 96.7266 2 123.415 -250
465 214.978 96.7266 2 125.777 -250
466 224.978 96.7266 2 128.873 -250
467 234.978 96.7266 2 132.653 -250
468 244.978 96.7266 2 137.059 -250
469 254.978 96.7266 2 142.034 -250
470 264.978 96.7266 2 147.52 -250
471 274.978 96.7266 2 153.462 -102.824
472 284.978 96.7266 2 159.81 -94.1866
473 294.978 96.7266 2 166.516 -89.8605
474 304.978 96.7266 2 173.54 -89.3398
475 314.978 96.7266 2 180.844 -93.8598
476 324.978 96.7266 2 188.396 -90.2439
477 334.978 96.7266 2 196.167 -85.4911
478 344.978 96.7266 2 204.132 -86.6077
479 354.978 96.7266 2 212.27 -85.6004
480 364.978 96.7266 2 220.561 -81.7857
481 374.978 96.7266 2 228.988 -84.0929
482 384.978 96.7266 2 237.537 -250
483 394.978 96.7266 2 246.196 -250
484 404.978 96.7266 2 254.953 -250
485 414.978 96.7266 2 263.798 -96.6504
486 424.978 96.7266 2 272.723 -103.406
487 434.978 96.7266 2 281.72 -94.4295
488 444.978 96.7266 2 290.783 -250
489 454.978 96.7266 2 299.906 -250
490 464.978 96.7266 2 309.082 -250
491 474.978 96.7266 2 318.308 -117.146
492 484.978 96.7266 2 327.58 -106.783
493 84.9784 106.727 2 161.761 -95.4418
494 94.9784 106.727 2 156.061 -96.3863
495 104.978 106.727 2 150.809 -103.313
496 114.978 106.727 2 146.055 -110.334
497 124.978 106.727 2 141.847 -94.1271
498 134.978 106.727 2 138.235 -87.5072
499 144.978 106.727 2 135.268 -84.7611
500 154.978 106.727 2 132.988 -250
501 164.978 106.727 2 131.432 -250
502 174.978 106.727 2 130.625 -250
503 184.978 106.727 2 130.581 -83.008
504 194.978 106.727 2 131.3 -250
505 204.978 106.727 2 132.772 -250
506 214.978 106.727 2 134.97 -250
507 224.978 106.727 2 137.86 -250
508 234.978 106.727 2 141.399 -250
509 244.978 106.727 2 145.541 -250
510 254.978 106.727 2 150.235 -250
511 264.978 106.727 2 155.432 -250
512 274.978 106.727 2 161.083 -100.7
513 284.978 106.727 2 167.141 -81.8891
514 294.978 106.727 2 173.564 -85.4939
515 304.978 106.727 2 180.314 -86.0228
516 314.978 106.727 2 187.354 -86.1648
517 324.978 106.727 2 194.654 -88.179
518 334.978 106.727 2 202.184 -80.5246
519 344.978 106.727 2 209.922 -92.4794
520 354.978 106.727 2 217.843 -82.818
521 364.978 106.727 2 225.929 -87.6785
522 374.978 106.727 2 234.163 -87.1093
523 384.978 106.727 2 242.53 -250
524 394.978 106.727 2 251.017 -250
525 404.978 106.727 2 259.611 -250
526 414.978 106.727 2 268.303 -109.564
527 424.978 106.727 2 277.083 -112.219
528 434.978 106.727 2 285.943 -99.7111
529 444.978 106.727 2 294.876 -250
530 454.978 106.727 2 303.876 -250
531 464.978 106.727 2 312.936 -250
532 474.978 106.727 2 322.052 -115.004
533 484.978 106.727 2 331.219 -115.261
534 84.9784 116.727 2 169.598 -94.0276
535 94.9784 116.727 2 164.171 -94.3125
536 104.978 116.727 2 159.187 -129.54
537 114.978 116.727 2 154.69 -250
538 124.978 116.727 2 150.723 -250
539 134.978 116.727 2 147.329 -250
540 144.978 116.727 2 144.549 -250
541 154.978 116.727 2 142.418 -250
542 164.978 116.727 2 140.966 -250
543 174.978 116.727 2 140.214 -250
544 184.978 116.727 2 140.173 -80.4512
545 194.978 116.727 2 140.843 -250
546 204.978 116.727 2 142.216 -250
547 214.978 116.727 2 144.27 -250
548 224.978 116.727 2 146.977 -250
549 234.978 116.727 2 150.302 -250
550 244.978 116.727 2 154.205 -250
551 254.978 116.727 2 158.643 -250
552 264.978 116.727 2 163.573 -250
553 274.978 116.727 2 168.952 -106.57
554 284.978 116.727 2 174.737 -97.7486
555 294.978 116.727 2 180.891 -83.1283
556 304.978 116.727 2 187.377 -83.8027
557 314.978 116.727 2 194.161 -80.8185
558 324.978 116.727 2 201.214 -250
559 334.978 116.727 2 208.508 -250
560 344.978 116.727 2 216.019 -250
561 354.978 116.727 2 223.724 -250
562 364.978 116.727 2 231.605 -250
563 374.978 116.727 2 239.645 -250
564 384.978 116.727 2 247.827 -250
565 394.978 116.727 2 256.138 -250
566 404.978 116.727 2 264.566 -250
567 414.978 116.727 2 273.1 -250
568 424.978 116.727 2 281.73 -106.753
569 434.978 116.727 2 290.449 -113.289
570 444.978 116.727 2 299.247 -250
571 454.978 116.727 2 308.119 -250
572 464.978 116.727 2 317.058 -250
573 474.978 116.727 2 326.059 -129.881
574 484.978 116.727 2 335.116 -122.908
575 84.9784 126.727 2 177.653 -85.1495
576 94.9784 126.727 2 172.479 -84.9248
577 104.978 126.727 2 167.742 -96.726
578 114.978 126.727 2 163.481 -250
579 124.978 126.727 2 159.732 -250
580 134.978 126.727 2 156.534 -250
581 144.978 126.727 2 153.92 -250
582 154.978 126.727 2 151.921 -250
583 164.978 126.727 2 150.56 -250
584 174.978 126.727 2 149.856 -250
585 184.978 126.727 2 149.818 -83.36
586 194.978 126.727 2 150.445 -102.366
587 204.978 126.727 2 151.731 -99.0127
588 214.978 126.727 2 153.658 -97.7265
589 224.978 126.727 2 156.203 -250
590 234.978 126.727 2 159.335 -250
591 244.978 126.727 2 163.022 -250
592 254.978 126.727 2 167.227 -106.189
593 264.978 126.727 2 171.911 -97.5778
594 274.978 126.727 2 177.036 -104.046
595 284.978 126.727 2 182.566 -115.732
596 294.978 126.727 2 188.464 -107.551
597 304.978 126.727 2 194.698 -82.8576
598 314.978 126.727 2 201.235 -83.4919
599 324.978 126.727 2 208.048 -250
600 334.978 126.727 2 215.111 -250
601 344.978 126.727 2 222.398 -250
602 354.978 126.727 2 229.89 -250
603 364.978 126.727 2 237.567 -250
604 374.978 126.727 2 245.411 -250
605 384.978 126.727 2 253.407 -250
606 394.978 126.727 2 261.541 -250
607 404.978 126.727 2 269.8 -250
608 414.978 126.727 2 278.173 -250
609 424.978 126.727 2 286.651 -124.237
610 434.978 126.727 2 295.224 -113.322
611 444.978 126.727 2 303.885 -250
612 454.978 126.727 2 312.625 -250
613 464.978 126.727 2 321.439 -250
614 474.978 126.727 2 330.32 -127.036
615 484.978 126.727 2 339.264 -133.703
616 84.9784 136.727 2 185.897 -87.4238
617 94.9784 136.727 2 180.959 -96.8745
618 104.978 136.727 2 176.45 -94.3409
619 114.978 136.727 2 172.404 -97.3137
620 124.978 136.727 2 168.853 -88.6995
621 134.978 136.727 2 165.831 -250
622 144.978 136.727 2 163.366 -250
623 154.978 136.727 2 161.484 -250
624 164.978 136.727 2 160.204 -250
625 174.978 136.727 2 159.543 -250
626 184.978 136.727 2 159.507 -85.8227
627 194.978 136.727 2 160.096 -99.0962
628 204.978 136.727 2 161.305 -102.127
629 214.978 136.727 2 163.119 -102.027
630 224.978 136.727 2 165.518 -250
631 234.978 136.727 2 168.478 -250
632 244.978 136.727 2 171.969 -250
633 254.978 136.727 2 175.96 -125.112
634 264.978 136.727 2 180.417 -112.701
635 274.978 136.727 2 185.307 -99.2129
636 284.978 136.727 2 190.597 -96.1877
637 294.978 136.727 2 196.254 -90.6244
638 304.978 136.727 2 202.248 -92.0555
639 314.978 136.727 2 208.549 -84.927
640 324.978 136.727 2 215.131 -250
641 334.978 136.727 2 221.968 -250
642 344.978 136.727 2 229.037 -250
643 354.978 136.727 2 236.319 -250
644 364.978 136.727 2 243.793 -250
645 374.978 136.727 2 251.443 -250
646 384.978 136.727 2 259.253 -250
647 394.978 136.727 2 267.209 -250
648 404.978 136.727 2 275.298 -250
649 414.978 136.727 2 283.509 -250
650 424.978 136.727 2 291.832 -126.307
651 434.978 136.727 2 300.257 -129.708
652 444.978 136.727 2 308.776 -250
653 454.978 136.727 2 317.382 -250
654 464.978 136.727 2 326.067 -250
655 474.978 136.727 2 334.826 -129.18
656 484.978 136.727 2 343.652 -125.208
657 84.9784 146.727 2 194.305 -86.6725
658 94.9784 146.727 2 189.587 -98.3985
659 104.978 146.727 2 185.288 -92.9468
660 114.978 146.727 2 181.439 -96.7245
661 124.978 146.727 2 178.069 -107.33
662 134.978 146.727 2 175.206 -95.9458
663 144.978 146.727 2 172.874 -93.7459
664 154.978 146.727 2 171.096 -95.7083
665 164.978 146.727 2 169.889 -100.285
666 174.978 146.727 2 169.266 -110.655
667 184.978 146.727 2 169.232 -82.9108
668 194.978 146.727 2 169.788 -99.4342
669 204.978 146.727 2 170.928 -102.588
670 214.978 146.727 2 172.641 -103.275
671 224.978 146.727 2 174.909 -111.27
672 234.978 146.727 2 177.713 -112.929
673 244.978 146.727 2 181.026 -112.438
674 254.978 146.727 2 184.821 -96.8149
675 264.978 146.727 2 189.069 -115.815
676 274.978 146.727 2 193.741 -98.792
677 284.978 146.727 2 198.807 -93.3736
678 294.978 146.727 2 204.237 -89.7605
679 304.978 146.727 2 210.003 -91.4613
680 314.978 146.727 2 216.078 -94.9655
681 324.978 146.727 2 222.437 -96.1944
682 334.978 146.727 2 229.056 -103.441
683 344.978 146.727 2 235.913 -99.4719
684 354.978 146.727 2 242.989 -96.8916
685 364.978 146.727 2 250.264 -114.563
686 374.978 146.727 2 257.722 -118.709
687 384.978 146.727 2 265.347 -117.501
688 394.978 146.727 2 273.125 -121.656
689 404.978 146.727 2 281.044 -127.616
690 414.978 146.727 2 289.093 -131.575
691 424.978 146.727 2 297.259 -126.744
692 434.978 146.727 2 305.535 -139.172
693 444.978 146.727 2 313.911 -129.84
694 454.978 146.727 2 322.379 -129.78
695 464.978 146.727 2 330.933 -144.425
696 474.978 146.727 2 339.566 -131.624
697 484.978 146.727 2 348.273 -136.94
698 84.9784 156.727 2 202.859 -84.3138
699 94.9784 156.727 2 198.343 -102.384
700 104.978 156.727 2 194.238 -92.4363
701 114.978 156.727 2 190.57 -95.2356
702 124.978 156.727 2 187.365 -104.109
703 134.978 156.727 2 184.646 -94.3425
704 144.978 156.727 2 182.435 -99.011
705 154.978 156.727 2 180.751 -95.9382
706 164.978 156.727 2 179.609 -93.3098
707 174.978 156.727 2 179.019 -101.457
708 184.978 156.727 2 178.987 -92.4861
709 194.978 156.727 2 179.513 -102.589
710 204.978 156.727 2 180.592 -101.14
711 214.978 156.727 2 182.214 -107.349
712 224.978 156.727 2 184.365 -109.141
713 234.978 156.727 2 187.026 -104.169
714 244.978 156.727 2 190.177 -116.797
715 254.978 156.727 2 193.793 -113.823
716 264.978 156.727 2 197.849 -98.2422
717 274.978 156.727 2 202.318 -94.727
718 284.978 156.727 2 207.174 -94.2626
719 294.978 156.727 2 212.39 -93.8621
720 304.978 156.727 2 217.941 -105.394
721 314.978 156.727 2 223.801 -104.81
722 324.978 156.727 2 229.946 -90.9356
723 334.978 156.727 2 236.355 -94.5467
724 344.978 156.727 2 243.006 -118.856
725 354.978 156.727 2 249.881 -106.912
726 364.978 156.727 2 256.961 -99.7625
727 374.978 156.727 2 264.23 -133.082
728 384.978 156.727 2 271.673 -122.68
729 394.978 156.727 2 279.275 -126
730 404.978 156.727 2 287.024 -134.716
731 414.978 156.727 2 294.909 -126.357
732 424.978 156.727 2 302.919 -124.608
733 434.978 156.727 2 311.044 -122.302
734 444.978 156.727 2 319.276 -124.2
735 454.978 156.727 2 327.606 -124.692
736 464.978 156.727 2 336.027 -126.453
737 474.978 156.727 2 344.532 -130.015
738 484.978 156.727 2 353.116 -132.65
739 84.9784 166.727 2 211.539 -87.1319
740 94.9784 166.727 2 207.213 -88.4663
741 104.978 166.727 2 203.287 -88.7493
742 114.978 166.727 2 199.785 -92.0792
743 124.978 166.727 2 196.73 -95.0721
744 134.978 166.727 2 194.142 -95.8303
745 144.978 166.727 2 192.04 -96.5941
746 154.978 166.727 2 190.442 -98.6722
747 164.978 166.727 2 189.358 -95.419
748 174.978 166.727 2 188.799 -99.6397
749 184.978 166.727 2 188.768 -82.141
750 194.978 166.727 2 189.267 -92.2441
751 204.978 166.727 2 190.29 -108.12
752 214.978 166.727 2 191.83 -106.465
753 224.978 166.727 2 193.875 -250
754 234.978 166.727 2 196.407 -118.092
755 244.978 166.727 2 199.41 -250
756 254.978 166.727 2 202.862 -250
757 264.978 166.727 2 206.74 -250
758 274.978 166.727 2 211.021 -91.3321
759 284.978 166.727 2 215.681 -97.4783
760 294.978 166.727 2 220.696 -250
761 304.978 166.727 2 226.043 -250
762 314.978 166.727 2 231.697 -250
763 324.978 166.727 2 237.639 -250
764 334.978 166.727 2 243.846 -250
765 344.978 166.727 2 250.298 -250
766 354.978 166.727 2 256.978 -127.171
767 364.978 166.727 2 263.868 -113.409
768 374.978 166.727 2 270.951 -250
769 384.978 166.727 2 278.214 -134.063
770 394.978 166.727 2 285.642 -118.654
771 404.978 166.727 2 293.224 -115.419
772 414.978 166.727 2 300.946 -126.219
773 424.978 166.727 2 308.799 -126.907
774 434.978 166.727 2 316.774 -121.256
775 444.978 166.727 2 324.86 -250
776 454.978 166.727 2 333.05 -250
777 464.978 166.727 2 341.337 -250
778 474.978 166.727 2 349.713 -129.781
779 484.978 166.727 2 358.173 -140.727
780 84.9784 176.727 2 220.331 -86.5742
781 94.9784 176.727 2 216.181 -82.9529
782 104.978 176.727 2 212.421 -83.6349
783 114.978 176.727 2 209.072 -92.3156
784 124.978 176.727 2 206.154 -96.2944
785 134.978 176.727 2 203.686 -95.2812
786 144.978 176.727 2 201.684 -94.8401
787 154.978 176.727 2 200.162 -93.3986
788 164.978 176.727 2 199.132 -94.7381
789 174.978 176.727 2 198.6 -95.1862
790 184.978 176.727 2 198.571 -81.2437
791 194.978 176.727 2 199.045 -88.6528
792 204.978 176.727 2 200.019 -98.591
793 214.978 176.727 2 201.484 -99.5746
794 224.978 176.727 2 203.432 -250
795 234.978 176.727 2 205.847 -110.404
796 244.978 176.727 2 208.714 -250
797 254.978 176.727 2 212.014 -250
798 264.978 176.727 2 215.727 -250
799 274.978 176.727 2 219.834 -94.1654
800 284.978 176.727 2 224.311 -97.6665
801 294.978 176.727 2 229.137 -250
802 304.978 176.727 2 234.291 -250
803 314.978 176.727 2 239.751 -250
804 324.978 176.727 2 245.498 -250
805 334.978 176.727 2 251.511 -250
806 344.978 176.727 2 257.772 -250
807 354.978 176.727 2 264.262 -109.312
808 364.978 176.727 2 270.967 -115.799
809 374.978 176.727 2 277.87 -250
810 384.978 176.727 2 284.956 -123.188
811 394.978 176.727 2 292.213 -139.241
812 404.978 176.727 2 299.628 -123.357
813 414.978 176.727 2 307.19 -113.25
814 424.978 176.727 2 314.887 -131.648
815 434.978 176.727 2 322.711 -121.155
816 444.978 176.727 2 330.652 -250
817 454.978 176.727 2 338.703 -250
818 464.978 176.727 2 346.854 -250
819 474.978 176.727 2 355.101 -130.753
820 484.978 176.727 2 363.435 -139.974
821 84.9784 186.727 2 229.222 -87.6446
822 94.9784 186.727 2 225.236 -87.7013
823 104.978 186.727 2 221.629 -85.5988
824 114.978 186.727 2 218.422 -87.7572
825 124.978 186.727 2 215.631 -91.2517
826 134.978 186.727 2 213.272 -90.7087
827 144.978 186.727 2 211.361 -93.7326
828 154.978 186.727 2 209.91 -91.1106
829 164.978 186.727 2 208.927 -95.9529
830 174.978 186.727 2 208.42 -94.3349
831 184.978 186.727 2 208.393 -92.925
832 194.978 186.727 2 208.844 -89.4111
833 204.978 186.727 2 209.772 -102.164
834 214.978 186.727 2 211.17 -107.403
835 224.978 186.727 2 213.029 -250
836 234.978 186.727 2 215.337 -113.529
837 244.978 186.727 2 218.079 -250
838 254.978 186.727 2 221.239 -250
839 264.978 186.727 2 224.801 -250
840 274.978 186.727 2 228.744 -112.541
841 284.978 186.727 2 233.05 -95.7751
842 294.978 186.727 2 237.699 -104.804
843 304.978 186.727 2 242.671 -126.258
844 314.978 186.727 2 247.947 -116.775
845 324.978 186.727 2 253.508 -108.686
846 334.978 186.727 2 259.335 -250
847 344.978 186.727 2 265.411 -250
848 354.978 186.727 2 271.72 -250
849 364.978 186.727 2 278.245 -250
850 374.978 186.727 2 284.971 -250
851 384.978 186.727 2 291.885 -135.387
852 394.978 186.727 2 298.974 -128.521
853 404.978 186.727 2 306.226 -113.089
854 414.978 186.727 2 313.628 -127.622
855 424.978 186.727 2 321.171 -117.308
856 434.978 186.727 2 328.846 -117.543
857 444.978 186.727 2 336.642 -250
858 454.978 186.727 2 344.553 -250
859 464.978 186.727 2 352.569 -250
860 474.978 186.727 2 360.685 -134.917
861 484.978 186.727 2 368.893 -135.677
862 84.9784 196.727 2 238.201 -87.3087
863 94.9784 196.727 2 234.368 -88.3352
864 104.978 196.727 2 230.904 -86.2066
865 114.978 196.727 2 227.827 -91.8908
866 124.978 196.727 2 225.152 -96.1672
867 134.978 196.727 2 222.895 -94.525
868 144.978 196.727 2 221.067 -94.3643
869 154.978 196.727 2 219.679 -98.5259
870 164.978 196.727 2 218.741 -94.3781
871 174.978 196.727 2 218.257 -95.0743
872 184.978 196.727 2 218.23 -89.397
873 194.978 196.727 2 218.662 -86.652
874 204.978 196.727 2 219.548 -102.482
875 214.978 196.727 2 220.884 -102.206
876 224.978 196.727 2 222.662 -250
877 234.978 196.727 2 224.871 -110.568
878 244.978 196.727 2 227.498 -112.187
879 254.978 196.727 2 230.53 -107.943
880 264.978 196.727 2 233.949 -94.6385
881 274.978 196.727 2 237.741 -98.8932
882 284.978 196.727 2 241.887 -112.748
883 294.978 196.727 2 246.369 -100.094
884 304.978 196.727 2 251.17 -115.893
885 314.978 196.727 2 256.271 -118.413
886 324.978 196.727 2 261.655 -101.214
887 334.978 196.727 2 267.305 -250
888 344.978 196.727 2 273.204 -250
889 354.978 196.727 2 279.336 -148.82
890 364.978 196.727 2 285.687 -132.668
891 374.978 196.727 2 292.242 -128.83
892 384.978 196.727 2 298.989 -146.302
893 394.978 196.727 2 305.913 -126.094
894 404.978 196.727 2 313.003 -125.256
895 414.978 196.727 2 320.249 -122.624
896 424.978 196.727 2 327.64 -250
897 434.978 196.727 2 335.166 -250
898 444.978 196.727 2 342.819 -250
899 454.978 196.727 2 350.59 -250
900 464.978 196.727 2 358.472 -250
901 474.978 196.727 2 366.457 -130.784
902 484.978 196.727 2 374.538 -143.328
903 84.9784 206.727 2 247.258 -88.5322
904 94.9784 206.727 2 243.568 -86.0567
905 104.978 206.727 2 240.237 -86.5252
906 114.978 206.727 2 237.281 -109.894
907 124.978 206.727 2 234.714 -250
908 134.978 206.727 2 232.549 -84.3882
909 144.978 206.727 2 230.798 -90.5066
910 154.978 206.727 2 229.469 -95.1697
911 164.978 206.727 2 228.571 -104.126
912 174.978 206.727 2 228.107 -110.776
913 184.978 206.727 2 228.082 -83.3601
914 194.978 206.727 2 228.495 -84.9014
915 204.978 206.727 2 229.344 -101.542
916 214.978 206.727 2 230.623 -113.857
917 224.978 206.727 2 232.326 -101.753
918 234.978 206.727 2 234.444 -103.598
919 244.978 206.727 2 236.965 -111.414
920 254.978 206.727 2 239.877 -100.886
921 264.978 206.727 2 243.165 -102.631
922 274.978 206.727 2 246.815 -110.835
923 284.978 206.727 2 250.811 -107.383
924 294.978 206.727 2 255.137 -125.6
925 304.978 206.727 2 259.775 -99.3245
926 314.978 206.727 2 264.711 -108.511
927 324.978 206.727 2 269.926 -107.956
928 334.978 206.727 2 275.407 -250
929 344.978 206.727 2 281.136 -250
930 354.978 206.727 2 287.099 -141.771
931 364.978 206.727 2 293.282 -134.037
932 374.978 206.727 2 299.671 -129.167
933 384.978 206.727 2 306.253 -126.797
934 394.978 206.727 2 313.017 -146.953
935 404.978 206.727 2 319.95 -126.642
936 414.978 206.727 2 327.042 -142.608
937 424.978 206.727 2 334.283 -250
938 434.978 206.727 2 341.663 -250
939 444.978 206.727 2 349.173 -250
940 454.978 206.727 2 356.806 -250
941 464.978 206.727 2 364.553 -250
942 474.978 206.727 2 372.408 -131.085
943 484.978 206.727 2 380.363 -135.311
944 84.9784 216.727 2 256.386 -89.6426
945 94.9784 216.727 2 252.828 -87.2319
946 104.978 216.727 2 249.621 -85.2549
947 114.978 216.727 2 246.778 -119.983
948 124.978 216.727 2 244.311 -250
949 134.978 216.727 2 242.232 -84.0105
950 144.978 216.727 2 240.551 -92.6276
951 154.978 216.727 2 239.276 -94.5066
952 164.978 216.727 2 238.415 -101.002
953 174.978 216.727 2 237.971 -92.8731
954 184.978 216.727 2 237.946 -82.9231
955 194.978 216.727 2 238.342 -83.8537
956 204.978 216.727 2 239.156 -102.348
957 214.978 216.727 2 240.383 -101.695
958 224.978 216.727 2 242.017 -100.394
959 234.978 216.727 2 244.051 -101.129
960 244.978 216.727 2 246.474 -101.474
961 254.978 216.727 2 249.275 -116.488
962 264.978 216.727 2 252.441 -112.862
963 274.978 216.727 2 255.959 -99.4766
964 284.978 216.727 2 259.814 -108.984
965 294.978 216.727 2 263.992 -250
966 304.978 216.727 2 268.478 -250
967 314.978 216.727 2 273.256 -250
968 324.978 216.727 2 278.311 -250
969 334.978 216.727 2 283.63 -250
970 344.978 216.727 2 289.196 -250
971 354.978 216.727 2 294.996 -144.095
972 364.978 216.727 2 301.017 -126.406
973 374.978 216.727 2 307.245 -124.791
974 384.978 216.727 2 313.669 -136.44
975 394.978 216.727 2 320.276 -133.463
976 404.978 216.727 2 327.055 -125.842
977 414.978 216.727 2 333.996 -127.228
978 424.978 216.727 2 341.09 -250
979 434.978 216.727 2 348.325 -250
980 444.978 216.727 2 355.695 -250
981 454.978 216.727 2 363.191 -250
982 464.978 216.727 2 370.805 -250
983 474.978 216.727 2 378.529 -129.823
984 484.978 216.727 2 386.359 -142.13
985 84.9784 226.727 2 265.576 -90.1773
986 94.9784 226.727 2 262.143 -93.2542
987 104.978 226.727 2 259.052 -250
988 114.978 226.727 2 256.313 -250
989 124.978 226.727 2 253.938 -250
990 134.978 226.727 2 251.939 -100.185
991 144.978 226.727 2 250.323 -87.9522
992 154.978 226.727 2 249.099 -87.4399
993 164.978 226.727 2 248.271 -90.2339
994 174.978 226.727 2 247.845 -87.6861
995 184.978 226.727 2 247.822 -86.0903
996 194.978 226.727 2 248.202 -86.7692
997 204.978 226.727 2 248.983 -105.705
998 214.978 226.727 2 250.162 -100.826
999 224.978 226.727 2 251.733 -98.4079
1000 234.978 226.727 2 253.689 -106.902
1001 244.978 226.727 2 256.02 -94.8135
1002 254.978 226.727 2 258.718 -111.617
1003 264.978 226.727 2 261.77 -108.311
1004 274.978 226.727 2 265.164 -102.702
1005 284.978 226.727 2 268.887 -110.469
1006 294.978 226.727 2 272.926 -250
1007 304.978 226.727 2 277.268 -250
1008 314.978 226.727 2 281.897 -250
1009 324.978 226.727 2 286.8 -250
1010 334.978 226.727 2 291.964 -250
1011 344.978 226.727 2 297.374 -250
1012 354.978 226.727 2 303.018 -136.095
1013 364.978 226.727 2 308.882 -124.448
1014 374.978 226.727 2 314.955 -126.351
1015 384.978 226.727 2 321.225 -125.331
1016 394.978 226.727 2 327.679 -134.453
1017 404.978 226.727 2 334.308 -125.601
1018 414.978 226.727 2 341.102 -133.53
1019 424.978 226.727 2 348.05 -250
1020 434.978 226.727 2 355.144 -250
1021 444.978 226.727 2 362.376 -250
1022 454.978 226.727 2 369.736 -250
1023 464.978 226.727 2 377.218 -250
1024 474.978 226.727 2 384.814 -136.651
1025 484.978 226.727 2 392.518 -130.009
1026 84.9784 236.727 2 274.823 -86.1494
1027 94.9784 236.727 2 271.507 -87.1713
1028 104.978 236.727 2 268.523 -109.699
1029 114.978 236.727 2 265.882 -116.678
1030 124.978 236.727 2 263.594 -250
1031 134.978 236.727 2 261.668 -84.2073
1032 144.978 236.727 2 260.113 -96.771
1033 154.978 236.727 2 258.935 -85.6507
1034 164.978 236.727 2 258.139 -86.0186
1035 174.978 236.727 2 257.729 -90.6388
1036 184.978 236.727 2 257.706 -87.3011
1037 194.978 236.727 2 258.072 -90.2902
1038 204.978 236.727 2 258.823 -101.7
1039 214.978 236.727 2 259.958 -106.932
1040 224.978 236.727 2 261.47 -96.2705
1041 234.978 236.727 2 263.353 -95.2222
1042 244.978 236.727 2 265.6 -113.05
1043 254.978 236.727 2 268.201 -111.006
1044 264.978 236.727 2 271.147 -111.374
1045 274.978 236.727 2 274.425 -102.637
1046 284.978 236.727 2 278.024 -102.688
1047 294.978 236.727 2 281.932 -250
1048 304.978 236.727 2 286.137 -250
1049 314.978 236.727 2 290.625 -250
1050 324.978 236.727 2 295.383 -250
1051 334.978 236.727 2 300.399 -250
1052 344.978 236.727 2 305.66 -250
1053 354.978 236.727 2 311.154 -117.877
1054 364.978 236.727 2 316.868 -125.907
1055 374.978 236.727 2 322.791 -128.789
1056 384.978 236.727 2 328.911 -132.939
1057 394.978 236.727 2 335.217 -130.245
1058 404.978 236.727 2 341.7 -123.489
1059 414.978 236.727 2 348.35 -250
1060 424.978 236.727 2 355.157 -250
1061 434.978 236.727 2 362.111 -250
1062 444.978 236.727 2 369.206 -250
1063 454.978 236.727 2 376.433 -250
1064 464.978 236.727 2 383.784 -250
1065 474.978 236.727 2 391.253 -133.584
1066 484.978 236.727 2 398.832 -128.354
1067 84.9784 246.727 2 284.121 -85.2587
1068 94.9784 246.727 2 280.915 -90.7463
1069 104.978 246.727 2 278.032 -109.503
1070 114.978 246.727 2 275.482 -112.28
1071 124.978 246.727 2 273.274 -108.43
1072 134.978 246.727 2 271.417 -85.6038
1073 144.978 246.727 2 269.918 -85.4926
1074 154.978 246.727 2 268.783 -84.7387
1075 164.978 246.727 2 268.016 -89.75
1076 174.978 246.727 2 267.621 -85.1787
1077 184.978 246.727 2 267.6 -86.7586
1078 194.978 246.727 2 267.952 -88.5688
1079 204.978 246.727 2 268.676 -101.239
1080 214.978 246.727 2 269.768 -124.176
1081 224.978 246.727 2 271.226 -106.399
1082 234.978 246.727 2 273.042 -96.5246
1083 244.978 246.727 2 275.21 -115.769
1084 254.978 246.727 2 277.721 -107.557
1085 264.978 246.727 2 280.566 -112.316
1086 274.978 246.727 2 283.736 -117.127
1087 284.978 246.727 2 287.218 -109.644
1088 294.978 246.727 2 291.003 -122.037
1089 304.978 246.727 2 295.079 -112.943
1090 314.978 246.727 2 299.433 -128.312
1091 324.978 246.727 2 304.053 -127.445
1092 334.978 246.727 2 308.929 -122.877
1093 344.978 246.727 2 314.047 -136.215
1094 354.978 246.727 2 319.396 -127.283
1095 364.978 246.727 2 324.965 -124.481
1096 374.978 246.727 2 330.743 -125.242
1097 384.978 246.727 2 336.718 -120.957
1098 394.978 246.727 2 342.881 -129.348
1099 404.978 246.727 2 349.222 -134.126
1100 414.978 246.727 2 355.731 -141.003
1101 424.978 246.727 2 362.399 -133.558
1102 434.978 246.727 2 369.218 -131.441
1103 444.978 246.727 2 376.178 -134.005
1104 454.978 246.727 2 383.274 -139.619
1105 464.978 246.727 2 390.496 -135.604
1106 474.978 246.727 2 397.839 -137.881
1107 484.978 246.727 2 405.295 -145.442
1108 84.9784 256.727 2 293.465 -85.7662
1109 94.9784 256.727 2 290.362 -108.445
1110 104.978 256.727 2 287.574 -109.535
1111 114.978 256.727 2 285.109 -122.696
1112 124.978 256.727 2 282.977 -109.154
1113 134.978 256.727 2 281.184 -85.2123
1114 144.978 256.727 2 279.737 -83.2988
1115 154.978 256.727 2 278.642 -83.543
1116 164.978 256.727 2 277.902 -83.2275
1117 174.978 256.727 2 277.521 -87.7753
1118 184.978 256.727 2 277.501 -87.8831
1119 194.978 256.727 2 277.84 -85.2978
1120 204.978 256.727 2 278.538 -99.5959
1121 214.978 256.727 2 279.593 -94.3331
1122 224.978 256.727 2 280.999 -106.737
1123 234.978 256.727 2 282.753 -96.4412
1124 244.978 256.727 2 284.846 -113.22
1125 254.978 256.727 2 287.273 -101.266
1126 264.978 256.727 2 290.025 -121.764
1127 274.978 256.727 2 293.092 -106.01
1128 284.978 256.727 2 296.465 -106.201
1129 294.978 256.727 2 300.133 -108.211
1130 304.978 256.727 2 304.086 -125.447
1131 314.978 256.727 2 308.313 -116.11
1132 324.978 256.727 2 312.802 -130.202
1133 334.978 256.727 2 317.543 -121.857
1134 344.978 256.727 2 322.525 -140.667
1135 354.978 256.727 2 327.736 -131.995
1136 364.978 256.727 2 333.166 -125.407
1137 374.978 256.727 2 338.803 -134.146
1138 384.978 256.727 2 344.639 -121.052
1139 394.978 256.727 2 350.663 -134.659
1140 404.978 256.727 2 356.866 -130.011
1141 414.978 256.727 2 363.238 -125.168
1142 424.978 256.727 2 369.77 -126.424
1143 434.978 256.727 2 376.455 -131.391
1144 444.978 256.727 2 383.285 -131.049
1145 454.978 256.727 2 390.251 -139.574
1146 464.978 256.727 2 397.346 -125.855
1147 474.978 256.727 2 404.565 -134.785
1148 484.978 256.727 2 411.899 -127.774
1149 84.9784 266.727 2 302.851 -89.7569
1150 94.9784 266.727 2 299.845 -110.086
1151 104.978 266.727 2 297.146 -100.981
1152 114.978 266.727 2 294.761 -113.722
1153 124.978 266.727 2 292.699 -102.457
1154 134.978 266.727 2 290.966 -250
1155 144.978 266.727 2 289.568 -250
1156 154.978 266.727 2 288.51 -250
1157 164.978 266.727 2 287.796 -250
1158 174.978 266.727 2 287.428 -86.9586
1159 184.978 266.727 2 287.408 -89.0686
1160 194.978 266.727 2 287.736 -86.1656
1161 204.978 266.727 2 288.41 -96.4231
1162 214.978 266.727 2 289.429 -100.164
1163 224.978 266.727 2 290.788 -100.686
1164 234.978 266.727 2 292.483 -97.9062
1165 244.978 266.727 2 294.507 -250
1166 254.978 266.727 2 296.855 -250
1167 264.978 266.727 2 299.519 -250
1168 274.978 266.727 2 302.49 -108.701
1169 284.978 266.727 2 305.759 -107.846
1170 294.978 266.727 2 309.317 -250
1171 304.978 266.727 2 313.154 -250
1172 314.978 266.727 2 317.26 -250
1173 324.978 266.727 2 321.625 -250
1174 334.978 266.727 2 326.237 -250
1175 344.978 266.727 2 331.088 -250
1176 354.978 266.727 2 336.166 -250
1177 364.978 266.727 2 341.462 -250
1178 374.978 266.727 2 346.965 -250
1179 384.978 266.727 2 352.666 -250
1180 394.978 266.727 2 358.555 -250
1181 404.978 266.727 2 364.623 -250
1182 414.978 266.727 2 370.862 -250
1183 424.978 266.727 2 377.263 -250
1184 434.978 266.727 2 383.817 -250
1185 444.978 266.727 2 390.518 -250
1186 454.978 266.727 2 397.357 -250
1187 464.978 266.727 2 404.328 -250
1188 474.978 266.727 2 411.424 -130.261
1189 484.978 266.727 2 418.638 -136.015
1190 84.9784 276.727 2 312.275 -95.2276
1191 94.9784 276.727 2 309.361 -112.906
1192 104.978 276.727 2 306.745 -102.087
1193 114.978 276.727 2 304.436 -121.182
1194 124.978 276.727 2 302.44 -120.022
1195 134.978 276.727 2 300.763 -250
1196 144.978 276.727 2 299.411 -250
1197 154.978 276.727 2 298.388 -250
1198 164.978 276.727 2 297.697 -250
1199 174.978 276.727 2 297.342 -83.4177
1200 184.978 276.727 2 297.322 -93.3601
1201 194.978 276.727 2 297.639 -91.221
1202 204.978 276.727 2 298.291 -92.9789
1203 214.978 276.727 2 299.276 -100.218
1204 224.978 276.727 2 300.59 -93.7305
1205 234.978 276.727 2 302.23 -93.8016
1206 244.978 276.727 2 304.19 -250
1207 254.978 276.727 2 306.464 -250
1208 264.978 276.727 2 309.044 -250
1209 274.978 276.727 2 311.925 -110.051
1210 284.978 276.727 2 315.096 -103.143
1211 294.978 276.727 2 318.55 -250
1212 304.978 276.727 2 322.277 -250
1213 314.978 276.727 2 326.268 -250
1214 324.978 276.727 2 330.514 -250
1215 334.978 276.727 2 335.004 -250
1216 344.978 276.727 2 339.73 -250
1217 354.978 276.727 2 344.681 -250
1218 364.978 276.727 2 349.848 -250
1219 374.978 276.727 2 355.221 -250
1220 384.978 276.727 2 360.791 -250
1221 394.978 276.727 2 366.55 -250
1222 404.978 276.727 2 372.488 -250
1223 414.978 276.727 2 378.597 -250
1224 424.978 276.727 2 384.869 -250
1225 434.978 276.727 2 391.296 -250
1226 444.978 276.727 2 397.871 -250
1227 454.978 276.727 2 404.586 -250
1228 464.978 276.727 2 411.434 -250
1229 474.978 276.727 2 418.41 -130.803
1230 484.978 276.727 2 425.506 -137.005
1231 84.9784 286.727 2 321.734 -121.903
1232 94.9784 286.727 2 318.906 -105.759
1233 104.978 286.727 2 316.37 -103.821
1234 114.978 286.727 2 314.131 -112.953
1235 124.978 286.727 2 312.197 -122.9
1236 134.978 286.727 2 310.572 -250
1237 144.978 286.727 2 309.263 -250
1238 154.978 286.727 2 308.273 -250
1239 164.978 286.727 2 307.605 -250
1240 174.978 286.727 2 307.261 -94.3001
1241 184.978 286.727 2 307.242 -94.1873
1242 194.978 286.727 2 307.549 -95.1397
1243 204.978 286.727 2 308.18 -94.8071
1244 214.978 286.727 2 309.133 -96.7683
1245 224.978 286.727 2 310.406 -107.05
1246 234.978 286.727 2 311.994 -92.9824
1247 244.978 286.727 2 313.893 -250
1248 254.978 286.727 2 316.097 -250
1249 264.978 286.727 2 318.599 -250
1250 274.978 286.727 2 321.394 -116.634
1251 284.978 286.727 2 324.473 -108.914
1252 294.978 286.727 2 327.828 -250
1253 304.978 286.727 2 331.451 -250
1254 314.978 286.727 2 335.333 -250
1255 324.978 286.727 2 339.465 -250
1256 334.978 286.727 2 343.838 -250
1257 344.978 286.727 2 348.444 -250
1258 354.978 286.727 2 353.273 -250
1259 364.978 286.727 2 358.316 -250
1260 374.978 286.727 2 363.564 -250
1261 384.978 286.727 2 369.009 -250
1262 394.978 286.727 2 374.641 -250
1263 404.978 286.727 2 380.453 -250
1264 414.978 286.727 2 386.436 -250
1265 424.978 286.727 2 392.583 -250
1266 434.978 286.727 2 398.886 -250
1267 444.978 286.727 2 405.337 -250
1268 454.978 286.727 2 411.93 -250
1269 464.978 286.727 2 418.659 -250
1270 474.978 286.727 2 425.516 -128.547
1271 484.978 286.727 2 432.495 -136.009
1272 84.9784 296.727 2 331.225 -112.944
1273 94.9784 296.727 2 328.479 -97.6056
1274 104.978 296.727 2 326.017 -104.756
1275 114.978 296.727 2 323.845 -112.61
1276 124.978 296.727 2 321.969 -120.468
1277 134.978 296.727 2 320.394 -250
1278 144.978 296.727 2 319.125 -250
1279 154.978 296.727 2 318.165 -250
1280 164.978 296.727 2 317.518 -250
1281 174.978 296.727 2 317.185 -108.861
1282 184.978 296.727 2 317.167 -93.2252
1283 194.978 296.727 2 317.464 -99.4654
1284 204.978 296.727 2 318.075 -99.5475
1285 214.978 296.727 2 318.999 -93.1868
1286 224.978 296.727 2 320.232 -95.5163
1287 234.978 296.727 2 321.772 -97.4088
1288 244.978 296.727 2 323.613 -250
1289 254.978 296.727 2 325.752 -250
1290 264.978 296.727 2 328.181 -250
1291 274.978 296.727 2 330.894 -123.311
1292 284.978 296.727 2 333.885 -108.31
1293 294.978 296.727 2 337.147 -250
1294 304.978 296.727 2 340.671 -250
1295 314.978 296.727 2 344.449 -250
1296 324.978 296.727 2 348.473 -119.382
1297 334.978 296.727 2 352.735 -149.107
1298 344.978 296.727 2 357.226 -168.367
1299 354.978 296.727 2 361.938 -128.793
1300 364.978 296.727 2 366.861 -110.22
1301 374.978 296.727 2 371.989 -147.222
1302 384.978 296.727 2 377.312 -139.609
1303 394.978 296.727 2 382.822 -152.791
1304 404.978 296.727 2 388.512 -151.829
1305 414.978 296.727 2 394.373 -151.83
1306 424.978 296.727 2 400.398 -157.9
1307 434.978 296.727 2 406.579 -250
1308 444.978 296.727 2 412.911 -250
1309 454.978 296.727 2 419.385 -250
1310 464.978 296.727 2 425.996 -250
1311 474.978 296.727 2 432.736 -138.813
1312 484.978 296.727 2 439.601 -136.567
1313 84.9784 306.727 2 340.745 -107.926
1314 94.9784 306.727 2 338.076 -98.9971
1315 104.978 306.727 2 335.684 -113.518
1316 114.978 306.727 2 333.575 -107.691
1317 124.978 306.727 2 331.754 -118.268
1318 134.978 306.727 2 330.226 -250
1319 144.978 306.727 2 328.995 -250
1320 154.978 306.727 2 328.064 -250
1321 164.978 306.727 2 327.437 -250
1322 174.978 306.727 2 327.113 -93.0297
1323 184.978 306.727 2 327.096 -93.617
1324 194.978 306.727 2 327.384 -95.2966
1325 204.978 306.727 2 327.977 -91.6387
1326 214.978 306.727 2 328.873 -91.3428
1327 224.978 306.727 2 330.069 -99.1589
1328 234.978 306.727 2 331.563 -91.2256
1329 244.978 306.727 2 333.351 -250
1330 254.978 306.727 2 335.427 -250
1331 264.978 306.727 2 337.786 -250
1332 274.978 306.727 2 340.423 -112.703
1333 284.978 306.727 2 343.332 -100.257
1334 294.978 306.727 2 346.504 -250
1335 304.978 306.727 2 349.934 -250
1336 314.978 306.727 2 353.613 -250
1337 324.978 306.727 2 357.534 -112.825
1338 334.978 306.727 2 361.689 -250
1339 344.978 306.727 2 366.07 -250
1340 354.978 306.727 2 370.67 -250
1341 364.978 306.727 2 375.479 -106.621
1342 374.978 306.727 2 380.49 -250
1343 384.978 306.727 2 385.696 -250
1344 394.978 306.727 2 391.088 -250
1345 404.978 306.727 2 396.659 -250
1346 414.978 306.727 2 402.401 -250
1347 424.978 306.727 2 408.308 -250
1348 434.978 306.727 2 414.372 -250
1349 444.978 306.727 2 420.586 -250
1350 454.978 306.727 2 426.943 -250
1351 464.978 306.727 2 433.439 -250
1352 474.978 306.727 2 440.066 -151.415
1353 484.978 306.727 2 446.818 -139.477
1354 84.9784 316.727 2 350.291 -111.327
1355 94.9784 316.727 2 347.696 -105.246
1356 104.978 316.727 2 345.371 -102.677
1357 114.978 316.727 2 343.321 -99.2712
1358 124.978 316.727 2 341.552 -116.919
1359 134.978 316.727 2 340.068 -250
1360 144.978 316.727 2 338.873 -250
1361 154.978 316.727 2 337.969 -250
1362 164.978 316.727 2 337.36 -250
1363 174.978 316.727 2 337.046 -84.6496
1364 184.978 316.727 2 337.029 -101.812
1365 194.978 316.727 2 337.309 -88.5589
1366 204.978 316.727 2 337.884 -94.3179
1367 214.978 316.727 2 338.754 -99.456
1368 224.978 316.727 2 339.916 -98.7748
1369 234.978 316.727 2 341.367 -101.435
1370 244.978 316.727 2 343.103 -250
1371 254.978 316.727 2 345.12 -250
1372 264.978 316.727 2 347.414 -250
1373 274.978 316.727 2 349.979 -113.602
1374 284.978 316.727 2 352.808 -96.9792
1375 294.978 316.727 2 355.896 -250
1376 304.978 316.727 2 359.236 -250
1377 314.978 316.727 2 362.821 -250
1378 324.978 316.727 2 366.644 -126.551
1379 334.978 316.727 2 370.697 -250
1380 344.978 316.727 2 374.973 -250
1381 354.978 316.727 2 379.464 -250
1382 364.978 316.727 2 384.163 -101.045
1383 374.978 316.727 2 389.063 -250
1384 384.978 316.727 2 394.155 -250
1385 394.978 316.727 2 399.433 -250
1386 404.978 316.727 2 404.889 -250
1387 414.978 316.727 2 410.517 -250
1388 424.978 316.727 2 416.308 -250
1389 434.978 316.727 2 422.257 -250
1390 444.978 316.727 2 428.356 -250
1391 454.978 316.727 2 434.601 -250
1392 464.978 316.727 2 440.983 -250
1393 474.978 316.727 2 447.498 -130.23
1394 484.978 316.727 2 454.14 -132.876
1395 84.9784 326.727 2 359.862 -116.211
1396 94.9784 326.727 2 357.337 -106.934
1397 104.978 326.727 2 355.074 -104.176
1398 114.978 326.727 2 353.081 -99.4007
1399 124.978 326.727 2 351.361 -114.509
1400 134.978 326.727 2 349.919 -126.566
1401 144.978 326.727 2 348.758 -132.023
1402 154.978 326.727 2 347.88 -111.904
1403 164.978 326.727 2 347.288 -99.3181
1404 174.978 326.727 2 346.983 -87.9395
1405 184.978 326.727 2 346.966 -85.9195
1406 194.978 326.727 2 347.238 -88.1226
1407 204.978 326.727 2 347.797 -91.2787
1408 214.978 326.727 2 348.642 -91.8707
1409 224.978 326.727 2 349.771 -102.596
1410 234.978 326.727 2 351.181 -88.4663
1411 244.978 326.727 2 352.869 -103.368
1412 254.978 326.727 2 354.831 -106.382
1413 264.978 326.727 2 357.062 -105.805
1414 274.978 326.727 2 359.558 -100.933
1415 284.978 326.727 2 362.313 -99.479
1416 294.978 326.727 2 365.32 -128.806
1417 304.978 326.727 2 368.575 -122.283
1418 314.978 326.727 2 372.07 -131.733
1419 324.978 326.727 2 375.798 -121.066
1420 334.978 326.727 2 379.754 -98.3758
1421 344.978 326.727 2 383.929 -97.8202
1422 354.978 326.727 2 388.317 -97.9097
1423 364.978 326.727 2 392.91 -101.093
1424 374.978 326.727 2 397.702 -100.648
1425 384.978 326.727 2 402.685 -113.002
1426 394.978 326.727 2 407.853 -110.389
1427 404.978 326.727 2 413.198 -122.011
1428 414.978 326.727 2 418.713 -126.754
1429 424.978 326.727 2 424.393 -144.666
1430 434.978 326.727 2 430.23 -138.212
1431 444.978 326.727 2 436.218 -140.233
1432 454.978 326.727 2 442.351 -129.346
1433 464.978 326.727 2 448.624 -130.833
1434 474.978 326.727 2 455.029 -129.229
1435 484.978 326.727 2 461.563 -140.625
1436 84.9784 336.727 2 369.456 -122.095
1437 94.9784 336.727 2 366.996 -110.097
1438 104.978 336.727 2 364.794 -108.82
1439 114.978 336.727 2 362.854 -107.311
1440 124.978 336.727 2 361.181 -115.856
1441 134.978 336.727 2 359.778 -124.346
1442 144.978 336.727 2 358.649 -134.494
1443 154.978 336.727 2 357.795 -118.145
1444 164.978 336.727 2 357.22 -108.817
1445 174.978 336.727 2 356.923 -92.4804
1446 184.978 336.727 2 356.907 -88.0355
1447 194.978 336.727 2 357.171 -87.3148
1448 204.978 336.727 2 357.715 -88.9958
1449 214.978 336.727 2 358.536 -92.1185
1450 224.978 336.727 2 359.634 -86.2715
1451 234.978 336.727 2 361.006 -106.644
1452 244.978 336.727 2 362.648 -107.133
1453 254.978 336.727 2 364.557 -116.329
1454 264.978 336.727 2 366.73 -127.289
1455 274.978 336.727 2 369.16 -107.023
1456 284.978 336.727 2 371.843 -108.511
1457 294.978 336.727 2 374.775 -110.258
1458 304.978 336.727 2 377.948 -116.223
1459 314.978 336.727 2 381.357 -117.148
1460 324.978 336.727 2 384.995 -113.866
1461 334.978 336.727 2 388.857 -99.55
1462 344.978 336.727 2 392.936 -100.37
1463 354.978 336.727 2 397.224 -98.6058
1464 364.978 336.727 2 401.716 -100.059
1465 374.978 336.727 2 406.404 -112.263
1466 384.978 336.727 2 411.281 -105.492
1467 394.978 336.727 2 416.342 -115.692
1468 404.978 336.727 2 421.58 -131.376
1469 414.978 336.727 2 426.987 -123.074
1470 424.978 336.727 2 432.558 -127.434
1471 434.978 336.727 2 438.286 -136.013
1472 444.978 336.727 2 444.166 -132.378
1473 454.978 336.727 2 450.191 -127.617
1474 464.978 336.727 2 456.355 -140.285
1475 474.978 336.727 2 462.654 -125.881
1476 484.978 336.727 2 469.081 -135.827
1477 84.9784 346.727 2 379.071 -117.645
1478 94.9784 346.727 2 376.674 -110.367
1479 104.978 346.727 2 374.529 -116.198
1480 114.978 346.727 2 372.64 -250
1481 124.978 346.727 2 371.011 -250
1482 134.978 346.727 2 369.645 -250
1483 144.978 346.727 2 368.546 -250
1484 154.978 346.727 2 367.715 -250
1485 164.978 346.727 2 367.155 -250
1486 174.978 346.727 2 366.867 -250
1487 184.978 346.727 2 366.851 -92.5027
1488 194.978 346.727 2 367.108 -88.3604
1489 204.978 346.727 2 367.637 -86.4761
1490 214.978 346.727 2 368.436 -89.5093
1491 224.978 346.727 2 369.505 -84.6813
1492 234.978 346.727 2 370.84 -85.3616
1493 244.978 346.727 2 372.439 -250
1494 254.978 346.727 2 374.298 -250
1495 264.978 346.727 2 376.414 -250
1496 274.978 346.727 2 378.782 -99.1421
1497 284.978 346.727 2 381.398 -102.639
1498 294.978 346.727 2 384.257 -110.094
1499 304.978 346.727 2 387.352 -131.945
1500 314.978 346.727 2 390.679 -129.218
1501 324.978 346.727 2 394.232 -105.894
1502 334.978 346.727 2 398.004 -102.947
1503 344.978 346.727 2 401.989 -98.6192
1504 354.978 346.727 2 406.182 -107.847
1505 364.978 346.727 2 410.576 -100.964
1506 374.978 346.727 2 415.164 -104.973
1507 384.978 346.727 2 419.94 -250
1508 394.978 346.727 2 424.898 -250
1509 404.978 346.727 2 430.031 -250
1510 414.978 346.727 2 435.333 -250
1511 424.978 346.727 2 440.799 -250
1512 434.978 346.727 2 446.421 -250
1513 444.978 346.727 2 452.195 -139.126
1514 454.978 346.727 2 458.114 -250
1515 464.978 346.727 2 464.174 -250
1516 474.978 346.727 2 470.368 -132.764
1517 484.978 346.727 2 476.691 -130.859
1518 84.9784 356.727 2 388.706 -130.79
1519 94.9784 356.727 2 386.368 -108.804
1520 104.978 356.727 2 384.277 -250
1521 114.978 356.727 2 382.436 -250
1522 124.978 356.727 2 380.849 -250
1523 134.978 356.727 2 379.519 -250
1524 144.978 356.727 2 378.448 -250
1525 154.978 356.727 2 377.639 -250
1526 164.978 356.727 2 377.094 -250
1527 174.978 356.727 2 376.813 -250
1528 184.978 356.727 2 376.798 -87.9752
1529 194.978 356.727 2 377.048 -89.8936
1530 204.978 356.727 2 377.563 -94.585
1531 214.978 356.727 2 378.341 -92.13
1532 224.978 356.727 2 379.382 -86.7701
1533 234.978 356.727 2 380.683 -88.9586
1534 244.978 356.727 2 382.24 -250
1535 254.978 356.727 2 384.052 -250
1536 264.978 356.727 2 386.115 -250
1537 274.978 356.727 2 388.424 -94.1978
1538 284.978 356.727 2 390.975 -113.946
1539 294.978 356.727 2 393.764 -114.243
1540 304.978 356.727 2 396.785 -101.452
1541 314.978 356.727 2 400.034 -141.077
1542 324.978 356.727 2 403.504 -104.423
1543 334.978 356.727 2 407.19 -100.844
1544 344.978 356.727 2 411.087 -96.9862
1545 354.978 356.727 2 415.188 -99.5318
1546 364.978 356.727 2 419.487 -102.715
1547 374.978 356.727 2 423.979 -109.635
1548 384.978 356.727 2 428.657 -112.463
1549 394.978 356.727 2 433.515 -250
1550 404.978 356.727 2 438.547 -250
1551 414.978 356.727 2 443.748 -250
1552 424.978 356.727 2 449.111 -250
1553 434.978 356.727 2 454.63 -250
1554 444.978 356.727 2 460.301 -139.39
1555 454.978 356.727 2 466.118 -250
1556 464.978 356.727 2 472.074 -250
1557 474.978 356.727 2 478.166 -142.737
1558 484.978 356.727 2 484.388 -136.7
1559 84.9784 366.727 2 398.358 -127.512
1560 94.9784 366.727 2 396.078 -110.296
1561 104.978 366.727 2 394.038 -250
1562 114.978 366.727 2 392.243 -250
1563 124.978 366.727 2 390.695 -250
1564 134.978 366.727 2 389.399 -250
1565 144.978 366.727 2 388.355 -250
1566 154.978 366.727 2 387.567 -250
1567 164.978 366.727 2 387.036 -250
1568 174.978 366.727 2 386.763 -250
1569 184.978 366.727 2 386.748 -100.403
1570 194.978 366.727 2 386.991 -250
1571 204.978 366.727 2 387.493 -250
1572 214.978 366.727 2 388.252 -250
1573 224.978 366.727 2 389.266 -250
1574 234.978 366.727 2 390.533 -250
1575 244.978 366.727 2 392.052 -250
1576 254.978 366.727 2 393.819 -250
1577 264.978 366.727 2 395.83 -250
1578 274.978 366.727 2 398.083 -101.331
1579 284.978 366.727 2 400.573 -112.066
1580 294.978 366.727 2 403.295 -106.267
1581 304.978 366.727 2 406.246 -102.198
1582 314.978 366.727 2 409.419 -123.97
1583 324.978 366.727 2 412.811 -105.37
1584 334.978 366.727 2 416.415 -99.7706
1585 344.978 366.727 2 420.226 -99.0861
1586 354.978 366.727 2 424.238 -99.0144
1587 364.978 366.727 2 428.447 -105.405
1588 374.978 366.727 2 432.845 -105.412
1589 384.978 366.727 2 437.428 -121.452
1590 394.978 366.727 2 442.19 -250
1591 404.978 366.727 2 447.125 -250
1592 414.978 366.727 2 452.227 -250
1593 424.978 366.727 2 457.49 -250
1594 434.978 366.727 2 462.91 -250
1595 444.978 366.727 2 468.481 -152.209
1596 454.978 366.727 2 474.197 -250
1597 464.978 366.727 2 480.053 -250
1598 474.978 366.727 2 486.045 -150.103
1599 484.978 366.727 2 492.167 -145.786
1600 84.9784 376.727 2 408.027 -92.0485
1601 94.9784 376.727 2 405.801 -92.8467
1602 104.978 376.727 2 403.811 -250
1603 114.978 376.727 2 402.059 -250
1604 124.978 376.727 2 400.55 -250
1605 134.978 376.727 2 399.285 -250
1606 144.978 376.727 2 398.267 -250
1607 154.978 376.727 2 397.499 -250
1608 164.978 376.727 2 396.981 -250
1609 174.978 376.727 2 396.714 -250
1610 184.978 376.727 2 396.7 -95.5498
1611 194.978 376.727 2 396.937 -250
1612 204.978 376.727 2 397.426 -250
1613 214.978 376.727 2 398.166 -250
1614 224.978 376.727 2 399.155 -250
1615 234.978 376.727 2 400.391 -250
1616 244.978 376.727 2 401.873 -250
1617 254.978 376.727 2 403.597 -250
1618 264.978 376.727 2 405.56 -250
1619 274.978 376.727 2 407.759 -103.108
1620 284.978 376.727 2 410.19 -102.091
1621 294.978 376.727 2 412.849 -100.368
1622 304.978 376.727 2 415.731 -111.941
1623 314.978 376.727 2 418.833 -101.436
1624 324.978 376.727 2 422.149 -107.065
1625 334.978 376.727 2 425.674 -98.5729
1626 344.978 376.727 2 429.403 -101.113
1627 354.978 376.727 2 433.33 -99.7087
1628 364.978 376.727 2 437.451 -111.465
1629 374.978 376.727 2 441.76 -112.322
1630 384.978 376.727 2 446.252 -250
1631 394.978 376.727 2 450.92 -250
1632 404.978 376.727 2 455.76 -250
1633 414.978 376.727 2 460.767 -250
1634 424.978 376.727 2 465.934 -250
1635 434.978 376.727 2 471.257 -250
1636 444.978 376.727 2 476.73 -250
1637 454.978 376.727 2 482.348 -250
1638 464.978 376.727 2 488.107 -250
1639 474.978 376.727 2 494.001 -152.593
1640 484.978 376.727 2 500.025 -137.574
1641 84.9784 386.727 2 417.712 -93.7713
1642 94.9784 386.727 2 415.538 -96.2995
1643 104.978 386.727 2 413.594 -132.802
1644 114.978 386.727 2 411.884 -250
1645 124.978 386.727 2 410.411 -250
1646 134.978 386.727 2 409.177 -250
1647 144.978 386.727 2 408.184 -250
1648 154.978 386.727 2 407.434 -250
1649 164.978 386.727 2 406.929 -250
1650 174.978 386.727 2 406.669 -250
1651 184.978 386.727 2 406.654 -93.6948
1652 194.978 386.727 2 406.886 -250
1653 204.978 386.727 2 407.363 -250
1654 214.978 386.727 2 408.085 -250
1655 224.978 386.727 2 409.05 -250
1656 234.978 386.727 2 410.256 -250
1657 244.978 386.727 2 411.702 -250
1658 254.978 386.727 2 413.385 -250
1659 264.978 386.727 2 415.302 -250
1660 274.978 386.727 2 417.45 -106.746
1661 284.978 386.727 2 419.825 -99.5453
1662 294.978 386.727 2 422.423 -106.47
1663 304.978 386.727 2 425.241 -106.75
1664 314.978 386.727 2 428.273 -117.944
1665 324.978 386.727 2 431.517 -102.673
1666 334.978 386.727 2 434.966 -99.8087
1667 344.978 386.727 2 438.616 -99.7079
1668 354.978 386.727 2 442.461 -101.305
1669 364.978 386.727 2 446.498 -109.307
1670 374.978 386.727 2 450.721 -108.975
1671 384.978 386.727 2 455.124 -250
1672 394.978 386.727 2 459.702 -250
1673 404.978 386.727 2 464.451 -250
1674 414.978 386.727 2 469.364 -250
1675 424.978 386.727 2 474.438 -250
1676 434.978 386.727 2 479.666 -250
1677 444.978 386.727 2 485.045 -250
1678 454.978 386.727 2 490.568 -250
1679 464.978 386.727 2 496.231 -250
1680 474.978 386.727 2 502.03 -137.123
1681 484.978 386.727 2 507.959 -137.731
1682 84.9784 396.727 2 427.411 -92.7074
1683 94.9784 396.727 2 425.286 -112.491
1684 104.978 396.727 2 423.388 -135.909
1685 114.978 396.727 2 421.717 -134.032
1686 124.978 396.727 2 420.278 -128.923
1687 134.978 396.727 2 419.073 -123.716
1688 144.978 396.727 2 418.104 -127.218
1689 154.978 396.727 2 417.372 -112.637
1690 164.978 396.727 2 416.879 -143.21
1691 174.978 396.727 2 416.625 -114.045
1692 184.978 396.727 2 416.611 -102.282
1693 194.978 396.727 2 416.837 -119.916
1694 204.978 396.727 2 417.303 -113.934
1695 214.978 396.727 2 418.008 -108.597
1696 224.978 396.727 2 418.95 -118.201
1697 234.978 396.727 2 420.128 -99.7015
1698 244.978 396.727 2 421.54 -250
1699 254.978 396.727 2 423.183 -250
1700 264.978 396.727 2 425.056 -250
1701 274.978 396.727 2 427.155 -107.464
1702 284.978 396.727 2 429.476 -91.6709
1703 294.978 396.727 2 432.016 -103.463
1704 304.978 396.727 2 434.772 -103.896
1705 314.978 396.727 2 437.739 -98.221
1706 324.978 396.727 2 440.912 -98.114
1707 334.978 396.727 2 444.288 -123.058
1708 344.978 396.727 2 447.862 -109.778
1709 354.978 396.727 2 451.629 -112.536
1710 364.978 396.727 2 455.585 -110.664
1711 374.978 396.727 2 459.724 -108.012
1712 384.978 396.727 2 464.041 -250
1713 394.978 396.727 2 468.533 -250
1714 404.978 396.727 2 473.193 -250
1715 414.978 396.727 2 478.017 -250
1716 424.978 396.727 2 482.999 -250
1717 434.978 396.727 2 488.136 -250
1718 444.978 396.727 2 493.422 -250
1719 454.978 396.727 2 498.853 -250
1720 464.978 396.727 2 504.423 -250
1721 474.978 396.727 2 510.128 -133.102
1722 484.978 396.727 2 515.964 -131.263
1723 84.9784 406.727 2 437.124 -93.2414
1724 94.9784 406.727 2 435.047 -108.826
1725 104.978 406.727 2 433.191 -133.767
1726 114.978 406.727 2 431.558 -125.669
1727 124.978 406.727 2 430.152 -134.545
1728 134.978 406.727 2 428.975 -128.51
1729 144.978 406.727 2 428.028 -133.614
1730 154.978 406.727 2 427.313 -129.602
1731 164.978 406.727 2 426.831 -122.599
1732 174.978 406.727 2 426.583 -116.836
1733 184.978 406.727 2 426.57 -98.6852
1734 194.978 406.727 2 426.791 -104.327
1735 204.978 406.727 2 427.246 -114.629
1736 214.978 406.727 2 427.934 -128.906
1737 224.978 406.727 2 428.854 -118.072
1738 234.978 406.727 2 430.005 -96.9519
1739 244.978 406.727 2 431.385 -95.9626
1740 254.978 406.727 2 432.991 -123.925
1741 264.978 406.727 2 434.822 -122.568
1742 274.978 406.727 2 436.873 -111.159
1743 284.978 406.727 2 439.143 -105.909
1744 294.978 406.727 2 441.628 -99.7664
1745 304.978 406.727 2 444.324 -107.353
1746 314.978 406.727 2 447.227 -105.65
1747 324.978 406.727 2 450.334 -100.805
1748 334.978 406.727 2 453.64 -109.645
1749 344.978 406.727 2 457.141 -114.49
1750 354.978 406.727 2 460.832 -124.202
1751 364.978 406.727 2 464.709 -113.224
1752 374.978 406.727 2 468.768 -109.371
1753 384.978 406.727 2 473.003 -119.828
1754 394.978 406.727 2 477.41 -146.871
1755 404.978 406.727 2 481.984 -136.015
1756 414.978 406.727 2 486.721 -151.6
1757 424.978 406.727 2 491.615 -134.258
1758 434.978 406.727 2 496.663 -133.28
1759 444.978 406.727 2 501.859 -133.528
1760 454.978 406.727 2 507.199 -135.306
1761 464.978 406.727 2 512.679 -133.846
1762 474.978 406.727 2 518.293 -129.632
1763 484.978 406.727 2 524.039 -138.176
1764 84.9784 416.727 2 446.849 -95.6864
1765 94.9784 416.727 2 444.817 -120.627
1766 104.978 416.727 2 443.002 -150.121
1767 114.978 416.727 2 441.406 -250
1768 124.978 416.727 2 440.032 -250
1769 134.978 416.727 2 438.881 -250
1770 144.978 416.727 2 437.955 -250
1771 154.978 416.727 2 437.257 -119.504
1772 164.978 416.727 2 436.786 -112.36
1773 174.978 416.727 2 436.544 -111.923
1774 184.978 416.727 2 436.531 -102.541
1775 194.978 416.727 2 436.746 -105.924
1776 204.978 416.727 2 437.191 -125.376
1777 214.978 416.727 2 437.863 -121.78
1778 224.978 416.727 2 438.763 -114.256
1779 234.978 416.727 2 439.888 -95.0086
1780 244.978 416.727 2 441.237 -98.4608
1781 254.978 416.727 2 442.807 -106.751
1782 264.978 416.727 2 444.597 -113.202
1783 274.978 416.727 2 446.604 -105.005
1784 284.978 416.727 2 448.825 -96.6257
1785 294.978 416.727 2 451.256 -108.915
1786 304.978 416.727 2 453.895 -104.358
1787 314.978 416.727 2 456.738 -105.985
1788 324.978 416.727 2 459.78 -102.316
1789 334.978 416.727 2 463.019 -109.364
1790 344.978 416.727 2 466.449 -108.667
1791 354.978 416.727 2 470.067 -121.068
1792 364.978 416.727 2 473.869 -103.45
1793 374.978 416.727 2 477.849 -124.085
1794 384.978 416.727 2 482.005 -129.528
1795 394.978 416.727 2 486.33 -134.63
1796 404.978 416.727 2 490.821 -135.202
1797 414.978 416.727 2 495.474 -139.506
1798 424.978 416.727 2 500.282 -134.774
1799 434.978 416.727 2 505.243 -137.05
1800 444.978 416.727 2 510.352 -137.035
1801 454.978 416.727 2 515.604 -146.22
1802 464.978 416.727 2 520.996 -138.754
1803 474.978 416.727 2 526.521 -134.085
1804 484.978 416.727 2 532.178 -144.615
1805 84.9784 426.727 2 456.586 -94.7443
1806 94.9784 426.727 2 454.598 -122.337
1807 104.978 426.727 2 452.822 -137.019
1808 114.978 426.727 2 451.261 -250
1809 124.978 426.727 2 449.917 -250
1810 134.978 426.727 2 448.791 -250
1811 144.978 426.727 2 447.886 -250
1812 154.978 426.727 2 447.203 -135.686
1813 164.978 426.727 2 446.743 -250
1814 174.978 426.727 2 446.506 -250
1815 184.978 426.727 2 446.493 -250
1816 194.978 426.727 2 446.704 -250
1817 204.978 426.727 2 447.139 -250
1818 214.978 426.727 2 447.796 -250
1819 224.978 426.727 2 448.676 -106.515
1820 234.978 426.727 2 449.776 -250
1821 244.978 426.727 2 451.095 -250
1822 254.978 426.727 2 452.632 -250
1823 264.978 426.727 2 454.383 -250
1824 274.978 426.727 2 456.347 -105.124
1825 284.978 426.727 2 458.52 -104.63
1826 294.978 426.727 2 460.9 -99.539
1827 304.978 426.727 2 463.484 -250
1828 314.978 426.727 2 466.268 -250
1829 324.978 426.727 2 469.249 -250
1830 334.978 426.727 2 472.423 -250
1831 344.978 426.727 2 475.785 -250
1832 354.978 426.727 2 479.333 -250
1833 364.978 426.727 2 483.062 -250
1834 374.978 426.727 2 486.967 -250
1835 384.978 426.727 2 491.045 -250
1836 394.978 426.727 2 495.292 -250
1837 404.978 426.727 2 499.702 -250
1838 414.978 426.727 2 504.273 -250
1839 424.978 426.727 2 508.999 -250
1840 434.978 426.727 2 513.875 -250
1841 444.978 426.727 2 518.899 -250
1842 454.978 426.727 2 524.066 -250
1843 464.978 426.727 2 529.371 -133.802
1844 474.978 426.727 2 534.81 -140.813
1845 484.978 426.727 2 540.38 -250
1846 84.9784 436.727 2 466.335 -100.92
1847 94.9784 436.727 2 464.388 -122.702
1848 104.978 436.727 2 462.65 -129.833
1849 114.978 436.727 2 461.122 -250
1850 124.978 436.727 2 459.807 -250
1851 134.978 436.727 2 458.705 -250
1852 144.978 436.727 2 457.82 -250
1853 154.978 436.727 2 457.151 -128.266
1854 164.978 436.727 2 456.701 -250
1855 174.978 436.727 2 456.47 -250
1856 184.978 436.727 2 456.457 -250
1857 194.978 436.727 2 456.663 -250
1858 204.978 436.727 2 457.089 -250
1859 214.978 436.727 2 457.732 -250
1860 224.978 436.727 2 458.592 -106.933
1861 234.978 436.727 2 459.669 -250
1862 244.978 436.727 2 460.96 -250
1863 254.978 436.727 2 462.463 -250
1864 264.978 436.727 2 464.178 -250
1865 274.978 436.727 2 466.1 -123.593
1866 284.978 436.727 2 468.228 -107.185
1867 294.978 436.727 2 470.56 -101.139
1868 304.978 436.727 2 473.091 -250
1869 314.978 436.727 2 475.818 -250
1870 324.978 436.727 2 478.74 -250
1871 334.978 436.727 2 481.851 -250
1872 344.978 436.727 2 485.148 -250
1873 354.978 436.727 2 488.628 -250
1874 364.978 436.727 2 492.286 -250
1875 374.978 436.727 2 496.119 -250
1876 384.978 436.727 2 500.123 -250
1877 394.978 436.727 2 504.293 -250
1878 404.978 436.727 2 508.625 -250
1879 414.978 436.727 2 513.116 -250
1880 424.978 436.727 2 517.761 -250
1881 434.978 436.727 2 522.556 -250
1882 444.978 436.727 2 527.497 -250
1883 454.978 436.727 2 532.58 -250
1884 464.978 436.727 2 537.801 -128.665
1885 474.978 436.727 2 543.156 -145.976
1886 484.978 436.727 2 548.641 -250
1887 84.9784 446.727 2 476.094 -103.267
1888 94.9784 446.727 2 474.187 -121.431
1889 104.978 446.727 2 472.485 -136.376
1890 114.978 446.727 2 470.989 -250
1891 124.978 446.727 2 469.701 -250
1892 134.978 446.727 2 468.623 -250
1893 144.978 446.727 2 467.756 -250
1894 154.978 446.727 2 467.102 -128.798
1895 164.978 446.727 2 466.662 -250
1896 174.978 446.727 2 466.435 -250
1897 184.978 446.727 2 466.423 -250
1898 194.978 446.727 2 466.625 -250
1899 204.978 446.727 2 467.041 -250
1900 214.978 446.727 2 467.67 -250
1901 224.978 446.727 2 468.512 -111.47
1902 234.978 446.727 2 469.566 -250
1903 244.978 446.727 2 470.83 -250
1904 254.978 446.727 2 472.302 -250
1905 264.978 446.727 2 473.981 -250
1906 274.978 446.727 2 475.864 -114.616
1907 284.978 446.727 2 477.949 -121.605
1908 294.978 446.727 2 480.233 -93.6078
1909 304.978 446.727 2 482.713 -250
1910 314.978 446.727 2 485.387 -250
1911 324.978 446.727 2 488.251 -250
1912 334.978 446.727 2 491.302 -250
1913 344.978 446.727 2 494.536 -250
1914 354.978 446.727 2 497.95 -250
1915 364.978 446.727 2 501.54 -250
1916 374.978 446.727 2 505.303 -250
1917 384.978 446.727 2 509.234 -250
1918 394.978 446.727 2 513.33 -250
1919 404.978 446.727 2 517.587 -250
1920 414.978 446.727 2 522.001 -250
1921 424.978 446.727 2 526.568 -250
1922 434.978 446.727 2 531.283 -250
1923 444.978 446.727 2 536.144 -250
1924 454.978 446.727 2 541.146 -250
1925 464.978 446.727 2 546.285 -134.401
1926 474.978 446.727 2 551.558 -136.07
1927 484.978 446.727 2 556.96 -250
1928 84.9784 456.727 2 485.862 -116.048
1929 94.9784 456.727 2 483.994 -120.617
1930 104.978 456.727 2 482.327 -132.322
1931 114.978 456.727 2 480.861 -250
1932 124.978 456.727 2 479.6 -250
1933 134.978 456.727 2 478.544 -250
1934 144.978 456.727 2 477.696 -250
1935 154.978 456.727 2 477.055 -123.282
1936 164.978 456.727 2 476.624 -250
1937 174.978 456.727 2 476.402 -250
1938 184.978 456.727 2 476.39 -250
1939 194.978 456.727 2 476.587 -250
1940 204.978 456.727 2 476.995 -250
1941 214.978 456.727 2 477.611 -250
1942 224.978 456.727 2 478.436 -107.045
1943 234.978 456.727 2 479.468 -250
1944 244.978 456.727 2 480.706 -250
1945 254.978 456.727 2 482.148 -250
1946 264.978 456.727 2 483.792 -250
1947 274.978 456.727 2 485.637 -116.378
1948 284.978 456.727 2 487.68 -104.337
1949 294.978 456.727 2 489.919 -93.7951
1950 304.978 456.727 2 492.35 -250
1951 314.978 456.727 2 494.972 -250
1952 324.978 456.727 2 497.781 -250
1953 334.978 456.727 2 500.774 -250
1954 344.978 456.727 2 503.947 -250
1955 354.978 456.727 2 507.298 -250
1956 364.978 456.727 2 510.823 -250
1957 374.978 456.727 2 514.517 -250
1958 384.978 456.727 2 518.379 -250
1959 394.978 456.727 2 522.403 -250
1960 404.978 456.727 2 526.587 -250
1961 414.978 456.727 2 530.926 -250
1962 424.978 456.727 2 535.416 -250
1963 434.978 456.727 2 540.055 -250
1964 444.978 456.727 2 544.837 -250
1965 454.978 456.727 2 549.76 -250
1966 464.978 456.727 2 554.819 -143.549
1967 474.978 456.727 2 560.012 -130.155
1968 484.978 456.727 2 565.333 -250
1969 84.9784 466.727 2 495.64 -108.769
1970 94.9784 466.727 2 493.809 -122.944
1971 104.978 466.727 2 492.175 -139.223
1972 114.978 466.727 2 490.739 -250
1973 124.978 466.727 2 489.503 -250
1974 134.978 466.727 2 488.469 -250
1975 144.978 466.727 2 487.637 -250
1976 154.978 466.727 2 487.01 -121.779
1977 164.978 466.727 2 486.587 -250
1978 174.978 466.727 2 486.37 -250
1979 184.978 466.727 2 486.358 -250
1980 194.978 466.727 2 486.552 -250
1981 204.978 466.727 2 486.951 -250
1982 214.978 466.727 2 487.555 -250
1983 224.978 466.727 2 488.362 -110.518
1984 234.978 466.727 2 489.373 -250
1985 244.978 466.727 2 490.586 -250
1986 254.978 466.727 2 491.999 -250
1987 264.978 466.727 2 493.611 -250
1988 274.978 466.727 2 495.419 -118.028
1989 284.978 466.727 2 497.422 -105.521
1990 294.978 466.727 2 499.617 -95.6219
1991 304.978 466.727 2 502.002 -250
1992 314.978 466.727 2 504.573 -250
1993 324.978 466.727 2 507.329 -250
1994 334.978 466.727 2 510.266 -250
1995 344.978 466.727 2 513.381 -250
1996 354.978 466.727 2 516.67 -250
1997 364.978 466.727 2 520.131 -250
1998 374.978 466.727 2 523.761 -250
1999 384.978 466.727 2 527.554 -250
2000 394.978 466.727 2 531.509 -250
2001 404.978 466.727 2 535.622 -250
2002 414.978 466.727 2 539.888 -250
2003 424.978 466.727 2 544.305 -250
2004 434.978 466.727 2 548.868 -250
2005 444.978 466.727 2 553.574 -250
2006 454.978 466.727 2 558.42 -250
2007 464.978 466.727 2 563.402 -166.311
2008 474.978 466.727 2 568.516 -138.458
2009 484.978 466.727 2 573.758 -250
2010 84.9784 476.727 2 505.427 -108.75
2011 94.9784 476.727 2 503.631 -128.412
2012 104.978 476.727 2 502.029 -142.104
2013 114.978 476.727 2 500.621 -145.825
2014 124.978 476.727 2 499.41 -148.687
2015 134.978 476.727 2 498.396 -138.463
2016 144.978 476.727 2 497.581 -135.715
2017 154.978 476.727 2 496.966 -131.413
2018 164.978 476.727 2 496.552 -134.285
2019 174.978 476.727 2 496.339 -146.488
2020 184.978 476.727 2 496.328 -142.999
2021 194.978 476.727 2 496.517 -133.464
2022 204.978 476.727 2 496.908 -138.212
2023 214.978 476.727 2 497.5 -136.075
2024 224.978 476.727 2 498.292 -108.133
2025 234.978 476.727 2 499.283 -126.019
2026 244.978 476.727 2 500.472 -144.492
2027 254.978 476.727 2 501.857 -128.772
2028 264.978 476.727 2 503.437 -140.833
2029 274.978 476.727 2 505.21 -122.324
2030 284.978 476.727 2 507.174 -104.513
2031 294.978 476.727 2 509.327 -104.376
2032 304.978 476.727 2 511.667 -250
2033 314.978 476.727 2 514.19 -250
2034 324.978 476.727 2 516.894 -250
2035 334.978 476.727 2 519.777 -250
2036 344.978 476.727 2 522.835 -250
2037 354.978 476.727 2 526.066 -250
2038 364.978 476.727 2 529.465 -250
2039 374.978 476.727 2 533.031 -250
2040 384.978 476.727 2 536.759 -250
2041 394.978 476.727 2 540.647 -250
2042 404.978 476.727 2 544.69 -250
2043 414.978 476.727 2 548.886 -250
2044 424.978 476.727 2 553.231 -250
2045 434.978 476.727 2 557.721 -250
2046 444.978 476.727 2 562.354 -250
2047 454.978 476.727 2 567.124 -250
2048 464.978 476.727 2 572.03 -129.078
2049 474.978 476.727 2 577.068 -145.811
2050 484.978 476.727 2 582.233 -250
2051 84.9784 486.727 2 515.222 -112.29
2052 94.9784 486.727 2 513.461 -125.308
2053 104.978 486.727 2 511.889 -130.196
2054 114.978 486.727 2 510.508 -137.142
2055 124.978 486.727 2 509.32 -158.865
2056 134.978 486.727 2 508.326 -142.652
2057 144.978 486.727 2 507.527 -135.601
2058 154.978 486.727 2 506.925 -135.716
2059 164.978 486.727 2 506.519 -130.041
2060 174.978 486.727 2 506.31 -136.519
2061 184.978 486.727 2 506.298 -135.061
2062 194.978 486.727 2 506.484 -138.624
2063 204.978 486.727 2 506.868 -131.739
2064 214.978 486.727 2 507.448 -140.073
2065 224.978 486.727 2 508.224 -121.788
2066 234.978 486.727 2 509.196 -111.938
2067 244.978 486.727 2 510.362 -127.903
2068 254.978 486.727 2 511.72 -128.381
2069 264.978 486.727 2 513.27 -123.068
2070 274.978 486.727 2 515.009 -111.191
2071 284.978 486.727 2 516.936 -103.537
2072 294.978 486.727 2 519.048 -106.829
2073 304.978 486.727 2 521.344 -107.63
2074 314.978 486.727 2 523.821 -122.901
2075 324.978 486.727 2 526.476 -127.937
2076 334.978 486.727 2 529.306 -137.724
2077 344.978 486.727 2 532.31 -155.337
2078 354.978 486.727 2 535.483 -154.19
2079 364.978 486.727 2 538.823 -155.692
2080 374.978 486.727 2 542.328 -146.095
2081 384.978 486.727 2 545.992 -154.91
2082 394.978 486.727 2 549.815 -154.345
2083 404.978 486.727 2 553.791 -148.459
2084 414.978 486.727 2 557.919 -157.614
2085 424.978 486.727 2 562.194 -153.145
2086 434.978 486.727 2 566.613 -169.801
2087 444.978 486.727 2 571.173 -152.625
2088 454.978 486.727 2 575.871 -146.365
2089 464.978 486.727 2 580.703 -147.255
2090 474.978 486.727 2 585.665 -140.239
2091 484.978 486.727 2 590.756 -132.611
2092 84.9784 496.727 2 525.024 -117.63
2093 94.9784 496.727 2 523.296 -122.65
2094 104.978 496.727 2 521.754 -250
2095 114.978 496.727 2 520.4 -250
2096 124.978 496.727 2 519.234 -250
2097 134.978 496.727 2 518.259 -250
2098 144.978 496.727 2 517.476 -250
2099 154.978 496.727 2 516.885 -250
2100 164.978 496.727 2 516.486 -250
2101 174.978 496.727 2 516.281 -250
2102 184.978 496.727 2 516.27 -250
2103 194.978 496.727 2 516.453 -250
2104 204.978 496.727 2 516.829 -143.186
2105 214.978 496.727 2 517.398 -138.262
2106 224.978 496.727 2 518.159 -118.391
2107 234.978 496.727 2 519.112 -250
2108 244.978 496.727 2 520.256 -250
2109 254.978 496.727 2 521.588 -250
2110 264.978 496.727 2 523.109 -250
2111 274.978 496.727 2 524.816 -105.882
2112 284.978 496.727 2 526.707 -102.754
2113 294.978 496.727 2 528.78 -100.323
2114 304.978 496.727 2 531.034 -107.749
2115 314.978 496.727 2 533.465 -115.25
2116 324.978 496.727 2 536.073 -146.449
2117 334.978 496.727 2 538.853 -142.05
2118 344.978 496.727 2 541.803 -142.891
2119 354.978 496.727 2 544.921 -161.854
2120 364.978 496.727 2 548.204 -141.951
2121 374.978 496.727 2 551.649 -145.028
2122 384.978 496.727 2 555.252 -148.722
2123 394.978 496.727 2 559.011 -160.408
2124 404.978 496.727 2 562.922 -162.084
2125 414.978 496.727 2 566.983 -157.037
2126 424.978 496.727 2 571.191 -151.993
2127 434.978 496.727 2 575.541 -153.299
2128 444.978 496.727 2 580.031 -146.813
2129 454.978 496.727 2 584.657 -133.633
2130 464.978 496.727 2 589.417 -138.643
2131 474.978 496.727 2 594.307 -134.36
2132 484.978 496.727 2 599.324 -144.005
2133 84.9784 506.727 2 534.834 -119.326
2134 94.9784 506.727 2 533.138 -133.698
2135 104.978 506.727 2 531.624 -250
2136 114.978 506.727 2 530.295 -250
2137 124.978 506.727 2 529.151 -250
2138 134.978 506.727 2 528.195 -250
2139 144.978 506.727 2 527.426 -250
2140 154.978 506.727 2 526.846 -250
2141 164.978 506.727 2 526.455 -250
2142 174.978 506.727 2 526.254 -250
2143 184.978 506.727 2 526.243 -250
2144 194.978 506.727 2 526.422 -250
2145 204.978 506.727 2 526.791 -142.255
2146 214.978 506.727 2 527.35 -140.413
2147 224.978 506.727 2 528.097 -116.271
2148 234.978 506.727 2 529.032 -250
2149 244.978 506.727 2 530.154 -250
2150 254.978 506.727 2 531.462 -250
2151 264.978 506.727 2 532.954 -250
2152 274.978 506.727 2 534.629 -101.989
2153 284.978 506.727 2 536.486 -100.542
2154 294.978 506.727 2 538.521 -250
2155 304.978 506.727 2 540.735 -250
2156 314.978 506.727 2 543.123 -250
2157 324.978 506.727 2 545.684 -250
2158 334.978 506.727 2 548.415 -250
2159 344.978 506.727 2 551.315 -250
2160 354.978 506.727 2 554.379 -250
2161 364.978 506.727 2 557.606 -250
2162 374.978 506.727 2 560.993 -250
2163 384.978 506.727 2 564.537 -250
2164 394.978 506.727 2 568.234 -250
2165 404.978 506.727 2 572.083 -250
2166 414.978 506.727 2 576.079 -250
2167 424.978 506.727 2 580.22 -150.736
2168 434.978 506.727 2 584.503 -151.966
2169 444.978 506.727 2 588.925 -155.902
2170 454.978 506.727 2 593.482 -133.85
2171 464.978 506.727 2 598.172 -139.25
2172 474.978 506.727 2 602.991 -146.15
2173 484.978 506.727 2 607.936 -250
2174 84.9784 516.727 2 544.651 -117.945
2175 94.9784 516.727 2 542.985 -117.035
2176 104.978 516.727 2 541.499 -250
2177 114.978 516.727 2 540.194 -250
2178 124.978 516.727 2 539.072 -250
2179 134.978 516.727 2 538.133 -250
2180 144.978 516.727 2 537.378 -250
2181 154.978 516.727 2 536.809 -250
2182 164.978 516.727 2 536.425 -250
2183 174.978 516.727 2 536.228 -250
2184 184.978 516.727 2 536.217 -250
2185 194.978 516.727 2 536.393 -250
2186 204.978 516.727 2 536.755 -143.622
2187 214.978 516.727 2 537.303 -123.059
2188 224.978 516.727 2 538.036 -123.762
2189 234.978 516.727 2 538.954 -250
2190 244.978 516.727 2 540.056 -250
2191 254.978 516.727 2 541.34 -250
2192 264.978 516.727 2 542.805 -250
2193 274.978 516.727 2 544.45 -98.8033
2194 284.978 516.727 2 546.273 -97
2195 294.978 516.727 2 548.272 -250
2196 304.978 516.727 2 550.446 -250
2197 314.978 516.727 2 552.792 -250
2198 324.978 516.727 2 555.309 -250
2199 334.978 516.727 2 557.993 -250
2200 344.978 516.727 2 560.843 -250
2201 354.978 516.727 2 563.856 -250
2202 364.978 516.727 2 567.029 -250
2203 374.978 516.727 2 570.36 -250
2204 384.978 516.727 2 573.846 -250
2205 394.978 516.727 2 577.484 -250
2206 404.978 516.727 2 581.271 -250
2207 414.978 516.727 2 585.204 -250
2208 424.978 516.727 2 589.281 -176.843
2209 434.978 516.727 2 593.499 -163.663
2210 444.978 516.727 2 597.854 -121.665
2211 454.978 516.727 2 602.344 -137.238
2212 464.978 516.727 2 606.965 -135.88
2213 474.978 516.727 2 611.715 -126.61
2214 484.978 516.727 2 616.59 -250
2215 84.9784 526.727 2 554.474 -119.789
2216 94.9784 526.727 2 552.838 -122.337
2217 104.978 526.727 2 551.378 -250
2218 114.978 526.727 2 550.097 -250
2219 124.978 526.727 2 548.995 -250
2220 134.978 526.727 2 548.073 -250
2221 144.978 526.727 2 547.332 -250
2222 154.978 526.727 2 546.773 -250
2223 164.978 526.727 2 546.397 -250
2224 174.978 526.727 2 546.203 -250
2225 184.978 526.727 2 546.192 -250
2226 194.978 526.727 2 546.365 -250
2227 204.978 526.727 2 546.72 -123.782
2228 214.978 526.727 2 547.258 -120.753
2229 224.978 526.727 2 547.978 -114.889
2230 234.978 526.727 2 548.879 -250
2231 244.978 526.727 2 549.961 -250
2232 254.978 526.727 2 551.222 -250
2233 264.978 526.727 2 552.661 -250
2234 274.978 526.727 2 554.277 -96.9189
2235 284.978 526.727 2 556.067 -117.022
2236 294.978 526.727 2 558.032 -250
2237 304.978 526.727 2 560.168 -250
2238 314.978 526.727 2 562.473 -250
2239 324.978 526.727 2 564.947 -250
2240 334.978 526.727 2 567.586 -250
2241 344.978 526.727 2 570.387 -250
2242 354.978 526.727 2 573.35 -250
2243 364.978 526.727 2 576.471 -250
2244 374.978 526.727 2 579.748 -250
2245 384.978 526.727 2 583.177 -250
2246 394.978 526.727 2 586.757 -250
2247 404.978 526.727 2 590.485 -250
2248 414.978 526.727 2 594.358 -250
2249 424.978 526.727 2 598.373 -164.776
2250 434.978 526.727 2 602.526 -170.7
2251 444.978 526.727 2 606.817 -128.547
2252 454.978 526.727 2 611.241 -130.743
2253 464.978 526.727 2 615.795 -149.861
2254 474.978 526.727 2 620.477 -121.853
2255 484.978 526.727 2 625.284 -250
2256 84.9784 536.727 2 564.303 -123.357
2257 94.9784 536.727 2 562.696 -121.132
2258 104.978 536.727 2 561.262 -250
2259 114.978 536.727 2 560.003 -250
2260 124.978 536.727 2 558.921 -250
2261 134.978 536.727 2 558.015 -250
2262 144.978 536.727 2 557.287 -250
2263 154.978 536.727 2 556.738 -250
2264 164.978 536.727 2 556.369 -250
2265 174.978 536.727 2 556.179 -250
2266 184.978 536.727 2 556.168 -250
2267 194.978 536.727 2 556.338 -250
2268 204.978 536.727 2 556.687 -128.044
2269 214.978 536.727 2 557.215 -108.658
2270 224.978 536.727 2 557.922 -97.7978
2271 234.978 536.727 2 558.807 -250
2272 244.978 536.727 2 559.87 -250
2273 254.978 536.727 2 561.108 -250
2274 264.978 536.727 2 562.522 -250
2275 274.978 536.727 2 564.109 -98.198
2276 284.978 536.727 2 565.869 -102.504
2277 294.978 536.727 2 567.8 -250
2278 304.978 536.727 2 569.899 -250
2279 314.978 536.727 2 572.166 -250
2280 324.978 536.727 2 574.597 -250
2281 334.978 536.727 2 577.192 -250
2282 344.978 536.727 2 579.947 -250
2283 354.978 536.727 2 582.861 -250
2284 364.978 536.727 2 585.932 -250
2285 374.978 536.727 2 589.156 -250
2286 384.978 536.727 2 592.531 -250
2287 394.978 536.727 2 596.055 -250
2288 404.978 536.727 2 599.725 -250
2289 414.978 536.727 2 603.538 -250
2290 424.978 536.727 2 607.492 -155.062
2291 434.978 536.727 2 611.584 -165.466
2292 444.978 536.727 2 615.811 -133.583
2293 454.978 536.727 2 620.171 -135.056
2294 464.978 536.727 2 624.66 -126.766
2295 474.978 536.727 2 629.277 -144.341
2296 484.978 536.727 2 634.017 -250
2297 84.9784 546.727 2 574.139 -129.872
2298 94.9784 546.727 2 572.559 -126.882
2299 104.978 546.727 2 571.15 -250
2300 114.978 546.727 2 569.913 -250
2301 124.978 546.727 2 568.849 -250
2302 134.978 546.727 2 567.959 -250
2303 144.978 546.727 2 567.244 -250
2304 154.978 546.727 2 566.705 -250
2305 164.978 546.727 2 566.342 -250
2306 174.978 546.727 2 566.155 -250
2307 184.978 546.727 2 566.145 -250
2308 194.978 546.727 2 566.311 -250
2309 204.978 546.727 2 566.654 -115.63
2310 214.978 546.727 2 567.173 -111.01
2311 224.978 546.727 2 567.868 -95.5929
2312 234.978 546.727 2 568.738 -250
2313 244.978 546.727 2 569.782 -250
2314 254.978 546.727 2 570.999 -250
2315 264.978 546.727 2 572.388 -250
2316 274.978 546.727 2 573.948 -96.5389
2317 284.978 546.727 2 575.678 -111.575
2318 294.978 546.727 2 577.575 -250
2319 304.978 546.727 2 579.639 -250
2320 314.978 546.727 2 581.868 -250
2321 324.978 546.727 2 584.259 -250
2322 334.978 546.727 2 586.811 -250
2323 344.978 546.727 2 589.522 -250
2324 354.978 546.727 2 592.389 -250
2325 364.978 546.727 2 595.41 -250
2326 374.978 546.727 2 598.583 -250
2327 384.978 546.727 2 601.905 -250
2328 394.978 546.727 2 605.374 -250
2329 404.978 546.727 2 608.988 -250
2330 414.978 546.727 2 612.744 -250
2331 424.978 546.727 2 616.639 -118.885
2332 434.978 546.727 2 620.671 -134.659
2333 444.978 546.727 2 624.837 -124.227
2334 454.978 546.727 2 629.134 -127.135
2335 464.978 546.727 2 633.56 -127.701
2336 474.978 546.727 2 638.111 -151.208
2337 484.978 546.727 2 642.787 -250
2338 84.9784 556.727 2 583.98 -116.781
2339 94.9784 556.727 2 582.427 -133.061
2340 104.978 556.727 2 581.042 -181.661
2341 114.978 556.727 2 579.826 -179.79
2342 124.978 556.727 2 578.78 -178.259
2343 134.978 556.727 2 577.905 -177.017
2344 144.978 556.727 2 577.203 -175.834
2345 154.978 556.727 2 576.673 -174.951
2346 164.978 556.727 2 576.316 -174.118
2347 174.978 556.727 2 576.133 -172.824
2348 184.978 556.727 2 576.123 -170.567
2349 194.978 556.727 2 576.286 -158.307
2350 204.978 556.727 2 576.623 -120.339
2351 214.978 556.727 2 577.133 -111.946
2352 224.978 556.727 2 577.816 -93.0736
2353 234.978 556.727 2 578.671 -124.961
2354 244.978 556.727 2 579.697 -148.927
2355 254.978 556.727 2 580.893 -143.813
2356 264.978 556.727 2 582.259 -114.787
2357 274.978 556.727 2 583.792 -95.2542
2358 284.978 556.727 2 585.493 -120.294
2359 294.978 556.727 2 587.359 -147.933
2360 304.978 556.727 2 589.389 -156.957
2361 314.978 556.727 2 591.58 -172.957
2362 324.978 556.727 2 593.933 -177.365
2363 334.978 556.727 2 596.443 -185.996
2364 344.978 556.727 2 599.11 -178.599
2365 354.978 556.727 2 601.931 -179.362
2366 364.978 556.727 2 604.905 -176.317
2367 374.978 556.727 2 608.028 -174.2
2368 384.978 556.727 2 611.299 -168.144
2369 394.978 556.727 2 614.716 -173.94
2370 404.978 556.727 2 618.275 -173.44
2371 414.978 556.727 2 621.974 -163.762
2372 424.978 556.727 2 625.812 -134.505
2373 434.978 556.727 2 629.785 -132.351
2374 444.978 556.727 2 633.891 -132.386
2375 454.978 556.727 2 638.127 -125.559
2376 464.978 556.727 2 642.491 -143.344
2377 474.978 556.727 2 646.98 -166.759
2378 484.978 556.727 2 651.592 -145.125
2379 84.9784 566.727 2 593.826 -115.236
2380 94.9784 566.727 2 592.299 -136.594
2381 104.978 566.727 2 590.937 -167.042
2382 114.978 566.727 2 589.741 -163.725
2383 124.978 566.727 2 588.713 -162.346
2384 134.978 566.727 2 587.854 -164.109
2385 144.978 566.727 2 587.163 -162.838
2386 154.978 566.727 2 586.642 -163.118
2387 164.978 566.727 2 586.291 -162.197
2388 174.978 566.727 2 586.111 -160.963
2389 184.978 566.727 2 586.101 -157.868
2390 194.978 566.727 2 586.262 -128.218
2391 204.978 566.727 2 586.593 -121.202
2392 214.978 566.727 2 587.094 -112.748
2393 224.978 566.727 2 587.765 -99.0504
2394 234.978 566.727 2 588.606 -108.295
2395 244.978 566.727 2 589.614 -134.443
2396 254.978 566.727 2 590.791 -130.972
2397 264.978 566.727 2 592.133 -96.9133
2398 274.978 566.727 2 593.642 -104.943
2399 284.978 566.727 2 595.314 -114.298
2400 294.978 566.727 2 597.149 -134.34
2401 304.978 566.727 2 599.146 -137.572
2402 314.978 566.727 2 601.302 -157.277
2403 324.978 566.727 2 603.617 -173.599
2404 334.978 566.727 2 606.087 -171.654
2405 344.978 566.727 2 608.712 -164.698
2406 354.978 566.727 2 611.489 -183.581
2407 364.978 566.727 2 614.416 -165.2
2408 374.978 566.727 2 617.491 -165.814
2409 384.978 566.727 2 620.712 -163.378
2410 394.978 566.727 2 624.077 -177.8
2411 404.978 566.727 2 627.583 -171.606
2412 414.978 566.727 2 631.228 -166.044
2413 424.978 566.727 2 635.01 -135.24
2414 434.978 566.727 2 638.926 -128.501
2415 444.978 566.727 2 642.973 -124.748
2416 454.978 566.727 2 647.15 -140.243
2417 464.978 566.727 2 651.454 -150.758
2418 474.978 566.727 2 655.881 -147.772
2419 484.978 566.727 2 660.431 -153.417
2420 84.9784 576.727 2 603.677 -112.629
2421 94.9784 576.727 2 602.175 -145.921
2422 104.978 576.727 2 600.836 -158.666
2423 114.978 576.727 2 599.66 -162.055
2424 124.978 576.727 2 598.649 -158.439
2425 134.978 576.727 2 597.803 -157.626
2426 144.978 576.727 2 597.124 -157.83
2427 154.978 576.727 2 596.612 -160.35
2428 164.978 576.727 2 596.267 -164.023
2429 174.978 576.727 2 596.09 -159.788
2430 184.978 576.727 2 596.08 -150.797
2431 194.978 576.727 2 596.238 -120.862
2432 204.978 576.727 2 596.564 -119.769
2433 214.978 576.727 2 597.057 -110.89
2434 224.978 576.727 2 597.717 -98.2919
2435 234.978 576.727 2 598.543 -105.448
2436 244.978 576.727 2 599.535 -135.023
2437 254.978 576.727 2 600.692 -123.762
2438 264.978 576.727 2 602.013 -99.7949
2439 274.978 576.727 2 603.496 -98.9697
2440 284.978 576.727 2 605.141 -117.032
2441 294.978 576.727 2 606.947 -119.403
2442 304.978 576.727 2 608.911 -133.838
2443 314.978 576.727 2 611.033 -139.738
2444 324.978 576.727 2 613.311 -154.949
2445 334.978 576.727 2 615.742 -160.807
2446 344.978 576.727 2 618.326 -162.664
2447 354.978 576.727 2 621.06 -162.417
2448 364.978 576.727 2 623.942 -165.155
2449 374.978 576.727 2 626.971 -161.27
2450 384.978 576.727 2 630.144 -164.157
2451 394.978 576.727 2 633.458 -164.908
2452 404.978 576.727 2 636.913 -122.34
2453 414.978 576.727 2 640.505 -134.387
2454 424.978 576.727 2 644.232 -129.744
2455 434.978 576.727 2 648.092 -130.944
2456 444.978 576.727 2 652.083 -124.591
2457 454.978 576.727 2 656.201 -141.212
2458 464.978 576.727 2 660.446 -157.826
2459 474.978 576.727 2 664.814 -152.265
2460 484.978 576.727 2 669.302 -155.271
2461 84.9784 586.727 2 613.534 -116.972
2462 94.9784 586.727 2 612.055 -142.903
2463 104.978 586.727 2 610.738 -158.664
2464 114.978 586.727 2 609.581 -158.437
2465 124.978 586.727 2 608.586 -156.777
2466 134.978 586.727 2 607.755 -156.506
2467 144.978 586.727 2 607.087 -156.495
2468 154.978 586.727 2 606.583 -163.159
2469 164.978 586.727 2 606.244 -149.597
2470 174.978 586.727 2 606.069 -151.488
2471 184.978 586.727 2 606.06 -135.403
2472 194.978 586.727 2 606.215 -123.845
2473 204.978 586.727 2 606.535 -115.11
2474 214.978 586.727 2 607.02 -107.592
2475 224.978 586.727 2 607.669 -93.8914
2476 234.978 586.727 2 608.482 -101.226
2477 244.978 586.727 2 609.458 -130.847
2478 254.978 586.727 2 610.596 -122.262
2479 264.978 586.727 2 611.895 -100.812
2480 274.978 586.727 2 613.355 -96.4949
2481 284.978 586.727 2 614.974 -113.297
2482 294.978 586.727 2 616.751 -118.717
2483 304.978 586.727 2 618.684 -133.796
2484 314.978 586.727 2 620.772 -149.257
2485 324.978 586.727 2 623.014 -145.143
2486 334.978 586.727 2 625.408 -166.367
2487 344.978 586.727 2 627.952 -157.497
2488 354.978 586.727 2 630.644 -158.157
2489 364.978 586.727 2 633.483 -157.91
2490 374.978 586.727 2 636.466 -173.091
2491 384.978 586.727 2 639.592 -159.813
2492 394.978 586.727 2 642.858 -159.725
2493 404.978 586.727 2 646.262 -134.531
2494 414.978 586.727 2 649.803 -160.597
2495 424.978 586.727 2 653.477 -130.449
2496 434.978 586.727 2 657.282 -126.699
2497 444.978 586.727 2 661.218 -145.489
2498 454.978 586.727 2 665.28 -163.438
2499 464.978 586.727 2 669.467 -155.89
2500 474.978 586.727 2 673.776 -146.675
2501 484.978 586.727 2 678.205 -158.625
