# <Transmitter Set: Tx: 20 tx_ant_grid_60_m - Point 28> 
# <Receiver Set: Rx: 17 rx_ant_grid> 
# <X(m)> <Y(m)> <Z(m)> <Distance(m)> <PathGain(dB)>
1 84.9784 -13.2734 2 535.525 -94.0937
2 94.9784 -13.2734 2 531.954 -93.1539
3 104.978 -13.2734 2 528.548 -91.6476
4 114.978 -13.2734 2 525.311 -109.681
5 124.978 -13.2734 2 522.246 -162.833
6 134.978 -13.2734 2 519.354 -105.785
7 144.978 -13.2734 2 516.641 -139.275
8 154.978 -13.2734 2 514.107 -126.968
9 164.978 -13.2734 2 511.756 -130.217
10 174.978 -13.2734 2 509.591 -122.656
11 184.978 -13.2734 2 507.613 -137.372
12 194.978 -13.2734 2 505.826 -131.412
13 204.978 -13.2734 2 504.23 -129.696
14 214.978 -13.2734 2 502.829 -133.664
15 224.978 -13.2734 2 501.623 -132.872
16 234.978 -13.2734 2 500.613 -131.289
17 244.978 -13.2734 2 499.802 -132.423
18 254.978 -13.2734 2 499.19 -125.266
19 264.978 -13.2734 2 498.778 -116.942
20 274.978 -13.2734 2 498.566 -95.6506
21 284.978 -13.2734 2 498.554 -94.9393
22 294.978 -13.2734 2 498.743 -141.91
23 304.978 -13.2734 2 499.132 -116.037
24 314.978 -13.2734 2 499.722 -157.257
25 324.978 -13.2734 2 500.51 -155.21
26 334.978 -13.2734 2 501.496 -165.151
27 344.978 -13.2734 2 502.68 -123.38
28 354.978 -13.2734 2 504.059 -155.065
29 364.978 -13.2734 2 505.632 -153.398
30 374.978 -13.2734 2 507.398 -152.772
31 384.978 -13.2734 2 509.354 -123.386
32 394.978 -13.2734 2 511.497 -103.25
33 404.978 -13.2734 2 513.827 -107.652
34 414.978 -13.2734 2 516.339 -119.127
35 424.978 -13.2734 2 519.033 -115.198
36 434.978 -13.2734 2 521.904 -120.878
37 444.978 -13.2734 2 524.949 -104.992
38 454.978 -13.2734 2 528.167 -138.731
39 464.978 -13.2734 2 531.553 -135.668
40 474.978 -13.2734 2 535.105 -101.763
41 484.978 -13.2734 2 538.819 -109.393
42 84.9784 -3.2734 2 526.292 -92.0206
43 94.9784 -3.2734 2 522.659 -93.8749
44 104.978 -3.2734 2 519.192 -91.3774
45 114.978 -3.2734 2 515.896 -96.5215
46 124.978 -3.2734 2 512.774 -250
47 134.978 -3.2734 2 509.829 -112.352
48 144.978 -3.2734 2 507.065 -158.872
49 154.978 -3.2734 2 504.483 -185.983
50 164.978 -3.2734 2 502.087 -131.967
51 174.978 -3.2734 2 499.88 -133.996
52 184.978 -3.2734 2 497.864 -129.708
53 194.978 -3.2734 2 496.041 -132.975
54 204.978 -3.2734 2 494.414 -131.222
55 214.978 -3.2734 2 492.985 -134.374
56 224.978 -3.2734 2 491.754 -133.963
57 234.978 -3.2734 2 490.725 -134.788
58 244.978 -3.2734 2 489.897 -135.35
59 254.978 -3.2734 2 489.273 -132.101
60 264.978 -3.2734 2 488.852 -118.449
61 274.978 -3.2734 2 488.636 -94.8979
62 284.978 -3.2734 2 488.624 -100.052
63 294.978 -3.2734 2 488.817 -140.137
64 304.978 -3.2734 2 489.214 -141.232
65 314.978 -3.2734 2 489.815 -166.68
66 324.978 -3.2734 2 490.619 -166.364
67 334.978 -3.2734 2 491.625 -167.724
68 344.978 -3.2734 2 492.833 -155.946
69 354.978 -3.2734 2 494.239 -166.818
70 364.978 -3.2734 2 495.844 -179.199
71 374.978 -3.2734 2 497.644 -159.321
72 384.978 -3.2734 2 499.638 -155.271
73 394.978 -3.2734 2 501.823 -101.303
74 404.978 -3.2734 2 504.197 -108.22
75 414.978 -3.2734 2 506.758 -113.491
76 424.978 -3.2734 2 509.502 -118.596
77 434.978 -3.2734 2 512.426 -108.098
78 444.978 -3.2734 2 515.528 -250
79 454.978 -3.2734 2 518.804 -162.002
80 464.978 -3.2734 2 522.251 -158.757
81 474.978 -3.2734 2 525.865 -106.406
82 484.978 -3.2734 2 529.644 -119.512
83 84.9784 6.7266 2 517.089 -94.4429
84 94.9784 6.7266 2 513.39 -93.6378
85 104.978 6.7266 2 509.86 -91.9671
86 114.978 6.7266 2 506.504 -97.9471
87 124.978 6.7266 2 503.323 -250
88 134.978 6.7266 2 500.323 -114.254
89 144.978 6.7266 2 497.505 -138.175
90 154.978 6.7266 2 494.874 -158.095
91 164.978 6.7266 2 492.431 -158.107
92 174.978 6.7266 2 490.18 -134.795
93 184.978 6.7266 2 488.124 -133.461
94 194.978 6.7266 2 486.265 -135.194
95 204.978 6.7266 2 484.605 -143.328
96 214.978 6.7266 2 483.147 -140.939
97 224.978 6.7266 2 481.891 -137.689
98 234.978 6.7266 2 480.841 -139.845
99 244.978 6.7266 2 479.996 -137.199
100 254.978 6.7266 2 479.359 -136.901
101 264.978 6.7266 2 478.929 -123.494
102 274.978 6.7266 2 478.708 -93.1638
103 284.978 6.7266 2 478.696 -100.919
104 294.978 6.7266 2 478.893 -250
105 304.978 6.7266 2 479.299 -250
106 314.978 6.7266 2 479.912 -250
107 324.978 6.7266 2 480.733 -250
108 334.978 6.7266 2 481.76 -250
109 344.978 6.7266 2 482.992 -250
110 354.978 6.7266 2 484.427 -250
111 364.978 6.7266 2 486.064 -250
112 374.978 6.7266 2 487.9 -250
113 384.978 6.7266 2 489.934 -250
114 394.978 6.7266 2 492.162 -98.8933
115 404.978 6.7266 2 494.583 -105.325
116 414.978 6.7266 2 497.193 -106.309
117 424.978 6.7266 2 499.989 -117.608
118 434.978 6.7266 2 502.969 -107.075
119 444.978 6.7266 2 506.128 -250
120 454.978 6.7266 2 509.465 -250
121 464.978 6.7266 2 512.975 -250
122 474.978 6.7266 2 516.654 -112.191
123 484.978 6.7266 2 520.5 -105.79
124 84.9784 16.7266 2 507.915 -96.9318
125 94.9784 16.7266 2 504.149 -97.1184
126 104.978 16.7266 2 500.554 -94.1538
127 114.978 16.7266 2 497.135 -97.4598
128 124.978 16.7266 2 493.894 -250
129 134.978 16.7266 2 490.836 -116.762
130 144.978 16.7266 2 487.964 -119.816
131 154.978 16.7266 2 485.28 -154.592
132 164.978 16.7266 2 482.789 -158.853
133 174.978 16.7266 2 480.493 -131.421
134 184.978 16.7266 2 478.396 -134.555
135 194.978 16.7266 2 476.499 -250
136 204.978 16.7266 2 474.805 -250
137 214.978 16.7266 2 473.316 -250
138 224.978 16.7266 2 472.034 -250
139 234.978 16.7266 2 470.962 -250
140 244.978 16.7266 2 470.099 -250
141 254.978 16.7266 2 469.448 -250
142 264.978 16.7266 2 469.01 -113.492
143 274.978 16.7266 2 468.784 -92.0657
144 284.978 16.7266 2 468.772 -96.2896
145 294.978 16.7266 2 468.973 -250
146 304.978 16.7266 2 469.387 -250
147 314.978 16.7266 2 470.013 -250
148 324.978 16.7266 2 470.852 -141.203
149 334.978 16.7266 2 471.9 -134.182
150 344.978 16.7266 2 473.158 -250
151 354.978 16.7266 2 474.623 -250
152 364.978 16.7266 2 476.293 -250
153 374.978 16.7266 2 478.167 -250
154 384.978 16.7266 2 480.242 -147.159
155 394.978 16.7266 2 482.515 -121.193
156 404.978 16.7266 2 484.984 -97.684
157 414.978 16.7266 2 487.645 -103.438
158 424.978 16.7266 2 490.496 -112.722
159 434.978 16.7266 2 493.533 -125.487
160 444.978 16.7266 2 496.752 -250
161 454.978 16.7266 2 500.151 -250
162 464.978 16.7266 2 503.726 -250
163 474.978 16.7266 2 507.473 -114.885
164 484.978 16.7266 2 511.387 -121.369
165 84.9784 26.7266 2 498.773 -102.924
166 94.9784 26.7266 2 494.937 -102.905
167 104.978 26.7266 2 491.275 -128.443
168 114.978 26.7266 2 487.791 -97.9488
169 124.978 26.7266 2 484.488 -109.229
170 134.978 26.7266 2 481.37 -114.907
171 144.978 26.7266 2 478.441 -104.225
172 154.978 26.7266 2 475.704 -149.489
173 164.978 26.7266 2 473.162 -154.309
174 174.978 26.7266 2 470.819 -131.129
175 184.978 26.7266 2 468.678 -138.744
176 194.978 26.7266 2 466.742 -250
177 204.978 26.7266 2 465.012 -250
178 214.978 26.7266 2 463.492 -250
179 224.978 26.7266 2 462.183 -250
180 234.978 26.7266 2 461.088 -250
181 244.978 26.7266 2 460.207 -250
182 254.978 26.7266 2 459.542 -250
183 264.978 26.7266 2 459.094 -119.451
184 274.978 26.7266 2 458.864 -89.9535
185 284.978 26.7266 2 458.851 -92.2364
186 294.978 26.7266 2 459.056 -250
187 304.978 26.7266 2 459.479 -250
188 314.978 26.7266 2 460.119 -134.747
189 324.978 26.7266 2 460.975 -157.434
190 334.978 26.7266 2 462.046 -121.47
191 344.978 26.7266 2 463.33 -135.956
192 354.978 26.7266 2 464.826 -149.481
193 364.978 26.7266 2 466.532 -250
194 374.978 26.7266 2 468.445 -250
195 384.978 26.7266 2 470.563 -126.868
196 394.978 26.7266 2 472.882 -149.032
197 404.978 26.7266 2 475.401 -97.2566
198 414.978 26.7266 2 478.116 -118.842
199 424.978 26.7266 2 481.023 -125.433
200 434.978 26.7266 2 484.119 -120.112
201 444.978 26.7266 2 487.401 -129.33
202 454.978 26.7266 2 490.865 -250
203 464.978 26.7266 2 494.507 -250
204 474.978 26.7266 2 498.323 -135.35
205 484.978 26.7266 2 502.309 -115.869
206 84.9784 36.7266 2 489.665 -108.932
207 94.9784 36.7266 2 485.757 -112.408
208 104.978 36.7266 2 482.026 -107.423
209 114.978 36.7266 2 478.474 -116.993
210 124.978 36.7266 2 475.106 -105.674
211 134.978 36.7266 2 471.926 -114.306
212 144.978 36.7266 2 468.938 -117.023
213 154.978 36.7266 2 466.145 -128.014
214 164.978 36.7266 2 463.551 -146.845
215 174.978 36.7266 2 461.159 -150.684
216 184.978 36.7266 2 458.973 -137.726
217 194.978 36.7266 2 456.996 -143.392
218 204.978 36.7266 2 455.229 -124.708
219 214.978 36.7266 2 453.676 -121.296
220 224.978 36.7266 2 452.339 -250
221 234.978 36.7266 2 451.219 -250
222 244.978 36.7266 2 450.319 -250
223 254.978 36.7266 2 449.64 -250
224 264.978 36.7266 2 449.182 -112.941
225 274.978 36.7266 2 448.946 -90.0626
226 284.978 36.7266 2 448.933 -87.8846
227 294.978 36.7266 2 449.143 -250
228 304.978 36.7266 2 449.576 -250
229 314.978 36.7266 2 450.23 -139.988
230 324.978 36.7266 2 451.104 -151.26
231 334.978 36.7266 2 452.199 -122.263
232 344.978 36.7266 2 453.511 -138.444
233 354.978 36.7266 2 455.039 -166.256
234 364.978 36.7266 2 456.781 -120.149
235 374.978 36.7266 2 458.735 -126.475
236 384.978 36.7266 2 460.897 -250
237 394.978 36.7266 2 463.265 -250
238 404.978 36.7266 2 465.836 -103.388
239 414.978 36.7266 2 468.606 -102.489
240 424.978 36.7266 2 471.572 -126.276
241 434.978 36.7266 2 474.73 -122.262
242 444.978 36.7266 2 478.076 -116.361
243 454.978 36.7266 2 481.607 -250
244 464.978 36.7266 2 485.318 -250
245 474.978 36.7266 2 489.206 -122.688
246 484.978 36.7266 2 493.266 -112.544
247 84.9784 46.7266 2 480.592 -110.557
248 94.9784 46.7266 2 476.61 -109.125
249 104.978 46.7266 2 472.806 -114.64
250 114.978 46.7266 2 469.184 -104.54
251 124.978 46.7266 2 465.749 -137.035
252 134.978 46.7266 2 462.505 -115.807
253 144.978 46.7266 2 459.456 -104.76
254 154.978 46.7266 2 456.605 -250
255 164.978 46.7266 2 453.956 -250
256 174.978 46.7266 2 451.514 -250
257 184.978 46.7266 2 449.281 -250
258 194.978 46.7266 2 447.26 -250
259 204.978 46.7266 2 445.455 -124.674
260 214.978 46.7266 2 443.868 -115.999
261 224.978 46.7266 2 442.501 -129.328
262 234.978 46.7266 2 441.357 -137.895
263 244.978 46.7266 2 440.437 -129.445
264 254.978 46.7266 2 439.742 -128.884
265 264.978 46.7266 2 439.274 -117.143
266 274.978 46.7266 2 439.033 -87.9988
267 284.978 46.7266 2 439.02 -87.4249
268 294.978 46.7266 2 439.234 -250
269 304.978 46.7266 2 439.676 -250
270 314.978 46.7266 2 440.345 -250
271 324.978 46.7266 2 441.239 -250
272 334.978 46.7266 2 442.358 -250
273 344.978 46.7266 2 443.699 -250
274 354.978 46.7266 2 445.261 -250
275 364.978 46.7266 2 447.042 -125.756
276 374.978 46.7266 2 449.037 -133.567
277 384.978 46.7266 2 451.246 -250
278 394.978 46.7266 2 453.665 -250
279 404.978 46.7266 2 456.289 -99.7942
280 414.978 46.7266 2 459.117 -97.4525
281 424.978 46.7266 2 462.144 -112.949
282 434.978 46.7266 2 465.366 -121.433
283 444.978 46.7266 2 468.779 -118.967
284 454.978 46.7266 2 472.38 -250
285 464.978 46.7266 2 476.163 -250
286 474.978 46.7266 2 480.124 -118.262
287 484.978 46.7266 2 484.26 -121.784
288 84.9784 56.7266 2 471.557 -110.25
289 94.9784 56.7266 2 467.498 -119.264
290 104.978 56.7266 2 463.619 -114.872
291 114.978 56.7266 2 459.925 -104.642
292 124.978 56.7266 2 456.42 -109.519
293 134.978 56.7266 2 453.109 -114.045
294 144.978 56.7266 2 449.996 -120.213
295 154.978 56.7266 2 447.085 -250
296 164.978 56.7266 2 444.38 -250
297 174.978 56.7266 2 441.885 -250
298 184.978 56.7266 2 439.603 -250
299 194.978 56.7266 2 437.537 -250
300 204.978 56.7266 2 435.692 -113.684
301 214.978 56.7266 2 434.069 -119.349
302 224.978 56.7266 2 432.671 -129.727
303 234.978 56.7266 2 431.501 -124.779
304 244.978 56.7266 2 430.559 -125.034
305 254.978 56.7266 2 429.849 -124.098
306 264.978 56.7266 2 429.37 -121.41
307 274.978 56.7266 2 429.123 -87.7779
308 284.978 56.7266 2 429.11 -88.787
309 294.978 56.7266 2 429.329 -250
310 304.978 56.7266 2 429.782 -250
311 314.978 56.7266 2 430.466 -250
312 324.978 56.7266 2 431.381 -250
313 334.978 56.7266 2 432.525 -250
314 344.978 56.7266 2 433.897 -250
315 354.978 56.7266 2 435.494 -250
316 364.978 56.7266 2 437.314 -127.477
317 374.978 56.7266 2 439.354 -135.736
318 384.978 56.7266 2 441.611 -250
319 394.978 56.7266 2 444.082 -250
320 404.978 56.7266 2 446.763 -101.637
321 414.978 56.7266 2 449.651 -96.5739
322 424.978 56.7266 2 452.741 -106.291
323 434.978 56.7266 2 456.029 -118.541
324 444.978 56.7266 2 459.512 -118.734
325 454.978 56.7266 2 463.184 -250
326 464.978 56.7266 2 467.042 -250
327 474.978 56.7266 2 471.08 -121.269
328 484.978 56.7266 2 475.295 -127.149
329 84.9784 66.7266 2 462.561 -102.669
330 94.9784 66.7266 2 458.422 -125.419
331 104.978 66.7266 2 454.466 -109.056
332 114.978 66.7266 2 450.697 -111.708
333 124.978 66.7266 2 447.12 -126.056
334 134.978 66.7266 2 443.74 -124.102
335 144.978 66.7266 2 440.561 -122.543
336 154.978 66.7266 2 437.587 -132.076
337 164.978 66.7266 2 434.822 -125.501
338 174.978 66.7266 2 432.272 -113.193
339 184.978 66.7266 2 429.939 -92.5304
340 194.978 66.7266 2 427.827 -98.024
341 204.978 66.7266 2 425.94 -109.816
342 214.978 66.7266 2 424.279 -114.154
343 224.978 66.7266 2 422.849 -126.844
344 234.978 66.7266 2 421.651 -123.087
345 244.978 66.7266 2 420.688 -127.269
346 254.978 66.7266 2 419.961 -127.685
347 264.978 66.7266 2 419.47 -125.392
348 274.978 66.7266 2 419.218 -86.9494
349 284.978 66.7266 2 419.204 -93.3026
350 294.978 66.7266 2 419.429 -90.8461
351 304.978 66.7266 2 419.892 -109.364
352 314.978 66.7266 2 420.592 -118.003
353 324.978 66.7266 2 421.528 -127.327
354 334.978 66.7266 2 422.699 -127.607
355 344.978 66.7266 2 424.103 -135.188
356 354.978 66.7266 2 425.737 -134.086
357 364.978 66.7266 2 427.598 -125.259
358 374.978 66.7266 2 429.684 -133.096
359 384.978 66.7266 2 431.992 -126.487
360 394.978 66.7266 2 434.518 -124.611
361 404.978 66.7266 2 437.257 -126.506
362 414.978 66.7266 2 440.207 -94.4968
363 424.978 66.7266 2 443.363 -94.5269
364 434.978 66.7266 2 446.721 -112.05
365 444.978 66.7266 2 450.276 -135.427
366 454.978 66.7266 2 454.023 -131.16
367 464.978 66.7266 2 457.957 -130.993
368 474.978 66.7266 2 462.075 -127
369 484.978 66.7266 2 466.371 -113.408
370 84.9784 76.7266 2 453.607 -101.58
371 94.9784 76.7266 2 449.386 -116.427
372 104.978 76.7266 2 445.35 -101.217
373 114.978 76.7266 2 441.503 -120.608
374 124.978 76.7266 2 437.851 -122.724
375 134.978 76.7266 2 434.399 -119.528
376 144.978 76.7266 2 431.15 -126.211
377 154.978 76.7266 2 428.111 -141.726
378 164.978 76.7266 2 425.285 -122.167
379 174.978 76.7266 2 422.677 -108.443
380 184.978 76.7266 2 420.291 -90.7062
381 194.978 76.7266 2 418.13 -93.3263
382 204.978 76.7266 2 416.199 -101.189
383 214.978 76.7266 2 414.5 -117.173
384 224.978 76.7266 2 413.036 -125.318
385 234.978 76.7266 2 411.809 -128.058
386 244.978 76.7266 2 410.823 -135.435
387 254.978 76.7266 2 410.078 -125.242
388 264.978 76.7266 2 409.576 -130.472
389 274.978 76.7266 2 409.318 -86.3028
390 284.978 76.7266 2 409.303 -94.4022
391 294.978 76.7266 2 409.534 -85.1489
392 304.978 76.7266 2 410.008 -123.195
393 314.978 76.7266 2 410.725 -118.09
394 324.978 76.7266 2 411.683 -123.889
395 334.978 76.7266 2 412.882 -127.089
396 344.978 76.7266 2 414.319 -127.784
397 354.978 76.7266 2 415.991 -126.704
398 364.978 76.7266 2 417.896 -127.682
399 374.978 76.7266 2 420.031 -119.86
400 384.978 76.7266 2 422.391 -128.89
401 394.978 76.7266 2 424.974 -146.301
402 404.978 76.7266 2 427.775 -121.502
403 414.978 76.7266 2 430.79 -95.0146
404 424.978 76.7266 2 434.014 -94.7524
405 434.978 76.7266 2 437.443 -106.018
406 444.978 76.7266 2 441.073 -129.942
407 454.978 76.7266 2 444.897 -129.309
408 464.978 76.7266 2 448.912 -141.345
409 474.978 76.7266 2 453.112 -126.791
410 484.978 76.7266 2 457.492 -127.041
411 84.9784 86.7266 2 444.698 -95.3947
412 94.9784 86.7266 2 440.392 -114.949
413 104.978 86.7266 2 436.272 -250
414 114.978 86.7266 2 432.345 -250
415 124.978 86.7266 2 428.615 -250
416 134.978 86.7266 2 425.087 -133.259
417 144.978 86.7266 2 421.767 -101.498
418 154.978 86.7266 2 418.66 -250
419 164.978 86.7266 2 415.77 -250
420 174.978 86.7266 2 413.102 -250
421 184.978 86.7266 2 410.66 -95.1578
422 194.978 86.7266 2 408.448 -106.487
423 204.978 86.7266 2 406.471 -108.042
424 214.978 86.7266 2 404.731 -123.175
425 224.978 86.7266 2 403.231 -250
426 234.978 86.7266 2 401.975 -250
427 244.978 86.7266 2 400.964 -250
428 254.978 86.7266 2 400.201 -115.451
429 264.978 86.7266 2 399.687 -128.71
430 274.978 86.7266 2 399.422 -87.2639
431 284.978 86.7266 2 399.408 -95.5913
432 294.978 86.7266 2 399.643 -94.182
433 304.978 86.7266 2 400.129 -113.893
434 314.978 86.7266 2 400.864 -118.556
435 324.978 86.7266 2 401.846 -124.069
436 334.978 86.7266 2 403.074 -133.199
437 344.978 86.7266 2 404.546 -126.57
438 354.978 86.7266 2 406.258 -133.506
439 364.978 86.7266 2 408.209 -128.564
440 374.978 86.7266 2 410.393 -127.923
441 384.978 86.7266 2 412.809 -250
442 394.978 86.7266 2 415.451 -250
443 404.978 86.7266 2 418.316 -250
444 414.978 86.7266 2 421.398 -110.064
445 424.978 86.7266 2 424.694 -94.8635
446 434.978 86.7266 2 428.198 -94.4925
447 444.978 86.7266 2 431.905 -250
448 454.978 86.7266 2 435.81 -250
449 464.978 86.7266 2 439.908 -250
450 474.978 86.7266 2 444.193 -117.242
451 484.978 86.7266 2 448.66 -123.008
452 84.9784 96.7266 2 435.837 -91.6606
453 94.9784 96.7266 2 431.442 -118.064
454 104.978 96.7266 2 427.236 -118.721
455 114.978 96.7266 2 423.225 -123.281
456 124.978 96.7266 2 419.413 -121.914
457 134.978 96.7266 2 415.808 -126.583
458 144.978 96.7266 2 412.413 -138.481
459 154.978 96.7266 2 409.235 -250
460 164.978 96.7266 2 406.278 -250
461 174.978 96.7266 2 403.547 -250
462 184.978 96.7266 2 401.047 -98.5913
463 194.978 96.7266 2 398.782 -250
464 204.978 96.7266 2 396.756 -250
465 214.978 96.7266 2 394.973 -250
466 224.978 96.7266 2 393.437 -250
467 234.978 96.7266 2 392.149 -250
468 244.978 96.7266 2 391.113 -250
469 254.978 96.7266 2 390.331 -250
470 264.978 96.7266 2 389.803 -250
471 274.978 96.7266 2 389.532 -88.1683
472 284.978 96.7266 2 389.517 -96.2187
473 294.978 96.7266 2 389.759 -89.9427
474 304.978 96.7266 2 390.257 -126.032
475 314.978 96.7266 2 391.01 -115.92
476 324.978 96.7266 2 392.017 -123.951
477 334.978 96.7266 2 393.276 -121.55
478 344.978 96.7266 2 394.784 -133.073
479 354.978 96.7266 2 396.538 -134.935
480 364.978 96.7266 2 398.536 -138.358
481 374.978 96.7266 2 400.774 -126.319
482 384.978 96.7266 2 403.247 -250
483 394.978 96.7266 2 405.952 -250
484 404.978 96.7266 2 408.883 -250
485 414.978 96.7266 2 412.036 -116.888
486 424.978 96.7266 2 415.406 -92.8758
487 434.978 96.7266 2 418.988 -93.6294
488 444.978 96.7266 2 422.775 -250
489 454.978 96.7266 2 426.764 -250
490 464.978 96.7266 2 430.948 -250
491 474.978 96.7266 2 435.321 -126.9
492 484.978 96.7266 2 439.878 -122.387
493 84.9784 106.727 2 427.025 -93.7776
494 94.9784 106.727 2 422.539 -95.051
495 104.978 106.727 2 418.244 -123.861
496 114.978 106.727 2 414.145 -141.862
497 124.978 106.727 2 410.25 -124.646
498 134.978 106.727 2 406.563 -132.6
499 144.978 106.727 2 403.09 -155.163
500 154.978 106.727 2 399.838 -250
501 164.978 106.727 2 396.811 -250
502 174.978 106.727 2 394.014 -250
503 184.978 106.727 2 391.453 -91.7671
504 194.978 106.727 2 389.132 -250
505 204.978 106.727 2 387.056 -250
506 214.978 106.727 2 385.229 -250
507 224.978 106.727 2 383.653 -250
508 234.978 106.727 2 382.332 -250
509 244.978 106.727 2 381.27 -250
510 254.978 106.727 2 380.467 -250
511 264.978 106.727 2 379.926 -250
512 274.978 106.727 2 379.647 -90.6761
513 284.978 106.727 2 379.632 -91.3494
514 294.978 106.727 2 379.88 -96.8851
515 304.978 106.727 2 380.391 -118.587
516 314.978 106.727 2 381.164 -115.842
517 324.978 106.727 2 382.197 -123.991
518 334.978 106.727 2 383.488 -135.836
519 344.978 106.727 2 385.034 -134.238
520 354.978 106.727 2 386.833 -138.73
521 364.978 106.727 2 388.881 -133.377
522 374.978 106.727 2 391.174 -136.873
523 384.978 106.727 2 393.707 -250
524 394.978 106.727 2 396.477 -250
525 404.978 106.727 2 399.477 -250
526 414.978 106.727 2 402.704 -122.324
527 424.978 106.727 2 406.152 -103.391
528 434.978 106.727 2 409.814 -93.2553
529 444.978 106.727 2 413.686 -250
530 454.978 106.727 2 417.761 -250
531 464.978 106.727 2 422.034 -250
532 474.978 106.727 2 426.499 -119.659
533 484.978 106.727 2 431.15 -127.29
534 84.9784 116.727 2 418.268 -97.3555
535 94.9784 116.727 2 413.686 -90.3953
536 104.978 116.727 2 409.298 -123.626
537 114.978 116.727 2 405.109 -250
538 124.978 116.727 2 401.126 -250
539 134.978 116.727 2 397.354 -250
540 144.978 116.727 2 393.8 -250
541 154.978 116.727 2 390.47 -250
542 164.978 116.727 2 387.37 -250
543 174.978 116.727 2 384.505 -250
544 184.978 116.727 2 381.88 -90.4597
545 194.978 116.727 2 379.501 -250
546 204.978 116.727 2 377.372 -250
547 214.978 116.727 2 375.497 -250
548 224.978 116.727 2 373.88 -250
549 234.978 116.727 2 372.525 -250
550 244.978 116.727 2 371.434 -250
551 254.978 116.727 2 370.61 -250
552 264.978 116.727 2 370.055 -250
553 274.978 116.727 2 369.769 -88.4134
554 284.978 116.727 2 369.753 -89.3971
555 294.978 116.727 2 370.008 -92.9669
556 304.978 116.727 2 370.533 -117.812
557 314.978 116.727 2 371.326 -117.782
558 324.978 116.727 2 372.386 -250
559 334.978 116.727 2 373.711 -250
560 344.978 116.727 2 375.298 -250
561 354.978 116.727 2 377.143 -250
562 364.978 116.727 2 379.243 -250
563 374.978 116.727 2 381.594 -250
564 384.978 116.727 2 384.19 -250
565 394.978 116.727 2 387.028 -250
566 404.978 116.727 2 390.102 -250
567 414.978 116.727 2 393.405 -250
568 424.978 116.727 2 396.933 -106.435
569 434.978 116.727 2 400.68 -87.568
570 444.978 116.727 2 404.64 -250
571 454.978 116.727 2 408.805 -250
572 464.978 116.727 2 413.171 -250
573 474.978 116.727 2 417.73 -131.924
574 484.978 116.727 2 422.477 -123.176
575 84.9784 126.727 2 409.567 -103.837
576 94.9784 126.727 2 404.887 -96.8785
577 104.978 126.727 2 400.402 -99.5235
578 114.978 126.727 2 396.119 -250
579 124.978 126.727 2 392.044 -250
580 134.978 126.727 2 388.184 -250
581 144.978 126.727 2 384.546 -250
582 154.978 126.727 2 381.135 -250
583 164.978 126.727 2 377.959 -250
584 174.978 126.727 2 375.022 -250
585 184.978 126.727 2 372.33 -92.8996
586 194.978 126.727 2 369.889 -89.3435
587 204.978 126.727 2 367.704 -95.2788
588 214.978 126.727 2 365.78 -104.82
589 224.978 126.727 2 364.12 -250
590 234.978 126.727 2 362.729 -250
591 244.978 126.727 2 361.608 -250
592 254.978 126.727 2 360.762 -106.799
593 264.978 126.727 2 360.191 -111.149
594 274.978 126.727 2 359.897 -86.5868
595 284.978 126.727 2 359.881 -89.1836
596 294.978 126.727 2 360.143 -96.3851
597 304.978 126.727 2 360.682 -113.056
598 314.978 126.727 2 361.497 -138.324
599 324.978 126.727 2 362.586 -250
600 334.978 126.727 2 363.946 -250
601 344.978 126.727 2 365.575 -250
602 354.978 126.727 2 367.469 -250
603 364.978 126.727 2 369.625 -250
604 374.978 126.727 2 372.036 -250
605 384.978 126.727 2 374.699 -250
606 394.978 126.727 2 377.608 -250
607 404.978 126.727 2 380.757 -250
608 414.978 126.727 2 384.142 -250
609 424.978 126.727 2 387.754 -104.298
610 434.978 126.727 2 391.589 -94.5196
611 444.978 126.727 2 395.639 -250
612 454.978 126.727 2 399.898 -250
613 464.978 126.727 2 404.36 -250
614 474.978 126.727 2 409.018 -138.295
615 484.978 126.727 2 413.865 -108.232
616 84.9784 136.727 2 400.926 -99.2396
617 94.9784 136.727 2 396.144 -98.0626
618 104.978 136.727 2 391.559 -89.2958
619 114.978 136.727 2 387.179 -89.8054
620 124.978 136.727 2 383.009 -93.9138
621 134.978 136.727 2 379.057 -250
622 144.978 136.727 2 375.33 -250
623 154.978 136.727 2 371.835 -250
624 164.978 136.727 2 368.578 -250
625 174.978 136.727 2 365.566 -250
626 184.978 136.727 2 362.804 -91.065
627 194.978 136.727 2 360.299 -88.4707
628 204.978 136.727 2 358.055 -90.3182
629 214.978 136.727 2 356.079 -125.663
630 224.978 136.727 2 354.373 -250
631 234.978 136.727 2 352.943 -250
632 244.978 136.727 2 351.792 -250
633 254.978 136.727 2 350.922 -116.248
634 264.978 136.727 2 350.335 -106.701
635 274.978 136.727 2 350.033 -85.163
636 284.978 136.727 2 350.016 -91.6586
637 294.978 136.727 2 350.286 -95.8895
638 304.978 136.727 2 350.84 -111.673
639 314.978 136.727 2 351.677 -122.636
640 324.978 136.727 2 352.797 -250
641 334.978 136.727 2 354.195 -250
642 344.978 136.727 2 355.868 -250
643 354.978 136.727 2 357.814 -250
644 364.978 136.727 2 360.027 -250
645 374.978 136.727 2 362.502 -250
646 384.978 136.727 2 365.235 -250
647 394.978 136.727 2 368.218 -250
648 404.978 136.727 2 371.447 -250
649 414.978 136.727 2 374.916 -250
650 424.978 136.727 2 378.616 -92.6135
651 434.978 136.727 2 382.542 -93.1553
652 444.978 136.727 2 386.687 -250
653 454.978 136.727 2 391.044 -250
654 464.978 136.727 2 395.606 -250
655 474.978 136.727 2 400.366 -108.693
656 484.978 136.727 2 405.316 -112.103
657 84.9784 146.727 2 392.35 -106.663
658 94.9784 146.727 2 387.463 -109.25
659 104.978 146.727 2 382.774 -104.037
660 114.978 146.727 2 378.291 -96.2308
661 124.978 146.727 2 374.022 -93.1956
662 134.978 146.727 2 369.975 -93.3098
663 144.978 146.727 2 366.155 -89.8223
664 154.978 146.727 2 362.572 -88.5514
665 164.978 146.727 2 359.231 -88.1021
666 174.978 146.727 2 356.139 -87.298
667 184.978 146.727 2 353.304 -92.6735
668 194.978 146.727 2 350.731 -88.2499
669 204.978 146.727 2 348.426 -87.0146
670 214.978 146.727 2 346.394 -109.029
671 224.978 146.727 2 344.641 -114.665
672 234.978 146.727 2 343.171 -88.3209
673 244.978 146.727 2 341.986 -114.157
674 254.978 146.727 2 341.091 -112.693
675 264.978 146.727 2 340.487 -108.893
676 274.978 146.727 2 340.176 -86.8118
677 284.978 146.727 2 340.159 -90.3056
678 294.978 146.727 2 340.436 -105.937
679 304.978 146.727 2 341.007 -116.719
680 314.978 146.727 2 341.868 -130.505
681 324.978 146.727 2 343.02 -144.736
682 334.978 146.727 2 344.457 -129.642
683 344.978 146.727 2 346.178 -125.105
684 354.978 146.727 2 348.178 -114.714
685 364.978 146.727 2 350.452 -107.001
686 374.978 146.727 2 352.994 -105.246
687 384.978 146.727 2 355.8 -91.7977
688 394.978 146.727 2 358.862 -102.156
689 404.978 146.727 2 362.174 -90.5785
690 414.978 146.727 2 365.73 -91.0467
691 424.978 146.727 2 369.523 -92.3487
692 434.978 146.727 2 373.545 -95.4545
693 444.978 146.727 2 377.789 -103.359
694 454.978 146.727 2 382.247 -108.779
695 464.978 146.727 2 386.912 -115.192
696 474.978 146.727 2 391.778 -104.07
697 484.978 146.727 2 396.835 -115.659
698 84.9784 156.727 2 383.844 -108.827
699 94.9784 156.727 2 378.846 -96.5178
700 104.978 156.727 2 374.049 -95.4226
701 114.978 156.727 2 369.461 -94.1957
702 124.978 156.727 2 365.089 -92.7775
703 134.978 156.727 2 360.941 -91.4307
704 144.978 156.727 2 357.025 -88.7092
705 154.978 156.727 2 353.349 -91.1223
706 164.978 156.727 2 349.92 -88.282
707 174.978 156.727 2 346.745 -86.702
708 184.978 156.727 2 343.832 -87.0992
709 194.978 156.727 2 341.188 -91.0983
710 204.978 156.727 2 338.818 -88.595
711 214.978 156.727 2 336.729 -101.768
712 224.978 156.727 2 334.925 -126.701
713 234.978 156.727 2 333.411 -87.8354
714 244.978 156.727 2 332.192 -111.493
715 254.978 156.727 2 331.27 -114.313
716 264.978 156.727 2 330.649 -112.924
717 274.978 156.727 2 330.329 -87.3687
718 284.978 156.727 2 330.311 -88.8513
719 294.978 156.727 2 330.596 -109.726
720 304.978 156.727 2 331.183 -121.015
721 314.978 156.727 2 332.071 -131.696
722 324.978 156.727 2 333.256 -127.498
723 334.978 156.727 2 334.736 -130.782
724 344.978 156.727 2 336.506 -128.206
725 354.978 156.727 2 338.563 -114.058
726 364.978 156.727 2 340.901 -115.229
727 374.978 156.727 2 343.514 -101.11
728 384.978 156.727 2 346.396 -118.347
729 394.978 156.727 2 349.541 -89.5249
730 404.978 156.727 2 352.941 -89.9462
731 414.978 156.727 2 356.589 -94.6179
732 424.978 156.727 2 360.478 -88.2242
733 434.978 156.727 2 364.599 -89.6226
734 444.978 156.727 2 368.946 -119.729
735 454.978 156.727 2 373.51 -97.5502
736 464.978 156.727 2 378.283 -110.159
737 474.978 156.727 2 383.258 -106.837
738 484.978 156.727 2 388.426 -113.999
739 84.9784 166.727 2 375.41 -120.306
740 94.9784 166.727 2 370.299 -97.412
741 104.978 166.727 2 365.39 -95.2522
742 114.978 166.727 2 360.691 -103.094
743 124.978 166.727 2 356.212 -94.8533
744 134.978 166.727 2 351.959 -88.1294
745 144.978 166.727 2 347.942 -89.0572
746 154.978 166.727 2 344.169 -92.3147
747 164.978 166.727 2 340.648 -88.0735
748 174.978 166.727 2 337.386 -89.127
749 184.978 166.727 2 334.392 -88.1234
750 194.978 166.727 2 331.672 -93.2373
751 204.978 166.727 2 329.233 -97.3457
752 214.978 166.727 2 327.083 -91.6485
753 224.978 166.727 2 325.225 -250
754 234.978 166.727 2 323.667 -97.2336
755 244.978 166.727 2 322.411 -250
756 254.978 166.727 2 321.461 -250
757 264.978 166.727 2 320.82 -250
758 274.978 166.727 2 320.49 -91.1256
759 284.978 166.727 2 320.472 -91.4244
760 294.978 166.727 2 320.766 -250
761 304.978 166.727 2 321.371 -250
762 314.978 166.727 2 322.286 -250
763 324.978 166.727 2 323.506 -250
764 334.978 166.727 2 325.031 -250
765 344.978 166.727 2 326.854 -250
766 354.978 166.727 2 328.971 -115.787
767 364.978 166.727 2 331.376 -103.608
768 374.978 166.727 2 334.064 -250
769 384.978 166.727 2 337.027 -110.073
770 394.978 166.727 2 340.258 -92.0783
771 404.978 166.727 2 343.75 -90.5426
772 414.978 166.727 2 347.495 -93.2186
773 424.978 166.727 2 351.484 -94.2467
774 434.978 166.727 2 355.71 -100.087
775 444.978 166.727 2 360.164 -250
776 454.978 166.727 2 364.838 -250
777 464.978 166.727 2 369.723 -250
778 474.978 166.727 2 374.812 -107.511
779 484.978 166.727 2 380.095 -115.435
780 84.9784 176.727 2 367.056 -101.843
781 94.9784 176.727 2 361.826 -103.392
782 104.978 176.727 2 356.801 -103.174
783 114.978 176.727 2 351.988 -98.3718
784 124.978 176.727 2 347.396 -91.1804
785 134.978 176.727 2 343.034 -89.8636
786 144.978 176.727 2 338.911 -87.3939
787 154.978 176.727 2 335.036 -86.5481
788 164.978 176.727 2 331.418 -92.925
789 174.978 176.727 2 328.064 -89.41
790 184.978 176.727 2 324.984 -95.4365
791 194.978 176.727 2 322.185 -88.0284
792 204.978 176.727 2 319.674 -88.1473
793 214.978 176.727 2 317.459 -90.5926
794 224.978 176.727 2 315.545 -250
795 234.978 176.727 2 313.938 -86.0008
796 244.978 176.727 2 312.643 -250
797 254.978 176.727 2 311.663 -250
798 264.978 176.727 2 311.003 -250
799 274.978 176.727 2 310.662 -91.2773
800 284.978 176.727 2 310.644 -88.5865
801 294.978 176.727 2 310.947 -250
802 304.978 176.727 2 311.571 -250
803 314.978 176.727 2 312.514 -250
804 324.978 176.727 2 313.773 -250
805 334.978 176.727 2 315.344 -250
806 344.978 176.727 2 317.223 -250
807 354.978 176.727 2 319.404 -106.217
808 364.978 176.727 2 321.881 -135.819
809 374.978 176.727 2 324.647 -250
810 384.978 176.727 2 327.696 -106.342
811 394.978 176.727 2 331.018 -95.6044
812 404.978 176.727 2 334.606 -93.7219
813 414.978 176.727 2 338.452 -95.1305
814 424.978 176.727 2 342.547 -92.1492
815 434.978 176.727 2 346.881 -99.417
816 444.978 176.727 2 351.447 -250
817 454.978 176.727 2 356.235 -250
818 464.978 176.727 2 361.237 -250
819 474.978 176.727 2 366.443 -108.153
820 484.978 176.727 2 371.846 -114.698
821 84.9784 186.727 2 358.785 -116.057
822 94.9784 186.727 2 353.434 -117.65
823 104.978 186.727 2 348.287 -113.96
824 114.978 186.727 2 343.355 -98.029
825 124.978 186.727 2 338.646 -96.562
826 134.978 186.727 2 334.17 -92.4832
827 144.978 186.727 2 329.936 -90.1502
828 154.978 186.727 2 325.954 -87.0841
829 164.978 186.727 2 322.234 -95.4065
830 174.978 186.727 2 318.784 -91.8683
831 184.978 186.727 2 315.613 -87.9488
832 194.978 186.727 2 312.73 -95.0441
833 204.978 186.727 2 310.143 -94.7025
834 214.978 186.727 2 307.859 -89.6517
835 224.978 186.727 2 305.885 -250
836 234.978 186.727 2 304.227 -88.2288
837 244.978 186.727 2 302.89 -250
838 254.978 186.727 2 301.879 -250
839 264.978 186.727 2 301.197 -250
840 274.978 186.727 2 300.846 -88.9858
841 284.978 186.727 2 300.826 -91.609
842 294.978 186.727 2 301.14 -99.4515
843 304.978 186.727 2 301.784 -124.179
844 314.978 186.727 2 302.757 -121.413
845 324.978 186.727 2 304.057 -122.843
846 334.978 186.727 2 305.678 -250
847 344.978 186.727 2 307.616 -250
848 354.978 186.727 2 309.864 -250
849 364.978 186.727 2 312.417 -250
850 374.978 186.727 2 315.266 -250
851 384.978 186.727 2 318.404 -99.1407
852 394.978 186.727 2 321.823 -102.524
853 404.978 186.727 2 325.512 -99.463
854 414.978 186.727 2 329.464 -102.205
855 424.978 186.727 2 333.669 -95.5137
856 434.978 186.727 2 338.118 -94.5768
857 444.978 186.727 2 342.801 -250
858 454.978 186.727 2 347.708 -250
859 464.978 186.727 2 352.83 -250
860 474.978 186.727 2 358.159 -128.704
861 484.978 186.727 2 363.684 -105.469
862 84.9784 196.727 2 350.605 -104.877
863 94.9784 196.727 2 345.127 -111.969
864 104.978 196.727 2 339.854 -101.352
865 114.978 196.727 2 334.798 -97.8435
866 124.978 196.727 2 329.966 -97.4462
867 134.978 196.727 2 325.371 -104.602
868 144.978 196.727 2 321.022 -90.3429
869 154.978 196.727 2 316.928 -90.8166
870 164.978 196.727 2 313.1 -89.3604
871 174.978 196.727 2 309.548 -89.5131
872 184.978 196.727 2 306.282 -88.5982
873 194.978 196.727 2 303.31 -88.1628
874 204.978 196.727 2 300.642 -87.3539
875 214.978 196.727 2 298.285 -89.7422
876 224.978 196.727 2 296.248 -250
877 234.978 196.727 2 294.535 -95.692
878 244.978 196.727 2 293.155 -92.1058
879 254.978 196.727 2 292.11 -97.9367
880 264.978 196.727 2 291.405 -90.915
881 274.978 196.727 2 291.041 -89.8958
882 284.978 196.727 2 291.022 -89.4035
883 294.978 196.727 2 291.345 -108.63
884 304.978 196.727 2 292.011 -138.787
885 314.978 196.727 2 293.017 -124.722
886 324.978 196.727 2 294.359 -122.124
887 334.978 196.727 2 296.034 -250
888 344.978 196.727 2 298.034 -250
889 354.978 196.727 2 300.355 -111.731
890 364.978 196.727 2 302.987 -102.868
891 374.978 196.727 2 305.925 -96.1607
892 384.978 196.727 2 309.158 -104.581
893 394.978 196.727 2 312.677 -105.91
894 404.978 196.727 2 316.473 -108.009
895 414.978 196.727 2 320.537 -111.383
896 424.978 196.727 2 324.857 -250
897 434.978 196.727 2 329.425 -250
898 444.978 196.727 2 334.229 -250
899 454.978 196.727 2 339.261 -250
900 464.978 196.727 2 344.509 -250
901 474.978 196.727 2 349.964 -118.75
902 484.978 196.727 2 355.617 -105.781
903 84.9784 206.727 2 342.521 -102.161
904 94.9784 206.727 2 336.912 -116.547
905 104.978 206.727 2 331.509 -105.173
906 114.978 206.727 2 326.323 -155.91
907 124.978 206.727 2 321.364 -250
908 134.978 206.727 2 316.644 -99.4781
909 144.978 206.727 2 312.173 -104.749
910 154.978 206.727 2 307.962 -94.1018
911 164.978 206.727 2 304.021 -89.78
912 174.978 206.727 2 300.362 -90.2439
913 184.978 206.727 2 296.995 -87.2426
914 194.978 206.727 2 293.929 -86.9478
915 204.978 206.727 2 291.175 -89.5189
916 214.978 206.727 2 288.741 -88.1865
917 224.978 206.727 2 286.635 -88.3059
918 234.978 206.727 2 284.865 -106.055
919 244.978 206.727 2 283.437 -94.4582
920 254.978 206.727 2 282.356 -96.466
921 264.978 206.727 2 281.627 -108.278
922 274.978 206.727 2 281.251 -90.484
923 284.978 206.727 2 281.23 -89.2009
924 294.978 206.727 2 281.565 -110.701
925 304.978 206.727 2 282.254 -127.636
926 314.978 206.727 2 283.295 -137.881
927 324.978 206.727 2 284.683 -121.006
928 334.978 206.727 2 286.414 -250
929 344.978 206.727 2 288.481 -250
930 354.978 206.727 2 290.878 -111.592
931 364.978 206.727 2 293.596 -102.417
932 374.978 206.727 2 296.626 -109.811
933 384.978 206.727 2 299.959 -112.321
934 394.978 206.727 2 303.585 -104.888
935 404.978 206.727 2 307.494 -116.676
936 414.978 206.727 2 311.674 -105.345
937 424.978 206.727 2 316.116 -250
938 434.978 206.727 2 320.808 -250
939 444.978 206.727 2 325.74 -250
940 454.978 206.727 2 330.9 -250
941 464.978 206.727 2 336.279 -250
942 474.978 206.727 2 341.865 -120.727
943 484.978 206.727 2 347.65 -109.981
944 84.9784 216.727 2 334.541 -95.8491
945 94.9784 216.727 2 328.795 -119.868
946 104.978 216.727 2 323.257 -111.907
947 114.978 216.727 2 317.936 -250
948 124.978 216.727 2 312.845 -250
949 134.978 216.727 2 307.994 -95.3309
950 144.978 216.727 2 303.396 -95.2245
951 154.978 216.727 2 299.061 -87.573
952 164.978 216.727 2 295.001 -88.3214
953 174.978 216.727 2 291.229 -87.9849
954 184.978 216.727 2 287.755 -87.5344
955 194.978 216.727 2 284.59 -88.6246
956 204.978 216.727 2 281.744 -88.3146
957 214.978 216.727 2 279.228 -89.7894
958 224.978 216.727 2 277.05 -88.1513
959 234.978 216.727 2 275.218 -94.6038
960 244.978 216.727 2 273.74 -96.8167
961 254.978 216.727 2 272.621 -97.4572
962 264.978 216.727 2 271.865 -96.3164
963 274.978 216.727 2 271.476 -90.6562
964 284.978 216.727 2 271.455 -90.4882
965 294.978 216.727 2 271.802 -250
966 304.978 216.727 2 272.515 -250
967 314.978 216.727 2 273.593 -250
968 324.978 216.727 2 275.03 -250
969 334.978 216.727 2 276.821 -250
970 344.978 216.727 2 278.96 -250
971 354.978 216.727 2 281.437 -121.879
972 364.978 216.727 2 284.245 -109.813
973 374.978 216.727 2 287.374 -97.2114
974 384.978 216.727 2 290.813 -102.967
975 394.978 216.727 2 294.552 -104.421
976 404.978 216.727 2 298.579 -100.989
977 414.978 216.727 2 302.883 -101.572
978 424.978 216.727 2 307.451 -250
979 434.978 216.727 2 312.274 -250
980 444.978 216.727 2 317.338 -250
981 454.978 216.727 2 322.633 -250
982 464.978 216.727 2 328.147 -250
983 474.978 216.727 2 333.869 -117.817
984 484.978 216.727 2 339.79 -119.255
985 84.9784 226.727 2 326.673 -95.584
986 94.9784 226.727 2 320.786 -107.669
987 104.978 226.727 2 315.106 -250
988 114.978 226.727 2 309.646 -250
989 124.978 226.727 2 304.416 -250
990 134.978 226.727 2 299.428 -102.133
991 144.978 226.727 2 294.696 -99.812
992 154.978 226.727 2 290.232 -100.405
993 164.978 226.727 2 286.047 -89.7164
994 174.978 226.727 2 282.155 -89.8145
995 184.978 226.727 2 278.567 -88.3152
996 194.978 226.727 2 275.297 -87.6713
997 204.978 226.727 2 272.354 -86.4479
998 214.978 226.727 2 269.75 -89.1714
999 224.978 226.727 2 267.495 -87.5174
1000 234.978 226.727 2 265.598 -97.3212
1001 244.978 226.727 2 264.066 -97.9744
1002 254.978 226.727 2 262.905 -97.6594
1003 264.978 226.727 2 262.121 -100.14
1004 274.978 226.727 2 261.718 -87.9037
1005 284.978 226.727 2 261.696 -88.527
1006 294.978 226.727 2 262.056 -250
1007 304.978 226.727 2 262.796 -250
1008 314.978 226.727 2 263.913 -250
1009 324.978 226.727 2 265.403 -250
1010 334.978 226.727 2 267.258 -250
1011 344.978 226.727 2 269.473 -250
1012 354.978 226.727 2 272.037 -126.507
1013 364.978 226.727 2 274.941 -105.742
1014 374.978 226.727 2 278.174 -111.408
1015 384.978 226.727 2 281.726 -98.3869
1016 394.978 226.727 2 285.583 -112.611
1017 404.978 226.727 2 289.735 -108.315
1018 414.978 226.727 2 294.168 -118.932
1019 424.978 226.727 2 298.87 -250
1020 434.978 226.727 2 303.829 -250
1021 444.978 226.727 2 309.031 -250
1022 454.978 226.727 2 314.466 -250
1023 464.978 226.727 2 320.121 -250
1024 474.978 226.727 2 325.984 -112.404
1025 484.978 226.727 2 332.046 -116.899
1026 84.9784 236.727 2 318.923 -94.9694
1027 94.9784 236.727 2 312.891 -101.61
1028 104.978 236.727 2 307.065 -109.102
1029 114.978 236.727 2 301.459 -118.118
1030 124.978 236.727 2 296.084 -250
1031 134.978 236.727 2 290.954 -110.49
1032 144.978 236.727 2 286.082 -103.331
1033 154.978 236.727 2 281.481 -103.048
1034 164.978 236.727 2 277.164 -87.4668
1035 174.978 236.727 2 273.145 -87.6601
1036 184.978 236.727 2 269.438 -96.7463
1037 194.978 236.727 2 266.055 -87.3585
1038 204.978 236.727 2 263.009 -88.6845
1039 214.978 236.727 2 260.312 -89.0409
1040 224.978 236.727 2 257.974 -84.9333
1041 234.978 236.727 2 256.006 -96.5408
1042 244.978 236.727 2 254.416 -96.5739
1043 254.978 236.727 2 253.212 -97.295
1044 264.978 236.727 2 252.398 -100.298
1045 274.978 236.727 2 251.978 -86.4377
1046 284.978 236.727 2 251.956 -89.0789
1047 294.978 236.727 2 252.329 -250
1048 304.978 236.727 2 253.098 -250
1049 314.978 236.727 2 254.258 -250
1050 324.978 236.727 2 255.804 -250
1051 334.978 236.727 2 257.729 -250
1052 344.978 236.727 2 260.024 -250
1053 354.978 236.727 2 262.68 -110.67
1054 364.978 236.727 2 265.687 -118.554
1055 374.978 236.727 2 269.032 -106.762
1056 384.978 236.727 2 272.702 -95.9756
1057 394.978 236.727 2 276.686 -106.691
1058 404.978 236.727 2 280.969 -102.699
1059 414.978 236.727 2 285.538 -250
1060 424.978 236.727 2 290.38 -250
1061 434.978 236.727 2 295.481 -250
1062 444.978 236.727 2 300.828 -250
1063 454.978 236.727 2 306.408 -250
1064 464.978 236.727 2 312.209 -250
1065 474.978 236.727 2 318.218 -115.175
1066 484.978 236.727 2 324.425 -112.66
1067 84.9784 246.727 2 311.302 -95.0052
1068 94.9784 246.727 2 305.119 -104.673
1069 104.978 246.727 2 299.142 -108.808
1070 114.978 246.727 2 293.384 -113.875
1071 124.978 246.727 2 287.859 -117.338
1072 134.978 246.727 2 282.58 -116.902
1073 144.978 246.727 2 277.561 -124.129
1074 154.978 246.727 2 272.816 -107.794
1075 164.978 246.727 2 268.36 -100.863
1076 174.978 246.727 2 264.207 -90.1142
1077 184.978 246.727 2 260.372 -83.5823
1078 194.978 246.727 2 256.87 -88.9409
1079 204.978 246.727 2 253.714 -86.0765
1080 214.978 246.727 2 250.917 -90.2782
1081 224.978 246.727 2 248.491 -87.7002
1082 234.978 246.727 2 246.447 -95.0699
1083 244.978 246.727 2 244.795 -98.5675
1084 254.978 246.727 2 243.543 -97.2428
1085 264.978 246.727 2 242.697 -98.4849
1086 274.978 246.727 2 242.261 -85.9095
1087 284.978 246.727 2 242.237 -86.3247
1088 294.978 246.727 2 242.626 -90.155
1089 304.978 246.727 2 243.425 -121.428
1090 314.978 246.727 2 244.631 -120.312
1091 324.978 246.727 2 246.237 -118.148
1092 334.978 246.727 2 248.236 -113.224
1093 344.978 246.727 2 250.618 -117.339
1094 354.978 246.727 2 253.373 -111.325
1095 364.978 246.727 2 256.489 -111.093
1096 374.978 246.727 2 259.952 -110.456
1097 384.978 246.727 2 263.749 -96.6048
1098 394.978 246.727 2 267.866 -100.616
1099 404.978 246.727 2 272.287 -105.866
1100 414.978 246.727 2 277 -120.343
1101 424.978 246.727 2 281.988 -110.324
1102 434.978 246.727 2 287.238 -121.564
1103 444.978 246.727 2 292.736 -124.236
1104 454.978 246.727 2 298.468 -119.047
1105 464.978 246.727 2 304.42 -114.58
1106 474.978 246.727 2 310.58 -110.301
1107 484.978 246.727 2 316.936 -119.406
1108 84.9784 256.727 2 303.819 -94.982
1109 94.9784 256.727 2 297.48 -102.601
1110 104.978 256.727 2 291.347 -112.332
1111 114.978 256.727 2 285.432 -114.505
1112 124.978 256.727 2 279.75 -133.422
1113 134.978 256.727 2 274.314 -111.261
1114 144.978 256.727 2 269.141 -106.859
1115 154.978 256.727 2 264.245 -114.712
1116 164.978 256.727 2 259.642 -100.207
1117 174.978 256.727 2 255.348 -90.8431
1118 184.978 256.727 2 251.378 -85.0463
1119 194.978 256.727 2 247.749 -88.0287
1120 204.978 256.727 2 244.475 -86.3565
1121 214.978 256.727 2 241.57 -85.7062
1122 224.978 256.727 2 239.05 -86.5414
1123 234.978 256.727 2 236.925 -101.219
1124 244.978 256.727 2 235.206 -94.6669
1125 254.978 256.727 2 233.902 -96.2159
1126 264.978 256.727 2 233.021 -96.0758
1127 274.978 256.727 2 232.567 -84.1407
1128 284.978 256.727 2 232.542 -89.6037
1129 294.978 256.727 2 232.947 -97.0911
1130 304.978 256.727 2 233.779 -113.823
1131 314.978 256.727 2 235.034 -117.798
1132 324.978 256.727 2 236.706 -133.795
1133 334.978 256.727 2 238.785 -113.983
1134 344.978 256.727 2 241.26 -123.808
1135 354.978 256.727 2 244.121 -111.74
1136 364.978 256.727 2 247.353 -114.046
1137 374.978 256.727 2 250.942 -121.82
1138 384.978 256.727 2 254.873 -101.14
1139 394.978 256.727 2 259.131 -95.4544
1140 404.978 256.727 2 263.7 -117.52
1141 414.978 256.727 2 268.563 -120.41
1142 424.978 256.727 2 273.705 -130.241
1143 434.978 256.727 2 279.111 -112.142
1144 444.978 256.727 2 284.766 -106.115
1145 454.978 256.727 2 290.654 -116.581
1146 464.978 256.727 2 296.763 -122.725
1147 474.978 256.727 2 303.079 -120.447
1148 484.978 256.727 2 309.589 -119.477
1149 84.9784 266.727 2 296.484 -92.2273
1150 94.9784 266.727 2 289.985 -101.125
1151 104.978 266.727 2 283.69 -108.05
1152 114.978 266.727 2 277.612 -117.464
1153 124.978 266.727 2 271.766 -110.166
1154 134.978 266.727 2 266.168 -250
1155 144.978 266.727 2 260.833 -250
1156 154.978 266.727 2 255.778 -250
1157 164.978 266.727 2 251.02 -250
1158 174.978 266.727 2 246.575 -82.6795
1159 184.978 266.727 2 242.462 -90.0233
1160 194.978 266.727 2 238.697 -85.5173
1161 204.978 266.727 2 235.297 -90.0533
1162 214.978 266.727 2 232.279 -85.8945
1163 224.978 266.727 2 229.656 -87.2198
1164 234.978 266.727 2 227.443 -96.9809
1165 244.978 266.727 2 225.652 -250
1166 254.978 266.727 2 224.293 -250
1167 264.978 266.727 2 223.374 -250
1168 274.978 266.727 2 222.9 -83.8281
1169 284.978 266.727 2 222.874 -88.6935
1170 294.978 266.727 2 223.296 -250
1171 304.978 266.727 2 224.164 -250
1172 314.978 266.727 2 225.473 -250
1173 324.978 266.727 2 227.215 -250
1174 334.978 266.727 2 229.38 -250
1175 344.978 266.727 2 231.956 -250
1176 354.978 266.727 2 234.93 -250
1177 364.978 266.727 2 238.287 -250
1178 374.978 266.727 2 242.01 -250
1179 384.978 266.727 2 246.084 -250
1180 394.978 266.727 2 250.492 -250
1181 404.978 266.727 2 255.215 -250
1182 414.978 266.727 2 260.236 -250
1183 424.978 266.727 2 265.54 -250
1184 434.978 266.727 2 271.109 -250
1185 444.978 266.727 2 276.927 -250
1186 454.978 266.727 2 282.979 -250
1187 464.978 266.727 2 289.25 -250
1188 474.978 266.727 2 295.726 -117.534
1189 484.978 266.727 2 302.394 -120.618
1190 84.9784 276.727 2 289.31 -96.3502
1191 94.9784 276.727 2 282.646 -100.676
1192 104.978 276.727 2 276.183 -103.904
1193 114.978 276.727 2 269.936 -115.569
1194 124.978 276.727 2 263.92 -125.666
1195 134.978 276.727 2 258.152 -250
1196 144.978 276.727 2 252.648 -250
1197 154.978 276.727 2 247.426 -250
1198 164.978 276.727 2 242.503 -250
1199 174.978 276.727 2 237.9 -95.0756
1200 184.978 276.727 2 233.634 -92.8928
1201 194.978 276.727 2 229.725 -85.8677
1202 204.978 276.727 2 226.19 -87.8308
1203 214.978 276.727 2 223.048 -87.7006
1204 224.978 276.727 2 220.315 -88.3048
1205 234.978 276.727 2 218.008 -99.5996
1206 244.978 276.727 2 216.138 -250
1207 254.978 276.727 2 214.719 -250
1208 264.978 276.727 2 213.759 -250
1209 274.978 276.727 2 213.263 -82.1389
1210 284.978 276.727 2 213.236 -84.2017
1211 294.978 276.727 2 213.678 -250
1212 304.978 276.727 2 214.585 -250
1213 314.978 276.727 2 215.952 -250
1214 324.978 276.727 2 217.77 -250
1215 334.978 276.727 2 220.028 -250
1216 344.978 276.727 2 222.712 -250
1217 354.978 276.727 2 225.808 -250
1218 364.978 276.727 2 229.298 -250
1219 374.978 276.727 2 233.165 -250
1220 384.978 276.727 2 237.391 -250
1221 394.978 276.727 2 241.957 -250
1222 404.978 276.727 2 246.843 -250
1223 414.978 276.727 2 252.032 -250
1224 424.978 276.727 2 257.504 -250
1225 434.978 276.727 2 263.243 -250
1226 444.978 276.727 2 269.231 -250
1227 454.978 276.727 2 275.452 -250
1228 464.978 276.727 2 281.891 -250
1229 474.978 276.727 2 288.532 -130.875
1230 484.978 276.727 2 295.363 -117.759
1231 84.9784 286.727 2 282.307 -111.019
1232 94.9784 286.727 2 275.473 -100.398
1233 104.978 286.727 2 268.838 -104.921
1234 114.978 286.727 2 262.417 -123.418
1235 124.978 286.727 2 256.225 -128.338
1236 134.978 286.727 2 250.279 -250
1237 144.978 286.727 2 244.598 -250
1238 154.978 286.727 2 239.2 -250
1239 164.978 286.727 2 234.105 -250
1240 174.978 286.727 2 229.333 -82.1604
1241 184.978 286.727 2 224.904 -83.7587
1242 194.978 286.727 2 220.84 -86.7584
1243 204.978 286.727 2 217.161 -86.3065
1244 214.978 286.727 2 213.886 -84.8908
1245 224.978 286.727 2 211.035 -88.2183
1246 234.978 286.727 2 208.625 -102.49
1247 244.978 286.727 2 206.671 -250
1248 254.978 286.727 2 205.186 -250
1249 264.978 286.727 2 204.181 -250
1250 274.978 286.727 2 203.662 -85.386
1251 284.978 286.727 2 203.634 -88.2845
1252 294.978 286.727 2 204.096 -250
1253 304.978 286.727 2 205.046 -250
1254 314.978 286.727 2 206.476 -250
1255 324.978 286.727 2 208.376 -250
1256 334.978 286.727 2 210.735 -250
1257 344.978 286.727 2 213.536 -250
1258 354.978 286.727 2 216.763 -250
1259 364.978 286.727 2 220.396 -250
1260 374.978 286.727 2 224.417 -250
1261 384.978 286.727 2 228.805 -250
1262 394.978 286.727 2 233.538 -250
1263 404.978 286.727 2 238.597 -250
1264 414.978 286.727 2 243.961 -250
1265 424.978 286.727 2 249.611 -250
1266 434.978 286.727 2 255.527 -250
1267 444.978 286.727 2 261.692 -250
1268 454.978 286.727 2 268.088 -250
1269 464.978 286.727 2 274.699 -250
1270 474.978 286.727 2 281.51 -120.646
1271 484.978 286.727 2 288.507 -119.525
1272 84.9784 296.727 2 275.489 -96.5873
1273 94.9784 296.727 2 268.482 -93.8324
1274 104.978 296.727 2 261.67 -110.032
1275 114.978 296.727 2 255.068 -124.072
1276 124.978 296.727 2 248.693 -125.553
1277 134.978 296.727 2 242.562 -250
1278 144.978 296.727 2 236.696 -250
1279 154.978 296.727 2 231.114 -250
1280 164.978 296.727 2 225.836 -250
1281 174.978 296.727 2 220.886 -88.1648
1282 184.978 296.727 2 216.284 -81.9494
1283 194.978 296.727 2 212.055 -85.4262
1284 204.978 296.727 2 208.221 -83.2238
1285 214.978 296.727 2 204.803 -86.0294
1286 224.978 296.727 2 201.824 -92.9478
1287 234.978 296.727 2 199.302 -94.465
1288 244.978 296.727 2 197.256 -250
1289 254.978 296.727 2 195.7 -250
1290 264.978 296.727 2 194.645 -250
1291 274.978 296.727 2 194.101 -88.4132
1292 284.978 296.727 2 194.072 -84.0846
1293 294.978 296.727 2 194.557 -250
1294 304.978 296.727 2 195.552 -250
1295 314.978 296.727 2 197.051 -250
1296 324.978 296.727 2 199.042 -88.341
1297 334.978 296.727 2 201.51 -123.673
1298 344.978 296.727 2 204.437 -109.947
1299 354.978 296.727 2 207.806 -110.056
1300 364.978 296.727 2 211.593 -119.597
1301 374.978 296.727 2 215.778 -113.649
1302 384.978 296.727 2 220.337 -126.198
1303 394.978 296.727 2 225.249 -143.089
1304 404.978 296.727 2 230.49 -129.623
1305 414.978 296.727 2 236.038 -134.47
1306 424.978 296.727 2 241.873 -128.678
1307 434.978 296.727 2 247.974 -250
1308 444.978 296.727 2 254.322 -250
1309 454.978 296.727 2 260.898 -250
1310 464.978 296.727 2 267.687 -250
1311 474.978 296.727 2 274.672 -118.745
1312 484.978 296.727 2 281.839 -118.822
1313 84.9784 306.727 2 268.87 -103.348
1314 94.9784 306.727 2 261.686 -109.988
1315 104.978 306.727 2 254.692 -113.351
1316 114.978 306.727 2 247.904 -112.555
1317 124.978 306.727 2 241.34 -140.701
1318 134.978 306.727 2 235.018 -250
1319 144.978 306.727 2 228.959 -250
1320 154.978 306.727 2 223.183 -250
1321 164.978 306.727 2 217.713 -250
1322 174.978 306.727 2 212.573 -84.3371
1323 184.978 306.727 2 207.788 -87.328
1324 194.978 306.727 2 203.382 -87.5364
1325 204.978 306.727 2 199.381 -85.0271
1326 214.978 306.727 2 195.81 -89.216
1327 224.978 306.727 2 192.691 -85.4012
1328 234.978 306.727 2 190.048 -88.3945
1329 244.978 306.727 2 187.901 -250
1330 254.978 306.727 2 186.267 -250
1331 264.978 306.727 2 185.159 -250
1332 274.978 306.727 2 184.587 -83.1595
1333 284.978 306.727 2 184.556 -85.6697
1334 294.978 306.727 2 185.066 -250
1335 304.978 306.727 2 186.112 -250
1336 314.978 306.727 2 187.686 -250
1337 324.978 306.727 2 189.775 -101.668
1338 334.978 306.727 2 192.362 -250
1339 344.978 306.727 2 195.427 -250
1340 354.978 306.727 2 198.948 -250
1341 364.978 306.727 2 202.901 -111.784
1342 374.978 306.727 2 207.261 -250
1343 384.978 306.727 2 212.004 -250
1344 394.978 306.727 2 217.104 -250
1345 404.978 306.727 2 222.537 -250
1346 414.978 306.727 2 228.278 -250
1347 424.978 306.727 2 234.306 -250
1348 434.978 306.727 2 240.599 -250
1349 444.978 306.727 2 247.137 -250
1350 454.978 306.727 2 253.9 -250
1351 464.978 306.727 2 260.871 -250
1352 474.978 306.727 2 268.033 -115.233
1353 484.978 306.727 2 275.373 -113.724
1354 84.9784 316.727 2 262.466 -105.865
1355 94.9784 316.727 2 255.101 -116.172
1356 104.978 316.727 2 247.922 -114.458
1357 114.978 316.727 2 240.943 -108.136
1358 124.978 316.727 2 234.184 -109.758
1359 134.978 316.727 2 227.663 -250
1360 144.978 316.727 2 221.402 -250
1361 154.978 316.727 2 215.424 -250
1362 164.978 316.727 2 209.752 -250
1363 174.978 316.727 2 204.413 -89.3525
1364 184.978 316.727 2 199.432 -86.8396
1365 194.978 316.727 2 194.837 -89.0959
1366 204.978 316.727 2 190.657 -81.3243
1367 214.978 316.727 2 186.918 -82.6531
1368 224.978 316.727 2 183.649 -85.2325
1369 234.978 316.727 2 180.874 -88.7235
1370 244.978 316.727 2 178.617 -250
1371 254.978 316.727 2 176.896 -250
1372 264.978 316.727 2 175.729 -250
1373 274.978 316.727 2 175.127 -85.0285
1374 284.978 316.727 2 175.094 -84.676
1375 294.978 316.727 2 175.631 -250
1376 304.978 316.727 2 176.734 -250
1377 314.978 316.727 2 178.391 -250
1378 324.978 316.727 2 180.587 -91.7603
1379 334.978 316.727 2 183.304 -250
1380 344.978 316.727 2 186.517 -250
1381 354.978 316.727 2 190.203 -250
1382 364.978 316.727 2 194.334 -103.447
1383 374.978 316.727 2 198.882 -250
1384 384.978 316.727 2 203.82 -250
1385 394.978 316.727 2 209.12 -250
1386 404.978 316.727 2 214.755 -250
1387 414.978 316.727 2 220.699 -250
1388 424.978 316.727 2 226.928 -250
1389 434.978 316.727 2 233.42 -250
1390 444.978 316.727 2 240.153 -250
1391 454.978 316.727 2 247.107 -250
1392 464.978 316.727 2 254.265 -250
1393 474.978 316.727 2 261.608 -118.477
1394 484.978 316.727 2 269.123 -120.647
1395 84.9784 326.727 2 256.291 -124.273
1396 94.9784 326.727 2 248.744 -118.107
1397 104.978 326.727 2 241.375 -112.692
1398 114.978 326.727 2 234.202 -114.801
1399 124.978 326.727 2 227.242 -127.775
1400 134.978 326.727 2 220.517 -129.967
1401 144.978 326.727 2 214.047 -99.0437
1402 154.978 326.727 2 207.857 -99.1411
1403 164.978 326.727 2 201.973 -90.7168
1404 174.978 326.727 2 196.422 -87.1755
1405 184.978 326.727 2 191.233 -83.2502
1406 194.978 326.727 2 186.436 -93.4363
1407 204.978 326.727 2 182.063 -85.474
1408 214.978 326.727 2 178.144 -88.4341
1409 224.978 326.727 2 174.711 -81.8026
1410 234.978 326.727 2 171.792 -88.9966
1411 244.978 326.727 2 169.413 -105.803
1412 254.978 326.727 2 167.599 -91.5711
1413 264.978 326.727 2 166.367 -101.705
1414 274.978 326.727 2 165.73 -83.3418
1415 284.978 326.727 2 165.695 -85.2055
1416 294.978 326.727 2 166.263 -84.7792
1417 304.978 326.727 2 167.427 -84.6184
1418 314.978 326.727 2 169.175 -88.1729
1419 324.978 326.727 2 171.49 -81.3593
1420 334.978 326.727 2 174.348 -101.206
1421 344.978 326.727 2 177.724 -109.766
1422 354.978 326.727 2 181.588 -104.814
1423 364.978 326.727 2 185.91 -103.391
1424 374.978 326.727 2 190.66 -113.534
1425 384.978 326.727 2 195.805 -114.983
1426 394.978 326.727 2 201.316 -115.787
1427 404.978 326.727 2 207.163 -127.723
1428 414.978 326.727 2 213.319 -127.725
1429 424.978 326.727 2 219.758 -118.674
1430 434.978 326.727 2 226.455 -113.011
1431 444.978 326.727 2 233.389 -105.522
1432 454.978 326.727 2 240.539 -124.715
1433 464.978 326.727 2 247.886 -122.242
1434 474.978 326.727 2 255.413 -113.731
1435 484.978 326.727 2 263.105 -114.811
1436 84.9784 336.727 2 250.364 -131.167
1437 94.9784 336.727 2 242.633 -143.692
1438 104.978 336.727 2 235.073 -126.901
1439 114.978 336.727 2 227.701 -120.393
1440 124.978 336.727 2 220.536 -110.052
1441 134.978 336.727 2 213.599 -110.034
1442 144.978 336.727 2 206.913 -116.038
1443 154.978 336.727 2 200.503 -94.3294
1444 164.978 336.727 2 194.397 -118.137
1445 174.978 336.727 2 188.623 -103.827
1446 184.978 336.727 2 183.213 -93.7801
1447 194.978 336.727 2 178.201 -86.1743
1448 204.978 336.727 2 173.62 -85.0654
1449 214.978 336.727 2 169.506 -91.2268
1450 224.978 336.727 2 165.894 -87.051
1451 234.978 336.727 2 162.817 -87.8335
1452 244.978 336.727 2 160.306 -91.5717
1453 254.978 336.727 2 158.387 -115.958
1454 264.978 336.727 2 157.082 -92.9567
1455 274.978 336.727 2 156.408 -89.355
1456 284.978 336.727 2 156.371 -82.9135
1457 294.978 336.727 2 156.972 -81.392
1458 304.978 336.727 2 158.205 -80.8133
1459 314.978 336.727 2 160.054 -79.2913
1460 324.978 336.727 2 162.498 -81.7349
1461 334.978 336.727 2 165.512 -92.559
1462 344.978 336.727 2 169.064 -117.582
1463 354.978 336.727 2 173.122 -115.256
1464 364.978 336.727 2 177.65 -112.211
1465 374.978 336.727 2 182.615 -115.819
1466 384.978 336.727 2 187.98 -107.332
1467 394.978 336.727 2 193.714 -119.818
1468 404.978 336.727 2 199.784 -111.576
1469 414.978 336.727 2 206.16 -115.55
1470 424.978 336.727 2 212.816 -119.353
1471 434.978 336.727 2 219.725 -108.255
1472 444.978 336.727 2 226.865 -119.473
1473 454.978 336.727 2 234.214 -128.088
1474 464.978 336.727 2 241.753 -114.937
1475 474.978 336.727 2 249.465 -116.299
1476 484.978 336.727 2 257.335 -118.754
1477 84.9784 346.727 2 244.702 -119.12
1478 94.9784 346.727 2 236.786 -133.582
1479 104.978 346.727 2 229.033 -153
1480 114.978 346.727 2 221.46 -250
1481 124.978 346.727 2 214.087 -250
1482 134.978 346.727 2 206.934 -250
1483 144.978 346.727 2 200.025 -250
1484 154.978 346.727 2 193.387 -250
1485 164.978 346.727 2 187.048 -250
1486 174.978 346.727 2 181.04 -250
1487 184.978 346.727 2 175.397 -98.6322
1488 194.978 346.727 2 170.154 -94.7312
1489 204.978 346.727 2 165.351 -107.176
1490 214.978 346.727 2 161.026 -99.1314
1491 224.978 346.727 2 157.219 -98.2371
1492 234.978 346.727 2 153.969 -83.8372
1493 244.978 346.727 2 151.311 -250
1494 254.978 346.727 2 149.276 -250
1495 264.978 346.727 2 147.891 -250
1496 274.978 346.727 2 147.175 -77.2991
1497 284.978 346.727 2 147.135 -81.2866
1498 294.978 346.727 2 147.775 -84.7059
1499 304.978 346.727 2 149.083 -80.2616
1500 314.978 346.727 2 151.044 -83.6542
1501 324.978 346.727 2 153.632 -91.2245
1502 334.978 346.727 2 156.816 -105.329
1503 344.978 346.727 2 160.561 -107.101
1504 354.978 346.727 2 164.828 -107.548
1505 364.978 346.727 2 169.578 -114.848
1506 374.978 346.727 2 174.772 -104.537
1507 384.978 346.727 2 180.371 -250
1508 394.978 346.727 2 186.339 -250
1509 404.978 346.727 2 192.641 -250
1510 414.978 346.727 2 199.246 -250
1511 424.978 346.727 2 206.125 -250
1512 434.978 346.727 2 213.251 -250
1513 444.978 346.727 2 220.6 -111.722
1514 454.978 346.727 2 228.151 -250
1515 464.978 346.727 2 235.885 -250
1516 474.978 346.727 2 243.783 -115.076
1517 484.978 346.727 2 251.83 -115.828
1518 84.9784 356.727 2 239.325 -125.577
1519 94.9784 356.727 2 231.224 -108.719
1520 104.978 356.727 2 223.278 -250
1521 114.978 356.727 2 215.503 -250
1522 124.978 356.727 2 207.919 -250
1523 134.978 356.727 2 200.546 -250
1524 144.978 356.727 2 193.409 -250
1525 154.978 356.727 2 186.536 -250
1526 164.978 356.727 2 179.956 -250
1527 174.978 356.727 2 173.703 -250
1528 184.978 356.727 2 167.813 -106.188
1529 194.978 356.727 2 162.325 -107.944
1530 204.978 356.727 2 157.283 -108.505
1531 214.978 356.727 2 152.73 -105.513
1532 224.978 356.727 2 148.711 -107.505
1533 234.978 356.727 2 145.27 -86.3918
1534 244.978 356.727 2 142.45 -250
1535 254.978 356.727 2 140.287 -250
1536 264.978 356.727 2 138.812 -250
1537 274.978 356.727 2 138.048 -80.0035
1538 284.978 356.727 2 138.007 -83.7684
1539 294.978 356.727 2 138.688 -83.1486
1540 304.978 356.727 2 140.082 -85.2855
1541 314.978 356.727 2 142.166 -83.4139
1542 324.978 356.727 2 144.913 -95.7774
1543 334.978 356.727 2 148.284 -95.7426
1544 344.978 356.727 2 152.239 -110.396
1545 354.978 356.727 2 156.733 -116.188
1546 364.978 356.727 2 161.721 -118.391
1547 374.978 356.727 2 167.159 -116.669
1548 384.978 356.727 2 173.005 -115.575
1549 394.978 356.727 2 179.218 -250
1550 404.978 356.727 2 185.762 -250
1551 414.978 356.727 2 192.604 -250
1552 424.978 356.727 2 199.711 -250
1553 434.978 356.727 2 207.058 -250
1554 444.978 356.727 2 214.62 -118.288
1555 454.978 356.727 2 222.374 -250
1556 464.978 356.727 2 230.301 -250
1557 474.978 356.727 2 238.384 -128.625
1558 484.978 356.727 2 246.608 -117.235
1559 84.9784 366.727 2 234.25 -135.468
1560 94.9784 366.727 2 225.968 -172.418
1561 104.978 366.727 2 217.831 -250
1562 114.978 366.727 2 209.854 -250
1563 124.978 366.727 2 202.057 -250
1564 134.978 366.727 2 194.462 -250
1565 144.978 366.727 2 187.094 -250
1566 154.978 366.727 2 179.979 -250
1567 164.978 366.727 2 173.15 -250
1568 174.978 366.727 2 166.642 -250
1569 184.978 366.727 2 160.493 -122.905
1570 194.978 366.727 2 154.747 -250
1571 204.978 366.727 2 149.449 -250
1572 214.978 366.727 2 144.65 -250
1573 224.978 366.727 2 140.399 -250
1574 234.978 366.727 2 136.75 -250
1575 244.978 366.727 2 133.75 -250
1576 254.978 366.727 2 131.444 -250
1577 264.978 366.727 2 129.869 -250
1578 274.978 366.727 2 129.052 -78.2187
1579 284.978 366.727 2 129.007 -85.1306
1580 294.978 366.727 2 129.736 -82.4228
1581 304.978 366.727 2 131.224 -87.3938
1582 314.978 366.727 2 133.448 -84.3752
1583 324.978 366.727 2 136.37 -101.505
1584 334.978 366.727 2 139.947 -108.285
1585 344.978 366.727 2 144.131 -107.363
1586 354.978 366.727 2 148.87 -131.635
1587 364.978 366.727 2 154.113 -116.076
1588 374.978 366.727 2 159.81 -116.39
1589 384.978 366.727 2 165.915 -116.263
1590 394.978 366.727 2 172.384 -250
1591 404.978 366.727 2 179.178 -250
1592 414.978 366.727 2 186.261 -250
1593 424.978 366.727 2 193.602 -250
1594 434.978 366.727 2 201.172 -250
1595 444.978 366.727 2 208.946 -128.453
1596 454.978 366.727 2 216.903 -250
1597 464.978 366.727 2 225.023 -250
1598 474.978 366.727 2 233.29 -123.721
1599 484.978 366.727 2 241.687 -134.775
1600 84.9784 376.727 2 229.5 -138.697
1601 94.9784 376.727 2 221.04 -165.798
1602 104.978 376.727 2 212.714 -250
1603 114.978 376.727 2 204.538 -250
1604 124.978 376.727 2 196.53 -250
1605 134.978 376.727 2 188.713 -250
1606 144.978 376.727 2 181.111 -250
1607 154.978 376.727 2 173.752 -250
1608 164.978 376.727 2 166.668 -250
1609 174.978 376.727 2 159.896 -250
1610 184.978 376.727 2 153.477 -105.562
1611 194.978 376.727 2 147.457 -250
1612 204.978 376.727 2 141.887 -250
1613 214.978 376.727 2 136.823 -250
1614 224.978 376.727 2 132.322 -250
1615 234.978 376.727 2 128.443 -250
1616 244.978 376.727 2 125.244 -250
1617 254.978 376.727 2 122.778 -250
1618 264.978 376.727 2 121.091 -250
1619 274.978 376.727 2 120.214 -75.4382
1620 284.978 376.727 2 120.166 -78.3344
1621 294.978 376.727 2 120.948 -80.7516
1622 304.978 376.727 2 122.543 -84.236
1623 314.978 376.727 2 124.921 -93.0016
1624 324.978 376.727 2 128.038 -106.563
1625 334.978 376.727 2 131.842 -115.591
1626 344.978 376.727 2 136.275 -122.421
1627 354.978 376.727 2 141.277 -109.707
1628 364.978 376.727 2 146.792 -114.433
1629 374.978 376.727 2 152.762 -111.842
1630 384.978 376.727 2 159.137 -250
1631 394.978 376.727 2 165.871 -250
1632 404.978 376.727 2 172.921 -250
1633 414.978 376.727 2 180.25 -250
1634 424.978 376.727 2 187.826 -250
1635 434.978 376.727 2 195.62 -250
1636 444.978 376.727 2 203.607 -250
1637 454.978 376.727 2 211.764 -250
1638 464.978 376.727 2 220.074 -250
1639 474.978 376.727 2 228.519 -135.745
1640 484.978 376.727 2 237.086 -122.266
1641 84.9784 386.727 2 225.094 -109.598
1642 94.9784 386.727 2 216.462 -119.363
1643 104.978 386.727 2 207.952 -174.939
1644 114.978 386.727 2 199.581 -250
1645 124.978 386.727 2 191.367 -250
1646 134.978 386.727 2 183.329 -250
1647 144.978 386.727 2 175.494 -250
1648 154.978 386.727 2 167.889 -250
1649 164.978 386.727 2 160.546 -250
1650 174.978 386.727 2 153.504 -250
1651 184.978 386.727 2 146.806 -113.022
1652 194.978 386.727 2 140.501 -250
1653 204.978 386.727 2 134.644 -250
1654 214.978 386.727 2 129.296 -250
1655 224.978 386.727 2 124.523 -250
1656 234.978 386.727 2 120.393 -250
1657 244.978 386.727 2 116.974 -250
1658 254.978 386.727 2 114.331 -250
1659 264.978 386.727 2 112.516 -250
1660 274.978 386.727 2 111.573 -82.7874
1661 284.978 386.727 2 111.521 -74.9238
1662 294.978 386.727 2 112.363 -78.424
1663 304.978 386.727 2 114.078 -83.4742
1664 314.978 386.727 2 116.629 -105.796
1665 324.978 386.727 2 119.962 -108.223
1666 334.978 386.727 2 124.013 -109.774
1667 344.978 386.727 2 128.716 -123.396
1668 354.978 386.727 2 134.001 -128.305
1669 364.978 386.727 2 139.803 -108.132
1670 374.978 386.727 2 146.059 -115.487
1671 384.978 386.727 2 152.715 -250
1672 394.978 386.727 2 159.719 -250
1673 404.978 386.727 2 167.029 -250
1674 414.978 386.727 2 174.606 -250
1675 424.978 386.727 2 182.416 -250
1676 434.978 386.727 2 190.431 -250
1677 444.978 386.727 2 198.627 -250
1678 454.978 386.727 2 206.981 -250
1679 464.978 386.727 2 215.475 -250
1680 474.978 386.727 2 224.094 -132.089
1681 484.978 386.727 2 232.823 -124.369
1682 84.9784 396.727 2 221.053 -122.136
1683 94.9784 396.727 2 212.256 -112.468
1684 104.978 396.727 2 203.571 -130.015
1685 114.978 396.727 2 195.012 -116.71
1686 124.978 396.727 2 186.596 -119.853
1687 134.978 396.727 2 178.344 -110.109
1688 144.978 396.727 2 170.28 -111.852
1689 154.978 396.727 2 162.431 -119.049
1690 164.978 396.727 2 154.829 -115.915
1691 174.978 396.727 2 147.515 -110.068
1692 184.978 396.727 2 140.532 -92.3441
1693 194.978 396.727 2 133.931 -105.117
1694 204.978 396.727 2 127.774 -97.0461
1695 214.978 396.727 2 122.125 -99.4504
1696 224.978 396.727 2 117.06 -100.65
1697 234.978 396.727 2 112.657 -107.403
1698 244.978 396.727 2 108.995 -250
1699 254.978 396.727 2 106.153 -250
1700 264.978 396.727 2 104.197 -250
1701 274.978 396.727 2 103.177 -83.957
1702 284.978 396.727 2 103.121 -80.7647
1703 294.978 396.727 2 104.031 -87.6316
1704 304.978 396.727 2 105.882 -76.6337
1705 314.978 396.727 2 108.625 -106.116
1706 324.978 396.727 2 112.196 -119.583
1707 334.978 396.727 2 116.518 -119.571
1708 344.978 396.727 2 121.511 -119.22
1709 354.978 396.727 2 127.096 -114.944
1710 364.978 396.727 2 133.198 -109.861
1711 374.978 396.727 2 139.751 -112.206
1712 384.978 396.727 2 146.693 -250
1713 394.978 396.727 2 153.972 -250
1714 404.978 396.727 2 161.542 -250
1715 414.978 396.727 2 169.364 -250
1716 424.978 396.727 2 177.405 -250
1717 434.978 396.727 2 185.637 -250
1718 444.978 396.727 2 194.035 -250
1719 454.978 396.727 2 202.579 -250
1720 464.978 396.727 2 211.25 -250
1721 474.978 396.727 2 220.034 -111.692
1722 484.978 396.727 2 228.918 -125.368
1723 84.9784 406.727 2 217.397 -120.916
1724 94.9784 406.727 2 208.446 -118.382
1725 104.978 406.727 2 199.595 -120.105
1726 114.978 406.727 2 190.858 -108.269
1727 124.978 406.727 2 182.25 -121.182
1728 134.978 406.727 2 173.792 -110.755
1729 144.978 406.727 2 165.506 -114.446
1730 154.978 406.727 2 157.419 -114.302
1731 164.978 406.727 2 149.563 -119.92
1732 174.978 406.727 2 141.978 -94.2513
1733 184.978 406.727 2 134.708 -90.9891
1734 194.978 406.727 2 127.807 -88.902
1735 204.978 406.727 2 121.339 -94.4939
1736 214.978 406.727 2 115.376 -91.2177
1737 224.978 406.727 2 110 -90.6748
1738 234.978 406.727 2 105.302 -116.579
1739 244.978 406.727 2 101.376 -95.6387
1740 254.978 406.727 2 98.3133 -86.7697
1741 264.978 406.727 2 96.1977 -86.708
1742 274.978 406.727 2 95.0919 -77.4776
1743 284.978 406.727 2 95.0313 -77.2928
1744 294.978 406.727 2 96.0179 -75.2215
1745 304.978 406.727 2 98.02 -91.1959
1746 314.978 406.727 2 100.977 -97.7802
1747 324.978 406.727 2 104.809 -100.835
1748 334.978 406.727 2 109.423 -103.069
1749 344.978 406.727 2 114.725 -99.6827
1750 354.978 406.727 2 120.625 -103.596
1751 364.978 406.727 2 127.039 -103.147
1752 374.978 406.727 2 133.893 -100.956
1753 384.978 406.727 2 141.123 -124.475
1754 394.978 406.727 2 148.675 -124.694
1755 404.978 406.727 2 156.502 -128.917
1756 414.978 406.727 2 164.564 -124.282
1757 424.978 406.727 2 172.829 -129.393
1758 434.978 406.727 2 181.268 -130.988
1759 444.978 406.727 2 189.86 -150.07
1760 454.978 406.727 2 198.583 -127.039
1761 464.978 406.727 2 207.421 -117.199
1762 474.978 406.727 2 216.361 -125.098
1763 484.978 406.727 2 225.39 -130.284
1764 84.9784 416.727 2 214.146 -118.245
1765 94.9784 416.727 2 205.053 -116.195
1766 104.978 416.727 2 196.049 -118.179
1767 114.978 416.727 2 187.146 -250
1768 124.978 416.727 2 178.36 -250
1769 134.978 416.727 2 169.708 -250
1770 144.978 416.727 2 161.212 -250
1771 154.978 416.727 2 152.898 -139.818
1772 164.978 416.727 2 144.797 -124.81
1773 174.978 416.727 2 136.948 -107.623
1774 184.978 416.727 2 129.395 -110.964
1775 194.978 416.727 2 122.195 -104.275
1776 204.978 416.727 2 115.413 -107.532
1777 214.978 416.727 2 109.127 -107.628
1778 224.978 416.727 2 103.427 -97.9017
1779 234.978 416.727 2 98.4153 -98.8727
1780 244.978 416.727 2 94.2022 -103.191
1781 254.978 416.727 2 90.8984 -99.1401
1782 264.978 416.727 2 88.6059 -103.606
1783 274.978 416.727 2 87.4042 -79.5913
1784 284.978 416.727 2 87.3383 -77.0966
1785 294.978 416.727 2 88.4107 -75.0747
1786 304.978 416.727 2 90.5811 -107.333
1787 314.978 416.727 2 93.7732 -99.3667
1788 324.978 416.727 2 97.8872 -100.782
1789 334.978 416.727 2 102.812 -108.471
1790 344.978 416.727 2 108.438 -102.932
1791 354.978 416.727 2 114.662 -101.593
1792 364.978 416.727 2 121.391 -103.293
1793 374.978 416.727 2 128.547 -102.074
1794 384.978 416.727 2 136.062 -139.813
1795 394.978 416.727 2 143.879 -135.49
1796 404.978 416.727 2 151.953 -144.733
1797 414.978 416.727 2 160.244 -134.085
1798 424.978 416.727 2 168.721 -136.931
1799 434.978 416.727 2 177.356 -128.783
1800 444.978 416.727 2 186.128 -132.115
1801 454.978 416.727 2 195.018 -144.434
1802 464.978 416.727 2 204.011 -121.046
1803 474.978 416.727 2 213.094 -118.407
1804 484.978 416.727 2 222.256 -124.442
1805 84.9784 426.727 2 211.318 -134.97
1806 94.9784 426.727 2 202.099 -157.749
1807 104.978 426.727 2 192.957 -160.45
1808 114.978 426.727 2 183.904 -250
1809 124.978 426.727 2 174.955 -250
1810 134.978 426.727 2 166.126 -250
1811 144.978 426.727 2 157.436 -250
1812 154.978 426.727 2 148.912 -136.239
1813 164.978 426.727 2 140.582 -250
1814 174.978 426.727 2 132.483 -250
1815 184.978 426.727 2 124.66 -250
1816 194.978 426.727 2 117.169 -250
1817 204.978 426.727 2 110.078 -250
1818 214.978 426.727 2 103.468 -250
1819 224.978 426.727 2 97.4377 -103.314
1820 234.978 426.727 2 92.1009 -250
1821 244.978 426.727 2 87.5846 -250
1822 254.978 426.727 2 84.0211 -250
1823 264.978 426.727 2 81.5354 -250
1824 274.978 426.727 2 80.2279 -75.7491
1825 284.978 426.727 2 80.1561 -82.0339
1826 294.978 426.727 2 81.3233 -80.6613
1827 304.978 426.727 2 83.6777 -250
1828 314.978 426.727 2 87.1231 -250
1829 324.978 426.727 2 91.5365 -250
1830 334.978 426.727 2 96.7854 -250
1831 344.978 426.727 2 102.742 -250
1832 354.978 426.727 2 109.29 -250
1833 364.978 426.727 2 116.331 -250
1834 374.978 426.727 2 123.779 -250
1835 384.978 426.727 2 131.567 -250
1836 394.978 426.727 2 139.636 -250
1837 404.978 426.727 2 147.942 -250
1838 414.978 426.727 2 156.446 -250
1839 424.978 426.727 2 165.117 -250
1840 434.978 426.727 2 173.932 -250
1841 444.978 426.727 2 182.868 -250
1842 454.978 426.727 2 191.909 -250
1843 464.978 426.727 2 201.041 -127.389
1844 474.978 426.727 2 210.253 -137.51
1845 484.978 426.727 2 219.533 -250
1846 84.9784 436.727 2 208.931 -151.591
1847 94.9784 436.727 2 199.602 -162.239
1848 104.978 436.727 2 190.34 -175.883
1849 114.978 436.727 2 181.157 -250
1850 124.978 436.727 2 172.065 -250
1851 134.978 436.727 2 163.079 -250
1852 144.978 436.727 2 154.218 -250
1853 154.978 436.727 2 145.505 -127.598
1854 164.978 436.727 2 136.968 -250
1855 174.978 436.727 2 128.642 -250
1856 184.978 436.727 2 120.57 -250
1857 194.978 436.727 2 112.808 -250
1858 204.978 436.727 2 105.424 -250
1859 214.978 436.727 2 98.502 -250
1860 224.978 436.727 2 92.1473 -120.392
1861 234.978 436.727 2 86.4847 -250
1862 244.978 436.727 2 81.6583 -250
1863 254.978 436.727 2 77.8239 -250
1864 264.978 436.727 2 75.1335 -250
1865 274.978 436.727 2 73.7125 -70.965
1866 284.978 436.727 2 73.6343 -96.7579
1867 294.978 436.727 2 74.9032 -70.8085
1868 304.978 436.727 2 77.4531 -250
1869 314.978 436.727 2 81.1632 -250
1870 324.978 436.727 2 85.8833 -250
1871 334.978 436.727 2 91.4572 -250
1872 344.978 436.727 2 97.739 -250
1873 354.978 436.727 2 104.601 -250
1874 364.978 436.727 2 111.937 -250
1875 374.978 436.727 2 119.659 -250
1876 384.978 436.727 2 127.698 -250
1877 394.978 436.727 2 135.997 -250
1878 404.978 436.727 2 144.512 -250
1879 414.978 436.727 2 153.207 -250
1880 424.978 436.727 2 162.052 -250
1881 434.978 436.727 2 171.024 -250
1882 444.978 436.727 2 180.105 -250
1883 454.978 436.727 2 189.278 -250
1884 464.978 436.727 2 198.531 -132.743
1885 474.978 436.727 2 207.854 -125.361
1886 484.978 436.727 2 217.236 -250
1887 84.9784 446.727 2 207.001 -146.19
1888 94.9784 446.727 2 197.58 -151.926
1889 104.978 446.727 2 188.219 -160.426
1890 114.978 446.727 2 178.927 -250
1891 124.978 446.727 2 169.715 -250
1892 134.978 446.727 2 160.598 -250
1893 144.978 446.727 2 151.592 -250
1894 154.978 446.727 2 142.719 -130.141
1895 164.978 446.727 2 134.005 -250
1896 174.978 446.727 2 125.482 -250
1897 184.978 446.727 2 117.193 -250
1898 194.978 446.727 2 109.191 -250
1899 204.978 446.727 2 101.544 -250
1900 214.978 446.727 2 94.338 -250
1901 224.978 446.727 2 87.682 -110.81
1902 234.978 446.727 2 81.7106 -250
1903 244.978 446.727 2 76.5839 -250
1904 254.978 446.727 2 72.4816 -250
1905 264.978 446.727 2 69.585 -250
1906 274.978 446.727 2 68.0481 -72.2926
1907 284.978 446.727 2 67.9634 -78.8198
1908 294.978 446.727 2 69.3362 -77.6809
1909 304.978 446.727 2 72.0832 -250
1910 314.978 446.727 2 76.0557 -250
1911 324.978 446.727 2 81.0738 -250
1912 334.978 446.727 2 86.9565 -250
1913 344.978 446.727 2 93.541 -250
1914 354.978 446.727 2 100.69 -250
1915 364.978 446.727 2 108.291 -250
1916 374.978 446.727 2 116.256 -250
1917 384.978 446.727 2 124.514 -250
1918 394.978 446.727 2 133.013 -250
1919 404.978 446.727 2 141.707 -250
1920 414.978 446.727 2 150.563 -250
1921 424.978 446.727 2 159.555 -250
1922 434.978 446.727 2 168.66 -250
1923 444.978 446.727 2 177.862 -250
1924 454.978 446.727 2 187.145 -250
1925 464.978 446.727 2 196.499 -123.594
1926 474.978 446.727 2 205.913 -140.198
1927 484.978 446.727 2 215.38 -250
1928 84.9784 456.727 2 205.539 -141.165
1929 94.9784 456.727 2 196.048 -150.376
1930 104.978 456.727 2 186.61 -153.55
1931 114.978 456.727 2 177.234 -250
1932 124.978 456.727 2 167.93 -250
1933 134.978 456.727 2 158.71 -250
1934 144.978 456.727 2 149.59 -250
1935 154.978 456.727 2 140.591 -126.263
1936 164.978 456.727 2 131.736 -250
1937 174.978 456.727 2 123.056 -250
1938 184.978 456.727 2 114.592 -250
1939 194.978 456.727 2 106.394 -250
1940 204.978 456.727 2 98.5302 -250
1941 214.978 456.727 2 91.0861 -250
1942 224.978 456.727 2 84.1734 -96.5254
1943 234.978 456.727 2 77.9335 -250
1944 244.978 456.727 2 72.5405 -250
1945 254.978 456.727 2 68.1953 -250
1946 264.978 456.727 2 65.1082 -250
1947 274.978 456.727 2 63.4631 -76.4872
1948 284.978 456.727 2 63.3723 -79.0457
1949 294.978 456.727 2 64.8424 -73.3421
1950 304.978 456.727 2 67.7718 -250
1951 314.978 456.727 2 71.9826 -250
1952 324.978 456.727 2 77.2656 -250
1953 334.978 456.727 2 83.4174 -250
1954 344.978 456.727 2 90.2604 -250
1955 354.978 456.727 2 97.6495 -250
1956 364.978 456.727 2 105.47 -250
1957 374.978 456.727 2 113.633 -250
1958 384.978 456.727 2 122.069 -250
1959 394.978 456.727 2 130.726 -250
1960 404.978 456.727 2 139.563 -250
1961 414.978 456.727 2 148.547 -250
1962 424.978 456.727 2 157.654 -250
1963 434.978 456.727 2 166.863 -250
1964 444.978 456.727 2 176.158 -250
1965 454.978 456.727 2 185.527 -250
1966 464.978 456.727 2 194.958 -127.906
1967 474.978 456.727 2 204.444 -132.691
1968 484.978 456.727 2 213.976 -250
1969 84.9784 466.727 2 204.557 -112.361
1970 94.9784 466.727 2 195.018 -133.572
1971 104.978 466.727 2 185.527 -142.611
1972 114.978 466.727 2 176.093 -250
1973 124.978 466.727 2 166.725 -250
1974 134.978 466.727 2 157.435 -250
1975 144.978 466.727 2 148.237 -250
1976 154.978 466.727 2 139.15 -116.438
1977 164.978 466.727 2 130.197 -250
1978 174.978 466.727 2 121.407 -250
1979 184.978 466.727 2 112.82 -250
1980 194.978 466.727 2 104.483 -250
1981 204.978 466.727 2 96.4635 -250
1982 214.978 466.727 2 88.8464 -250
1983 224.978 466.727 2 81.7446 -80.9545
1984 234.978 466.727 2 75.3038 -250
1985 244.978 466.727 2 69.7075 -250
1986 254.978 466.727 2 65.1738 -250
1987 264.978 466.727 2 61.9363 -250
1988 274.978 466.727 2 60.2045 -74.1057
1989 284.978 466.727 2 60.1088 -71.1341
1990 294.978 466.727 2 61.6567 -76.7751
1991 304.978 466.727 2 64.7305 -250
1992 314.978 466.727 2 69.1268 -250
1993 324.978 466.727 2 74.6123 -250
1994 334.978 466.727 2 80.9659 -250
1995 344.978 466.727 2 87.9998 -250
1996 354.978 466.727 2 95.5638 -250
1997 364.978 466.727 2 103.542 -250
1998 374.978 466.727 2 111.845 -250
1999 384.978 466.727 2 120.407 -250
2000 394.978 466.727 2 129.176 -250
2001 404.978 466.727 2 138.112 -250
2002 414.978 466.727 2 147.185 -250
2003 424.978 466.727 2 156.371 -250
2004 434.978 466.727 2 165.651 -250
2005 444.978 466.727 2 175.011 -250
2006 454.978 466.727 2 184.438 -250
2007 464.978 466.727 2 193.922 -122.183
2008 474.978 466.727 2 203.456 -131.458
2009 484.978 466.727 2 213.032 -250
2010 84.9784 476.727 2 204.06 -99.859
2011 94.9784 476.727 2 194.497 -91.8296
2012 104.978 476.727 2 184.979 -93.946
2013 114.978 476.727 2 175.516 -94.0069
2014 124.978 476.727 2 166.116 -96.1823
2015 134.978 476.727 2 156.789 -89.0794
2016 144.978 476.727 2 147.551 -86.6602
2017 154.978 476.727 2 138.419 -86.1102
2018 164.978 476.727 2 129.415 -85.0273
2019 174.978 476.727 2 120.569 -79.9755
2020 184.978 476.727 2 111.916 -78.1276
2021 194.978 476.727 2 103.507 -81.2839
2022 204.978 476.727 2 95.4056 -75.4428
2023 214.978 476.727 2 87.6967 -97.2142
2024 224.978 476.727 2 80.4934 -76.9666
2025 234.978 476.727 2 73.9437 -89.718
2026 244.978 476.727 2 68.236 -77.1119
2027 254.978 476.727 2 63.5975 -78.4912
2028 264.978 476.727 2 60.2754 -71.7824
2029 274.978 476.727 2 58.4945 -72.1612
2030 284.978 476.727 2 58.3959 -73.4541
2031 294.978 476.727 2 59.9881 -71.3951
2032 304.978 476.727 2 63.1431 -250
2033 314.978 476.727 2 67.6427 -250
2034 324.978 476.727 2 73.2394 -250
2035 334.978 476.727 2 79.7026 -250
2036 344.978 476.727 2 86.8388 -250
2037 354.978 476.727 2 94.4958 -250
2038 364.978 476.727 2 102.557 -250
2039 374.978 476.727 2 110.934 -250
2040 384.978 476.727 2 119.561 -250
2041 394.978 476.727 2 128.388 -250
2042 404.978 476.727 2 137.375 -250
2043 414.978 476.727 2 146.494 -250
2044 424.978 476.727 2 155.72 -250
2045 434.978 476.727 2 165.037 -250
2046 444.978 476.727 2 174.43 -250
2047 454.978 476.727 2 183.887 -250
2048 464.978 476.727 2 193.398 -109.151
2049 474.978 476.727 2 202.956 -116.099
2050 484.978 476.727 2 212.555 -250
2051 84.9784 486.727 2 204.053 -83.5093
2052 94.9784 486.727 2 194.489 -84.9754
2053 104.978 486.727 2 184.971 -82.5363
2054 114.978 486.727 2 175.508 -80.3087
2055 124.978 486.727 2 166.107 -90.1401
2056 134.978 486.727 2 156.78 -77.6779
2057 144.978 486.727 2 147.541 -77.4579
2058 154.978 486.727 2 138.408 -81.0126
2059 164.978 486.727 2 129.404 -80.2882
2060 174.978 486.727 2 120.556 -80.2871
2061 184.978 486.727 2 111.903 -78.571
2062 194.978 486.727 2 103.493 -82.9178
2063 204.978 486.727 2 95.39 -76.9394
2064 214.978 486.727 2 87.6797 -84.8548
2065 224.978 486.727 2 80.4749 -81.7614
2066 234.978 486.727 2 73.9236 -81.6345
2067 244.978 486.727 2 68.2142 -82.226
2068 254.978 486.727 2 63.574 -78.8463
2069 264.978 486.727 2 60.2506 -72.166
2070 274.978 486.727 2 58.469 -73.4897
2071 284.978 486.727 2 58.3704 -72.4172
2072 294.978 486.727 2 59.9632 -72.0334
2073 304.978 486.727 2 63.1195 -77.4757
2074 314.978 486.727 2 67.6206 -81.3706
2075 324.978 486.727 2 73.2191 -74.554
2076 334.978 486.727 2 79.6838 -79.0092
2077 344.978 486.727 2 86.8216 -76.4739
2078 354.978 486.727 2 94.48 -82.5197
2079 364.978 486.727 2 102.542 -77.3931
2080 374.978 486.727 2 110.921 -75.48
2081 384.978 486.727 2 119.549 -79.0333
2082 394.978 486.727 2 128.376 -76.0615
2083 404.978 486.727 2 137.364 -79.1392
2084 414.978 486.727 2 146.483 -79.127
2085 424.978 486.727 2 155.711 -78.6038
2086 434.978 486.727 2 165.028 -81.5224
2087 444.978 486.727 2 174.421 -82.5926
2088 454.978 486.727 2 183.878 -88.1359
2089 464.978 486.727 2 193.39 -77.0792
2090 474.978 486.727 2 202.949 -86.7176
2091 484.978 486.727 2 212.548 -87.3342
2092 84.9784 496.727 2 204.535 -104.67
2093 94.9784 496.727 2 194.995 -113.77
2094 104.978 496.727 2 185.503 -250
2095 114.978 496.727 2 176.068 -250
2096 124.978 496.727 2 166.699 -250
2097 134.978 496.727 2 157.407 -250
2098 144.978 496.727 2 148.207 -250
2099 154.978 496.727 2 139.118 -250
2100 164.978 496.727 2 130.163 -250
2101 174.978 496.727 2 121.371 -250
2102 184.978 496.727 2 112.78 -250
2103 194.978 496.727 2 104.44 -250
2104 204.978 496.727 2 96.4171 -77.2928
2105 214.978 496.727 2 88.7961 -79.3045
2106 224.978 496.727 2 81.6898 -74.929
2107 234.978 496.727 2 75.2443 -250
2108 244.978 496.727 2 69.6433 -250
2109 254.978 496.727 2 65.1051 -250
2110 264.978 496.727 2 61.864 -250
2111 274.978 496.727 2 60.1302 -71.9814
2112 284.978 496.727 2 60.0343 -71.9025
2113 294.978 496.727 2 61.5841 -73.6194
2114 304.978 496.727 2 64.6613 -71.0773
2115 314.978 496.727 2 69.0621 -69.8696
2116 324.978 496.727 2 74.5523 -70.6354
2117 334.978 496.727 2 80.9107 -72.3051
2118 344.978 496.727 2 87.9489 -77.8114
2119 354.978 496.727 2 95.517 -75.1398
2120 364.978 496.727 2 103.499 -83.4121
2121 374.978 496.727 2 111.805 -90.942
2122 384.978 496.727 2 120.37 -83.3352
2123 394.978 496.727 2 129.141 -80.7713
2124 404.978 496.727 2 138.079 -78.6906
2125 414.978 496.727 2 147.154 -76.1497
2126 424.978 496.727 2 156.342 -77.2452
2127 434.978 496.727 2 165.624 -80.0815
2128 444.978 496.727 2 174.985 -79.6552
2129 454.978 496.727 2 184.413 -84.7613
2130 464.978 496.727 2 193.899 -84.4358
2131 474.978 496.727 2 203.434 -87.1933
2132 484.978 496.727 2 213.011 -86.8462
2133 84.9784 506.727 2 205.503 -121.641
2134 94.9784 506.727 2 196.01 -130.628
2135 104.978 506.727 2 186.57 -250
2136 114.978 506.727 2 177.192 -250
2137 124.978 506.727 2 167.885 -250
2138 134.978 506.727 2 158.663 -250
2139 144.978 506.727 2 149.541 -250
2140 154.978 506.727 2 140.538 -250
2141 164.978 506.727 2 131.679 -250
2142 174.978 506.727 2 122.995 -250
2143 184.978 506.727 2 114.526 -250
2144 194.978 506.727 2 106.324 -250
2145 204.978 506.727 2 98.4545 -78.3896
2146 214.978 506.727 2 91.0042 -81.2455
2147 224.978 506.727 2 84.0848 -86.9359
2148 234.978 506.727 2 77.8378 -250
2149 244.978 506.727 2 72.4376 -250
2150 254.978 506.727 2 68.0859 -250
2151 264.978 506.727 2 64.9937 -250
2152 274.978 506.727 2 63.3456 -82.6862
2153 284.978 506.727 2 63.2546 -84.9036
2154 294.978 506.727 2 64.7273 -250
2155 304.978 506.727 2 67.6617 -250
2156 314.978 506.727 2 71.879 -250
2157 324.978 506.727 2 77.1691 -250
2158 334.978 506.727 2 83.328 -250
2159 344.978 506.727 2 90.1778 -250
2160 354.978 506.727 2 97.5731 -250
2161 364.978 506.727 2 105.399 -250
2162 374.978 506.727 2 113.567 -250
2163 384.978 506.727 2 122.008 -250
2164 394.978 506.727 2 130.669 -250
2165 404.978 506.727 2 139.51 -250
2166 414.978 506.727 2 148.497 -250
2167 424.978 506.727 2 157.607 -92.1638
2168 434.978 506.727 2 166.818 -97.947
2169 444.978 506.727 2 176.116 -95.3226
2170 454.978 506.727 2 185.487 -93.583
2171 464.978 506.727 2 194.92 -91.0982
2172 474.978 506.727 2 204.407 -93.8753
2173 484.978 506.727 2 213.941 -250
2174 84.9784 516.727 2 206.951 -122.619
2175 94.9784 516.727 2 197.527 -137.795
2176 104.978 516.727 2 188.163 -250
2177 114.978 516.727 2 178.869 -250
2178 124.978 516.727 2 169.654 -250
2179 134.978 516.727 2 160.533 -250
2180 144.978 516.727 2 151.524 -250
2181 154.978 516.727 2 142.646 -250
2182 164.978 516.727 2 133.927 -250
2183 174.978 516.727 2 125.399 -250
2184 184.978 516.727 2 117.104 -250
2185 194.978 516.727 2 109.095 -250
2186 204.978 516.727 2 101.441 -76.8687
2187 214.978 516.727 2 94.2273 -79.0949
2188 224.978 516.727 2 87.5629 -93.2022
2189 234.978 516.727 2 81.5828 -250
2190 244.978 516.727 2 76.4476 -250
2191 254.978 516.727 2 72.3375 -250
2192 264.978 516.727 2 69.4348 -250
2193 274.978 516.727 2 67.8946 -82.6389
2194 284.978 516.727 2 67.8097 -88.5454
2195 294.978 516.727 2 69.1856 -250
2196 304.978 516.727 2 71.9383 -250
2197 314.978 516.727 2 75.9184 -250
2198 324.978 516.727 2 80.945 -250
2199 334.978 516.727 2 86.8365 -250
2200 344.978 516.727 2 93.4294 -250
2201 354.978 516.727 2 100.586 -250
2202 364.978 516.727 2 108.194 -250
2203 374.978 516.727 2 116.166 -250
2204 384.978 516.727 2 124.431 -250
2205 394.978 516.727 2 132.934 -250
2206 404.978 516.727 2 141.633 -250
2207 414.978 516.727 2 150.494 -250
2208 424.978 516.727 2 159.49 -102.908
2209 434.978 516.727 2 168.598 -116.238
2210 444.978 516.727 2 177.803 -102.315
2211 454.978 516.727 2 187.089 -103.581
2212 464.978 516.727 2 196.446 -103.667
2213 474.978 516.727 2 205.862 -100.017
2214 484.978 516.727 2 215.332 -250
2215 84.9784 526.727 2 208.867 -125.971
2216 94.9784 526.727 2 199.534 -129.094
2217 104.978 526.727 2 190.27 -250
2218 114.978 526.727 2 181.083 -250
2219 124.978 526.727 2 171.987 -250
2220 134.978 526.727 2 162.997 -250
2221 144.978 526.727 2 154.131 -250
2222 154.978 526.727 2 145.413 -250
2223 164.978 526.727 2 136.87 -250
2224 174.978 526.727 2 128.537 -250
2225 184.978 526.727 2 120.459 -250
2226 194.978 526.727 2 112.689 -250
2227 204.978 526.727 2 105.296 -77.8767
2228 214.978 526.727 2 98.3657 -82.8843
2229 224.978 526.727 2 92.0015 -93.3552
2230 234.978 526.727 2 86.3294 -250
2231 244.978 526.727 2 81.4939 -250
2232 254.978 526.727 2 77.6513 -250
2233 264.978 526.727 2 74.9547 -250
2234 274.978 526.727 2 73.5302 -83.5089
2235 284.978 526.727 2 73.4519 -84.5852
2236 294.978 526.727 2 74.7239 -250
2237 304.978 526.727 2 77.2796 -250
2238 314.978 526.727 2 80.9977 -250
2239 324.978 526.727 2 85.7269 -250
2240 334.978 526.727 2 91.3104 -250
2241 344.978 526.727 2 97.6016 -250
2242 354.978 526.727 2 104.473 -250
2243 364.978 526.727 2 111.817 -250
2244 374.978 526.727 2 119.547 -250
2245 384.978 526.727 2 127.593 -250
2246 394.978 526.727 2 135.899 -250
2247 404.978 526.727 2 144.419 -250
2248 414.978 526.727 2 153.119 -250
2249 424.978 526.727 2 161.969 -109.544
2250 434.978 526.727 2 170.946 -114.477
2251 444.978 526.727 2 180.03 -110.051
2252 454.978 526.727 2 189.207 -111.332
2253 464.978 526.727 2 198.464 -110.243
2254 474.978 526.727 2 207.789 -113.277
2255 484.978 526.727 2 217.175 -250
2256 84.9784 536.727 2 211.241 -133.367
2257 94.9784 536.727 2 202.017 -130.128
2258 104.978 536.727 2 192.872 -250
2259 114.978 536.727 2 183.815 -250
2260 124.978 536.727 2 174.861 -250
2261 134.978 536.727 2 166.027 -250
2262 144.978 536.727 2 157.332 -250
2263 154.978 536.727 2 148.802 -250
2264 164.978 536.727 2 140.465 -250
2265 174.978 536.727 2 132.359 -250
2266 184.978 536.727 2 124.529 -250
2267 194.978 536.727 2 117.029 -250
2268 204.978 536.727 2 109.929 -80.3914
2269 214.978 536.727 2 103.309 -88.8356
2270 224.978 536.727 2 97.2692 -90.5015
2271 234.978 536.727 2 91.9227 -250
2272 244.978 536.727 2 87.3972 -250
2273 254.978 536.727 2 83.8257 -250
2274 264.978 536.727 2 81.3341 -250
2275 274.978 536.727 2 80.0232 -79.7762
2276 284.978 536.727 2 79.9512 -85.7063
2277 294.978 536.727 2 81.1214 -250
2278 304.978 536.727 2 83.4815 -250
2279 314.978 536.727 2 86.9347 -250
2280 324.978 536.727 2 91.3571 -250
2281 334.978 536.727 2 96.6158 -250
2282 344.978 536.727 2 102.582 -250
2283 354.978 536.727 2 109.14 -250
2284 364.978 536.727 2 116.19 -250
2285 374.978 536.727 2 123.647 -250
2286 384.978 536.727 2 131.442 -250
2287 394.978 536.727 2 139.519 -250
2288 404.978 536.727 2 147.831 -250
2289 414.978 536.727 2 156.341 -250
2290 424.978 536.727 2 165.018 -119.957
2291 434.978 536.727 2 173.837 -125.046
2292 444.978 536.727 2 182.778 -122.328
2293 454.978 536.727 2 191.824 -112.085
2294 464.978 536.727 2 200.96 -108.114
2295 474.978 536.727 2 210.175 -121.279
2296 484.978 536.727 2 219.458 -250
2297 84.9784 546.727 2 214.055 -127.803
2298 94.9784 546.727 2 204.959 -138.734
2299 104.978 546.727 2 195.95 -250
2300 114.978 546.727 2 187.043 -250
2301 124.978 546.727 2 178.251 -250
2302 134.978 546.727 2 169.594 -250
2303 144.978 546.727 2 161.091 -250
2304 154.978 546.727 2 152.771 -250
2305 164.978 546.727 2 144.663 -250
2306 174.978 546.727 2 136.806 -250
2307 184.978 546.727 2 129.245 -250
2308 194.978 546.727 2 122.036 -250
2309 204.978 546.727 2 115.245 -78.1167
2310 214.978 546.727 2 108.949 -81.629
2311 224.978 546.727 2 103.239 -85.7411
2312 234.978 546.727 2 98.2181 -250
2313 244.978 546.727 2 93.9962 -250
2314 254.978 546.727 2 90.685 -250
2315 264.978 546.727 2 88.3869 -250
2316 274.978 546.727 2 87.1822 -77.481
2317 284.978 546.727 2 87.1161 -85.6782
2318 294.978 546.727 2 88.1913 -250
2319 304.978 546.727 2 90.3669 -250
2320 314.978 546.727 2 93.5664 -250
2321 324.978 546.727 2 97.689 -250
2322 334.978 546.727 2 102.624 -250
2323 344.978 546.727 2 108.259 -250
2324 354.978 546.727 2 114.493 -250
2325 364.978 546.727 2 121.231 -250
2326 374.978 546.727 2 128.396 -250
2327 384.978 546.727 2 135.919 -250
2328 394.978 546.727 2 143.745 -250
2329 404.978 546.727 2 151.826 -250
2330 414.978 546.727 2 160.123 -250
2331 424.978 546.727 2 168.606 -109.923
2332 434.978 546.727 2 177.247 -119.788
2333 444.978 546.727 2 186.024 -109.665
2334 454.978 546.727 2 194.919 -115.161
2335 464.978 546.727 2 203.916 -110.627
2336 474.978 546.727 2 213.003 -123.375
2337 484.978 546.727 2 222.169 -250
2338 84.9784 556.727 2 217.294 -122.847
2339 94.9784 556.727 2 208.339 -122.149
2340 104.978 556.727 2 199.483 -133.234
2341 114.978 556.727 2 190.741 -130.356
2342 124.978 556.727 2 182.128 -122.428
2343 134.978 556.727 2 173.663 -130.507
2344 144.978 556.727 2 165.371 -121.22
2345 154.978 556.727 2 157.277 -125.192
2346 164.978 556.727 2 149.414 -127.028
2347 174.978 556.727 2 141.82 -120.999
2348 184.978 556.727 2 134.541 -114.667
2349 194.978 556.727 2 127.632 -99.3651
2350 204.978 556.727 2 121.154 -80.8944
2351 214.978 556.727 2 115.182 -86.8009
2352 224.978 556.727 2 109.797 -91.0253
2353 234.978 556.727 2 105.09 -88.2963
2354 244.978 556.727 2 101.155 -120.936
2355 254.978 556.727 2 98.0856 -132.318
2356 264.978 556.727 2 95.9649 -96.4797
2357 274.978 556.727 2 94.8565 -75.2097
2358 284.978 556.727 2 94.7957 -81.1548
2359 294.978 556.727 2 95.7847 -104.29
2360 304.978 556.727 2 97.7916 -120.291
2361 314.978 556.727 2 100.756 -128.877
2362 324.978 556.727 2 104.595 -121.798
2363 334.978 556.727 2 109.218 -121.239
2364 344.978 556.727 2 114.53 -126.48
2365 354.978 556.727 2 120.439 -152.344
2366 364.978 556.727 2 126.862 -144.336
2367 374.978 556.727 2 133.726 -133.957
2368 384.978 556.727 2 140.965 -132.332
2369 394.978 556.727 2 148.525 -115.162
2370 404.978 556.727 2 156.359 -108.456
2371 414.978 556.727 2 164.428 -111.216
2372 424.978 556.727 2 172.699 -109.49
2373 434.978 556.727 2 181.145 -122.008
2374 444.978 556.727 2 189.742 -118.705
2375 454.978 556.727 2 198.47 -107.179
2376 464.978 556.727 2 207.314 -112.656
2377 474.978 556.727 2 216.258 -121.313
2378 484.978 556.727 2 225.291 -129.06
2379 84.9784 566.727 2 220.938 -120.093
2380 94.9784 566.727 2 212.137 -124.867
2381 104.978 566.727 2 203.447 -123.049
2382 114.978 566.727 2 194.882 -118.554
2383 124.978 566.727 2 186.461 -118.501
2384 134.978 566.727 2 178.202 -126.01
2385 144.978 566.727 2 170.131 -114.141
2386 154.978 566.727 2 162.274 -114.386
2387 164.978 566.727 2 154.666 -113.326
2388 174.978 566.727 2 147.343 -108.302
2389 184.978 566.727 2 140.351 -92.3518
2390 194.978 566.727 2 133.742 -81.3283
2391 204.978 566.727 2 127.575 -79.6736
2392 214.978 566.727 2 121.918 -86.5344
2393 224.978 566.727 2 116.843 -88.8506
2394 234.978 566.727 2 112.431 -92.3445
2395 244.978 566.727 2 108.763 -88.3893
2396 254.978 566.727 2 105.914 -103.446
2397 264.978 566.727 2 103.953 -79.5626
2398 274.978 566.727 2 102.931 -89.6863
2399 284.978 566.727 2 102.875 -79.5562
2400 294.978 566.727 2 103.787 -93.4762
2401 304.978 566.727 2 105.642 -116.422
2402 314.978 566.727 2 108.391 -119.696
2403 324.978 566.727 2 111.97 -116.954
2404 334.978 566.727 2 116.3 -125.876
2405 344.978 566.727 2 121.302 -109.205
2406 354.978 566.727 2 126.896 -115.173
2407 364.978 566.727 2 133.008 -113.77
2408 374.978 566.727 2 139.569 -112.005
2409 384.978 566.727 2 146.52 -115.924
2410 394.978 566.727 2 153.807 -120.529
2411 404.978 566.727 2 161.385 -109.164
2412 414.978 566.727 2 169.214 -112.403
2413 424.978 566.727 2 177.263 -114.7
2414 434.978 566.727 2 185.501 -117.29
2415 444.978 566.727 2 193.905 -110.975
2416 454.978 566.727 2 202.454 -114.942
2417 464.978 566.727 2 211.13 -113.521
2418 474.978 566.727 2 219.919 -114.708
2419 484.978 566.727 2 228.808 -128.013
2420 84.9784 576.727 2 224.968 -117.965
2421 94.9784 576.727 2 216.331 -113.375
2422 104.978 576.727 2 207.816 -116.475
2423 114.978 576.727 2 199.439 -112.664
2424 124.978 576.727 2 191.219 -112.67
2425 134.978 576.727 2 183.175 -114.343
2426 144.978 576.727 2 175.333 -121.988
2427 154.978 576.727 2 167.72 -111.15
2428 164.978 576.727 2 160.37 -105.818
2429 174.978 576.727 2 153.32 -88.8754
2430 184.978 576.727 2 146.613 -81.566
2431 194.978 576.727 2 140.299 -83.9068
2432 204.978 576.727 2 134.434 -81.7569
2433 214.978 576.727 2 129.077 -88.148
2434 224.978 576.727 2 124.296 -94.0733
2435 234.978 576.727 2 120.158 -87.2297
2436 244.978 576.727 2 116.732 -93.3778
2437 254.978 576.727 2 114.083 -86.7491
2438 264.978 576.727 2 112.264 -82.3131
2439 274.978 576.727 2 111.318 -78.7278
2440 284.978 576.727 2 111.267 -73.0046
2441 294.978 576.727 2 112.11 -80.5379
2442 304.978 576.727 2 113.83 -113.071
2443 314.978 576.727 2 116.386 -103.572
2444 324.978 576.727 2 119.726 -104.917
2445 334.978 576.727 2 123.785 -99.916
2446 344.978 576.727 2 128.496 -101.743
2447 354.978 576.727 2 133.79 -110.867
2448 364.978 576.727 2 139.6 -107.299
2449 374.978 576.727 2 145.865 -105.647
2450 384.978 576.727 2 152.529 -131.965
2451 394.978 576.727 2 159.542 -108.588
2452 404.978 576.727 2 166.859 -108.177
2453 414.978 576.727 2 174.444 -114.663
2454 424.978 576.727 2 182.261 -116.695
2455 434.978 576.727 2 190.283 -122.782
2456 444.978 576.727 2 198.484 -121.706
2457 454.978 576.727 2 206.844 -116.609
2458 464.978 576.727 2 215.344 -120.088
2459 474.978 576.727 2 223.967 -116.752
2460 484.978 576.727 2 232.701 -137.127
2461 84.9784 586.727 2 229.364 -111.85
2462 94.9784 586.727 2 220.898 -112.802
2463 104.978 586.727 2 212.567 -111.472
2464 114.978 586.727 2 204.385 -111.659
2465 124.978 586.727 2 196.371 -114.558
2466 134.978 586.727 2 188.547 -108.114
2467 144.978 586.727 2 180.938 -112.057
2468 154.978 586.727 2 173.571 -102.535
2469 164.978 586.727 2 166.48 -86.8676
2470 174.978 586.727 2 159.7 -82.9004
2471 184.978 586.727 2 153.273 -85.9141
2472 194.978 586.727 2 147.245 -81.5138
2473 204.978 586.727 2 141.667 -85.0654
2474 214.978 586.727 2 136.594 -81.5471
2475 224.978 586.727 2 132.085 -83.8197
2476 234.978 586.727 2 128.199 -81.9242
2477 244.978 586.727 2 124.993 -83.6697
2478 254.978 586.727 2 122.523 -82.3476
2479 264.978 586.727 2 120.832 -79.6346
2480 274.978 586.727 2 119.953 -78.0368
2481 284.978 586.727 2 119.905 -80.8243
2482 294.978 586.727 2 120.689 -77.9873
2483 304.978 586.727 2 122.288 -97.8999
2484 314.978 586.727 2 124.671 -99.9624
2485 324.978 586.727 2 127.794 -100.358
2486 334.978 586.727 2 131.604 -98.6613
2487 344.978 586.727 2 136.045 -105.099
2488 354.978 586.727 2 141.056 -103.369
2489 364.978 586.727 2 146.578 -103.214
2490 374.978 586.727 2 152.557 -114.482
2491 384.978 586.727 2 158.941 -123.61
2492 394.978 586.727 2 165.682 -110.506
2493 404.978 586.727 2 172.74 -114.513
2494 414.978 586.727 2 180.077 -114.286
2495 424.978 586.727 2 187.659 -118.599
2496 434.978 586.727 2 195.46 -125.719
2497 444.978 586.727 2 203.453 -114.732
2498 454.978 586.727 2 211.616 -121.63
2499 464.978 586.727 2 219.932 -115.473
2500 474.978 586.727 2 228.382 -115.846
2501 484.978 586.727 2 236.953 -117.433
