# <Transmitter Set: Tx: 18 tx_ant_grid_40_m - Point 7> 
# <Receiver Set: Rx: 17 rx_ant_grid> 
# <X(m)> <Y(m)> <Z(m)> <Distance(m)> <PathGain(dB)>
1 84.9784 -13.2734 2 140.115 -82.4401
2 94.9784 -13.2734 2 133.494 -83.9685
3 104.978 -13.2734 2 127.315 -82.5948
4 114.978 -13.2734 2 121.645 -102.58
5 124.978 -13.2734 2 116.559 -78.9581
6 134.978 -13.2734 2 112.136 -82.3044
7 144.978 -13.2734 2 108.457 -80.1211
8 154.978 -13.2734 2 105.601 -78.9053
9 164.978 -13.2734 2 103.634 -80.6866
10 174.978 -13.2734 2 102.608 -81.3284
11 184.978 -13.2734 2 102.552 -81.5916
12 194.978 -13.2734 2 103.467 -111.983
13 204.978 -13.2734 2 105.328 -109.11
14 214.978 -13.2734 2 108.085 -109.021
15 224.978 -13.2734 2 111.673 -111.073
16 234.978 -13.2734 2 116.014 -108.333
17 244.978 -13.2734 2 121.028 -111.609
18 254.978 -13.2734 2 126.634 -110.805
19 264.978 -13.2734 2 132.758 -106.727
20 274.978 -13.2734 2 139.331 -101.955
21 284.978 -13.2734 2 146.293 -120.61
22 294.978 -13.2734 2 153.591 -114.798
23 304.978 -13.2734 2 161.179 -112.03
24 314.978 -13.2734 2 169.018 -109.064
25 324.978 -13.2734 2 177.075 -112.801
26 334.978 -13.2734 2 185.322 -107.88
27 344.978 -13.2734 2 193.733 -100.669
28 354.978 -13.2734 2 202.29 -94.8374
29 364.978 -13.2734 2 210.973 -93.419
30 374.978 -13.2734 2 219.768 -96.7202
31 384.978 -13.2734 2 228.663 -101.218
32 394.978 -13.2734 2 237.645 -98.5533
33 404.978 -13.2734 2 246.705 -94.182
34 414.978 -13.2734 2 255.836 -107.472
35 424.978 -13.2734 2 265.029 -107.585
36 434.978 -13.2734 2 274.279 -104.153
37 444.978 -13.2734 2 283.58 -97.7476
38 454.978 -13.2734 2 292.927 -97.9084
39 464.978 -13.2734 2 302.315 -89.1324
40 474.978 -13.2734 2 311.742 -100.001
41 484.978 -13.2734 2 321.203 -107.728
42 84.9784 -3.2734 2 133.526 -83.3681
43 94.9784 -3.2734 2 126.561 -81.0454
44 104.978 -3.2734 2 120.025 -83.5661
45 114.978 -3.2734 2 113.994 -100.693
46 124.978 -3.2734 2 108.55 -114.108
47 134.978 -3.2734 2 103.786 -79.8114
48 144.978 -3.2734 2 99.7998 -79.1501
49 154.978 -3.2734 2 96.6876 -78.3987
50 164.978 -3.2734 2 94.5356 -82.3896
51 174.978 -3.2734 2 93.4101 -80.7406
52 184.978 -3.2734 2 93.3485 -78.8942
53 194.978 -3.2734 2 94.3526 -107.365
54 204.978 -3.2734 2 96.3893 -115.667
55 214.978 -3.2734 2 99.3951 -110.154
56 224.978 -3.2734 2 103.285 -111.209
57 234.978 -3.2734 2 107.965 -113.302
58 244.978 -3.2734 2 113.335 -112.874
59 254.978 -3.2734 2 119.303 -112.754
60 264.978 -3.2734 2 125.785 -107.81
61 274.978 -3.2734 2 132.704 -112.524
62 284.978 -3.2734 2 139.996 -103.691
63 294.978 -3.2734 2 147.605 -134.718
64 304.978 -3.2734 2 155.485 -130.544
65 314.978 -3.2734 2 163.598 -138.738
66 324.978 -3.2734 2 171.909 -136.772
67 334.978 -3.2734 2 180.392 -122.714
68 344.978 -3.2734 2 189.023 -121.488
69 354.978 -3.2734 2 197.783 -125.291
70 364.978 -3.2734 2 206.656 -135.282
71 374.978 -3.2734 2 215.627 -114.342
72 384.978 -3.2734 2 224.686 -96.9109
73 394.978 -3.2734 2 233.821 -98.0889
74 404.978 -3.2734 2 243.024 -97.4539
75 414.978 -3.2734 2 252.288 -97.8575
76 424.978 -3.2734 2 261.606 -108.784
77 434.978 -3.2734 2 270.972 -99.7644
78 444.978 -3.2734 2 280.383 -138.744
79 454.978 -3.2734 2 289.833 -139.216
80 464.978 -3.2734 2 299.318 -146.176
81 474.978 -3.2734 2 308.836 -137.12
82 484.978 -3.2734 2 318.384 -141.097
83 84.9784 6.7266 2 127.382 -81.002
84 94.9784 6.7266 2 120.061 -82.5504
85 104.978 6.7266 2 113.151 -80.8673
86 114.978 6.7266 2 106.731 -89.1589
87 124.978 6.7266 2 100.896 -250
88 134.978 6.7266 2 95.7525 -77.1884
89 144.978 6.7266 2 91.4168 -78.1023
90 154.978 6.7266 2 88.0086 -81.9286
91 164.978 6.7266 2 85.6387 -78.0991
92 174.978 6.7266 2 84.3947 -76.5822
93 184.978 6.7266 2 84.3265 -72.1674
94 194.978 6.7266 2 85.4367 -117.535
95 204.978 6.7266 2 87.6808 -114.989
96 214.978 6.7266 2 90.9747 -114.773
97 224.978 6.7266 2 95.2097 -115.603
98 234.978 6.7266 2 100.266 -118.282
99 244.978 6.7266 2 106.028 -124.828
100 254.978 6.7266 2 112.385 -105.677
101 264.978 6.7266 2 119.243 -102.76
102 274.978 6.7266 2 126.52 -110.941
103 284.978 6.7266 2 134.148 -107.727
104 294.978 6.7266 2 142.071 -250
105 304.978 6.7266 2 150.242 -250
106 314.978 6.7266 2 158.623 -250
107 324.978 6.7266 2 167.182 -250
108 334.978 6.7266 2 175.893 -250
109 344.978 6.7266 2 184.734 -250
110 354.978 6.7266 2 193.688 -250
111 364.978 6.7266 2 202.74 -250
112 374.978 6.7266 2 211.878 -250
113 384.978 6.7266 2 221.09 -250
114 394.978 6.7266 2 230.367 -96.5584
115 404.978 6.7266 2 239.703 -104.702
116 414.978 6.7266 2 249.09 -99.0971
117 424.978 6.7266 2 258.524 -103.633
118 434.978 6.7266 2 267.998 -105.591
119 444.978 6.7266 2 277.509 -250
120 454.978 6.7266 2 287.054 -250
121 464.978 6.7266 2 296.628 -250
122 474.978 6.7266 2 306.23 -139.378
123 484.978 6.7266 2 315.857 -140.648
124 84.9784 16.7266 2 121.75 -83.0871
125 94.9784 16.7266 2 114.069 -80.3408
126 104.978 16.7266 2 106.771 -79.2013
127 114.978 16.7266 2 99.943 -80.2981
128 124.978 16.7266 2 93.6861 -250
129 134.978 16.7266 2 88.1224 -80.3941
130 144.978 16.7266 2 83.3909 -85.9249
131 154.978 16.7266 2 79.64 -86.2592
132 164.978 16.7266 2 77.0131 -84.5677
133 174.978 16.7266 2 75.6273 -77.8117
134 184.978 16.7266 2 75.5511 -71.97
135 194.978 16.7266 2 76.7884 -250
136 204.978 16.7266 2 79.2776 -250
137 214.978 16.7266 2 82.9061 -250
138 224.978 16.7266 2 87.5323 -250
139 234.978 16.7266 2 93.0074 -250
140 244.978 16.7266 2 99.1911 -250
141 254.978 16.7266 2 105.959 -250
142 264.978 16.7266 2 113.207 -98.9065
143 274.978 16.7266 2 120.848 -100.431
144 284.978 16.7266 2 128.813 -116.558
145 294.978 16.7266 2 137.045 -250
146 304.978 16.7266 2 145.498 -250
147 314.978 16.7266 2 154.137 -250
148 324.978 16.7266 2 162.932 -90.9993
149 334.978 16.7266 2 171.858 -102.901
150 344.978 16.7266 2 180.897 -250
151 354.978 16.7266 2 190.032 -250
152 364.978 16.7266 2 199.25 -250
153 374.978 16.7266 2 208.54 -250
154 384.978 16.7266 2 217.894 -94.0393
155 394.978 16.7266 2 227.302 -104.475
156 404.978 16.7266 2 236.758 -115.013
157 414.978 16.7266 2 246.258 -117.495
158 424.978 16.7266 2 255.796 -108.277
159 434.978 16.7266 2 265.368 -108.244
160 444.978 16.7266 2 274.97 -250
161 454.978 16.7266 2 284.6 -250
162 464.978 16.7266 2 294.254 -250
163 474.978 16.7266 2 303.931 -132.813
164 484.978 16.7266 2 313.628 -143.191
165 84.9784 26.7266 2 116.705 -80.1493
166 94.9784 26.7266 2 108.668 -80.8819
167 104.978 26.7266 2 100.981 -82.0391
168 114.978 26.7266 2 93.7316 -83.7244
169 124.978 26.7266 2 87.0293 -81.1712
170 134.978 26.7266 2 81.0098 -80.3332
171 144.978 26.7266 2 75.8358 -88.1986
172 154.978 26.7266 2 71.6906 -115.889
173 164.978 26.7266 2 68.7607 -111.125
174 174.978 26.7266 2 67.205 -93.8911
175 184.978 26.7266 2 67.1192 -90.7755
176 194.978 26.7266 2 68.5089 -250
177 204.978 26.7266 2 71.2878 -250
178 214.978 26.7266 2 75.3023 -250
179 224.978 26.7266 2 80.3674 -250
180 234.978 26.7266 2 86.2983 -250
181 244.978 26.7266 2 92.9295 -250
182 254.978 26.7266 2 100.122 -250
183 264.978 26.7266 2 107.763 -94.3482
184 274.978 26.7266 2 115.764 -91.1965
185 284.978 26.7266 2 124.056 -90.0783
186 294.978 26.7266 2 132.583 -250
187 304.978 26.7266 2 141.304 -250
188 314.978 26.7266 2 150.184 -90.9101
189 324.978 26.7266 2 159.197 -97.5752
190 334.978 26.7266 2 168.322 -90.7335
191 344.978 26.7266 2 177.541 -95.1256
192 354.978 26.7266 2 186.84 -93.4719
193 364.978 26.7266 2 196.208 -250
194 374.978 26.7266 2 205.636 -250
195 384.978 26.7266 2 215.115 -115.913
196 394.978 26.7266 2 224.64 -114.645
197 404.978 26.7266 2 234.204 -101.707
198 414.978 26.7266 2 243.803 -96.6701
199 424.978 26.7266 2 253.434 -98.9238
200 434.978 26.7266 2 263.091 -104.947
201 444.978 26.7266 2 272.774 -103.772
202 454.978 26.7266 2 282.478 -250
203 464.978 26.7266 2 292.203 -250
204 474.978 26.7266 2 301.945 -123.024
205 484.978 26.7266 2 311.704 -125.726
206 84.9784 36.7266 2 112.326 -81.8775
207 94.9784 36.7266 2 103.95 -80.0561
208 104.978 36.7266 2 95.8861 -79.4517
209 114.978 36.7266 2 88.2192 -80.5947
210 124.978 36.7266 2 81.0624 -80.51
211 134.978 36.7266 2 74.5627 -75.0746
212 144.978 36.7266 2 68.9063 -76.3825
213 154.978 36.7266 2 64.3161 -92.0161
214 164.978 36.7266 2 61.0332 -94.115
215 174.978 36.7266 2 59.275 -110.348
216 184.978 36.7266 2 59.1778 -130.52
217 194.978 36.7266 2 60.7494 -104.221
218 204.978 36.7266 2 63.8669 -101.71
219 214.978 36.7266 2 68.3188 -83.0651
220 224.978 36.7266 2 73.8643 -250
221 234.978 36.7266 2 80.2772 -250
222 244.978 36.7266 2 87.3665 -250
223 254.978 36.7266 2 94.981 -250
224 264.978 36.7266 2 103.004 -96.3945
225 274.978 36.7266 2 111.348 -86.8934
226 284.978 36.7266 2 119.945 -86.3255
227 294.978 36.7266 2 128.745 -250
228 304.978 36.7266 2 137.709 -250
229 314.978 36.7266 2 146.807 -101.506
230 324.978 36.7266 2 156.015 -91.5244
231 334.978 36.7266 2 165.316 -104.729
232 344.978 36.7266 2 174.693 -92.1007
233 354.978 36.7266 2 184.136 -94.66
234 364.978 36.7266 2 193.635 -96.8697
235 374.978 36.7266 2 203.183 -99.7072
236 384.978 36.7266 2 212.771 -250
237 394.978 36.7266 2 222.396 -250
238 404.978 36.7266 2 232.053 -91.2581
239 414.978 36.7266 2 241.738 -98.0101
240 424.978 36.7266 2 251.447 -100.716
241 434.978 36.7266 2 261.178 -97.5549
242 444.978 36.7266 2 270.929 -105.411
243 454.978 36.7266 2 280.697 -250
244 464.978 36.7266 2 290.482 -250
245 474.978 36.7266 2 300.28 -124.122
246 484.978 36.7266 2 310.091 -134.524
247 84.9784 46.7266 2 108.693 -81.0233
248 94.9784 46.7266 2 100.013 -80.3017
249 104.978 46.7266 2 91.6033 -77.8772
250 114.978 46.7266 2 83.5443 -76.9803
251 124.978 46.7266 2 75.9483 -79.2367
252 134.978 46.7266 2 68.9682 -76.7737
253 144.978 46.7266 2 62.81 -76.6192
254 154.978 46.7266 2 57.7372 -250
255 164.978 46.7266 2 54.0561 -250
256 174.978 46.7266 2 52.0629 -250
257 184.978 46.7266 2 51.9522 -250
258 194.978 46.7266 2 53.7356 -250
259 204.978 46.7266 2 57.2363 -88.7572
260 214.978 46.7266 2 62.1649 -72.3722
261 224.978 46.7266 2 68.2126 -77.7428
262 234.978 46.7266 2 75.1095 -74.0514
263 244.978 46.7266 2 82.6434 -83.1783
264 254.978 46.7266 2 90.6554 -74.9457
265 264.978 46.7266 2 99.0297 -83.3089
266 274.978 46.7266 2 107.682 -81.3123
267 284.978 46.7266 2 116.55 -77.8324
268 294.978 46.7266 2 125.588 -250
269 304.978 46.7266 2 134.762 -250
270 314.978 46.7266 2 144.046 -250
271 324.978 46.7266 2 153.42 -250
272 334.978 46.7266 2 162.869 -250
273 344.978 46.7266 2 172.38 -250
274 354.978 46.7266 2 181.943 -250
275 364.978 46.7266 2 191.551 -104.693
276 374.978 46.7266 2 201.197 -104.951
277 384.978 46.7266 2 210.876 -250
278 394.978 46.7266 2 220.584 -250
279 404.978 46.7266 2 230.316 -95.1618
280 414.978 46.7266 2 240.071 -98.6471
281 424.978 46.7266 2 249.845 -102.553
282 434.978 46.7266 2 259.636 -102.459
283 444.978 46.7266 2 269.443 -105.627
284 454.978 46.7266 2 279.263 -250
285 464.978 46.7266 2 289.096 -250
286 474.978 46.7266 2 298.94 -128.482
287 484.978 46.7266 2 308.794 -117.783
288 84.9784 56.7266 2 105.883 -78.8666
289 94.9784 56.7266 2 96.9521 -78.33
290 104.978 56.7266 2 88.2507 -80.8138
291 114.978 56.7266 2 79.8541 -76.3056
292 124.978 56.7266 2 71.869 -81.1852
293 134.978 56.7266 2 64.4487 -80.5451
294 144.978 56.7266 2 57.8111 -77.0428
295 154.978 56.7266 2 52.2552 -250
296 164.978 56.7266 2 48.1569 -250
297 174.978 56.7266 2 45.9082 -250
298 184.978 56.7266 2 45.7826 -250
299 194.978 56.7266 2 47.7968 -250
300 204.978 56.7266 2 51.7012 -87.4529
301 214.978 56.7266 2 57.1095 -72.309
302 224.978 56.7266 2 63.6394 -74.4825
303 234.978 56.7266 2 70.9821 -79.6721
304 244.978 56.7266 2 78.911 -75.2258
305 254.978 56.7266 2 87.2664 -79.7607
306 264.978 56.7266 2 95.937 -78.9578
307 274.978 56.7266 2 104.845 -81.4515
308 284.978 56.7266 2 113.934 -80.4398
309 294.978 56.7266 2 123.164 -250
310 304.978 56.7266 2 132.506 -250
311 314.978 56.7266 2 141.938 -250
312 324.978 56.7266 2 151.442 -250
313 334.978 56.7266 2 161.007 -250
314 344.978 56.7266 2 170.622 -250
315 354.978 56.7266 2 180.278 -250
316 364.978 56.7266 2 189.97 -99.7797
317 374.978 56.7266 2 199.693 -119.381
318 384.978 56.7266 2 209.441 -250
319 394.978 56.7266 2 219.213 -250
320 404.978 56.7266 2 229.004 -108.253
321 414.978 56.7266 2 238.812 -95.3538
322 424.978 56.7266 2 248.636 -94.3948
323 434.978 56.7266 2 258.473 -92.3123
324 444.978 56.7266 2 268.322 -87.4244
325 454.978 56.7266 2 278.182 -250
326 464.978 56.7266 2 288.051 -250
327 474.978 56.7266 2 297.93 -97.951
328 484.978 56.7266 2 307.816 -108.517
329 84.9784 66.7266 2 103.963 -80.0972
330 94.9784 66.7266 2 94.8511 -81.176
331 104.978 66.7266 2 85.9372 -78.5092
332 114.978 66.7266 2 77.2897 -79.922
333 124.978 66.7266 2 69.0085 -76.6445
334 134.978 66.7266 2 61.2426 -80.5645
335 144.978 66.7266 2 54.2138 -71.3847
336 154.978 66.7266 2 48.2454 -75.145
337 164.978 66.7266 2 43.7733 -70.9615
338 174.978 66.7266 2 41.2866 -72.2077
339 184.978 66.7266 2 41.1469 -69.9927
340 194.978 66.7266 2 43.3768 -76.7742
341 204.978 66.7266 2 47.6448 -70.2632
342 214.978 66.7266 2 53.4651 -74.9114
343 224.978 66.7266 2 60.3904 -75.6419
344 234.978 66.7266 2 68.0843 -83.2419
345 244.978 66.7266 2 76.3149 -80.9794
346 254.978 66.7266 2 84.9261 -76.5573
347 264.978 66.7266 2 93.8132 -78.0566
348 274.978 66.7266 2 102.905 -81.4595
349 284.978 66.7266 2 112.151 -78.6066
350 294.978 66.7266 2 121.517 -88.9002
351 304.978 66.7266 2 130.977 -82.8476
352 314.978 66.7266 2 140.511 -84.7412
353 324.978 66.7266 2 150.106 -80.5616
354 334.978 66.7266 2 159.751 -82.0571
355 344.978 66.7266 2 169.437 -82.0867
356 354.978 66.7266 2 179.157 -85.1309
357 364.978 66.7266 2 188.907 -80.9897
358 374.978 66.7266 2 198.681 -88.0427
359 384.978 66.7266 2 208.477 -85.1168
360 394.978 66.7266 2 218.292 -86.6058
361 404.978 66.7266 2 228.122 -84.6791
362 414.978 66.7266 2 237.967 -84.9632
363 424.978 66.7266 2 247.824 -85.4064
364 434.978 66.7266 2 257.692 -87.9002
365 444.978 66.7266 2 267.57 -86.2587
366 454.978 66.7266 2 277.456 -97.3496
367 464.978 66.7266 2 287.351 -82.8567
368 474.978 66.7266 2 297.253 -90.3754
369 484.978 66.7266 2 307.16 -90.2991
370 84.9784 76.7266 2 102.982 -87.6308
371 94.9784 76.7266 2 93.775 -86.8247
372 104.978 76.7266 2 84.748 -83.3377
373 114.978 76.7266 2 75.9652 -80.2863
374 124.978 76.7266 2 67.5218 -76.9484
375 134.978 76.7266 2 59.5624 -73.0832
376 144.978 76.7266 2 52.3083 -71.807
377 154.978 76.7266 2 46.0938 -70.2949
378 164.978 76.7266 2 41.3899 -72.916
379 174.978 76.7266 2 38.7505 -71.9657
380 184.978 76.7266 2 38.6016 -75.8571
381 194.978 76.7266 2 40.9703 -67.7977
382 204.978 76.7266 2 45.4648 -69.362
383 214.978 76.7266 2 51.5319 -70.276
384 224.978 76.7266 2 58.6857 -81.8261
385 234.978 76.7266 2 66.577 -78.2699
386 244.978 76.7266 2 74.9732 -90.2237
387 254.978 76.7266 2 83.7225 -87.9217
388 264.978 76.7266 2 92.7251 -87.7186
389 274.978 76.7266 2 101.914 -88.1987
390 284.978 76.7266 2 111.243 -89.3233
391 294.978 76.7266 2 120.679 -87.6932
392 304.978 76.7266 2 130.199 -88.1172
393 314.978 76.7266 2 139.787 -89.1334
394 324.978 76.7266 2 149.428 -95.3338
395 334.978 76.7266 2 159.114 -103.565
396 344.978 76.7266 2 168.837 -87.1376
397 354.978 76.7266 2 178.59 -86.0677
398 364.978 76.7266 2 188.369 -84.2309
399 374.978 76.7266 2 198.17 -85.6693
400 384.978 76.7266 2 207.99 -89.0078
401 394.978 76.7266 2 217.826 -86.9024
402 404.978 76.7266 2 227.677 -85.7251
403 414.978 76.7266 2 237.54 -89.6702
404 424.978 76.7266 2 247.414 -94.3478
405 434.978 76.7266 2 257.298 -92.0318
406 444.978 76.7266 2 267.19 -113.049
407 454.978 76.7266 2 277.09 -112.919
408 464.978 76.7266 2 286.998 -121.711
409 474.978 76.7266 2 296.911 -113.605
410 484.978 76.7266 2 306.83 -117.405
411 84.9784 86.7266 2 102.967 -90.654
412 94.9784 86.7266 2 93.7591 -105.025
413 104.978 86.7266 2 84.7304 -250
414 114.978 86.7266 2 75.9456 -250
415 124.978 86.7266 2 67.4997 -250
416 134.978 86.7266 2 59.5373 -72.9468
417 144.978 86.7266 2 52.2798 -93.1399
418 154.978 86.7266 2 46.0615 -250
419 164.978 86.7266 2 41.3538 -250
420 174.978 86.7266 2 38.712 -250
421 184.978 86.7266 2 38.563 -77.1756
422 194.978 86.7266 2 40.9339 -68.1896
423 204.978 86.7266 2 45.432 -68.7879
424 214.978 86.7266 2 51.5029 -69.9422
425 224.978 86.7266 2 58.6603 -250
426 234.978 86.7266 2 66.5546 -250
427 244.978 86.7266 2 74.9533 -250
428 254.978 86.7266 2 83.7047 -102.785
429 264.978 86.7266 2 92.709 -91.893
430 274.978 86.7266 2 101.899 -93.425
431 284.978 86.7266 2 111.229 -92.1485
432 294.978 86.7266 2 120.667 -89.3574
433 304.978 86.7266 2 130.188 -86.6683
434 314.978 86.7266 2 139.776 -91.0709
435 324.978 86.7266 2 149.418 -87.045
436 334.978 86.7266 2 159.105 -100.473
437 344.978 86.7266 2 168.828 -93.2646
438 354.978 86.7266 2 178.581 -91.4414
439 364.978 86.7266 2 188.361 -82.5682
440 374.978 86.7266 2 198.162 -84.0111
441 384.978 86.7266 2 207.983 -250
442 394.978 86.7266 2 217.819 -250
443 404.978 86.7266 2 227.67 -250
444 414.978 86.7266 2 237.534 -133.181
445 424.978 86.7266 2 247.408 -117.982
446 434.978 86.7266 2 257.292 -124.491
447 444.978 86.7266 2 267.185 -250
448 454.978 86.7266 2 277.085 -250
449 464.978 86.7266 2 286.992 -250
450 474.978 86.7266 2 296.906 -124.125
451 484.978 86.7266 2 306.825 -137.815
452 84.9784 96.7266 2 103.92 -90.3955
453 94.9784 96.7266 2 94.8039 -111.057
454 104.978 96.7266 2 85.8852 -101.55
455 114.978 96.7266 2 77.2318 -101.046
456 124.978 96.7266 2 68.9437 -74.5314
457 134.978 96.7266 2 61.1695 -77.2849
458 144.978 96.7266 2 54.1313 -90.5696
459 154.978 96.7266 2 48.1526 -250
460 164.978 96.7266 2 43.671 -250
461 174.978 96.7266 2 41.1782 -250
462 184.978 96.7266 2 41.0381 -68.8808
463 194.978 96.7266 2 43.2736 -250
464 204.978 96.7266 2 47.5509 -250
465 214.978 96.7266 2 53.3814 -250
466 224.978 96.7266 2 60.3163 -250
467 234.978 96.7266 2 68.0186 -250
468 244.978 96.7266 2 76.2563 -250
469 254.978 96.7266 2 84.8734 -250
470 264.978 96.7266 2 93.7656 -250
471 274.978 96.7266 2 102.861 -93.5127
472 284.978 96.7266 2 112.111 -102.048
473 294.978 96.7266 2 121.48 -89.0341
474 304.978 96.7266 2 130.942 -102.122
475 314.978 96.7266 2 140.479 -93.6998
476 324.978 96.7266 2 150.076 -96.1908
477 334.978 96.7266 2 159.723 -92.2665
478 344.978 96.7266 2 169.41 -85.0648
479 354.978 96.7266 2 179.132 -84.2995
480 364.978 96.7266 2 188.883 -86.4917
481 374.978 96.7266 2 198.659 -85.6032
482 384.978 96.7266 2 208.456 -250
483 394.978 96.7266 2 218.271 -250
484 404.978 96.7266 2 228.102 -250
485 414.978 96.7266 2 237.948 -129.079
486 424.978 96.7266 2 247.806 -133.51
487 434.978 96.7266 2 257.675 -130.124
488 444.978 96.7266 2 267.553 -250
489 454.978 96.7266 2 277.44 -250
490 464.978 96.7266 2 287.335 -250
491 474.978 96.7266 2 297.237 -123.959
492 484.978 96.7266 2 307.146 -117.67
493 84.9784 106.727 2 105.813 -78.7671
494 94.9784 106.727 2 96.8752 -77.5748
495 104.978 106.727 2 88.1662 -74.7971
496 114.978 106.727 2 79.7607 -84.064
497 124.978 106.727 2 71.7652 -84.1136
498 134.978 106.727 2 64.333 -87.3531
499 144.978 106.727 2 57.682 -106.621
500 154.978 106.727 2 52.1123 -250
501 164.978 106.727 2 48.0018 -250
502 174.978 106.727 2 45.7456 -250
503 184.978 106.727 2 45.6195 -72.8198
504 194.978 106.727 2 47.6406 -250
505 204.978 106.727 2 51.5568 -250
506 214.978 106.727 2 56.9788 -250
507 224.978 106.727 2 63.5222 -250
508 234.978 106.727 2 70.877 -250
509 244.978 106.727 2 78.8165 -250
510 254.978 106.727 2 87.1809 -250
511 264.978 106.727 2 95.8593 -250
512 274.978 106.727 2 104.773 -100.462
513 284.978 106.727 2 113.868 -98.1205
514 294.978 106.727 2 123.103 -93.3629
515 304.978 106.727 2 132.45 -93.8914
516 314.978 106.727 2 141.885 -86.899
517 324.978 106.727 2 151.393 -93.3376
518 334.978 106.727 2 160.961 -94.701
519 344.978 106.727 2 170.578 -91.0397
520 354.978 106.727 2 180.237 -92.4249
521 364.978 106.727 2 189.931 -85.731
522 374.978 106.727 2 199.655 -84.4978
523 384.978 106.727 2 209.406 -250
524 394.978 106.727 2 219.179 -250
525 404.978 106.727 2 228.971 -250
526 414.978 106.727 2 238.781 -122.001
527 424.978 106.727 2 248.606 -122.268
528 434.978 106.727 2 258.444 -124.296
529 444.978 106.727 2 268.294 -250
530 454.978 106.727 2 278.155 -250
531 464.978 106.727 2 288.025 -250
532 474.978 106.727 2 297.905 -123.373
533 484.978 106.727 2 307.792 -125.915
534 84.9784 116.727 2 108.597 -80.8479
535 94.9784 116.727 2 99.9091 -89.8338
536 104.978 116.727 2 91.4894 -111.43
537 114.978 116.727 2 83.4193 -250
538 124.978 116.727 2 75.8107 -250
539 134.978 116.727 2 68.8168 -250
540 144.978 116.727 2 62.6437 -250
541 154.978 116.727 2 57.5562 -250
542 164.978 116.727 2 53.8627 -250
543 174.978 116.727 2 51.8621 -250
544 184.978 116.727 2 51.7509 -66.3451
545 194.978 116.727 2 53.541 -250
546 204.978 116.727 2 57.0537 -250
547 214.978 116.727 2 61.9968 -250
548 224.978 116.727 2 68.0595 -250
549 234.978 116.727 2 74.9705 -250
550 244.978 116.727 2 82.517 -250
551 254.978 116.727 2 90.5402 -250
552 264.978 116.727 2 98.9243 -250
553 274.978 116.727 2 107.585 -115.371
554 284.978 116.727 2 116.46 -110.997
555 294.978 116.727 2 125.505 -111.284
556 304.978 116.727 2 134.685 -101.782
557 314.978 116.727 2 143.974 -105.506
558 324.978 116.727 2 153.352 -250
559 334.978 116.727 2 162.805 -250
560 344.978 116.727 2 172.319 -250
561 354.978 116.727 2 181.886 -250
562 364.978 116.727 2 191.496 -250
563 374.978 116.727 2 201.145 -250
564 384.978 116.727 2 210.826 -250
565 394.978 116.727 2 220.536 -250
566 404.978 116.727 2 230.271 -250
567 414.978 116.727 2 240.028 -250
568 424.978 116.727 2 249.803 -123.913
569 434.978 116.727 2 259.596 -130.519
570 444.978 116.727 2 269.404 -250
571 454.978 116.727 2 279.226 -250
572 464.978 116.727 2 289.06 -250
573 474.978 116.727 2 298.905 -124.479
574 484.978 116.727 2 308.76 -131.227
575 84.9784 126.727 2 112.207 -79.5583
576 94.9784 126.727 2 103.821 -98.398
577 104.978 126.727 2 95.7461 -112.699
578 114.978 126.727 2 88.067 -250
579 124.978 126.727 2 80.8968 -250
580 134.978 126.727 2 74.3826 -250
581 144.978 126.727 2 68.7114 -250
582 154.978 126.727 2 64.1072 -250
583 164.978 126.727 2 60.8129 -250
584 174.978 126.727 2 59.0483 -250
585 184.978 126.727 2 58.9506 -78.4962
586 194.978 126.727 2 60.5282 -102.906
587 204.978 126.727 2 63.6564 -98.9889
588 214.978 126.727 2 68.1221 -108.437
589 224.978 126.727 2 73.6825 -250
590 234.978 126.727 2 80.1099 -250
591 244.978 126.727 2 87.2128 -250
592 254.978 126.727 2 94.8396 -106.712
593 264.978 126.727 2 102.874 -100.996
594 274.978 126.727 2 111.227 -110.761
595 284.978 126.727 2 119.833 -111.399
596 294.978 126.727 2 128.641 -121.918
597 304.978 126.727 2 137.612 -104.951
598 314.978 126.727 2 146.716 -124.342
599 324.978 126.727 2 155.929 -250
600 334.978 126.727 2 165.234 -250
601 344.978 126.727 2 174.616 -250
602 354.978 126.727 2 184.064 -250
603 364.978 126.727 2 193.566 -250
604 374.978 126.727 2 203.117 -250
605 384.978 126.727 2 212.708 -250
606 394.978 126.727 2 222.336 -250
607 404.978 126.727 2 231.995 -250
608 414.978 126.727 2 241.682 -250
609 424.978 126.727 2 251.394 -110.064
610 434.978 126.727 2 261.127 -127.126
611 444.978 126.727 2 270.88 -250
612 454.978 126.727 2 280.65 -250
613 464.978 126.727 2 290.435 -250
614 474.978 126.727 2 300.235 -141.08
615 484.978 126.727 2 310.048 -122.523
616 84.9784 136.727 2 116.565 -79.0555
617 94.9784 136.727 2 108.517 -96.6678
618 104.978 136.727 2 100.818 -96.5533
619 114.978 136.727 2 93.5565 -99.0213
620 124.978 136.727 2 86.8407 -112.415
621 134.978 136.727 2 80.8071 -250
622 144.978 136.727 2 75.6192 -250
623 154.978 136.727 2 71.4615 -250
624 164.978 136.727 2 68.5218 -250
625 174.978 136.727 2 66.9605 -250
626 184.978 136.727 2 66.8745 -79.3007
627 194.978 136.727 2 68.2692 -81.3776
628 204.978 136.727 2 71.0575 -94.4241
629 214.978 136.727 2 75.0842 -95.3473
630 224.978 136.727 2 80.1631 -250
631 234.978 136.727 2 86.1081 -250
632 244.978 136.727 2 92.7528 -250
633 254.978 136.727 2 99.9579 -98.6896
634 264.978 136.727 2 107.611 -111.963
635 274.978 136.727 2 115.622 -99.2514
636 284.978 136.727 2 123.923 -103.32
637 294.978 136.727 2 132.459 -101.959
638 304.978 136.727 2 141.188 -105.973
639 314.978 136.727 2 150.075 -118.189
640 324.978 136.727 2 159.094 -250
641 334.978 136.727 2 168.224 -250
642 344.978 136.727 2 177.448 -250
643 354.978 136.727 2 186.752 -250
644 364.978 136.727 2 196.125 -250
645 374.978 136.727 2 205.556 -250
646 384.978 136.727 2 215.039 -250
647 394.978 136.727 2 224.567 -250
648 404.978 136.727 2 234.134 -250
649 414.978 136.727 2 243.736 -250
650 424.978 136.727 2 253.369 -121.533
651 434.978 136.727 2 263.029 -111.219
652 444.978 136.727 2 272.714 -250
653 454.978 136.727 2 282.42 -250
654 464.978 136.727 2 292.147 -250
655 474.978 136.727 2 301.891 -128.524
656 484.978 136.727 2 311.652 -127.427
657 84.9784 146.727 2 121.591 -84.0029
658 94.9784 146.727 2 113.899 -83.0274
659 104.978 146.727 2 106.59 -78.861
660 114.978 146.727 2 99.7489 -95.7347
661 124.978 146.727 2 93.479 -109.324
662 134.978 146.727 2 87.9022 -114.796
663 144.978 146.727 2 83.1582 -105.879
664 154.978 146.727 2 79.3963 -105.006
665 164.978 146.727 2 76.761 -108.834
666 174.978 146.727 2 75.3706 -100.029
667 184.978 146.727 2 75.2942 -76.2226
668 194.978 146.727 2 76.5356 -81.3949
669 204.978 146.727 2 79.0328 -96.6602
670 214.978 146.727 2 82.672 -94.9493
671 224.978 146.727 2 87.3106 -100.144
672 234.978 146.727 2 92.7989 -103.396
673 244.978 146.727 2 98.9955 -96.8468
674 254.978 146.727 2 105.776 -104.6
675 264.978 146.727 2 113.036 -111.072
676 274.978 146.727 2 120.688 -112.693
677 284.978 146.727 2 128.662 -117.316
678 294.978 146.727 2 136.903 -100.018
679 304.978 146.727 2 145.365 -106.393
680 314.978 146.727 2 154.011 -102.737
681 324.978 146.727 2 162.813 -108.306
682 334.978 146.727 2 171.745 -94.7892
683 344.978 146.727 2 180.79 -94.1356
684 354.978 146.727 2 189.93 -94.4612
685 364.978 146.727 2 199.153 -101.531
686 374.978 146.727 2 208.448 -94.6939
687 384.978 146.727 2 217.805 -91.9912
688 394.978 146.727 2 227.217 -89.6744
689 404.978 146.727 2 236.677 -91.2208
690 414.978 146.727 2 246.179 -96.9374
691 424.978 146.727 2 255.72 -98.875
692 434.978 146.727 2 265.295 -105.218
693 444.978 146.727 2 274.9 -115.996
694 454.978 146.727 2 284.532 -117.801
695 464.978 146.727 2 294.188 -129.689
696 474.978 146.727 2 303.867 -121.046
697 484.978 146.727 2 313.566 -111.598
698 84.9784 156.727 2 127.206 -82.0536
699 94.9784 156.727 2 119.874 -80.5286
700 104.978 156.727 2 112.953 -80.4235
701 114.978 156.727 2 106.522 -94.5552
702 124.978 156.727 2 100.674 -92.2799
703 134.978 156.727 2 95.5187 -94.4281
704 144.978 156.727 2 91.1718 -94.6941
705 154.978 156.727 2 87.7541 -98.8772
706 164.978 156.727 2 85.3772 -96.0519
707 174.978 156.727 2 84.1294 -87.6679
708 184.978 156.727 2 84.0609 -74.3007
709 194.978 156.727 2 85.1746 -76.0746
710 204.978 156.727 2 87.4254 -95.6724
711 214.978 156.727 2 90.7286 -109.677
712 224.978 156.727 2 94.9745 -97.1054
713 234.978 156.727 2 100.043 -102.233
714 244.978 156.727 2 105.816 -101.006
715 254.978 156.727 2 112.186 -102.943
716 264.978 156.727 2 119.055 -109.361
717 274.978 156.727 2 126.343 -102.194
718 284.978 156.727 2 133.982 -110.254
719 294.978 156.727 2 141.914 -114.605
720 304.978 156.727 2 150.093 -102.506
721 314.978 156.727 2 158.482 -102.304
722 324.978 156.727 2 167.048 -98.9778
723 334.978 156.727 2 175.765 -102.971
724 344.978 156.727 2 184.613 -99.3493
725 354.978 156.727 2 193.573 -101.445
726 364.978 156.727 2 202.63 -96.7249
727 374.978 156.727 2 211.772 -93.3438
728 384.978 156.727 2 220.988 -91.8657
729 394.978 156.727 2 230.27 -94.6706
730 404.978 156.727 2 239.61 -94.265
731 414.978 156.727 2 249.001 -95.1001
732 424.978 156.727 2 258.437 -92.5226
733 434.978 156.727 2 267.915 -101.675
734 444.978 156.727 2 277.429 -102.832
735 454.978 156.727 2 286.976 -118.212
736 464.978 156.727 2 296.553 -104.665
737 474.978 156.727 2 306.157 -112.595
738 484.978 156.727 2 315.786 -118.894
739 84.9784 166.727 2 133.336 -81.678
740 94.9784 166.727 2 126.36 -80.8882
741 104.978 166.727 2 119.814 -79.8258
742 114.978 166.727 2 113.771 -81.2497
743 124.978 166.727 2 108.316 -81.3146
744 134.978 166.727 2 103.541 -82.1754
745 144.978 166.727 2 99.5456 -88.6298
746 154.978 166.727 2 96.4251 -88.6554
747 164.978 166.727 2 94.2671 -94.4701
748 174.978 166.727 2 93.1384 -82.3443
749 184.978 166.727 2 93.0766 -83.5432
750 194.978 166.727 2 94.0837 -80.3516
751 204.978 166.727 2 96.126 -89.4302
752 214.978 166.727 2 99.1398 -93.0762
753 224.978 166.727 2 103.04 -250
754 234.978 166.727 2 107.73 -104.149
755 244.978 166.727 2 113.111 -250
756 254.978 166.727 2 119.091 -250
757 264.978 166.727 2 125.583 -250
758 274.978 166.727 2 132.513 -113.588
759 284.978 166.727 2 139.814 -101.452
760 294.978 166.727 2 147.433 -250
761 304.978 166.727 2 155.322 -250
762 314.978 166.727 2 163.443 -250
763 324.978 166.727 2 171.761 -250
764 334.978 166.727 2 180.251 -250
765 344.978 166.727 2 188.889 -250
766 354.978 166.727 2 197.655 -100.109
767 364.978 166.727 2 206.533 -97.323
768 374.978 166.727 2 215.51 -250
769 384.978 166.727 2 224.573 -105.296
770 394.978 166.727 2 233.712 -97.0291
771 404.978 166.727 2 242.919 -99.5041
772 414.978 166.727 2 252.187 -101.411
773 424.978 166.727 2 261.509 -94.1593
774 434.978 166.727 2 270.879 -96.4444
775 444.978 166.727 2 280.292 -250
776 454.978 166.727 2 289.745 -250
777 464.978 166.727 2 299.234 -250
778 474.978 166.727 2 308.754 -131.251
779 484.978 166.727 2 318.304 -128.726
780 84.9784 176.727 2 139.912 -81.527
781 94.9784 176.727 2 133.281 -83.1981
782 104.978 176.727 2 127.092 -81.6564
783 114.978 176.727 2 121.412 -79.2453
784 124.978 176.727 2 116.316 -80.0421
785 134.978 176.727 2 111.883 -83.5939
786 144.978 176.727 2 108.196 -81.2726
787 154.978 176.727 2 105.332 -78.7562
788 164.978 176.727 2 103.36 -79.8848
789 174.978 176.727 2 102.332 -79.8519
790 184.978 176.727 2 102.275 -80.7036
791 194.978 176.727 2 103.193 -83.7161
792 204.978 176.727 2 105.058 -80.0626
793 214.978 176.727 2 107.823 -87.355
794 224.978 176.727 2 111.419 -250
795 234.978 176.727 2 115.77 -97.0903
796 244.978 176.727 2 120.794 -250
797 254.978 176.727 2 126.411 -250
798 264.978 176.727 2 132.545 -250
799 274.978 176.727 2 139.128 -92.6064
800 284.978 176.727 2 146.1 -93.1226
801 294.978 176.727 2 153.407 -250
802 304.978 176.727 2 161.003 -250
803 314.978 176.727 2 168.851 -250
804 324.978 176.727 2 176.915 -250
805 334.978 176.727 2 185.169 -250
806 344.978 176.727 2 193.587 -250
807 354.978 176.727 2 202.15 -110.849
808 364.978 176.727 2 210.839 -104.094
809 374.978 176.727 2 219.639 -250
810 384.978 176.727 2 228.539 -105.492
811 394.978 176.727 2 237.526 -106.244
812 404.978 176.727 2 246.591 -102.145
813 414.978 176.727 2 255.725 -98.2278
814 424.978 176.727 2 264.922 -95.0082
815 434.978 176.727 2 274.176 -91.1882
816 444.978 176.727 2 283.48 -250
817 454.978 176.727 2 292.83 -250
818 464.978 176.727 2 302.221 -250
819 474.978 176.727 2 311.651 -126.307
820 484.978 176.727 2 321.115 -129.904
821 84.9784 186.727 2 146.876 -85.8575
822 94.9784 186.727 2 140.574 -83.794
823 104.978 186.727 2 134.72 -82.4689
824 114.978 186.727 2 129.375 -86.355
825 124.978 186.727 2 124.605 -82.5734
826 134.978 186.727 2 120.478 -84.5741
827 144.978 186.727 2 117.061 -80.3735
828 154.978 186.727 2 114.42 -82.9385
829 164.978 186.727 2 112.607 -82.3633
830 174.978 186.727 2 111.664 -91.8396
831 184.978 186.727 2 111.612 -83.4917
832 194.978 186.727 2 112.453 -82.3941
833 204.978 186.727 2 114.168 -79.5933
834 214.978 186.727 2 116.716 -75.9683
835 224.978 186.727 2 120.047 -250
836 234.978 186.727 2 124.096 -102.194
837 244.978 186.727 2 128.795 -250
838 254.978 186.727 2 134.077 -250
839 264.978 186.727 2 139.875 -250
840 274.978 186.727 2 146.129 -94.4248
841 284.978 186.727 2 152.781 -95.8149
842 294.978 186.727 2 159.783 -90.792
843 304.978 186.727 2 167.09 -89.5264
844 314.978 186.727 2 174.664 -96.1059
845 324.978 186.727 2 182.472 -95.8149
846 334.978 186.727 2 190.485 -250
847 344.978 186.727 2 198.678 -250
848 354.978 186.727 2 207.03 -250
849 364.978 186.727 2 215.523 -250
850 374.978 186.727 2 224.139 -250
851 384.978 186.727 2 232.867 -105.004
852 394.978 186.727 2 241.693 -98.2992
853 404.978 186.727 2 250.607 -98.7117
854 414.978 186.727 2 259.6 -103.599
855 424.978 186.727 2 268.665 -106.236
856 434.978 186.727 2 277.794 -94.1392
857 444.978 186.727 2 286.981 -250
858 454.978 186.727 2 296.22 -250
859 464.978 186.727 2 305.507 -250
860 474.978 186.727 2 314.838 -133.062
861 484.978 186.727 2 324.209 -132.574
862 84.9784 196.727 2 154.174 -84.59
863 94.9784 196.727 2 148.182 -83.3825
864 104.978 196.727 2 142.641 -83.3943
865 114.978 196.727 2 137.604 -82.5863
866 124.978 196.727 2 133.129 -81.2821
867 134.978 196.727 2 129.275 -82.054
868 144.978 196.727 2 126.097 -84.202
869 154.978 196.727 2 123.648 -81.6489
870 164.978 196.727 2 121.973 -85.3409
871 174.978 196.727 2 121.103 -82.3566
872 184.978 196.727 2 121.055 -82.7059
873 194.978 196.727 2 121.831 -83.9765
874 204.978 196.727 2 123.415 -82.0529
875 214.978 196.727 2 125.777 -78.7043
876 224.978 196.727 2 128.873 -250
877 234.978 196.727 2 132.653 -105.871
878 244.978 196.727 2 137.059 -102.916
879 254.978 196.727 2 142.034 -109.191
880 264.978 196.727 2 147.52 -93.9452
881 274.978 196.727 2 153.462 -97.4358
882 284.978 196.727 2 159.81 -93.5144
883 294.978 196.727 2 166.516 -98.9944
884 304.978 196.727 2 173.54 -102.212
885 314.978 196.727 2 180.844 -98.5216
886 324.978 196.727 2 188.396 -89.7491
887 334.978 196.727 2 196.167 -250
888 344.978 196.727 2 204.132 -250
889 354.978 196.727 2 212.27 -124.738
890 364.978 196.727 2 220.561 -120.307
891 374.978 196.727 2 228.988 -135.954
892 384.978 196.727 2 237.537 -101.431
893 394.978 196.727 2 246.196 -100.168
894 404.978 196.727 2 254.953 -101.902
895 414.978 196.727 2 263.798 -104.189
896 424.978 196.727 2 272.723 -250
897 434.978 196.727 2 281.72 -250
898 444.978 196.727 2 290.783 -250
899 454.978 196.727 2 299.906 -250
900 464.978 196.727 2 309.082 -250
901 474.978 196.727 2 318.308 -124.84
902 484.978 196.727 2 327.58 -128.98
903 84.9784 206.727 2 161.761 -84.3238
904 94.9784 206.727 2 156.061 -85.5399
905 104.978 206.727 2 150.809 -83.9344
906 114.978 206.727 2 146.055 -116.607
907 124.978 206.727 2 141.847 -250
908 134.978 206.727 2 138.235 -82.5298
909 144.978 206.727 2 135.268 -82.7365
910 154.978 206.727 2 132.988 -84.4449
911 164.978 206.727 2 131.432 -81.1243
912 174.978 206.727 2 130.625 -80.8094
913 184.978 206.727 2 130.581 -81.9134
914 194.978 206.727 2 131.3 -81.9614
915 204.978 206.727 2 132.772 -82.7948
916 214.978 206.727 2 134.97 -80.1719
917 224.978 206.727 2 137.86 -85.0802
918 234.978 206.727 2 141.399 -101.903
919 244.978 206.727 2 145.541 -89.9224
920 254.978 206.727 2 150.235 -102.543
921 264.978 206.727 2 155.432 -97.2804
922 274.978 206.727 2 161.083 -96.9717
923 284.978 206.727 2 167.141 -96.8464
924 294.978 206.727 2 173.564 -95.4292
925 304.978 206.727 2 180.314 -98.9552
926 314.978 206.727 2 187.354 -108.55
927 324.978 206.727 2 194.654 -89.4761
928 334.978 206.727 2 202.184 -250
929 344.978 206.727 2 209.922 -250
930 354.978 206.727 2 217.843 -114.222
931 364.978 206.727 2 225.929 -104.462
932 374.978 206.727 2 234.163 -103.297
933 384.978 206.727 2 242.53 -103.308
934 394.978 206.727 2 251.017 -103.473
935 404.978 206.727 2 259.611 -110.939
936 414.978 206.727 2 268.303 -112.199
937 424.978 206.727 2 277.083 -250
938 434.978 206.727 2 285.943 -250
939 444.978 206.727 2 294.876 -250
940 454.978 206.727 2 303.876 -250
941 464.978 206.727 2 312.936 -250
942 474.978 206.727 2 322.052 -133.824
943 484.978 206.727 2 331.219 -132.598
944 84.9784 216.727 2 169.598 -85.9383
945 94.9784 216.727 2 164.171 -86.9685
946 104.978 216.727 2 159.187 -87.2426
947 114.978 216.727 2 154.69 -124.415
948 124.978 216.727 2 150.723 -250
949 134.978 216.727 2 147.329 -81.1105
950 144.978 216.727 2 144.549 -84.3344
951 154.978 216.727 2 142.418 -82.6005
952 164.978 216.727 2 140.966 -81.5483
953 174.978 216.727 2 140.214 -83.4849
954 184.978 216.727 2 140.173 -81.5763
955 194.978 216.727 2 140.843 -81.3094
956 204.978 216.727 2 142.216 -83.0435
957 214.978 216.727 2 144.27 -80.9421
958 224.978 216.727 2 146.977 -82.6705
959 234.978 216.727 2 150.302 -97.1218
960 244.978 216.727 2 154.205 -91.3069
961 254.978 216.727 2 158.643 -94.473
962 264.978 216.727 2 163.573 -95.3891
963 274.978 216.727 2 168.952 -95.4065
964 284.978 216.727 2 174.737 -92.6118
965 294.978 216.727 2 180.891 -250
966 304.978 216.727 2 187.377 -250
967 314.978 216.727 2 194.161 -250
968 324.978 216.727 2 201.214 -250
969 334.978 216.727 2 208.508 -250
970 344.978 216.727 2 216.019 -250
971 354.978 216.727 2 223.724 -104.211
972 364.978 216.727 2 231.605 -103.212
973 374.978 216.727 2 239.645 -103.818
974 384.978 216.727 2 247.827 -119.753
975 394.978 216.727 2 256.138 -118.515
976 404.978 216.727 2 264.566 -132.541
977 414.978 216.727 2 273.1 -128.219
978 424.978 216.727 2 281.73 -250
979 434.978 216.727 2 290.449 -250
980 444.978 216.727 2 299.247 -250
981 454.978 216.727 2 308.119 -250
982 464.978 216.727 2 317.058 -250
983 474.978 216.727 2 326.059 -126.261
984 484.978 216.727 2 335.116 -132.755
985 84.9784 226.727 2 177.653 -86.0529
986 94.9784 226.727 2 172.479 -84.0494
987 104.978 226.727 2 167.742 -250
988 114.978 226.727 2 163.481 -250
989 124.978 226.727 2 159.732 -250
990 134.978 226.727 2 156.534 -78.8789
991 144.978 226.727 2 153.92 -84.5811
992 154.978 226.727 2 151.921 -82.7905
993 164.978 226.727 2 150.56 -86.6493
994 174.978 226.727 2 149.856 -87.2663
995 184.978 226.727 2 149.818 -83.1935
996 194.978 226.727 2 150.445 -84.2606
997 204.978 226.727 2 151.731 -82.5096
998 214.978 226.727 2 153.658 -81.9196
999 224.978 226.727 2 156.203 -87.9578
1000 234.978 226.727 2 159.335 -92.3602
1001 244.978 226.727 2 163.022 -94.0702
1002 254.978 226.727 2 167.227 -88.0586
1003 264.978 226.727 2 171.911 -94.7951
1004 274.978 226.727 2 177.036 -95.5506
1005 284.978 226.727 2 182.566 -91.2721
1006 294.978 226.727 2 188.464 -250
1007 304.978 226.727 2 194.698 -250
1008 314.978 226.727 2 201.235 -250
1009 324.978 226.727 2 208.048 -250
1010 334.978 226.727 2 215.111 -250
1011 344.978 226.727 2 222.398 -250
1012 354.978 226.727 2 229.89 -103.483
1013 364.978 226.727 2 237.567 -116.311
1014 374.978 226.727 2 245.411 -123.755
1015 384.978 226.727 2 253.407 -112.636
1016 394.978 226.727 2 261.541 -114.544
1017 404.978 226.727 2 269.8 -118.136
1018 414.978 226.727 2 278.173 -125.812
1019 424.978 226.727 2 286.651 -250
1020 434.978 226.727 2 295.224 -250
1021 444.978 226.727 2 303.885 -250
1022 454.978 226.727 2 312.625 -250
1023 464.978 226.727 2 321.439 -250
1024 474.978 226.727 2 330.32 -130.558
1025 484.978 226.727 2 339.264 -118.864
1026 84.9784 236.727 2 185.897 -86.1402
1027 94.9784 236.727 2 180.959 -92.3309
1028 104.978 236.727 2 176.45 -117.126
1029 114.978 236.727 2 172.404 -107.049
1030 124.978 236.727 2 168.853 -250
1031 134.978 236.727 2 165.831 -90.2394
1032 144.978 236.727 2 163.366 -84.7091
1033 154.978 236.727 2 161.484 -84.5991
1034 164.978 236.727 2 160.204 -85.2942
1035 174.978 236.727 2 159.543 -84.1629
1036 184.978 236.727 2 159.507 -85.2528
1037 194.978 236.727 2 160.096 -84.4673
1038 204.978 236.727 2 161.305 -85.5105
1039 214.978 236.727 2 163.119 -84.1995
1040 224.978 236.727 2 165.518 -82.0338
1041 234.978 236.727 2 168.478 -83.6628
1042 244.978 236.727 2 171.969 -104.35
1043 254.978 236.727 2 175.96 -84.2298
1044 264.978 236.727 2 180.417 -95.1542
1045 274.978 236.727 2 185.307 -99.2336
1046 284.978 236.727 2 190.597 -101.881
1047 294.978 236.727 2 196.254 -250
1048 304.978 236.727 2 202.248 -250
1049 314.978 236.727 2 208.549 -250
1050 324.978 236.727 2 215.131 -250
1051 334.978 236.727 2 221.968 -250
1052 344.978 236.727 2 229.037 -250
1053 354.978 236.727 2 236.319 -120.294
1054 364.978 236.727 2 243.793 -115.674
1055 374.978 236.727 2 251.443 -123.996
1056 384.978 236.727 2 259.253 -120.832
1057 394.978 236.727 2 267.209 -113.44
1058 404.978 236.727 2 275.298 -116.63
1059 414.978 236.727 2 283.509 -250
1060 424.978 236.727 2 291.832 -250
1061 434.978 236.727 2 300.257 -250
1062 444.978 236.727 2 308.776 -250
1063 454.978 236.727 2 317.382 -250
1064 464.978 236.727 2 326.067 -250
1065 474.978 236.727 2 334.826 -127.003
1066 484.978 236.727 2 343.652 -126.335
1067 84.9784 246.727 2 194.305 -85.1169
1068 94.9784 246.727 2 189.587 -95.88
1069 104.978 246.727 2 185.288 -106.606
1070 114.978 246.727 2 181.439 -121.252
1071 124.978 246.727 2 178.069 -104.147
1072 134.978 246.727 2 175.206 -82.4108
1073 144.978 246.727 2 172.874 -80.4173
1074 154.978 246.727 2 171.096 -83.5181
1075 164.978 246.727 2 169.889 -82.7703
1076 174.978 246.727 2 169.266 -80.8443
1077 184.978 246.727 2 169.232 -81.2084
1078 194.978 246.727 2 169.788 -83.8049
1079 204.978 246.727 2 170.928 -83.0809
1080 214.978 246.727 2 172.641 -85.4361
1081 224.978 246.727 2 174.909 -81.6232
1082 234.978 246.727 2 177.713 -84.5156
1083 244.978 246.727 2 181.026 -83.6327
1084 254.978 246.727 2 184.821 -91.8227
1085 264.978 246.727 2 189.069 -82.6751
1086 274.978 246.727 2 193.741 -83.9099
1087 284.978 246.727 2 198.807 -95.1749
1088 294.978 246.727 2 204.237 -89.3447
1089 304.978 246.727 2 210.003 -93.3662
1090 314.978 246.727 2 216.078 -92.0689
1091 324.978 246.727 2 222.437 -104.95
1092 334.978 246.727 2 229.056 -106.987
1093 344.978 246.727 2 235.913 -107.284
1094 354.978 246.727 2 242.989 -133.776
1095 364.978 246.727 2 250.264 -117.348
1096 374.978 246.727 2 257.722 -124.293
1097 384.978 246.727 2 265.347 -122.512
1098 394.978 246.727 2 273.125 -111.784
1099 404.978 246.727 2 281.044 -113.379
1100 414.978 246.727 2 289.093 -121.779
1101 424.978 246.727 2 297.259 -127.002
1102 434.978 246.727 2 305.535 -125.866
1103 444.978 246.727 2 313.911 -119.079
1104 454.978 246.727 2 322.379 -128.388
1105 464.978 246.727 2 330.933 -116.684
1106 474.978 246.727 2 339.566 -120.566
1107 484.978 246.727 2 348.273 -131.391
1108 84.9784 256.727 2 202.859 -98.3808
1109 94.9784 256.727 2 198.343 -95.2763
1110 104.978 256.727 2 194.238 -106.78
1111 114.978 256.727 2 190.57 -110.488
1112 124.978 256.727 2 187.365 -104.712
1113 134.978 256.727 2 184.646 -89.8864
1114 144.978 256.727 2 182.435 -81.8722
1115 154.978 256.727 2 180.751 -84.8681
1116 164.978 256.727 2 179.609 -81.9522
1117 174.978 256.727 2 179.019 -86.2815
1118 184.978 256.727 2 178.987 -81.9758
1119 194.978 256.727 2 179.513 -82.1721
1120 204.978 256.727 2 180.592 -85.4303
1121 214.978 256.727 2 182.214 -87.2456
1122 224.978 256.727 2 184.365 -86.2356
1123 234.978 256.727 2 187.026 -84.5853
1124 244.978 256.727 2 190.177 -87.6986
1125 254.978 256.727 2 193.793 -84.6236
1126 264.978 256.727 2 197.849 -79.4284
1127 274.978 256.727 2 202.318 -84.226
1128 284.978 256.727 2 207.174 -84.9161
1129 294.978 256.727 2 212.39 -84.9496
1130 304.978 256.727 2 217.941 -89.5472
1131 314.978 256.727 2 223.801 -113.615
1132 324.978 256.727 2 229.946 -104.148
1133 334.978 256.727 2 236.355 -104.439
1134 344.978 256.727 2 243.006 -112.634
1135 354.978 256.727 2 249.881 -133.265
1136 364.978 256.727 2 256.961 -120.809
1137 374.978 256.727 2 264.23 -117.867
1138 384.978 256.727 2 271.673 -122.43
1139 394.978 256.727 2 279.275 -122.013
1140 404.978 256.727 2 287.024 -114.404
1141 414.978 256.727 2 294.909 -111.991
1142 424.978 256.727 2 302.919 -105.686
1143 434.978 256.727 2 311.044 -113.381
1144 444.978 256.727 2 319.276 -114.234
1145 454.978 256.727 2 327.606 -115.635
1146 464.978 256.727 2 336.027 -120.328
1147 474.978 256.727 2 344.532 -135.071
1148 484.978 256.727 2 353.116 -128.847
1149 84.9784 266.727 2 211.539 -100.552
1150 94.9784 266.727 2 207.213 -98.2279
1151 104.978 266.727 2 203.287 -101.572
1152 114.978 266.727 2 199.785 -109.654
1153 124.978 266.727 2 196.73 -86.4966
1154 134.978 266.727 2 194.142 -250
1155 144.978 266.727 2 192.04 -250
1156 154.978 266.727 2 190.442 -250
1157 164.978 266.727 2 189.358 -250
1158 174.978 266.727 2 188.799 -84.7949
1159 184.978 266.727 2 188.768 -86.6684
1160 194.978 266.727 2 189.267 -82.8644
1161 204.978 266.727 2 190.29 -89.2081
1162 214.978 266.727 2 191.83 -85.6171
1163 224.978 266.727 2 193.875 -85.5752
1164 234.978 266.727 2 196.407 -86.0272
1165 244.978 266.727 2 199.41 -250
1166 254.978 266.727 2 202.862 -250
1167 264.978 266.727 2 206.74 -250
1168 274.978 266.727 2 211.021 -91.0225
1169 284.978 266.727 2 215.681 -90.6281
1170 294.978 266.727 2 220.696 -250
1171 304.978 266.727 2 226.043 -250
1172 314.978 266.727 2 231.697 -250
1173 324.978 266.727 2 237.639 -250
1174 334.978 266.727 2 243.846 -250
1175 344.978 266.727 2 250.298 -250
1176 354.978 266.727 2 256.978 -250
1177 364.978 266.727 2 263.868 -250
1178 374.978 266.727 2 270.951 -250
1179 384.978 266.727 2 278.214 -250
1180 394.978 266.727 2 285.642 -250
1181 404.978 266.727 2 293.224 -250
1182 414.978 266.727 2 300.946 -250
1183 424.978 266.727 2 308.799 -250
1184 434.978 266.727 2 316.774 -250
1185 444.978 266.727 2 324.86 -250
1186 454.978 266.727 2 333.05 -250
1187 464.978 266.727 2 341.337 -250
1188 474.978 266.727 2 349.713 -127.94
1189 484.978 266.727 2 358.173 -124.403
1190 84.9784 276.727 2 220.331 -100.988
1191 94.9784 276.727 2 216.181 -103.748
1192 104.978 276.727 2 212.421 -101.8
1193 114.978 276.727 2 209.072 -96.1662
1194 124.978 276.727 2 206.154 -98.5928
1195 134.978 276.727 2 203.686 -250
1196 144.978 276.727 2 201.684 -250
1197 154.978 276.727 2 200.162 -250
1198 164.978 276.727 2 199.132 -250
1199 174.978 276.727 2 198.6 -84.1006
1200 184.978 276.727 2 198.571 -87.5941
1201 194.978 276.727 2 199.045 -88.4474
1202 204.978 276.727 2 200.019 -87.2435
1203 214.978 276.727 2 201.484 -84.5759
1204 224.978 276.727 2 203.432 -86.0683
1205 234.978 276.727 2 205.847 -85.5823
1206 244.978 276.727 2 208.714 -250
1207 254.978 276.727 2 212.014 -250
1208 264.978 276.727 2 215.727 -250
1209 274.978 276.727 2 219.834 -103.483
1210 284.978 276.727 2 224.311 -84.4279
1211 294.978 276.727 2 229.137 -250
1212 304.978 276.727 2 234.291 -250
1213 314.978 276.727 2 239.751 -250
1214 324.978 276.727 2 245.498 -250
1215 334.978 276.727 2 251.511 -250
1216 344.978 276.727 2 257.772 -250
1217 354.978 276.727 2 264.262 -250
1218 364.978 276.727 2 270.967 -250
1219 374.978 276.727 2 277.87 -250
1220 384.978 276.727 2 284.956 -250
1221 394.978 276.727 2 292.213 -250
1222 404.978 276.727 2 299.628 -250
1223 414.978 276.727 2 307.19 -250
1224 424.978 276.727 2 314.887 -250
1225 434.978 276.727 2 322.711 -250
1226 444.978 276.727 2 330.652 -250
1227 454.978 276.727 2 338.703 -250
1228 464.978 276.727 2 346.854 -250
1229 474.978 276.727 2 355.101 -122.557
1230 484.978 276.727 2 363.435 -132.137
1231 84.9784 286.727 2 229.222 -95.7055
1232 94.9784 286.727 2 225.236 -99.5582
1233 104.978 286.727 2 221.629 -111.371
1234 114.978 286.727 2 218.422 -114.196
1235 124.978 286.727 2 215.631 -109.086
1236 134.978 286.727 2 213.272 -250
1237 144.978 286.727 2 211.361 -250
1238 154.978 286.727 2 209.91 -250
1239 164.978 286.727 2 208.927 -250
1240 174.978 286.727 2 208.42 -85.4411
1241 184.978 286.727 2 208.393 -87.9204
1242 194.978 286.727 2 208.844 -86.4679
1243 204.978 286.727 2 209.772 -85.1164
1244 214.978 286.727 2 211.17 -86.6821
1245 224.978 286.727 2 213.029 -84.9321
1246 234.978 286.727 2 215.337 -88.98
1247 244.978 286.727 2 218.079 -250
1248 254.978 286.727 2 221.239 -250
1249 264.978 286.727 2 224.801 -250
1250 274.978 286.727 2 228.744 -104.102
1251 284.978 286.727 2 233.05 -92.5896
1252 294.978 286.727 2 237.699 -250
1253 304.978 286.727 2 242.671 -250
1254 314.978 286.727 2 247.947 -250
1255 324.978 286.727 2 253.508 -250
1256 334.978 286.727 2 259.335 -250
1257 344.978 286.727 2 265.411 -250
1258 354.978 286.727 2 271.72 -250
1259 364.978 286.727 2 278.245 -250
1260 374.978 286.727 2 284.971 -250
1261 384.978 286.727 2 291.885 -250
1262 394.978 286.727 2 298.974 -250
1263 404.978 286.727 2 306.226 -250
1264 414.978 286.727 2 313.628 -250
1265 424.978 286.727 2 321.171 -250
1266 434.978 286.727 2 328.846 -250
1267 444.978 286.727 2 336.642 -250
1268 454.978 286.727 2 344.553 -250
1269 464.978 286.727 2 352.569 -250
1270 474.978 286.727 2 360.685 -122.334
1271 484.978 286.727 2 368.893 -141.529
1272 84.9784 296.727 2 238.201 -98.8557
1273 94.9784 296.727 2 234.368 -105.405
1274 104.978 296.727 2 230.904 -97.5006
1275 114.978 296.727 2 227.827 -97.921
1276 124.978 296.727 2 225.152 -112.415
1277 134.978 296.727 2 222.895 -250
1278 144.978 296.727 2 221.067 -250
1279 154.978 296.727 2 219.679 -250
1280 164.978 296.727 2 218.741 -250
1281 174.978 296.727 2 218.257 -87.922
1282 184.978 296.727 2 218.23 -87.1853
1283 194.978 296.727 2 218.662 -85.9563
1284 204.978 296.727 2 219.548 -87.0976
1285 214.978 296.727 2 220.884 -91.7631
1286 224.978 296.727 2 222.662 -91.0185
1287 234.978 296.727 2 224.871 -84.8605
1288 244.978 296.727 2 227.498 -250
1289 254.978 296.727 2 230.53 -250
1290 264.978 296.727 2 233.949 -250
1291 274.978 296.727 2 237.741 -91.6176
1292 284.978 296.727 2 241.887 -91.2109
1293 294.978 296.727 2 246.369 -250
1294 304.978 296.727 2 251.17 -250
1295 314.978 296.727 2 256.271 -250
1296 324.978 296.727 2 261.655 -126.902
1297 334.978 296.727 2 267.305 -128.086
1298 344.978 296.727 2 273.204 -143.468
1299 354.978 296.727 2 279.336 -130.235
1300 364.978 296.727 2 285.687 -102.553
1301 374.978 296.727 2 292.242 -116.418
1302 384.978 296.727 2 298.989 -137.024
1303 394.978 296.727 2 305.913 -143.787
1304 404.978 296.727 2 313.003 -146.924
1305 414.978 296.727 2 320.249 -141.576
1306 424.978 296.727 2 327.64 -139.815
1307 434.978 296.727 2 335.166 -250
1308 444.978 296.727 2 342.819 -250
1309 454.978 296.727 2 350.59 -250
1310 464.978 296.727 2 358.472 -250
1311 474.978 296.727 2 366.457 -131.686
1312 484.978 296.727 2 374.538 -130.593
1313 84.9784 306.727 2 247.258 -98.455
1314 94.9784 306.727 2 243.568 -107.724
1315 104.978 306.727 2 240.237 -103.46
1316 114.978 306.727 2 237.281 -89.5775
1317 124.978 306.727 2 234.714 -112.338
1318 134.978 306.727 2 232.549 -250
1319 144.978 306.727 2 230.798 -175.313
1320 154.978 306.727 2 229.469 -250
1321 164.978 306.727 2 228.571 -250
1322 174.978 306.727 2 228.107 -93.6812
1323 184.978 306.727 2 228.082 -86.1033
1324 194.978 306.727 2 228.495 -86.82
1325 204.978 306.727 2 229.344 -84.0066
1326 214.978 306.727 2 230.623 -87.5858
1327 224.978 306.727 2 232.326 -86.3733
1328 234.978 306.727 2 234.444 -83.8313
1329 244.978 306.727 2 236.965 -250
1330 254.978 306.727 2 239.877 -250
1331 264.978 306.727 2 243.165 -250
1332 274.978 306.727 2 246.815 -99.2959
1333 284.978 306.727 2 250.811 -97.1853
1334 294.978 306.727 2 255.137 -250
1335 304.978 306.727 2 259.775 -250
1336 314.978 306.727 2 264.711 -250
1337 324.978 306.727 2 269.926 -116.772
1338 334.978 306.727 2 275.407 -250
1339 344.978 306.727 2 281.136 -250
1340 354.978 306.727 2 287.099 -250
1341 364.978 306.727 2 293.282 -107.85
1342 374.978 306.727 2 299.671 -250
1343 384.978 306.727 2 306.253 -250
1344 394.978 306.727 2 313.017 -250
1345 404.978 306.727 2 319.95 -250
1346 414.978 306.727 2 327.042 -250
1347 424.978 306.727 2 334.283 -250
1348 434.978 306.727 2 341.663 -250
1349 444.978 306.727 2 349.173 -250
1350 454.978 306.727 2 356.806 -250
1351 464.978 306.727 2 364.553 -250
1352 474.978 306.727 2 372.408 -136.679
1353 484.978 306.727 2 380.363 -129.905
1354 84.9784 316.727 2 256.386 -93.3168
1355 94.9784 316.727 2 252.828 -97.2674
1356 104.978 316.727 2 249.621 -94.5826
1357 114.978 316.727 2 246.778 -100.861
1358 124.978 316.727 2 244.311 -115.35
1359 134.978 316.727 2 242.232 -250
1360 144.978 316.727 2 240.551 -250
1361 154.978 316.727 2 239.276 -250
1362 164.978 316.727 2 238.415 -250
1363 174.978 316.727 2 237.971 -90.776
1364 184.978 316.727 2 237.946 -86.1123
1365 194.978 316.727 2 238.342 -85.9361
1366 204.978 316.727 2 239.156 -90.9992
1367 214.978 316.727 2 240.383 -86.3038
1368 224.978 316.727 2 242.017 -88.1874
1369 234.978 316.727 2 244.051 -83.8861
1370 244.978 316.727 2 246.474 -250
1371 254.978 316.727 2 249.275 -250
1372 264.978 316.727 2 252.441 -250
1373 274.978 316.727 2 255.959 -87.5605
1374 284.978 316.727 2 259.814 -97.9568
1375 294.978 316.727 2 263.992 -250
1376 304.978 316.727 2 268.478 -250
1377 314.978 316.727 2 273.256 -250
1378 324.978 316.727 2 278.311 -124.928
1379 334.978 316.727 2 283.63 -250
1380 344.978 316.727 2 289.196 -250
1381 354.978 316.727 2 294.996 -250
1382 364.978 316.727 2 301.017 -96.4377
1383 374.978 316.727 2 307.245 -250
1384 384.978 316.727 2 313.669 -250
1385 394.978 316.727 2 320.276 -250
1386 404.978 316.727 2 327.055 -250
1387 414.978 316.727 2 333.996 -250
1388 424.978 316.727 2 341.09 -250
1389 434.978 316.727 2 348.325 -250
1390 444.978 316.727 2 355.695 -250
1391 454.978 316.727 2 363.191 -250
1392 464.978 316.727 2 370.805 -250
1393 474.978 316.727 2 378.529 -139.227
1394 484.978 316.727 2 386.359 -129.801
1395 84.9784 326.727 2 265.576 -92.5474
1396 94.9784 326.727 2 262.143 -98.356
1397 104.978 326.727 2 259.052 -93.5869
1398 114.978 326.727 2 256.313 -104.84
1399 124.978 326.727 2 253.938 -112.387
1400 134.978 326.727 2 251.939 -119.276
1401 144.978 326.727 2 250.323 -110.043
1402 154.978 326.727 2 249.099 -113.363
1403 164.978 326.727 2 248.271 -109.009
1404 174.978 326.727 2 247.845 -89.5581
1405 184.978 326.727 2 247.822 -86.1853
1406 194.978 326.727 2 248.202 -92.2071
1407 204.978 326.727 2 248.983 -85.4524
1408 214.978 326.727 2 250.162 -88.5579
1409 224.978 326.727 2 251.733 -86.9761
1410 234.978 326.727 2 253.689 -91.7948
1411 244.978 326.727 2 256.02 -103.404
1412 254.978 326.727 2 258.718 -127.78
1413 264.978 326.727 2 261.77 -102.32
1414 274.978 326.727 2 265.164 -97.4693
1415 284.978 326.727 2 268.887 -97.8185
1416 294.978 326.727 2 272.926 -99.5738
1417 304.978 326.727 2 277.268 -114.588
1418 314.978 326.727 2 281.897 -113.599
1419 324.978 326.727 2 286.8 -117.943
1420 334.978 326.727 2 291.964 -98.9236
1421 344.978 326.727 2 297.374 -94.7062
1422 354.978 326.727 2 303.018 -100.5
1423 364.978 326.727 2 308.882 -95.4472
1424 374.978 326.727 2 314.955 -109.785
1425 384.978 326.727 2 321.225 -96.6405
1426 394.978 326.727 2 327.679 -112.532
1427 404.978 326.727 2 334.308 -105.853
1428 414.978 326.727 2 341.102 -119.895
1429 424.978 326.727 2 348.05 -114.222
1430 434.978 326.727 2 355.144 -123.935
1431 444.978 326.727 2 362.376 -119.425
1432 454.978 326.727 2 369.736 -119.991
1433 464.978 326.727 2 377.218 -115.324
1434 474.978 326.727 2 384.814 -122.551
1435 484.978 326.727 2 392.518 -122.722
1436 84.9784 336.727 2 274.823 -88.0612
1437 94.9784 336.727 2 271.507 -88.2987
1438 104.978 336.727 2 268.523 -89.4554
1439 114.978 336.727 2 265.882 -101.569
1440 124.978 336.727 2 263.594 -115.378
1441 134.978 336.727 2 261.668 -121.289
1442 144.978 336.727 2 260.113 -117.003
1443 154.978 336.727 2 258.935 -105.385
1444 164.978 336.727 2 258.139 -109.024
1445 174.978 336.727 2 257.729 -98.1865
1446 184.978 336.727 2 257.706 -89.4801
1447 194.978 336.727 2 258.072 -92.1128
1448 204.978 336.727 2 258.823 -90.7988
1449 214.978 336.727 2 259.958 -91.9088
1450 224.978 336.727 2 261.47 -86.5259
1451 234.978 336.727 2 263.353 -95.7882
1452 244.978 336.727 2 265.6 -97.7211
1453 254.978 336.727 2 268.201 -105.217
1454 264.978 336.727 2 271.147 -104.275
1455 274.978 336.727 2 274.425 -106.819
1456 284.978 336.727 2 278.024 -96.221
1457 294.978 336.727 2 281.932 -100.236
1458 304.978 336.727 2 286.137 -114.266
1459 314.978 336.727 2 290.625 -114.511
1460 324.978 336.727 2 295.383 -109.717
1461 334.978 336.727 2 300.399 -100.967
1462 344.978 336.727 2 305.66 -107.715
1463 354.978 336.727 2 311.154 -94.5783
1464 364.978 336.727 2 316.868 -98.7638
1465 374.978 336.727 2 322.791 -102.218
1466 384.978 336.727 2 328.911 -96.8594
1467 394.978 336.727 2 335.217 -101.148
1468 404.978 336.727 2 341.7 -108.629
1469 414.978 336.727 2 348.35 -127.063
1470 424.978 336.727 2 355.157 -122.023
1471 434.978 336.727 2 362.111 -118.76
1472 444.978 336.727 2 369.206 -113.88
1473 454.978 336.727 2 376.433 -130.393
1474 464.978 336.727 2 383.784 -134.53
1475 474.978 336.727 2 391.253 -121.202
1476 484.978 336.727 2 398.832 -127.236
1477 84.9784 346.727 2 284.121 -86.3865
1478 94.9784 346.727 2 280.915 -86.2114
1479 104.978 346.727 2 278.032 -89.5419
1480 114.978 346.727 2 275.482 -250
1481 124.978 346.727 2 273.274 -250
1482 134.978 346.727 2 271.417 -250
1483 144.978 346.727 2 269.918 -250
1484 154.978 346.727 2 268.783 -250
1485 164.978 346.727 2 268.016 -250
1486 174.978 346.727 2 267.621 -250
1487 184.978 346.727 2 267.6 -87.1347
1488 194.978 346.727 2 267.952 -86.1676
1489 204.978 346.727 2 268.676 -92.514
1490 214.978 346.727 2 269.768 -82.3228
1491 224.978 346.727 2 271.226 -82.3897
1492 234.978 346.727 2 273.042 -85.3631
1493 244.978 346.727 2 275.21 -250
1494 254.978 346.727 2 277.721 -250
1495 264.978 346.727 2 280.566 -250
1496 274.978 346.727 2 283.736 -100.622
1497 284.978 346.727 2 287.218 -109.908
1498 294.978 346.727 2 291.003 -101.535
1499 304.978 346.727 2 295.079 -107.192
1500 314.978 346.727 2 299.433 -112.615
1501 324.978 346.727 2 304.053 -110.746
1502 334.978 346.727 2 308.929 -102.337
1503 344.978 346.727 2 314.047 -96.2762
1504 354.978 346.727 2 319.396 -96.778
1505 364.978 346.727 2 324.965 -97.7383
1506 374.978 346.727 2 330.743 -98.4483
1507 384.978 346.727 2 336.718 -250
1508 394.978 346.727 2 342.881 -250
1509 404.978 346.727 2 349.222 -250
1510 414.978 346.727 2 355.731 -250
1511 424.978 346.727 2 362.399 -250
1512 434.978 346.727 2 369.218 -250
1513 444.978 346.727 2 376.178 -123.73
1514 454.978 346.727 2 383.274 -250
1515 464.978 346.727 2 390.496 -250
1516 474.978 346.727 2 397.839 -133.324
1517 484.978 346.727 2 405.295 -135.245
1518 84.9784 356.727 2 293.465 -89.4482
1519 94.9784 356.727 2 290.362 -87.2235
1520 104.978 356.727 2 287.574 -250
1521 114.978 356.727 2 285.109 -250
1522 124.978 356.727 2 282.977 -250
1523 134.978 356.727 2 281.184 -250
1524 144.978 356.727 2 279.737 -250
1525 154.978 356.727 2 278.642 -250
1526 164.978 356.727 2 277.902 -250
1527 174.978 356.727 2 277.521 -250
1528 184.978 356.727 2 277.501 -86.9225
1529 194.978 356.727 2 277.84 -84.1875
1530 204.978 356.727 2 278.538 -85.2839
1531 214.978 356.727 2 279.593 -81.9636
1532 224.978 356.727 2 280.999 -83.046
1533 234.978 356.727 2 282.753 -86.3457
1534 244.978 356.727 2 284.846 -250
1535 254.978 356.727 2 287.273 -250
1536 264.978 356.727 2 290.025 -250
1537 274.978 356.727 2 293.092 -104.366
1538 284.978 356.727 2 296.465 -107.997
1539 294.978 356.727 2 300.133 -97.2985
1540 304.978 356.727 2 304.086 -98.6088
1541 314.978 356.727 2 308.313 -104.255
1542 324.978 356.727 2 312.802 -105.925
1543 334.978 356.727 2 317.543 -103.898
1544 344.978 356.727 2 322.525 -101.813
1545 354.978 356.727 2 327.736 -100.36
1546 364.978 356.727 2 333.166 -101.734
1547 374.978 356.727 2 338.803 -98.8336
1548 384.978 356.727 2 344.639 -111.435
1549 394.978 356.727 2 350.663 -250
1550 404.978 356.727 2 356.866 -250
1551 414.978 356.727 2 363.238 -250
1552 424.978 356.727 2 369.77 -250
1553 434.978 356.727 2 376.455 -250
1554 444.978 356.727 2 383.285 -127.798
1555 454.978 356.727 2 390.251 -250
1556 464.978 356.727 2 397.346 -250
1557 474.978 356.727 2 404.565 -128.517
1558 484.978 356.727 2 411.899 -122.05
1559 84.9784 366.727 2 302.851 -92.0693
1560 94.9784 366.727 2 299.845 -89.2868
1561 104.978 366.727 2 297.146 -250
1562 114.978 366.727 2 294.761 -250
1563 124.978 366.727 2 292.699 -250
1564 134.978 366.727 2 290.966 -250
1565 144.978 366.727 2 289.568 -250
1566 154.978 366.727 2 288.51 -250
1567 164.978 366.727 2 287.796 -250
1568 174.978 366.727 2 287.428 -250
1569 184.978 366.727 2 287.408 -95.6176
1570 194.978 366.727 2 287.736 -250
1571 204.978 366.727 2 288.41 -250
1572 214.978 366.727 2 289.429 -250
1573 224.978 366.727 2 290.788 -250
1574 234.978 366.727 2 292.483 -250
1575 244.978 366.727 2 294.507 -250
1576 254.978 366.727 2 296.855 -250
1577 264.978 366.727 2 299.519 -250
1578 274.978 366.727 2 302.49 -110.381
1579 284.978 366.727 2 305.759 -109.175
1580 294.978 366.727 2 309.317 -112.491
1581 304.978 366.727 2 313.154 -93.5322
1582 314.978 366.727 2 317.26 -104.659
1583 324.978 366.727 2 321.625 -102.404
1584 334.978 366.727 2 326.237 -98.0802
1585 344.978 366.727 2 331.088 -104.396
1586 354.978 366.727 2 336.166 -111.818
1587 364.978 366.727 2 341.462 -102.098
1588 374.978 366.727 2 346.965 -102.128
1589 384.978 366.727 2 352.666 -107.366
1590 394.978 366.727 2 358.555 -250
1591 404.978 366.727 2 364.623 -250
1592 414.978 366.727 2 370.862 -250
1593 424.978 366.727 2 377.263 -250
1594 434.978 366.727 2 383.817 -250
1595 444.978 366.727 2 390.518 -131.882
1596 454.978 366.727 2 397.357 -250
1597 464.978 366.727 2 404.328 -250
1598 474.978 366.727 2 411.424 -135.82
1599 484.978 366.727 2 418.638 -128.198
1600 84.9784 376.727 2 312.275 -91.6602
1601 94.9784 376.727 2 309.361 -92.9173
1602 104.978 376.727 2 306.745 -250
1603 114.978 376.727 2 304.436 -250
1604 124.978 376.727 2 302.44 -250
1605 134.978 376.727 2 300.763 -250
1606 144.978 376.727 2 299.411 -250
1607 154.978 376.727 2 298.388 -250
1608 164.978 376.727 2 297.697 -250
1609 174.978 376.727 2 297.342 -250
1610 184.978 376.727 2 297.322 -94.6405
1611 194.978 376.727 2 297.639 -250
1612 204.978 376.727 2 298.291 -250
1613 214.978 376.727 2 299.276 -250
1614 224.978 376.727 2 300.59 -250
1615 234.978 376.727 2 302.23 -250
1616 244.978 376.727 2 304.19 -250
1617 254.978 376.727 2 306.464 -250
1618 264.978 376.727 2 309.044 -250
1619 274.978 376.727 2 311.925 -116.656
1620 284.978 376.727 2 315.096 -100.58
1621 294.978 376.727 2 318.55 -111.487
1622 304.978 376.727 2 322.277 -97.5566
1623 314.978 376.727 2 326.268 -101.397
1624 324.978 376.727 2 330.514 -124.087
1625 334.978 376.727 2 335.004 -98.102
1626 344.978 376.727 2 339.73 -101.835
1627 354.978 376.727 2 344.681 -103.318
1628 364.978 376.727 2 349.848 -96.9714
1629 374.978 376.727 2 355.221 -96.342
1630 384.978 376.727 2 360.791 -250
1631 394.978 376.727 2 366.55 -250
1632 404.978 376.727 2 372.488 -250
1633 414.978 376.727 2 378.597 -250
1634 424.978 376.727 2 384.869 -250
1635 434.978 376.727 2 391.296 -250
1636 444.978 376.727 2 397.871 -250
1637 454.978 376.727 2 404.586 -250
1638 464.978 376.727 2 411.434 -250
1639 474.978 376.727 2 418.41 -128.707
1640 484.978 376.727 2 425.506 -126.703
1641 84.9784 386.727 2 321.734 -93.7204
1642 94.9784 386.727 2 318.906 -105.822
1643 104.978 386.727 2 316.37 -136.01
1644 114.978 386.727 2 314.131 -250
1645 124.978 386.727 2 312.197 -250
1646 134.978 386.727 2 310.572 -250
1647 144.978 386.727 2 309.263 -250
1648 154.978 386.727 2 308.273 -250
1649 164.978 386.727 2 307.605 -250
1650 174.978 386.727 2 307.261 -250
1651 184.978 386.727 2 307.242 -94.9549
1652 194.978 386.727 2 307.549 -250
1653 204.978 386.727 2 308.18 -250
1654 214.978 386.727 2 309.133 -250
1655 224.978 386.727 2 310.406 -250
1656 234.978 386.727 2 311.994 -250
1657 244.978 386.727 2 313.893 -250
1658 254.978 386.727 2 316.097 -250
1659 264.978 386.727 2 318.599 -250
1660 274.978 386.727 2 321.394 -111.048
1661 284.978 386.727 2 324.473 -102.8
1662 294.978 386.727 2 327.828 -111.224
1663 304.978 386.727 2 331.451 -107.545
1664 314.978 386.727 2 335.333 -98.1695
1665 324.978 386.727 2 339.465 -91.3585
1666 334.978 386.727 2 343.838 -97.304
1667 344.978 386.727 2 348.444 -102.385
1668 354.978 386.727 2 353.273 -100.822
1669 364.978 386.727 2 358.316 -99.6302
1670 374.978 386.727 2 363.564 -95.7446
1671 384.978 386.727 2 369.009 -250
1672 394.978 386.727 2 374.641 -250
1673 404.978 386.727 2 380.453 -250
1674 414.978 386.727 2 386.436 -250
1675 424.978 386.727 2 392.583 -250
1676 434.978 386.727 2 398.886 -250
1677 444.978 386.727 2 405.337 -250
1678 454.978 386.727 2 411.93 -250
1679 464.978 386.727 2 418.659 -250
1680 474.978 386.727 2 425.516 -125.417
1681 484.978 386.727 2 432.495 -123.295
1682 84.9784 396.727 2 331.225 -91.5742
1683 94.9784 396.727 2 328.479 -120.138
1684 104.978 396.727 2 326.017 -133.324
1685 114.978 396.727 2 323.845 -146.278
1686 124.978 396.727 2 321.969 -142.195
1687 134.978 396.727 2 320.394 -131.277
1688 144.978 396.727 2 319.125 -123.216
1689 154.978 396.727 2 318.165 -126.133
1690 164.978 396.727 2 317.518 -137.757
1691 174.978 396.727 2 317.185 -111.286
1692 184.978 396.727 2 317.167 -99.5907
1693 194.978 396.727 2 317.464 -111.638
1694 204.978 396.727 2 318.075 -113.717
1695 214.978 396.727 2 318.999 -114.021
1696 224.978 396.727 2 320.232 -112.192
1697 234.978 396.727 2 321.772 -102.822
1698 244.978 396.727 2 323.613 -250
1699 254.978 396.727 2 325.752 -250
1700 264.978 396.727 2 328.181 -250
1701 274.978 396.727 2 330.894 -116.472
1702 284.978 396.727 2 333.885 -96.9811
1703 294.978 396.727 2 337.147 -101.226
1704 304.978 396.727 2 340.671 -114.682
1705 314.978 396.727 2 344.449 -94.9817
1706 324.978 396.727 2 348.473 -96.555
1707 334.978 396.727 2 352.735 -91.1602
1708 344.978 396.727 2 357.226 -93.1962
1709 354.978 396.727 2 361.938 -92.5547
1710 364.978 396.727 2 366.861 -94.7362
1711 374.978 396.727 2 371.989 -97.9128
1712 384.978 396.727 2 377.312 -250
1713 394.978 396.727 2 382.822 -250
1714 404.978 396.727 2 388.512 -250
1715 414.978 396.727 2 394.373 -250
1716 424.978 396.727 2 400.398 -250
1717 434.978 396.727 2 406.579 -250
1718 444.978 396.727 2 412.911 -250
1719 454.978 396.727 2 419.385 -250
1720 464.978 396.727 2 425.996 -250
1721 474.978 396.727 2 432.736 -115.119
1722 484.978 396.727 2 439.601 -131.503
1723 84.9784 406.727 2 340.745 -90.91
1724 94.9784 406.727 2 338.076 -116.919
1725 104.978 406.727 2 335.684 -132.423
1726 114.978 406.727 2 333.575 -128.468
1727 124.978 406.727 2 331.754 -125.342
1728 134.978 406.727 2 330.226 -147.507
1729 144.978 406.727 2 328.995 -144.6
1730 154.978 406.727 2 328.064 -117.965
1731 164.978 406.727 2 327.437 -119.179
1732 174.978 406.727 2 327.113 -112.901
1733 184.978 406.727 2 327.096 -98.9307
1734 194.978 406.727 2 327.384 -106.051
1735 204.978 406.727 2 327.977 -121.178
1736 214.978 406.727 2 328.873 -117.083
1737 224.978 406.727 2 330.069 -112.718
1738 234.978 406.727 2 331.563 -88.0485
1739 244.978 406.727 2 333.351 -95.6391
1740 254.978 406.727 2 335.427 -113.272
1741 264.978 406.727 2 337.786 -111.772
1742 274.978 406.727 2 340.423 -118.67
1743 284.978 406.727 2 343.332 -105.39
1744 294.978 406.727 2 346.504 -103.321
1745 304.978 406.727 2 349.934 -100.641
1746 314.978 406.727 2 353.613 -100.631
1747 324.978 406.727 2 357.534 -96.4691
1748 334.978 406.727 2 361.689 -91.159
1749 344.978 406.727 2 366.07 -98.0265
1750 354.978 406.727 2 370.67 -92.7541
1751 364.978 406.727 2 375.479 -91.7
1752 374.978 406.727 2 380.49 -107.126
1753 384.978 406.727 2 385.696 -103.268
1754 394.978 406.727 2 391.088 -100.561
1755 404.978 406.727 2 396.659 -105.124
1756 414.978 406.727 2 402.401 -113.487
1757 424.978 406.727 2 408.308 -124.853
1758 434.978 406.727 2 414.372 -117.458
1759 444.978 406.727 2 420.586 -119.69
1760 454.978 406.727 2 426.943 -112.939
1761 464.978 406.727 2 433.439 -135.498
1762 474.978 406.727 2 440.066 -131.398
1763 484.978 406.727 2 446.818 -125.152
1764 84.9784 416.727 2 350.291 -100.107
1765 94.9784 416.727 2 347.696 -117.524
1766 104.978 416.727 2 345.371 -126.51
1767 114.978 416.727 2 343.321 -250
1768 124.978 416.727 2 341.552 -250
1769 134.978 416.727 2 340.068 -250
1770 144.978 416.727 2 338.873 -250
1771 154.978 416.727 2 337.969 -126.793
1772 164.978 416.727 2 337.36 -115.191
1773 174.978 416.727 2 337.046 -105.347
1774 184.978 416.727 2 337.029 -97.9006
1775 194.978 416.727 2 337.309 -114.812
1776 204.978 416.727 2 337.884 -103.767
1777 214.978 416.727 2 338.754 -116.704
1778 224.978 416.727 2 339.916 -111.029
1779 234.978 416.727 2 341.367 -95.403
1780 244.978 416.727 2 343.103 -95.844
1781 254.978 416.727 2 345.12 -105.917
1782 264.978 416.727 2 347.414 -130.054
1783 274.978 416.727 2 349.979 -102.404
1784 284.978 416.727 2 352.808 -109.984
1785 294.978 416.727 2 355.896 -101.628
1786 304.978 416.727 2 359.236 -102.358
1787 314.978 416.727 2 362.821 -107.632
1788 324.978 416.727 2 366.644 -91.8483
1789 334.978 416.727 2 370.697 -88.2676
1790 344.978 416.727 2 374.973 -97.3642
1791 354.978 416.727 2 379.464 -95.8766
1792 364.978 416.727 2 384.163 -93.4706
1793 374.978 416.727 2 389.063 -101.399
1794 384.978 416.727 2 394.155 -97.6427
1795 394.978 416.727 2 399.433 -116.598
1796 404.978 416.727 2 404.889 -113.03
1797 414.978 416.727 2 410.517 -107.813
1798 424.978 416.727 2 416.308 -118.609
1799 434.978 416.727 2 422.257 -115.66
1800 444.978 416.727 2 428.356 -112.588
1801 454.978 416.727 2 434.601 -113.674
1802 464.978 416.727 2 440.983 -119.445
1803 474.978 416.727 2 447.498 -130.476
1804 484.978 416.727 2 454.14 -126.036
1805 84.9784 426.727 2 359.862 -106.55
1806 94.9784 426.727 2 357.337 -122.773
1807 104.978 426.727 2 355.074 -126.987
1808 114.978 426.727 2 353.081 -250
1809 124.978 426.727 2 351.361 -250
1810 134.978 426.727 2 349.919 -250
1811 144.978 426.727 2 348.758 -250
1812 154.978 426.727 2 347.88 -112.319
1813 164.978 426.727 2 347.288 -250
1814 174.978 426.727 2 346.983 -250
1815 184.978 426.727 2 346.966 -250
1816 194.978 426.727 2 347.238 -250
1817 204.978 426.727 2 347.797 -250
1818 214.978 426.727 2 348.642 -250
1819 224.978 426.727 2 349.771 -106.659
1820 234.978 426.727 2 351.181 -250
1821 244.978 426.727 2 352.869 -250
1822 254.978 426.727 2 354.831 -250
1823 264.978 426.727 2 357.062 -250
1824 274.978 426.727 2 359.558 -108.995
1825 284.978 426.727 2 362.313 -102.824
1826 294.978 426.727 2 365.32 -105.085
1827 304.978 426.727 2 368.575 -250
1828 314.978 426.727 2 372.07 -250
1829 324.978 426.727 2 375.798 -250
1830 334.978 426.727 2 379.754 -250
1831 344.978 426.727 2 383.929 -250
1832 354.978 426.727 2 388.317 -250
1833 364.978 426.727 2 392.91 -250
1834 374.978 426.727 2 397.702 -250
1835 384.978 426.727 2 402.685 -250
1836 394.978 426.727 2 407.853 -250
1837 404.978 426.727 2 413.198 -250
1838 414.978 426.727 2 418.713 -250
1839 424.978 426.727 2 424.393 -250
1840 434.978 426.727 2 430.23 -250
1841 444.978 426.727 2 436.218 -250
1842 454.978 426.727 2 442.351 -250
1843 464.978 426.727 2 448.624 -126.848
1844 474.978 426.727 2 455.029 -118.328
1845 484.978 426.727 2 461.563 -250
1846 84.9784 436.727 2 369.456 -113.801
1847 94.9784 436.727 2 366.996 -114.475
1848 104.978 436.727 2 364.794 -126.861
1849 114.978 436.727 2 362.854 -250
1850 124.978 436.727 2 361.181 -250
1851 134.978 436.727 2 359.778 -250
1852 144.978 436.727 2 358.649 -250
1853 154.978 436.727 2 357.795 -117.535
1854 164.978 436.727 2 357.22 -250
1855 174.978 436.727 2 356.923 -250
1856 184.978 436.727 2 356.907 -250
1857 194.978 436.727 2 357.171 -250
1858 204.978 436.727 2 357.715 -250
1859 214.978 436.727 2 358.536 -250
1860 224.978 436.727 2 359.634 -115.303
1861 234.978 436.727 2 361.006 -250
1862 244.978 436.727 2 362.648 -250
1863 254.978 436.727 2 364.557 -250
1864 264.978 436.727 2 366.73 -250
1865 274.978 436.727 2 369.16 -97.7601
1866 284.978 436.727 2 371.843 -115.456
1867 294.978 436.727 2 374.775 -100.225
1868 304.978 436.727 2 377.948 -250
1869 314.978 436.727 2 381.357 -250
1870 324.978 436.727 2 384.995 -250
1871 334.978 436.727 2 388.857 -250
1872 344.978 436.727 2 392.936 -250
1873 354.978 436.727 2 397.224 -250
1874 364.978 436.727 2 401.716 -250
1875 374.978 436.727 2 406.404 -250
1876 384.978 436.727 2 411.281 -250
1877 394.978 436.727 2 416.342 -250
1878 404.978 436.727 2 421.58 -250
1879 414.978 436.727 2 426.987 -250
1880 424.978 436.727 2 432.558 -250
1881 434.978 436.727 2 438.286 -250
1882 444.978 436.727 2 444.166 -250
1883 454.978 436.727 2 450.191 -250
1884 464.978 436.727 2 456.355 -131.865
1885 474.978 436.727 2 462.654 -115.005
1886 484.978 436.727 2 469.081 -250
1887 84.9784 446.727 2 379.071 -112.16
1888 94.9784 446.727 2 376.674 -121.924
1889 104.978 446.727 2 374.529 -127.418
1890 114.978 446.727 2 372.64 -250
1891 124.978 446.727 2 371.011 -250
1892 134.978 446.727 2 369.645 -250
1893 144.978 446.727 2 368.546 -250
1894 154.978 446.727 2 367.715 -122.445
1895 164.978 446.727 2 367.155 -250
1896 174.978 446.727 2 366.867 -250
1897 184.978 446.727 2 366.851 -250
1898 194.978 446.727 2 367.108 -250
1899 204.978 446.727 2 367.637 -250
1900 214.978 446.727 2 368.436 -250
1901 224.978 446.727 2 369.505 -90.2803
1902 234.978 446.727 2 370.84 -250
1903 244.978 446.727 2 372.439 -250
1904 254.978 446.727 2 374.298 -250
1905 264.978 446.727 2 376.414 -250
1906 274.978 446.727 2 378.782 -117.258
1907 284.978 446.727 2 381.398 -113.322
1908 294.978 446.727 2 384.257 -103.344
1909 304.978 446.727 2 387.352 -250
1910 314.978 446.727 2 390.679 -250
1911 324.978 446.727 2 394.232 -250
1912 334.978 446.727 2 398.004 -250
1913 344.978 446.727 2 401.989 -250
1914 354.978 446.727 2 406.182 -250
1915 364.978 446.727 2 410.576 -250
1916 374.978 446.727 2 415.164 -250
1917 384.978 446.727 2 419.94 -250
1918 394.978 446.727 2 424.898 -250
1919 404.978 446.727 2 430.031 -250
1920 414.978 446.727 2 435.333 -250
1921 424.978 446.727 2 440.799 -250
1922 434.978 446.727 2 446.421 -250
1923 444.978 446.727 2 452.195 -250
1924 454.978 446.727 2 458.114 -250
1925 464.978 446.727 2 464.174 -130.615
1926 474.978 446.727 2 470.368 -120.197
1927 484.978 446.727 2 476.691 -250
1928 84.9784 456.727 2 388.706 -115.133
1929 94.9784 456.727 2 386.368 -126.523
1930 104.978 456.727 2 384.277 -130.87
1931 114.978 456.727 2 382.436 -250
1932 124.978 456.727 2 380.849 -250
1933 134.978 456.727 2 379.519 -250
1934 144.978 456.727 2 378.448 -250
1935 154.978 456.727 2 377.639 -118.653
1936 164.978 456.727 2 377.094 -250
1937 174.978 456.727 2 376.813 -250
1938 184.978 456.727 2 376.798 -250
1939 194.978 456.727 2 377.048 -250
1940 204.978 456.727 2 377.563 -250
1941 214.978 456.727 2 378.341 -250
1942 224.978 456.727 2 379.382 -95.5529
1943 234.978 456.727 2 380.683 -250
1944 244.978 456.727 2 382.24 -250
1945 254.978 456.727 2 384.052 -250
1946 264.978 456.727 2 386.115 -250
1947 274.978 456.727 2 388.424 -114.633
1948 284.978 456.727 2 390.975 -104.872
1949 294.978 456.727 2 393.764 -98.8852
1950 304.978 456.727 2 396.785 -250
1951 314.978 456.727 2 400.034 -250
1952 324.978 456.727 2 403.504 -250
1953 334.978 456.727 2 407.19 -250
1954 344.978 456.727 2 411.087 -250
1955 354.978 456.727 2 415.188 -250
1956 364.978 456.727 2 419.487 -250
1957 374.978 456.727 2 423.979 -250
1958 384.978 456.727 2 428.657 -250
1959 394.978 456.727 2 433.515 -250
1960 404.978 456.727 2 438.547 -250
1961 414.978 456.727 2 443.748 -250
1962 424.978 456.727 2 449.111 -250
1963 434.978 456.727 2 454.63 -250
1964 444.978 456.727 2 460.301 -250
1965 454.978 456.727 2 466.118 -250
1966 464.978 456.727 2 472.074 -120.349
1967 474.978 456.727 2 478.166 -118.523
1968 484.978 456.727 2 484.388 -250
1969 84.9784 466.727 2 398.358 -115.348
1970 94.9784 466.727 2 396.078 -126.76
1971 104.978 466.727 2 394.038 -128.23
1972 114.978 466.727 2 392.243 -250
1973 124.978 466.727 2 390.695 -250
1974 134.978 466.727 2 389.399 -250
1975 144.978 466.727 2 388.355 -250
1976 154.978 466.727 2 387.567 -128.19
1977 164.978 466.727 2 387.036 -250
1978 174.978 466.727 2 386.763 -250
1979 184.978 466.727 2 386.748 -250
1980 194.978 466.727 2 386.991 -250
1981 204.978 466.727 2 387.493 -250
1982 214.978 466.727 2 388.252 -250
1983 224.978 466.727 2 389.266 -119.637
1984 234.978 466.727 2 390.533 -250
1985 244.978 466.727 2 392.052 -250
1986 254.978 466.727 2 393.819 -250
1987 264.978 466.727 2 395.83 -250
1988 274.978 466.727 2 398.083 -111.892
1989 284.978 466.727 2 400.573 -94.2487
1990 294.978 466.727 2 403.295 -100.431
1991 304.978 466.727 2 406.246 -250
1992 314.978 466.727 2 409.419 -250
1993 324.978 466.727 2 412.811 -250
1994 334.978 466.727 2 416.415 -250
1995 344.978 466.727 2 420.226 -250
1996 354.978 466.727 2 424.238 -250
1997 364.978 466.727 2 428.447 -250
1998 374.978 466.727 2 432.845 -250
1999 384.978 466.727 2 437.428 -250
2000 394.978 466.727 2 442.19 -250
2001 404.978 466.727 2 447.125 -250
2002 414.978 466.727 2 452.227 -250
2003 424.978 466.727 2 457.49 -250
2004 434.978 466.727 2 462.91 -250
2005 444.978 466.727 2 468.481 -250
2006 454.978 466.727 2 474.197 -250
2007 464.978 466.727 2 480.053 -119.503
2008 474.978 466.727 2 486.045 -123.179
2009 484.978 466.727 2 492.167 -250
2010 84.9784 476.727 2 408.027 -123.23
2011 94.9784 476.727 2 405.801 -141.647
2012 104.978 476.727 2 403.811 -133.357
2013 114.978 476.727 2 402.059 -133.691
2014 124.978 476.727 2 400.55 -118.046
2015 134.978 476.727 2 399.285 -138.174
2016 144.978 476.727 2 398.267 -140.799
2017 154.978 476.727 2 397.499 -126.142
2018 164.978 476.727 2 396.981 -117.818
2019 174.978 476.727 2 396.714 -117.767
2020 184.978 476.727 2 396.7 -142.893
2021 194.978 476.727 2 396.937 -134.237
2022 204.978 476.727 2 397.426 -134.035
2023 214.978 476.727 2 398.166 -130.003
2024 224.978 476.727 2 399.155 -120.791
2025 234.978 476.727 2 400.391 -108.725
2026 244.978 476.727 2 401.873 -117.864
2027 254.978 476.727 2 403.597 -121.269
2028 264.978 476.727 2 405.56 -131.651
2029 274.978 476.727 2 407.759 -110.946
2030 284.978 476.727 2 410.19 -92.9496
2031 294.978 476.727 2 412.849 -99.6461
2032 304.978 476.727 2 415.731 -250
2033 314.978 476.727 2 418.833 -250
2034 324.978 476.727 2 422.149 -250
2035 334.978 476.727 2 425.674 -250
2036 344.978 476.727 2 429.403 -250
2037 354.978 476.727 2 433.33 -250
2038 364.978 476.727 2 437.451 -250
2039 374.978 476.727 2 441.76 -250
2040 384.978 476.727 2 446.252 -250
2041 394.978 476.727 2 450.92 -250
2042 404.978 476.727 2 455.76 -250
2043 414.978 476.727 2 460.767 -250
2044 424.978 476.727 2 465.934 -250
2045 434.978 476.727 2 471.257 -250
2046 444.978 476.727 2 476.73 -250
2047 454.978 476.727 2 482.348 -250
2048 464.978 476.727 2 488.107 -112.704
2049 474.978 476.727 2 494.001 -122.051
2050 484.978 476.727 2 500.025 -250
2051 84.9784 486.727 2 417.712 -115.804
2052 94.9784 486.727 2 415.538 -139.026
2053 104.978 486.727 2 413.594 -135.692
2054 114.978 486.727 2 411.884 -122.874
2055 124.978 486.727 2 410.411 -135.903
2056 134.978 486.727 2 409.177 -137.208
2057 144.978 486.727 2 408.184 -123.641
2058 154.978 486.727 2 407.434 -128.922
2059 164.978 486.727 2 406.929 -122.622
2060 174.978 486.727 2 406.669 -131.498
2061 184.978 486.727 2 406.654 -130.451
2062 194.978 486.727 2 406.886 -137.611
2063 204.978 486.727 2 407.363 -126.568
2064 214.978 486.727 2 408.085 -135.612
2065 224.978 486.727 2 409.05 -103.635
2066 234.978 486.727 2 410.256 -97.0737
2067 244.978 486.727 2 411.702 -124.227
2068 254.978 486.727 2 413.385 -126.877
2069 264.978 486.727 2 415.302 -123.453
2070 274.978 486.727 2 417.45 -99.048
2071 284.978 486.727 2 419.825 -94.4864
2072 294.978 486.727 2 422.423 -97.8727
2073 304.978 486.727 2 425.241 -108.953
2074 314.978 486.727 2 428.273 -113.592
2075 324.978 486.727 2 431.517 -127.753
2076 334.978 486.727 2 434.966 -134.283
2077 344.978 486.727 2 438.616 -153.096
2078 354.978 486.727 2 442.461 -134.738
2079 364.978 486.727 2 446.498 -142.936
2080 374.978 486.727 2 450.721 -136.564
2081 384.978 486.727 2 455.124 -153.592
2082 394.978 486.727 2 459.702 -141.411
2083 404.978 486.727 2 464.451 -141.48
2084 414.978 486.727 2 469.364 -152.168
2085 424.978 486.727 2 474.438 -149.546
2086 434.978 486.727 2 479.666 -149.178
2087 444.978 486.727 2 485.045 -149.968
2088 454.978 486.727 2 490.568 -142.868
2089 464.978 486.727 2 496.231 -121.416
2090 474.978 486.727 2 502.03 -114.173
2091 484.978 486.727 2 507.959 -127.262
2092 84.9784 496.727 2 427.411 -132.522
2093 94.9784 496.727 2 425.286 -132.527
2094 104.978 496.727 2 423.388 -250
2095 114.978 496.727 2 421.717 -250
2096 124.978 496.727 2 420.278 -250
2097 134.978 496.727 2 419.073 -250
2098 144.978 496.727 2 418.104 -250
2099 154.978 496.727 2 417.372 -250
2100 164.978 496.727 2 416.879 -250
2101 174.978 496.727 2 416.625 -250
2102 184.978 496.727 2 416.611 -250
2103 194.978 496.727 2 416.837 -250
2104 204.978 496.727 2 417.303 -128.184
2105 214.978 496.727 2 418.008 -123.32
2106 224.978 496.727 2 418.95 -101.511
2107 234.978 496.727 2 420.128 -250
2108 244.978 496.727 2 421.54 -250
2109 254.978 496.727 2 423.183 -250
2110 264.978 496.727 2 425.056 -250
2111 274.978 496.727 2 427.155 -95.3299
2112 284.978 496.727 2 429.476 -96.038
2113 294.978 496.727 2 432.016 -99.5097
2114 304.978 496.727 2 434.772 -96.0926
2115 314.978 496.727 2 437.739 -109.245
2116 324.978 496.727 2 440.912 -120.378
2117 334.978 496.727 2 444.288 -133.032
2118 344.978 496.727 2 447.862 -137.216
2119 354.978 496.727 2 451.629 -145.654
2120 364.978 496.727 2 455.585 -134.336
2121 374.978 496.727 2 459.724 -132.76
2122 384.978 496.727 2 464.041 -149.223
2123 394.978 496.727 2 468.533 -147.986
2124 404.978 496.727 2 473.193 -155.598
2125 414.978 496.727 2 478.017 -155.169
2126 424.978 496.727 2 482.999 -144.709
2127 434.978 496.727 2 488.136 -141.642
2128 444.978 496.727 2 493.422 -142.234
2129 454.978 496.727 2 498.853 -131.84
2130 464.978 496.727 2 504.423 -121.654
2131 474.978 496.727 2 510.128 -130.044
2132 484.978 496.727 2 515.964 -128.729
2133 84.9784 506.727 2 437.124 -126.003
2134 94.9784 506.727 2 435.047 -131.884
2135 104.978 506.727 2 433.191 -250
2136 114.978 506.727 2 431.558 -250
2137 124.978 506.727 2 430.152 -250
2138 134.978 506.727 2 428.975 -250
2139 144.978 506.727 2 428.028 -250
2140 154.978 506.727 2 427.313 -250
2141 164.978 506.727 2 426.831 -250
2142 174.978 506.727 2 426.583 -250
2143 184.978 506.727 2 426.57 -250
2144 194.978 506.727 2 426.791 -250
2145 204.978 506.727 2 427.246 -127.099
2146 214.978 506.727 2 427.934 -100.942
2147 224.978 506.727 2 428.854 -98.3497
2148 234.978 506.727 2 430.005 -250
2149 244.978 506.727 2 431.385 -250
2150 254.978 506.727 2 432.991 -250
2151 264.978 506.727 2 434.822 -250
2152 274.978 506.727 2 436.873 -92.8208
2153 284.978 506.727 2 439.143 -96.3074
2154 294.978 506.727 2 441.628 -250
2155 304.978 506.727 2 444.324 -250
2156 314.978 506.727 2 447.227 -250
2157 324.978 506.727 2 450.334 -250
2158 334.978 506.727 2 453.64 -250
2159 344.978 506.727 2 457.141 -250
2160 354.978 506.727 2 460.832 -250
2161 364.978 506.727 2 464.709 -250
2162 374.978 506.727 2 468.768 -250
2163 384.978 506.727 2 473.003 -250
2164 394.978 506.727 2 477.41 -250
2165 404.978 506.727 2 481.984 -250
2166 414.978 506.727 2 486.721 -250
2167 424.978 506.727 2 491.615 -149.172
2168 434.978 506.727 2 496.663 -152.943
2169 444.978 506.727 2 501.859 -143.338
2170 454.978 506.727 2 507.199 -123.901
2171 464.978 506.727 2 512.679 -124.254
2172 474.978 506.727 2 518.293 -150.958
2173 484.978 506.727 2 524.039 -250
2174 84.9784 516.727 2 446.849 -125.524
2175 94.9784 516.727 2 444.817 -125.402
2176 104.978 516.727 2 443.002 -250
2177 114.978 516.727 2 441.406 -250
2178 124.978 516.727 2 440.032 -250
2179 134.978 516.727 2 438.881 -250
2180 144.978 516.727 2 437.955 -250
2181 154.978 516.727 2 437.257 -250
2182 164.978 516.727 2 436.786 -250
2183 174.978 516.727 2 436.544 -250
2184 184.978 516.727 2 436.531 -250
2185 194.978 516.727 2 436.746 -250
2186 204.978 516.727 2 437.191 -125.442
2187 214.978 516.727 2 437.863 -112.599
2188 224.978 516.727 2 438.763 -98.2992
2189 234.978 516.727 2 439.888 -250
2190 244.978 516.727 2 441.237 -250
2191 254.978 516.727 2 442.807 -250
2192 264.978 516.727 2 444.597 -250
2193 274.978 516.727 2 446.604 -92.0125
2194 284.978 516.727 2 448.825 -116.573
2195 294.978 516.727 2 451.256 -250
2196 304.978 516.727 2 453.895 -250
2197 314.978 516.727 2 456.738 -250
2198 324.978 516.727 2 459.78 -250
2199 334.978 516.727 2 463.019 -250
2200 344.978 516.727 2 466.449 -250
2201 354.978 516.727 2 470.067 -250
2202 364.978 516.727 2 473.869 -250
2203 374.978 516.727 2 477.849 -250
2204 384.978 516.727 2 482.005 -250
2205 394.978 516.727 2 486.33 -250
2206 404.978 516.727 2 490.821 -250
2207 414.978 516.727 2 495.474 -250
2208 424.978 516.727 2 500.282 -169.749
2209 434.978 516.727 2 505.243 -149.941
2210 444.978 516.727 2 510.352 -120.142
2211 454.978 516.727 2 515.604 -116.982
2212 464.978 516.727 2 520.996 -134.438
2213 474.978 516.727 2 526.521 -125.686
2214 484.978 516.727 2 532.178 -250
2215 84.9784 526.727 2 456.586 -126.635
2216 94.9784 526.727 2 454.598 -131.807
2217 104.978 526.727 2 452.822 -250
2218 114.978 526.727 2 451.261 -250
2219 124.978 526.727 2 449.917 -250
2220 134.978 526.727 2 448.791 -250
2221 144.978 526.727 2 447.886 -250
2222 154.978 526.727 2 447.203 -250
2223 164.978 526.727 2 446.743 -250
2224 174.978 526.727 2 446.506 -250
2225 184.978 526.727 2 446.493 -250
2226 194.978 526.727 2 446.704 -250
2227 204.978 526.727 2 447.139 -116.899
2228 214.978 526.727 2 447.796 -110.112
2229 224.978 526.727 2 448.676 -93.6787
2230 234.978 526.727 2 449.776 -250
2231 244.978 526.727 2 451.095 -250
2232 254.978 526.727 2 452.632 -250
2233 264.978 526.727 2 454.383 -250
2234 274.978 526.727 2 456.347 -91.6953
2235 284.978 526.727 2 458.52 -109.973
2236 294.978 526.727 2 460.9 -250
2237 304.978 526.727 2 463.484 -250
2238 314.978 526.727 2 466.268 -250
2239 324.978 526.727 2 469.249 -250
2240 334.978 526.727 2 472.423 -250
2241 344.978 526.727 2 475.785 -250
2242 354.978 526.727 2 479.333 -250
2243 364.978 526.727 2 483.062 -250
2244 374.978 526.727 2 486.967 -250
2245 384.978 526.727 2 491.045 -250
2246 394.978 526.727 2 495.292 -250
2247 404.978 526.727 2 499.702 -250
2248 414.978 526.727 2 504.273 -250
2249 424.978 526.727 2 508.999 -164.796
2250 434.978 526.727 2 513.875 -119.415
2251 444.978 526.727 2 518.899 -120.731
2252 454.978 526.727 2 524.066 -130.363
2253 464.978 526.727 2 529.371 -127.07
2254 474.978 526.727 2 534.81 -134.493
2255 484.978 526.727 2 540.38 -250
2256 84.9784 536.727 2 466.335 -132.495
2257 94.9784 536.727 2 464.388 -145.635
2258 104.978 536.727 2 462.65 -250
2259 114.978 536.727 2 461.122 -250
2260 124.978 536.727 2 459.807 -250
2261 134.978 536.727 2 458.705 -250
2262 144.978 536.727 2 457.82 -250
2263 154.978 536.727 2 457.151 -250
2264 164.978 536.727 2 456.701 -250
2265 174.978 536.727 2 456.47 -250
2266 184.978 536.727 2 456.457 -250
2267 194.978 536.727 2 456.663 -250
2268 204.978 536.727 2 457.089 -121.814
2269 214.978 536.727 2 457.732 -108.208
2270 224.978 536.727 2 458.592 -96.464
2271 234.978 536.727 2 459.669 -250
2272 244.978 536.727 2 460.96 -250
2273 254.978 536.727 2 462.463 -250
2274 264.978 536.727 2 464.178 -250
2275 274.978 536.727 2 466.1 -94.0241
2276 284.978 536.727 2 468.228 -115.76
2277 294.978 536.727 2 470.56 -250
2278 304.978 536.727 2 473.091 -250
2279 314.978 536.727 2 475.818 -250
2280 324.978 536.727 2 478.74 -250
2281 334.978 536.727 2 481.851 -250
2282 344.978 536.727 2 485.148 -250
2283 354.978 536.727 2 488.628 -250
2284 364.978 536.727 2 492.286 -250
2285 374.978 536.727 2 496.119 -250
2286 384.978 536.727 2 500.123 -250
2287 394.978 536.727 2 504.293 -250
2288 404.978 536.727 2 508.625 -250
2289 414.978 536.727 2 513.116 -250
2290 424.978 536.727 2 517.761 -141.876
2291 434.978 536.727 2 522.556 -114.708
2292 444.978 536.727 2 527.497 -120.999
2293 454.978 536.727 2 532.58 -116.919
2294 464.978 536.727 2 537.801 -130.326
2295 474.978 536.727 2 543.156 -133.413
2296 484.978 536.727 2 548.641 -250
2297 84.9784 546.727 2 476.094 -124.861
2298 94.9784 546.727 2 474.187 -120.443
2299 104.978 546.727 2 472.485 -250
2300 114.978 546.727 2 470.989 -250
2301 124.978 546.727 2 469.701 -250
2302 134.978 546.727 2 468.623 -250
2303 144.978 546.727 2 467.756 -250
2304 154.978 546.727 2 467.102 -250
2305 164.978 546.727 2 466.662 -250
2306 174.978 546.727 2 466.435 -250
2307 184.978 546.727 2 466.423 -250
2308 194.978 546.727 2 466.625 -250
2309 204.978 546.727 2 467.041 -112.599
2310 214.978 546.727 2 467.67 -102.891
2311 224.978 546.727 2 468.512 -94.6503
2312 234.978 546.727 2 469.566 -250
2313 244.978 546.727 2 470.83 -250
2314 254.978 546.727 2 472.302 -250
2315 264.978 546.727 2 473.981 -250
2316 274.978 546.727 2 475.864 -93.5936
2317 284.978 546.727 2 477.949 -128.149
2318 294.978 546.727 2 480.233 -250
2319 304.978 546.727 2 482.713 -250
2320 314.978 546.727 2 485.387 -250
2321 324.978 546.727 2 488.251 -250
2322 334.978 546.727 2 491.302 -250
2323 344.978 546.727 2 494.536 -250
2324 354.978 546.727 2 497.95 -250
2325 364.978 546.727 2 501.54 -250
2326 374.978 546.727 2 505.303 -250
2327 384.978 546.727 2 509.234 -250
2328 394.978 546.727 2 513.33 -250
2329 404.978 546.727 2 517.587 -250
2330 414.978 546.727 2 522.001 -250
2331 424.978 546.727 2 526.568 -117.22
2332 434.978 546.727 2 531.283 -121.381
2333 444.978 546.727 2 536.144 -130.637
2334 454.978 546.727 2 541.146 -128.826
2335 464.978 546.727 2 546.285 -144.805
2336 474.978 546.727 2 551.558 -142.971
2337 484.978 546.727 2 556.96 -250
2338 84.9784 556.727 2 485.862 -123.861
2339 94.9784 556.727 2 483.994 -122.089
2340 104.978 556.727 2 482.327 -250
2341 114.978 556.727 2 480.861 -250
2342 124.978 556.727 2 479.6 -250
2343 134.978 556.727 2 478.544 -250
2344 144.978 556.727 2 477.696 -250
2345 154.978 556.727 2 477.055 -250
2346 164.978 556.727 2 476.624 -250
2347 174.978 556.727 2 476.402 -250
2348 184.978 556.727 2 476.39 -250
2349 194.978 556.727 2 476.587 -145.705
2350 204.978 556.727 2 476.995 -106.621
2351 214.978 556.727 2 477.611 -100.409
2352 224.978 556.727 2 478.436 -91.0587
2353 234.978 556.727 2 479.468 -134.569
2354 244.978 556.727 2 480.706 -199.282
2355 254.978 556.727 2 482.148 -250
2356 264.978 556.727 2 483.792 -131.95
2357 274.978 556.727 2 485.637 -93.8305
2358 284.978 556.727 2 487.68 -105.18
2359 294.978 556.727 2 489.919 -135.601
2360 304.978 556.727 2 492.35 -157.785
2361 314.978 556.727 2 494.972 -250
2362 324.978 556.727 2 497.781 -203.725
2363 334.978 556.727 2 500.774 -203.565
2364 344.978 556.727 2 503.947 -183.58
2365 354.978 556.727 2 507.298 -188.105
2366 364.978 556.727 2 510.823 -189.168
2367 374.978 556.727 2 514.517 -190.932
2368 384.978 556.727 2 518.379 -192.73
2369 394.978 556.727 2 522.403 -194.147
2370 404.978 556.727 2 526.587 -191.89
2371 414.978 556.727 2 530.926 -163.537
2372 424.978 556.727 2 535.416 -122.918
2373 434.978 556.727 2 540.055 -123.441
2374 444.978 556.727 2 544.837 -119.172
2375 454.978 556.727 2 549.76 -139.624
2376 464.978 556.727 2 554.819 -136.31
2377 474.978 556.727 2 560.012 -143.017
2378 484.978 556.727 2 565.333 -146.535
2379 84.9784 566.727 2 495.64 -138.073
2380 94.9784 566.727 2 493.809 -138.36
2381 104.978 566.727 2 492.175 -181.509
2382 114.978 566.727 2 490.739 -180.589
2383 124.978 566.727 2 489.503 -184.444
2384 134.978 566.727 2 488.469 -201.016
2385 144.978 566.727 2 487.637 -182.038
2386 154.978 566.727 2 487.01 -179.936
2387 164.978 566.727 2 486.587 -187.292
2388 174.978 566.727 2 486.37 -184.366
2389 184.978 566.727 2 486.358 -144.962
2390 194.978 566.727 2 486.552 -122.809
2391 204.978 566.727 2 486.951 -111.583
2392 214.978 566.727 2 487.555 -97.4985
2393 224.978 566.727 2 488.362 -95.7384
2394 234.978 566.727 2 489.373 -133.032
2395 244.978 566.727 2 490.586 -134.468
2396 254.978 566.727 2 491.999 -146.518
2397 264.978 566.727 2 493.611 -92.5448
2398 274.978 566.727 2 495.419 -95.8787
2399 284.978 566.727 2 497.422 -95.5241
2400 294.978 566.727 2 499.617 -124.321
2401 304.978 566.727 2 502.002 -142.992
2402 314.978 566.727 2 504.573 -156.549
2403 324.978 566.727 2 507.329 -203.117
2404 334.978 566.727 2 510.266 -202.943
2405 344.978 566.727 2 513.381 -202.764
2406 354.978 566.727 2 516.67 -250
2407 364.978 566.727 2 520.131 -250
2408 374.978 566.727 2 523.761 -192.574
2409 384.978 566.727 2 527.554 -164.98
2410 394.978 566.727 2 531.509 -192.683
2411 404.978 566.727 2 535.622 -192.745
2412 414.978 566.727 2 539.888 -115.39
2413 424.978 566.727 2 544.305 -123.699
2414 434.978 566.727 2 548.868 -116.755
2415 444.978 566.727 2 553.574 -119.704
2416 454.978 566.727 2 558.42 -137.174
2417 464.978 566.727 2 563.402 -145.101
2418 474.978 566.727 2 568.516 -155.435
2419 484.978 566.727 2 573.758 -149.435
2420 84.9784 576.727 2 505.427 -131.863
2421 94.9784 576.727 2 503.631 -139.033
2422 104.978 576.727 2 502.029 -181.158
2423 114.978 576.727 2 500.621 -189.724
2424 124.978 576.727 2 499.41 -183.772
2425 134.978 576.727 2 498.396 -183.052
2426 144.978 576.727 2 497.581 -189.865
2427 154.978 576.727 2 496.966 -182.11
2428 164.978 576.727 2 496.552 -149.359
2429 174.978 576.727 2 496.339 -145.763
2430 184.978 576.727 2 496.328 -145.903
2431 194.978 576.727 2 496.517 -126.942
2432 204.978 576.727 2 496.908 -116.67
2433 214.978 576.727 2 497.5 -95.5148
2434 224.978 576.727 2 498.292 -89.848
2435 234.978 576.727 2 499.283 -105.25
2436 244.978 576.727 2 500.472 -138.348
2437 254.978 576.727 2 501.857 -127.668
2438 264.978 576.727 2 503.437 -95.4414
2439 274.978 576.727 2 505.21 -93.693
2440 284.978 576.727 2 507.174 -94.4167
2441 294.978 576.727 2 509.327 -112.15
2442 304.978 576.727 2 511.667 -133.316
2443 314.978 576.727 2 514.19 -135.037
2444 324.978 576.727 2 516.894 -161.011
2445 334.978 576.727 2 519.777 -158.973
2446 344.978 576.727 2 522.835 -250
2447 354.978 576.727 2 526.066 -250
2448 364.978 576.727 2 529.465 -165.119
2449 374.978 576.727 2 533.031 -250
2450 384.978 576.727 2 536.759 -250
2451 394.978 576.727 2 540.647 -250
2452 404.978 576.727 2 544.69 -113.347
2453 414.978 576.727 2 548.886 -117.564
2454 424.978 576.727 2 553.231 -120.944
2455 434.978 576.727 2 557.721 -118.823
2456 444.978 576.727 2 562.354 -132.581
2457 454.978 576.727 2 567.124 -124.551
2458 464.978 576.727 2 572.03 -132.604
2459 474.978 576.727 2 577.068 -141.969
2460 484.978 576.727 2 582.233 -143.817
2461 84.9784 586.727 2 515.222 -119.448
2462 94.9784 586.727 2 513.461 -139.406
2463 104.978 586.727 2 511.889 -184.112
2464 114.978 586.727 2 510.508 -184.295
2465 124.978 586.727 2 509.32 -185.072
2466 134.978 586.727 2 508.326 -185.724
2467 144.978 586.727 2 507.527 -185.585
2468 154.978 586.727 2 506.925 -148.488
2469 164.978 586.727 2 506.519 -147.213
2470 174.978 586.727 2 506.31 -146.527
2471 184.978 586.727 2 506.298 -123.369
2472 194.978 586.727 2 506.484 -125.628
2473 204.978 586.727 2 506.868 -109.299
2474 214.978 586.727 2 507.448 -93.4326
2475 224.978 586.727 2 508.224 -92.1935
2476 234.978 586.727 2 509.196 -107.361
2477 244.978 586.727 2 510.362 -133.018
2478 254.978 586.727 2 511.72 -111.795
2479 264.978 586.727 2 513.27 -108.593
2480 274.978 586.727 2 515.009 -114.283
2481 284.978 586.727 2 516.936 -97.2616
2482 294.978 586.727 2 519.048 -103.673
2483 304.978 586.727 2 521.344 -127.864
2484 314.978 586.727 2 523.821 -134.685
2485 324.978 586.727 2 526.476 -136.913
2486 334.978 586.727 2 529.306 -157.535
2487 344.978 586.727 2 532.31 -157.644
2488 354.978 586.727 2 535.483 -159.905
2489 364.978 586.727 2 538.823 -250
2490 374.978 586.727 2 542.328 -250
2491 384.978 586.727 2 545.992 -250
2492 394.978 586.727 2 549.815 -116.797
2493 404.978 586.727 2 553.791 -127.006
2494 414.978 586.727 2 557.919 -113.345
2495 424.978 586.727 2 562.194 -120.289
2496 434.978 586.727 2 566.613 -128.089
2497 444.978 586.727 2 571.173 -138.432
2498 454.978 586.727 2 575.871 -116.56
2499 464.978 586.727 2 580.703 -126.713
2500 474.978 586.727 2 585.665 -152.876
2501 484.978 586.727 2 590.756 -140.226
