# <Transmitter Set: Tx: 19 tx_ant_grid_80_m - Point 2> 
# <Receiver Set: Rx: 17 rx_ant_grid> 
# <X(m)> <Y(m)> <Z(m)> <Distance(m)> <PathGain(dB)>
1 84.9784 -13.2734 2 123.46 -86.328
2 94.9784 -13.2734 2 115.891 -78.8707
3 104.978 -13.2734 2 108.716 -80.1738
4 114.978 -13.2734 2 102.018 -79.3203
5 124.978 -13.2734 2 95.8969 -79.2364
6 134.978 -13.2734 2 90.4693 -77.237
7 144.978 -13.2734 2 85.8672 -77.0801
8 154.978 -13.2734 2 82.2293 -84.6353
9 164.978 -13.2734 2 79.6878 -81.3946
10 174.978 -13.2734 2 78.3494 -74.5048
11 184.978 -13.2734 2 78.2758 -74.2779
12 194.978 -13.2734 2 79.4707 -84.6916
13 204.978 -13.2734 2 81.8784 -82.8582
14 214.978 -13.2734 2 85.3964 -81.6586
15 224.978 -13.2734 2 89.8946 -75.5214
16 234.978 -13.2734 2 95.234 -84.908
17 244.978 -13.2734 2 101.282 -76.8792
18 254.978 -13.2734 2 107.919 -84.9997
19 264.978 -13.2734 2 115.043 -78.0953
20 274.978 -13.2734 2 122.57 -82.3938
21 284.978 -13.2734 2 130.43 -86.8764
22 294.978 -13.2734 2 138.566 -84.5101
23 304.978 -13.2734 2 146.932 -83.9824
24 314.978 -13.2734 2 155.491 -85.9452
25 324.978 -13.2734 2 164.213 -87.3496
26 334.978 -13.2734 2 173.073 -84.4651
27 344.978 -13.2734 2 182.052 -83.0997
28 354.978 -13.2734 2 191.132 -86.7195
29 364.978 -13.2734 2 200.299 -85.9957
30 374.978 -13.2734 2 209.543 -85.7634
31 384.978 -13.2734 2 218.853 -87.7511
32 394.978 -13.2734 2 228.222 -86.3794
33 404.978 -13.2734 2 237.642 -87.6381
34 414.978 -13.2734 2 247.108 -88.32
35 424.978 -13.2734 2 256.614 -87.1713
36 434.978 -13.2734 2 266.156 -89.0512
37 444.978 -13.2734 2 275.731 -89.1862
38 454.978 -13.2734 2 285.335 -88.8559
39 464.978 -13.2734 2 294.965 -89.7269
40 474.978 -13.2734 2 304.62 -89.3607
41 484.978 -13.2734 2 314.295 -90.5956
42 84.9784 -3.2734 2 124.255 -85.425
43 94.9784 -3.2734 2 116.738 -81.777
44 104.978 -3.2734 2 109.619 -77.7256
45 114.978 -3.2734 2 102.979 -85.5251
46 124.978 -3.2734 2 96.9187 -75.0267
47 134.978 -3.2734 2 91.5517 -85.1767
48 144.978 -3.2734 2 87.0069 -75.9605
49 154.978 -3.2734 2 83.4187 -74.7892
50 164.978 -3.2734 2 80.9145 -74.5892
51 174.978 -3.2734 2 79.5967 -82.9002
52 184.978 -3.2734 2 79.5244 -84.0651
53 194.978 -3.2734 2 80.7007 -74.3541
54 204.978 -3.2734 2 83.0728 -75.7675
55 214.978 -3.2734 2 86.5423 -75.1786
56 224.978 -3.2734 2 90.9838 -81.228
57 234.978 -3.2734 2 96.2628 -77.2708
58 244.978 -3.2734 2 102.25 -80.7097
59 254.978 -3.2734 2 108.828 -79.393
60 264.978 -3.2734 2 115.896 -79.0184
61 274.978 -3.2734 2 123.371 -85.7435
62 284.978 -3.2734 2 131.183 -84.2129
63 294.978 -3.2734 2 139.275 -82.0926
64 304.978 -3.2734 2 147.601 -97.3354
65 314.978 -3.2734 2 156.123 -87.8138
66 324.978 -3.2734 2 164.812 -89.4853
67 334.978 -3.2734 2 173.641 -87.6609
68 344.978 -3.2734 2 182.592 -79.9148
69 354.978 -3.2734 2 191.646 -84.8288
70 364.978 -3.2734 2 200.79 -85.4984
71 374.978 -3.2734 2 210.013 -86.2873
72 384.978 -3.2734 2 219.303 -83.9361
73 394.978 -3.2734 2 228.653 -81.3574
74 404.978 -3.2734 2 238.056 -87.2769
75 414.978 -3.2734 2 247.506 -88.4842
76 424.978 -3.2734 2 256.997 -86.8442
77 434.978 -3.2734 2 266.526 -89.5113
78 444.978 -3.2734 2 276.088 -87.5035
79 454.978 -3.2734 2 285.68 -93.0722
80 464.978 -3.2734 2 295.299 -93.3282
81 474.978 -3.2734 2 304.943 -89.7727
82 484.978 -3.2734 2 314.609 -90.9512
83 84.9784 6.7266 2 125.842 -79.9269
84 94.9784 6.7266 2 118.426 -84.7722
85 104.978 6.7266 2 111.415 -81.0685
86 114.978 6.7266 2 104.889 -79.4129
87 124.978 6.7266 2 98.9457 -250
88 134.978 6.7266 2 93.6949 -75.903
89 144.978 6.7266 2 89.2592 -76.3724
90 154.978 6.7266 2 85.7653 -77.7606
91 164.978 6.7266 2 83.3317 -74.9216
92 174.978 6.7266 2 82.0528 -85.0844
93 184.978 6.7266 2 81.9826 -84.3847
94 194.978 6.7266 2 83.1241 -74.4756
95 204.978 6.7266 2 85.429 -81.1117
96 214.978 6.7266 2 88.8065 -77.1785
97 224.978 6.7266 2 93.1401 -74.7273
98 234.978 6.7266 2 98.3034 -79.0262
99 244.978 6.7266 2 104.173 -78.5658
100 254.978 6.7266 2 110.637 -83.9585
101 264.978 6.7266 2 117.597 -88.4222
102 274.978 6.7266 2 124.97 -81.2572
103 284.978 6.7266 2 132.687 -82.4043
104 294.978 6.7266 2 140.693 -250
105 304.978 6.7266 2 148.939 -250
106 314.978 6.7266 2 157.389 -250
107 324.978 6.7266 2 166.012 -250
108 334.978 6.7266 2 174.781 -250
109 344.978 6.7266 2 183.676 -250
110 354.978 6.7266 2 192.679 -250
111 364.978 6.7266 2 201.777 -250
112 374.978 6.7266 2 210.956 -250
113 384.978 6.7266 2 220.206 -250
114 394.978 6.7266 2 229.52 -92.68
115 404.978 6.7266 2 238.889 -98.4998
116 414.978 6.7266 2 248.307 -102.106
117 424.978 6.7266 2 257.769 -85.8158
118 434.978 6.7266 2 267.27 -87.3183
119 444.978 6.7266 2 276.806 -250
120 454.978 6.7266 2 286.374 -250
121 464.978 6.7266 2 295.971 -250
122 474.978 6.7266 2 305.593 -116.619
123 484.978 6.7266 2 315.239 -117.375
124 84.9784 16.7266 2 128.193 -80.5799
125 94.9784 16.7266 2 120.921 -78.6025
126 104.978 16.7266 2 114.063 -79.3726
127 114.978 16.7266 2 107.698 -82.7728
128 124.978 16.7266 2 101.918 -250
129 134.978 16.7266 2 96.8285 -76.2489
130 144.978 16.7266 2 92.5431 -77.3239
131 154.978 16.7266 2 89.178 -76.6784
132 164.978 16.7266 2 86.8401 -75.3549
133 174.978 16.7266 2 85.6135 -79.0035
134 184.978 16.7266 2 85.5462 -77.2162
135 194.978 16.7266 2 86.6409 -250
136 204.978 16.7266 2 88.8545 -250
137 214.978 16.7266 2 92.1065 -250
138 224.978 16.7266 2 96.2917 -250
139 234.978 16.7266 2 101.294 -250
140 244.978 16.7266 2 107 -250
141 254.978 16.7266 2 113.303 -250
142 264.978 16.7266 2 120.108 -115.972
143 274.978 16.7266 2 127.336 -80.576
144 284.978 16.7266 2 134.918 -83.6096
145 294.978 16.7266 2 142.799 -250
146 304.978 16.7266 2 150.93 -250
147 314.978 16.7266 2 159.275 -250
148 324.978 16.7266 2 167.8 -93.3584
149 334.978 16.7266 2 176.481 -85.9879
150 344.978 16.7266 2 185.294 -250
151 354.978 16.7266 2 194.222 -250
152 364.978 16.7266 2 203.251 -250
153 374.978 16.7266 2 212.366 -250
154 384.978 16.7266 2 221.558 -95.9296
155 394.978 16.7266 2 230.817 -97.8532
156 404.978 16.7266 2 240.135 -102.083
157 414.978 16.7266 2 249.506 -91.312
158 424.978 16.7266 2 258.924 -85.7796
159 434.978 16.7266 2 268.384 -87.7389
160 444.978 16.7266 2 277.883 -250
161 454.978 16.7266 2 287.415 -250
162 464.978 16.7266 2 296.978 -250
163 474.978 16.7266 2 306.568 -116.604
164 484.978 16.7266 2 316.184 -118.974
165 84.9784 26.7266 2 131.264 -84.0024
166 94.9784 26.7266 2 124.173 -85.9291
167 104.978 26.7266 2 117.505 -85.6951
168 114.978 26.7266 2 111.336 -80.3791
169 124.978 26.7266 2 105.756 -77.5618
170 134.978 26.7266 2 100.86 -76.6561
171 144.978 26.7266 2 96.7536 -76.3769
172 154.978 26.7266 2 93.54 -76.0252
173 164.978 26.7266 2 91.3138 -81.2897
174 174.978 26.7266 2 90.1482 -75.3203
175 184.978 26.7266 2 90.0843 -70.0292
176 194.978 26.7266 2 91.1244 -250
177 204.978 26.7266 2 93.2317 -250
178 214.978 26.7266 2 96.336 -250
179 224.978 26.7266 2 100.345 -250
180 234.978 26.7266 2 105.155 -250
181 244.978 26.7266 2 110.662 -250
182 254.978 26.7266 2 116.767 -250
183 264.978 26.7266 2 123.382 -123.701
184 274.978 26.7266 2 130.428 -93.6454
185 284.978 26.7266 2 137.84 -87.0195
186 294.978 26.7266 2 145.563 -250
187 304.978 26.7266 2 153.548 -250
188 314.978 26.7266 2 161.757 -112.256
189 324.978 26.7266 2 170.159 -88.747
190 334.978 26.7266 2 178.724 -84.7196
191 344.978 26.7266 2 187.432 -88.5551
192 354.978 26.7266 2 196.264 -93.5877
193 364.978 26.7266 2 205.202 -250
194 374.978 26.7266 2 214.234 -250
195 384.978 26.7266 2 223.349 -97.6483
196 394.978 26.7266 2 232.537 -102.313
197 404.978 26.7266 2 241.789 -96.7242
198 414.978 26.7266 2 251.098 -84.7552
199 424.978 26.7266 2 260.459 -89.8552
200 434.978 26.7266 2 269.865 -88.5749
201 444.978 26.7266 2 279.313 -86.7471
202 454.978 26.7266 2 288.798 -250
203 464.978 26.7266 2 298.316 -250
204 474.978 26.7266 2 307.865 -120.447
205 484.978 26.7266 2 317.442 -116.419
206 84.9784 36.7266 2 135.009 -80.9182
207 94.9784 36.7266 2 128.124 -80.4922
208 104.978 36.7266 2 121.673 -79.5883
209 114.978 36.7266 2 115.727 -78.4658
210 124.978 36.7266 2 110.369 -77.8205
211 134.978 36.7266 2 105.687 -77.4148
212 144.978 36.7266 2 101.776 -79.2122
213 154.978 36.7266 2 98.7256 -88.7485
214 164.978 36.7266 2 96.619 -91.8775
215 174.978 36.7266 2 95.5181 -79.743
216 184.978 36.7266 2 95.4578 -76.3513
217 194.978 36.7266 2 96.44 -116.729
218 204.978 36.7266 2 98.4335 -112.457
219 214.978 36.7266 2 101.379 -116.453
220 224.978 36.7266 2 105.196 -250
221 234.978 36.7266 2 109.793 -250
222 244.978 36.7266 2 115.079 -250
223 254.978 36.7266 2 120.961 -250
224 264.978 36.7266 2 127.358 -124.07
225 274.978 36.7266 2 134.196 -95.7413
226 284.978 36.7266 2 141.411 -90.3697
227 294.978 36.7266 2 148.948 -250
228 304.978 36.7266 2 156.761 -250
229 314.978 36.7266 2 164.81 -106.947
230 324.978 36.7266 2 173.063 -86.5518
231 334.978 36.7266 2 181.492 -78.7234
232 344.978 36.7266 2 190.073 -83.8598
233 354.978 36.7266 2 198.787 -95.6511
234 364.978 36.7266 2 207.617 -83.649
235 374.978 36.7266 2 216.549 -86.9357
236 384.978 36.7266 2 225.57 -250
237 394.978 36.7266 2 234.671 -250
238 404.978 36.7266 2 243.842 -98.0712
239 414.978 36.7266 2 253.076 -91.7121
240 424.978 36.7266 2 262.366 -94.4381
241 434.978 36.7266 2 271.706 -89.4478
242 444.978 36.7266 2 281.092 -86.8355
243 454.978 36.7266 2 290.519 -250
244 464.978 36.7266 2 299.983 -166.912
245 474.978 36.7266 2 309.481 -118.176
246 484.978 36.7266 2 319.009 -116.127
247 84.9784 46.7266 2 139.371 -82.2189
248 94.9784 46.7266 2 132.714 -80.2642
249 104.978 46.7266 2 126.496 -79.1401
250 114.978 46.7266 2 120.788 -78.4992
251 124.978 46.7266 2 115.665 -78.4424
252 134.978 46.7266 2 111.206 -79.9998
253 144.978 46.7266 2 107.496 -86.9759
254 154.978 46.7266 2 104.612 -250
255 164.978 46.7266 2 102.627 -250
256 174.978 46.7266 2 101.591 -250
257 184.978 46.7266 2 101.534 -250
258 194.978 46.7266 2 102.458 -250
259 204.978 46.7266 2 104.337 -106.125
260 214.978 46.7266 2 107.12 -99.3263
261 224.978 46.7266 2 110.739 -98.3132
262 234.978 46.7266 2 115.116 -97.8128
263 244.978 46.7266 2 120.167 -94.9915
264 254.978 46.7266 2 125.812 -92.8669
265 264.978 46.7266 2 131.974 -91.8574
266 274.978 46.7266 2 138.584 -105.082
267 284.978 46.7266 2 145.582 -97.3039
268 294.978 46.7266 2 152.913 -250
269 304.978 46.7266 2 160.533 -250
270 314.978 46.7266 2 168.403 -250
271 324.978 46.7266 2 176.488 -250
272 334.978 46.7266 2 184.761 -250
273 344.978 46.7266 2 193.197 -250
274 354.978 46.7266 2 201.776 -250
275 364.978 46.7266 2 210.48 -98.361
276 374.978 46.7266 2 219.295 -91.7927
277 384.978 46.7266 2 228.208 -250
278 394.978 46.7266 2 237.207 -250
279 404.978 46.7266 2 246.284 -96.8955
280 414.978 46.7266 2 255.43 -94.8966
281 424.978 46.7266 2 264.637 -97.1323
282 434.978 46.7266 2 273.9 -87.308
283 444.978 46.7266 2 283.213 -85.6711
284 454.978 46.7266 2 292.572 -250
285 464.978 46.7266 2 301.971 -250
286 474.978 46.7266 2 311.408 -116.341
287 484.978 46.7266 2 320.88 -125.391
288 84.9784 56.7266 2 144.296 -85.1853
289 94.9784 56.7266 2 137.876 -86.6264
290 104.978 56.7266 2 131.903 -81.8016
291 114.978 56.7266 2 126.439 -79.2649
292 124.978 56.7266 2 121.554 -79.2916
293 134.978 56.7266 2 117.319 -84.8372
294 144.978 56.7266 2 113.808 -80.5803
295 154.978 56.7266 2 111.089 -250
296 164.978 56.7266 2 109.221 -250
297 174.978 56.7266 2 108.249 -250
298 184.978 56.7266 2 108.195 -250
299 194.978 56.7266 2 109.063 -250
300 204.978 56.7266 2 110.83 -89.435
301 214.978 56.7266 2 113.453 -81.2485
302 224.978 56.7266 2 116.877 -79.5019
303 234.978 56.7266 2 121.032 -84.5327
304 244.978 56.7266 2 125.846 -97.9146
305 254.978 56.7266 2 131.246 -92.1872
306 264.978 56.7266 2 137.164 -104.962
307 274.978 56.7266 2 143.536 -87.9335
308 284.978 56.7266 2 150.303 -101.72
309 294.978 56.7266 2 157.415 -250
310 304.978 56.7266 2 164.827 -250
311 314.978 56.7266 2 172.501 -250
312 324.978 56.7266 2 180.402 -250
313 334.978 56.7266 2 188.503 -250
314 344.978 56.7266 2 196.779 -250
315 354.978 56.7266 2 205.208 -250
316 364.978 56.7266 2 213.773 -97.369
317 374.978 56.7266 2 222.458 -104.296
318 384.978 56.7266 2 231.249 -250
319 394.978 56.7266 2 240.134 -250
320 404.978 56.7266 2 249.104 -96.711
321 414.978 56.7266 2 258.15 -103.219
322 424.978 56.7266 2 267.264 -93.0141
323 434.978 56.7266 2 276.439 -90.4073
324 444.978 56.7266 2 285.669 -90.6639
325 454.978 56.7266 2 294.95 -250
326 464.978 56.7266 2 304.276 -250
327 474.978 56.7266 2 313.643 -115.891
328 484.978 56.7266 2 323.049 -108.608
329 84.9784 66.7266 2 149.728 -81.1378
330 94.9784 66.7266 2 143.551 -84.2185
331 104.978 66.7266 2 137.824 -85.3496
332 114.978 66.7266 2 132.604 -81.1306
333 124.978 66.7266 2 127.955 -80.4735
334 134.978 66.7266 2 123.939 -86.3976
335 144.978 66.7266 2 120.621 -78.6649
336 154.978 66.7266 2 118.058 -92.3477
337 164.978 66.7266 2 116.303 -87.7342
338 174.978 66.7266 2 115.39 -94.3766
339 184.978 66.7266 2 115.34 -98.9004
340 194.978 66.7266 2 116.154 -100.041
341 204.978 66.7266 2 117.814 -94.8769
342 214.978 66.7266 2 120.286 -78.3261
343 224.978 66.7266 2 123.52 -92.916
344 234.978 66.7266 2 127.458 -78.4431
345 244.978 66.7266 2 132.038 -79.3395
346 254.978 66.7266 2 137.196 -86.8152
347 264.978 66.7266 2 142.867 -82.0672
348 274.978 66.7266 2 148.995 -80.8882
349 284.978 66.7266 2 155.525 -85.0833
350 294.978 66.7266 2 162.409 -84.6894
351 304.978 66.7266 2 169.603 -105.59
352 314.978 66.7266 2 177.069 -91.7167
353 324.978 66.7266 2 184.776 -96.9507
354 334.978 66.7266 2 192.693 -100.273
355 344.978 66.7266 2 200.796 -102.357
356 354.978 66.7266 2 209.063 -90.794
357 364.978 66.7266 2 217.476 -94.7279
358 374.978 66.7266 2 226.019 -94.9822
359 384.978 66.7266 2 234.676 -93.0419
360 394.978 66.7266 2 243.437 -82.2638
361 404.978 66.7266 2 252.289 -98.6776
362 414.978 66.7266 2 261.225 -92.1872
363 424.978 66.7266 2 270.235 -90.1113
364 434.978 66.7266 2 279.312 -87.7734
365 444.978 66.7266 2 288.451 -90.1109
366 454.978 66.7266 2 297.645 -91.4276
367 464.978 66.7266 2 306.889 -89.1372
368 474.978 66.7266 2 316.179 -91.3242
369 484.978 66.7266 2 325.511 -94.3208
370 84.9784 76.7266 2 155.613 -85.3315
371 94.9784 76.7266 2 149.679 -81.0176
372 104.978 76.7266 2 144.196 -87.2162
373 114.978 76.7266 2 139.215 -79.1087
374 124.978 76.7266 2 134.794 -78.865
375 134.978 76.7266 2 130.988 -85.4474
376 144.978 76.7266 2 127.853 -80.0392
377 154.978 76.7266 2 125.439 -79.3606
378 164.978 76.7266 2 123.787 -91.6464
379 174.978 76.7266 2 122.93 -80.6328
380 184.978 76.7266 2 122.883 -83.9265
381 194.978 76.7266 2 123.648 -88.7702
382 204.978 76.7266 2 125.209 -80.1322
383 214.978 76.7266 2 127.537 -83.2907
384 224.978 76.7266 2 130.592 -87.1114
385 234.978 76.7266 2 134.323 -80.11
386 244.978 76.7266 2 138.676 -80.0874
387 254.978 76.7266 2 143.595 -82.9451
388 264.978 76.7266 2 149.024 -80.9909
389 274.978 76.7266 2 154.908 -88.4835
390 284.978 76.7266 2 161.199 -86.3115
391 294.978 76.7266 2 167.85 -82.5287
392 304.978 76.7266 2 174.82 -86.1683
393 314.978 76.7266 2 182.073 -84.2812
394 324.978 76.7266 2 189.576 -83.9137
395 334.978 76.7266 2 197.301 -82.7779
396 344.978 76.7266 2 205.222 -87.6267
397 354.978 76.7266 2 213.318 -83.8792
398 364.978 76.7266 2 221.569 -93.0605
399 374.978 76.7266 2 229.96 -82.434
400 384.978 76.7266 2 238.474 -83.3007
401 394.978 76.7266 2 247.1 -92.7211
402 404.978 76.7266 2 255.826 -86.0538
403 414.978 76.7266 2 264.642 -86.4827
404 424.978 76.7266 2 273.539 -88.9276
405 434.978 76.7266 2 282.511 -86.705
406 444.978 76.7266 2 291.549 -95.7702
407 454.978 76.7266 2 300.648 -94.8576
408 464.978 76.7266 2 309.803 -95.9255
409 474.978 76.7266 2 319.008 -89.2292
410 484.978 76.7266 2 328.26 -89.0685
411 84.9784 86.7266 2 161.903 -84.0884
412 94.9784 86.7266 2 156.208 -91.8474
413 104.978 86.7266 2 150.962 -250
414 114.978 86.7266 2 146.212 -250
415 124.978 86.7266 2 142.008 -250
416 134.978 86.7266 2 138.401 -81.8421
417 144.978 86.7266 2 135.438 -82.2248
418 154.978 86.7266 2 133.161 -250
419 164.978 86.7266 2 131.607 -250
420 174.978 86.7266 2 130.801 -250
421 184.978 86.7266 2 130.757 -86.3943
422 194.978 86.7266 2 131.475 -82.6747
423 204.978 86.7266 2 132.945 -79.6884
424 214.978 86.7266 2 135.14 -79.7848
425 224.978 86.7266 2 138.026 -250
426 234.978 86.7266 2 141.562 -250
427 244.978 86.7266 2 145.699 -250
428 254.978 86.7266 2 150.388 -93.4937
429 264.978 86.7266 2 155.58 -84.8241
430 274.978 86.7266 2 161.225 -83.1641
431 284.978 86.7266 2 167.279 -83.0002
432 294.978 86.7266 2 173.697 -85.5485
433 304.978 86.7266 2 180.441 -82.5811
434 314.978 86.7266 2 187.477 -86.4085
435 324.978 86.7266 2 194.772 -84.8725
436 334.978 86.7266 2 202.298 -86.0229
437 344.978 86.7266 2 210.031 -87.5657
438 354.978 86.7266 2 217.948 -86.9354
439 364.978 86.7266 2 226.031 -93.8366
440 374.978 86.7266 2 234.262 -85.5692
441 384.978 86.7266 2 242.625 -250
442 394.978 86.7266 2 251.108 -250
443 404.978 86.7266 2 259.7 -250
444 414.978 86.7266 2 268.388 -96.3613
445 424.978 86.7266 2 277.166 -97.6447
446 434.978 86.7266 2 286.023 -86.5999
447 444.978 86.7266 2 294.954 -250
448 454.978 86.7266 2 303.951 -250
449 464.978 86.7266 2 313.009 -250
450 474.978 86.7266 2 322.123 -95.3829
451 484.978 86.7266 2 331.288 -105.334
452 84.9784 96.7266 2 168.551 -82.8994
453 94.9784 96.7266 2 163.089 -99.0965
454 104.978 96.7266 2 158.071 -96.9102
455 114.978 96.7266 2 153.541 -96.0721
456 124.978 96.7266 2 149.544 -93.1201
457 134.978 96.7266 2 146.123 -84.9843
458 144.978 96.7266 2 143.319 -81.7014
459 154.978 96.7266 2 141.17 -250
460 164.978 96.7266 2 139.704 -250
461 174.978 96.7266 2 138.945 -250
462 184.978 96.7266 2 138.904 -85.3126
463 194.978 96.7266 2 139.581 -250
464 204.978 96.7266 2 140.966 -250
465 214.978 96.7266 2 143.038 -250
466 224.978 96.7266 2 145.768 -250
467 234.978 96.7266 2 149.12 -250
468 244.978 96.7266 2 153.053 -250
469 254.978 96.7266 2 157.524 -250
470 264.978 96.7266 2 162.487 -250
471 274.978 96.7266 2 167.901 -94.5251
472 284.978 96.7266 2 173.721 -84.9744
473 294.978 96.7266 2 179.91 -85.7568
474 304.978 96.7266 2 186.43 -84.7606
475 314.978 96.7266 2 193.247 -83.9645
476 324.978 96.7266 2 200.332 -85.6091
477 334.978 96.7266 2 207.657 -87.9445
478 344.978 96.7266 2 215.198 -84.2535
479 354.978 96.7266 2 222.932 -89.9262
480 364.978 96.7266 2 230.84 -87.6555
481 374.978 96.7266 2 238.905 -91.9165
482 384.978 96.7266 2 247.111 -250
483 394.978 96.7266 2 255.446 -250
484 404.978 96.7266 2 263.896 -250
485 414.978 96.7266 2 272.451 -92.4925
486 424.978 96.7266 2 281.101 -106.178
487 434.978 96.7266 2 289.839 -109.312
488 444.978 96.7266 2 298.655 -250
489 454.978 96.7266 2 307.544 -250
490 464.978 96.7266 2 316.499 -250
491 474.978 96.7266 2 325.515 -105.399
492 484.978 96.7266 2 334.587 -103.01
493 84.9784 106.727 2 175.518 -87.2445
494 94.9784 106.727 2 170.279 -93.23
495 104.978 106.727 2 165.48 -88.2993
496 114.978 106.727 2 161.158 -90.1019
497 124.978 106.727 2 157.354 -82.2025
498 134.978 106.727 2 154.107 -93.9954
499 144.978 106.727 2 151.451 -85.8629
500 154.978 106.727 2 149.418 -250
501 164.978 106.727 2 148.035 -250
502 174.978 106.727 2 147.319 -250
503 184.978 106.727 2 147.28 -82.784
504 194.978 106.727 2 147.918 -250
505 204.978 106.727 2 149.226 -250
506 214.978 106.727 2 151.185 -250
507 224.978 106.727 2 153.77 -250
508 234.978 106.727 2 156.951 -250
509 244.978 106.727 2 160.693 -250
510 254.978 106.727 2 164.957 -250
511 264.978 106.727 2 169.703 -250
512 274.978 106.727 2 174.893 -122.299
513 284.978 106.727 2 180.489 -82.3498
514 294.978 106.727 2 186.453 -86.5728
515 304.978 106.727 2 192.751 -85.8554
516 314.978 106.727 2 199.353 -86.0305
517 324.978 106.727 2 206.228 -90.0992
518 334.978 106.727 2 213.351 -82.4243
519 344.978 106.727 2 220.697 -88.4734
520 354.978 106.727 2 228.244 -87.5117
521 364.978 106.727 2 235.975 -86.5068
522 374.978 106.727 2 243.87 -87.112
523 384.978 106.727 2 251.915 -250
524 394.978 106.727 2 260.095 -250
525 404.978 106.727 2 268.399 -250
526 414.978 106.727 2 276.815 -116.639
527 424.978 106.727 2 285.333 -109.923
528 434.978 106.727 2 293.945 -107.975
529 444.978 106.727 2 302.641 -250
530 454.978 106.727 2 311.417 -250
531 464.978 106.727 2 320.264 -250
532 474.978 106.727 2 329.177 -101.4
533 484.978 106.727 2 338.151 -109.477
534 84.9784 116.727 2 182.766 -83.4148
535 94.9784 116.727 2 177.741 -85.824
536 104.978 116.727 2 173.149 -104.674
537 114.978 116.727 2 169.024 -250
538 124.978 116.727 2 165.401 -250
539 134.978 116.727 2 162.314 -250
540 144.978 116.727 2 159.795 -250
541 154.978 116.727 2 157.87 -250
542 164.978 116.727 2 156.561 -250
543 174.978 116.727 2 155.884 -250
544 184.978 116.727 2 155.847 -84.8246
545 194.978 116.727 2 156.451 -250
546 204.978 116.727 2 157.687 -250
547 214.978 116.727 2 159.542 -250
548 224.978 116.727 2 161.995 -250
549 234.978 116.727 2 165.017 -250
550 244.978 116.727 2 168.58 -250
551 254.978 116.727 2 172.649 -250
552 264.978 116.727 2 177.19 -250
553 274.978 116.727 2 182.167 -119.512
554 284.978 116.727 2 187.545 -112.983
555 294.978 116.727 2 193.292 -85.0084
556 304.978 116.727 2 199.374 -83.6539
557 314.978 116.727 2 205.763 -84.5015
558 324.978 116.727 2 212.431 -250
559 334.978 116.727 2 219.353 -250
560 344.978 116.727 2 226.504 -250
561 354.978 116.727 2 233.864 -250
562 364.978 116.727 2 241.415 -250
563 374.978 116.727 2 249.138 -250
564 384.978 116.727 2 257.017 -250
565 394.978 116.727 2 265.041 -250
566 404.978 116.727 2 273.194 -250
567 414.978 116.727 2 281.467 -250
568 424.978 116.727 2 289.848 -122.177
569 434.978 116.727 2 298.329 -114.228
570 444.978 116.727 2 306.902 -250
571 454.978 116.727 2 315.559 -250
572 464.978 116.727 2 324.293 -250
573 474.978 116.727 2 333.098 -112.48
574 484.978 116.727 2 341.969 -108.14
575 84.9784 126.727 2 190.264 -87.6891
576 94.9784 126.727 2 185.443 -84.9138
577 104.978 126.727 2 181.046 -110.771
578 114.978 126.727 2 177.104 -250
579 124.978 126.727 2 173.65 -250
580 134.978 126.727 2 170.713 -250
581 144.978 126.727 2 168.319 -250
582 154.978 126.727 2 166.493 -250
583 164.978 126.727 2 165.253 -250
584 174.978 126.727 2 164.611 -250
585 184.978 126.727 2 164.576 -87.5092
586 194.978 126.727 2 165.148 -101.185
587 204.978 126.727 2 166.32 -98.7588
588 214.978 126.727 2 168.08 -100.858
589 224.978 126.727 2 170.409 -250
590 234.978 126.727 2 173.285 -250
591 244.978 126.727 2 176.681 -250
592 254.978 126.727 2 180.568 -109.424
593 264.978 126.727 2 184.914 -102.038
594 274.978 126.727 2 189.688 -102.212
595 284.978 126.727 2 194.859 -97.7542
596 294.978 126.727 2 200.396 -98.252
597 304.978 126.727 2 206.27 -88.3495
598 314.978 126.727 2 212.451 -85.1483
599 324.978 126.727 2 218.916 -250
600 334.978 126.727 2 225.638 -250
601 344.978 126.727 2 232.596 -250
602 354.978 126.727 2 239.77 -250
603 364.978 126.727 2 247.14 -250
604 374.978 126.727 2 254.689 -250
605 384.978 126.727 2 262.402 -250
606 394.978 126.727 2 270.266 -250
607 404.978 126.727 2 278.266 -250
608 414.978 126.727 2 286.392 -250
609 424.978 126.727 2 294.634 -114.393
610 434.978 126.727 2 302.981 -117.494
611 444.978 126.727 2 311.426 -250
612 454.978 126.727 2 319.96 -250
613 464.978 126.727 2 328.577 -250
614 474.978 126.727 2 337.27 -114.088
615 484.978 126.727 2 346.034 -112.139
616 84.9784 136.727 2 197.984 -84.7055
617 94.9784 136.727 2 193.355 -84.7056
618 104.978 136.727 2 189.142 -114.746
619 114.978 136.727 2 185.373 -111.944
620 124.978 136.727 2 182.076 -100.095
621 134.978 136.727 2 179.276 -250
622 144.978 136.727 2 176.998 -250
623 154.978 136.727 2 175.262 -250
624 164.978 136.727 2 174.085 -250
625 174.978 136.727 2 173.476 -250
626 184.978 136.727 2 173.443 -85.6808
627 194.978 136.727 2 173.985 -99.3867
628 204.978 136.727 2 175.098 -102.885
629 214.978 136.727 2 176.771 -103.682
630 224.978 136.727 2 178.987 -250
631 234.978 136.727 2 181.727 -250
632 244.978 136.727 2 184.968 -250
633 254.978 136.727 2 188.684 -119.053
634 264.978 136.727 2 192.848 -113.495
635 274.978 136.727 2 197.43 -95.3061
636 284.978 136.727 2 202.404 -97.9865
637 294.978 136.727 2 207.739 -91.541
638 304.978 136.727 2 213.411 -89.4907
639 314.978 136.727 2 219.392 -93.0696
640 324.978 136.727 2 225.657 -250
641 334.978 136.727 2 232.184 -250
642 344.978 136.727 2 238.952 -250
643 354.978 136.727 2 245.94 -250
644 364.978 136.727 2 253.131 -250
645 374.978 136.727 2 260.506 -250
646 384.978 136.727 2 268.052 -250
647 394.978 136.727 2 275.754 -250
648 404.978 136.727 2 283.6 -250
649 414.978 136.727 2 291.578 -250
650 424.978 136.727 2 299.676 -120.02
651 434.978 136.727 2 307.887 -109.159
652 444.978 136.727 2 316.201 -250
653 454.978 136.727 2 324.61 -250
654 464.978 136.727 2 333.106 -250
655 474.978 136.727 2 341.685 -107.482
656 484.978 136.727 2 350.338 -112.041
657 84.9784 146.727 2 205.899 -87.6459
658 94.9784 146.727 2 201.452 -86.067
659 104.978 146.727 2 197.412 -86.6176
660 114.978 146.727 2 193.804 -85.9799
661 124.978 146.727 2 190.653 -110.096
662 134.978 146.727 2 187.981 -112.414
663 144.978 146.727 2 185.81 -110.415
664 154.978 146.727 2 184.157 -88.0338
665 164.978 146.727 2 183.037 -119.388
666 174.978 146.727 2 182.458 -105.858
667 184.978 146.727 2 182.426 -83.8261
668 194.978 146.727 2 182.942 -100.938
669 204.978 146.727 2 184.001 -106.877
670 214.978 146.727 2 185.593 -98.8934
671 224.978 146.727 2 187.705 -106.53
672 234.978 146.727 2 190.32 -106.156
673 244.978 146.727 2 193.417 -123.541
674 254.978 146.727 2 196.974 -102.512
675 264.978 146.727 2 200.966 -107.167
676 274.978 146.727 2 205.367 -103.417
677 284.978 146.727 2 210.153 -94.1773
678 294.978 146.727 2 215.297 -93.9675
679 304.978 146.727 2 220.774 -91.3421
680 314.978 146.727 2 226.561 -91.8883
681 324.978 146.727 2 232.633 -98.759
682 334.978 146.727 2 238.97 -93.0706
683 344.978 146.727 2 245.551 -93.2006
684 354.978 146.727 2 252.356 -97.0645
685 364.978 146.727 2 259.369 -106.764
686 374.978 146.727 2 266.572 -103.844
687 384.978 146.727 2 273.951 -100.81
688 394.978 146.727 2 281.492 -117.667
689 404.978 146.727 2 289.182 -97.4333
690 414.978 146.727 2 297.009 -104.998
691 424.978 146.727 2 304.964 -110.884
692 434.978 146.727 2 313.036 -111.066
693 444.978 146.727 2 321.216 -117.512
694 454.978 146.727 2 329.497 -117.178
695 464.978 146.727 2 337.871 -109.154
696 474.978 146.727 2 346.331 -116.032
697 484.978 146.727 2 354.872 -119.046
698 84.9784 156.727 2 213.99 -85.4064
699 94.9784 156.727 2 209.714 -85.1672
700 104.978 156.727 2 205.836 -89.96
701 114.978 156.727 2 202.378 -85.9922
702 124.978 156.727 2 199.363 -96.0309
703 134.978 156.727 2 196.81 -100.592
704 144.978 156.727 2 194.737 -111.648
705 154.978 156.727 2 193.16 -98.3144
706 164.978 156.727 2 192.092 -111.525
707 174.978 156.727 2 191.541 -106.052
708 184.978 156.727 2 191.511 -89.2563
709 194.978 156.727 2 192.002 -101.895
710 204.978 156.727 2 193.011 -101.792
711 214.978 156.727 2 194.53 -102.106
712 224.978 156.727 2 196.546 -109.17
713 234.978 156.727 2 199.045 -103.401
714 244.978 156.727 2 202.008 -113.156
715 254.978 156.727 2 205.416 -106.641
716 264.978 156.727 2 209.247 -94.474
717 274.978 156.727 2 213.478 -93.7057
718 284.978 156.727 2 218.085 -92.7923
719 294.978 156.727 2 223.046 -95.3444
720 304.978 156.727 2 228.338 -99.0391
721 314.978 156.727 2 233.937 -83.3467
722 324.978 156.727 2 239.823 -94.9252
723 334.978 156.727 2 245.975 -90.4414
724 344.978 156.727 2 252.373 -104.713
725 354.978 156.727 2 258.999 -101.842
726 364.978 156.727 2 265.837 -103.262
727 374.978 156.727 2 272.869 -114.419
728 384.978 156.727 2 280.082 -101.522
729 394.978 156.727 2 287.462 -101.808
730 404.978 156.727 2 294.997 -98.3971
731 414.978 156.727 2 302.674 -99.3424
732 424.978 156.727 2 310.483 -106.137
733 434.978 156.727 2 318.416 -106.3
734 444.978 156.727 2 326.461 -92.7755
735 454.978 156.727 2 334.612 -110.196
736 464.978 156.727 2 342.861 -122.231
737 474.978 156.727 2 351.201 -116.331
738 484.978 156.727 2 359.626 -108.521
739 84.9784 166.727 2 222.235 -88.871
740 94.9784 166.727 2 218.122 -87.0111
741 104.978 166.727 2 214.396 -84.7096
742 114.978 166.727 2 211.078 -83.1715
743 124.978 166.727 2 208.189 -83.5011
744 134.978 166.727 2 205.745 -85.1442
745 144.978 166.727 2 203.763 -83.8654
746 154.978 166.727 2 202.257 -101.782
747 164.978 166.727 2 201.237 -101.012
748 174.978 166.727 2 200.711 -100.743
749 184.978 166.727 2 200.682 -84.9202
750 194.978 166.727 2 201.151 -91.1342
751 204.978 166.727 2 202.115 -106.008
752 214.978 166.727 2 203.565 -98.4514
753 224.978 166.727 2 205.493 -250
754 234.978 166.727 2 207.884 -105.351
755 244.978 166.727 2 210.723 -250
756 254.978 166.727 2 213.993 -250
757 264.978 166.727 2 217.672 -250
758 274.978 166.727 2 221.743 -96.9732
759 284.978 166.727 2 226.182 -97.169
760 294.978 166.727 2 230.969 -250
761 304.978 166.727 2 236.083 -250
762 314.978 166.727 2 241.503 -250
763 324.978 166.727 2 247.209 -250
764 334.978 166.727 2 253.181 -250
765 344.978 166.727 2 259.402 -250
766 354.978 166.727 2 265.853 -111.63
767 364.978 166.727 2 272.518 -114.083
768 374.978 166.727 2 279.383 -250
769 384.978 166.727 2 286.432 -100.286
770 394.978 166.727 2 293.652 -99.5649
771 404.978 166.727 2 301.032 -103.895
772 414.978 166.727 2 308.559 -99.7321
773 424.978 166.727 2 316.223 -109.359
774 434.978 166.727 2 324.015 -113.424
775 444.978 166.727 2 331.925 -250
776 454.978 166.727 2 339.945 -250
777 464.978 166.727 2 348.067 -250
778 474.978 166.727 2 356.286 -120.691
779 484.978 166.727 2 364.593 -123.635
780 84.9784 176.727 2 230.62 -85.7231
781 94.9784 176.727 2 226.659 -85.4872
782 104.978 176.727 2 223.075 -89.3244
783 114.978 176.727 2 219.889 -87.0099
784 124.978 176.727 2 217.116 -84.8907
785 134.978 176.727 2 214.774 -86.1765
786 144.978 176.727 2 212.877 -84.9364
787 154.978 176.727 2 211.436 -85.4995
788 164.978 176.727 2 210.46 -85.3252
789 174.978 176.727 2 209.957 -85.9661
790 184.978 176.727 2 209.93 -83.895
791 194.978 176.727 2 210.378 -85.6102
792 204.978 176.727 2 211.299 -92.5133
793 214.978 176.727 2 212.687 -90.4456
794 224.978 176.727 2 214.533 -250
795 234.978 176.727 2 216.825 -107.461
796 244.978 176.727 2 219.548 -250
797 254.978 176.727 2 222.688 -250
798 264.978 176.727 2 226.226 -250
799 274.978 176.727 2 230.145 -92.4077
800 284.978 176.727 2 234.425 -88.551
801 294.978 176.727 2 239.048 -250
802 304.978 176.727 2 243.992 -250
803 314.978 176.727 2 249.24 -250
804 324.978 176.727 2 254.773 -250
805 334.978 176.727 2 260.572 -250
806 344.978 176.727 2 266.62 -250
807 354.978 176.727 2 272.9 -102.748
808 364.978 176.727 2 279.398 -107.163
809 374.978 176.727 2 286.097 -250
810 384.978 176.727 2 292.985 -98.0843
811 394.978 176.727 2 300.048 -96.199
812 404.978 176.727 2 307.274 -98.2307
813 414.978 176.727 2 314.651 -98.3657
814 424.978 176.727 2 322.171 -112.88
815 434.978 176.727 2 329.822 -97.1313
816 444.978 176.727 2 337.596 -250
817 454.978 176.727 2 345.484 -250
818 464.978 176.727 2 353.48 -250
819 474.978 176.727 2 361.575 -114.457
820 484.978 176.727 2 369.763 -121.584
821 84.9784 186.727 2 239.129 -88.1514
822 94.9784 186.727 2 235.311 -86.2032
823 104.978 186.727 2 231.861 -86.1132
824 114.978 186.727 2 228.797 -83.8785
825 124.978 186.727 2 226.134 -85.5549
826 134.978 186.727 2 223.886 -87.7837
827 144.978 186.727 2 222.067 -88.6784
828 154.978 186.727 2 220.685 -87.8833
829 164.978 186.727 2 219.751 -87.5482
830 174.978 186.727 2 219.269 -87.9163
831 184.978 186.727 2 219.243 -88.1244
832 194.978 186.727 2 219.672 -87.1407
833 204.978 186.727 2 220.555 -90.5409
834 214.978 186.727 2 221.885 -90.9043
835 224.978 186.727 2 223.655 -250
836 234.978 186.727 2 225.854 -110.139
837 244.978 186.727 2 228.47 -250
838 254.978 186.727 2 231.488 -250
839 264.978 186.727 2 234.894 -250
840 274.978 186.727 2 238.671 -100.943
841 284.978 186.727 2 242.801 -88.4941
842 294.978 186.727 2 247.267 -105.706
843 304.978 186.727 2 252.05 -102.47
844 314.978 186.727 2 257.134 -94.9661
845 324.978 186.727 2 262.5 -106.576
846 334.978 186.727 2 268.132 -250
847 344.978 186.727 2 274.013 -250
848 354.978 186.727 2 280.128 -250
849 364.978 186.727 2 286.461 -250
850 374.978 186.727 2 292.999 -250
851 384.978 186.727 2 299.728 -106.928
852 394.978 186.727 2 306.636 -105.61
853 404.978 186.727 2 313.71 -99.5712
854 414.978 186.727 2 320.94 -99.709
855 424.978 186.727 2 328.315 -101.402
856 434.978 186.727 2 335.827 -108.276
857 444.978 186.727 2 343.465 -250
858 454.978 186.727 2 351.221 -250
859 464.978 186.727 2 359.089 -250
860 474.978 186.727 2 367.061 -113.989
861 484.978 186.727 2 375.129 -123.686
862 84.9784 196.727 2 247.749 -88.1881
863 94.9784 196.727 2 244.066 -89.8126
864 104.978 196.727 2 240.742 -89.3802
865 114.978 196.727 2 237.792 -87.7374
866 124.978 196.727 2 235.231 -89.2823
867 134.978 196.727 2 233.071 -86.1166
868 144.978 196.727 2 231.324 -86.5673
869 154.978 196.727 2 229.998 -85.9113
870 164.978 196.727 2 229.102 -87.1941
871 174.978 196.727 2 228.639 -86.3816
872 184.978 196.727 2 228.614 -86.1916
873 194.978 196.727 2 229.026 -87.0076
874 204.978 196.727 2 229.873 -84.9054
875 214.978 196.727 2 231.149 -86.4177
876 224.978 196.727 2 232.848 -250
877 234.978 196.727 2 234.961 -102.587
878 244.978 196.727 2 237.477 -104.705
879 254.978 196.727 2 240.383 -114.102
880 264.978 196.727 2 243.664 -122.34
881 274.978 196.727 2 247.307 -91.5214
882 284.978 196.727 2 251.295 -92.6073
883 294.978 196.727 2 255.613 -87.9611
884 304.978 196.727 2 260.243 -95.2189
885 314.978 196.727 2 265.169 -92.8356
886 324.978 196.727 2 270.376 -104.857
887 334.978 196.727 2 275.847 -250
888 344.978 196.727 2 281.567 -250
889 354.978 196.727 2 287.522 -120.578
890 364.978 196.727 2 293.696 -120.498
891 374.978 196.727 2 300.076 -98.0916
892 384.978 196.727 2 306.65 -108.963
893 394.978 196.727 2 313.405 -113.819
894 404.978 196.727 2 320.33 -107.632
895 414.978 196.727 2 327.413 -102.623
896 424.978 196.727 2 334.646 -250
897 434.978 196.727 2 342.018 -250
898 444.978 196.727 2 349.521 -250
899 454.978 196.727 2 357.146 -250
900 464.978 196.727 2 364.886 -250
901 474.978 196.727 2 372.734 -111.965
902 484.978 196.727 2 380.682 -125.329
903 84.9784 206.727 2 256.47 -87.9452
904 94.9784 206.727 2 252.913 -87.4945
905 104.978 206.727 2 249.707 -87.0519
906 114.978 206.727 2 246.865 -111.882
907 124.978 206.727 2 244.398 -250
908 134.978 206.727 2 242.32 -89.7963
909 144.978 206.727 2 240.64 -86.9207
910 154.978 206.727 2 239.366 -86.3585
911 164.978 206.727 2 238.505 -86.3729
912 174.978 206.727 2 238.061 -87.3169
913 184.978 206.727 2 238.037 -86.9469
914 194.978 206.727 2 238.432 -87.1688
915 204.978 206.727 2 239.246 -89.0967
916 214.978 206.727 2 240.472 -87.9225
917 224.978 206.727 2 242.106 -117.27
918 234.978 206.727 2 244.139 -101.643
919 244.978 206.727 2 246.561 -105.138
920 254.978 206.727 2 249.361 -101.307
921 264.978 206.727 2 252.526 -95.2452
922 274.978 206.727 2 256.043 -90.6146
923 284.978 206.727 2 259.897 -107.686
924 294.978 206.727 2 264.074 -86.5347
925 304.978 206.727 2 268.558 -89.2352
926 314.978 206.727 2 273.335 -104.411
927 324.978 206.727 2 278.389 -104.552
928 334.978 206.727 2 283.705 -250
929 344.978 206.727 2 289.27 -250
930 354.978 206.727 2 295.069 -113.048
931 364.978 206.727 2 301.088 -110.305
932 374.978 206.727 2 307.315 -108.194
933 384.978 206.727 2 313.737 -101.93
934 394.978 206.727 2 320.343 -109.068
935 404.978 206.727 2 327.121 -114.208
936 414.978 206.727 2 334.061 -111.426
937 424.978 206.727 2 341.153 -250
938 434.978 206.727 2 348.387 -250
939 444.978 206.727 2 355.756 -250
940 454.978 206.727 2 363.25 -250
941 464.978 206.727 2 370.863 -250
942 474.978 206.727 2 378.586 -120.664
943 484.978 206.727 2 386.414 -129.873
944 84.9784 216.727 2 265.28 -88.3945
945 94.9784 216.727 2 261.844 -88.2273
946 104.978 216.727 2 258.748 -85.3256
947 114.978 216.727 2 256.006 -118.553
948 124.978 216.727 2 253.629 -250
949 134.978 216.727 2 251.627 -94.5505
950 144.978 216.727 2 250.009 -87.3406
951 154.978 216.727 2 248.783 -86.2827
952 164.978 216.727 2 247.955 -88.2974
953 174.978 216.727 2 247.528 -87.7927
954 184.978 216.727 2 247.505 -88.184
955 194.978 216.727 2 247.885 -88.0968
956 204.978 216.727 2 248.667 -87.8343
957 214.978 216.727 2 249.848 -85.6709
958 224.978 216.727 2 251.421 -86.6593
959 234.978 216.727 2 253.379 -101.167
960 244.978 216.727 2 255.714 -93.9404
961 254.978 216.727 2 258.414 -103.373
962 264.978 216.727 2 261.47 -104.081
963 274.978 216.727 2 264.868 -93.2883
964 284.978 216.727 2 268.595 -96.3997
965 294.978 216.727 2 272.639 -250
966 304.978 216.727 2 276.984 -250
967 314.978 216.727 2 281.618 -250
968 324.978 216.727 2 286.526 -250
969 334.978 216.727 2 291.695 -250
970 344.978 216.727 2 297.11 -250
971 354.978 216.727 2 302.759 -107.337
972 364.978 216.727 2 308.628 -103.417
973 374.978 216.727 2 314.706 -103.9
974 384.978 216.727 2 320.98 -100.249
975 394.978 216.727 2 327.44 -118.526
976 404.978 216.727 2 334.074 -118.869
977 414.978 216.727 2 340.872 -112.6
978 424.978 216.727 2 347.825 -250
979 434.978 216.727 2 354.923 -250
980 444.978 216.727 2 362.159 -250
981 454.978 216.727 2 369.523 -250
982 464.978 216.727 2 377.009 -250
983 474.978 216.727 2 384.61 -120.474
984 484.978 216.727 2 392.317 -122.207
985 84.9784 226.727 2 274.173 -90.7754
986 94.9784 226.727 2 270.849 -91.3133
987 104.978 226.727 2 267.858 -250
988 114.978 226.727 2 265.21 -250
989 124.978 226.727 2 262.916 -250
990 134.978 226.727 2 260.985 -85.3901
991 144.978 226.727 2 259.426 -86.2231
992 154.978 226.727 2 258.244 -85.0927
993 164.978 226.727 2 257.446 -85.4053
994 174.978 226.727 2 257.035 -88.1966
995 184.978 226.727 2 257.013 -86.0622
996 194.978 226.727 2 257.379 -88.1708
997 204.978 226.727 2 258.133 -87.0236
998 214.978 226.727 2 259.27 -88.6406
999 224.978 226.727 2 260.786 -87.4858
1000 234.978 226.727 2 262.675 -96.9302
1001 244.978 226.727 2 264.927 -92.891
1002 254.978 226.727 2 267.535 -92.9251
1003 264.978 226.727 2 270.487 -86.8621
1004 274.978 226.727 2 273.773 -93.8466
1005 284.978 226.727 2 277.381 -97.2433
1006 294.978 226.727 2 281.299 -250
1007 304.978 226.727 2 285.512 -250
1008 314.978 226.727 2 290.01 -250
1009 324.978 226.727 2 294.778 -250
1010 334.978 226.727 2 299.805 -250
1011 344.978 226.727 2 305.076 -250
1012 354.978 226.727 2 310.58 -97.5032
1013 364.978 226.727 2 316.304 -97.6666
1014 374.978 226.727 2 322.237 -96.87
1015 384.978 226.727 2 328.367 -130.153
1016 394.978 226.727 2 334.684 -110.277
1017 404.978 226.727 2 341.178 -126.22
1018 414.978 226.727 2 347.837 -127.295
1019 424.978 226.727 2 354.654 -250
1020 434.978 226.727 2 361.618 -250
1021 444.978 226.727 2 368.722 -250
1022 454.978 226.727 2 375.958 -250
1023 464.978 226.727 2 383.318 -250
1024 474.978 226.727 2 390.796 -122.058
1025 484.978 226.727 2 398.384 -113.606
1026 84.9784 236.727 2 283.139 -88.8709
1027 94.9784 236.727 2 279.922 -87.1879
1028 104.978 236.727 2 277.028 -102.18
1029 114.978 236.727 2 274.469 -104.039
1030 124.978 236.727 2 272.253 -250
1031 134.978 236.727 2 270.389 -83.0678
1032 144.978 236.727 2 268.884 -93.1501
1033 154.978 236.727 2 267.745 -92.1167
1034 164.978 236.727 2 266.975 -92.3834
1035 174.978 236.727 2 266.578 -91.1971
1036 184.978 236.727 2 266.557 -89.7209
1037 194.978 236.727 2 266.91 -89.0057
1038 204.978 236.727 2 267.637 -91.2737
1039 214.978 236.727 2 268.734 -90.7765
1040 224.978 236.727 2 270.197 -89.3461
1041 234.978 236.727 2 272.02 -88.2437
1042 244.978 236.727 2 274.196 -86.0169
1043 254.978 236.727 2 276.716 -84.6676
1044 264.978 236.727 2 279.572 -91.3431
1045 274.978 236.727 2 282.752 -85.0209
1046 284.978 236.727 2 286.247 -83.9337
1047 294.978 236.727 2 290.045 -250
1048 304.978 236.727 2 294.133 -250
1049 314.978 236.727 2 298.501 -250
1050 324.978 236.727 2 303.136 -250
1051 334.978 236.727 2 308.026 -250
1052 344.978 236.727 2 313.159 -250
1053 354.978 236.727 2 318.523 -106.393
1054 364.978 236.727 2 324.107 -104.439
1055 374.978 236.727 2 329.9 -112.982
1056 384.978 236.727 2 335.89 -113.061
1057 394.978 236.727 2 342.068 -117.354
1058 404.978 236.727 2 348.424 -114.053
1059 414.978 236.727 2 354.947 -250
1060 424.978 236.727 2 361.63 -250
1061 434.978 236.727 2 368.463 -250
1062 444.978 236.727 2 375.437 -250
1063 454.978 236.727 2 382.546 -250
1064 464.978 236.727 2 389.782 -250
1065 474.978 236.727 2 397.138 -125.428
1066 484.978 236.727 2 404.607 -120.622
1067 84.9784 246.727 2 292.172 -86.9971
1068 94.9784 246.727 2 289.056 -93.9258
1069 104.978 246.727 2 286.255 -100.497
1070 114.978 246.727 2 283.778 -97.5178
1071 124.978 246.727 2 281.636 -105.339
1072 134.978 246.727 2 279.834 -83.662
1073 144.978 246.727 2 278.38 -94.957
1074 154.978 246.727 2 277.28 -86.812
1075 164.978 246.727 2 276.537 -92.512
1076 174.978 246.727 2 276.154 -87.0304
1077 184.978 246.727 2 276.133 -88.6879
1078 194.978 246.727 2 276.474 -87.6183
1079 204.978 246.727 2 277.176 -88.8009
1080 214.978 246.727 2 278.236 -88.2559
1081 224.978 246.727 2 279.649 -88.2659
1082 234.978 246.727 2 281.411 -88.582
1083 244.978 246.727 2 283.515 -90.4848
1084 254.978 246.727 2 285.953 -83.1579
1085 264.978 246.727 2 288.717 -94.0559
1086 274.978 246.727 2 291.798 -88.1991
1087 284.978 246.727 2 295.185 -91.3277
1088 294.978 246.727 2 298.869 -88.5792
1089 304.978 246.727 2 302.839 -98.9163
1090 314.978 246.727 2 307.083 -111.99
1091 324.978 246.727 2 311.59 -108.248
1092 334.978 246.727 2 316.349 -100.513
1093 344.978 246.727 2 321.349 -99.6739
1094 354.978 246.727 2 326.579 -103.347
1095 364.978 246.727 2 332.028 -100.564
1096 374.978 246.727 2 337.684 -104.956
1097 384.978 246.727 2 343.539 -115.017
1098 394.978 246.727 2 349.582 -112.289
1099 404.978 246.727 2 355.804 -111.545
1100 414.978 246.727 2 362.194 -120.485
1101 424.978 246.727 2 368.745 -117.749
1102 434.978 246.727 2 375.449 -109.505
1103 444.978 246.727 2 382.296 -110.196
1104 454.978 246.727 2 389.28 -105.809
1105 464.978 246.727 2 396.393 -119.574
1106 474.978 246.727 2 403.628 -117.788
1107 484.978 246.727 2 410.979 -105.866
1108 84.9784 256.727 2 301.267 -86.288
1109 94.9784 256.727 2 298.245 -117.802
1110 104.978 256.727 2 295.531 -99.5745
1111 114.978 256.727 2 293.133 -103.518
1112 124.978 256.727 2 291.06 -104.251
1113 134.978 256.727 2 289.317 -91.6966
1114 144.978 256.727 2 287.911 -92.7409
1115 154.978 256.727 2 286.847 -90.5393
1116 164.978 256.727 2 286.129 -89.5827
1117 174.978 256.727 2 285.759 -85.6216
1118 184.978 256.727 2 285.739 -87.2365
1119 194.978 256.727 2 286.068 -89.3588
1120 204.978 256.727 2 286.747 -87.2671
1121 214.978 256.727 2 287.771 -88.4021
1122 224.978 256.727 2 289.138 -88.5075
1123 234.978 256.727 2 290.842 -88.0413
1124 244.978 256.727 2 292.878 -86.9621
1125 254.978 256.727 2 295.239 -86.8405
1126 264.978 256.727 2 297.917 -94.8135
1127 274.978 256.727 2 300.904 -87.5266
1128 284.978 256.727 2 304.19 -85.4946
1129 294.978 256.727 2 307.766 -92.6141
1130 304.978 256.727 2 311.622 -105.109
1131 314.978 256.727 2 315.748 -104.855
1132 324.978 256.727 2 320.133 -104.09
1133 334.978 256.727 2 324.767 -100.995
1134 344.978 256.727 2 329.64 -101.502
1135 354.978 256.727 2 334.74 -104.493
1136 364.978 256.727 2 340.058 -108.9
1137 374.978 256.727 2 345.583 -110.228
1138 384.978 256.727 2 351.306 -116.127
1139 394.978 256.727 2 357.218 -112.126
1140 404.978 256.727 2 363.309 -109.063
1141 414.978 256.727 2 369.57 -112.272
1142 424.978 256.727 2 375.992 -121.025
1143 434.978 256.727 2 382.569 -114.786
1144 444.978 256.727 2 389.291 -112.363
1145 454.978 256.727 2 396.151 -114.129
1146 464.978 256.727 2 403.143 -116.25
1147 474.978 256.727 2 410.259 -111.143
1148 484.978 256.727 2 417.494 -108.543
1149 84.9784 266.727 2 310.417 -88.5764
1150 94.9784 266.727 2 307.485 -108.343
1151 104.978 266.727 2 304.854 -99.5458
1152 114.978 266.727 2 302.53 -100.101
1153 124.978 266.727 2 300.521 -101.435
1154 134.978 266.727 2 298.833 -250
1155 144.978 266.727 2 297.472 -250
1156 154.978 266.727 2 296.443 -250
1157 164.978 266.727 2 295.748 -250
1158 174.978 266.727 2 295.39 -87.7619
1159 184.978 266.727 2 295.37 -92.0205
1160 194.978 266.727 2 295.689 -90.9018
1161 204.978 266.727 2 296.345 -88.4066
1162 214.978 266.727 2 297.337 -90.0189
1163 224.978 266.727 2 298.66 -89.5165
1164 234.978 266.727 2 300.31 -90.9498
1165 244.978 266.727 2 302.282 -250
1166 254.978 266.727 2 304.57 -250
1167 264.978 266.727 2 307.167 -250
1168 274.978 266.727 2 310.064 -101.051
1169 284.978 266.727 2 313.255 -88.9215
1170 294.978 266.727 2 316.728 -250
1171 304.978 266.727 2 320.477 -250
1172 314.978 266.727 2 324.49 -250
1173 324.978 266.727 2 328.759 -250
1174 334.978 266.727 2 333.273 -250
1175 344.978 266.727 2 338.023 -250
1176 354.978 266.727 2 342.998 -250
1177 364.978 266.727 2 348.19 -250
1178 374.978 266.727 2 353.588 -250
1179 384.978 266.727 2 359.184 -250
1180 394.978 266.727 2 364.968 -250
1181 404.978 266.727 2 370.932 -250
1182 414.978 266.727 2 377.066 -250
1183 424.978 266.727 2 383.363 -250
1184 434.978 266.727 2 389.815 -250
1185 444.978 266.727 2 396.414 -250
1186 454.978 266.727 2 403.153 -250
1187 464.978 266.727 2 410.026 -250
1188 474.978 266.727 2 417.025 -110.506
1189 484.978 266.727 2 424.144 -111.879
1190 84.9784 276.727 2 319.618 -87.5682
1191 94.9784 276.727 2 316.772 -105.671
1192 104.978 276.727 2 314.218 -110.528
1193 114.978 276.727 2 311.964 -99.4305
1194 124.978 276.727 2 310.016 -99.87
1195 134.978 276.727 2 308.38 -250
1196 144.978 276.727 2 307.061 -250
1197 154.978 276.727 2 306.064 -250
1198 164.978 276.727 2 305.391 -250
1199 174.978 276.727 2 305.045 -87.4231
1200 184.978 276.727 2 305.026 -88.3113
1201 194.978 276.727 2 305.334 -88.6121
1202 204.978 276.727 2 305.97 -88.8877
1203 214.978 276.727 2 306.93 -91.4908
1204 224.978 276.727 2 308.212 -90.0159
1205 234.978 276.727 2 309.811 -88.8358
1206 244.978 276.727 2 311.723 -250
1207 254.978 276.727 2 313.943 -250
1208 264.978 276.727 2 316.462 -250
1209 274.978 276.727 2 319.276 -89.2766
1210 284.978 276.727 2 322.375 -90.7164
1211 294.978 276.727 2 325.751 -250
1212 304.978 276.727 2 329.397 -250
1213 314.978 276.727 2 333.303 -250
1214 324.978 276.727 2 337.46 -250
1215 334.978 276.727 2 341.859 -250
1216 344.978 276.727 2 346.491 -250
1217 354.978 276.727 2 351.347 -250
1218 364.978 276.727 2 356.417 -250
1219 374.978 276.727 2 361.693 -250
1220 384.978 276.727 2 367.165 -250
1221 394.978 276.727 2 372.825 -250
1222 404.978 276.727 2 378.665 -250
1223 414.978 276.727 2 384.676 -250
1224 424.978 276.727 2 390.851 -250
1225 434.978 276.727 2 397.181 -250
1226 444.978 276.727 2 403.66 -250
1227 454.978 276.727 2 410.28 -250
1228 464.978 276.727 2 417.035 -250
1229 474.978 276.727 2 423.918 -101.223
1230 484.978 276.727 2 430.924 -116.933
1231 84.9784 286.727 2 328.866 -88.5555
1232 94.9784 286.727 2 326.1 -95.7726
1233 104.978 286.727 2 323.62 -92.9748
1234 114.978 286.727 2 321.432 -98.5805
1235 124.978 286.727 2 319.541 -102.2
1236 134.978 286.727 2 317.955 -250
1237 144.978 286.727 2 316.676 -250
1238 154.978 286.727 2 315.709 -250
1239 164.978 286.727 2 315.057 -250
1240 174.978 286.727 2 314.721 -90.7918
1241 184.978 286.727 2 314.702 -88.9806
1242 194.978 286.727 2 315.002 -91.7698
1243 204.978 286.727 2 315.618 -92.0836
1244 214.978 286.727 2 316.549 -91.5205
1245 224.978 286.727 2 317.792 -89.4182
1246 234.978 286.727 2 319.343 -89.2051
1247 244.978 286.727 2 321.199 -250
1248 254.978 286.727 2 323.353 -250
1249 264.978 286.727 2 325.8 -250
1250 274.978 286.727 2 328.533 -96.8649
1251 284.978 286.727 2 331.546 -91.0875
1252 294.978 286.727 2 334.83 -250
1253 304.978 286.727 2 338.378 -250
1254 314.978 286.727 2 342.181 -250
1255 324.978 286.727 2 346.232 -250
1256 334.978 286.727 2 350.521 -250
1257 344.978 286.727 2 355.04 -250
1258 354.978 286.727 2 359.78 -250
1259 364.978 286.727 2 364.733 -250
1260 374.978 286.727 2 369.89 -250
1261 384.978 286.727 2 375.243 -250
1262 394.978 286.727 2 380.783 -250
1263 404.978 286.727 2 386.503 -250
1264 414.978 286.727 2 392.394 -250
1265 424.978 286.727 2 398.449 -250
1266 434.978 286.727 2 404.66 -250
1267 444.978 286.727 2 411.021 -250
1268 454.978 286.727 2 417.524 -250
1269 464.978 286.727 2 424.164 -250
1270 474.978 286.727 2 430.933 -112.349
1271 484.978 286.727 2 437.827 -113.346
1272 84.9784 296.727 2 338.157 -92.3731
1273 94.9784 296.727 2 335.467 -86.5697
1274 104.978 296.727 2 333.057 -89.5989
1275 114.978 296.727 2 330.931 -93.1605
1276 124.978 296.727 2 329.095 -107.455
1277 134.978 296.727 2 327.555 -250
1278 144.978 296.727 2 326.314 -250
1279 154.978 296.727 2 325.376 -250
1280 164.978 296.727 2 324.743 -250
1281 174.978 296.727 2 324.417 -99.175
1282 184.978 296.727 2 324.399 -90.6407
1283 194.978 296.727 2 324.689 -89.6515
1284 204.978 296.727 2 325.287 -91.0361
1285 214.978 296.727 2 326.19 -89.3332
1286 224.978 296.727 2 327.397 -89.4559
1287 234.978 296.727 2 328.903 -87.084
1288 244.978 296.727 2 330.705 -250
1289 254.978 296.727 2 332.797 -250
1290 264.978 296.727 2 335.175 -250
1291 274.978 296.727 2 337.833 -102.178
1292 284.978 296.727 2 340.763 -91.6068
1293 294.978 296.727 2 343.959 -250
1294 304.978 296.727 2 347.414 -250
1295 314.978 296.727 2 351.12 -250
1296 324.978 296.727 2 355.068 -119.272
1297 334.978 296.727 2 359.252 -127.187
1298 344.978 296.727 2 363.662 -127.54
1299 354.978 296.727 2 368.292 -122.117
1300 364.978 296.727 2 373.132 -107.344
1301 374.978 296.727 2 378.174 -132.031
1302 384.978 296.727 2 383.411 -132.011
1303 394.978 296.727 2 388.835 -141.113
1304 404.978 296.727 2 394.438 -133.61
1305 414.978 296.727 2 400.212 -140.303
1306 424.978 296.727 2 406.151 -132.148
1307 434.978 296.727 2 412.246 -250
1308 444.978 296.727 2 418.492 -250
1309 454.978 296.727 2 424.881 -250
1310 464.978 296.727 2 431.407 -250
1311 474.978 296.727 2 438.065 -114.695
1312 484.978 296.727 2 444.847 -109.33
1313 84.9784 306.727 2 347.487 -90.6124
1314 94.9784 306.727 2 344.87 -92.7938
1315 104.978 306.727 2 342.526 -91.9076
1316 114.978 306.727 2 340.459 -97.1413
1317 124.978 306.727 2 338.675 -109.053
1318 134.978 306.727 2 337.178 -250
1319 144.978 306.727 2 335.973 -250
1320 154.978 306.727 2 335.062 -250
1321 164.978 306.727 2 334.447 -250
1322 174.978 306.727 2 334.131 -89.9377
1323 184.978 306.727 2 334.113 -94.137
1324 194.978 306.727 2 334.395 -90.7492
1325 204.978 306.727 2 334.976 -90.1832
1326 214.978 306.727 2 335.853 -90.0145
1327 224.978 306.727 2 337.025 -91.702
1328 234.978 306.727 2 338.488 -94.7379
1329 244.978 306.727 2 340.239 -250
1330 254.978 306.727 2 342.273 -250
1331 264.978 306.727 2 344.586 -250
1332 274.978 306.727 2 347.171 -101.288
1333 284.978 306.727 2 350.024 -90.1875
1334 294.978 306.727 2 353.136 -250
1335 304.978 306.727 2 356.502 -250
1336 314.978 306.727 2 360.114 -250
1337 324.978 306.727 2 363.965 -114.784
1338 334.978 306.727 2 368.047 -250
1339 344.978 306.727 2 372.354 -250
1340 354.978 306.727 2 376.876 -250
1341 364.978 306.727 2 381.608 -104.757
1342 374.978 306.727 2 386.54 -250
1343 384.978 306.727 2 391.665 -250
1344 394.978 306.727 2 396.976 -250
1345 404.978 306.727 2 402.465 -250
1346 414.978 306.727 2 408.126 -250
1347 424.978 306.727 2 413.951 -250
1348 434.978 306.727 2 419.933 -250
1349 444.978 306.727 2 426.066 -250
1350 454.978 306.727 2 432.343 -250
1351 464.978 306.727 2 438.759 -250
1352 474.978 306.727 2 445.306 -130.622
1353 484.978 306.727 2 451.98 -125.657
1354 84.9784 316.727 2 356.853 -90.7783
1355 94.9784 316.727 2 354.305 -92.9915
1356 104.978 316.727 2 352.024 -91.5744
1357 114.978 316.727 2 350.013 -94.897
1358 124.978 316.727 2 348.278 -110.552
1359 134.978 316.727 2 346.823 -250
1360 144.978 316.727 2 345.651 -250
1361 154.978 316.727 2 344.766 -250
1362 164.978 316.727 2 344.168 -250
1363 174.978 316.727 2 343.861 -87.2844
1364 184.978 316.727 2 343.844 -90.8843
1365 194.978 316.727 2 344.118 -90.4933
1366 204.978 316.727 2 344.682 -88.5221
1367 214.978 316.727 2 345.535 -94.1912
1368 224.978 316.727 2 346.674 -93.4494
1369 234.978 316.727 2 348.096 -85.206
1370 244.978 316.727 2 349.799 -250
1371 254.978 316.727 2 351.778 -250
1372 264.978 316.727 2 354.029 -250
1373 274.978 316.727 2 356.546 -92.7105
1374 284.978 316.727 2 359.324 -98.0938
1375 294.978 316.727 2 362.356 -250
1376 304.978 316.727 2 365.637 -250
1377 314.978 316.727 2 369.16 -250
1378 324.978 316.727 2 372.918 -122.384
1379 334.978 316.727 2 376.903 -250
1380 344.978 316.727 2 381.109 -250
1381 354.978 316.727 2 385.529 -250
1382 364.978 316.727 2 390.156 -98.2713
1383 374.978 316.727 2 394.981 -250
1384 384.978 316.727 2 399.998 -250
1385 394.978 316.727 2 405.2 -250
1386 404.978 316.727 2 410.579 -250
1387 414.978 316.727 2 416.13 -250
1388 424.978 316.727 2 421.844 -250
1389 434.978 316.727 2 427.716 -250
1390 444.978 316.727 2 433.739 -250
1391 454.978 316.727 2 439.907 -250
1392 464.978 316.727 2 446.213 -250
1393 474.978 316.727 2 452.653 -109.886
1394 484.978 316.727 2 459.22 -113.751
1395 84.9784 326.727 2 366.253 -96.1929
1396 94.9784 326.727 2 363.771 -89.8355
1397 104.978 326.727 2 361.549 -91.1723
1398 114.978 326.727 2 359.592 -89.9179
1399 124.978 326.727 2 357.903 -111.901
1400 134.978 326.727 2 356.487 -127.122
1401 144.978 326.727 2 355.347 -112.829
1402 154.978 326.727 2 354.486 -114.611
1403 164.978 326.727 2 353.905 -112.113
1404 174.978 326.727 2 353.606 -92.6604
1405 184.978 326.727 2 353.59 -88.1945
1406 194.978 326.727 2 353.856 -89.0312
1407 204.978 326.727 2 354.405 -88.5756
1408 214.978 326.727 2 355.234 -90.2237
1409 224.978 326.727 2 356.342 -88.5057
1410 234.978 326.727 2 357.726 -88.9723
1411 244.978 326.727 2 359.384 -105.949
1412 254.978 326.727 2 361.31 -118.278
1413 264.978 326.727 2 363.502 -107.065
1414 274.978 326.727 2 365.954 -107.419
1415 284.978 326.727 2 368.66 -94.3786
1416 294.978 326.727 2 371.617 -108.355
1417 304.978 326.727 2 374.817 -119.559
1418 314.978 326.727 2 378.254 -128.935
1419 324.978 326.727 2 381.922 -113.738
1420 334.978 326.727 2 385.815 -99.709
1421 344.978 326.727 2 389.925 -98.5603
1422 354.978 326.727 2 394.246 -98.7901
1423 364.978 326.727 2 398.771 -100.514
1424 374.978 326.727 2 403.493 -98.8242
1425 384.978 326.727 2 408.406 -97.4979
1426 394.978 326.727 2 413.502 -111.082
1427 404.978 326.727 2 418.775 -114.847
1428 414.978 326.727 2 424.218 -126.161
1429 424.978 326.727 2 429.825 -117.194
1430 434.978 326.727 2 435.589 -114.823
1431 444.978 326.727 2 441.505 -112.749
1432 454.978 326.727 2 447.565 -112.676
1433 464.978 326.727 2 453.766 -110.997
1434 474.978 326.727 2 460.1 -108.147
1435 484.978 326.727 2 466.562 -117.167
1436 84.9784 336.727 2 375.683 -89.7497
1437 94.9784 336.727 2 373.265 -92.0617
1438 104.978 336.727 2 371.1 -93.2802
1439 114.978 336.727 2 369.193 -88.1718
1440 124.978 336.727 2 367.548 -116.165
1441 134.978 336.727 2 366.17 -111.289
1442 144.978 336.727 2 365.06 -112.679
1443 154.978 336.727 2 364.222 -119.064
1444 164.978 336.727 2 363.656 -109.065
1445 174.978 336.727 2 363.365 -86.1858
1446 184.978 336.727 2 363.349 -89.8315
1447 194.978 336.727 2 363.609 -93.6587
1448 204.978 336.727 2 364.142 -90.414
1449 214.978 336.727 2 364.95 -89.1323
1450 224.978 336.727 2 366.028 -89.2546
1451 234.978 336.727 2 367.376 -90.2247
1452 244.978 336.727 2 368.99 -105.937
1453 254.978 336.727 2 370.867 -116.46
1454 264.978 336.727 2 373.002 -110.378
1455 274.978 336.727 2 375.392 -100.391
1456 284.978 336.727 2 378.031 -91.6933
1457 294.978 336.727 2 380.915 -93.4583
1458 304.978 336.727 2 384.037 -113.331
1459 314.978 336.727 2 387.393 -118.126
1460 324.978 336.727 2 390.975 -115.805
1461 334.978 336.727 2 394.778 -101.892
1462 344.978 336.727 2 398.796 -96.9747
1463 354.978 336.727 2 403.022 -102.999
1464 364.978 336.727 2 407.45 -98.1134
1465 374.978 336.727 2 412.073 -98.3866
1466 384.978 336.727 2 416.884 -102.368
1467 394.978 336.727 2 421.878 -104.182
1468 404.978 336.727 2 427.047 -128.347
1469 414.978 336.727 2 432.386 -113.757
1470 424.978 336.727 2 437.888 -117.947
1471 434.978 336.727 2 443.548 -116.326
1472 444.978 336.727 2 449.359 -125.409
1473 454.978 336.727 2 455.315 -109.957
1474 464.978 336.727 2 461.411 -114.176
1475 474.978 336.727 2 467.642 -111.684
1476 484.978 336.727 2 474.001 -120.161
1477 84.9784 346.727 2 385.143 -92.2739
1478 94.9784 346.727 2 382.784 -93.1005
1479 104.978 346.727 2 380.673 -95.2628
1480 114.978 346.727 2 378.814 -250
1481 124.978 346.727 2 377.212 -250
1482 134.978 346.727 2 375.869 -250
1483 144.978 346.727 2 374.788 -250
1484 154.978 346.727 2 373.971 -250
1485 164.978 346.727 2 373.42 -250
1486 174.978 346.727 2 373.137 -250
1487 184.978 346.727 2 373.122 -93.4675
1488 194.978 346.727 2 373.374 -89.5056
1489 204.978 346.727 2 373.894 -95.5491
1490 214.978 346.727 2 374.68 -89.5959
1491 224.978 346.727 2 375.731 -94.1713
1492 234.978 346.727 2 377.044 -84.7274
1493 244.978 346.727 2 378.617 -250
1494 254.978 346.727 2 380.446 -250
1495 264.978 346.727 2 382.528 -250
1496 274.978 346.727 2 384.859 -91.5234
1497 284.978 346.727 2 387.433 -95.6077
1498 294.978 346.727 2 390.247 -90.0744
1499 304.978 346.727 2 393.296 -117.589
1500 314.978 346.727 2 396.573 -117.206
1501 324.978 346.727 2 400.073 -101.508
1502 334.978 346.727 2 403.791 -101.782
1503 344.978 346.727 2 407.72 -99.3866
1504 354.978 346.727 2 411.854 -101.897
1505 364.978 346.727 2 416.188 -101.895
1506 374.978 346.727 2 420.715 -97.9714
1507 384.978 346.727 2 425.429 -250
1508 394.978 346.727 2 430.323 -250
1509 404.978 346.727 2 435.392 -250
1510 414.978 346.727 2 440.63 -250
1511 424.978 346.727 2 446.031 -250
1512 434.978 346.727 2 451.588 -250
1513 444.978 346.727 2 457.297 -106.205
1514 454.978 346.727 2 463.151 -250
1515 464.978 346.727 2 469.145 -250
1516 474.978 346.727 2 475.274 -117.192
1517 484.978 346.727 2 481.533 -113.609
1518 84.9784 356.727 2 394.629 -91.9969
1519 94.9784 356.727 2 392.327 -90.2432
1520 104.978 356.727 2 390.268 -250
1521 114.978 356.727 2 388.455 -250
1522 124.978 356.727 2 386.893 -250
1523 134.978 356.727 2 385.583 -250
1524 144.978 356.727 2 384.529 -250
1525 154.978 356.727 2 383.733 -250
1526 164.978 356.727 2 383.197 -250
1527 174.978 356.727 2 382.921 -250
1528 184.978 356.727 2 382.906 -90.4636
1529 194.978 356.727 2 383.152 -93.5386
1530 204.978 356.727 2 383.658 -94.7332
1531 214.978 356.727 2 384.425 -93.6384
1532 224.978 356.727 2 385.449 -90.5264
1533 234.978 356.727 2 386.729 -91.9503
1534 244.978 356.727 2 388.262 -250
1535 254.978 356.727 2 390.046 -250
1536 264.978 356.727 2 392.077 -250
1537 274.978 356.727 2 394.352 -96.5866
1538 284.978 356.727 2 396.865 -105.428
1539 294.978 356.727 2 399.612 -92.2597
1540 304.978 356.727 2 402.59 -112.321
1541 314.978 356.727 2 405.792 -112.539
1542 324.978 356.727 2 409.213 -103.257
1543 334.978 356.727 2 412.849 -101.214
1544 344.978 356.727 2 416.692 -96.8147
1545 354.978 356.727 2 420.739 -95.9147
1546 364.978 356.727 2 424.982 -97.732
1547 374.978 356.727 2 429.416 -97.0238
1548 384.978 356.727 2 434.035 -95.9655
1549 394.978 356.727 2 438.834 -250
1550 404.978 356.727 2 443.806 -250
1551 414.978 356.727 2 448.945 -250
1552 424.978 356.727 2 454.247 -250
1553 434.978 356.727 2 459.705 -250
1554 444.978 356.727 2 465.314 -113.021
1555 454.978 356.727 2 471.069 -250
1556 464.978 356.727 2 476.964 -250
1557 474.978 356.727 2 482.994 -103
1558 484.978 356.727 2 489.154 -116.765
1559 84.9784 366.727 2 404.14 -92.1291
1560 94.9784 366.727 2 401.892 -92.1734
1561 104.978 366.727 2 399.882 -250
1562 114.978 366.727 2 398.114 -250
1563 124.978 366.727 2 396.589 -250
1564 134.978 366.727 2 395.312 -250
1565 144.978 366.727 2 394.284 -250
1566 154.978 366.727 2 393.508 -250
1567 164.978 366.727 2 392.985 -250
1568 174.978 366.727 2 392.715 -250
1569 184.978 366.727 2 392.701 -111.95
1570 194.978 366.727 2 392.941 -250
1571 204.978 366.727 2 393.435 -250
1572 214.978 366.727 2 394.182 -250
1573 224.978 366.727 2 395.181 -250
1574 234.978 366.727 2 396.429 -250
1575 244.978 366.727 2 397.925 -250
1576 254.978 366.727 2 399.666 -250
1577 264.978 366.727 2 401.649 -250
1578 274.978 366.727 2 403.869 -98.839
1579 284.978 366.727 2 406.323 -116.453
1580 294.978 366.727 2 409.007 -91.8027
1581 304.978 366.727 2 411.917 -93.9333
1582 314.978 366.727 2 415.047 -104.642
1583 324.978 366.727 2 418.393 -101.936
1584 334.978 366.727 2 421.949 -97.4728
1585 344.978 366.727 2 425.711 -94.7822
1586 354.978 366.727 2 429.672 -103.421
1587 364.978 366.727 2 433.828 -99.0999
1588 374.978 366.727 2 438.172 -96.9802
1589 384.978 366.727 2 442.7 -96.501
1590 394.978 366.727 2 447.406 -250
1591 404.978 366.727 2 452.284 -250
1592 414.978 366.727 2 457.328 -250
1593 424.978 366.727 2 462.534 -250
1594 434.978 366.727 2 467.895 -250
1595 444.978 366.727 2 473.407 -115.547
1596 454.978 366.727 2 479.065 -250
1597 464.978 366.727 2 484.862 -250
1598 474.978 366.727 2 490.795 -132.524
1599 484.978 366.727 2 496.858 -103.775
1600 84.9784 376.727 2 413.674 -92.9001
1601 94.9784 376.727 2 411.478 -91.0587
1602 104.978 376.727 2 409.516 -250
1603 114.978 376.727 2 407.788 -250
1604 124.978 376.727 2 406.3 -250
1605 134.978 376.727 2 405.054 -250
1606 144.978 376.727 2 404.051 -250
1607 154.978 376.727 2 403.293 -250
1608 164.978 376.727 2 402.783 -250
1609 174.978 376.727 2 402.52 -250
1610 184.978 376.727 2 402.506 -96.3455
1611 194.978 376.727 2 402.74 -250
1612 204.978 376.727 2 403.222 -250
1613 214.978 376.727 2 403.951 -250
1614 224.978 376.727 2 404.926 -250
1615 234.978 376.727 2 406.144 -250
1616 244.978 376.727 2 407.605 -250
1617 254.978 376.727 2 409.305 -250
1618 264.978 376.727 2 411.24 -250
1619 274.978 376.727 2 413.409 -108.169
1620 284.978 376.727 2 415.807 -114.202
1621 294.978 376.727 2 418.431 -92.249
1622 304.978 376.727 2 421.275 -94.2678
1623 314.978 376.727 2 424.336 -101.351
1624 324.978 376.727 2 427.609 -90.102
1625 334.978 376.727 2 431.089 -94.7811
1626 344.978 376.727 2 434.772 -94.1382
1627 354.978 376.727 2 438.651 -91.7109
1628 364.978 376.727 2 442.723 -94.6462
1629 374.978 376.727 2 446.981 -90.4163
1630 384.978 376.727 2 451.421 -250
1631 394.978 376.727 2 456.036 -250
1632 404.978 376.727 2 460.823 -250
1633 414.978 376.727 2 465.775 -250
1634 424.978 376.727 2 470.887 -250
1635 434.978 376.727 2 476.154 -250
1636 444.978 376.727 2 481.572 -250
1637 454.978 376.727 2 487.134 -250
1638 464.978 376.727 2 492.837 -250
1639 474.978 376.727 2 498.675 -123.048
1640 484.978 376.727 2 504.644 -115.263
1641 84.9784 386.727 2 423.229 -93.1901
1642 94.9784 386.727 2 421.084 -100.981
1643 104.978 386.727 2 419.166 -127.454
1644 114.978 386.727 2 417.479 -250
1645 124.978 386.727 2 416.025 -250
1646 134.978 386.727 2 414.808 -250
1647 144.978 386.727 2 413.828 -250
1648 154.978 386.727 2 413.089 -250
1649 164.978 386.727 2 412.59 -250
1650 174.978 386.727 2 412.334 -250
1651 184.978 386.727 2 412.32 -92.9893
1652 194.978 386.727 2 412.549 -250
1653 204.978 386.727 2 413.019 -250
1654 214.978 386.727 2 413.731 -250
1655 224.978 386.727 2 414.683 -250
1656 234.978 386.727 2 415.873 -250
1657 244.978 386.727 2 417.299 -250
1658 254.978 386.727 2 418.96 -250
1659 264.978 386.727 2 420.851 -250
1660 274.978 386.727 2 422.971 -113.435
1661 284.978 386.727 2 425.315 -115.226
1662 294.978 386.727 2 427.88 -92.0872
1663 304.978 386.727 2 430.662 -95.0648
1664 314.978 386.727 2 433.657 -96.7509
1665 324.978 386.727 2 436.86 -87.5261
1666 334.978 386.727 2 440.267 -90.1622
1667 344.978 386.727 2 443.873 -92.8882
1668 354.978 386.727 2 447.674 -93.4683
1669 364.978 386.727 2 451.664 -89.4411
1670 374.978 386.727 2 455.839 -91.6337
1671 384.978 386.727 2 460.193 -250
1672 394.978 386.727 2 464.721 -250
1673 404.978 386.727 2 469.419 -250
1674 414.978 386.727 2 474.281 -250
1675 424.978 386.727 2 479.303 -250
1676 434.978 386.727 2 484.479 -250
1677 444.978 386.727 2 489.804 -250
1678 454.978 386.727 2 495.275 -250
1679 464.978 386.727 2 500.885 -250
1680 474.978 386.727 2 506.63 -116.998
1681 484.978 386.727 2 512.506 -115.104
1682 84.9784 396.727 2 432.805 -93.9189
1683 94.9784 396.727 2 430.707 -104.937
1684 104.978 396.727 2 428.832 -125.561
1685 114.978 396.727 2 427.183 -131.763
1686 124.978 396.727 2 425.763 -135.836
1687 134.978 396.727 2 424.573 -134.032
1688 144.978 396.727 2 423.616 -135.698
1689 154.978 396.727 2 422.894 -99.1469
1690 164.978 396.727 2 422.407 -122.714
1691 174.978 396.727 2 422.157 -124.935
1692 184.978 396.727 2 422.143 -98.5325
1693 194.978 396.727 2 422.366 -121.621
1694 204.978 396.727 2 422.826 -106.298
1695 214.978 396.727 2 423.521 -104.502
1696 224.978 396.727 2 424.451 -116.023
1697 234.978 396.727 2 425.614 -107.042
1698 244.978 396.727 2 427.008 -250
1699 254.978 396.727 2 428.631 -250
1700 264.978 396.727 2 430.48 -250
1701 274.978 396.727 2 432.552 -107.573
1702 284.978 396.727 2 434.844 -97.5404
1703 294.978 396.727 2 437.354 -91.9088
1704 304.978 396.727 2 440.076 -94.9338
1705 314.978 396.727 2 443.007 -97.1556
1706 324.978 396.727 2 446.143 -89.7982
1707 334.978 396.727 2 449.48 -100.711
1708 344.978 396.727 2 453.013 -95.802
1709 354.978 396.727 2 456.737 -92.44
1710 364.978 396.727 2 460.649 -90.9858
1711 374.978 396.727 2 464.743 -98.0813
1712 384.978 396.727 2 469.014 -250
1713 394.978 396.727 2 473.459 -250
1714 404.978 396.727 2 478.071 -250
1715 414.978 396.727 2 482.846 -250
1716 424.978 396.727 2 487.779 -250
1717 434.978 396.727 2 492.866 -250
1718 444.978 396.727 2 498.102 -250
1719 454.978 396.727 2 503.482 -250
1720 464.978 396.727 2 509.001 -250
1721 474.978 396.727 2 514.656 -101.737
1722 484.978 396.727 2 520.441 -122.336
1723 84.9784 406.727 2 442.399 -93.8183
1724 94.9784 406.727 2 440.347 -110.354
1725 104.978 406.727 2 438.513 -120.115
1726 114.978 406.727 2 436.901 -130.411
1727 124.978 406.727 2 435.512 -132.422
1728 134.978 406.727 2 434.349 -124.13
1729 144.978 406.727 2 433.414 -127.643
1730 154.978 406.727 2 432.708 -97.6991
1731 164.978 406.727 2 432.232 -135.86
1732 174.978 406.727 2 431.988 -114.68
1733 184.978 406.727 2 431.974 -94.3492
1734 194.978 406.727 2 432.193 -105.362
1735 204.978 406.727 2 432.642 -107.934
1736 214.978 406.727 2 433.321 -108.212
1737 224.978 406.727 2 434.23 -106.391
1738 234.978 406.727 2 435.367 -103.868
1739 244.978 406.727 2 436.73 -95.8715
1740 254.978 406.727 2 438.316 -108.129
1741 264.978 406.727 2 440.125 -111.927
1742 274.978 406.727 2 442.152 -111.814
1743 284.978 406.727 2 444.395 -95.9305
1744 294.978 406.727 2 446.85 -91.2926
1745 304.978 406.727 2 449.515 -89.1654
1746 314.978 406.727 2 452.385 -94.5861
1747 324.978 406.727 2 455.457 -89.3498
1748 334.978 406.727 2 458.726 -95.2728
1749 344.978 406.727 2 462.188 -89.1005
1750 354.978 406.727 2 465.839 -88.7294
1751 364.978 406.727 2 469.675 -90.6783
1752 374.978 406.727 2 473.691 -94.609
1753 384.978 406.727 2 477.882 -107.717
1754 394.978 406.727 2 482.245 -124.539
1755 404.978 406.727 2 486.774 -119.662
1756 414.978 406.727 2 491.464 -103.737
1757 424.978 406.727 2 496.312 -120.65
1758 434.978 406.727 2 501.312 -107.595
1759 444.978 406.727 2 506.461 -107.011
1760 454.978 406.727 2 511.753 -109.708
1761 464.978 406.727 2 517.184 -99.1491
1762 474.978 406.727 2 522.75 -96.6295
1763 484.978 406.727 2 528.447 -107.307
1764 84.9784 416.727 2 452.011 -92.9404
1765 94.9784 416.727 2 450.003 -108.396
1766 104.978 416.727 2 448.209 -124.241
1767 114.978 416.727 2 446.631 -250
1768 124.978 416.727 2 445.273 -250
1769 134.978 416.727 2 444.136 -250
1770 144.978 416.727 2 443.221 -250
1771 154.978 416.727 2 442.531 -99.2529
1772 164.978 416.727 2 442.066 -127.801
1773 174.978 416.727 2 441.826 -121.973
1774 184.978 416.727 2 441.813 -96.0486
1775 194.978 416.727 2 442.026 -108.045
1776 204.978 416.727 2 442.466 -109.7
1777 214.978 416.727 2 443.13 -112.388
1778 224.978 416.727 2 444.019 -114.549
1779 234.978 416.727 2 445.131 -105.186
1780 244.978 416.727 2 446.464 -98.0149
1781 254.978 416.727 2 448.016 -119.564
1782 264.978 416.727 2 449.785 -105.092
1783 274.978 416.727 2 451.769 -109.778
1784 284.978 416.727 2 453.964 -99.5594
1785 294.978 416.727 2 456.368 -92.4102
1786 304.978 416.727 2 458.978 -89.2775
1787 314.978 416.727 2 461.789 -94.2097
1788 324.978 416.727 2 464.799 -89.6385
1789 334.978 416.727 2 468.002 -93.9639
1790 344.978 416.727 2 471.396 -89.5229
1791 354.978 416.727 2 474.977 -97.9183
1792 364.978 416.727 2 478.74 -87.0634
1793 374.978 416.727 2 482.68 -90.6041
1794 384.978 416.727 2 486.794 -98.549
1795 394.978 416.727 2 491.077 -106.776
1796 404.978 416.727 2 495.525 -103.536
1797 414.978 416.727 2 500.134 -102.827
1798 424.978 416.727 2 504.898 -103.468
1799 434.978 416.727 2 509.815 -101.471
1800 444.978 416.727 2 514.878 -113.84
1801 454.978 416.727 2 520.085 -105.527
1802 464.978 416.727 2 525.43 -100.451
1803 474.978 416.727 2 530.909 -100.555
1804 484.978 416.727 2 536.52 -104.474
1805 84.9784 426.727 2 461.64 -93.0753
1806 94.9784 426.727 2 459.673 -120.327
1807 104.978 426.727 2 457.917 -120.307
1808 114.978 426.727 2 456.373 -250
1809 124.978 426.727 2 455.044 -250
1810 134.978 426.727 2 453.931 -250
1811 144.978 426.727 2 453.036 -250
1812 154.978 426.727 2 452.361 -98.4163
1813 164.978 426.727 2 451.906 -250
1814 174.978 426.727 2 451.672 -250
1815 184.978 426.727 2 451.659 -250
1816 194.978 426.727 2 451.868 -250
1817 204.978 426.727 2 452.297 -250
1818 214.978 426.727 2 452.947 -250
1819 224.978 426.727 2 453.817 -105.377
1820 234.978 426.727 2 454.905 -250
1821 244.978 426.727 2 456.209 -250
1822 254.978 426.727 2 457.728 -250
1823 264.978 426.727 2 459.46 -250
1824 274.978 426.727 2 461.402 -100.532
1825 284.978 426.727 2 463.552 -100.653
1826 294.978 426.727 2 465.907 -91.0414
1827 304.978 426.727 2 468.463 -250
1828 314.978 426.727 2 471.218 -250
1829 324.978 426.727 2 474.167 -250
1830 334.978 426.727 2 477.308 -250
1831 344.978 426.727 2 480.637 -250
1832 354.978 426.727 2 484.149 -250
1833 364.978 426.727 2 487.841 -250
1834 374.978 426.727 2 491.708 -250
1835 384.978 426.727 2 495.747 -250
1836 394.978 426.727 2 499.954 -250
1837 404.978 426.727 2 504.324 -250
1838 414.978 426.727 2 508.853 -250
1839 424.978 426.727 2 513.536 -250
1840 434.978 426.727 2 518.371 -250
1841 444.978 426.727 2 523.351 -250
1842 454.978 426.727 2 528.474 -250
1843 464.978 426.727 2 533.735 -95.6967
1844 474.978 426.727 2 539.131 -113.192
1845 484.978 426.727 2 544.656 -250
1846 84.9784 436.727 2 471.283 -100.241
1847 94.9784 436.727 2 469.358 -119.448
1848 104.978 436.727 2 467.638 -124.889
1849 114.978 436.727 2 466.126 -250
1850 124.978 436.727 2 464.825 -250
1851 134.978 436.727 2 463.735 -250
1852 144.978 436.727 2 462.86 -250
1853 154.978 436.727 2 462.199 -98.4461
1854 164.978 436.727 2 461.753 -250
1855 174.978 436.727 2 461.524 -250
1856 184.978 436.727 2 461.512 -250
1857 194.978 436.727 2 461.716 -250
1858 204.978 436.727 2 462.136 -250
1859 214.978 436.727 2 462.772 -250
1860 224.978 436.727 2 463.624 -104.964
1861 234.978 436.727 2 464.688 -250
1862 244.978 436.727 2 465.965 -250
1863 254.978 436.727 2 467.453 -250
1864 264.978 436.727 2 469.149 -250
1865 274.978 436.727 2 471.051 -120.288
1866 284.978 436.727 2 473.157 -99.2161
1867 294.978 436.727 2 475.464 -90.4425
1868 304.978 436.727 2 477.969 -250
1869 314.978 436.727 2 480.67 -250
1870 324.978 436.727 2 483.561 -250
1871 334.978 436.727 2 486.642 -250
1872 344.978 436.727 2 489.907 -250
1873 354.978 436.727 2 493.353 -250
1874 364.978 436.727 2 496.976 -250
1875 374.978 436.727 2 500.774 -250
1876 384.978 436.727 2 504.74 -250
1877 394.978 436.727 2 508.872 -250
1878 404.978 436.727 2 513.166 -250
1879 414.978 436.727 2 517.618 -250
1880 424.978 436.727 2 522.223 -250
1881 434.978 436.727 2 526.977 -250
1882 444.978 436.727 2 531.877 -250
1883 454.978 436.727 2 536.919 -250
1884 464.978 436.727 2 542.098 -106.047
1885 474.978 436.727 2 547.411 -104.587
1886 484.978 436.727 2 552.854 -250
1887 84.9784 446.727 2 480.942 -107.211
1888 94.9784 446.727 2 479.055 -113.655
1889 104.978 446.727 2 477.37 -124.707
1890 114.978 446.727 2 475.889 -250
1891 124.978 446.727 2 474.615 -250
1892 134.978 446.727 2 473.548 -250
1893 144.978 446.727 2 472.69 -250
1894 154.978 446.727 2 472.043 -103.854
1895 164.978 446.727 2 471.607 -250
1896 174.978 446.727 2 471.383 -250
1897 184.978 446.727 2 471.37 -250
1898 194.978 446.727 2 471.57 -250
1899 204.978 446.727 2 471.982 -250
1900 214.978 446.727 2 472.605 -250
1901 224.978 446.727 2 473.438 -102.863
1902 234.978 446.727 2 474.481 -250
1903 244.978 446.727 2 475.732 -250
1904 254.978 446.727 2 477.189 -250
1905 264.978 446.727 2 478.851 -250
1906 274.978 446.727 2 480.714 -114.611
1907 284.978 446.727 2 482.778 -98.1161
1908 294.978 446.727 2 485.039 -91.7439
1909 304.978 446.727 2 487.495 -250
1910 314.978 446.727 2 490.143 -250
1911 324.978 446.727 2 492.979 -250
1912 334.978 446.727 2 496.001 -250
1913 344.978 446.727 2 499.205 -250
1914 354.978 446.727 2 502.587 -250
1915 364.978 446.727 2 506.145 -250
1916 374.978 446.727 2 509.874 -250
1917 384.978 446.727 2 513.77 -250
1918 394.978 446.727 2 517.83 -250
1919 404.978 446.727 2 522.05 -250
1920 414.978 446.727 2 526.427 -250
1921 424.978 446.727 2 530.955 -250
1922 434.978 446.727 2 535.632 -250
1923 444.978 446.727 2 540.454 -250
1924 454.978 446.727 2 545.416 -250
1925 464.978 446.727 2 550.516 -110.792
1926 474.978 446.727 2 555.748 -99.673
1927 484.978 446.727 2 561.11 -250
1928 84.9784 456.727 2 490.614 -109.455
1929 94.9784 456.727 2 488.764 -112.742
1930 104.978 456.727 2 487.113 -117.211
1931 114.978 456.727 2 485.662 -250
1932 124.978 456.727 2 484.413 -250
1933 134.978 456.727 2 483.368 -250
1934 144.978 456.727 2 482.528 -250
1935 154.978 456.727 2 481.894 -106.172
1936 164.978 456.727 2 481.467 -250
1937 174.978 456.727 2 481.247 -250
1938 184.978 456.727 2 481.235 -250
1939 194.978 456.727 2 481.431 -250
1940 204.978 456.727 2 481.834 -250
1941 214.978 456.727 2 482.444 -250
1942 224.978 456.727 2 483.261 -93.3033
1943 234.978 456.727 2 484.282 -250
1944 244.978 456.727 2 485.508 -250
1945 254.978 456.727 2 486.936 -149.222
1946 264.978 456.727 2 488.564 -250
1947 274.978 456.727 2 490.391 -119.828
1948 284.978 456.727 2 492.414 -101.875
1949 294.978 456.727 2 494.631 -95.0447
1950 304.978 456.727 2 497.04 -250
1951 314.978 456.727 2 499.637 -250
1952 324.978 456.727 2 502.42 -250
1953 334.978 456.727 2 505.385 -250
1954 344.978 456.727 2 508.53 -250
1955 354.978 456.727 2 511.851 -250
1956 364.978 456.727 2 515.344 -250
1957 374.978 456.727 2 519.007 -250
1958 384.978 456.727 2 522.835 -250
1959 394.978 456.727 2 526.825 -250
1960 404.978 456.727 2 530.974 -250
1961 414.978 456.727 2 535.278 -250
1962 424.978 456.727 2 539.732 -250
1963 434.978 456.727 2 544.334 -250
1964 444.978 456.727 2 549.079 -250
1965 454.978 456.727 2 553.964 -250
1966 464.978 456.727 2 558.985 -106.238
1967 474.978 456.727 2 564.139 -103.909
1968 484.978 456.727 2 569.422 -250
1969 84.9784 466.727 2 500.299 -110.011
1970 94.9784 466.727 2 498.485 -110.336
1971 104.978 466.727 2 496.866 -120.081
1972 114.978 466.727 2 495.444 -250
1973 124.978 466.727 2 494.22 -250
1974 134.978 466.727 2 493.195 -250
1975 144.978 466.727 2 492.372 -250
1976 154.978 466.727 2 491.75 -112.024
1977 164.978 466.727 2 491.332 -250
1978 174.978 466.727 2 491.117 -250
1979 184.978 466.727 2 491.105 -250
1980 194.978 466.727 2 491.297 -250
1981 204.978 466.727 2 491.692 -250
1982 214.978 466.727 2 492.29 -250
1983 224.978 466.727 2 493.09 -94.1961
1984 234.978 466.727 2 494.091 -250
1985 244.978 466.727 2 495.293 -250
1986 254.978 466.727 2 496.692 -250
1987 264.978 466.727 2 498.289 -250
1988 274.978 466.727 2 500.08 -119.926
1989 284.978 466.727 2 502.065 -91.7526
1990 294.978 466.727 2 504.239 -91.4211
1991 304.978 466.727 2 506.602 -250
1992 314.978 466.727 2 509.151 -250
1993 324.978 466.727 2 511.882 -250
1994 334.978 466.727 2 514.792 -250
1995 344.978 466.727 2 517.88 -250
1996 354.978 466.727 2 521.141 -250
1997 364.978 466.727 2 524.573 -250
1998 374.978 466.727 2 528.172 -250
1999 384.978 466.727 2 531.934 -250
2000 394.978 466.727 2 535.856 -250
2001 404.978 466.727 2 539.936 -250
2002 414.978 466.727 2 544.168 -250
2003 424.978 466.727 2 548.55 -250
2004 434.978 466.727 2 553.079 -250
2005 444.978 466.727 2 557.75 -250
2006 454.978 466.727 2 562.559 -250
2007 464.978 466.727 2 567.505 -109.923
2008 474.978 466.727 2 572.582 -101.279
2009 484.978 466.727 2 577.788 -250
2010 84.9784 476.727 2 509.996 -110.488
2011 94.9784 476.727 2 508.217 -122.997
2012 104.978 476.727 2 506.629 -123.743
2013 114.978 476.727 2 505.234 -132.325
2014 124.978 476.727 2 504.034 -145.902
2015 134.978 476.727 2 503.029 -130.612
2016 144.978 476.727 2 502.222 -118.926
2017 154.978 476.727 2 501.613 -111.234
2018 164.978 476.727 2 501.203 -134.61
2019 174.978 476.727 2 500.992 -142.41
2020 184.978 476.727 2 500.98 -130.591
2021 194.978 476.727 2 501.168 -140.163
2022 204.978 476.727 2 501.556 -127.759
2023 214.978 476.727 2 502.142 -129.241
2024 224.978 476.727 2 502.926 -104.187
2025 234.978 476.727 2 503.908 -105.673
2026 244.978 476.727 2 505.086 -120.727
2027 254.978 476.727 2 506.459 -121.671
2028 264.978 476.727 2 508.024 -130.225
2029 274.978 476.727 2 509.782 -122.711
2030 284.978 476.727 2 511.728 -100.053
2031 294.978 476.727 2 513.862 -91.8215
2032 304.978 476.727 2 516.181 -250
2033 314.978 476.727 2 518.682 -250
2034 324.978 476.727 2 521.363 -250
2035 334.978 476.727 2 524.222 -250
2036 344.978 476.727 2 527.254 -250
2037 354.978 476.727 2 530.458 -250
2038 364.978 476.727 2 533.829 -250
2039 374.978 476.727 2 537.366 -250
2040 384.978 476.727 2 541.064 -250
2041 394.978 476.727 2 544.921 -250
2042 404.978 476.727 2 548.933 -250
2043 414.978 476.727 2 553.097 -250
2044 424.978 476.727 2 557.409 -250
2045 434.978 476.727 2 561.866 -250
2046 444.978 476.727 2 566.464 -250
2047 454.978 476.727 2 571.201 -250
2048 464.978 476.727 2 576.072 -96.8318
2049 474.978 476.727 2 581.074 -103.214
2050 484.978 476.727 2 586.204 -250
2051 84.9784 486.727 2 519.705 -107.427
2052 94.9784 486.727 2 517.959 -112.492
2053 104.978 486.727 2 516.401 -145.564
2054 114.978 486.727 2 515.033 -133.779
2055 124.978 486.727 2 513.855 -127.834
2056 134.978 486.727 2 512.87 -137.956
2057 144.978 486.727 2 512.078 -125.046
2058 154.978 486.727 2 511.481 -115.715
2059 164.978 486.727 2 511.078 -130.434
2060 174.978 486.727 2 510.871 -129.356
2061 184.978 486.727 2 510.86 -134.2
2062 194.978 486.727 2 511.045 -129.522
2063 204.978 486.727 2 511.424 -127.749
2064 214.978 486.727 2 511.999 -127.022
2065 224.978 486.727 2 512.769 -104.638
2066 234.978 486.727 2 513.732 -94.9932
2067 244.978 486.727 2 514.887 -125.292
2068 254.978 486.727 2 516.234 -146.238
2069 264.978 486.727 2 517.77 -119.878
2070 274.978 486.727 2 519.494 -116.648
2071 284.978 486.727 2 521.405 -95.0085
2072 294.978 486.727 2 523.499 -96.2482
2073 304.978 486.727 2 525.775 -97.578
2074 314.978 486.727 2 528.231 -118.525
2075 324.978 486.727 2 530.864 -143.661
2076 334.978 486.727 2 533.671 -142.575
2077 344.978 486.727 2 536.65 -142.535
2078 354.978 486.727 2 539.798 -143.451
2079 364.978 486.727 2 543.112 -146.25
2080 374.978 486.727 2 546.589 -147.468
2081 384.978 486.727 2 550.225 -147.509
2082 394.978 486.727 2 554.018 -143.516
2083 404.978 486.727 2 557.965 -148.938
2084 414.978 486.727 2 562.061 -157.571
2085 424.978 486.727 2 566.305 -144.621
2086 434.978 486.727 2 570.693 -148.315
2087 444.978 486.727 2 575.22 -152.841
2088 454.978 486.727 2 579.885 -157.069
2089 464.978 486.727 2 584.684 -104.902
2090 474.978 486.727 2 589.613 -102.907
2091 484.978 486.727 2 594.67 -106.039
2092 84.9784 496.727 2 529.424 -103.668
2093 94.9784 496.727 2 527.711 -105.01
2094 104.978 496.727 2 526.182 -250
2095 114.978 496.727 2 524.839 -250
2096 124.978 496.727 2 523.683 -250
2097 134.978 496.727 2 522.717 -250
2098 144.978 496.727 2 521.94 -250
2099 154.978 496.727 2 521.354 -250
2100 164.978 496.727 2 520.959 -250
2101 174.978 496.727 2 520.756 -250
2102 184.978 496.727 2 520.745 -250
2103 194.978 496.727 2 520.926 -250
2104 204.978 496.727 2 521.298 -135.352
2105 214.978 496.727 2 521.863 -124.187
2106 224.978 496.727 2 522.617 -111.234
2107 234.978 496.727 2 523.562 -250
2108 244.978 496.727 2 524.696 -250
2109 254.978 496.727 2 526.018 -250
2110 264.978 496.727 2 527.525 -250
2111 274.978 496.727 2 529.218 -108.829
2112 284.978 496.727 2 531.093 -96.535
2113 294.978 496.727 2 533.149 -91.8323
2114 304.978 496.727 2 535.385 -100.944
2115 314.978 496.727 2 537.797 -119.128
2116 324.978 496.727 2 540.383 -128.325
2117 334.978 496.727 2 543.141 -140.835
2118 344.978 496.727 2 546.068 -139.632
2119 354.978 496.727 2 549.162 -142.111
2120 364.978 496.727 2 552.42 -141.691
2121 374.978 496.727 2 555.838 -141.903
2122 384.978 496.727 2 559.415 -148.963
2123 394.978 496.727 2 563.146 -145.519
2124 404.978 496.727 2 567.029 -139.431
2125 414.978 496.727 2 571.061 -146.663
2126 424.978 496.727 2 575.238 -152.512
2127 434.978 496.727 2 579.558 -186.686
2128 444.978 496.727 2 584.017 -163.582
2129 454.978 496.727 2 588.612 -101.737
2130 464.978 496.727 2 593.34 -125.818
2131 474.978 496.727 2 598.198 -105.975
2132 484.978 496.727 2 603.183 -108.644
2133 84.9784 506.727 2 539.154 -100.356
2134 94.9784 506.727 2 537.472 -106.517
2135 104.978 506.727 2 535.97 -250
2136 114.978 506.727 2 534.652 -250
2137 124.978 506.727 2 533.518 -250
2138 134.978 506.727 2 532.569 -250
2139 144.978 506.727 2 531.806 -250
2140 154.978 506.727 2 531.231 -250
2141 164.978 506.727 2 530.844 -250
2142 174.978 506.727 2 530.645 -250
2143 184.978 506.727 2 530.634 -250
2144 194.978 506.727 2 530.811 -250
2145 204.978 506.727 2 531.177 -125.72
2146 214.978 506.727 2 531.731 -115.822
2147 224.978 506.727 2 532.472 -102.793
2148 234.978 506.727 2 533.399 -250
2149 244.978 506.727 2 534.512 -250
2150 254.978 506.727 2 535.809 -250
2151 264.978 506.727 2 537.289 -250
2152 274.978 506.727 2 538.951 -100.184
2153 284.978 506.727 2 540.793 -96.1564
2154 294.978 506.727 2 542.812 -250
2155 304.978 506.727 2 545.008 -250
2156 314.978 506.727 2 547.378 -250
2157 324.978 506.727 2 549.919 -250
2158 334.978 506.727 2 552.629 -250
2159 344.978 506.727 2 555.507 -250
2160 354.978 506.727 2 558.548 -250
2161 364.978 506.727 2 561.752 -250
2162 374.978 506.727 2 565.113 -250
2163 384.978 506.727 2 568.631 -250
2164 394.978 506.727 2 572.303 -250
2165 404.978 506.727 2 576.124 -250
2166 414.978 506.727 2 580.092 -250
2167 424.978 506.727 2 584.205 -161.664
2168 434.978 506.727 2 588.459 -147.414
2169 444.978 506.727 2 592.851 -140.395
2170 454.978 506.727 2 597.379 -113.918
2171 464.978 506.727 2 602.038 -125.053
2172 474.978 506.727 2 606.826 -125.397
2173 484.978 506.727 2 611.741 -250
2174 84.9784 516.727 2 548.894 -96.96
2175 94.9784 516.727 2 547.241 -107.031
2176 104.978 516.727 2 545.767 -250
2177 114.978 516.727 2 544.472 -250
2178 124.978 516.727 2 543.358 -250
2179 134.978 516.727 2 542.427 -250
2180 144.978 516.727 2 541.678 -250
2181 154.978 516.727 2 541.113 -250
2182 164.978 516.727 2 540.733 -250
2183 174.978 516.727 2 540.537 -250
2184 184.978 516.727 2 540.527 -250
2185 194.978 516.727 2 540.701 -250
2186 204.978 516.727 2 541.06 -122.92
2187 214.978 516.727 2 541.604 -117.226
2188 224.978 516.727 2 542.331 -99.0884
2189 234.978 516.727 2 543.242 -250
2190 244.978 516.727 2 544.334 -250
2191 254.978 516.727 2 545.608 -250
2192 264.978 516.727 2 547.062 -250
2193 274.978 516.727 2 548.694 -94.1247
2194 284.978 516.727 2 550.503 -96.1266
2195 294.978 516.727 2 552.487 -250
2196 304.978 516.727 2 554.645 -250
2197 314.978 516.727 2 556.973 -250
2198 324.978 516.727 2 559.471 -250
2199 334.978 516.727 2 562.136 -250
2200 344.978 516.727 2 564.964 -250
2201 354.978 516.727 2 567.955 -250
2202 364.978 516.727 2 571.106 -250
2203 374.978 516.727 2 574.413 -250
2204 384.978 516.727 2 577.874 -250
2205 394.978 516.727 2 581.487 -250
2206 404.978 516.727 2 585.248 -250
2207 414.978 516.727 2 589.155 -250
2208 424.978 516.727 2 593.205 -150.133
2209 434.978 516.727 2 597.395 -141.446
2210 444.978 516.727 2 601.722 -110.418
2211 454.978 516.727 2 606.183 -129.983
2212 464.978 516.727 2 610.775 -125.558
2213 474.978 516.727 2 615.496 -112.075
2214 484.978 516.727 2 620.341 -250
2215 84.9784 526.727 2 558.642 -94.6506
2216 94.9784 526.727 2 557.019 -101.506
2217 104.978 526.727 2 555.57 -250
2218 114.978 526.727 2 554.298 -250
2219 124.978 526.727 2 553.204 -250
2220 134.978 526.727 2 552.29 -250
2221 144.978 526.727 2 551.554 -250
2222 154.978 526.727 2 551 -250
2223 164.978 526.727 2 550.626 -250
2224 174.978 526.727 2 550.434 -250
2225 184.978 526.727 2 550.424 -250
2226 194.978 526.727 2 550.595 -250
2227 204.978 526.727 2 550.947 -120.46
2228 214.978 526.727 2 551.481 -112.86
2229 224.978 526.727 2 552.196 -96.608
2230 234.978 526.727 2 553.09 -250
2231 244.978 526.727 2 554.163 -250
2232 254.978 526.727 2 555.415 -250
2233 264.978 526.727 2 556.843 -250
2234 274.978 526.727 2 558.446 -96.2427
2235 284.978 526.727 2 560.224 -99.461
2236 294.978 526.727 2 562.174 -250
2237 304.978 526.727 2 564.294 -250
2238 314.978 526.727 2 566.583 -250
2239 324.978 526.727 2 569.039 -250
2240 334.978 526.727 2 571.658 -250
2241 344.978 526.727 2 574.44 -250
2242 354.978 526.727 2 577.382 -250
2243 364.978 526.727 2 580.482 -250
2244 374.978 526.727 2 583.736 -250
2245 384.978 526.727 2 587.142 -250
2246 394.978 526.727 2 590.698 -250
2247 404.978 526.727 2 594.401 -250
2248 414.978 526.727 2 598.248 -250
2249 424.978 526.727 2 602.237 -137.814
2250 434.978 526.727 2 606.365 -121.404
2251 444.978 526.727 2 610.628 -122.515
2252 454.978 526.727 2 615.024 -114.184
2253 464.978 526.727 2 619.551 -127.566
2254 474.978 526.727 2 624.205 -111.595
2255 484.978 526.727 2 628.984 -250
2256 84.9784 536.727 2 568.4 -96.3299
2257 94.9784 536.727 2 566.804 -105.133
2258 104.978 536.727 2 565.381 -250
2259 114.978 536.727 2 564.131 -250
2260 124.978 536.727 2 563.056 -250
2261 134.978 536.727 2 562.157 -250
2262 144.978 536.727 2 561.435 -250
2263 154.978 536.727 2 560.89 -250
2264 164.978 536.727 2 560.523 -250
2265 174.978 536.727 2 560.334 -250
2266 184.978 536.727 2 560.324 -250
2267 194.978 536.727 2 560.492 -250
2268 204.978 536.727 2 560.839 -123.029
2269 214.978 536.727 2 561.363 -109.676
2270 224.978 536.727 2 562.065 -96.5452
2271 234.978 536.727 2 562.944 -250
2272 244.978 536.727 2 563.998 -250
2273 254.978 536.727 2 565.228 -250
2274 264.978 536.727 2 566.631 -250
2275 274.978 536.727 2 568.207 -94.1899
2276 284.978 536.727 2 569.954 -97.0487
2277 294.978 536.727 2 571.871 -250
2278 304.978 536.727 2 573.955 -250
2279 314.978 536.727 2 576.206 -250
2280 324.978 536.727 2 578.621 -250
2281 334.978 536.727 2 581.197 -250
2282 344.978 536.727 2 583.934 -250
2283 354.978 536.727 2 586.828 -250
2284 364.978 536.727 2 589.878 -250
2285 374.978 536.727 2 593.08 -250
2286 384.978 536.727 2 596.433 -250
2287 394.978 536.727 2 599.934 -250
2288 404.978 536.727 2 603.581 -250
2289 414.978 536.727 2 607.37 -250
2290 424.978 536.727 2 611.299 -129.653
2291 434.978 536.727 2 615.366 -112.165
2292 444.978 536.727 2 619.567 -124.43
2293 454.978 536.727 2 623.901 -126.545
2294 464.978 536.727 2 628.363 -108.506
2295 474.978 536.727 2 632.953 -127.693
2296 484.978 536.727 2 637.666 -250
2297 84.9784 546.727 2 578.165 -94.3468
2298 94.9784 546.727 2 576.597 -103.039
2299 104.978 546.727 2 575.198 -250
2300 114.978 546.727 2 573.969 -250
2301 124.978 546.727 2 572.913 -250
2302 134.978 546.727 2 572.029 -250
2303 144.978 546.727 2 571.32 -250
2304 154.978 546.727 2 570.784 -250
2305 164.978 546.727 2 570.424 -250
2306 174.978 546.727 2 570.238 -250
2307 184.978 546.727 2 570.228 -250
2308 194.978 546.727 2 570.393 -250
2309 204.978 546.727 2 570.734 -127.952
2310 214.978 546.727 2 571.249 -111.246
2311 224.978 546.727 2 571.939 -93.9135
2312 234.978 546.727 2 572.802 -250
2313 244.978 546.727 2 573.839 -250
2314 254.978 546.727 2 575.047 -250
2315 264.978 546.727 2 576.427 -250
2316 274.978 546.727 2 577.976 -94.5009
2317 284.978 546.727 2 579.694 -105.009
2318 294.978 546.727 2 581.578 -250
2319 304.978 546.727 2 583.628 -250
2320 314.978 546.727 2 585.842 -250
2321 324.978 546.727 2 588.217 -250
2322 334.978 546.727 2 590.752 -250
2323 344.978 546.727 2 593.444 -250
2324 354.978 546.727 2 596.292 -250
2325 364.978 546.727 2 599.294 -250
2326 374.978 546.727 2 602.446 -250
2327 384.978 546.727 2 605.747 -250
2328 394.978 546.727 2 609.195 -250
2329 404.978 546.727 2 612.786 -250
2330 414.978 546.727 2 616.519 -250
2331 424.978 546.727 2 620.39 -104.131
2332 434.978 546.727 2 624.397 -119.499
2333 444.978 546.727 2 628.539 -129.237
2334 454.978 546.727 2 632.811 -110.102
2335 464.978 546.727 2 637.211 -109.468
2336 474.978 546.727 2 641.737 -132.315
2337 484.978 546.727 2 646.386 -250
2338 84.9784 556.727 2 587.939 -93.3248
2339 94.9784 556.727 2 586.396 -106.59
2340 104.978 556.727 2 585.021 -144.44
2341 114.978 556.727 2 583.813 -146.299
2342 124.978 556.727 2 582.775 -148.395
2343 134.978 556.727 2 581.906 -150.266
2344 144.978 556.727 2 581.208 -151.823
2345 154.978 556.727 2 580.682 -154.039
2346 164.978 556.727 2 580.328 -151.369
2347 174.978 556.727 2 580.145 -150.715
2348 184.978 556.727 2 580.135 -152.171
2349 194.978 556.727 2 580.298 -146.866
2350 204.978 556.727 2 580.633 -118.27
2351 214.978 556.727 2 581.139 -106.187
2352 224.978 556.727 2 581.817 -90.6576
2353 234.978 556.727 2 582.666 -125.357
2354 244.978 556.727 2 583.685 -139.607
2355 254.978 556.727 2 584.873 -141.24
2356 264.978 556.727 2 586.229 -114.378
2357 274.978 556.727 2 587.753 -98.2806
2358 284.978 556.727 2 589.442 -108.453
2359 294.978 556.727 2 591.296 -134.537
2360 304.978 556.727 2 593.312 -154.792
2361 314.978 556.727 2 595.489 -154.392
2362 324.978 556.727 2 597.826 -156.535
2363 334.978 556.727 2 600.32 -170.644
2364 344.978 556.727 2 602.97 -169.579
2365 354.978 556.727 2 605.773 -169.411
2366 364.978 556.727 2 608.728 -165.721
2367 374.978 556.727 2 611.832 -168.714
2368 384.978 556.727 2 615.083 -164.725
2369 394.978 556.727 2 618.478 -169.874
2370 404.978 556.727 2 622.016 -169.935
2371 414.978 556.727 2 625.693 -172.946
2372 424.978 556.727 2 629.508 -113.568
2373 434.978 556.727 2 633.458 -115.805
2374 444.978 556.727 2 637.54 -126.661
2375 454.978 556.727 2 641.752 -106.724
2376 464.978 556.727 2 646.092 -138.661
2377 474.978 556.727 2 650.556 -140.537
2378 484.978 556.727 2 655.142 -144.308
2379 84.9784 566.727 2 597.72 -95.0743
2380 94.9784 566.727 2 596.203 -125.344
2381 104.978 566.727 2 594.85 -138.11
2382 114.978 566.727 2 593.662 -138.303
2383 124.978 566.727 2 592.641 -139.738
2384 134.978 566.727 2 591.787 -141.868
2385 144.978 566.727 2 591.101 -146.676
2386 154.978 566.727 2 590.583 -145.891
2387 164.978 566.727 2 590.235 -146.858
2388 174.978 566.727 2 590.056 -144.749
2389 184.978 566.727 2 590.046 -143.554
2390 194.978 566.727 2 590.206 -127.724
2391 204.978 566.727 2 590.535 -119.915
2392 214.978 566.727 2 591.033 -109.499
2393 224.978 566.727 2 591.699 -98.8349
2394 234.978 566.727 2 592.534 -107.371
2395 244.978 566.727 2 593.536 -137.822
2396 254.978 566.727 2 594.705 -132.032
2397 264.978 566.727 2 596.039 -97.0118
2398 274.978 566.727 2 597.537 -98.5759
2399 284.978 566.727 2 599.199 -112.982
2400 294.978 566.727 2 601.022 -136.263
2401 304.978 566.727 2 603.006 -136.185
2402 314.978 566.727 2 605.148 -143.302
2403 324.978 566.727 2 607.448 -144.637
2404 334.978 566.727 2 609.903 -164.083
2405 344.978 566.727 2 612.511 -171.341
2406 354.978 566.727 2 615.271 -161.357
2407 364.978 566.727 2 618.18 -166.981
2408 374.978 566.727 2 621.237 -173.427
2409 384.978 566.727 2 624.439 -166.687
2410 394.978 566.727 2 627.784 -163.323
2411 404.978 566.727 2 631.269 -167.668
2412 414.978 566.727 2 634.893 -104.961
2413 424.978 566.727 2 638.653 -115.019
2414 434.978 566.727 2 642.547 -117.036
2415 444.978 566.727 2 646.572 -107.842
2416 454.978 566.727 2 650.725 -124.661
2417 464.978 566.727 2 655.005 -131.776
2418 474.978 566.727 2 659.409 -133.701
2419 484.978 566.727 2 663.934 -141.116
2420 84.9784 576.727 2 607.508 -97.3823
2421 94.9784 576.727 2 606.016 -161.214
2422 104.978 576.727 2 604.684 -135.8
2423 114.978 576.727 2 603.516 -136.549
2424 124.978 576.727 2 602.512 -136.886
2425 134.978 576.727 2 601.672 -138.136
2426 144.978 576.727 2 600.997 -142.552
2427 154.978 576.727 2 600.488 -143.01
2428 164.978 576.727 2 600.145 -143.45
2429 174.978 576.727 2 599.969 -146.374
2430 184.978 576.727 2 599.959 -143.65
2431 194.978 576.727 2 600.116 -132.072
2432 204.978 576.727 2 600.44 -117.672
2433 214.978 576.727 2 600.93 -110.744
2434 224.978 576.727 2 601.586 -98.1625
2435 234.978 576.727 2 602.407 -104.728
2436 244.978 576.727 2 603.392 -131.546
2437 254.978 576.727 2 604.542 -123.871
2438 264.978 576.727 2 605.854 -102.249
2439 274.978 576.727 2 607.328 -99.7995
2440 284.978 576.727 2 608.963 -113.518
2441 294.978 576.727 2 610.757 -128.325
2442 304.978 576.727 2 612.71 -141.68
2443 314.978 576.727 2 614.818 -139.671
2444 324.978 576.727 2 617.082 -146.559
2445 334.978 576.727 2 619.499 -165.628
2446 344.978 576.727 2 622.067 -158.608
2447 354.978 576.727 2 624.784 -165.39
2448 364.978 576.727 2 627.649 -159.578
2449 374.978 576.727 2 630.66 -168.788
2450 384.978 576.727 2 633.815 -164.428
2451 394.978 576.727 2 637.11 -167.185
2452 404.978 576.727 2 640.545 -112.076
2453 414.978 576.727 2 644.117 -117.927
2454 424.978 576.727 2 647.823 -122.602
2455 434.978 576.727 2 651.662 -128.027
2456 444.978 576.727 2 655.631 -108.061
2457 454.978 576.727 2 659.727 -127.332
2458 464.978 576.727 2 663.949 -128.947
2459 474.978 576.727 2 668.294 -129.815
2460 484.978 576.727 2 672.76 -135.016
2461 84.9784 586.727 2 617.303 -98.8401
2462 94.9784 586.727 2 615.834 -117.473
2463 104.978 586.727 2 614.524 -138.384
2464 114.978 586.727 2 613.375 -140.401
2465 124.978 586.727 2 612.387 -141.254
2466 134.978 586.727 2 611.56 -139.486
2467 144.978 586.727 2 610.896 -137.885
2468 154.978 586.727 2 610.396 -137.969
2469 164.978 586.727 2 610.058 -136.556
2470 174.978 586.727 2 609.885 -136.342
2471 184.978 586.727 2 609.876 -130.863
2472 194.978 586.727 2 610.03 -121.324
2473 204.978 586.727 2 610.348 -118.824
2474 214.978 586.727 2 610.83 -107.791
2475 224.978 586.727 2 611.475 -95.3234
2476 234.978 586.727 2 612.283 -101.934
2477 244.978 586.727 2 613.253 -126.244
2478 254.978 586.727 2 614.384 -117.805
2479 264.978 586.727 2 615.675 -101.524
2480 274.978 586.727 2 617.126 -102.347
2481 284.978 586.727 2 618.735 -119.58
2482 294.978 586.727 2 620.501 -120.664
2483 304.978 586.727 2 622.423 -138.452
2484 314.978 586.727 2 624.499 -138.917
2485 324.978 586.727 2 626.727 -137.418
2486 334.978 586.727 2 629.107 -154.415
2487 344.978 586.727 2 631.636 -155.196
2488 354.978 586.727 2 634.313 -164.402
2489 364.978 586.727 2 637.135 -168.829
2490 374.978 586.727 2 640.101 -155.759
2491 384.978 586.727 2 643.209 -162.746
2492 394.978 586.727 2 646.457 -133.828
2493 404.978 586.727 2 649.842 -109.089
2494 414.978 586.727 2 653.363 -115.684
2495 424.978 586.727 2 657.017 -129.594
2496 434.978 586.727 2 660.803 -108.386
2497 444.978 586.727 2 664.717 -134.223
2498 454.978 586.727 2 668.758 -128.003
2499 464.978 586.727 2 672.923 -140.031
2500 474.978 586.727 2 677.211 -142.377
2501 484.978 586.727 2 681.618 -134.766
