# <Transmitter Set: Tx: 20 tx_ant_grid_60_m - Point 17> 
# <Receiver Set: Rx: 17 rx_ant_grid> 
# <X(m)> <Y(m)> <Z(m)> <Distance(m)> <PathGain(dB)>
1 84.9784 -13.2734 2 315.613 -91.258
2 94.9784 -13.2734 2 312.73 -90.7423
3 104.978 -13.2734 2 310.143 -90.2702
4 114.978 -13.2734 2 307.859 -88.7215
5 124.978 -13.2734 2 305.885 -112.892
6 134.978 -13.2734 2 304.227 -84.5836
7 144.978 -13.2734 2 302.89 -89.7928
8 154.978 -13.2734 2 301.879 -89.5656
9 164.978 -13.2734 2 301.197 -89.1995
10 174.978 -13.2734 2 300.846 -95.1584
11 184.978 -13.2734 2 300.826 -96.0409
12 194.978 -13.2734 2 301.14 -122.59
13 204.978 -13.2734 2 301.784 -122.44
14 214.978 -13.2734 2 302.757 -125.638
15 224.978 -13.2734 2 304.057 -121.472
16 234.978 -13.2734 2 305.678 -123.071
17 244.978 -13.2734 2 307.616 -123.63
18 254.978 -13.2734 2 309.864 -121.397
19 264.978 -13.2734 2 312.417 -127.675
20 274.978 -13.2734 2 315.266 -98.6062
21 284.978 -13.2734 2 318.404 -98.3413
22 294.978 -13.2734 2 321.823 -99.3607
23 304.978 -13.2734 2 325.512 -120.421
24 314.978 -13.2734 2 329.464 -116.823
25 324.978 -13.2734 2 333.669 -116.232
26 334.978 -13.2734 2 338.118 -137.218
27 344.978 -13.2734 2 342.801 -140.617
28 354.978 -13.2734 2 347.708 -118.491
29 364.978 -13.2734 2 352.83 -112.778
30 374.978 -13.2734 2 358.159 -138.983
31 384.978 -13.2734 2 363.684 -115.55
32 394.978 -13.2734 2 369.398 -112.743
33 404.978 -13.2734 2 375.291 -109.669
34 414.978 -13.2734 2 381.355 -111.468
35 424.978 -13.2734 2 387.582 -107.559
36 434.978 -13.2734 2 393.965 -108.061
37 444.978 -13.2734 2 400.496 -120.413
38 454.978 -13.2734 2 407.168 -139.118
39 464.978 -13.2734 2 413.973 -132.37
40 474.978 -13.2734 2 420.907 -136.926
41 484.978 -13.2734 2 427.961 -131.384
42 84.9784 -3.2734 2 306.282 -89.5173
43 94.9784 -3.2734 2 303.31 -89.2111
44 104.978 -3.2734 2 300.642 -89.3304
45 114.978 -3.2734 2 298.285 -89.2436
46 124.978 -3.2734 2 296.248 -134.923
47 134.978 -3.2734 2 294.535 -90.7644
48 144.978 -3.2734 2 293.155 -91.2796
49 154.978 -3.2734 2 292.11 -97.6799
50 164.978 -3.2734 2 291.405 -98.9578
51 174.978 -3.2734 2 291.041 -101.625
52 184.978 -3.2734 2 291.022 -103.941
53 194.978 -3.2734 2 291.345 -125.415
54 204.978 -3.2734 2 292.011 -124.802
55 214.978 -3.2734 2 293.017 -125.08
56 224.978 -3.2734 2 294.359 -124.955
57 234.978 -3.2734 2 296.034 -129.582
58 244.978 -3.2734 2 298.034 -125.854
59 254.978 -3.2734 2 300.355 -119.146
60 264.978 -3.2734 2 302.987 -123.261
61 274.978 -3.2734 2 305.925 -107.554
62 284.978 -3.2734 2 309.158 -101.572
63 294.978 -3.2734 2 312.677 -148.832
64 304.978 -3.2734 2 316.473 -143.075
65 314.978 -3.2734 2 320.537 -142.91
66 324.978 -3.2734 2 324.857 -160.999
67 334.978 -3.2734 2 329.425 -152.358
68 344.978 -3.2734 2 334.229 -121.171
69 354.978 -3.2734 2 339.261 -151.058
70 364.978 -3.2734 2 344.509 -143.615
71 374.978 -3.2734 2 349.964 -138.187
72 384.978 -3.2734 2 355.617 -137.62
73 394.978 -3.2734 2 361.458 -109.957
74 404.978 -3.2734 2 367.478 -110.953
75 414.978 -3.2734 2 373.669 -105.393
76 424.978 -3.2734 2 380.023 -109.737
77 434.978 -3.2734 2 386.53 -109.328
78 444.978 -3.2734 2 393.185 -175.91
79 454.978 -3.2734 2 399.978 -162.737
80 464.978 -3.2734 2 406.904 -153.983
81 474.978 -3.2734 2 413.956 -122.797
82 484.978 -3.2734 2 421.127 -137.868
83 84.9784 6.7266 2 296.995 -88.3821
84 94.9784 6.7266 2 293.929 -88.3989
85 104.978 6.7266 2 291.175 -89.2192
86 114.978 6.7266 2 288.741 -88.2987
87 124.978 6.7266 2 286.635 -250
88 134.978 6.7266 2 284.865 -88.9128
89 144.978 6.7266 2 283.437 -87.6273
90 154.978 6.7266 2 282.356 -107.718
91 164.978 6.7266 2 281.627 -108.589
92 174.978 6.7266 2 281.251 -100.162
93 184.978 6.7266 2 281.23 -114.608
94 194.978 6.7266 2 281.565 -129.812
95 204.978 6.7266 2 282.254 -127.627
96 214.978 6.7266 2 283.295 -129.37
97 224.978 6.7266 2 284.683 -134.987
98 234.978 6.7266 2 286.414 -135.824
99 244.978 6.7266 2 288.481 -131.46
100 254.978 6.7266 2 290.878 -129.495
101 264.978 6.7266 2 293.596 -121.279
102 274.978 6.7266 2 296.626 -114.69
103 284.978 6.7266 2 299.959 -104.161
104 294.978 6.7266 2 303.585 -250
105 304.978 6.7266 2 307.494 -250
106 314.978 6.7266 2 311.674 -250
107 324.978 6.7266 2 316.116 -250
108 334.978 6.7266 2 320.808 -250
109 344.978 6.7266 2 325.74 -250
110 354.978 6.7266 2 330.9 -250
111 364.978 6.7266 2 336.279 -250
112 374.978 6.7266 2 341.865 -250
113 384.978 6.7266 2 347.65 -250
114 394.978 6.7266 2 353.622 -124.355
115 404.978 6.7266 2 359.774 -121.182
116 414.978 6.7266 2 366.095 -105.832
117 424.978 6.7266 2 372.578 -110.171
118 434.978 6.7266 2 379.213 -115.396
119 444.978 6.7266 2 385.994 -250
120 454.978 6.7266 2 392.912 -250
121 464.978 6.7266 2 399.96 -250
122 474.978 6.7266 2 407.132 -125.961
123 484.978 6.7266 2 414.421 -124.543
124 84.9784 16.7266 2 287.755 -89.3332
125 94.9784 16.7266 2 284.59 -89.4129
126 104.978 16.7266 2 281.744 -89.233
127 114.978 16.7266 2 279.228 -88.9668
128 124.978 16.7266 2 277.05 -250
129 134.978 16.7266 2 275.218 -89.3612
130 144.978 16.7266 2 273.74 -88.8666
131 154.978 16.7266 2 272.621 -119.742
132 164.978 16.7266 2 271.865 -116.602
133 174.978 16.7266 2 271.476 -103.156
134 184.978 16.7266 2 271.455 -110.009
135 194.978 16.7266 2 271.802 -250
136 204.978 16.7266 2 272.515 -250
137 214.978 16.7266 2 273.593 -250
138 224.978 16.7266 2 275.03 -250
139 234.978 16.7266 2 276.821 -250
140 244.978 16.7266 2 278.96 -250
141 254.978 16.7266 2 281.437 -250
142 264.978 16.7266 2 284.245 -118.349
143 274.978 16.7266 2 287.374 -113.552
144 284.978 16.7266 2 290.813 -112.683
145 294.978 16.7266 2 294.552 -250
146 304.978 16.7266 2 298.579 -250
147 314.978 16.7266 2 302.883 -250
148 324.978 16.7266 2 307.451 -117.819
149 334.978 16.7266 2 312.274 -113.223
150 344.978 16.7266 2 317.338 -250
151 354.978 16.7266 2 322.633 -250
152 364.978 16.7266 2 328.147 -250
153 374.978 16.7266 2 333.869 -250
154 384.978 16.7266 2 339.79 -131.71
155 394.978 16.7266 2 345.898 -129.711
156 404.978 16.7266 2 352.185 -112.518
157 414.978 16.7266 2 358.64 -136.538
158 424.978 16.7266 2 365.255 -114.243
159 434.978 16.7266 2 372.021 -110.023
160 444.978 16.7266 2 378.93 -250
161 454.978 16.7266 2 385.975 -250
162 464.978 16.7266 2 393.148 -250
163 474.978 16.7266 2 400.442 -129.95
164 484.978 16.7266 2 407.851 -123.053
165 84.9784 26.7266 2 278.567 -89.8889
166 94.9784 26.7266 2 275.297 -90.0812
167 104.978 26.7266 2 272.354 -89.5322
168 114.978 26.7266 2 269.75 -89.0682
169 124.978 26.7266 2 267.495 -85.6974
170 134.978 26.7266 2 265.598 -88.6702
171 144.978 26.7266 2 264.066 -88.221
172 154.978 26.7266 2 262.905 -137.402
173 164.978 26.7266 2 262.121 -138.751
174 174.978 26.7266 2 261.718 -117.651
175 184.978 26.7266 2 261.696 -121.087
176 194.978 26.7266 2 262.056 -250
177 204.978 26.7266 2 262.796 -250
178 214.978 26.7266 2 263.913 -250
179 224.978 26.7266 2 265.403 -250
180 234.978 26.7266 2 267.258 -250
181 244.978 26.7266 2 269.473 -250
182 254.978 26.7266 2 272.037 -250
183 264.978 26.7266 2 274.941 -112.515
184 274.978 26.7266 2 278.174 -107.071
185 284.978 26.7266 2 281.726 -113.521
186 294.978 26.7266 2 285.583 -250
187 304.978 26.7266 2 289.735 -250
188 314.978 26.7266 2 294.168 -103.245
189 324.978 26.7266 2 298.87 -110.473
190 334.978 26.7266 2 303.829 -98.346
191 344.978 26.7266 2 309.031 -101.53
192 354.978 26.7266 2 314.466 -104.005
193 364.978 26.7266 2 320.121 -250
194 374.978 26.7266 2 325.984 -250
195 384.978 26.7266 2 332.046 -129.73
196 394.978 26.7266 2 338.294 -117.427
197 404.978 26.7266 2 344.719 -114.049
198 414.978 26.7266 2 351.311 -114.65
199 424.978 26.7266 2 358.062 -112.62
200 434.978 26.7266 2 364.961 -107.665
201 444.978 26.7266 2 372.002 -109.49
202 454.978 26.7266 2 379.175 -250
203 464.978 26.7266 2 386.474 -250
204 474.978 26.7266 2 393.892 -130.409
205 484.978 26.7266 2 401.421 -125.234
206 84.9784 36.7266 2 269.438 -88.7146
207 94.9784 36.7266 2 266.055 -89.4246
208 104.978 36.7266 2 263.009 -89.4061
209 114.978 36.7266 2 260.312 -88.9809
210 124.978 36.7266 2 257.974 -86.3343
211 134.978 36.7266 2 256.006 -88.4049
212 144.978 36.7266 2 254.416 -87.4712
213 154.978 36.7266 2 253.212 -113.532
214 164.978 36.7266 2 252.398 -129.399
215 174.978 36.7266 2 251.978 -136.819
216 184.978 36.7266 2 251.956 -137.844
217 194.978 36.7266 2 252.329 -124.639
218 204.978 36.7266 2 253.098 -134.435
219 214.978 36.7266 2 254.258 -106.447
220 224.978 36.7266 2 255.804 -250
221 234.978 36.7266 2 257.729 -250
222 244.978 36.7266 2 260.024 -250
223 254.978 36.7266 2 262.68 -250
224 264.978 36.7266 2 265.687 -104.112
225 274.978 36.7266 2 269.032 -103.837
226 284.978 36.7266 2 272.702 -103.634
227 294.978 36.7266 2 276.686 -250
228 304.978 36.7266 2 280.969 -250
229 314.978 36.7266 2 285.538 -109.32
230 324.978 36.7266 2 290.38 -98.7274
231 334.978 36.7266 2 295.481 -108.084
232 344.978 36.7266 2 300.828 -95.0866
233 354.978 36.7266 2 306.408 -111.518
234 364.978 36.7266 2 312.209 -110.801
235 374.978 36.7266 2 318.218 -116.397
236 384.978 36.7266 2 324.425 -250
237 394.978 36.7266 2 330.817 -250
238 404.978 36.7266 2 337.384 -112.609
239 414.978 36.7266 2 344.117 -120.941
240 424.978 36.7266 2 351.006 -112.688
241 434.978 36.7266 2 358.041 -109.06
242 444.978 36.7266 2 365.215 -115.598
243 454.978 36.7266 2 372.519 -250
244 464.978 36.7266 2 379.946 -250
245 474.978 36.7266 2 387.489 -120.676
246 484.978 36.7266 2 395.141 -125.184
247 84.9784 46.7266 2 260.372 -88.7935
248 94.9784 46.7266 2 256.87 -90.4237
249 104.978 46.7266 2 253.714 -90.4433
250 114.978 46.7266 2 250.917 -88.2376
251 124.978 46.7266 2 248.491 -88.044
252 134.978 46.7266 2 246.447 -86.9837
253 144.978 46.7266 2 244.795 -87.6565
254 154.978 46.7266 2 243.543 -250
255 164.978 46.7266 2 242.697 -250
256 174.978 46.7266 2 242.261 -250
257 184.978 46.7266 2 242.237 -250
258 194.978 46.7266 2 242.626 -250
259 204.978 46.7266 2 243.425 -100.943
260 214.978 46.7266 2 244.631 -104.594
261 224.978 46.7266 2 246.237 -97.2548
262 234.978 46.7266 2 248.236 -91.3888
263 244.978 46.7266 2 250.618 -98.1488
264 254.978 46.7266 2 253.373 -90.9791
265 264.978 46.7266 2 256.489 -93.803
266 274.978 46.7266 2 259.952 -104.963
267 284.978 46.7266 2 263.749 -104.544
268 294.978 46.7266 2 267.866 -250
269 304.978 46.7266 2 272.287 -250
270 314.978 46.7266 2 277 -250
271 324.978 46.7266 2 281.988 -250
272 334.978 46.7266 2 287.238 -250
273 344.978 46.7266 2 292.736 -250
274 354.978 46.7266 2 298.468 -250
275 364.978 46.7266 2 304.42 -121.977
276 374.978 46.7266 2 310.58 -117.167
277 384.978 46.7266 2 316.936 -250
278 394.978 46.7266 2 323.476 -250
279 404.978 46.7266 2 330.19 -131.374
280 414.978 46.7266 2 337.066 -118.936
281 424.978 46.7266 2 344.096 -119.053
282 434.978 46.7266 2 351.27 -120.97
283 444.978 46.7266 2 358.579 -129.331
284 454.978 46.7266 2 366.016 -250
285 464.978 46.7266 2 373.572 -250
286 474.978 46.7266 2 381.241 -138.425
287 484.978 46.7266 2 389.016 -118.497
288 84.9784 56.7266 2 251.378 -88.6763
289 94.9784 56.7266 2 247.749 -104.463
290 104.978 56.7266 2 244.475 -104.468
291 114.978 56.7266 2 241.57 -99.1662
292 124.978 56.7266 2 239.05 -95.62
293 134.978 56.7266 2 236.925 -86.5678
294 144.978 56.7266 2 235.206 -86.7203
295 154.978 56.7266 2 233.902 -250
296 164.978 56.7266 2 233.021 -250
297 174.978 56.7266 2 232.567 -250
298 184.978 56.7266 2 232.542 -250
299 194.978 56.7266 2 232.947 -250
300 204.978 56.7266 2 233.779 -104.269
301 214.978 56.7266 2 235.034 -97.5027
302 224.978 56.7266 2 236.706 -114.738
303 234.978 56.7266 2 238.785 -98.9797
304 244.978 56.7266 2 241.26 -98.5155
305 254.978 56.7266 2 244.121 -95.2285
306 264.978 56.7266 2 247.353 -92.8844
307 274.978 56.7266 2 250.942 -93.1496
308 284.978 56.7266 2 254.873 -106.26
309 294.978 56.7266 2 259.131 -250
310 304.978 56.7266 2 263.7 -250
311 314.978 56.7266 2 268.563 -250
312 324.978 56.7266 2 273.705 -250
313 334.978 56.7266 2 279.111 -250
314 344.978 56.7266 2 284.766 -250
315 354.978 56.7266 2 290.654 -250
316 364.978 56.7266 2 296.763 -103.879
317 374.978 56.7266 2 303.079 -102.502
318 384.978 56.7266 2 309.589 -250
319 394.978 56.7266 2 316.281 -250
320 404.978 56.7266 2 323.144 -112.392
321 414.978 56.7266 2 330.168 -122.812
322 424.978 56.7266 2 337.341 -127.578
323 434.978 56.7266 2 344.656 -119.397
324 444.978 56.7266 2 352.103 -118.746
325 454.978 56.7266 2 359.673 -250
326 464.978 56.7266 2 367.36 -250
327 474.978 56.7266 2 375.156 -136.522
328 484.978 56.7266 2 383.054 -132.094
329 84.9784 66.7266 2 242.462 -87.7623
330 94.9784 66.7266 2 238.697 -107.215
331 104.978 66.7266 2 235.297 -111.348
332 114.978 66.7266 2 232.279 -110.034
333 124.978 66.7266 2 229.656 -106.94
334 134.978 66.7266 2 227.443 -81.9347
335 144.978 66.7266 2 225.652 -86.5649
336 154.978 66.7266 2 224.293 -123.642
337 164.978 66.7266 2 223.374 -118.302
338 174.978 66.7266 2 222.9 -109.172
339 184.978 66.7266 2 222.874 -84.2233
340 194.978 66.7266 2 223.296 -105.979
341 204.978 66.7266 2 224.164 -109.447
342 214.978 66.7266 2 225.473 -116.858
343 224.978 66.7266 2 227.215 -98.107
344 234.978 66.7266 2 229.38 -98.6924
345 244.978 66.7266 2 231.956 -108.482
346 254.978 66.7266 2 234.93 -100.895
347 264.978 66.7266 2 238.287 -95.3564
348 274.978 66.7266 2 242.01 -92.7792
349 284.978 66.7266 2 246.084 -99.0704
350 294.978 66.7266 2 250.492 -103.95
351 304.978 66.7266 2 255.215 -96.3573
352 314.978 66.7266 2 260.236 -87.5768
353 324.978 66.7266 2 265.54 -86.6903
354 334.978 66.7266 2 271.109 -89.368
355 344.978 66.7266 2 276.927 -94.7073
356 354.978 66.7266 2 282.979 -94.9366
357 364.978 66.7266 2 289.25 -120.352
358 374.978 66.7266 2 295.726 -114.008
359 384.978 66.7266 2 302.394 -111.239
360 394.978 66.7266 2 309.242 -116.092
361 404.978 66.7266 2 316.258 -122.202
362 414.978 66.7266 2 323.431 -114.932
363 424.978 66.7266 2 330.751 -140.96
364 434.978 66.7266 2 338.208 -143.889
365 444.978 66.7266 2 345.794 -117.468
366 454.978 66.7266 2 353.499 -112.895
367 464.978 66.7266 2 361.317 -126.901
368 474.978 66.7266 2 369.241 -125.177
369 484.978 66.7266 2 377.263 -123.592
370 84.9784 76.7266 2 233.634 -87.9647
371 94.9784 76.7266 2 229.725 -110.202
372 104.978 76.7266 2 226.19 -127.875
373 114.978 76.7266 2 223.048 -120.879
374 124.978 76.7266 2 220.315 -94.6114
375 134.978 76.7266 2 218.008 -110.327
376 144.978 76.7266 2 216.138 -91.6018
377 154.978 76.7266 2 214.719 -115.305
378 164.978 76.7266 2 213.759 -114.327
379 174.978 76.7266 2 213.263 -116.416
380 184.978 76.7266 2 213.236 -84.2803
381 194.978 76.7266 2 213.678 -103.356
382 204.978 76.7266 2 214.585 -111.351
383 214.978 76.7266 2 215.952 -104.17
384 224.978 76.7266 2 217.77 -96.7576
385 234.978 76.7266 2 220.028 -102.684
386 244.978 76.7266 2 222.712 -109.636
387 254.978 76.7266 2 225.808 -124.832
388 264.978 76.7266 2 229.298 -99.6172
389 274.978 76.7266 2 233.165 -95.2134
390 284.978 76.7266 2 237.391 -94.0421
391 294.978 76.7266 2 241.957 -105.187
392 304.978 76.7266 2 246.843 -86.6123
393 314.978 76.7266 2 252.032 -88.4533
394 324.978 76.7266 2 257.504 -87.9205
395 334.978 76.7266 2 263.243 -85.9736
396 344.978 76.7266 2 269.231 -92.346
397 354.978 76.7266 2 275.452 -94.1081
398 364.978 76.7266 2 281.891 -91.8564
399 374.978 76.7266 2 288.532 -107.953
400 384.978 76.7266 2 295.363 -115.404
401 394.978 76.7266 2 302.37 -113.449
402 404.978 76.7266 2 309.542 -120.897
403 414.978 76.7266 2 316.867 -130.831
404 424.978 76.7266 2 324.335 -119.525
405 434.978 76.7266 2 331.936 -125.87
406 444.978 76.7266 2 339.662 -138.538
407 454.978 76.7266 2 347.504 -142.738
408 464.978 76.7266 2 355.454 -152.745
409 474.978 76.7266 2 363.505 -124.378
410 484.978 76.7266 2 371.651 -113.002
411 84.9784 86.7266 2 224.904 -87.2503
412 94.9784 86.7266 2 220.84 -87.4727
413 104.978 86.7266 2 217.161 -250
414 114.978 86.7266 2 213.886 -250
415 124.978 86.7266 2 211.035 -250
416 134.978 86.7266 2 208.625 -95.79
417 144.978 86.7266 2 206.671 -101.237
418 154.978 86.7266 2 205.186 -250
419 164.978 86.7266 2 204.181 -250
420 174.978 86.7266 2 203.662 -250
421 184.978 86.7266 2 203.634 -88.7087
422 194.978 86.7266 2 204.096 -126.52
423 204.978 86.7266 2 205.046 -110.119
424 214.978 86.7266 2 206.476 -101.887
425 224.978 86.7266 2 208.376 -250
426 234.978 86.7266 2 210.735 -250
427 244.978 86.7266 2 213.536 -250
428 254.978 86.7266 2 216.763 -118.71
429 264.978 86.7266 2 220.396 -112.997
430 274.978 86.7266 2 224.417 -98.369
431 284.978 86.7266 2 228.805 -92.4301
432 294.978 86.7266 2 233.538 -83.9836
433 304.978 86.7266 2 238.597 -86.5477
434 314.978 86.7266 2 243.961 -87.7799
435 324.978 86.7266 2 249.611 -88.3664
436 334.978 86.7266 2 255.527 -92.0068
437 344.978 86.7266 2 261.692 -92.8257
438 354.978 86.7266 2 268.088 -95.9596
439 364.978 86.7266 2 274.699 -97.4496
440 374.978 86.7266 2 281.51 -97.3059
441 384.978 86.7266 2 288.507 -250
442 394.978 86.7266 2 295.677 -250
443 404.978 86.7266 2 303.007 -250
444 414.978 86.7266 2 310.486 -113.99
445 424.978 86.7266 2 318.104 -119.837
446 434.978 86.7266 2 325.851 -121.548
447 444.978 86.7266 2 333.717 -250
448 454.978 86.7266 2 341.695 -250
449 464.978 86.7266 2 349.777 -250
450 474.978 86.7266 2 357.956 -126.919
451 484.978 86.7266 2 366.226 -114.705
452 84.9784 96.7266 2 216.284 -86.4153
453 94.9784 96.7266 2 212.055 -87.2982
454 104.978 96.7266 2 208.221 -102.227
455 114.978 96.7266 2 204.803 -105.675
456 124.978 96.7266 2 201.824 -100.888
457 134.978 96.7266 2 199.302 -111.967
458 144.978 96.7266 2 197.256 -117.963
459 154.978 96.7266 2 195.7 -250
460 164.978 96.7266 2 194.645 -250
461 174.978 96.7266 2 194.101 -250
462 184.978 96.7266 2 194.072 -84.6853
463 194.978 96.7266 2 194.557 -250
464 204.978 96.7266 2 195.552 -250
465 214.978 96.7266 2 197.051 -250
466 224.978 96.7266 2 199.042 -250
467 234.978 96.7266 2 201.51 -250
468 244.978 96.7266 2 204.437 -250
469 254.978 96.7266 2 207.806 -250
470 264.978 96.7266 2 211.593 -250
471 274.978 96.7266 2 215.778 -111.506
472 284.978 96.7266 2 220.337 -94.5723
473 294.978 96.7266 2 225.249 -88.9357
474 304.978 96.7266 2 230.49 -88.3504
475 314.978 96.7266 2 236.038 -89.1611
476 324.978 96.7266 2 241.873 -85.2404
477 334.978 96.7266 2 247.974 -95.6937
478 344.978 96.7266 2 254.322 -97.0085
479 354.978 96.7266 2 260.898 -94.9129
480 364.978 96.7266 2 267.687 -96.727
481 374.978 96.7266 2 274.672 -96.2891
482 384.978 96.7266 2 281.839 -250
483 394.978 96.7266 2 289.174 -250
484 404.978 96.7266 2 296.665 -250
485 414.978 96.7266 2 304.301 -126.314
486 424.978 96.7266 2 312.069 -124.499
487 434.978 96.7266 2 319.962 -130.007
488 444.978 96.7266 2 327.97 -250
489 454.978 96.7266 2 336.084 -250
490 464.978 96.7266 2 344.298 -250
491 474.978 96.7266 2 352.604 -112.099
492 484.978 96.7266 2 360.996 -118.852
493 84.9784 106.727 2 207.788 -86.3175
494 94.9784 106.727 2 203.382 -86.824
495 104.978 106.727 2 199.381 -98.4734
496 114.978 106.727 2 195.81 -105.406
497 124.978 106.727 2 192.691 -111.27
498 134.978 106.727 2 190.048 -122.991
499 144.978 106.727 2 187.901 -113.447
500 154.978 106.727 2 186.267 -250
501 164.978 106.727 2 185.159 -250
502 174.978 106.727 2 184.587 -250
503 184.978 106.727 2 184.556 -84.9663
504 194.978 106.727 2 185.066 -250
505 204.978 106.727 2 186.112 -250
506 214.978 106.727 2 187.686 -250
507 224.978 106.727 2 189.775 -250
508 234.978 106.727 2 192.362 -250
509 244.978 106.727 2 195.427 -250
510 254.978 106.727 2 198.948 -250
511 264.978 106.727 2 202.901 -250
512 274.978 106.727 2 207.261 -118.603
513 284.978 106.727 2 212.004 -84.1665
514 294.978 106.727 2 217.104 -85.0486
515 304.978 106.727 2 222.537 -86.8847
516 314.978 106.727 2 228.278 -85.5442
517 324.978 106.727 2 234.306 -113.576
518 334.978 106.727 2 240.599 -109.525
519 344.978 106.727 2 247.137 -105.42
520 354.978 106.727 2 253.9 -106.265
521 364.978 106.727 2 260.871 -99.8511
522 374.978 106.727 2 268.033 -101.44
523 384.978 106.727 2 275.373 -250
524 394.978 106.727 2 282.876 -250
525 404.978 106.727 2 290.529 -250
526 414.978 106.727 2 298.322 -128.655
527 424.978 106.727 2 306.242 -127.97
528 434.978 106.727 2 314.281 -119.549
529 444.978 106.727 2 322.43 -250
530 454.978 106.727 2 330.681 -250
531 464.978 106.727 2 339.025 -250
532 474.978 106.727 2 347.458 -117.859
533 484.978 106.727 2 355.971 -112.762
534 84.9784 116.727 2 199.432 -86.5185
535 94.9784 116.727 2 194.837 -86.8078
536 104.978 116.727 2 190.657 -111.935
537 114.978 116.727 2 186.918 -250
538 124.978 116.727 2 183.649 -250
539 134.978 116.727 2 180.874 -250
540 144.978 116.727 2 178.617 -250
541 154.978 116.727 2 176.896 -250
542 164.978 116.727 2 175.729 -250
543 174.978 116.727 2 175.127 -250
544 184.978 116.727 2 175.094 -82.3536
545 194.978 116.727 2 175.631 -250
546 204.978 116.727 2 176.734 -250
547 214.978 116.727 2 178.391 -250
548 224.978 116.727 2 180.587 -250
549 234.978 116.727 2 183.304 -250
550 244.978 116.727 2 186.517 -250
551 254.978 116.727 2 190.203 -250
552 264.978 116.727 2 194.334 -250
553 274.978 116.727 2 198.882 -103.566
554 284.978 116.727 2 203.82 -86.3111
555 294.978 116.727 2 209.12 -85.7967
556 304.978 116.727 2 214.755 -84.0225
557 314.978 116.727 2 220.699 -84.6994
558 324.978 116.727 2 226.928 -250
559 334.978 116.727 2 233.42 -250
560 344.978 116.727 2 240.153 -250
561 354.978 116.727 2 247.107 -250
562 364.978 116.727 2 254.265 -250
563 374.978 116.727 2 261.608 -250
564 384.978 116.727 2 269.123 -250
565 394.978 116.727 2 276.796 -250
566 404.978 116.727 2 284.613 -250
567 414.978 116.727 2 292.563 -250
568 424.978 116.727 2 300.635 -114.349
569 434.978 116.727 2 308.82 -121.718
570 444.978 116.727 2 317.109 -250
571 454.978 116.727 2 325.495 -250
572 464.978 116.727 2 333.969 -250
573 474.978 116.727 2 342.526 -117.527
574 484.978 116.727 2 351.158 -116.947
575 84.9784 126.727 2 191.233 -84.5046
576 94.9784 126.727 2 186.436 -85.5994
577 104.978 126.727 2 182.063 -90.7763
578 114.978 126.727 2 178.144 -250
579 124.978 126.727 2 174.711 -250
580 134.978 126.727 2 171.792 -250
581 144.978 126.727 2 169.413 -250
582 154.978 126.727 2 167.599 -250
583 164.978 126.727 2 166.367 -250
584 174.978 126.727 2 165.73 -250
585 184.978 126.727 2 165.695 -85.9213
586 194.978 126.727 2 166.263 -86.0301
587 204.978 126.727 2 167.427 -83.2204
588 214.978 126.727 2 169.175 -85.0218
589 224.978 126.727 2 171.49 -250
590 234.978 126.727 2 174.348 -250
591 244.978 126.727 2 177.724 -250
592 254.978 126.727 2 181.588 -90.5651
593 264.978 126.727 2 185.91 -92.3067
594 274.978 126.727 2 190.66 -88.509
595 284.978 126.727 2 195.805 -96.1183
596 294.978 126.727 2 201.316 -99.6368
597 304.978 126.727 2 207.163 -85.7465
598 314.978 126.727 2 213.319 -82.5449
599 324.978 126.727 2 219.758 -250
600 334.978 126.727 2 226.455 -250
601 344.978 126.727 2 233.389 -250
602 354.978 126.727 2 240.539 -250
603 364.978 126.727 2 247.886 -250
604 374.978 126.727 2 255.413 -250
605 384.978 126.727 2 263.105 -250
606 394.978 126.727 2 270.948 -250
607 404.978 126.727 2 278.929 -250
608 414.978 126.727 2 287.036 -250
609 424.978 126.727 2 295.26 -120.877
610 434.978 126.727 2 303.59 -129.834
611 444.978 126.727 2 312.018 -250
612 454.978 126.727 2 320.537 -250
613 464.978 126.727 2 329.139 -250
614 474.978 126.727 2 337.818 -124.337
615 484.978 126.727 2 346.568 -114.247
616 84.9784 136.727 2 183.213 -86.303
617 94.9784 136.727 2 178.201 -85.0185
618 104.978 136.727 2 173.62 -81.3892
619 114.978 136.727 2 169.506 -83.0015
620 124.978 136.727 2 165.894 -85.4013
621 134.978 136.727 2 162.817 -250
622 144.978 136.727 2 160.306 -250
623 154.978 136.727 2 158.387 -250
624 164.978 136.727 2 157.082 -250
625 174.978 136.727 2 156.408 -250
626 184.978 136.727 2 156.371 -82.8256
627 194.978 136.727 2 156.972 -82.9659
628 204.978 136.727 2 158.205 -81.5811
629 214.978 136.727 2 160.054 -78.2812
630 224.978 136.727 2 162.498 -250
631 234.978 136.727 2 165.512 -250
632 244.978 136.727 2 169.064 -250
633 254.978 136.727 2 173.122 -91.9082
634 264.978 136.727 2 177.65 -85.773
635 274.978 136.727 2 182.615 -92.4538
636 284.978 136.727 2 187.98 -104.122
637 294.978 136.727 2 193.714 -91.2512
638 304.978 136.727 2 199.784 -86.5842
639 314.978 136.727 2 206.16 -94.1567
640 324.978 136.727 2 212.816 -250
641 334.978 136.727 2 219.725 -250
642 344.978 136.727 2 226.865 -250
643 354.978 136.727 2 234.214 -250
644 364.978 136.727 2 241.753 -250
645 374.978 136.727 2 249.465 -250
646 384.978 136.727 2 257.335 -250
647 394.978 136.727 2 265.349 -250
648 404.978 136.727 2 273.493 -250
649 414.978 136.727 2 281.757 -250
650 424.978 136.727 2 290.13 -117.343
651 434.978 136.727 2 298.603 -120.49
652 444.978 136.727 2 307.168 -250
653 454.978 136.727 2 315.818 -250
654 464.978 136.727 2 324.545 -250
655 474.978 136.727 2 333.343 -116.035
656 484.978 136.727 2 342.208 -107.438
657 84.9784 146.727 2 175.397 -83.6583
658 94.9784 146.727 2 170.154 -84.3452
659 104.978 146.727 2 165.351 -85.3273
660 114.978 146.727 2 161.026 -86.583
661 124.978 146.727 2 157.219 -83.3657
662 134.978 146.727 2 153.969 -82.9236
663 144.978 146.727 2 151.311 -83.6963
664 154.978 146.727 2 149.276 -86.4442
665 164.978 146.727 2 147.891 -83.8169
666 174.978 146.727 2 147.175 -79.8886
667 184.978 146.727 2 147.135 -81.4269
668 194.978 146.727 2 147.775 -84.7254
669 204.978 146.727 2 149.083 -80.5063
670 214.978 146.727 2 151.044 -79.6823
671 224.978 146.727 2 153.632 -85.0341
672 234.978 146.727 2 156.816 -99.8186
673 244.978 146.727 2 160.561 -91.0537
674 254.978 146.727 2 164.828 -100.079
675 264.978 146.727 2 169.578 -93.238
676 274.978 146.727 2 174.772 -97.2651
677 284.978 146.727 2 180.371 -94.1993
678 294.978 146.727 2 186.339 -105.143
679 304.978 146.727 2 192.641 -87.6365
680 314.978 146.727 2 199.246 -106.004
681 324.978 146.727 2 206.125 -98.7511
682 334.978 146.727 2 213.251 -100.176
683 344.978 146.727 2 220.6 -101.477
684 354.978 146.727 2 228.151 -108.457
685 364.978 146.727 2 235.885 -99.5991
686 374.978 146.727 2 243.783 -97.3777
687 384.978 146.727 2 251.83 -96.3004
688 394.978 146.727 2 260.013 -111.884
689 404.978 146.727 2 268.32 -121.77
690 414.978 146.727 2 276.738 -103.043
691 424.978 146.727 2 285.259 -106.794
692 434.978 146.727 2 293.872 -110.055
693 444.978 146.727 2 302.571 -122.04
694 454.978 146.727 2 311.348 -123.164
695 464.978 146.727 2 320.197 -104.661
696 474.978 146.727 2 329.112 -112.182
697 484.978 146.727 2 338.088 -107.524
698 84.9784 156.727 2 167.813 -85.6236
699 94.9784 156.727 2 162.325 -84.1626
700 104.978 156.727 2 157.283 -84.0332
701 114.978 156.727 2 152.73 -85.1918
702 124.978 156.727 2 148.711 -79.752
703 134.978 156.727 2 145.27 -79.6735
704 144.978 156.727 2 142.45 -82.0843
705 154.978 156.727 2 140.287 -87.5246
706 164.978 156.727 2 138.812 -81.906
707 174.978 156.727 2 138.048 -80.108
708 184.978 156.727 2 138.007 -81.271
709 194.978 156.727 2 138.688 -82.5342
710 204.978 156.727 2 140.082 -82.5948
711 214.978 156.727 2 142.166 -85.53
712 224.978 156.727 2 144.913 -87.6138
713 234.978 156.727 2 148.284 -88.6589
714 244.978 156.727 2 152.239 -90.3557
715 254.978 156.727 2 156.733 -97.6326
716 264.978 156.727 2 161.721 -120.776
717 274.978 156.727 2 167.159 -90.5865
718 284.978 156.727 2 173.005 -87.6461
719 294.978 156.727 2 179.218 -93.8031
720 304.978 156.727 2 185.762 -98.9423
721 314.978 156.727 2 192.604 -95.4978
722 324.978 156.727 2 199.711 -98.7458
723 334.978 156.727 2 207.058 -111.772
724 344.978 156.727 2 214.62 -100.864
725 354.978 156.727 2 222.374 -108.767
726 364.978 156.727 2 230.301 -115.06
727 374.978 156.727 2 238.384 -96.7053
728 384.978 156.727 2 246.608 -93.885
729 394.978 156.727 2 254.959 -93.1248
730 404.978 156.727 2 263.425 -113.714
731 414.978 156.727 2 271.994 -107.559
732 424.978 156.727 2 280.659 -109.594
733 434.978 156.727 2 289.41 -116.149
734 444.978 156.727 2 298.239 -111.828
735 454.978 156.727 2 307.14 -117.987
736 464.978 156.727 2 316.107 -126.774
737 474.978 156.727 2 325.134 -119.236
738 484.978 156.727 2 334.216 -113.187
739 84.9784 166.727 2 160.493 -83.219
740 94.9784 166.727 2 154.747 -85.4577
741 104.978 166.727 2 149.449 -83.7767
742 114.978 166.727 2 144.65 -83.8801
743 124.978 166.727 2 140.399 -84.2214
744 134.978 166.727 2 136.75 -81.9781
745 144.978 166.727 2 133.75 -82.0343
746 154.978 166.727 2 131.444 -82.8813
747 164.978 166.727 2 129.869 -85.4039
748 174.978 166.727 2 129.052 -81.6683
749 184.978 166.727 2 129.007 -81.2769
750 194.978 166.727 2 129.736 -81.6607
751 204.978 166.727 2 131.224 -85.9996
752 214.978 166.727 2 133.448 -89.4048
753 224.978 166.727 2 136.37 -250
754 234.978 166.727 2 139.947 -95.9559
755 244.978 166.727 2 144.131 -250
756 254.978 166.727 2 148.87 -250
757 264.978 166.727 2 154.113 -250
758 274.978 166.727 2 159.81 -90.1594
759 284.978 166.727 2 165.915 -88.4702
760 294.978 166.727 2 172.384 -250
761 304.978 166.727 2 179.178 -250
762 314.978 166.727 2 186.261 -250
763 324.978 166.727 2 193.602 -250
764 334.978 166.727 2 201.172 -250
765 344.978 166.727 2 208.946 -250
766 354.978 166.727 2 216.903 -114.192
767 364.978 166.727 2 225.023 -107.119
768 374.978 166.727 2 233.29 -250
769 384.978 166.727 2 241.687 -100.311
770 394.978 166.727 2 250.202 -97.0067
771 404.978 166.727 2 258.823 -101.068
772 414.978 166.727 2 267.541 -103.345
773 424.978 166.727 2 276.345 -99.1452
774 434.978 166.727 2 285.228 -100.562
775 444.978 166.727 2 294.183 -250
776 454.978 166.727 2 303.203 -250
777 464.978 166.727 2 312.283 -250
778 474.978 166.727 2 321.417 -108.307
779 484.978 166.727 2 330.601 -116.679
780 84.9784 176.727 2 153.477 -86.0479
781 94.9784 176.727 2 147.457 -83.6878
782 104.978 176.727 2 141.887 -96.5333
783 114.978 176.727 2 136.823 -93.9701
784 124.978 176.727 2 132.322 -85.1781
785 134.978 176.727 2 128.443 -80.9826
786 144.978 176.727 2 125.244 -81.0156
787 154.978 176.727 2 122.778 -85.4401
788 164.978 176.727 2 121.091 -83.681
789 174.978 176.727 2 120.214 -78.3395
790 184.978 176.727 2 120.166 -79.9278
791 194.978 176.727 2 120.948 -81.9484
792 204.978 176.727 2 122.543 -83.1692
793 214.978 176.727 2 124.921 -76.7476
794 224.978 176.727 2 128.038 -250
795 234.978 176.727 2 131.842 -93.952
796 244.978 176.727 2 136.275 -250
797 254.978 176.727 2 141.277 -250
798 264.978 176.727 2 146.792 -250
799 274.978 176.727 2 152.762 -99.2377
800 284.978 176.727 2 159.137 -85.2387
801 294.978 176.727 2 165.871 -250
802 304.978 176.727 2 172.921 -250
803 314.978 176.727 2 180.25 -250
804 324.978 176.727 2 187.826 -250
805 334.978 176.727 2 195.62 -250
806 344.978 176.727 2 203.607 -250
807 354.978 176.727 2 211.764 -114.188
808 364.978 176.727 2 220.074 -132.083
809 374.978 176.727 2 228.519 -250
810 384.978 176.727 2 237.086 -117.734
811 394.978 176.727 2 245.76 -111.358
812 404.978 176.727 2 254.532 -109.634
813 414.978 176.727 2 263.391 -108.3
814 424.978 176.727 2 272.33 -103.344
815 434.978 176.727 2 281.34 -97.9902
816 444.978 176.727 2 290.414 -250
817 454.978 176.727 2 299.548 -250
818 464.978 176.727 2 308.735 -250
819 474.978 176.727 2 317.972 -145.432
820 484.978 176.727 2 327.253 -113.097
821 84.9784 186.727 2 146.806 -82.1253
822 94.9784 186.727 2 140.501 -82.4538
823 104.978 186.727 2 134.644 -103.378
824 114.978 186.727 2 129.296 -104.606
825 124.978 186.727 2 124.523 -97.0092
826 134.978 186.727 2 120.393 -80.2984
827 144.978 186.727 2 116.974 -87.3849
828 154.978 186.727 2 114.331 -83.0675
829 164.978 186.727 2 112.516 -78.8047
830 174.978 186.727 2 111.573 -78.3961
831 184.978 186.727 2 111.521 -78.2745
832 194.978 186.727 2 112.363 -78.5702
833 204.978 186.727 2 114.078 -82.7341
834 214.978 186.727 2 116.629 -80.3021
835 224.978 186.727 2 119.962 -250
836 234.978 186.727 2 124.013 -89.0531
837 244.978 186.727 2 128.716 -250
838 254.978 186.727 2 134.001 -250
839 264.978 186.727 2 139.803 -250
840 274.978 186.727 2 146.059 -81.8428
841 284.978 186.727 2 152.715 -87.3967
842 294.978 186.727 2 159.719 -80.6473
843 304.978 186.727 2 167.029 -85.0672
844 314.978 186.727 2 174.606 -82.7723
845 324.978 186.727 2 182.416 -82.9966
846 334.978 186.727 2 190.431 -250
847 344.978 186.727 2 198.627 -250
848 354.978 186.727 2 206.981 -250
849 364.978 186.727 2 215.475 -250
850 374.978 186.727 2 224.094 -250
851 384.978 186.727 2 232.823 -130.546
852 394.978 186.727 2 241.651 -118.67
853 404.978 186.727 2 250.566 -109.869
854 414.978 186.727 2 259.561 -107.329
855 424.978 186.727 2 268.627 -102.934
856 434.978 186.727 2 277.757 -104.251
857 444.978 186.727 2 286.945 -250
858 454.978 186.727 2 296.186 -250
859 464.978 186.727 2 305.474 -250
860 474.978 186.727 2 314.806 -130.17
861 484.978 186.727 2 324.178 -134.699
862 84.9784 196.727 2 140.532 -84.6328
863 94.9784 196.727 2 133.931 -84.2325
864 104.978 196.727 2 127.774 -108.531
865 114.978 196.727 2 122.125 -115.508
866 124.978 196.727 2 117.06 -115.158
867 134.978 196.727 2 112.657 -78.4405
868 144.978 196.727 2 108.995 -100.004
869 154.978 196.727 2 106.153 -78.0648
870 164.978 196.727 2 104.197 -79.8885
871 174.978 196.727 2 103.177 -84.3206
872 184.978 196.727 2 103.121 -84.0137
873 194.978 196.727 2 104.031 -79.7404
874 204.978 196.727 2 105.882 -78.6598
875 214.978 196.727 2 108.625 -80.4688
876 224.978 196.727 2 112.196 -250
877 234.978 196.727 2 116.518 -100.993
878 244.978 196.727 2 121.511 -79.6899
879 254.978 196.727 2 127.096 -79.2568
880 264.978 196.727 2 133.198 -78.3014
881 274.978 196.727 2 139.751 -82.5289
882 284.978 196.727 2 146.693 -80.7844
883 294.978 196.727 2 153.972 -83.1527
884 304.978 196.727 2 161.542 -82.2034
885 314.978 196.727 2 169.364 -80.7804
886 324.978 196.727 2 177.405 -90.9315
887 334.978 196.727 2 185.637 -250
888 344.978 196.727 2 194.035 -250
889 354.978 196.727 2 202.579 -101.61
890 364.978 196.727 2 211.25 -98.6679
891 374.978 196.727 2 220.034 -103.681
892 384.978 196.727 2 228.918 -106.916
893 394.978 196.727 2 237.891 -100.689
894 404.978 196.727 2 246.942 -104.237
895 414.978 196.727 2 256.065 -104.272
896 424.978 196.727 2 265.25 -250
897 434.978 196.727 2 274.492 -250
898 444.978 196.727 2 283.786 -250
899 454.978 196.727 2 293.126 -250
900 464.978 196.727 2 302.509 -250
901 474.978 196.727 2 311.929 -137.973
902 484.978 196.727 2 321.385 -126.851
903 84.9784 206.727 2 134.708 -93.2238
904 94.9784 206.727 2 127.807 -101.071
905 104.978 206.727 2 121.339 -133.272
906 114.978 206.727 2 115.376 -250
907 124.978 206.727 2 110 -250
908 134.978 206.727 2 105.302 -80.831
909 144.978 206.727 2 101.376 -75.1972
910 154.978 206.727 2 98.3133 -81.0168
911 164.978 206.727 2 96.1977 -79.2818
912 174.978 206.727 2 95.0919 -76.375
913 184.978 206.727 2 95.0313 -76.3279
914 194.978 206.727 2 96.0179 -78.4716
915 204.978 206.727 2 98.02 -81.4652
916 214.978 206.727 2 100.977 -81.1989
917 224.978 206.727 2 104.809 -79.8393
918 234.978 206.727 2 109.423 -79.2142
919 244.978 206.727 2 114.725 -86.3078
920 254.978 206.727 2 120.625 -81.0736
921 264.978 206.727 2 127.039 -79.7444
922 274.978 206.727 2 133.893 -87.2372
923 284.978 206.727 2 141.123 -82.4808
924 294.978 206.727 2 148.675 -81.4728
925 304.978 206.727 2 156.502 -90.5043
926 314.978 206.727 2 164.564 -95.6599
927 324.978 206.727 2 172.829 -90.3612
928 334.978 206.727 2 181.268 -250
929 344.978 206.727 2 189.86 -250
930 354.978 206.727 2 198.583 -103.321
931 364.978 206.727 2 207.421 -106.335
932 374.978 206.727 2 216.361 -101.989
933 384.978 206.727 2 225.39 -103.582
934 394.978 206.727 2 234.498 -100.998
935 404.978 206.727 2 243.675 -102.982
936 414.978 206.727 2 252.915 -114.379
937 424.978 206.727 2 262.211 -250
938 434.978 206.727 2 271.557 -250
939 444.978 206.727 2 280.947 -250
940 454.978 206.727 2 290.379 -250
941 464.978 206.727 2 299.847 -250
942 474.978 206.727 2 309.349 -127.931
943 484.978 206.727 2 318.882 -122.055
944 84.9784 216.727 2 129.395 -94.299
945 94.9784 216.727 2 122.195 -110.83
946 104.978 216.727 2 115.413 -120.53
947 114.978 216.727 2 109.127 -250
948 124.978 216.727 2 103.427 -250
949 134.978 216.727 2 98.4153 -87.1365
950 144.978 216.727 2 94.2022 -76.3027
951 154.978 216.727 2 90.8984 -76.8454
952 164.978 216.727 2 88.6059 -81.2555
953 174.978 216.727 2 87.4042 -80.8788
954 184.978 216.727 2 87.3383 -80.2116
955 194.978 216.727 2 88.4107 -82.123
956 204.978 216.727 2 90.5811 -75.7398
957 214.978 216.727 2 93.7732 -78.406
958 224.978 216.727 2 97.8872 -83.7346
959 234.978 216.727 2 102.812 -80.4515
960 244.978 216.727 2 108.438 -86.1989
961 254.978 216.727 2 114.662 -88.3034
962 264.978 216.727 2 121.391 -78.7119
963 274.978 216.727 2 128.547 -81.986
964 284.978 216.727 2 136.062 -79.0275
965 294.978 216.727 2 143.879 -250
966 304.978 216.727 2 151.953 -250
967 314.978 216.727 2 160.244 -250
968 324.978 216.727 2 168.721 -250
969 334.978 216.727 2 177.356 -250
970 344.978 216.727 2 186.128 -250
971 354.978 216.727 2 195.018 -94.5766
972 364.978 216.727 2 204.011 -94.7505
973 374.978 216.727 2 213.094 -98.95
974 384.978 216.727 2 222.256 -105.466
975 394.978 216.727 2 231.487 -103.583
976 404.978 216.727 2 240.779 -99.2339
977 414.978 216.727 2 250.126 -99.5526
978 424.978 216.727 2 259.522 -250
979 434.978 216.727 2 268.961 -250
980 444.978 216.727 2 278.439 -250
981 454.978 216.727 2 287.953 -250
982 464.978 216.727 2 297.499 -250
983 474.978 216.727 2 307.073 -127.985
984 484.978 216.727 2 316.674 -134.889
985 84.9784 226.727 2 124.66 -83.4931
986 94.9784 226.727 2 117.169 -109.471
987 104.978 226.727 2 110.078 -250
988 114.978 226.727 2 103.468 -250
989 124.978 226.727 2 97.4377 -250
990 134.978 226.727 2 92.1009 -79.3638
991 144.978 226.727 2 87.5846 -76.7248
992 154.978 226.727 2 84.0211 -83.8529
993 164.978 226.727 2 81.5354 -76.0275
994 174.978 226.727 2 80.2279 -82.9866
995 184.978 226.727 2 80.1561 -83.3137
996 194.978 226.727 2 81.3233 -76.3923
997 204.978 226.727 2 83.6777 -83.2851
998 214.978 226.727 2 87.1231 -78.9072
999 224.978 226.727 2 91.5365 -79.1279
1000 234.978 226.727 2 96.7854 -81.4894
1001 244.978 226.727 2 102.742 -84.9512
1002 254.978 226.727 2 109.29 -87.351
1003 264.978 226.727 2 116.331 -80.002
1004 274.978 226.727 2 123.779 -86.0587
1005 284.978 226.727 2 131.567 -90.9418
1006 294.978 226.727 2 139.636 -250
1007 304.978 226.727 2 147.942 -250
1008 314.978 226.727 2 156.446 -250
1009 324.978 226.727 2 165.117 -250
1010 334.978 226.727 2 173.932 -250
1011 344.978 226.727 2 182.868 -250
1012 354.978 226.727 2 191.909 -92.6664
1013 364.978 226.727 2 201.041 -93.248
1014 374.978 226.727 2 210.253 -105.566
1015 384.978 226.727 2 219.533 -111.098
1016 394.978 226.727 2 228.874 -96.2964
1017 404.978 226.727 2 238.268 -104.804
1018 414.978 226.727 2 247.71 -88.5992
1019 424.978 226.727 2 257.194 -250
1020 434.978 226.727 2 266.715 -250
1021 444.978 226.727 2 276.271 -250
1022 454.978 226.727 2 285.857 -250
1023 464.978 226.727 2 295.47 -250
1024 474.978 226.727 2 305.108 -127.792
1025 484.978 226.727 2 314.769 -125.737
1026 84.9784 236.727 2 120.57 -80.1429
1027 94.9784 236.727 2 112.808 -79.3423
1028 104.978 236.727 2 105.424 -75.5134
1029 114.978 236.727 2 98.502 -83.0256
1030 124.978 236.727 2 92.1473 -250
1031 134.978 236.727 2 86.4847 -75.6725
1032 144.978 236.727 2 81.6583 -75.6837
1033 154.978 236.727 2 77.8239 -76.5072
1034 164.978 236.727 2 75.1335 -74.1268
1035 174.978 236.727 2 73.7125 -83.2086
1036 184.978 236.727 2 73.6343 -83.1047
1037 194.978 236.727 2 74.9032 -75.1079
1038 204.978 236.727 2 77.4531 -79.5832
1039 214.978 236.727 2 81.1632 -77.3711
1040 224.978 236.727 2 85.8833 -75.5127
1041 234.978 236.727 2 91.4572 -78.479
1042 244.978 236.727 2 97.739 -81.5608
1043 254.978 236.727 2 104.601 -77.9085
1044 264.978 236.727 2 111.937 -78.4695
1045 274.978 236.727 2 119.659 -79.4537
1046 284.978 236.727 2 127.698 -81.2432
1047 294.978 236.727 2 135.997 -250
1048 304.978 236.727 2 144.512 -250
1049 314.978 236.727 2 153.207 -250
1050 324.978 236.727 2 162.052 -250
1051 334.978 236.727 2 171.024 -250
1052 344.978 236.727 2 180.105 -250
1053 354.978 236.727 2 189.278 -100.65
1054 364.978 236.727 2 198.531 -109.985
1055 374.978 236.727 2 207.854 -93.3832
1056 384.978 236.727 2 217.236 -88.8098
1057 394.978 236.727 2 226.672 -85.6776
1058 404.978 236.727 2 236.154 -89.6302
1059 414.978 236.727 2 245.677 -250
1060 424.978 236.727 2 255.236 -250
1061 434.978 236.727 2 264.828 -250
1062 444.978 236.727 2 274.45 -250
1063 454.978 236.727 2 284.097 -250
1064 464.978 236.727 2 293.768 -250
1065 474.978 236.727 2 303.46 -114.827
1066 484.978 236.727 2 313.172 -121.234
1067 84.9784 246.727 2 117.193 -81.8751
1068 94.9784 246.727 2 109.191 -81.8113
1069 104.978 246.727 2 101.544 -81.0963
1070 114.978 246.727 2 94.338 -79.6572
1071 124.978 246.727 2 87.682 -86.6197
1072 134.978 246.727 2 81.7106 -75.1049
1073 144.978 246.727 2 76.5839 -83.6194
1074 154.978 246.727 2 72.4816 -73.9772
1075 164.978 246.727 2 69.585 -73.22
1076 174.978 246.727 2 68.0481 -82.176
1077 184.978 246.727 2 67.9634 -81.9319
1078 194.978 246.727 2 69.3362 -73.786
1079 204.978 246.727 2 72.0832 -74.4717
1080 214.978 246.727 2 76.0557 -75.9503
1081 224.978 246.727 2 81.0738 -78.0423
1082 234.978 246.727 2 86.9565 -78.6078
1083 244.978 246.727 2 93.541 -79.1268
1084 254.978 246.727 2 100.69 -77.6649
1085 264.978 246.727 2 108.291 -83.6432
1086 274.978 246.727 2 116.256 -83.6409
1087 284.978 246.727 2 124.514 -83.1042
1088 294.978 246.727 2 133.013 -83.0227
1089 304.978 246.727 2 141.707 -82.879
1090 314.978 246.727 2 150.563 -85.6797
1091 324.978 246.727 2 159.555 -77.8812
1092 334.978 246.727 2 168.66 -80.4004
1093 344.978 246.727 2 177.862 -82.2143
1094 354.978 246.727 2 187.145 -79.6653
1095 364.978 246.727 2 196.499 -81.5142
1096 374.978 246.727 2 205.913 -86.1281
1097 384.978 246.727 2 215.38 -85.6475
1098 394.978 246.727 2 224.894 -88.7536
1099 404.978 246.727 2 234.448 -87.7102
1100 414.978 246.727 2 244.037 -88.801
1101 424.978 246.727 2 253.658 -90.2417
1102 434.978 246.727 2 263.308 -93.889
1103 444.978 246.727 2 272.983 -85.707
1104 454.978 246.727 2 282.68 -82.8543
1105 464.978 246.727 2 292.398 -82.4554
1106 474.978 246.727 2 302.134 -84.2363
1107 484.978 246.727 2 311.887 -95.2303
1108 84.9784 256.727 2 114.592 -82.7955
1109 94.9784 256.727 2 106.394 -78.0336
1110 104.978 256.727 2 98.5302 -79.6044
1111 114.978 256.727 2 91.0861 -86.405
1112 124.978 256.727 2 84.1734 -111.042
1113 134.978 256.727 2 77.9335 -116.587
1114 144.978 256.727 2 72.5405 -112.65
1115 154.978 256.727 2 68.1953 -118.235
1116 164.978 256.727 2 65.1082 -109.977
1117 174.978 256.727 2 63.4631 -76.2839
1118 184.978 256.727 2 63.3723 -84.5116
1119 194.978 256.727 2 64.8424 -73.6758
1120 204.978 256.727 2 67.7718 -77.5901
1121 214.978 256.727 2 71.9826 -74.5511
1122 224.978 256.727 2 77.2656 -80.9871
1123 234.978 256.727 2 83.4174 -78.7824
1124 244.978 256.727 2 90.2604 -75.7311
1125 254.978 256.727 2 97.6495 -112.72
1126 264.978 256.727 2 105.47 -99.5376
1127 274.978 256.727 2 113.633 -97.761
1128 284.978 256.727 2 122.069 -98.8898
1129 294.978 256.727 2 130.726 -100.705
1130 304.978 256.727 2 139.563 -81.8212
1131 314.978 256.727 2 148.547 -80.4746
1132 324.978 256.727 2 157.654 -90.6818
1133 334.978 256.727 2 166.863 -93.8872
1134 344.978 256.727 2 176.158 -90.5907
1135 354.978 256.727 2 185.527 -85.462
1136 364.978 256.727 2 194.958 -90.1156
1137 374.978 256.727 2 204.444 -83.3161
1138 384.978 256.727 2 213.976 -85.054
1139 394.978 256.727 2 223.549 -87.9506
1140 404.978 256.727 2 233.158 -89.5173
1141 414.978 256.727 2 242.799 -95.4828
1142 424.978 256.727 2 252.467 -89.2494
1143 434.978 256.727 2 262.16 -89.3753
1144 444.978 256.727 2 271.876 -90.7615
1145 454.978 256.727 2 281.612 -92.4218
1146 464.978 256.727 2 291.365 -96.9211
1147 474.978 256.727 2 301.135 -101.905
1148 484.978 256.727 2 310.919 -98.7723
1149 84.9784 266.727 2 112.82 -79.042
1150 94.9784 266.727 2 104.483 -78.8409
1151 104.978 266.727 2 96.4635 -80.7203
1152 114.978 266.727 2 88.8464 -86.0382
1153 124.978 266.727 2 81.7446 -106.786
1154 134.978 266.727 2 75.3038 -250
1155 144.978 266.727 2 69.7075 -250
1156 154.978 266.727 2 65.1738 -250
1157 164.978 266.727 2 61.9363 -250
1158 174.978 266.727 2 60.2045 -71.9566
1159 184.978 266.727 2 60.1088 -71.7251
1160 194.978 266.727 2 61.6567 -75.0486
1161 204.978 266.727 2 64.7305 -72.7037
1162 214.978 266.727 2 69.1268 -73.8546
1163 224.978 266.727 2 74.6123 -76.1371
1164 234.978 266.727 2 80.9659 -77.2764
1165 244.978 266.727 2 87.9998 -250
1166 254.978 266.727 2 95.5638 -250
1167 264.978 266.727 2 103.542 -250
1168 274.978 266.727 2 111.845 -90.7752
1169 284.978 266.727 2 120.407 -88.1391
1170 294.978 266.727 2 129.176 -250
1171 304.978 266.727 2 138.112 -250
1172 314.978 266.727 2 147.185 -250
1173 324.978 266.727 2 156.371 -250
1174 334.978 266.727 2 165.651 -250
1175 344.978 266.727 2 175.011 -250
1176 354.978 266.727 2 184.438 -250
1177 364.978 266.727 2 193.922 -250
1178 374.978 266.727 2 203.456 -250
1179 384.978 266.727 2 213.032 -250
1180 394.978 266.727 2 222.646 -250
1181 404.978 266.727 2 232.292 -250
1182 414.978 266.727 2 241.967 -250
1183 424.978 266.727 2 251.668 -250
1184 434.978 266.727 2 261.391 -250
1185 444.978 266.727 2 271.134 -250
1186 454.978 266.727 2 280.895 -250
1187 464.978 266.727 2 290.673 -250
1188 474.978 266.727 2 300.465 -116.082
1189 484.978 266.727 2 310.27 -130.682
1190 84.9784 276.727 2 111.916 -78.3212
1191 94.9784 276.727 2 103.507 -82.0223
1192 104.978 276.727 2 95.4056 -76.8298
1193 114.978 276.727 2 87.6967 -85.1026
1194 124.978 276.727 2 80.4934 -110.951
1195 134.978 276.727 2 73.9437 -250
1196 144.978 276.727 2 68.236 -250
1197 154.978 276.727 2 63.5975 -250
1198 164.978 276.727 2 60.2754 -250
1199 174.978 276.727 2 58.4945 -73.5834
1200 184.978 276.727 2 58.3959 -73.1666
1201 194.978 276.727 2 59.9881 -72.4619
1202 204.978 276.727 2 63.1431 -80.1674
1203 214.978 276.727 2 67.6427 -76.1763
1204 224.978 276.727 2 73.2394 -80.8736
1205 234.978 276.727 2 79.7026 -76.4178
1206 244.978 276.727 2 86.8388 -250
1207 254.978 276.727 2 94.4958 -250
1208 264.978 276.727 2 102.557 -250
1209 274.978 276.727 2 110.934 -94.6077
1210 284.978 276.727 2 119.561 -92.3358
1211 294.978 276.727 2 128.388 -250
1212 304.978 276.727 2 137.375 -250
1213 314.978 276.727 2 146.494 -250
1214 324.978 276.727 2 155.72 -250
1215 334.978 276.727 2 165.037 -250
1216 344.978 276.727 2 174.43 -250
1217 354.978 276.727 2 183.887 -250
1218 364.978 276.727 2 193.398 -250
1219 374.978 276.727 2 202.956 -250
1220 384.978 276.727 2 212.555 -250
1221 394.978 276.727 2 222.19 -250
1222 404.978 276.727 2 231.855 -250
1223 414.978 276.727 2 241.547 -250
1224 424.978 276.727 2 251.264 -250
1225 434.978 276.727 2 261.002 -250
1226 444.978 276.727 2 270.759 -250
1227 454.978 276.727 2 280.534 -250
1228 464.978 276.727 2 290.323 -250
1229 474.978 276.727 2 300.127 -114.49
1230 484.978 276.727 2 309.943 -132.737
1231 84.9784 286.727 2 111.903 -78.3698
1232 94.9784 286.727 2 103.493 -82.269
1233 104.978 286.727 2 95.39 -76.9412
1234 114.978 286.727 2 87.6797 -85.0932
1235 124.978 286.727 2 80.4749 -110.842
1236 134.978 286.727 2 73.9236 -250
1237 144.978 286.727 2 68.2142 -250
1238 154.978 286.727 2 63.574 -250
1239 164.978 286.727 2 60.2506 -250
1240 174.978 286.727 2 58.469 -73.1942
1241 184.978 286.727 2 58.3704 -73.1204
1242 194.978 286.727 2 59.9632 -72.3357
1243 204.978 286.727 2 63.1195 -80.1011
1244 214.978 286.727 2 67.6206 -76.4282
1245 224.978 286.727 2 73.2191 -80.9839
1246 234.978 286.727 2 79.6838 -77.4615
1247 244.978 286.727 2 86.8216 -250
1248 254.978 286.727 2 94.48 -250
1249 264.978 286.727 2 102.542 -250
1250 274.978 286.727 2 110.921 -94.5672
1251 284.978 286.727 2 119.549 -91.8392
1252 294.978 286.727 2 128.376 -250
1253 304.978 286.727 2 137.364 -250
1254 314.978 286.727 2 146.483 -250
1255 324.978 286.727 2 155.711 -250
1256 334.978 286.727 2 165.028 -250
1257 344.978 286.727 2 174.421 -250
1258 354.978 286.727 2 183.878 -250
1259 364.978 286.727 2 193.39 -250
1260 374.978 286.727 2 202.949 -250
1261 384.978 286.727 2 212.548 -250
1262 394.978 286.727 2 222.183 -250
1263 404.978 286.727 2 231.848 -250
1264 414.978 286.727 2 241.541 -250
1265 424.978 286.727 2 251.258 -250
1266 434.978 286.727 2 260.996 -250
1267 444.978 286.727 2 270.754 -250
1268 454.978 286.727 2 280.528 -250
1269 464.978 286.727 2 290.318 -250
1270 474.978 286.727 2 300.122 -112.759
1271 484.978 286.727 2 309.938 -114.786
1272 84.9784 296.727 2 112.78 -79.1591
1273 94.9784 296.727 2 104.44 -78.9546
1274 104.978 296.727 2 96.4171 -80.3888
1275 114.978 296.727 2 88.7961 -85.8012
1276 124.978 296.727 2 81.6898 -107.076
1277 134.978 296.727 2 75.2443 -250
1278 144.978 296.727 2 69.6433 -250
1279 154.978 296.727 2 65.1051 -250
1280 164.978 296.727 2 61.864 -250
1281 174.978 296.727 2 60.1302 -71.9406
1282 184.978 296.727 2 60.0343 -71.2902
1283 194.978 296.727 2 61.5841 -76.1778
1284 204.978 296.727 2 64.6613 -72.4507
1285 214.978 296.727 2 69.0621 -73.909
1286 224.978 296.727 2 74.5523 -75.2613
1287 234.978 296.727 2 80.9107 -76.9696
1288 244.978 296.727 2 87.9489 -250
1289 254.978 296.727 2 95.517 -250
1290 264.978 296.727 2 103.499 -250
1291 274.978 296.727 2 111.805 -88.1802
1292 284.978 296.727 2 120.37 -101.661
1293 294.978 296.727 2 129.141 -250
1294 304.978 296.727 2 138.079 -250
1295 314.978 296.727 2 147.154 -250
1296 324.978 296.727 2 156.342 -108.644
1297 334.978 296.727 2 165.624 -102.399
1298 344.978 296.727 2 174.985 -97.5063
1299 354.978 296.727 2 184.413 -95.0077
1300 364.978 296.727 2 193.899 -83.984
1301 374.978 296.727 2 203.434 -91.248
1302 384.978 296.727 2 213.011 -92.205
1303 394.978 296.727 2 222.626 -89.494
1304 404.978 296.727 2 232.273 -96.8981
1305 414.978 296.727 2 241.949 -97.6206
1306 424.978 296.727 2 251.65 -90.4327
1307 434.978 296.727 2 261.374 -250
1308 444.978 296.727 2 271.117 -250
1309 454.978 296.727 2 280.879 -250
1310 464.978 296.727 2 290.657 -250
1311 474.978 296.727 2 300.45 -105.673
1312 484.978 296.727 2 310.256 -106.451
1313 84.9784 306.727 2 114.526 -85.4592
1314 94.9784 306.727 2 106.324 -78.657
1315 104.978 306.727 2 98.4545 -79.0019
1316 114.978 306.727 2 91.0042 -88.4099
1317 124.978 306.727 2 84.0848 -112.201
1318 134.978 306.727 2 77.8378 -250
1319 144.978 306.727 2 72.4376 -250
1320 154.978 306.727 2 68.0859 -250
1321 164.978 306.727 2 64.9937 -250
1322 174.978 306.727 2 63.3456 -79.8606
1323 184.978 306.727 2 63.2546 -82.3681
1324 194.978 306.727 2 64.7273 -73.0338
1325 204.978 306.727 2 67.6617 -77.4932
1326 214.978 306.727 2 71.879 -74.244
1327 224.978 306.727 2 77.1691 -82.1301
1328 234.978 306.727 2 83.328 -77.8163
1329 244.978 306.727 2 90.1778 -250
1330 254.978 306.727 2 97.5731 -250
1331 264.978 306.727 2 105.399 -250
1332 274.978 306.727 2 113.567 -92.5235
1333 284.978 306.727 2 122.008 -100.7
1334 294.978 306.727 2 130.669 -250
1335 304.978 306.727 2 139.51 -250
1336 314.978 306.727 2 148.497 -250
1337 324.978 306.727 2 157.607 -113.433
1338 334.978 306.727 2 166.818 -250
1339 344.978 306.727 2 176.116 -250
1340 354.978 306.727 2 185.487 -250
1341 364.978 306.727 2 194.92 -116.784
1342 374.978 306.727 2 204.407 -250
1343 384.978 306.727 2 213.941 -250
1344 394.978 306.727 2 223.516 -250
1345 404.978 306.727 2 233.126 -250
1346 414.978 306.727 2 242.768 -250
1347 424.978 306.727 2 252.438 -250
1348 434.978 306.727 2 262.132 -250
1349 444.978 306.727 2 271.849 -250
1350 454.978 306.727 2 281.585 -250
1351 464.978 306.727 2 291.339 -250
1352 474.978 306.727 2 301.11 -105.616
1353 484.978 306.727 2 310.895 -118.357
1354 84.9784 316.727 2 117.104 -81.2061
1355 94.9784 316.727 2 109.095 -82.163
1356 104.978 316.727 2 101.441 -80.3002
1357 114.978 316.727 2 94.2273 -85.1214
1358 124.978 316.727 2 87.5629 -86.4029
1359 134.978 316.727 2 81.5828 -250
1360 144.978 316.727 2 76.4476 -250
1361 154.978 316.727 2 72.3375 -250
1362 164.978 316.727 2 69.4348 -250
1363 174.978 316.727 2 67.8946 -79.2089
1364 184.978 316.727 2 67.8097 -77.6149
1365 194.978 316.727 2 69.1856 -74.1129
1366 204.978 316.727 2 71.9383 -73.5349
1367 214.978 316.727 2 75.9184 -75.1454
1368 224.978 316.727 2 80.945 -79.3198
1369 234.978 316.727 2 86.8365 -78.0646
1370 244.978 316.727 2 93.4294 -250
1371 254.978 316.727 2 100.586 -250
1372 264.978 316.727 2 108.194 -250
1373 274.978 316.727 2 116.166 -87.7751
1374 284.978 316.727 2 124.431 -96.7122
1375 294.978 316.727 2 132.934 -250
1376 304.978 316.727 2 141.633 -250
1377 314.978 316.727 2 150.494 -250
1378 324.978 316.727 2 159.49 -101.024
1379 334.978 316.727 2 168.598 -250
1380 344.978 316.727 2 177.803 -250
1381 354.978 316.727 2 187.089 -250
1382 364.978 316.727 2 196.446 -123.034
1383 374.978 316.727 2 205.862 -250
1384 384.978 316.727 2 215.332 -250
1385 394.978 316.727 2 224.847 -250
1386 404.978 316.727 2 234.403 -250
1387 414.978 316.727 2 243.994 -250
1388 424.978 316.727 2 253.617 -250
1389 434.978 316.727 2 263.268 -250
1390 444.978 316.727 2 272.944 -250
1391 454.978 316.727 2 282.643 -250
1392 464.978 316.727 2 292.362 -250
1393 474.978 316.727 2 302.1 -115.452
1394 484.978 316.727 2 311.854 -102.968
1395 84.9784 326.727 2 120.459 -79.6736
1396 94.9784 326.727 2 112.689 -78.8618
1397 104.978 326.727 2 105.296 -76.629
1398 114.978 326.727 2 98.3657 -94.3304
1399 124.978 326.727 2 92.0015 -82.1251
1400 134.978 326.727 2 86.3294 -82.8906
1401 144.978 326.727 2 81.4939 -108.05
1402 154.978 326.727 2 77.6513 -89.1121
1403 164.978 326.727 2 74.9547 -85.581
1404 174.978 326.727 2 73.5302 -81.6822
1405 184.978 326.727 2 73.4519 -80.1422
1406 194.978 326.727 2 74.7239 -75.4671
1407 204.978 326.727 2 77.2796 -81.0523
1408 214.978 326.727 2 80.9977 -78.4547
1409 224.978 326.727 2 85.7269 -74.8337
1410 234.978 326.727 2 91.3104 -78.1528
1411 244.978 326.727 2 97.6016 -82.9313
1412 254.978 326.727 2 104.473 -97.0446
1413 264.978 326.727 2 111.817 -92.9549
1414 274.978 326.727 2 119.547 -89.2555
1415 284.978 326.727 2 127.593 -88.6675
1416 294.978 326.727 2 135.899 -94.0396
1417 304.978 326.727 2 144.419 -84.4048
1418 314.978 326.727 2 153.119 -102.524
1419 324.978 326.727 2 161.969 -91.9994
1420 334.978 326.727 2 170.946 -93.4356
1421 344.978 326.727 2 180.03 -91.3135
1422 354.978 326.727 2 189.207 -103.178
1423 364.978 326.727 2 198.464 -100.482
1424 374.978 326.727 2 207.789 -99.962
1425 384.978 326.727 2 217.175 -103.554
1426 394.978 326.727 2 226.613 -95.2471
1427 404.978 326.727 2 236.097 -96.6414
1428 414.978 326.727 2 245.622 -111.731
1429 424.978 326.727 2 255.184 -107.943
1430 434.978 326.727 2 264.778 -102.762
1431 444.978 326.727 2 274.401 -105.008
1432 454.978 326.727 2 284.05 -100.173
1433 464.978 326.727 2 293.722 -111.092
1434 474.978 326.727 2 303.416 -99.8651
1435 484.978 326.727 2 313.129 -102.971
1436 84.9784 336.727 2 124.529 -83.5727
1437 94.9784 336.727 2 117.029 -81.8647
1438 104.978 336.727 2 109.929 -81.4393
1439 114.978 336.727 2 103.309 -78.5898
1440 124.978 336.727 2 97.2692 -78.2515
1441 134.978 336.727 2 91.9227 -79.934
1442 144.978 336.727 2 87.3972 -90.0411
1443 154.978 336.727 2 83.8257 -78.9049
1444 164.978 336.727 2 81.3341 -77.5938
1445 174.978 336.727 2 80.0232 -79.1179
1446 184.978 336.727 2 79.9512 -81.7612
1447 194.978 336.727 2 81.1214 -77.7909
1448 204.978 336.727 2 83.4815 -80.3715
1449 214.978 336.727 2 86.9347 -77.7282
1450 224.978 336.727 2 91.3571 -78.362
1451 234.978 336.727 2 96.6158 -81.2464
1452 244.978 336.727 2 102.582 -81.8776
1453 254.978 336.727 2 109.14 -77.8742
1454 264.978 336.727 2 116.19 -79.9542
1455 274.978 336.727 2 123.647 -86.3729
1456 284.978 336.727 2 131.442 -85.5506
1457 294.978 336.727 2 139.519 -81.7367
1458 304.978 336.727 2 147.831 -81.4551
1459 314.978 336.727 2 156.341 -82.5662
1460 324.978 336.727 2 165.018 -83.7602
1461 334.978 336.727 2 173.837 -83.7855
1462 344.978 336.727 2 182.778 -84.9718
1463 354.978 336.727 2 191.824 -83.8443
1464 364.978 336.727 2 200.96 -86.9565
1465 374.978 336.727 2 210.175 -85.8617
1466 384.978 336.727 2 219.458 -90.6709
1467 394.978 336.727 2 228.802 -88.3009
1468 404.978 336.727 2 238.199 -85.0048
1469 414.978 336.727 2 247.643 -87.6293
1470 424.978 336.727 2 257.13 -93.3574
1471 434.978 336.727 2 266.654 -85.1651
1472 444.978 336.727 2 276.211 -83.0665
1473 454.978 336.727 2 285.799 -83.986
1474 464.978 336.727 2 295.414 -103.955
1475 474.978 336.727 2 305.054 -84.1306
1476 484.978 336.727 2 314.717 -88.4941
1477 84.9784 346.727 2 129.245 -82.1888
1478 94.9784 346.727 2 122.036 -82.9766
1479 104.978 346.727 2 115.245 -104.19
1480 114.978 346.727 2 108.949 -250
1481 124.978 346.727 2 103.239 -250
1482 134.978 346.727 2 98.2181 -250
1483 144.978 346.727 2 93.9962 -250
1484 154.978 346.727 2 90.685 -250
1485 164.978 346.727 2 88.3869 -250
1486 174.978 346.727 2 87.1822 -250
1487 184.978 346.727 2 87.1161 -77.2241
1488 194.978 346.727 2 88.1913 -87.691
1489 204.978 346.727 2 90.3669 -73.9901
1490 214.978 346.727 2 93.5664 -77.4575
1491 224.978 346.727 2 97.689 -82.865
1492 234.978 346.727 2 102.624 -83.8748
1493 244.978 346.727 2 108.259 -250
1494 254.978 346.727 2 114.493 -250
1495 264.978 346.727 2 121.231 -250
1496 274.978 346.727 2 128.396 -113.276
1497 284.978 346.727 2 135.919 -91.8081
1498 294.978 346.727 2 143.745 -81.1714
1499 304.978 346.727 2 151.826 -87.6171
1500 314.978 346.727 2 160.123 -83.0898
1501 324.978 346.727 2 168.606 -85.8047
1502 334.978 346.727 2 177.247 -83.9798
1503 344.978 346.727 2 186.024 -85.2263
1504 354.978 346.727 2 194.919 -85.6222
1505 364.978 346.727 2 203.916 -88.4677
1506 374.978 346.727 2 213.003 -80.3249
1507 384.978 346.727 2 222.169 -250
1508 394.978 346.727 2 231.403 -250
1509 404.978 346.727 2 240.699 -250
1510 414.978 346.727 2 250.049 -250
1511 424.978 346.727 2 259.447 -250
1512 434.978 346.727 2 268.889 -250
1513 444.978 346.727 2 278.37 -102.147
1514 454.978 346.727 2 287.886 -250
1515 464.978 346.727 2 297.434 -250
1516 474.978 346.727 2 307.01 -106.973
1517 484.978 346.727 2 316.613 -113.518
1518 84.9784 356.727 2 134.541 -81.5663
1519 94.9784 356.727 2 127.632 -100.69
1520 104.978 356.727 2 121.154 -250
1521 114.978 356.727 2 115.182 -250
1522 124.978 356.727 2 109.797 -250
1523 134.978 356.727 2 105.09 -250
1524 144.978 356.727 2 101.155 -250
1525 154.978 356.727 2 98.0856 -250
1526 164.978 356.727 2 95.9649 -250
1527 174.978 356.727 2 94.8565 -250
1528 184.978 356.727 2 94.7957 -77.7638
1529 194.978 356.727 2 95.7847 -77.3149
1530 204.978 356.727 2 97.7916 -84.9903
1531 214.978 356.727 2 100.756 -76.0732
1532 224.978 356.727 2 104.595 -75.3327
1533 234.978 356.727 2 109.218 -85.2783
1534 244.978 356.727 2 114.53 -250
1535 254.978 356.727 2 120.439 -250
1536 264.978 356.727 2 126.862 -250
1537 274.978 356.727 2 133.726 -119.312
1538 284.978 356.727 2 140.965 -102.95
1539 294.978 356.727 2 148.525 -85.1121
1540 304.978 356.727 2 156.359 -81.9044
1541 314.978 356.727 2 164.428 -85.201
1542 324.978 356.727 2 172.699 -83.8145
1543 334.978 356.727 2 181.145 -87.1512
1544 344.978 356.727 2 189.742 -84.9008
1545 354.978 356.727 2 198.47 -86.4888
1546 364.978 356.727 2 207.314 -84.6973
1547 374.978 356.727 2 216.258 -82.4088
1548 384.978 356.727 2 225.291 -84.1178
1549 394.978 356.727 2 234.402 -250
1550 404.978 356.727 2 243.583 -250
1551 414.978 356.727 2 252.827 -250
1552 424.978 356.727 2 262.126 -250
1553 434.978 356.727 2 271.474 -250
1554 444.978 356.727 2 280.868 -111.956
1555 454.978 356.727 2 290.302 -250
1556 464.978 356.727 2 299.773 -250
1557 474.978 356.727 2 309.277 -105.443
1558 484.978 356.727 2 318.811 -103.327
1559 84.9784 366.727 2 140.351 -97.5813
1560 94.9784 366.727 2 133.742 -93.5252
1561 104.978 366.727 2 127.575 -250
1562 114.978 366.727 2 121.918 -250
1563 124.978 366.727 2 116.843 -250
1564 134.978 366.727 2 112.431 -250
1565 144.978 366.727 2 108.763 -250
1566 154.978 366.727 2 105.914 -250
1567 164.978 366.727 2 103.953 -250
1568 174.978 366.727 2 102.931 -250
1569 184.978 366.727 2 102.875 -96.0818
1570 194.978 366.727 2 103.787 -250
1571 204.978 366.727 2 105.642 -250
1572 214.978 366.727 2 108.391 -250
1573 224.978 366.727 2 111.97 -250
1574 234.978 366.727 2 116.3 -250
1575 244.978 366.727 2 121.302 -250
1576 254.978 366.727 2 126.896 -250
1577 264.978 366.727 2 133.008 -250
1578 274.978 366.727 2 139.569 -119.747
1579 284.978 366.727 2 146.52 -104.078
1580 294.978 366.727 2 153.807 -80.151
1581 304.978 366.727 2 161.385 -80.7642
1582 314.978 366.727 2 169.214 -85.3049
1583 324.978 366.727 2 177.263 -84.5204
1584 334.978 366.727 2 185.501 -86.4942
1585 344.978 366.727 2 193.905 -83.2884
1586 354.978 366.727 2 202.454 -82.4369
1587 364.978 366.727 2 211.13 -87.1356
1588 374.978 366.727 2 219.919 -87.0039
1589 384.978 366.727 2 228.808 -88.7411
1590 394.978 366.727 2 237.784 -250
1591 404.978 366.727 2 246.84 -250
1592 414.978 366.727 2 255.966 -250
1593 424.978 366.727 2 265.154 -250
1594 434.978 366.727 2 274.4 -250
1595 444.978 366.727 2 283.697 -119.173
1596 454.978 366.727 2 293.04 -250
1597 464.978 366.727 2 302.425 -250
1598 474.978 366.727 2 311.848 -108.753
1599 484.978 366.727 2 321.306 -103.15
1600 84.9784 376.727 2 146.613 -105.371
1601 94.9784 376.727 2 140.299 -93.0349
1602 104.978 376.727 2 134.434 -250
1603 114.978 376.727 2 129.077 -250
1604 124.978 376.727 2 124.296 -250
1605 134.978 376.727 2 120.158 -250
1606 144.978 376.727 2 116.732 -250
1607 154.978 376.727 2 114.083 -250
1608 164.978 376.727 2 112.264 -250
1609 174.978 376.727 2 111.318 -250
1610 184.978 376.727 2 111.267 -78.7722
1611 194.978 376.727 2 112.11 -250
1612 204.978 376.727 2 113.83 -250
1613 214.978 376.727 2 116.386 -250
1614 224.978 376.727 2 119.726 -250
1615 234.978 376.727 2 123.785 -250
1616 244.978 376.727 2 128.496 -250
1617 254.978 376.727 2 133.79 -250
1618 264.978 376.727 2 139.6 -250
1619 274.978 376.727 2 145.865 -114.878
1620 284.978 376.727 2 152.529 -90.0871
1621 294.978 376.727 2 159.542 -81.9824
1622 304.978 376.727 2 166.859 -86.6286
1623 314.978 376.727 2 174.444 -83.3553
1624 324.978 376.727 2 182.261 -86.3421
1625 334.978 376.727 2 190.283 -83.6297
1626 344.978 376.727 2 198.484 -88.1944
1627 354.978 376.727 2 206.844 -82.8195
1628 364.978 376.727 2 215.344 -83.2833
1629 374.978 376.727 2 223.967 -85.5012
1630 384.978 376.727 2 232.701 -250
1631 394.978 376.727 2 241.533 -250
1632 404.978 376.727 2 250.453 -250
1633 414.978 376.727 2 259.452 -250
1634 424.978 376.727 2 268.522 -250
1635 434.978 376.727 2 277.655 -250
1636 444.978 376.727 2 286.846 -250
1637 454.978 376.727 2 296.09 -250
1638 464.978 376.727 2 305.381 -250
1639 474.978 376.727 2 314.716 -107.709
1640 484.978 376.727 2 324.091 -107.744
1641 84.9784 386.727 2 153.273 -99.1336
1642 94.9784 386.727 2 147.245 -109.954
1643 104.978 386.727 2 141.667 -109.674
1644 114.978 386.727 2 136.594 -250
1645 124.978 386.727 2 132.085 -250
1646 134.978 386.727 2 128.199 -250
1647 144.978 386.727 2 124.993 -250
1648 154.978 386.727 2 122.523 -250
1649 164.978 386.727 2 120.832 -250
1650 174.978 386.727 2 119.953 -250
1651 184.978 386.727 2 119.905 -79.4985
1652 194.978 386.727 2 120.689 -250
1653 204.978 386.727 2 122.288 -250
1654 214.978 386.727 2 124.671 -250
1655 224.978 386.727 2 127.794 -250
1656 234.978 386.727 2 131.604 -250
1657 244.978 386.727 2 136.045 -250
1658 254.978 386.727 2 141.056 -250
1659 264.978 386.727 2 146.578 -250
1660 274.978 386.727 2 152.557 -116.583
1661 284.978 386.727 2 158.941 -92.986
1662 294.978 386.727 2 165.682 -84.8341
1663 304.978 386.727 2 172.74 -84.0734
1664 314.978 386.727 2 180.077 -85.7775
1665 324.978 386.727 2 187.659 -85.0036
1666 334.978 386.727 2 195.46 -83.7286
1667 344.978 386.727 2 203.453 -84.0973
1668 354.978 386.727 2 211.616 -86.1733
1669 364.978 386.727 2 219.932 -82.1359
1670 374.978 386.727 2 228.382 -87.9405
1671 384.978 386.727 2 236.953 -250
1672 394.978 386.727 2 245.633 -250
1673 404.978 386.727 2 254.409 -250
1674 414.978 386.727 2 263.272 -250
1675 424.978 386.727 2 272.215 -250
1676 434.978 386.727 2 281.228 -250
1677 444.978 386.727 2 290.306 -250
1678 454.978 386.727 2 299.443 -250
1679 464.978 386.727 2 308.634 -250
1680 474.978 386.727 2 317.873 -102.205
1681 484.978 386.727 2 327.157 -110.303
1682 84.9784 396.727 2 160.279 -96.5134
1683 94.9784 396.727 2 154.525 -107.88
1684 104.978 396.727 2 149.219 -106.442
1685 114.978 396.727 2 144.412 -111.677
1686 124.978 396.727 2 140.155 -109.197
1687 134.978 396.727 2 136.499 -109.376
1688 144.978 396.727 2 133.493 -109.227
1689 154.978 396.727 2 131.183 -102.181
1690 164.978 396.727 2 129.605 -108.291
1691 174.978 396.727 2 128.786 -114.11
1692 184.978 396.727 2 128.741 -77.8363
1693 194.978 396.727 2 129.471 -90.6805
1694 204.978 396.727 2 130.963 -89.4011
1695 214.978 396.727 2 133.191 -89.379
1696 224.978 396.727 2 136.118 -95.4487
1697 234.978 396.727 2 139.702 -87.4508
1698 244.978 396.727 2 143.893 -250
1699 254.978 396.727 2 148.639 -250
1700 264.978 396.727 2 153.89 -250
1701 274.978 396.727 2 159.595 -92.3492
1702 284.978 396.727 2 165.708 -90.9425
1703 294.978 396.727 2 172.185 -83.8918
1704 304.978 396.727 2 178.986 -85.7901
1705 314.978 396.727 2 186.077 -85.6078
1706 324.978 396.727 2 193.425 -86.3211
1707 334.978 396.727 2 201.001 -84.2779
1708 344.978 396.727 2 208.782 -83.7805
1709 354.978 396.727 2 216.745 -92.0391
1710 364.978 396.727 2 224.871 -84.3514
1711 374.978 396.727 2 233.143 -82.5793
1712 384.978 396.727 2 241.545 -250
1713 394.978 396.727 2 250.065 -250
1714 404.978 396.727 2 258.691 -250
1715 414.978 396.727 2 267.412 -250
1716 424.978 396.727 2 276.221 -250
1717 434.978 396.727 2 285.108 -250
1718 444.978 396.727 2 294.066 -250
1719 454.978 396.727 2 303.09 -250
1720 464.978 396.727 2 312.173 -250
1721 474.978 396.727 2 321.31 -113.368
1722 484.978 396.727 2 330.498 -93.352
1723 84.9784 406.727 2 167.59 -97.8338
1724 94.9784 406.727 2 162.096 -113.131
1725 104.978 406.727 2 157.046 -118.194
1726 114.978 406.727 2 152.486 -103.087
1727 124.978 406.727 2 148.46 -107.022
1728 134.978 406.727 2 145.014 -102.593
1729 144.978 406.727 2 142.188 -126.155
1730 154.978 406.727 2 140.021 -112.807
1731 164.978 406.727 2 138.544 -105.195
1732 174.978 406.727 2 137.778 -100.787
1733 184.978 406.727 2 137.736 -79.513
1734 194.978 406.727 2 138.419 -91.0606
1735 204.978 406.727 2 139.815 -93.147
1736 214.978 406.727 2 141.904 -93.5587
1737 224.978 406.727 2 144.656 -92.169
1738 234.978 406.727 2 148.033 -90.9301
1739 244.978 406.727 2 151.994 -92.9787
1740 254.978 406.727 2 156.495 -91.4038
1741 264.978 406.727 2 161.491 -90.484
1742 274.978 406.727 2 166.936 -89.5108
1743 284.978 406.727 2 172.789 -110.588
1744 294.978 406.727 2 179.01 -83.3608
1745 304.978 406.727 2 185.562 -86.8584
1746 314.978 406.727 2 192.41 -82.7707
1747 324.978 406.727 2 199.525 -84.6389
1748 334.978 406.727 2 206.878 -85.5742
1749 344.978 406.727 2 214.446 -84.5867
1750 354.978 406.727 2 222.206 -86.8056
1751 364.978 406.727 2 230.139 -85.2663
1752 374.978 406.727 2 238.228 -83.8964
1753 384.978 406.727 2 246.457 -86.4369
1754 394.978 406.727 2 254.813 -91.3758
1755 404.978 406.727 2 263.283 -100.393
1756 414.978 406.727 2 271.857 -89.3555
1757 424.978 406.727 2 280.526 -91.9267
1758 434.978 406.727 2 289.281 -93.3733
1759 444.978 406.727 2 298.114 -95.3082
1760 454.978 406.727 2 307.018 -90.3698
1761 464.978 406.727 2 315.989 -93.1946
1762 474.978 406.727 2 325.019 -92.9695
1763 484.978 406.727 2 334.104 -90.5831
1764 84.9784 416.727 2 175.167 -97.0445
1765 94.9784 416.727 2 169.918 -108.639
1766 104.978 416.727 2 165.108 -99.2687
1767 114.978 416.727 2 160.776 -250
1768 124.978 416.727 2 156.963 -250
1769 134.978 416.727 2 153.707 -250
1770 144.978 416.727 2 151.044 -250
1771 154.978 416.727 2 149.006 -101.475
1772 164.978 416.727 2 147.619 -98.7018
1773 174.978 416.727 2 146.901 -89.6852
1774 184.978 416.727 2 146.862 -78.721
1775 194.978 416.727 2 147.502 -80.1761
1776 204.978 416.727 2 148.813 -84.8404
1777 214.978 416.727 2 150.777 -80.3549
1778 224.978 416.727 2 153.37 -82.622
1779 234.978 416.727 2 156.559 -83.9631
1780 244.978 416.727 2 160.31 -84.9419
1781 254.978 416.727 2 164.583 -87.3959
1782 264.978 416.727 2 169.34 -91.286
1783 274.978 416.727 2 174.541 -86.4687
1784 284.978 416.727 2 180.148 -101.211
1785 294.978 416.727 2 186.123 -84.6487
1786 304.978 416.727 2 192.432 -84.9304
1787 314.978 416.727 2 199.044 -83.0271
1788 324.978 416.727 2 205.93 -91.9211
1789 334.978 416.727 2 213.062 -82.307
1790 344.978 416.727 2 220.418 -91.2482
1791 354.978 416.727 2 227.975 -89.8869
1792 364.978 416.727 2 235.714 -84.2995
1793 374.978 416.727 2 243.618 -83.3301
1794 384.978 416.727 2 251.67 -83.9704
1795 394.978 416.727 2 259.859 -85.0578
1796 404.978 416.727 2 268.17 -87.5881
1797 414.978 416.727 2 276.593 -90.3565
1798 424.978 416.727 2 285.117 -95.6935
1799 434.978 416.727 2 293.735 -86.5256
1800 444.978 416.727 2 302.438 -91.7244
1801 454.978 416.727 2 311.219 -90.5586
1802 464.978 416.727 2 320.072 -93.418
1803 474.978 416.727 2 328.99 -99.8114
1804 484.978 416.727 2 337.969 -94.5811
1805 84.9784 426.727 2 182.977 -100.883
1806 94.9784 426.727 2 177.958 -104.885
1807 104.978 426.727 2 173.371 -97.9763
1808 114.978 426.727 2 169.251 -250
1809 124.978 426.727 2 165.634 -250
1810 134.978 426.727 2 162.551 -250
1811 144.978 426.727 2 160.036 -250
1812 154.978 426.727 2 158.114 -98.3204
1813 164.978 426.727 2 156.807 -250
1814 174.978 426.727 2 156.131 -250
1815 184.978 426.727 2 156.094 -250
1816 194.978 426.727 2 156.697 -250
1817 204.978 426.727 2 157.931 -250
1818 214.978 426.727 2 159.784 -250
1819 224.978 426.727 2 162.232 -83.688
1820 234.978 426.727 2 165.251 -250
1821 244.978 426.727 2 168.808 -250
1822 254.978 426.727 2 172.872 -250
1823 264.978 426.727 2 177.407 -250
1824 274.978 426.727 2 182.378 -102.677
1825 284.978 426.727 2 187.75 -83.7126
1826 294.978 426.727 2 193.491 -87.2285
1827 304.978 426.727 2 199.567 -250
1828 314.978 426.727 2 205.951 -250
1829 324.978 426.727 2 212.613 -250
1830 334.978 426.727 2 219.528 -250
1831 344.978 426.727 2 226.674 -250
1832 354.978 426.727 2 234.029 -250
1833 364.978 426.727 2 241.574 -250
1834 374.978 426.727 2 249.292 -250
1835 384.978 426.727 2 257.167 -250
1836 394.978 426.727 2 265.186 -250
1837 404.978 426.727 2 273.335 -250
1838 414.978 426.727 2 281.603 -250
1839 424.978 426.727 2 289.981 -250
1840 434.978 426.727 2 298.458 -250
1841 444.978 426.727 2 307.028 -250
1842 454.978 426.727 2 315.681 -250
1843 464.978 426.727 2 324.412 -104.624
1844 474.978 426.727 2 333.214 -96.0572
1845 484.978 426.727 2 342.082 -250
1846 84.9784 436.727 2 190.991 -102.213
1847 94.9784 436.727 2 186.188 -105.356
1848 104.978 436.727 2 181.809 -139.451
1849 114.978 436.727 2 177.885 -250
1850 124.978 436.727 2 174.446 -250
1851 134.978 436.727 2 171.523 -250
1852 144.978 436.727 2 169.14 -250
1853 154.978 436.727 2 167.323 -119.578
1854 164.978 436.727 2 166.089 -250
1855 174.978 436.727 2 165.451 -250
1856 184.978 436.727 2 165.416 -250
1857 194.978 436.727 2 165.985 -250
1858 204.978 436.727 2 167.151 -250
1859 214.978 436.727 2 168.902 -250
1860 224.978 436.727 2 171.22 -90.9193
1861 234.978 436.727 2 174.083 -250
1862 244.978 436.727 2 177.463 -250
1863 254.978 436.727 2 181.333 -250
1864 264.978 436.727 2 185.662 -250
1865 274.978 436.727 2 190.417 -109.565
1866 284.978 436.727 2 195.569 -84.4134
1867 294.978 436.727 2 201.086 -93.9211
1868 304.978 436.727 2 206.94 -250
1869 314.978 436.727 2 213.102 -250
1870 324.978 436.727 2 219.548 -250
1871 334.978 436.727 2 226.251 -250
1872 344.978 436.727 2 233.191 -250
1873 354.978 436.727 2 240.347 -250
1874 364.978 436.727 2 247.7 -250
1875 374.978 436.727 2 255.232 -250
1876 384.978 436.727 2 262.93 -250
1877 394.978 436.727 2 270.778 -250
1878 404.978 436.727 2 278.763 -250
1879 414.978 436.727 2 286.875 -250
1880 424.978 436.727 2 295.103 -250
1881 434.978 436.727 2 303.438 -250
1882 444.978 436.727 2 311.87 -250
1883 454.978 436.727 2 320.393 -250
1884 464.978 436.727 2 328.998 -96.5488
1885 474.978 436.727 2 337.681 -108.231
1886 484.978 436.727 2 346.434 -250
1887 84.9784 446.727 2 199.185 -96.8554
1888 94.9784 446.727 2 194.584 -94.8104
1889 104.978 446.727 2 190.398 -151.261
1890 114.978 446.727 2 186.655 -250
1891 124.978 446.727 2 183.381 -250
1892 134.978 446.727 2 180.602 -250
1893 144.978 446.727 2 178.341 -250
1894 154.978 446.727 2 176.618 -90.9625
1895 164.978 446.727 2 175.449 -250
1896 174.978 446.727 2 174.845 -250
1897 184.978 446.727 2 174.812 -250
1898 194.978 446.727 2 175.351 -250
1899 204.978 446.727 2 176.455 -250
1900 214.978 446.727 2 178.115 -250
1901 224.978 446.727 2 180.315 -90.0883
1902 234.978 446.727 2 183.035 -250
1903 244.978 446.727 2 186.253 -250
1904 254.978 446.727 2 189.944 -250
1905 264.978 446.727 2 194.081 -250
1906 274.978 446.727 2 198.635 -93.5285
1907 284.978 446.727 2 203.579 -93.973
1908 294.978 446.727 2 208.884 -83.2301
1909 304.978 446.727 2 214.525 -250
1910 314.978 446.727 2 220.476 -250
1911 324.978 446.727 2 226.712 -250
1912 334.978 446.727 2 233.209 -250
1913 344.978 446.727 2 239.948 -250
1914 354.978 446.727 2 246.908 -250
1915 364.978 446.727 2 254.071 -250
1916 374.978 446.727 2 261.42 -250
1917 384.978 446.727 2 268.941 -250
1918 394.978 446.727 2 276.618 -250
1919 404.978 446.727 2 284.44 -250
1920 414.978 446.727 2 292.394 -250
1921 424.978 446.727 2 300.471 -250
1922 434.978 446.727 2 308.661 -250
1923 444.978 446.727 2 316.954 -250
1924 454.978 446.727 2 325.344 -250
1925 464.978 446.727 2 333.822 -113.612
1926 474.978 446.727 2 342.382 -110.652
1927 484.978 446.727 2 351.018 -250
1928 84.9784 456.727 2 207.537 -86.2509
1929 94.9784 456.727 2 203.126 -106.514
1930 104.978 456.727 2 199.119 -128.937
1931 114.978 456.727 2 195.543 -250
1932 124.978 456.727 2 192.42 -250
1933 134.978 456.727 2 189.774 -250
1934 144.978 456.727 2 187.623 -250
1935 154.978 456.727 2 185.986 -92.8523
1936 164.978 456.727 2 184.877 -250
1937 174.978 456.727 2 184.304 -250
1938 184.978 456.727 2 184.273 -250
1939 194.978 456.727 2 184.783 -250
1940 204.978 456.727 2 185.832 -250
1941 214.978 456.727 2 187.408 -250
1942 224.978 456.727 2 189.5 -86.5223
1943 234.978 456.727 2 192.091 -250
1944 244.978 456.727 2 195.16 -250
1945 254.978 456.727 2 198.685 -250
1946 264.978 456.727 2 202.643 -250
1947 274.978 456.727 2 207.009 -96.0572
1948 284.978 456.727 2 211.758 -91.3789
1949 294.978 456.727 2 216.863 -89.6057
1950 304.978 456.727 2 222.302 -250
1951 314.978 456.727 2 228.05 -250
1952 324.978 456.727 2 234.084 -250
1953 334.978 456.727 2 240.382 -250
1954 344.978 456.727 2 246.925 -250
1955 354.978 456.727 2 253.694 -250
1956 364.978 456.727 2 260.67 -250
1957 374.978 456.727 2 267.839 -250
1958 384.978 456.727 2 275.184 -250
1959 394.978 456.727 2 282.692 -250
1960 404.978 456.727 2 290.35 -250
1961 414.978 456.727 2 298.147 -250
1962 424.978 456.727 2 306.072 -250
1963 434.978 456.727 2 314.115 -250
1964 444.978 456.727 2 322.268 -250
1965 454.978 456.727 2 330.523 -250
1966 464.978 456.727 2 338.872 -109.302
1967 474.978 456.727 2 347.307 -110.671
1968 484.978 456.727 2 355.824 -250
1969 84.9784 466.727 2 216.029 -88.5257
1970 94.9784 466.727 2 211.795 -115.034
1971 104.978 466.727 2 207.956 -113.192
1972 114.978 466.727 2 204.534 -250
1973 124.978 466.727 2 201.55 -250
1974 134.978 466.727 2 199.025 -250
1975 144.978 466.727 2 196.976 -250
1976 154.978 466.727 2 195.417 -86.6472
1977 164.978 466.727 2 194.362 -250
1978 174.978 466.727 2 193.817 -250
1979 184.978 466.727 2 193.787 -250
1980 194.978 466.727 2 194.273 -250
1981 204.978 466.727 2 195.27 -250
1982 214.978 466.727 2 196.771 -250
1983 224.978 466.727 2 198.765 -88.0909
1984 234.978 466.727 2 201.236 -250
1985 244.978 466.727 2 204.167 -250
1986 254.978 466.727 2 207.54 -250
1987 264.978 466.727 2 211.332 -250
1988 274.978 466.727 2 215.522 -98.8589
1989 284.978 466.727 2 220.087 -89.4955
1990 294.978 466.727 2 225.004 -91.3283
1991 304.978 466.727 2 230.25 -250
1992 314.978 466.727 2 235.804 -250
1993 324.978 466.727 2 241.645 -250
1994 334.978 466.727 2 247.751 -250
1995 344.978 466.727 2 254.105 -250
1996 354.978 466.727 2 260.687 -250
1997 364.978 466.727 2 267.481 -250
1998 374.978 466.727 2 274.471 -250
1999 384.978 466.727 2 281.644 -250
2000 394.978 466.727 2 288.984 -250
2001 404.978 466.727 2 296.479 -250
2002 414.978 466.727 2 304.119 -250
2003 424.978 466.727 2 311.893 -250
2004 434.978 466.727 2 319.79 -250
2005 444.978 466.727 2 327.802 -250
2006 454.978 466.727 2 335.92 -250
2007 464.978 466.727 2 344.138 -133.524
2008 474.978 466.727 2 352.448 -119.63
2009 484.978 466.727 2 360.843 -250
2010 84.9784 476.727 2 224.646 -96.5576
2011 94.9784 476.727 2 220.577 -112.142
2012 104.978 476.727 2 216.893 -124.829
2013 114.978 476.727 2 213.614 -116.822
2014 124.978 476.727 2 210.759 -128.631
2015 134.978 476.727 2 208.346 -113.793
2016 144.978 476.727 2 206.389 -96.329
2017 154.978 476.727 2 204.902 -83.4503
2018 164.978 476.727 2 203.896 -106.77
2019 174.978 476.727 2 203.376 -118.62
2020 184.978 476.727 2 203.348 -125.944
2021 194.978 476.727 2 203.811 -133.325
2022 204.978 476.727 2 204.762 -134.367
2023 214.978 476.727 2 206.194 -129.051
2024 224.978 476.727 2 208.097 -93.7277
2025 234.978 476.727 2 210.459 -96.3949
2026 244.978 476.727 2 213.264 -102.255
2027 254.978 476.727 2 216.494 -122.465
2028 264.978 476.727 2 220.132 -127.463
2029 274.978 476.727 2 224.158 -92.4922
2030 284.978 476.727 2 228.55 -88.7999
2031 294.978 476.727 2 233.289 -101.949
2032 304.978 476.727 2 238.353 -250
2033 314.978 476.727 2 243.723 -250
2034 324.978 476.727 2 249.378 -250
2035 334.978 476.727 2 255.299 -250
2036 344.978 476.727 2 261.469 -250
2037 354.978 476.727 2 267.871 -250
2038 364.978 476.727 2 274.487 -250
2039 374.978 476.727 2 281.303 -250
2040 384.978 476.727 2 288.306 -250
2041 394.978 476.727 2 295.48 -250
2042 404.978 476.727 2 302.815 -250
2043 414.978 476.727 2 310.299 -250
2044 424.978 476.727 2 317.921 -250
2045 434.978 476.727 2 325.672 -250
2046 444.978 476.727 2 333.543 -250
2047 454.978 476.727 2 341.525 -250
2048 464.978 476.727 2 349.611 -135.15
2049 474.978 476.727 2 357.794 -123.751
2050 484.978 476.727 2 366.067 -250
2051 84.9784 486.727 2 233.372 -102.516
2052 94.9784 486.727 2 229.458 -111.988
2053 104.978 486.727 2 225.919 -117.827
2054 114.978 486.727 2 222.774 -122.744
2055 124.978 486.727 2 220.038 -120.342
2056 134.978 486.727 2 217.727 -118.743
2057 144.978 486.727 2 215.855 -109.09
2058 154.978 486.727 2 214.434 -84.7035
2059 164.978 486.727 2 213.473 -100.395
2060 174.978 486.727 2 212.977 -120.176
2061 184.978 486.727 2 212.949 -126.425
2062 194.978 486.727 2 213.392 -131.035
2063 204.978 486.727 2 214.3 -126.903
2064 214.978 486.727 2 215.669 -126.249
2065 224.978 486.727 2 217.489 -87.5796
2066 234.978 486.727 2 219.75 -105.767
2067 244.978 486.727 2 222.437 -100.404
2068 254.978 486.727 2 225.537 -99.8165
2069 264.978 486.727 2 229.031 -93.1508
2070 274.978 486.727 2 232.903 -93.949
2071 284.978 486.727 2 237.134 -93.5223
2072 294.978 486.727 2 241.704 -99.6892
2073 304.978 486.727 2 246.595 -107.543
2074 314.978 486.727 2 251.789 -108.066
2075 324.978 486.727 2 257.267 -109.563
2076 334.978 486.727 2 263.011 -121.638
2077 344.978 486.727 2 269.004 -130.691
2078 354.978 486.727 2 275.23 -134.346
2079 364.978 486.727 2 281.674 -126.135
2080 374.978 486.727 2 288.32 -137.665
2081 384.978 486.727 2 295.156 -137.658
2082 394.978 486.727 2 302.168 -131.499
2083 404.978 486.727 2 309.345 -140.041
2084 414.978 486.727 2 316.674 -137.252
2085 424.978 486.727 2 324.147 -137.634
2086 434.978 486.727 2 331.752 -146.338
2087 444.978 486.727 2 339.482 -136.324
2088 454.978 486.727 2 347.328 -127.552
2089 464.978 486.727 2 355.282 -134.865
2090 474.978 486.727 2 363.337 -137.285
2091 484.978 486.727 2 371.486 -131.04
2092 84.9784 496.727 2 242.198 -102.151
2093 94.9784 496.727 2 238.429 -111.367
2094 104.978 496.727 2 235.025 -250
2095 114.978 496.727 2 232.002 -250
2096 124.978 496.727 2 229.377 -250
2097 134.978 496.727 2 227.161 -250
2098 144.978 496.727 2 225.368 -250
2099 154.978 496.727 2 224.007 -250
2100 164.978 496.727 2 223.086 -250
2101 174.978 496.727 2 222.612 -250
2102 184.978 496.727 2 222.586 -250
2103 194.978 496.727 2 223.009 -250
2104 204.978 496.727 2 223.878 -125.873
2105 214.978 496.727 2 225.189 -90.3551
2106 224.978 496.727 2 226.933 -94.2883
2107 234.978 496.727 2 229.1 -250
2108 244.978 496.727 2 231.679 -250
2109 254.978 496.727 2 234.657 -250
2110 264.978 496.727 2 238.018 -250
2111 274.978 496.727 2 241.745 -93.0738
2112 284.978 496.727 2 245.824 -117.162
2113 294.978 496.727 2 250.235 -95.1078
2114 304.978 496.727 2 254.963 -93.5163
2115 314.978 496.727 2 259.99 -110.253
2116 324.978 496.727 2 265.298 -109.002
2117 334.978 496.727 2 270.872 -109.636
2118 344.978 496.727 2 276.695 -115.475
2119 354.978 496.727 2 282.752 -120.797
2120 364.978 496.727 2 289.028 -124.206
2121 374.978 496.727 2 295.509 -131.44
2122 384.978 496.727 2 302.182 -130.368
2123 394.978 496.727 2 309.035 -140.987
2124 404.978 496.727 2 316.056 -134.226
2125 414.978 496.727 2 323.233 -136.517
2126 424.978 496.727 2 330.557 -135.752
2127 434.978 496.727 2 338.019 -131.386
2128 444.978 496.727 2 345.608 -129.468
2129 454.978 496.727 2 353.318 -145.755
2130 464.978 496.727 2 361.14 -128.402
2131 474.978 496.727 2 369.067 -128.678
2132 484.978 496.727 2 377.093 -136.316
2133 84.9784 506.727 2 251.111 -102.934
2134 94.9784 506.727 2 247.478 -113.726
2135 104.978 506.727 2 244.2 -250
2136 114.978 506.727 2 241.293 -250
2137 124.978 506.727 2 238.769 -250
2138 134.978 506.727 2 236.641 -250
2139 144.978 506.727 2 234.92 -250
2140 154.978 506.727 2 233.615 -250
2141 164.978 506.727 2 232.733 -250
2142 174.978 506.727 2 232.278 -250
2143 184.978 506.727 2 232.253 -250
2144 194.978 506.727 2 232.659 -250
2145 204.978 506.727 2 233.492 -113.098
2146 214.978 506.727 2 234.749 -88.8135
2147 224.978 506.727 2 236.422 -116.905
2148 234.978 506.727 2 238.504 -250
2149 244.978 506.727 2 240.982 -250
2150 254.978 506.727 2 243.846 -250
2151 264.978 506.727 2 247.082 -250
2152 274.978 506.727 2 250.675 -99.0154
2153 284.978 506.727 2 254.61 -104.441
2154 294.978 506.727 2 258.872 -250
2155 304.978 506.727 2 263.445 -250
2156 314.978 506.727 2 268.313 -250
2157 324.978 506.727 2 273.46 -250
2158 334.978 506.727 2 278.87 -250
2159 344.978 506.727 2 284.53 -250
2160 354.978 506.727 2 290.423 -250
2161 364.978 506.727 2 296.537 -250
2162 374.978 506.727 2 302.858 -250
2163 384.978 506.727 2 309.372 -250
2164 394.978 506.727 2 316.069 -250
2165 404.978 506.727 2 322.937 -250
2166 414.978 506.727 2 329.965 -250
2167 424.978 506.727 2 337.143 -125.224
2168 434.978 506.727 2 344.461 -139.35
2169 444.978 506.727 2 351.912 -139.797
2170 454.978 506.727 2 359.486 -133.454
2171 464.978 506.727 2 367.177 -129.797
2172 474.978 506.727 2 374.977 -132.617
2173 484.978 506.727 2 382.879 -250
2174 84.9784 516.727 2 260.103 -103.884
2175 94.9784 516.727 2 256.597 -112.649
2176 104.978 516.727 2 253.438 -250
2177 114.978 516.727 2 250.637 -250
2178 124.978 516.727 2 248.209 -250
2179 134.978 516.727 2 246.163 -250
2180 144.978 516.727 2 244.509 -250
2181 154.978 516.727 2 243.255 -250
2182 164.978 516.727 2 242.408 -250
2183 174.978 516.727 2 241.971 -250
2184 184.978 516.727 2 241.947 -250
2185 194.978 516.727 2 242.337 -250
2186 204.978 516.727 2 243.137 -110.697
2187 214.978 516.727 2 244.344 -90.4687
2188 224.978 516.727 2 245.952 -118.329
2189 234.978 516.727 2 247.954 -250
2190 244.978 516.727 2 250.339 -250
2191 254.978 516.727 2 253.097 -250
2192 264.978 516.727 2 256.216 -250
2193 274.978 516.727 2 259.682 -94.9113
2194 284.978 516.727 2 263.483 -119.92
2195 294.978 516.727 2 267.604 -250
2196 304.978 516.727 2 272.03 -250
2197 314.978 516.727 2 276.747 -250
2198 324.978 516.727 2 281.74 -250
2199 334.978 516.727 2 286.994 -250
2200 344.978 516.727 2 292.497 -250
2201 354.978 516.727 2 298.233 -250
2202 364.978 516.727 2 304.189 -250
2203 374.978 516.727 2 310.354 -250
2204 384.978 516.727 2 316.715 -250
2205 394.978 516.727 2 323.259 -250
2206 404.978 516.727 2 329.977 -250
2207 414.978 516.727 2 336.858 -250
2208 424.978 516.727 2 343.893 -136.076
2209 434.978 516.727 2 351.071 -137.304
2210 444.978 516.727 2 358.384 -135.359
2211 454.978 516.727 2 365.824 -135.009
2212 464.978 516.727 2 373.385 -130.675
2213 474.978 516.727 2 381.057 -131.263
2214 484.978 516.727 2 388.835 -250
2215 84.9784 526.727 2 269.167 -103.784
2216 94.9784 526.727 2 265.78 -134.355
2217 104.978 526.727 2 262.731 -250
2218 114.978 526.727 2 260.031 -250
2219 124.978 526.727 2 257.691 -250
2220 134.978 526.727 2 255.721 -250
2221 144.978 526.727 2 254.129 -250
2222 154.978 526.727 2 252.923 -250
2223 164.978 526.727 2 252.108 -250
2224 174.978 526.727 2 251.688 -250
2225 184.978 526.727 2 251.666 -250
2226 194.978 526.727 2 252.04 -250
2227 204.978 526.727 2 252.809 -90.7101
2228 214.978 526.727 2 253.97 -90.7696
2229 224.978 526.727 2 255.518 -103.34
2230 234.978 526.727 2 257.445 -250
2231 244.978 526.727 2 259.743 -250
2232 254.978 526.727 2 262.402 -250
2233 264.978 526.727 2 265.412 -250
2234 274.978 526.727 2 268.76 -99.9842
2235 284.978 526.727 2 272.434 -98.0353
2236 294.978 526.727 2 276.422 -250
2237 304.978 526.727 2 280.709 -250
2238 314.978 526.727 2 285.282 -250
2239 324.978 526.727 2 290.128 -250
2240 334.978 526.727 2 295.233 -250
2241 344.978 526.727 2 300.585 -250
2242 354.978 526.727 2 306.169 -250
2243 364.978 526.727 2 311.975 -250
2244 374.978 526.727 2 317.989 -250
2245 384.978 526.727 2 324.199 -250
2246 394.978 526.727 2 330.596 -250
2247 404.978 526.727 2 337.168 -250
2248 414.978 526.727 2 343.905 -250
2249 424.978 526.727 2 350.798 -138.94
2250 434.978 526.727 2 357.837 -142.111
2251 444.978 526.727 2 365.015 -135.638
2252 454.978 526.727 2 372.323 -132.29
2253 464.978 526.727 2 379.754 -132.529
2254 474.978 526.727 2 387.3 -131.624
2255 484.978 526.727 2 394.956 -250
2256 84.9784 536.727 2 278.294 -105.397
2257 94.9784 536.727 2 275.02 -250
2258 104.978 536.727 2 272.075 -250
2259 114.978 536.727 2 269.468 -250
2260 124.978 536.727 2 267.211 -250
2261 134.978 536.727 2 265.311 -250
2262 144.978 536.727 2 263.778 -250
2263 154.978 536.727 2 262.616 -250
2264 164.978 536.727 2 261.831 -250
2265 174.978 536.727 2 261.427 -250
2266 184.978 536.727 2 261.405 -250
2267 194.978 536.727 2 261.765 -250
2268 204.978 536.727 2 262.506 -90.8848
2269 214.978 536.727 2 263.625 -97.3141
2270 224.978 536.727 2 265.116 -100.305
2271 234.978 536.727 2 266.974 -250
2272 244.978 536.727 2 269.19 -250
2273 254.978 536.727 2 271.757 -250
2274 264.978 536.727 2 274.664 -250
2275 274.978 536.727 2 277.901 -104.644
2276 284.978 536.727 2 281.456 -98.6398
2277 294.978 536.727 2 285.317 -250
2278 304.978 536.727 2 289.473 -250
2279 314.978 536.727 2 293.91 -250
2280 324.978 536.727 2 298.616 -250
2281 334.978 536.727 2 303.578 -250
2282 344.978 536.727 2 308.785 -250
2283 354.978 536.727 2 314.224 -250
2284 364.978 536.727 2 319.883 -250
2285 374.978 536.727 2 325.751 -250
2286 384.978 536.727 2 331.817 -250
2287 394.978 536.727 2 338.069 -250
2288 404.978 536.727 2 344.498 -250
2289 414.978 536.727 2 351.095 -250
2290 424.978 536.727 2 357.849 -135.613
2291 434.978 536.727 2 364.753 -146.206
2292 444.978 536.727 2 371.797 -140.385
2293 454.978 536.727 2 378.974 -138.497
2294 464.978 536.727 2 386.277 -134.237
2295 474.978 536.727 2 393.699 -139.569
2296 484.978 536.727 2 401.232 -250
2297 84.9784 546.727 2 287.48 -104.776
2298 94.9784 546.727 2 284.312 -250
2299 104.978 546.727 2 281.464 -250
2300 114.978 546.727 2 278.945 -250
2301 124.978 546.727 2 276.765 -250
2302 134.978 546.727 2 274.931 -250
2303 144.978 546.727 2 273.451 -250
2304 154.978 546.727 2 272.331 -250
2305 164.978 546.727 2 271.574 -250
2306 174.978 546.727 2 271.185 -250
2307 184.978 546.727 2 271.163 -250
2308 194.978 546.727 2 271.511 -250
2309 204.978 546.727 2 272.225 -92.216
2310 214.978 546.727 2 273.304 -99.1708
2311 224.978 546.727 2 274.743 -120.497
2312 234.978 546.727 2 276.536 -250
2313 244.978 546.727 2 278.676 -250
2314 254.978 546.727 2 281.156 -250
2315 264.978 546.727 2 283.967 -250
2316 274.978 546.727 2 287.099 -102.546
2317 284.978 546.727 2 290.542 -95.5021
2318 294.978 546.727 2 294.284 -250
2319 304.978 546.727 2 298.314 -250
2320 314.978 546.727 2 302.622 -250
2321 324.978 546.727 2 307.194 -250
2322 334.978 546.727 2 312.021 -250
2323 344.978 546.727 2 317.089 -250
2324 354.978 546.727 2 322.388 -250
2325 364.978 546.727 2 327.906 -250
2326 374.978 546.727 2 333.633 -250
2327 384.978 546.727 2 339.557 -250
2328 394.978 546.727 2 345.67 -250
2329 404.978 546.727 2 351.961 -250
2330 414.978 546.727 2 358.42 -250
2331 424.978 546.727 2 365.039 -148.146
2332 434.978 546.727 2 371.809 -143.261
2333 444.978 546.727 2 378.722 -130.459
2334 454.978 546.727 2 385.77 -130.055
2335 464.978 546.727 2 392.947 -146.101
2336 474.978 546.727 2 400.244 -136.953
2337 484.978 546.727 2 407.657 -250
2338 84.9784 556.727 2 296.718 -158.297
2339 94.9784 556.727 2 293.65 -139.551
2340 104.978 556.727 2 290.893 -145.243
2341 114.978 556.727 2 288.457 -138.302
2342 124.978 556.727 2 286.349 -136.886
2343 134.978 556.727 2 284.577 -137.882
2344 144.978 556.727 2 283.148 -140.648
2345 154.978 556.727 2 282.066 -139.424
2346 164.978 556.727 2 281.335 -150.231
2347 174.978 556.727 2 280.959 -140.619
2348 184.978 556.727 2 280.939 -143.894
2349 194.978 556.727 2 281.274 -143.745
2350 204.978 556.727 2 281.964 -87.0523
2351 214.978 556.727 2 283.005 -109.452
2352 224.978 556.727 2 284.395 -111.638
2353 234.978 556.727 2 286.128 -135.486
2354 244.978 556.727 2 288.197 -163.448
2355 254.978 556.727 2 290.596 -137.756
2356 264.978 556.727 2 293.316 -112.731
2357 274.978 556.727 2 296.349 -105.931
2358 284.978 556.727 2 299.686 -98.7625
2359 294.978 556.727 2 303.315 -97.0809
2360 304.978 556.727 2 307.227 -147.167
2361 314.978 556.727 2 311.411 -148.793
2362 324.978 556.727 2 315.857 -138.821
2363 334.978 556.727 2 320.552 -140.321
2364 344.978 556.727 2 325.488 -149.392
2365 354.978 556.727 2 330.652 -161.963
2366 364.978 556.727 2 336.035 -149.727
2367 374.978 556.727 2 341.625 -160.364
2368 384.978 556.727 2 347.414 -165.519
2369 394.978 556.727 2 353.39 -172.561
2370 404.978 556.727 2 359.546 -176.47
2371 414.978 556.727 2 365.871 -139.554
2372 424.978 556.727 2 372.358 -136.93
2373 434.978 556.727 2 378.997 -133.523
2374 444.978 556.727 2 385.781 -146.65
2375 454.978 556.727 2 392.703 -132.726
2376 464.978 556.727 2 399.755 -136.521
2377 474.978 556.727 2 406.931 -135.512
2378 484.978 556.727 2 414.223 -147.718
2379 84.9784 566.727 2 306.005 -152.572
2380 94.9784 566.727 2 303.03 -131.439
2381 104.978 566.727 2 300.359 -139.195
2382 114.978 566.727 2 298 -135.581
2383 124.978 566.727 2 295.961 -130.796
2384 134.978 566.727 2 294.247 -131.087
2385 144.978 566.727 2 292.865 -133.589
2386 154.978 566.727 2 291.819 -143.19
2387 164.978 566.727 2 291.113 -135.852
2388 174.978 566.727 2 290.749 -140.438
2389 184.978 566.727 2 290.729 -134.593
2390 194.978 566.727 2 291.053 -132.458
2391 204.978 566.727 2 291.72 -90.2704
2392 214.978 566.727 2 292.727 -114.924
2393 224.978 566.727 2 294.071 -116.649
2394 234.978 566.727 2 295.747 -123.785
2395 244.978 566.727 2 297.749 -156.688
2396 254.978 566.727 2 300.072 -136.839
2397 264.978 566.727 2 302.707 -109.171
2398 274.978 566.727 2 305.647 -102.282
2399 284.978 566.727 2 308.883 -102.561
2400 294.978 566.727 2 312.405 -98.6174
2401 304.978 566.727 2 316.205 -127.392
2402 314.978 566.727 2 320.272 -134.724
2403 324.978 566.727 2 324.596 -134.83
2404 334.978 566.727 2 329.167 -142.366
2405 344.978 566.727 2 333.975 -134.086
2406 354.978 566.727 2 339.01 -137.685
2407 364.978 566.727 2 344.262 -143.557
2408 374.978 566.727 2 349.721 -141.488
2409 384.978 566.727 2 355.378 -143.735
2410 394.978 566.727 2 361.223 -148.897
2411 404.978 566.727 2 367.247 -130.564
2412 414.978 566.727 2 373.442 -136.278
2413 424.978 566.727 2 379.799 -129.418
2414 434.978 566.727 2 386.31 -139.456
2415 444.978 566.727 2 392.968 -146.206
2416 454.978 566.727 2 399.766 -133.219
2417 464.978 566.727 2 406.695 -131.849
2418 474.978 566.727 2 413.751 -140.905
2419 484.978 566.727 2 420.925 -154.557
2420 84.9784 576.727 2 315.334 -116.986
2421 94.9784 576.727 2 312.449 -124.252
2422 104.978 576.727 2 309.859 -137.801
2423 114.978 576.727 2 307.573 -133.669
2424 124.978 576.727 2 305.597 -128.261
2425 134.978 576.727 2 303.938 -128.968
2426 144.978 576.727 2 302.6 -130.467
2427 154.978 576.727 2 301.588 -135.207
2428 164.978 576.727 2 300.905 -132.22
2429 174.978 576.727 2 300.553 -132.348
2430 184.978 576.727 2 300.534 -127.218
2431 194.978 576.727 2 300.847 -103.745
2432 204.978 576.727 2 301.492 -94.0739
2433 214.978 576.727 2 302.467 -125.427
2434 224.978 576.727 2 303.767 -113.258
2435 234.978 576.727 2 305.39 -119.684
2436 244.978 576.727 2 307.33 -135.835
2437 254.978 576.727 2 309.58 -131.916
2438 264.978 576.727 2 312.135 -100.284
2439 274.978 576.727 2 314.987 -112.271
2440 284.978 576.727 2 318.128 -112.077
2441 294.978 576.727 2 321.549 -99.2366
2442 304.978 576.727 2 325.242 -98.7494
2443 314.978 576.727 2 329.197 -130.915
2444 324.978 576.727 2 333.406 -136.962
2445 334.978 576.727 2 337.858 -138.431
2446 344.978 576.727 2 342.544 -133.947
2447 354.978 576.727 2 347.455 -133.651
2448 364.978 576.727 2 352.581 -139.75
2449 374.978 576.727 2 357.913 -141.299
2450 384.978 576.727 2 363.442 -141.765
2451 394.978 576.727 2 369.16 -136.389
2452 404.978 576.727 2 375.056 -130.799
2453 414.978 576.727 2 381.124 -135.077
2454 424.978 576.727 2 387.355 -146.246
2455 434.978 576.727 2 393.742 -133.049
2456 444.978 576.727 2 400.276 -134.684
2457 454.978 576.727 2 406.952 -151.841
2458 464.978 576.727 2 413.761 -142.046
2459 474.978 576.727 2 420.698 -140.695
2460 484.978 576.727 2 427.756 -162.877
2461 84.9784 586.727 2 324.704 -123.316
2462 94.9784 586.727 2 321.903 -125.661
2463 104.978 586.727 2 319.39 -127.27
2464 114.978 586.727 2 317.172 -126.194
2465 124.978 586.727 2 315.257 -130.004
2466 134.978 586.727 2 313.648 -133.84
2467 144.978 586.727 2 312.352 -135.732
2468 154.978 586.727 2 311.372 -134.002
2469 164.978 586.727 2 310.71 -132.888
2470 174.978 586.727 2 310.369 -120.152
2471 184.978 586.727 2 310.351 -112.357
2472 194.978 586.727 2 310.654 -99.5659
2473 204.978 586.727 2 311.279 -100.627
2474 214.978 586.727 2 312.223 -108.441
2475 224.978 586.727 2 313.483 -116.041
2476 234.978 586.727 2 315.056 -117.284
2477 244.978 586.727 2 316.936 -122.644
2478 254.978 586.727 2 319.119 -107.245
2479 264.978 586.727 2 321.598 -106.911
2480 274.978 586.727 2 324.367 -113.531
2481 284.978 586.727 2 327.418 -112.908
2482 294.978 586.727 2 330.743 -107.309
2483 304.978 586.727 2 334.334 -98.7758
2484 314.978 586.727 2 338.183 -118.504
2485 324.978 586.727 2 342.281 -124.603
2486 334.978 586.727 2 346.619 -131.815
2487 344.978 586.727 2 351.189 -136.756
2488 354.978 586.727 2 355.98 -127.73
2489 364.978 586.727 2 360.985 -131.482
2490 374.978 586.727 2 366.195 -135.222
2491 384.978 586.727 2 371.601 -130.528
2492 394.978 586.727 2 377.195 -128.851
2493 404.978 586.727 2 382.968 -126.947
2494 414.978 586.727 2 388.912 -132.736
2495 424.978 586.727 2 395.021 -140.575
2496 434.978 586.727 2 401.285 -131.503
2497 444.978 586.727 2 407.699 -129.22
2498 454.978 586.727 2 414.254 -138.266
2499 464.978 586.727 2 420.946 -143.313
2500 474.978 586.727 2 427.766 -137.782
2501 484.978 586.727 2 434.709 -141.599
