# <Transmitter Set: Tx: 18 tx_ant_grid_40_m - Point 1> 
# <Receiver Set: Rx: 18 tx_ant_grid_40_m> 
# <X(m)> <Y(m)> <Z(m)> <Distance(m)> <PathGain(dB)>
1 80.5543 -18.1243 1040 0 -144.169
2 180.554 -18.1243 1040 100 -80.0547
3 280.554 -18.1243 1040 200 -86.0802
4 380.554 -18.1243 1040 300 -89.5907
5 480.554 -18.1243 1040 400 -92.0853
6 80.5543 81.8757 1040 100 -80.0552
7 180.554 81.8757 1040 141.421 -83.0649
8 280.554 81.8757 1040 223.607 -87.0458
9 380.554 81.8757 1040 316.228 -90.0672
10 480.554 81.8757 1040 412.311 -92.352
11 80.5543 181.876 1040 200 -86.0844
12 180.554 181.876 1040 223.607 -87.0482
13 280.554 181.876 1040 282.843 -89.0839
14 380.554 181.876 1040 360.555 -91.2007
15 480.554 181.876 1040 447.214 -93.064
16 80.5543 281.876 1040 300 -89.5829
17 180.554 281.876 1040 316.228 -90.0467
18 280.554 281.876 1040 360.555 -91.1918
19 380.554 281.876 1040 424.264 -92.5917
20 480.554 281.876 1040 500 -94.0631
21 80.5543 381.876 1040 400 -92.0788
22 180.554 381.876 1040 412.311 -92.3505
23 280.554 381.876 1040 447.214 -93.0633
24 380.554 381.876 1040 500 -94.073
25 480.554 381.876 1040 565.685 -95.0996
26 80.5543 481.876 1040 500 -94.0364
27 180.554 481.876 1040 509.902 -94.2303
28 280.554 481.876 1040 538.516 -94.7207
29 380.554 481.876 1040 583.095 -95.4278
30 480.554 481.876 1040 640.312 -96.2572
31 80.5543 581.876 1040 600 -95.6897
32 180.554 581.876 1040 608.276 -95.715
33 280.554 581.876 1040 632.456 -95.9954
34 380.554 581.876 1040 670.82 -96.5962
35 480.554 581.876 1040 721.11 -97.2284
