# <Transmitter Set: Tx: 20 tx_ant_grid_60_m - Point 7> 
# <Receiver Set: Rx: 17 rx_ant_grid> 
# <X(m)> <Y(m)> <Z(m)> <Distance(m)> <PathGain(dB)>
1 84.9784 -13.2734 2 146.806 -83.6745
2 94.9784 -13.2734 2 140.501 -87.3701
3 104.978 -13.2734 2 134.644 -84.2863
4 114.978 -13.2734 2 129.296 -86.7284
5 124.978 -13.2734 2 124.523 -84.4638
6 134.978 -13.2734 2 120.393 -83.8008
7 144.978 -13.2734 2 116.974 -85.3538
8 154.978 -13.2734 2 114.331 -85.9858
9 164.978 -13.2734 2 112.516 -82.2889
10 174.978 -13.2734 2 111.573 -82.9606
11 184.978 -13.2734 2 111.521 -81.3152
12 194.978 -13.2734 2 112.363 -98.8603
13 204.978 -13.2734 2 114.078 -100.347
14 214.978 -13.2734 2 116.629 -102.135
15 224.978 -13.2734 2 119.962 -100.158
16 234.978 -13.2734 2 124.013 -101.442
17 244.978 -13.2734 2 128.716 -100.813
18 254.978 -13.2734 2 134.001 -100.388
19 264.978 -13.2734 2 139.803 -100.522
20 274.978 -13.2734 2 146.059 -90.6304
21 284.978 -13.2734 2 152.715 -100.023
22 294.978 -13.2734 2 159.719 -98.5169
23 304.978 -13.2734 2 167.029 -94.6413
24 314.978 -13.2734 2 174.606 -109.551
25 324.978 -13.2734 2 182.416 -100.082
26 334.978 -13.2734 2 190.431 -93.8725
27 344.978 -13.2734 2 198.627 -100.511
28 354.978 -13.2734 2 206.981 -99.1499
29 364.978 -13.2734 2 215.475 -102.769
30 374.978 -13.2734 2 224.094 -92.5921
31 384.978 -13.2734 2 232.823 -101.074
32 394.978 -13.2734 2 241.651 -107.445
33 404.978 -13.2734 2 250.566 -98.3424
34 414.978 -13.2734 2 259.561 -102.595
35 424.978 -13.2734 2 268.627 -89.3385
36 434.978 -13.2734 2 277.757 -87.8019
37 444.978 -13.2734 2 286.945 -88.3867
38 454.978 -13.2734 2 296.186 -88.5218
39 464.978 -13.2734 2 305.474 -89.6143
40 474.978 -13.2734 2 314.806 -102.603
41 484.978 -13.2734 2 324.178 -117.169
42 84.9784 -3.2734 2 140.532 -87.2022
43 94.9784 -3.2734 2 133.931 -84.963
44 104.978 -3.2734 2 127.774 -82.7647
45 114.978 -3.2734 2 122.125 -86.5924
46 124.978 -3.2734 2 117.06 -116.571
47 134.978 -3.2734 2 112.657 -82.1312
48 144.978 -3.2734 2 108.995 -87.9636
49 154.978 -3.2734 2 106.153 -82.485
50 164.978 -3.2734 2 104.197 -84.4365
51 174.978 -3.2734 2 103.177 -89.1424
52 184.978 -3.2734 2 103.121 -85.9079
53 194.978 -3.2734 2 104.031 -110.257
54 204.978 -3.2734 2 105.882 -113.706
55 214.978 -3.2734 2 108.625 -111.218
56 224.978 -3.2734 2 112.196 -113.801
57 234.978 -3.2734 2 116.518 -128.038
58 244.978 -3.2734 2 121.511 -113.711
59 254.978 -3.2734 2 127.096 -111.837
60 264.978 -3.2734 2 133.198 -103.805
61 274.978 -3.2734 2 139.751 -93.5659
62 284.978 -3.2734 2 146.693 -104.749
63 294.978 -3.2734 2 153.972 -122.547
64 304.978 -3.2734 2 161.542 -125.216
65 314.978 -3.2734 2 169.364 -117.571
66 324.978 -3.2734 2 177.405 -116.342
67 334.978 -3.2734 2 185.637 -122.234
68 344.978 -3.2734 2 194.035 -119.757
69 354.978 -3.2734 2 202.579 -121.758
70 364.978 -3.2734 2 211.25 -133.99
71 374.978 -3.2734 2 220.034 -115.144
72 384.978 -3.2734 2 228.918 -96.4919
73 394.978 -3.2734 2 237.891 -99.651
74 404.978 -3.2734 2 246.942 -98.7556
75 414.978 -3.2734 2 256.065 -97.967
76 424.978 -3.2734 2 265.25 -88.8142
77 434.978 -3.2734 2 274.492 -86.6703
78 444.978 -3.2734 2 283.786 -123.907
79 454.978 -3.2734 2 293.126 -139.022
80 464.978 -3.2734 2 302.509 -146.05
81 474.978 -3.2734 2 311.929 -121.108
82 484.978 -3.2734 2 321.385 -145.183
83 84.9784 6.7266 2 134.708 -83.9539
84 94.9784 6.7266 2 127.807 -82.951
85 104.978 6.7266 2 121.339 -85.0963
86 114.978 6.7266 2 115.376 -87.3016
87 124.978 6.7266 2 110 -250
88 134.978 6.7266 2 105.302 -79.9697
89 144.978 6.7266 2 101.376 -84.4966
90 154.978 6.7266 2 98.3133 -85.4557
91 164.978 6.7266 2 96.1977 -85.2622
92 174.978 6.7266 2 95.0919 -82.6124
93 184.978 6.7266 2 95.0313 -78.231
94 194.978 6.7266 2 96.0179 -122.999
95 204.978 6.7266 2 98.02 -123.028
96 214.978 6.7266 2 100.977 -123.781
97 224.978 6.7266 2 104.809 -125.264
98 234.978 6.7266 2 109.423 -123.21
99 244.978 6.7266 2 114.725 -120.988
100 254.978 6.7266 2 120.625 -113.137
101 264.978 6.7266 2 127.039 -103.736
102 274.978 6.7266 2 133.893 -95.0068
103 284.978 6.7266 2 141.123 -105.526
104 294.978 6.7266 2 148.675 -250
105 304.978 6.7266 2 156.502 -250
106 314.978 6.7266 2 164.564 -250
107 324.978 6.7266 2 172.829 -250
108 334.978 6.7266 2 181.268 -250
109 344.978 6.7266 2 189.86 -250
110 354.978 6.7266 2 198.583 -250
111 364.978 6.7266 2 207.421 -250
112 374.978 6.7266 2 216.361 -250
113 384.978 6.7266 2 225.39 -250
114 394.978 6.7266 2 234.498 -95.231
115 404.978 6.7266 2 243.675 -94.9608
116 414.978 6.7266 2 252.915 -93.2072
117 424.978 6.7266 2 262.211 -89.6002
118 434.978 6.7266 2 271.557 -87.4549
119 444.978 6.7266 2 280.947 -250
120 454.978 6.7266 2 290.379 -250
121 464.978 6.7266 2 299.847 -250
122 474.978 6.7266 2 309.349 -129.786
123 484.978 6.7266 2 318.882 -128.174
124 84.9784 16.7266 2 129.395 -84.7082
125 94.9784 16.7266 2 122.195 -87.0765
126 104.978 16.7266 2 115.413 -88.2926
127 114.978 16.7266 2 109.127 -87.6609
128 124.978 16.7266 2 103.427 -250
129 134.978 16.7266 2 98.4153 -85.1719
130 144.978 16.7266 2 94.2022 -84.1074
131 154.978 16.7266 2 90.8984 -84.156
132 164.978 16.7266 2 88.6059 -86.4627
133 174.978 16.7266 2 87.4042 -87.2904
134 184.978 16.7266 2 87.3383 -81.0197
135 194.978 16.7266 2 88.4107 -250
136 204.978 16.7266 2 90.5811 -250
137 214.978 16.7266 2 93.7732 -250
138 224.978 16.7266 2 97.8872 -250
139 234.978 16.7266 2 102.812 -250
140 244.978 16.7266 2 108.438 -250
141 254.978 16.7266 2 114.662 -250
142 264.978 16.7266 2 121.391 -115.856
143 274.978 16.7266 2 128.547 -94.9895
144 284.978 16.7266 2 136.062 -111.457
145 294.978 16.7266 2 143.879 -250
146 304.978 16.7266 2 151.953 -250
147 314.978 16.7266 2 160.244 -250
148 324.978 16.7266 2 168.721 -94.2211
149 334.978 16.7266 2 177.356 -83.3591
150 344.978 16.7266 2 186.128 -250
151 354.978 16.7266 2 195.018 -250
152 364.978 16.7266 2 204.011 -250
153 374.978 16.7266 2 213.094 -250
154 384.978 16.7266 2 222.256 -94.0876
155 394.978 16.7266 2 231.487 -95.3907
156 404.978 16.7266 2 240.779 -103.522
157 414.978 16.7266 2 250.126 -94.4149
158 424.978 16.7266 2 259.522 -96.4227
159 434.978 16.7266 2 268.961 -103.828
160 444.978 16.7266 2 278.439 -250
161 454.978 16.7266 2 287.953 -250
162 464.978 16.7266 2 297.499 -250
163 474.978 16.7266 2 307.073 -122.791
164 484.978 16.7266 2 316.674 -122.567
165 84.9784 26.7266 2 124.66 -85.4249
166 94.9784 26.7266 2 117.169 -84.6952
167 104.978 26.7266 2 110.078 -85.1321
168 114.978 26.7266 2 103.468 -86.5248
169 124.978 26.7266 2 97.4377 -88.9117
170 134.978 26.7266 2 92.1009 -88.6718
171 144.978 26.7266 2 87.5846 -85.1925
172 154.978 26.7266 2 84.0211 -122.175
173 164.978 26.7266 2 81.5354 -122.115
174 174.978 26.7266 2 80.2279 -86.22
175 184.978 26.7266 2 80.1561 -82.3875
176 194.978 26.7266 2 81.3233 -250
177 204.978 26.7266 2 83.6777 -250
178 214.978 26.7266 2 87.1231 -250
179 224.978 26.7266 2 91.5365 -250
180 234.978 26.7266 2 96.7854 -250
181 244.978 26.7266 2 102.742 -250
182 254.978 26.7266 2 109.29 -250
183 264.978 26.7266 2 116.331 -112.621
184 274.978 26.7266 2 123.779 -95.033
185 284.978 26.7266 2 131.567 -92.9034
186 294.978 26.7266 2 139.636 -250
187 304.978 26.7266 2 147.942 -250
188 314.978 26.7266 2 156.446 -110.292
189 324.978 26.7266 2 165.117 -106.133
190 334.978 26.7266 2 173.932 -94.3696
191 344.978 26.7266 2 182.868 -95.7279
192 354.978 26.7266 2 191.909 -96.7535
193 364.978 26.7266 2 201.041 -250
194 374.978 26.7266 2 210.253 -250
195 384.978 26.7266 2 219.533 -120.004
196 394.978 26.7266 2 228.874 -118.666
197 404.978 26.7266 2 238.268 -95.2281
198 414.978 26.7266 2 247.71 -95.9745
199 424.978 26.7266 2 257.194 -98.5415
200 434.978 26.7266 2 266.715 -99.7859
201 444.978 26.7266 2 276.271 -99.1177
202 454.978 26.7266 2 285.857 -250
203 464.978 26.7266 2 295.47 -250
204 474.978 26.7266 2 305.108 -131.541
205 484.978 26.7266 2 314.769 -128.391
206 84.9784 36.7266 2 120.57 -83.6551
207 94.9784 36.7266 2 112.808 -82.7416
208 104.978 36.7266 2 105.424 -82.2899
209 114.978 36.7266 2 98.502 -85.0129
210 124.978 36.7266 2 92.1473 -88.9987
211 134.978 36.7266 2 86.4847 -83.3433
212 144.978 36.7266 2 81.6583 -84.1126
213 154.978 36.7266 2 77.8239 -91.9851
214 164.978 36.7266 2 75.1335 -106.205
215 174.978 36.7266 2 73.7125 -128.248
216 184.978 36.7266 2 73.6343 -139.24
217 194.978 36.7266 2 74.9032 -115.25
218 204.978 36.7266 2 77.4531 -109.101
219 214.978 36.7266 2 81.1632 -84.0847
220 224.978 36.7266 2 85.8833 -250
221 234.978 36.7266 2 91.4572 -250
222 244.978 36.7266 2 97.739 -250
223 254.978 36.7266 2 104.601 -250
224 264.978 36.7266 2 111.937 -105.782
225 274.978 36.7266 2 119.659 -81.5297
226 284.978 36.7266 2 127.698 -81.002
227 294.978 36.7266 2 135.997 -250
228 304.978 36.7266 2 144.512 -250
229 314.978 36.7266 2 153.207 -112.195
230 324.978 36.7266 2 162.052 -115.968
231 334.978 36.7266 2 171.024 -103.836
232 344.978 36.7266 2 180.105 -92.2364
233 354.978 36.7266 2 189.278 -90.7693
234 364.978 36.7266 2 198.531 -95.0766
235 374.978 36.7266 2 207.854 -102.602
236 384.978 36.7266 2 217.236 -250
237 394.978 36.7266 2 226.672 -250
238 404.978 36.7266 2 236.154 -99.6753
239 414.978 36.7266 2 245.677 -92.964
240 424.978 36.7266 2 255.236 -97.6888
241 434.978 36.7266 2 264.828 -96.8382
242 444.978 36.7266 2 274.45 -90.8195
243 454.978 36.7266 2 284.097 -250
244 464.978 36.7266 2 293.768 -250
245 474.978 36.7266 2 303.46 -121.105
246 484.978 36.7266 2 313.172 -133.661
247 84.9784 46.7266 2 117.193 -84.6313
248 94.9784 46.7266 2 109.191 -87.9366
249 104.978 46.7266 2 101.544 -85.1723
250 114.978 46.7266 2 94.338 -82.7335
251 124.978 46.7266 2 87.682 -88.9989
252 134.978 46.7266 2 81.7106 -83.6873
253 144.978 46.7266 2 76.5839 -89.5054
254 154.978 46.7266 2 72.4816 -250
255 164.978 46.7266 2 69.585 -250
256 174.978 46.7266 2 68.0481 -250
257 184.978 46.7266 2 67.9634 -250
258 194.978 46.7266 2 69.3362 -250
259 204.978 46.7266 2 72.0832 -93.8005
260 214.978 46.7266 2 76.0557 -86.9836
261 224.978 46.7266 2 81.0738 -88.1859
262 234.978 46.7266 2 86.9565 -87.9925
263 244.978 46.7266 2 93.541 -93.2462
264 254.978 46.7266 2 100.69 -80.1506
265 264.978 46.7266 2 108.291 -81.8942
266 274.978 46.7266 2 116.256 -86.1307
267 284.978 46.7266 2 124.514 -83.4641
268 294.978 46.7266 2 133.013 -250
269 304.978 46.7266 2 141.707 -250
270 314.978 46.7266 2 150.563 -250
271 324.978 46.7266 2 159.555 -250
272 334.978 46.7266 2 168.66 -250
273 344.978 46.7266 2 177.862 -250
274 354.978 46.7266 2 187.145 -250
275 364.978 46.7266 2 196.499 -118.387
276 374.978 46.7266 2 205.913 -102.783
277 384.978 46.7266 2 215.38 -250
278 394.978 46.7266 2 224.894 -250
279 404.978 46.7266 2 234.448 -105.361
280 414.978 46.7266 2 244.037 -98.4964
281 424.978 46.7266 2 253.658 -101.369
282 434.978 46.7266 2 263.308 -97.1638
283 444.978 46.7266 2 272.983 -109.647
284 454.978 46.7266 2 282.68 -250
285 464.978 46.7266 2 292.398 -250
286 474.978 46.7266 2 302.134 -121.639
287 484.978 46.7266 2 311.887 -128.099
288 84.9784 56.7266 2 114.592 -86.6523
289 94.9784 56.7266 2 106.394 -82.6203
290 104.978 56.7266 2 98.5302 -84.8988
291 114.978 56.7266 2 91.0861 -83.8458
292 124.978 56.7266 2 84.1734 -90.5352
293 134.978 56.7266 2 77.9335 -85.4508
294 144.978 56.7266 2 72.5405 -85.786
295 154.978 56.7266 2 68.1953 -250
296 164.978 56.7266 2 65.1082 -250
297 174.978 56.7266 2 63.4631 -250
298 184.978 56.7266 2 63.3723 -250
299 194.978 56.7266 2 64.8424 -250
300 204.978 56.7266 2 67.7718 -100.927
301 214.978 56.7266 2 71.9826 -87.3899
302 224.978 56.7266 2 77.2656 -90.3901
303 234.978 56.7266 2 83.4174 -86.6796
304 244.978 56.7266 2 90.2604 -80.5292
305 254.978 56.7266 2 97.6495 -84.106
306 264.978 56.7266 2 105.47 -79.0818
307 274.978 56.7266 2 113.633 -79.6876
308 284.978 56.7266 2 122.069 -85.8141
309 294.978 56.7266 2 130.726 -250
310 304.978 56.7266 2 139.563 -250
311 314.978 56.7266 2 148.547 -250
312 324.978 56.7266 2 157.654 -250
313 334.978 56.7266 2 166.863 -250
314 344.978 56.7266 2 176.158 -250
315 354.978 56.7266 2 185.527 -250
316 364.978 56.7266 2 194.958 -100.392
317 374.978 56.7266 2 204.444 -101.822
318 384.978 56.7266 2 213.976 -250
319 394.978 56.7266 2 223.549 -250
320 404.978 56.7266 2 233.158 -105.78
321 414.978 56.7266 2 242.799 -98.9042
322 424.978 56.7266 2 252.467 -90.4935
323 434.978 56.7266 2 262.16 -86.3498
324 444.978 56.7266 2 271.876 -86.6433
325 454.978 56.7266 2 281.612 -250
326 464.978 56.7266 2 291.365 -250
327 474.978 56.7266 2 301.135 -95.0274
328 484.978 56.7266 2 310.919 -106.363
329 84.9784 66.7266 2 112.82 -82.8794
330 94.9784 66.7266 2 104.483 -83.6725
331 104.978 66.7266 2 96.4635 -86.2653
332 114.978 66.7266 2 88.8464 -86.6729
333 124.978 66.7266 2 81.7446 -83.9686
334 134.978 66.7266 2 75.3038 -84.6702
335 144.978 66.7266 2 69.7075 -87.1499
336 154.978 66.7266 2 65.1738 -93.2828
337 164.978 66.7266 2 61.9363 -94.4358
338 174.978 66.7266 2 60.2045 -99.1542
339 184.978 66.7266 2 60.1088 -115.325
340 194.978 66.7266 2 61.6567 -97.4188
341 204.978 66.7266 2 64.7305 -90.4502
342 214.978 66.7266 2 69.1268 -87.7363
343 224.978 66.7266 2 74.6123 -87.2193
344 234.978 66.7266 2 80.9659 -87.6359
345 244.978 66.7266 2 87.9998 -90.299
346 254.978 66.7266 2 95.5638 -83.088
347 264.978 66.7266 2 103.542 -85.6923
348 274.978 66.7266 2 111.845 -82.7255
349 284.978 66.7266 2 120.407 -84.2377
350 294.978 66.7266 2 129.176 -83.4456
351 304.978 66.7266 2 138.112 -83.3144
352 314.978 66.7266 2 147.185 -81.4458
353 324.978 66.7266 2 156.371 -92.8924
354 334.978 66.7266 2 165.651 -87.9473
355 344.978 66.7266 2 175.011 -84.6122
356 354.978 66.7266 2 184.438 -86.2504
357 364.978 66.7266 2 193.922 -86.8556
358 374.978 66.7266 2 203.456 -89.4273
359 384.978 66.7266 2 213.032 -86.4001
360 394.978 66.7266 2 222.646 -90.0688
361 404.978 66.7266 2 232.292 -88.5676
362 414.978 66.7266 2 241.967 -88.7735
363 424.978 66.7266 2 251.668 -87.9974
364 434.978 66.7266 2 261.391 -88.1636
365 444.978 66.7266 2 271.134 -91.4409
366 454.978 66.7266 2 280.895 -90.1357
367 464.978 66.7266 2 290.673 -88.3275
368 474.978 66.7266 2 300.465 -89.5936
369 484.978 66.7266 2 310.27 -90.5034
370 84.9784 76.7266 2 111.916 -83.5434
371 94.9784 76.7266 2 103.507 -88.52
372 104.978 76.7266 2 95.4056 -85.4762
373 114.978 76.7266 2 87.6967 -90.5696
374 124.978 76.7266 2 80.4934 -90.0541
375 134.978 76.7266 2 73.9437 -91.4014
376 144.978 76.7266 2 68.236 -98.0808
377 154.978 76.7266 2 63.5975 -99.1501
378 164.978 76.7266 2 60.2754 -99.8412
379 174.978 76.7266 2 58.4945 -112.996
380 184.978 76.7266 2 58.3959 -106.292
381 194.978 76.7266 2 59.9881 -97.0033
382 204.978 76.7266 2 63.1431 -95.245
383 214.978 76.7266 2 67.6427 -91.9834
384 224.978 76.7266 2 73.2394 -88.16
385 234.978 76.7266 2 79.7026 -97.2511
386 244.978 76.7266 2 86.8388 -94.4861
387 254.978 76.7266 2 94.4958 -98.7931
388 264.978 76.7266 2 102.557 -110.402
389 274.978 76.7266 2 110.934 -110.967
390 284.978 76.7266 2 119.561 -103.377
391 294.978 76.7266 2 128.388 -85.0794
392 304.978 76.7266 2 137.375 -82.6285
393 314.978 76.7266 2 146.494 -82.935
394 324.978 76.7266 2 155.72 -85.613
395 334.978 76.7266 2 165.037 -85.7728
396 344.978 76.7266 2 174.43 -83.8857
397 354.978 76.7266 2 183.887 -88.1293
398 364.978 76.7266 2 193.398 -85.4667
399 374.978 76.7266 2 202.956 -88.4991
400 384.978 76.7266 2 212.555 -88.2709
401 394.978 76.7266 2 222.19 -86.2084
402 404.978 76.7266 2 231.855 -89.3878
403 414.978 76.7266 2 241.547 -92.2719
404 424.978 76.7266 2 251.264 -91.6468
405 434.978 76.7266 2 261.002 -95.6273
406 444.978 76.7266 2 270.759 -122.052
407 454.978 76.7266 2 280.534 -120.927
408 464.978 76.7266 2 290.323 -121.965
409 474.978 76.7266 2 300.127 -116.214
410 484.978 76.7266 2 309.943 -113.737
411 84.9784 86.7266 2 111.903 -83.9793
412 94.9784 86.7266 2 103.493 -108.12
413 104.978 86.7266 2 95.39 -250
414 114.978 86.7266 2 87.6797 -250
415 124.978 86.7266 2 80.4749 -250
416 134.978 86.7266 2 73.9236 -88.6094
417 144.978 86.7266 2 68.2142 -92.2887
418 154.978 86.7266 2 63.574 -250
419 164.978 86.7266 2 60.2506 -250
420 174.978 86.7266 2 58.469 -250
421 184.978 86.7266 2 58.3704 -100.256
422 194.978 86.7266 2 59.9632 -103.122
423 204.978 86.7266 2 63.1195 -92.5806
424 214.978 86.7266 2 67.6206 -90.1802
425 224.978 86.7266 2 73.2191 -250
426 234.978 86.7266 2 79.6838 -250
427 244.978 86.7266 2 86.8216 -250
428 254.978 86.7266 2 94.48 -96.229
429 264.978 86.7266 2 102.542 -94.5298
430 274.978 86.7266 2 110.921 -95.9986
431 284.978 86.7266 2 119.549 -96.9736
432 294.978 86.7266 2 128.376 -82.2102
433 304.978 86.7266 2 137.364 -80.3737
434 314.978 86.7266 2 146.483 -82.7068
435 324.978 86.7266 2 155.711 -89.1037
436 334.978 86.7266 2 165.028 -84.7125
437 344.978 86.7266 2 174.421 -83.04
438 354.978 86.7266 2 183.878 -90.3734
439 364.978 86.7266 2 193.39 -87.1584
440 374.978 86.7266 2 202.949 -87.5466
441 384.978 86.7266 2 212.548 -250
442 394.978 86.7266 2 222.183 -250
443 404.978 86.7266 2 231.848 -250
444 414.978 86.7266 2 241.541 -123.188
445 424.978 86.7266 2 251.258 -111.287
446 434.978 86.7266 2 260.996 -114.788
447 444.978 86.7266 2 270.754 -250
448 454.978 86.7266 2 280.528 -250
449 464.978 86.7266 2 290.318 -250
450 474.978 86.7266 2 300.122 -126.022
451 484.978 86.7266 2 309.938 -118.646
452 84.9784 96.7266 2 112.78 -83.9146
453 94.9784 96.7266 2 104.44 -108.371
454 104.978 96.7266 2 96.4171 -120.831
455 114.978 96.7266 2 88.7961 -117.845
456 124.978 96.7266 2 81.6898 -84.4649
457 134.978 96.7266 2 75.2443 -84.5873
458 144.978 96.7266 2 69.6433 -88.2292
459 154.978 96.7266 2 65.1051 -250
460 164.978 96.7266 2 61.864 -250
461 174.978 96.7266 2 60.1302 -250
462 184.978 96.7266 2 60.0343 -97.4461
463 194.978 96.7266 2 61.5841 -250
464 204.978 96.7266 2 64.6613 -250
465 214.978 96.7266 2 69.0621 -250
466 224.978 96.7266 2 74.5523 -250
467 234.978 96.7266 2 80.9107 -250
468 244.978 96.7266 2 87.9489 -250
469 254.978 96.7266 2 95.517 -250
470 264.978 96.7266 2 103.499 -250
471 274.978 96.7266 2 111.805 -92.6914
472 284.978 96.7266 2 120.37 -101.343
473 294.978 96.7266 2 129.141 -82.1433
474 304.978 96.7266 2 138.079 -84.5809
475 314.978 96.7266 2 147.154 -86.4265
476 324.978 96.7266 2 156.342 -84.4002
477 334.978 96.7266 2 165.624 -90.6461
478 344.978 96.7266 2 174.985 -88.7566
479 354.978 96.7266 2 184.413 -89.4875
480 364.978 96.7266 2 193.899 -84.8056
481 374.978 96.7266 2 203.434 -90.3453
482 384.978 96.7266 2 213.011 -250
483 394.978 96.7266 2 222.626 -250
484 404.978 96.7266 2 232.273 -250
485 414.978 96.7266 2 241.949 -108.832
486 424.978 96.7266 2 251.65 -110.096
487 434.978 96.7266 2 261.374 -107.646
488 444.978 96.7266 2 271.117 -250
489 454.978 96.7266 2 280.879 -250
490 464.978 96.7266 2 290.657 -250
491 474.978 96.7266 2 300.45 -114.109
492 484.978 96.7266 2 310.256 -111.879
493 84.9784 106.727 2 114.527 -86.4111
494 94.9784 106.727 2 106.324 -83.7369
495 104.978 106.727 2 98.4545 -85.6791
496 114.978 106.727 2 91.0042 -86.9135
497 124.978 106.727 2 84.0848 -84.2208
498 134.978 106.727 2 77.8378 -87.4449
499 144.978 106.727 2 72.4376 -88.2568
500 154.978 106.727 2 68.0859 -250
501 164.978 106.727 2 64.9937 -250
502 174.978 106.727 2 63.3456 -250
503 184.978 106.727 2 63.2546 -99.3867
504 194.978 106.727 2 64.7273 -250
505 204.978 106.727 2 67.6617 -250
506 214.978 106.727 2 71.879 -250
507 224.978 106.727 2 77.1691 -250
508 234.978 106.727 2 83.328 -250
509 244.978 106.727 2 90.1778 -250
510 254.978 106.727 2 97.5731 -250
511 264.978 106.727 2 105.399 -250
512 274.978 106.727 2 113.567 -96.479
513 284.978 106.727 2 122.008 -94.9226
514 294.978 106.727 2 130.669 -92.3004
515 304.978 106.727 2 139.51 -94.7659
516 314.978 106.727 2 148.497 -91.4756
517 324.978 106.727 2 157.607 -89.3021
518 334.978 106.727 2 166.818 -79.9214
519 344.978 106.727 2 176.116 -79.3859
520 354.978 106.727 2 185.487 -85.4647
521 364.978 106.727 2 194.92 -83.437
522 374.978 106.727 2 204.407 -90.4656
523 384.978 106.727 2 213.941 -250
524 394.978 106.727 2 223.516 -250
525 404.978 106.727 2 233.126 -250
526 414.978 106.727 2 242.768 -113.525
527 424.978 106.727 2 252.438 -127.895
528 434.978 106.727 2 262.132 -121.561
529 444.978 106.727 2 271.849 -250
530 454.978 106.727 2 281.585 -250
531 464.978 106.727 2 291.339 -250
532 474.978 106.727 2 301.11 -127.299
533 484.978 106.727 2 310.895 -142.235
534 84.9784 116.727 2 117.104 -84.9718
535 94.9784 116.727 2 109.095 -84.7792
536 104.978 116.727 2 101.441 -121.054
537 114.978 116.727 2 94.2273 -250
538 124.978 116.727 2 87.5629 -250
539 134.978 116.727 2 81.5828 -250
540 144.978 116.727 2 76.4476 -250
541 154.978 116.727 2 72.3375 -250
542 164.978 116.727 2 69.4348 -250
543 174.978 116.727 2 67.8946 -250
544 184.978 116.727 2 67.8097 -89.0159
545 194.978 116.727 2 69.1856 -250
546 204.978 116.727 2 71.9383 -250
547 214.978 116.727 2 75.9184 -250
548 224.978 116.727 2 80.945 -250
549 234.978 116.727 2 86.8365 -250
550 244.978 116.727 2 93.4294 -250
551 254.978 116.727 2 100.586 -250
552 264.978 116.727 2 108.194 -250
553 274.978 116.727 2 116.166 -94.0905
554 284.978 116.727 2 124.431 -94.9662
555 294.978 116.727 2 132.934 -93.9433
556 304.978 116.727 2 141.633 -97.9472
557 314.978 116.727 2 150.494 -104.622
558 324.978 116.727 2 159.49 -250
559 334.978 116.727 2 168.598 -250
560 344.978 116.727 2 177.803 -250
561 354.978 116.727 2 187.089 -250
562 364.978 116.727 2 196.446 -250
563 374.978 116.727 2 205.862 -250
564 384.978 116.727 2 215.332 -250
565 394.978 116.727 2 224.847 -250
566 404.978 116.727 2 234.403 -250
567 414.978 116.727 2 243.994 -250
568 424.978 116.727 2 253.617 -117.658
569 434.978 116.727 2 263.268 -119.592
570 444.978 116.727 2 272.944 -250
571 454.978 116.727 2 282.643 -250
572 464.978 116.727 2 292.362 -250
573 474.978 116.727 2 302.1 -128.608
574 484.978 116.727 2 311.854 -135.842
575 84.9784 126.727 2 120.459 -83.7445
576 94.9784 126.727 2 112.689 -83.8756
577 104.978 126.727 2 105.296 -118.365
578 114.978 126.727 2 98.3657 -250
579 124.978 126.727 2 92.0015 -250
580 134.978 126.727 2 86.3294 -250
581 144.978 126.727 2 81.4939 -250
582 154.978 126.727 2 77.6513 -250
583 164.978 126.727 2 74.9547 -250
584 174.978 126.727 2 73.5302 -250
585 184.978 126.727 2 73.4519 -85.5136
586 194.978 126.727 2 74.7239 -101.912
587 204.978 126.727 2 77.2796 -104.12
588 214.978 126.727 2 80.9977 -104.511
589 224.978 126.727 2 85.7269 -250
590 234.978 126.727 2 91.3104 -250
591 244.978 126.727 2 97.6016 -250
592 254.978 126.727 2 104.473 -94.8663
593 264.978 126.727 2 111.817 -97.04
594 274.978 126.727 2 119.547 -95.6128
595 284.978 126.727 2 127.593 -96.8027
596 294.978 126.727 2 135.899 -94.2823
597 304.978 126.727 2 144.419 -97.0629
598 314.978 126.727 2 153.119 -105.864
599 324.978 126.727 2 161.969 -250
600 334.978 126.727 2 170.946 -250
601 344.978 126.727 2 180.03 -250
602 354.978 126.727 2 189.207 -250
603 364.978 126.727 2 198.464 -250
604 374.978 126.727 2 207.789 -250
605 384.978 126.727 2 217.175 -250
606 394.978 126.727 2 226.613 -250
607 404.978 126.727 2 236.097 -250
608 414.978 126.727 2 245.622 -250
609 424.978 126.727 2 255.184 -97.1183
610 434.978 126.727 2 264.778 -114.875
611 444.978 126.727 2 274.401 -250
612 454.978 126.727 2 284.05 -250
613 464.978 126.727 2 293.722 -250
614 474.978 126.727 2 303.416 -139.464
615 484.978 126.727 2 313.129 -129.749
616 84.9784 136.727 2 124.529 -85.7021
617 94.9784 136.727 2 117.029 -84.6065
618 104.978 136.727 2 109.929 -89.8186
619 114.978 136.727 2 103.309 -90.6684
620 124.978 136.727 2 97.2692 -108.603
621 134.978 136.727 2 91.9227 -250
622 144.978 136.727 2 87.3972 -250
623 154.978 136.727 2 83.8257 -250
624 164.978 136.727 2 81.3341 -250
625 174.978 136.727 2 80.0232 -250
626 184.978 136.727 2 79.9512 -84.013
627 194.978 136.727 2 81.1214 -88.1051
628 204.978 136.727 2 83.4815 -108.118
629 214.978 136.727 2 86.9347 -96.3763
630 224.978 136.727 2 91.3571 -250
631 234.978 136.727 2 96.6158 -250
632 244.978 136.727 2 102.582 -250
633 254.978 136.727 2 109.14 -89.8217
634 264.978 136.727 2 116.19 -92.6133
635 274.978 136.727 2 123.647 -88.4518
636 284.978 136.727 2 131.442 -92.1308
637 294.978 136.727 2 139.519 -97.9754
638 304.978 136.727 2 147.831 -97.2052
639 314.978 136.727 2 156.341 -112.267
640 324.978 136.727 2 165.018 -250
641 334.978 136.727 2 173.837 -250
642 344.978 136.727 2 182.778 -250
643 354.978 136.727 2 191.824 -250
644 364.978 136.727 2 200.96 -250
645 374.978 136.727 2 210.175 -250
646 384.978 136.727 2 219.458 -250
647 394.978 136.727 2 228.802 -250
648 404.978 136.727 2 238.199 -250
649 414.978 136.727 2 247.643 -250
650 424.978 136.727 2 257.13 -115.023
651 434.978 136.727 2 266.654 -98.3344
652 444.978 136.727 2 276.211 -250
653 454.978 136.727 2 285.799 -250
654 464.978 136.727 2 295.414 -250
655 474.978 136.727 2 305.054 -125.74
656 484.978 136.727 2 314.717 -118.133
657 84.9784 146.727 2 129.245 -84.3853
658 94.9784 146.727 2 122.036 -87.2929
659 104.978 146.727 2 115.245 -87.5775
660 114.978 146.727 2 108.949 -85.1319
661 124.978 146.727 2 103.239 -103.308
662 134.978 146.727 2 98.2181 -121.498
663 144.978 146.727 2 93.9962 -103.184
664 154.978 146.727 2 90.685 -110.031
665 164.978 146.727 2 88.3869 -110.6
666 174.978 146.727 2 87.1822 -110.931
667 184.978 146.727 2 87.1161 -88.4428
668 194.978 146.727 2 88.1913 -91.1395
669 204.978 146.727 2 90.3669 -86.0131
670 214.978 146.727 2 93.5664 -88.057
671 224.978 146.727 2 97.689 -86.2306
672 234.978 146.727 2 102.624 -90.606
673 244.978 146.727 2 108.259 -92.1953
674 254.978 146.727 2 114.493 -92.4411
675 264.978 146.727 2 121.231 -93.1083
676 274.978 146.727 2 128.396 -92.7652
677 284.978 146.727 2 135.919 -90.3339
678 294.978 146.727 2 143.745 -92.9875
679 304.978 146.727 2 151.826 -88.0856
680 314.978 146.727 2 160.123 -83.3566
681 324.978 146.727 2 168.606 -93.5728
682 334.978 146.727 2 177.247 -100.095
683 344.978 146.727 2 186.024 -87.8366
684 354.978 146.727 2 194.919 -94.7677
685 364.978 146.727 2 203.916 -100.036
686 374.978 146.727 2 213.003 -100.238
687 384.978 146.727 2 222.169 -95.0257
688 394.978 146.727 2 231.403 -95.0562
689 404.978 146.727 2 240.699 -96.6084
690 414.978 146.727 2 250.049 -105.514
691 424.978 146.727 2 259.447 -115.053
692 434.978 146.727 2 268.889 -98.9147
693 444.978 146.727 2 278.37 -105.289
694 454.978 146.727 2 287.886 -109.307
695 464.978 146.727 2 297.434 -114.362
696 474.978 146.727 2 307.01 -109.516
697 484.978 146.727 2 316.613 -102.157
698 84.9784 156.727 2 134.541 -84.1648
699 94.9784 156.727 2 127.632 -82.8282
700 104.978 156.727 2 121.154 -84.5739
701 114.978 156.727 2 115.182 -86.8443
702 124.978 156.727 2 109.797 -85.3094
703 134.978 156.727 2 105.09 -82.1908
704 144.978 156.727 2 101.155 -83.2714
705 154.978 156.727 2 98.0856 -90.3662
706 164.978 156.727 2 95.9649 -90.2507
707 174.978 156.727 2 94.8565 -91.3767
708 184.978 156.727 2 94.7957 -82.0182
709 194.978 156.727 2 95.7847 -82.0038
710 204.978 156.727 2 97.7916 -96.1768
711 214.978 156.727 2 100.756 -84.4872
712 224.978 156.727 2 104.595 -80.2438
713 234.978 156.727 2 109.218 -99.9328
714 244.978 156.727 2 114.53 -94.3771
715 254.978 156.727 2 120.439 -115.507
716 264.978 156.727 2 126.862 -91.6739
717 274.978 156.727 2 133.726 -99.5367
718 284.978 156.727 2 140.965 -97.6535
719 294.978 156.727 2 148.525 -86.195
720 304.978 156.727 2 156.359 -81.199
721 314.978 156.727 2 164.428 -86.7779
722 324.978 156.727 2 172.699 -91.5786
723 334.978 156.727 2 181.145 -91.0886
724 344.978 156.727 2 189.742 -83.2601
725 354.978 156.727 2 198.47 -83.7999
726 364.978 156.727 2 207.314 -93.5939
727 374.978 156.727 2 216.258 -100.665
728 384.978 156.727 2 225.291 -105.786
729 394.978 156.727 2 234.402 -94.4845
730 404.978 156.727 2 243.583 -96.0453
731 414.978 156.727 2 252.827 -96.8424
732 424.978 156.727 2 262.126 -95.364
733 434.978 156.727 2 271.474 -99.394
734 444.978 156.727 2 280.868 -104.586
735 454.978 156.727 2 290.302 -102.316
736 464.978 156.727 2 299.773 -93.4729
737 474.978 156.727 2 309.277 -110.573
738 484.978 156.727 2 318.811 -118.866
739 84.9784 166.727 2 140.351 -88.2048
740 94.9784 166.727 2 133.742 -85.4662
741 104.978 166.727 2 127.575 -80.9902
742 114.978 166.727 2 121.918 -83.5379
743 124.978 166.727 2 116.843 -85.3931
744 134.978 166.727 2 112.431 -82.4108
745 144.978 166.727 2 108.763 -87.8525
746 154.978 166.727 2 105.914 -82.6705
747 164.978 166.727 2 103.953 -85.1232
748 174.978 166.727 2 102.931 -89.7547
749 184.978 166.727 2 102.875 -87.5312
750 194.978 166.727 2 103.787 -84.5967
751 204.978 166.727 2 105.642 -83.5332
752 214.978 166.727 2 108.391 -87.1577
753 224.978 166.727 2 111.97 -250
754 234.978 166.727 2 116.3 -94.518
755 244.978 166.727 2 121.302 -250
756 254.978 166.727 2 126.896 -250
757 264.978 166.727 2 133.008 -250
758 274.978 166.727 2 139.569 -113.494
759 284.978 166.727 2 146.52 -93.5825
760 294.978 166.727 2 153.807 -250
761 304.978 166.727 2 161.385 -250
762 314.978 166.727 2 169.214 -250
763 324.978 166.727 2 177.263 -250
764 334.978 166.727 2 185.501 -250
765 344.978 166.727 2 193.905 -250
766 354.978 166.727 2 202.454 -102.858
767 364.978 166.727 2 211.13 -91.6187
768 374.978 166.727 2 219.919 -250
769 384.978 166.727 2 228.808 -111.678
770 394.978 166.727 2 237.784 -95.5581
771 404.978 166.727 2 246.84 -95.5181
772 414.978 166.727 2 255.966 -95.639
773 424.978 166.727 2 265.154 -96.3552
774 434.978 166.727 2 274.4 -93.4486
775 444.978 166.727 2 283.697 -250
776 454.978 166.727 2 293.04 -250
777 464.978 166.727 2 302.425 -250
778 474.978 166.727 2 311.848 -122.904
779 484.978 166.727 2 321.306 -120.654
780 84.9784 176.727 2 146.613 -84.7194
781 94.9784 176.727 2 140.299 -86.6947
782 104.978 176.727 2 134.434 -87.9472
783 114.978 176.727 2 129.077 -85.7317
784 124.978 176.727 2 124.296 -86.2088
785 134.978 176.727 2 120.158 -82.892
786 144.978 176.727 2 116.732 -86.0343
787 154.978 176.727 2 114.083 -85.2163
788 164.978 176.727 2 112.264 -82.2735
789 174.978 176.727 2 111.318 -82.5458
790 184.978 176.727 2 111.267 -82.1443
791 194.978 176.727 2 112.11 -82.3474
792 204.978 176.727 2 113.83 -85.3456
793 214.978 176.727 2 116.386 -83.1992
794 224.978 176.727 2 119.726 -250
795 234.978 176.727 2 123.785 -92.8044
796 244.978 176.727 2 128.496 -250
797 254.978 176.727 2 133.79 -250
798 264.978 176.727 2 139.6 -250
799 274.978 176.727 2 145.865 -88.6157
800 284.978 176.727 2 152.529 -93.2791
801 294.978 176.727 2 159.542 -250
802 304.978 176.727 2 166.859 -250
803 314.978 176.727 2 174.444 -250
804 324.978 176.727 2 182.261 -250
805 334.978 176.727 2 190.283 -250
806 344.978 176.727 2 198.484 -250
807 354.978 176.727 2 206.844 -107.4
808 364.978 176.727 2 215.344 -101.795
809 374.978 176.727 2 223.967 -250
810 384.978 176.727 2 232.701 -114.872
811 394.978 176.727 2 241.533 -109.797
812 404.978 176.727 2 250.453 -107.756
813 414.978 176.727 2 259.452 -99.6922
814 424.978 176.727 2 268.522 -102.542
815 434.978 176.727 2 277.655 -99.9468
816 444.978 176.727 2 286.846 -250
817 454.978 176.727 2 296.09 -250
818 464.978 176.727 2 305.381 -250
819 474.978 176.727 2 314.716 -125.792
820 484.978 176.727 2 324.091 -127.138
821 84.9784 186.727 2 153.273 -87.1083
822 94.9784 186.727 2 147.245 -83.5297
823 104.978 186.727 2 141.667 -87.3065
824 114.978 186.727 2 136.594 -83.3029
825 124.978 186.727 2 132.085 -89.5146
826 134.978 186.727 2 128.199 -82.772
827 144.978 186.727 2 124.993 -84.854
828 154.978 186.727 2 122.523 -87.5341
829 164.978 186.727 2 120.832 -83.9547
830 174.978 186.727 2 119.953 -82.5788
831 184.978 186.727 2 119.905 -83.0842
832 194.978 186.727 2 120.689 -82.8739
833 204.978 186.727 2 122.288 -89.6535
834 214.978 186.727 2 124.671 -81.1048
835 224.978 186.727 2 127.794 -250
836 234.978 186.727 2 131.604 -98.7393
837 244.978 186.727 2 136.045 -250
838 254.978 186.727 2 141.056 -250
839 264.978 186.727 2 146.578 -250
840 274.978 186.727 2 152.557 -96.9468
841 284.978 186.727 2 158.941 -95.2924
842 294.978 186.727 2 165.682 -115.681
843 304.978 186.727 2 172.74 -104.709
844 314.978 186.727 2 180.077 -109.441
845 324.978 186.727 2 187.659 -99.7115
846 334.978 186.727 2 195.46 -250
847 344.978 186.727 2 203.453 -250
848 354.978 186.727 2 211.616 -250
849 364.978 186.727 2 219.932 -250
850 374.978 186.727 2 228.382 -250
851 384.978 186.727 2 236.953 -97.9419
852 394.978 186.727 2 245.633 -99.58
853 404.978 186.727 2 254.409 -103.085
854 414.978 186.727 2 263.272 -106.56
855 424.978 186.727 2 272.215 -97.8714
856 434.978 186.727 2 281.228 -100.12
857 444.978 186.727 2 290.306 -250
858 454.978 186.727 2 299.443 -250
859 464.978 186.727 2 308.634 -250
860 474.978 186.727 2 317.873 -140.986
861 484.978 186.727 2 327.157 -131.101
862 84.9784 196.727 2 160.279 -84.7964
863 94.9784 196.727 2 154.525 -84.347
864 104.978 196.727 2 149.219 -84.4369
865 114.978 196.727 2 144.412 -86.6285
866 124.978 196.727 2 140.155 -83.8626
867 134.978 196.727 2 136.499 -82.9732
868 144.978 196.727 2 133.493 -85.4293
869 154.978 196.727 2 131.183 -87.9912
870 164.978 196.727 2 129.605 -85.4863
871 174.978 196.727 2 128.786 -83.6198
872 184.978 196.727 2 128.741 -82.6454
873 194.978 196.727 2 129.471 -83.5576
874 204.978 196.727 2 130.963 -90.8138
875 214.978 196.727 2 133.191 -99.0294
876 224.978 196.727 2 136.118 -250
877 234.978 196.727 2 139.702 -99.3791
878 244.978 196.727 2 143.893 -104.47
879 254.978 196.727 2 148.639 -133.277
880 264.978 196.727 2 153.89 -91.9016
881 274.978 196.727 2 159.595 -93.0426
882 284.978 196.727 2 165.708 -107.079
883 294.978 196.727 2 172.185 -100.9
884 304.978 196.727 2 178.986 -89.6712
885 314.978 196.727 2 186.077 -92.9474
886 324.978 196.727 2 193.425 -91.9917
887 334.978 196.727 2 201.001 -250
888 344.978 196.727 2 208.782 -250
889 354.978 196.727 2 216.745 -115.117
890 364.978 196.727 2 224.871 -109.813
891 374.978 196.727 2 233.143 -129.794
892 384.978 196.727 2 241.545 -95.0153
893 394.978 196.727 2 250.065 -95.2561
894 404.978 196.727 2 258.691 -96.6924
895 414.978 196.727 2 267.412 -104.577
896 424.978 196.727 2 276.221 -250
897 434.978 196.727 2 285.108 -250
898 444.978 196.727 2 294.066 -250
899 454.978 196.727 2 303.09 -250
900 464.978 196.727 2 312.173 -250
901 474.978 196.727 2 321.31 -123.761
902 484.978 196.727 2 330.498 -128.861
903 84.9784 206.727 2 167.59 -88.944
904 94.9784 206.727 2 162.096 -85.8784
905 104.978 206.727 2 157.046 -85.8119
906 114.978 206.727 2 152.486 -121.38
907 124.978 206.727 2 148.46 -250
908 134.978 206.727 2 145.014 -80.915
909 144.978 206.727 2 142.188 -87.5653
910 154.978 206.727 2 140.021 -86.6353
911 164.978 206.727 2 138.544 -83.7693
912 174.978 206.727 2 137.778 -85.0079
913 184.978 206.727 2 137.736 -84.2572
914 194.978 206.727 2 138.419 -83.0373
915 204.978 206.727 2 139.815 -85.7283
916 214.978 206.727 2 141.904 -87.4911
917 224.978 206.727 2 144.656 -88.169
918 234.978 206.727 2 148.033 -106.692
919 244.978 206.727 2 151.994 -91.8214
920 254.978 206.727 2 156.495 -92.2463
921 264.978 206.727 2 161.491 -93.7098
922 274.978 206.727 2 166.936 -113.794
923 284.978 206.727 2 172.789 -113.669
924 294.978 206.727 2 179.01 -111.789
925 304.978 206.727 2 185.562 -83.5316
926 314.978 206.727 2 192.41 -85.3153
927 324.978 206.727 2 199.525 -90.4627
928 334.978 206.727 2 206.878 -250
929 344.978 206.727 2 214.446 -250
930 354.978 206.727 2 222.206 -99.8857
931 364.978 206.727 2 230.139 -98.0763
932 374.978 206.727 2 238.228 -95.8035
933 384.978 206.727 2 246.457 -99.2424
934 394.978 206.727 2 254.813 -111.261
935 404.978 206.727 2 263.283 -109.451
936 414.978 206.727 2 271.857 -106.731
937 424.978 206.727 2 280.526 -250
938 434.978 206.727 2 289.281 -250
939 444.978 206.727 2 298.114 -250
940 454.978 206.727 2 307.018 -250
941 464.978 206.727 2 315.989 -250
942 474.978 206.727 2 325.019 -127.209
943 484.978 206.727 2 334.104 -132.333
944 84.9784 216.727 2 175.167 -85.4208
945 94.9784 216.727 2 169.918 -85.4376
946 104.978 216.727 2 165.108 -93.3403
947 114.978 216.727 2 160.776 -125.891
948 124.978 216.727 2 156.963 -250
949 134.978 216.727 2 153.707 -89.9943
950 144.978 216.727 2 151.044 -84.6454
951 154.978 216.727 2 149.006 -85.0987
952 164.978 216.727 2 147.619 -81.8212
953 174.978 216.727 2 146.901 -83.5111
954 184.978 216.727 2 146.862 -83.0579
955 194.978 216.727 2 147.502 -83.2794
956 204.978 216.727 2 148.813 -82.7538
957 214.978 216.727 2 150.777 -83.2315
958 224.978 216.727 2 153.37 -89.4341
959 234.978 216.727 2 156.559 -96.8618
960 244.978 216.727 2 160.31 -87.7309
961 254.978 216.727 2 164.583 -92.4314
962 264.978 216.727 2 169.34 -94.8388
963 274.978 216.727 2 174.541 -90.4045
964 284.978 216.727 2 180.148 -97.0188
965 294.978 216.727 2 186.123 -250
966 304.978 216.727 2 192.432 -250
967 314.978 216.727 2 199.044 -250
968 324.978 216.727 2 205.93 -250
969 334.978 216.727 2 213.062 -250
970 344.978 216.727 2 220.418 -250
971 354.978 216.727 2 227.975 -103.625
972 364.978 216.727 2 235.714 -103.13
973 374.978 216.727 2 243.618 -103.906
974 384.978 216.727 2 251.67 -108.796
975 394.978 216.727 2 259.859 -113.214
976 404.978 216.727 2 268.17 -123.444
977 414.978 216.727 2 276.593 -121.364
978 424.978 216.727 2 285.117 -250
979 434.978 216.727 2 293.735 -250
980 444.978 216.727 2 302.438 -250
981 454.978 216.727 2 311.219 -250
982 464.978 216.727 2 320.072 -250
983 474.978 216.727 2 328.99 -117.854
984 484.978 216.727 2 337.969 -116.488
985 84.9784 226.727 2 182.977 -87.6832
986 94.9784 226.727 2 177.958 -87.801
987 104.978 226.727 2 173.371 -250
988 114.978 226.727 2 169.251 -250
989 124.978 226.727 2 165.634 -250
990 134.978 226.727 2 162.551 -87.0446
991 144.978 226.727 2 160.036 -88.6806
992 154.978 226.727 2 158.114 -86.5131
993 164.978 226.727 2 156.807 -87.5447
994 174.978 226.727 2 156.131 -84.8413
995 184.978 226.727 2 156.094 -85.8006
996 194.978 226.727 2 156.697 -86.7095
997 204.978 226.727 2 157.931 -86.9045
998 214.978 226.727 2 159.784 -86.0878
999 224.978 226.727 2 162.232 -88.9858
1000 234.978 226.727 2 165.251 -86.791
1001 244.978 226.727 2 168.808 -83.8067
1002 254.978 226.727 2 172.872 -85.2313
1003 264.978 226.727 2 177.407 -83.9643
1004 274.978 226.727 2 182.378 -87.8692
1005 284.978 226.727 2 187.75 -89.5931
1006 294.978 226.727 2 193.491 -250
1007 304.978 226.727 2 199.567 -250
1008 314.978 226.727 2 205.951 -250
1009 324.978 226.727 2 212.613 -250
1010 334.978 226.727 2 219.528 -250
1011 344.978 226.727 2 226.674 -250
1012 354.978 226.727 2 234.029 -116.787
1013 364.978 226.727 2 241.574 -106.907
1014 374.978 226.727 2 249.292 -107.617
1015 384.978 226.727 2 257.167 -102.67
1016 394.978 226.727 2 265.186 -108.017
1017 404.978 226.727 2 273.335 -102.69
1018 414.978 226.727 2 281.603 -123.003
1019 424.978 226.727 2 289.981 -250
1020 434.978 226.727 2 298.458 -250
1021 444.978 226.727 2 307.028 -250
1022 454.978 226.727 2 315.681 -250
1023 464.978 226.727 2 324.412 -250
1024 474.978 226.727 2 333.214 -111.12
1025 484.978 226.727 2 342.082 -111.465
1026 84.9784 236.727 2 190.991 -86.843
1027 94.9784 236.727 2 186.188 -93.7692
1028 104.978 236.727 2 181.809 -99.5298
1029 114.978 236.727 2 177.885 -102.186
1030 124.978 236.727 2 174.446 -250
1031 134.978 236.727 2 171.523 -81.2969
1032 144.978 236.727 2 169.14 -90.7956
1033 154.978 236.727 2 167.323 -92.4645
1034 164.978 236.727 2 166.089 -90.8377
1035 174.978 236.727 2 165.451 -86.0374
1036 184.978 236.727 2 165.416 -86.4159
1037 194.978 236.727 2 165.985 -85.7038
1038 204.978 236.727 2 167.151 -87.0982
1039 214.978 236.727 2 168.902 -91.5131
1040 224.978 236.727 2 171.22 -82.279
1041 234.978 236.727 2 174.083 -83.711
1042 244.978 236.727 2 177.463 -83.0928
1043 254.978 236.727 2 181.333 -85.4284
1044 264.978 236.727 2 185.662 -83.455
1045 274.978 236.727 2 190.417 -96.0895
1046 284.978 236.727 2 195.569 -84.2913
1047 294.978 236.727 2 201.086 -250
1048 304.978 236.727 2 206.94 -250
1049 314.978 236.727 2 213.102 -250
1050 324.978 236.727 2 219.548 -250
1051 334.978 236.727 2 226.251 -250
1052 344.978 236.727 2 233.191 -250
1053 354.978 236.727 2 240.347 -122.038
1054 364.978 236.727 2 247.7 -111.973
1055 374.978 236.727 2 255.232 -118.751
1056 384.978 236.727 2 262.93 -115.439
1057 394.978 236.727 2 270.778 -106.348
1058 404.978 236.727 2 278.763 -98.708
1059 414.978 236.727 2 286.875 -250
1060 424.978 236.727 2 295.103 -250
1061 434.978 236.727 2 303.438 -250
1062 444.978 236.727 2 311.87 -250
1063 454.978 236.727 2 320.393 -250
1064 464.978 236.727 2 328.998 -250
1065 474.978 236.727 2 337.681 -123.131
1066 484.978 236.727 2 346.434 -106.252
1067 84.9784 246.727 2 199.185 -87.5616
1068 94.9784 246.727 2 194.584 -100.183
1069 104.978 246.727 2 190.398 -100.516
1070 114.978 246.727 2 186.655 -97.4483
1071 124.978 246.727 2 183.381 -101.101
1072 134.978 246.727 2 180.602 -84.3432
1073 144.978 246.727 2 178.341 -86.7672
1074 154.978 246.727 2 176.618 -82.7212
1075 164.978 246.727 2 175.449 -82.6552
1076 174.978 246.727 2 174.845 -82.9302
1077 184.978 246.727 2 174.812 -86.3022
1078 194.978 246.727 2 175.351 -85.8808
1079 204.978 246.727 2 176.455 -86.679
1080 214.978 246.727 2 178.115 -91.5252
1081 224.978 246.727 2 180.315 -90.0878
1082 234.978 246.727 2 183.035 -88.5593
1083 244.978 246.727 2 186.253 -92.9346
1084 254.978 246.727 2 189.944 -84.9218
1085 264.978 246.727 2 194.081 -83.1382
1086 274.978 246.727 2 198.635 -84.0454
1087 284.978 246.727 2 203.579 -83.1609
1088 294.978 246.727 2 208.884 -86.8989
1089 304.978 246.727 2 214.525 -93.6028
1090 314.978 246.727 2 220.476 -95.7956
1091 324.978 246.727 2 226.712 -99.7407
1092 334.978 246.727 2 233.209 -101.285
1093 344.978 246.727 2 239.948 -107.776
1094 354.978 246.727 2 246.908 -107.979
1095 364.978 246.727 2 254.071 -127.967
1096 374.978 246.727 2 261.42 -109.904
1097 384.978 246.727 2 268.941 -106.042
1098 394.978 246.727 2 276.618 -133.813
1099 404.978 246.727 2 284.44 -112.065
1100 414.978 246.727 2 292.394 -106.486
1101 424.978 246.727 2 300.471 -115.402
1102 434.978 246.727 2 308.661 -109.659
1103 444.978 246.727 2 316.954 -111.953
1104 454.978 246.727 2 325.344 -122.897
1105 464.978 246.727 2 333.822 -114.601
1106 474.978 246.727 2 342.382 -108.205
1107 484.978 246.727 2 351.018 -110.693
1108 84.9784 256.727 2 207.537 -100.461
1109 94.9784 256.727 2 203.126 -96.6118
1110 104.978 256.727 2 199.119 -96.7298
1111 114.978 256.727 2 195.543 -98.7878
1112 124.978 256.727 2 192.42 -98.8696
1113 134.978 256.727 2 189.774 -84.0888
1114 144.978 256.727 2 187.623 -82.1103
1115 154.978 256.727 2 185.986 -91.0835
1116 164.978 256.727 2 184.877 -92.9004
1117 174.978 256.727 2 184.304 -85.683
1118 184.978 256.727 2 184.273 -86.3178
1119 194.978 256.727 2 184.783 -91.0303
1120 204.978 256.727 2 185.832 -84.3298
1121 214.978 256.727 2 187.408 -85.9337
1122 224.978 256.727 2 189.5 -87.8998
1123 234.978 256.727 2 192.091 -87.2382
1124 244.978 256.727 2 195.16 -90.2446
1125 254.978 256.727 2 198.685 -86.2926
1126 264.978 256.727 2 202.643 -83.9949
1127 274.978 256.727 2 207.009 -93.2589
1128 284.978 256.727 2 211.758 -88.6431
1129 294.978 256.727 2 216.863 -85.3549
1130 304.978 256.727 2 222.302 -96.8659
1131 314.978 256.727 2 228.05 -111.387
1132 324.978 256.727 2 234.084 -101.995
1133 334.978 256.727 2 240.382 -115.49
1134 344.978 256.727 2 246.925 -126.615
1135 354.978 256.727 2 253.694 -112.261
1136 364.978 256.727 2 260.67 -118.694
1137 374.978 256.727 2 267.839 -120.334
1138 384.978 256.727 2 275.184 -111.602
1139 394.978 256.727 2 282.692 -123.305
1140 404.978 256.727 2 290.35 -106.014
1141 414.978 256.727 2 298.147 -105.717
1142 424.978 256.727 2 306.072 -116.689
1143 434.978 256.727 2 314.115 -110.366
1144 444.978 256.727 2 322.268 -114.227
1145 454.978 256.727 2 330.523 -119.182
1146 464.978 256.727 2 338.872 -114.286
1147 474.978 256.727 2 347.307 -111.48
1148 484.978 256.727 2 355.824 -108.423
1149 84.9784 266.727 2 216.029 -97.6628
1150 94.9784 266.727 2 211.795 -97.9002
1151 104.978 266.727 2 207.956 -93.5761
1152 114.978 266.727 2 204.534 -98.5647
1153 124.978 266.727 2 201.55 -91.0075
1154 134.978 266.727 2 199.025 -250
1155 144.978 266.727 2 196.976 -250
1156 154.978 266.727 2 195.417 -250
1157 164.978 266.727 2 194.362 -250
1158 174.978 266.727 2 193.817 -85.6935
1159 184.978 266.727 2 193.787 -88.0799
1160 194.978 266.727 2 194.273 -85.0938
1161 204.978 266.727 2 195.27 -88.1922
1162 214.978 266.727 2 196.771 -85.0638
1163 224.978 266.727 2 198.765 -89.1773
1164 234.978 266.727 2 201.236 -89.9374
1165 244.978 266.727 2 204.167 -250
1166 254.978 266.727 2 207.54 -250
1167 264.978 266.727 2 211.332 -250
1168 274.978 266.727 2 215.522 -93.2316
1169 284.978 266.727 2 220.087 -85.7555
1170 294.978 266.727 2 225.004 -250
1171 304.978 266.727 2 230.25 -250
1172 314.978 266.727 2 235.804 -250
1173 324.978 266.727 2 241.645 -250
1174 334.978 266.727 2 247.751 -250
1175 344.978 266.727 2 254.105 -250
1176 354.978 266.727 2 260.687 -250
1177 364.978 266.727 2 267.481 -250
1178 374.978 266.727 2 274.471 -250
1179 384.978 266.727 2 281.644 -250
1180 394.978 266.727 2 288.984 -250
1181 404.978 266.727 2 296.479 -250
1182 414.978 266.727 2 304.119 -250
1183 424.978 266.727 2 311.893 -250
1184 434.978 266.727 2 319.79 -250
1185 444.978 266.727 2 327.802 -250
1186 454.978 266.727 2 335.92 -250
1187 464.978 266.727 2 344.138 -250
1188 474.978 266.727 2 352.448 -118.787
1189 484.978 266.727 2 360.843 -103.075
1190 84.9784 276.727 2 224.646 -91.8661
1191 94.9784 276.727 2 220.577 -97.6514
1192 104.978 276.727 2 216.893 -95.1501
1193 114.978 276.727 2 213.614 -100.429
1194 124.978 276.727 2 210.759 -99.232
1195 134.978 276.727 2 208.346 -250
1196 144.978 276.727 2 206.389 -250
1197 154.978 276.727 2 204.902 -250
1198 164.978 276.727 2 203.896 -250
1199 174.978 276.727 2 203.376 -84.5034
1200 184.978 276.727 2 203.348 -89.7725
1201 194.978 276.727 2 203.811 -89.1536
1202 204.978 276.727 2 204.762 -85.8999
1203 214.978 276.727 2 206.194 -89.0661
1204 224.978 276.727 2 208.097 -87.6031
1205 234.978 276.727 2 210.459 -83.7905
1206 244.978 276.727 2 213.264 -250
1207 254.978 276.727 2 216.494 -250
1208 264.978 276.727 2 220.132 -250
1209 274.978 276.727 2 224.158 -107.805
1210 284.978 276.727 2 228.55 -89.5361
1211 294.978 276.727 2 233.289 -250
1212 304.978 276.727 2 238.353 -250
1213 314.978 276.727 2 243.723 -250
1214 324.978 276.727 2 249.378 -250
1215 334.978 276.727 2 255.299 -250
1216 344.978 276.727 2 261.469 -250
1217 354.978 276.727 2 267.871 -250
1218 364.978 276.727 2 274.487 -250
1219 374.978 276.727 2 281.303 -250
1220 384.978 276.727 2 288.306 -250
1221 394.978 276.727 2 295.48 -250
1222 404.978 276.727 2 302.815 -250
1223 414.978 276.727 2 310.299 -250
1224 424.978 276.727 2 317.921 -250
1225 434.978 276.727 2 325.672 -250
1226 444.978 276.727 2 333.543 -250
1227 454.978 276.727 2 341.525 -250
1228 464.978 276.727 2 349.611 -250
1229 474.978 276.727 2 357.794 -107.777
1230 484.978 276.727 2 366.067 -113.713
1231 84.9784 286.727 2 233.372 -92.5194
1232 94.9784 286.727 2 229.458 -88.3765
1233 104.978 286.727 2 225.919 -92.1012
1234 114.978 286.727 2 222.774 -90.5278
1235 124.978 286.727 2 220.038 -110.866
1236 134.978 286.727 2 217.727 -250
1237 144.978 286.727 2 215.855 -250
1238 154.978 286.727 2 214.434 -250
1239 164.978 286.727 2 213.473 -250
1240 174.978 286.727 2 212.977 -85.0446
1241 184.978 286.727 2 212.949 -87.6971
1242 194.978 286.727 2 213.392 -87.5554
1243 204.978 286.727 2 214.3 -87.4392
1244 214.978 286.727 2 215.669 -86.3803
1245 224.978 286.727 2 217.489 -87.6871
1246 234.978 286.727 2 219.75 -84.793
1247 244.978 286.727 2 222.437 -250
1248 254.978 286.727 2 225.537 -250
1249 264.978 286.727 2 229.031 -250
1250 274.978 286.727 2 232.903 -110.236
1251 284.978 286.727 2 237.134 -93.1028
1252 294.978 286.727 2 241.704 -250
1253 304.978 286.727 2 246.595 -250
1254 314.978 286.727 2 251.789 -250
1255 324.978 286.727 2 257.267 -250
1256 334.978 286.727 2 263.011 -250
1257 344.978 286.727 2 269.004 -250
1258 354.978 286.727 2 275.23 -250
1259 364.978 286.727 2 281.674 -250
1260 374.978 286.727 2 288.32 -250
1261 384.978 286.727 2 295.156 -250
1262 394.978 286.727 2 302.168 -250
1263 404.978 286.727 2 309.345 -250
1264 414.978 286.727 2 316.674 -250
1265 424.978 286.727 2 324.147 -250
1266 434.978 286.727 2 331.752 -250
1267 444.978 286.727 2 339.482 -250
1268 454.978 286.727 2 347.328 -250
1269 464.978 286.727 2 355.282 -250
1270 474.978 286.727 2 363.337 -123.214
1271 484.978 286.727 2 371.486 -119.929
1272 84.9784 296.727 2 242.198 -89.1465
1273 94.9784 296.727 2 238.429 -88.5817
1274 104.978 296.727 2 235.025 -85.8169
1275 114.978 296.727 2 232.002 -87.0341
1276 124.978 296.727 2 229.377 -104.072
1277 134.978 296.727 2 227.161 -250
1278 144.978 296.727 2 225.368 -250
1279 154.978 296.727 2 224.007 -250
1280 164.978 296.727 2 223.086 -250
1281 174.978 296.727 2 222.612 -99.7742
1282 184.978 296.727 2 222.586 -89.1532
1283 194.978 296.727 2 223.009 -88.5362
1284 204.978 296.727 2 223.878 -87.7897
1285 214.978 296.727 2 225.189 -88.2729
1286 224.978 296.727 2 226.933 -88.8021
1287 234.978 296.727 2 229.1 -87.234
1288 244.978 296.727 2 231.679 -250
1289 254.978 296.727 2 234.657 -250
1290 264.978 296.727 2 238.018 -250
1291 274.978 296.727 2 241.745 -91.7032
1292 284.978 296.727 2 245.824 -92.2904
1293 294.978 296.727 2 250.235 -250
1294 304.978 296.727 2 254.963 -250
1295 314.978 296.727 2 259.99 -250
1296 324.978 296.727 2 265.298 -125.932
1297 334.978 296.727 2 270.872 -129.578
1298 344.978 296.727 2 276.695 -143.275
1299 354.978 296.727 2 282.752 -128.053
1300 364.978 296.727 2 289.028 -105.385
1301 374.978 296.727 2 295.509 -110.601
1302 384.978 296.727 2 302.182 -135.327
1303 394.978 296.727 2 309.035 -124.699
1304 404.978 296.727 2 316.056 -138.906
1305 414.978 296.727 2 323.233 -129.366
1306 424.978 296.727 2 330.557 -140.147
1307 434.978 296.727 2 338.019 -250
1308 444.978 296.727 2 345.608 -250
1309 454.978 296.727 2 353.318 -250
1310 464.978 296.727 2 361.14 -250
1311 474.978 296.727 2 369.067 -113.237
1312 484.978 296.727 2 377.093 -109.119
1313 84.9784 306.727 2 251.111 -91.1388
1314 94.9784 306.727 2 247.478 -87.7847
1315 104.978 306.727 2 244.2 -86.0999
1316 114.978 306.727 2 241.293 -91.5277
1317 124.978 306.727 2 238.769 -110.127
1318 134.978 306.727 2 236.641 -250
1319 144.978 306.727 2 234.92 -250
1320 154.978 306.727 2 233.615 -250
1321 164.978 306.727 2 232.733 -250
1322 174.978 306.727 2 232.278 -100.442
1323 184.978 306.727 2 232.253 -85.4327
1324 194.978 306.727 2 232.659 -88.3499
1325 204.978 306.727 2 233.492 -88.3306
1326 214.978 306.727 2 234.749 -86.4577
1327 224.978 306.727 2 236.422 -86.2293
1328 234.978 306.727 2 238.504 -84.9009
1329 244.978 306.727 2 240.982 -250
1330 254.978 306.727 2 243.846 -250
1331 264.978 306.727 2 247.082 -250
1332 274.978 306.727 2 250.675 -93.8625
1333 284.978 306.727 2 254.61 -102.412
1334 294.978 306.727 2 258.872 -250
1335 304.978 306.727 2 263.445 -250
1336 314.978 306.727 2 268.313 -250
1337 324.978 306.727 2 273.46 -127.914
1338 334.978 306.727 2 278.87 -250
1339 344.978 306.727 2 284.53 -250
1340 354.978 306.727 2 290.423 -250
1341 364.978 306.727 2 296.537 -108.817
1342 374.978 306.727 2 302.858 -250
1343 384.978 306.727 2 309.372 -250
1344 394.978 306.727 2 316.069 -250
1345 404.978 306.727 2 322.937 -250
1346 414.978 306.727 2 329.965 -250
1347 424.978 306.727 2 337.143 -250
1348 434.978 306.727 2 344.461 -250
1349 444.978 306.727 2 351.912 -250
1350 454.978 306.727 2 359.486 -250
1351 464.978 306.727 2 367.177 -250
1352 474.978 306.727 2 374.977 -112.001
1353 484.978 306.727 2 382.879 -129.449
1354 84.9784 316.727 2 260.103 -88.6984
1355 94.9784 316.727 2 256.597 -87.3415
1356 104.978 316.727 2 253.438 -89.2261
1357 114.978 316.727 2 250.637 -94.6613
1358 124.978 316.727 2 248.209 -110.467
1359 134.978 316.727 2 246.163 -250
1360 144.978 316.727 2 244.509 -250
1361 154.978 316.727 2 243.255 -250
1362 164.978 316.727 2 242.408 -250
1363 174.978 316.727 2 241.971 -93.8337
1364 184.978 316.727 2 241.947 -84.9833
1365 194.978 316.727 2 242.337 -88.302
1366 204.978 316.727 2 243.137 -87.2156
1367 214.978 316.727 2 244.344 -88.2545
1368 224.978 316.727 2 245.952 -109.759
1369 234.978 316.727 2 247.954 -82.047
1370 244.978 316.727 2 250.339 -250
1371 254.978 316.727 2 253.097 -250
1372 264.978 316.727 2 256.216 -250
1373 274.978 316.727 2 259.682 -91.2315
1374 284.978 316.727 2 263.483 -96.0152
1375 294.978 316.727 2 267.604 -250
1376 304.978 316.727 2 272.03 -250
1377 314.978 316.727 2 276.747 -250
1378 324.978 316.727 2 281.74 -129.136
1379 334.978 316.727 2 286.994 -250
1380 344.978 316.727 2 292.497 -250
1381 354.978 316.727 2 298.233 -250
1382 364.978 316.727 2 304.189 -100.874
1383 374.978 316.727 2 310.354 -250
1384 384.978 316.727 2 316.715 -250
1385 394.978 316.727 2 323.259 -250
1386 404.978 316.727 2 329.977 -250
1387 414.978 316.727 2 336.858 -250
1388 424.978 316.727 2 343.893 -250
1389 434.978 316.727 2 351.071 -250
1390 444.978 316.727 2 358.384 -250
1391 454.978 316.727 2 365.824 -250
1392 464.978 316.727 2 373.385 -250
1393 474.978 316.727 2 381.057 -114.863
1394 484.978 316.727 2 388.835 -133.372
1395 84.9784 326.727 2 269.167 -90.948
1396 94.9784 326.727 2 265.78 -89.6788
1397 104.978 326.727 2 262.731 -89.4129
1398 114.978 326.727 2 260.031 -100.197
1399 124.978 326.727 2 257.691 -109.116
1400 134.978 326.727 2 255.721 -109.41
1401 144.978 326.727 2 254.129 -120.587
1402 154.978 326.727 2 252.923 -114.336
1403 164.978 326.727 2 252.108 -113.131
1404 174.978 326.727 2 251.688 -89.9012
1405 184.978 326.727 2 251.666 -85.8969
1406 194.978 326.727 2 252.04 -86.6648
1407 204.978 326.727 2 252.809 -91.3504
1408 214.978 326.727 2 253.97 -89.1684
1409 224.978 326.727 2 255.518 -88.598
1410 234.978 326.727 2 257.445 -81.6579
1411 244.978 326.727 2 259.743 -114.507
1412 254.978 326.727 2 262.402 -113.926
1413 264.978 326.727 2 265.412 -111.861
1414 274.978 326.727 2 268.76 -90.7739
1415 284.978 326.727 2 272.434 -97.8077
1416 294.978 326.727 2 276.422 -102.103
1417 304.978 326.727 2 280.709 -117.98
1418 314.978 326.727 2 285.282 -115.905
1419 324.978 326.727 2 290.128 -113.483
1420 334.978 326.727 2 295.233 -110.163
1421 344.978 326.727 2 300.585 -98.3228
1422 354.978 326.727 2 306.169 -100.952
1423 364.978 326.727 2 311.975 -101.823
1424 374.978 326.727 2 317.989 -100.03
1425 384.978 326.727 2 324.199 -108.86
1426 394.978 326.727 2 330.596 -107.159
1427 404.978 326.727 2 337.168 -110.608
1428 414.978 326.727 2 343.905 -107.618
1429 424.978 326.727 2 350.798 -114.507
1430 434.978 326.727 2 357.837 -113.363
1431 444.978 326.727 2 365.015 -124.511
1432 454.978 326.727 2 372.323 -116.637
1433 464.978 326.727 2 379.754 -104.533
1434 474.978 326.727 2 387.3 -116.289
1435 484.978 326.727 2 394.956 -117.435
1436 84.9784 336.727 2 278.294 -90.4564
1437 94.9784 336.727 2 275.02 -90.0274
1438 104.978 336.727 2 272.075 -88.6351
1439 114.978 336.727 2 269.468 -97.7905
1440 124.978 336.727 2 267.211 -115.96
1441 134.978 336.727 2 265.311 -130.125
1442 144.978 336.727 2 263.778 -113.468
1443 154.978 336.727 2 262.616 -122.241
1444 164.978 336.727 2 261.831 -109.264
1445 174.978 336.727 2 261.427 -89.3933
1446 184.978 336.727 2 261.405 -87.3131
1447 194.978 336.727 2 261.765 -87.412
1448 204.978 336.727 2 262.506 -87.736
1449 214.978 336.727 2 263.625 -87.9546
1450 224.978 336.727 2 265.116 -85.2503
1451 234.978 336.727 2 266.974 -89.0725
1452 244.978 336.727 2 269.19 -92.1718
1453 254.978 336.727 2 271.757 -109.668
1454 264.978 336.727 2 274.664 -92.3676
1455 274.978 336.727 2 277.901 -91.5571
1456 284.978 336.727 2 281.456 -97.1121
1457 294.978 336.727 2 285.317 -98.5523
1458 304.978 336.727 2 289.473 -107.95
1459 314.978 336.727 2 293.91 -114.598
1460 324.978 336.727 2 298.616 -122.758
1461 334.978 336.727 2 303.578 -100.366
1462 344.978 336.727 2 308.785 -97.4633
1463 354.978 336.727 2 314.224 -101.038
1464 364.978 336.727 2 319.883 -98.6328
1465 374.978 336.727 2 325.751 -102.801
1466 384.978 336.727 2 331.817 -107.641
1467 394.978 336.727 2 338.069 -110.254
1468 404.978 336.727 2 344.498 -112.846
1469 414.978 336.727 2 351.095 -113.272
1470 424.978 336.727 2 357.849 -113.204
1471 434.978 336.727 2 364.753 -114.642
1472 444.978 336.727 2 371.797 -110.111
1473 454.978 336.727 2 378.974 -114.403
1474 464.978 336.727 2 386.277 -111.479
1475 474.978 336.727 2 393.699 -121.081
1476 484.978 336.727 2 401.232 -111.147
1477 84.9784 346.727 2 287.48 -90.5013
1478 94.9784 346.727 2 284.312 -89.61
1479 104.978 346.727 2 281.464 -93.8763
1480 114.978 346.727 2 278.945 -250
1481 124.978 346.727 2 276.765 -250
1482 134.978 346.727 2 274.931 -250
1483 144.978 346.727 2 273.451 -250
1484 154.978 346.727 2 272.331 -250
1485 164.978 346.727 2 271.574 -250
1486 174.978 346.727 2 271.185 -250
1487 184.978 346.727 2 271.163 -91.2611
1488 194.978 346.727 2 271.511 -93.8227
1489 204.978 346.727 2 272.225 -86.7164
1490 214.978 346.727 2 273.304 -87.0452
1491 224.978 346.727 2 274.743 -86.5247
1492 234.978 346.727 2 276.536 -98.3751
1493 244.978 346.727 2 278.676 -250
1494 254.978 346.727 2 281.156 -250
1495 264.978 346.727 2 283.967 -250
1496 274.978 346.727 2 287.099 -90.2839
1497 284.978 346.727 2 290.542 -102.779
1498 294.978 346.727 2 294.284 -101.375
1499 304.978 346.727 2 298.314 -101.329
1500 314.978 346.727 2 302.622 -114.158
1501 324.978 346.727 2 307.194 -120.505
1502 334.978 346.727 2 312.021 -95.2202
1503 344.978 346.727 2 317.089 -96.5855
1504 354.978 346.727 2 322.388 -95.1503
1505 364.978 346.727 2 327.906 -98.9446
1506 374.978 346.727 2 333.633 -99.7525
1507 384.978 346.727 2 339.557 -250
1508 394.978 346.727 2 345.67 -250
1509 404.978 346.727 2 351.961 -250
1510 414.978 346.727 2 358.42 -250
1511 424.978 346.727 2 365.039 -250
1512 434.978 346.727 2 371.809 -250
1513 444.978 346.727 2 378.722 -110.433
1514 454.978 346.727 2 385.77 -250
1515 464.978 346.727 2 392.947 -250
1516 474.978 346.727 2 400.244 -117.331
1517 484.978 346.727 2 407.657 -103.939
1518 84.9784 356.727 2 296.718 -89.4509
1519 94.9784 356.727 2 293.65 -89.194
1520 104.978 356.727 2 290.893 -250
1521 114.978 356.727 2 288.457 -250
1522 124.978 356.727 2 286.349 -250
1523 134.978 356.727 2 284.577 -250
1524 144.978 356.727 2 283.148 -250
1525 154.978 356.727 2 282.066 -250
1526 164.978 356.727 2 281.335 -250
1527 174.978 356.727 2 280.959 -250
1528 184.978 356.727 2 280.939 -89.0835
1529 194.978 356.727 2 281.274 -89.9426
1530 204.978 356.727 2 281.964 -88.5698
1531 214.978 356.727 2 283.005 -85.7578
1532 224.978 356.727 2 284.395 -91.512
1533 234.978 356.727 2 286.128 -92.5118
1534 244.978 356.727 2 288.197 -250
1535 254.978 356.727 2 290.596 -250
1536 264.978 356.727 2 293.316 -250
1537 274.978 356.727 2 296.349 -94.8468
1538 284.978 356.727 2 299.686 -98.572
1539 294.978 356.727 2 303.315 -103.807
1540 304.978 356.727 2 307.227 -88.8439
1541 314.978 356.727 2 311.411 -106.482
1542 324.978 356.727 2 315.857 -104.925
1543 334.978 356.727 2 320.552 -96.1595
1544 344.978 356.727 2 325.488 -95.4538
1545 354.978 356.727 2 330.652 -94.947
1546 364.978 356.727 2 336.035 -93.2586
1547 374.978 356.727 2 341.625 -92.7909
1548 384.978 356.727 2 347.414 -106.033
1549 394.978 356.727 2 353.39 -250
1550 404.978 356.727 2 359.546 -250
1551 414.978 356.727 2 365.871 -250
1552 424.978 356.727 2 372.358 -250
1553 434.978 356.727 2 378.997 -250
1554 444.978 356.727 2 385.781 -112.456
1555 454.978 356.727 2 392.703 -250
1556 464.978 356.727 2 399.755 -250
1557 474.978 356.727 2 406.931 -106.919
1558 484.978 356.727 2 414.223 -108.147
1559 84.9784 366.727 2 306.005 -90.2883
1560 94.9784 366.727 2 303.03 -90.2149
1561 104.978 366.727 2 300.359 -250
1562 114.978 366.727 2 298 -250
1563 124.978 366.727 2 295.961 -250
1564 134.978 366.727 2 294.247 -250
1565 144.978 366.727 2 292.865 -250
1566 154.978 366.727 2 291.819 -250
1567 164.978 366.727 2 291.113 -250
1568 174.978 366.727 2 290.749 -250
1569 184.978 366.727 2 290.729 -97.191
1570 194.978 366.727 2 291.053 -250
1571 204.978 366.727 2 291.72 -250
1572 214.978 366.727 2 292.727 -250
1573 224.978 366.727 2 294.071 -250
1574 234.978 366.727 2 295.747 -250
1575 244.978 366.727 2 297.749 -250
1576 254.978 366.727 2 300.072 -250
1577 264.978 366.727 2 302.707 -250
1578 274.978 366.727 2 305.647 -96.0934
1579 284.978 366.727 2 308.883 -95.8529
1580 294.978 366.727 2 312.405 -100.303
1581 304.978 366.727 2 316.205 -89.5706
1582 314.978 366.727 2 320.272 -102.742
1583 324.978 366.727 2 324.596 -98.545
1584 334.978 366.727 2 329.167 -95.2928
1585 344.978 366.727 2 333.975 -93.4129
1586 354.978 366.727 2 339.01 -92.0896
1587 364.978 366.727 2 344.262 -95.4252
1588 374.978 366.727 2 349.721 -96.8373
1589 384.978 366.727 2 355.378 -93.3153
1590 394.978 366.727 2 361.223 -250
1591 404.978 366.727 2 367.247 -250
1592 414.978 366.727 2 373.442 -250
1593 424.978 366.727 2 379.799 -250
1594 434.978 366.727 2 386.31 -250
1595 444.978 366.727 2 392.968 -117.265
1596 454.978 366.727 2 399.766 -250
1597 464.978 366.727 2 406.695 -250
1598 474.978 366.727 2 413.751 -110.138
1599 484.978 366.727 2 420.925 -116.447
1600 84.9784 376.727 2 315.334 -92.0704
1601 94.9784 376.727 2 312.449 -94.2745
1602 104.978 376.727 2 309.859 -250
1603 114.978 376.727 2 307.573 -250
1604 124.978 376.727 2 305.597 -250
1605 134.978 376.727 2 303.938 -250
1606 144.978 376.727 2 302.6 -250
1607 154.978 376.727 2 301.588 -250
1608 164.978 376.727 2 300.905 -250
1609 174.978 376.727 2 300.553 -250
1610 184.978 376.727 2 300.534 -89.4172
1611 194.978 376.727 2 300.847 -250
1612 204.978 376.727 2 301.492 -250
1613 214.978 376.727 2 302.467 -250
1614 224.978 376.727 2 303.767 -250
1615 234.978 376.727 2 305.39 -250
1616 244.978 376.727 2 307.33 -250
1617 254.978 376.727 2 309.58 -250
1618 264.978 376.727 2 312.135 -250
1619 274.978 376.727 2 314.987 -110.594
1620 284.978 376.727 2 318.128 -99.3391
1621 294.978 376.727 2 321.549 -99.5054
1622 304.978 376.727 2 325.242 -90.2976
1623 314.978 376.727 2 329.197 -91.2111
1624 324.978 376.727 2 333.406 -91.1258
1625 334.978 376.727 2 337.858 -90.6601
1626 344.978 376.727 2 342.544 -90.1617
1627 354.978 376.727 2 347.455 -90.7929
1628 364.978 376.727 2 352.581 -100.12
1629 374.978 376.727 2 357.913 -99.9759
1630 384.978 376.727 2 363.442 -250
1631 394.978 376.727 2 369.16 -250
1632 404.978 376.727 2 375.056 -250
1633 414.978 376.727 2 381.124 -250
1634 424.978 376.727 2 387.355 -250
1635 434.978 376.727 2 393.742 -250
1636 444.978 376.727 2 400.276 -250
1637 454.978 376.727 2 406.952 -250
1638 464.978 376.727 2 413.761 -250
1639 474.978 376.727 2 420.698 -115.688
1640 484.978 376.727 2 427.756 -124.118
1641 84.9784 386.727 2 324.704 -91.3416
1642 94.9784 386.727 2 321.903 -108.721
1643 104.978 386.727 2 319.39 -129.383
1644 114.978 386.727 2 317.172 -250
1645 124.978 386.727 2 315.257 -250
1646 134.978 386.727 2 313.648 -250
1647 144.978 386.727 2 312.352 -250
1648 154.978 386.727 2 311.372 -250
1649 164.978 386.727 2 310.71 -250
1650 174.978 386.727 2 310.369 -250
1651 184.978 386.727 2 310.351 -102.577
1652 194.978 386.727 2 310.654 -250
1653 204.978 386.727 2 311.279 -250
1654 214.978 386.727 2 312.223 -250
1655 224.978 386.727 2 313.483 -250
1656 234.978 386.727 2 315.056 -250
1657 244.978 386.727 2 316.936 -250
1658 254.978 386.727 2 319.119 -250
1659 264.978 386.727 2 321.598 -250
1660 274.978 386.727 2 324.367 -105.348
1661 284.978 386.727 2 327.418 -101.36
1662 294.978 386.727 2 330.743 -95.7637
1663 304.978 386.727 2 334.334 -91.1172
1664 314.978 386.727 2 338.183 -92.759
1665 324.978 386.727 2 342.281 -88.9591
1666 334.978 386.727 2 346.619 -88.0249
1667 344.978 386.727 2 351.189 -87.193
1668 354.978 386.727 2 355.98 -92.2623
1669 364.978 386.727 2 360.985 -86.1391
1670 374.978 386.727 2 366.195 -84.4065
1671 384.978 386.727 2 371.601 -250
1672 394.978 386.727 2 377.195 -250
1673 404.978 386.727 2 382.968 -250
1674 414.978 386.727 2 388.912 -250
1675 424.978 386.727 2 395.021 -250
1676 434.978 386.727 2 401.285 -250
1677 444.978 386.727 2 407.699 -250
1678 454.978 386.727 2 414.254 -250
1679 464.978 386.727 2 420.946 -250
1680 474.978 386.727 2 427.766 -113.287
1681 484.978 386.727 2 434.709 -116.445
1682 84.9784 396.727 2 334.111 -90.3896
1683 94.9784 396.727 2 331.389 -109.141
1684 104.978 396.727 2 328.948 -124.963
1685 114.978 396.727 2 326.796 -123.595
1686 124.978 396.727 2 324.937 -126.016
1687 134.978 396.727 2 323.376 -125.741
1688 144.978 396.727 2 322.119 -137.892
1689 154.978 396.727 2 321.169 -96.6486
1690 164.978 396.727 2 320.527 -122.465
1691 174.978 396.727 2 320.197 -124.493
1692 184.978 396.727 2 320.179 -100.01
1693 194.978 396.727 2 320.473 -119.165
1694 204.978 396.727 2 321.079 -104.868
1695 214.978 396.727 2 321.994 -117.953
1696 224.978 396.727 2 323.216 -108.938
1697 234.978 396.727 2 324.742 -105.316
1698 244.978 396.727 2 326.566 -250
1699 254.978 396.727 2 328.685 -250
1700 264.978 396.727 2 331.093 -250
1701 274.978 396.727 2 333.783 -106.843
1702 284.978 396.727 2 336.748 -99.5839
1703 294.978 396.727 2 339.982 -93.1111
1704 304.978 396.727 2 343.477 -87.688
1705 314.978 396.727 2 347.225 -87.7783
1706 324.978 396.727 2 351.217 -89.2993
1707 334.978 396.727 2 355.446 -92.0004
1708 344.978 396.727 2 359.903 -91.8745
1709 354.978 396.727 2 364.58 -95.885
1710 364.978 396.727 2 369.469 -92.7132
1711 374.978 396.727 2 374.561 -91.7745
1712 384.978 396.727 2 379.848 -250
1713 394.978 396.727 2 385.322 -250
1714 404.978 396.727 2 390.975 -250
1715 414.978 396.727 2 396.799 -250
1716 424.978 396.727 2 402.788 -250
1717 434.978 396.727 2 408.934 -250
1718 444.978 396.727 2 415.229 -250
1719 454.978 396.727 2 421.668 -250
1720 464.978 396.727 2 428.243 -250
1721 474.978 396.727 2 434.949 -102.913
1722 484.978 396.727 2 441.78 -109.102
1723 84.9784 406.727 2 343.55 -89.525
1724 94.9784 406.727 2 340.904 -124.689
1725 104.978 406.727 2 338.532 -133.401
1726 114.978 406.727 2 336.441 -136.159
1727 124.978 406.727 2 334.635 -129.798
1728 134.978 406.727 2 333.121 -124.974
1729 144.978 406.727 2 331.9 -124.487
1730 154.978 406.727 2 330.978 -95.0633
1731 164.978 406.727 2 330.355 -116.885
1732 174.978 406.727 2 330.035 -115.62
1733 184.978 406.727 2 330.018 -90.9477
1734 194.978 406.727 2 330.303 -103.902
1735 204.978 406.727 2 330.891 -105.975
1736 214.978 406.727 2 331.779 -107.533
1737 224.978 406.727 2 332.965 -109.904
1738 234.978 406.727 2 334.446 -88.4037
1739 244.978 406.727 2 336.218 -97.7029
1740 254.978 406.727 2 338.277 -110.293
1741 264.978 406.727 2 340.616 -116.128
1742 274.978 406.727 2 343.232 -110.261
1743 284.978 406.727 2 346.116 -111.05
1744 294.978 406.727 2 349.264 -92.7791
1745 304.978 406.727 2 352.666 -88.743
1746 314.978 406.727 2 356.317 -88.3252
1747 324.978 406.727 2 360.209 -88.2301
1748 334.978 406.727 2 364.334 -90.9704
1749 344.978 406.727 2 368.683 -91.7579
1750 354.978 406.727 2 373.25 -88.5966
1751 364.978 406.727 2 378.027 -99.9979
1752 374.978 406.727 2 383.005 -92.7039
1753 384.978 406.727 2 388.177 -97.523
1754 394.978 406.727 2 393.535 -103.191
1755 404.978 406.727 2 399.072 -105.206
1756 414.978 406.727 2 404.78 -108.672
1757 424.978 406.727 2 410.652 -104.048
1758 434.978 406.727 2 416.682 -109.321
1759 444.978 406.727 2 422.862 -104.049
1760 454.978 406.727 2 429.186 -116.483
1761 464.978 406.727 2 435.648 -100.419
1762 474.978 406.727 2 442.242 -99.2132
1763 484.978 406.727 2 448.961 -106.35
1764 84.9784 416.727 2 353.021 -100.351
1765 94.9784 416.727 2 350.446 -122.784
1766 104.978 416.727 2 348.139 -126.387
1767 114.978 416.727 2 346.106 -250
1768 124.978 416.727 2 344.351 -250
1769 134.978 416.727 2 342.879 -250
1770 144.978 416.727 2 341.694 -250
1771 154.978 416.727 2 340.798 -103.452
1772 164.978 416.727 2 340.194 -127.514
1773 174.978 416.727 2 339.883 -106.244
1774 184.978 416.727 2 339.866 -93.16
1775 194.978 416.727 2 340.143 -106.972
1776 204.978 416.727 2 340.713 -104.008
1777 214.978 416.727 2 341.576 -106.605
1778 224.978 416.727 2 342.728 -103.354
1779 234.978 416.727 2 344.167 -87.7941
1780 244.978 416.727 2 345.89 -97.3733
1781 254.978 416.727 2 347.891 -99.8373
1782 264.978 416.727 2 350.166 -106.668
1783 274.978 416.727 2 352.711 -105.215
1784 284.978 416.727 2 355.519 -104.048
1785 294.978 416.727 2 358.583 -91.4741
1786 304.978 416.727 2 361.898 -89.1807
1787 314.978 416.727 2 365.457 -92.1357
1788 324.978 416.727 2 369.253 -91.2577
1789 334.978 416.727 2 373.277 -88.3826
1790 344.978 416.727 2 377.524 -102.725
1791 354.978 416.727 2 381.985 -94.1833
1792 364.978 416.727 2 386.654 -93.7742
1793 374.978 416.727 2 391.523 -92.4683
1794 384.978 416.727 2 396.583 -88.8743
1795 394.978 416.727 2 401.829 -103.966
1796 404.978 416.727 2 407.253 -103.123
1797 414.978 416.727 2 412.848 -102.476
1798 424.978 416.727 2 418.608 -99.3731
1799 434.978 416.727 2 424.524 -104.077
1800 444.978 416.727 2 430.592 -107.027
1801 454.978 416.727 2 436.804 -95.4226
1802 464.978 416.727 2 443.155 -100.914
1803 474.978 416.727 2 449.638 -109.865
1804 484.978 416.727 2 456.249 -100.78
1805 84.9784 426.727 2 362.52 -108.576
1806 94.9784 426.727 2 360.013 -119.209
1807 104.978 426.727 2 357.768 -124.78
1808 114.978 426.727 2 355.79 -250
1809 124.978 426.727 2 354.083 -250
1810 134.978 426.727 2 352.652 -250
1811 144.978 426.727 2 351.499 -250
1812 154.978 426.727 2 350.628 -102.886
1813 164.978 426.727 2 350.041 -250
1814 174.978 426.727 2 349.739 -250
1815 184.978 426.727 2 349.722 -250
1816 194.978 426.727 2 349.992 -250
1817 204.978 426.727 2 350.546 -250
1818 214.978 426.727 2 351.385 -250
1819 224.978 426.727 2 352.505 -110.84
1820 234.978 426.727 2 353.904 -250
1821 244.978 426.727 2 355.579 -250
1822 254.978 426.727 2 357.526 -250
1823 264.978 426.727 2 359.741 -250
1824 274.978 426.727 2 362.218 -105.541
1825 284.978 426.727 2 364.953 -105.437
1826 294.978 426.727 2 367.939 -91.7772
1827 304.978 426.727 2 371.17 -250
1828 314.978 426.727 2 374.641 -250
1829 324.978 426.727 2 378.344 -250
1830 334.978 426.727 2 382.273 -250
1831 344.978 426.727 2 386.421 -250
1832 354.978 426.727 2 390.781 -250
1833 364.978 426.727 2 395.346 -250
1834 374.978 426.727 2 400.109 -250
1835 384.978 426.727 2 405.062 -250
1836 394.978 426.727 2 410.2 -250
1837 404.978 426.727 2 415.515 -250
1838 414.978 426.727 2 421 -250
1839 424.978 426.727 2 426.649 -250
1840 434.978 426.727 2 432.456 -250
1841 444.978 426.727 2 438.413 -250
1842 454.978 426.727 2 444.516 -250
1843 464.978 426.727 2 450.759 -109.108
1844 474.978 426.727 2 457.134 -117.133
1845 484.978 426.727 2 463.638 -250
1846 84.9784 436.727 2 372.046 -110.46
1847 94.9784 436.727 2 369.603 -116.849
1848 104.978 436.727 2 367.417 -119.24
1849 114.978 436.727 2 365.491 -250
1850 124.978 436.727 2 363.829 -250
1851 134.978 436.727 2 362.437 -250
1852 144.978 436.727 2 361.315 -250
1853 154.978 436.727 2 360.468 -102
1854 164.978 436.727 2 359.897 -128.38
1855 174.978 436.727 2 359.603 -250
1856 184.978 436.727 2 359.587 -250
1857 194.978 436.727 2 359.849 -250
1858 204.978 436.727 2 360.388 -250
1859 214.978 436.727 2 361.204 -250
1860 224.978 436.727 2 362.294 -106.549
1861 234.978 436.727 2 363.655 -250
1862 244.978 436.727 2 365.286 -250
1863 254.978 436.727 2 367.181 -250
1864 264.978 436.727 2 369.338 -250
1865 274.978 436.727 2 371.751 -102.046
1866 284.978 436.727 2 374.416 -106.183
1867 294.978 436.727 2 377.328 -86.933
1868 304.978 436.727 2 380.479 -250
1869 314.978 436.727 2 383.866 -250
1870 324.978 436.727 2 387.481 -250
1871 334.978 436.727 2 391.318 -250
1872 344.978 436.727 2 395.371 -250
1873 354.978 436.727 2 399.634 -250
1874 364.978 436.727 2 404.098 -250
1875 374.978 436.727 2 408.759 -250
1876 384.978 436.727 2 413.609 -250
1877 394.978 436.727 2 418.642 -250
1878 404.978 436.727 2 423.851 -250
1879 414.978 436.727 2 429.229 -250
1880 424.978 436.727 2 434.772 -250
1881 434.978 436.727 2 440.471 -250
1882 444.978 436.727 2 446.322 -250
1883 454.978 436.727 2 452.318 -250
1884 464.978 436.727 2 458.454 -117.974
1885 474.978 436.727 2 464.724 -107.459
1886 484.978 436.727 2 471.123 -250
1887 84.9784 446.727 2 381.595 -124.232
1888 94.9784 446.727 2 379.214 -126.69
1889 104.978 446.727 2 377.083 -140.414
1890 114.978 446.727 2 375.207 -250
1891 124.978 446.727 2 373.589 -250
1892 134.978 446.727 2 372.233 -250
1893 144.978 446.727 2 371.141 -250
1894 154.978 446.727 2 370.317 -101.674
1895 164.978 446.727 2 369.76 -250
1896 174.978 446.727 2 369.474 -250
1897 184.978 446.727 2 369.459 -250
1898 194.978 446.727 2 369.714 -250
1899 204.978 446.727 2 370.239 -250
1900 214.978 446.727 2 371.033 -250
1901 224.978 446.727 2 372.094 -103.238
1902 234.978 446.727 2 373.42 -250
1903 244.978 446.727 2 375.008 -250
1904 254.978 446.727 2 376.854 -250
1905 264.978 446.727 2 378.956 -250
1906 274.978 446.727 2 381.308 -115.897
1907 284.978 446.727 2 383.907 -101.835
1908 294.978 446.727 2 386.747 -87.6654
1909 304.978 446.727 2 389.822 -250
1910 314.978 446.727 2 393.129 -250
1911 324.978 446.727 2 396.659 -250
1912 334.978 446.727 2 400.409 -250
1913 344.978 446.727 2 404.37 -250
1914 354.978 446.727 2 408.539 -250
1915 364.978 446.727 2 412.907 -250
1916 374.978 446.727 2 417.47 -250
1917 384.978 446.727 2 422.22 -250
1918 394.978 446.727 2 427.151 -250
1919 404.978 446.727 2 432.257 -250
1920 414.978 446.727 2 437.533 -250
1921 424.978 446.727 2 442.971 -250
1922 434.978 446.727 2 448.566 -250
1923 444.978 446.727 2 454.313 -250
1924 454.978 446.727 2 460.205 -250
1925 464.978 446.727 2 466.237 -110.262
1926 474.978 446.727 2 472.404 -110.365
1927 484.978 446.727 2 478.701 -250
1928 84.9784 456.727 2 391.167 -118.107
1929 94.9784 456.727 2 388.845 -122.145
1930 104.978 456.727 2 386.767 -122.488
1931 114.978 456.727 2 384.938 -250
1932 124.978 456.727 2 383.361 -250
1933 134.978 456.727 2 382.04 -250
1934 144.978 456.727 2 380.976 -250
1935 154.978 456.727 2 380.173 -103.358
1936 164.978 456.727 2 379.631 -250
1937 174.978 456.727 2 379.352 -250
1938 184.978 456.727 2 379.337 -250
1939 194.978 456.727 2 379.586 -250
1940 204.978 456.727 2 380.097 -250
1941 214.978 456.727 2 380.87 -250
1942 224.978 456.727 2 381.904 -101.231
1943 234.978 456.727 2 383.196 -250
1944 244.978 456.727 2 384.744 -250
1945 254.978 456.727 2 386.544 -250
1946 264.978 456.727 2 388.593 -250
1947 274.978 456.727 2 390.888 -116.154
1948 284.978 456.727 2 393.423 -100.268
1949 294.978 456.727 2 396.195 -88.4917
1950 304.978 456.727 2 399.197 -250
1951 314.978 456.727 2 402.426 -250
1952 324.978 456.727 2 405.876 -250
1953 334.978 456.727 2 409.541 -250
1954 344.978 456.727 2 413.416 -250
1955 354.978 456.727 2 417.494 -250
1956 364.978 456.727 2 421.769 -250
1957 374.978 456.727 2 426.237 -250
1958 384.978 456.727 2 430.89 -250
1959 394.978 456.727 2 435.723 -250
1960 404.978 456.727 2 440.731 -250
1961 414.978 456.727 2 445.906 -250
1962 424.978 456.727 2 451.243 -250
1963 434.978 456.727 2 456.737 -250
1964 444.978 456.727 2 462.382 -250
1965 454.978 456.727 2 468.173 -250
1966 464.978 456.727 2 474.104 -116.435
1967 474.978 456.727 2 480.17 -104.385
1968 484.978 456.727 2 486.365 -250
1969 84.9784 466.727 2 400.761 -111.654
1970 94.9784 466.727 2 398.494 -120.475
1971 104.978 466.727 2 396.467 -128.248
1972 114.978 466.727 2 394.683 -250
1973 124.978 466.727 2 393.145 -250
1974 134.978 466.727 2 391.856 -250
1975 144.978 466.727 2 390.819 -250
1976 154.978 466.727 2 390.036 -116.194
1977 164.978 466.727 2 389.508 -250
1978 174.978 466.727 2 389.237 -250
1979 184.978 466.727 2 389.222 -250
1980 194.978 466.727 2 389.464 -250
1981 204.978 466.727 2 389.963 -250
1982 214.978 466.727 2 390.716 -250
1983 224.978 466.727 2 391.724 -103.157
1984 234.978 466.727 2 392.984 -250
1985 244.978 466.727 2 394.493 -250
1986 254.978 466.727 2 396.249 -250
1987 264.978 466.727 2 398.248 -250
1988 274.978 466.727 2 400.487 -113.231
1989 284.978 466.727 2 402.962 -92.7482
1990 294.978 466.727 2 405.669 -87.5582
1991 304.978 466.727 2 408.602 -250
1992 314.978 466.727 2 411.757 -250
1993 324.978 466.727 2 415.13 -250
1994 334.978 466.727 2 418.714 -250
1995 344.978 466.727 2 422.504 -250
1996 354.978 466.727 2 426.495 -250
1997 364.978 466.727 2 430.681 -250
1998 374.978 466.727 2 435.057 -250
1999 384.978 466.727 2 439.617 -250
2000 394.978 466.727 2 444.356 -250
2001 404.978 466.727 2 449.267 -250
2002 414.978 466.727 2 454.344 -250
2003 424.978 466.727 2 459.584 -250
2004 434.978 466.727 2 464.979 -250
2005 444.978 466.727 2 470.526 -250
2006 454.978 466.727 2 476.217 -250
2007 464.978 466.727 2 482.049 -104.504
2008 474.978 466.727 2 488.016 -111.359
2009 484.978 466.727 2 494.114 -250
2010 84.9784 476.727 2 410.373 -111.551
2011 94.9784 476.727 2 408.16 -119.961
2012 104.978 476.727 2 406.181 -129.145
2013 114.978 476.727 2 404.44 -145.284
2014 124.978 476.727 2 402.939 -127.186
2015 134.978 476.727 2 401.682 -140.293
2016 144.978 476.727 2 400.671 -118.496
2017 154.978 476.727 2 399.907 -111.256
2018 164.978 476.727 2 399.392 -128.474
2019 174.978 476.727 2 399.127 -129.921
2020 184.978 476.727 2 399.113 -135.349
2021 194.978 476.727 2 399.349 -133.039
2022 204.978 476.727 2 399.835 -127.92
2023 214.978 476.727 2 400.57 -126.467
2024 224.978 476.727 2 401.553 -99.2246
2025 234.978 476.727 2 402.782 -100.455
2026 244.978 476.727 2 404.255 -117.065
2027 254.978 476.727 2 405.968 -123.236
2028 264.978 476.727 2 407.92 -153.203
2029 274.978 476.727 2 410.106 -110.319
2030 284.978 476.727 2 412.524 -94.1141
2031 294.978 476.727 2 415.168 -87.3983
2032 304.978 476.727 2 418.034 -250
2033 314.978 476.727 2 421.119 -250
2034 324.978 476.727 2 424.417 -250
2035 334.978 476.727 2 427.923 -250
2036 344.978 476.727 2 431.632 -250
2037 354.978 476.727 2 435.54 -250
2038 364.978 476.727 2 439.64 -250
2039 374.978 476.727 2 443.928 -250
2040 384.978 476.727 2 448.398 -250
2041 394.978 476.727 2 453.044 -250
2042 404.978 476.727 2 457.862 -250
2043 414.978 476.727 2 462.845 -250
2044 424.978 476.727 2 467.99 -250
2045 434.978 476.727 2 473.289 -250
2046 444.978 476.727 2 478.739 -250
2047 454.978 476.727 2 484.334 -250
2048 464.978 476.727 2 490.07 -106.13
2049 474.978 476.727 2 495.94 -106.141
2050 484.978 476.727 2 501.942 -250
2051 84.9784 486.727 2 420.004 -108.936
2052 94.9784 486.727 2 417.841 -114.72
2053 104.978 486.727 2 415.909 -142.038
2054 114.978 486.727 2 414.208 -139.794
2055 124.978 486.727 2 412.743 -130.864
2056 134.978 486.727 2 411.516 -134.819
2057 144.978 486.727 2 410.529 -126.734
2058 154.978 486.727 2 409.783 -125.881
2059 164.978 486.727 2 409.281 -129.422
2060 174.978 486.727 2 409.022 -145.099
2061 184.978 486.727 2 409.008 -141.916
2062 194.978 486.727 2 409.239 -133.72
2063 204.978 486.727 2 409.713 -134.67
2064 214.978 486.727 2 410.431 -132.964
2065 224.978 486.727 2 411.39 -101.343
2066 234.978 486.727 2 412.59 -94.7078
2067 244.978 486.727 2 414.027 -125.419
2068 254.978 486.727 2 415.701 -132.719
2069 264.978 486.727 2 417.607 -117.526
2070 274.978 486.727 2 419.743 -97.2845
2071 284.978 486.727 2 422.105 -93.8279
2072 294.978 486.727 2 424.689 -86.6391
2073 304.978 486.727 2 427.492 -98.4395
2074 314.978 486.727 2 430.509 -113.217
2075 324.978 486.727 2 433.736 -138.546
2076 334.978 486.727 2 437.167 -134.76
2077 344.978 486.727 2 440.799 -140.517
2078 354.978 486.727 2 444.626 -141.843
2079 364.978 486.727 2 448.643 -145.279
2080 374.978 486.727 2 452.845 -150.746
2081 384.978 486.727 2 457.228 -147.271
2082 394.978 486.727 2 461.786 -150.451
2083 404.978 486.727 2 466.513 -163.579
2084 414.978 486.727 2 471.405 -146.262
2085 424.978 486.727 2 476.457 -145.417
2086 434.978 486.727 2 481.664 -166.089
2087 444.978 486.727 2 487.02 -154.933
2088 454.978 486.727 2 492.521 -149.076
2089 464.978 486.727 2 498.162 -115.894
2090 474.978 486.727 2 503.938 -101.862
2091 484.978 486.727 2 509.845 -104.185
2092 84.9784 496.727 2 429.651 -123.31
2093 94.9784 496.727 2 427.538 -118.792
2094 104.978 496.727 2 425.649 -250
2095 114.978 496.727 2 423.988 -250
2096 124.978 496.727 2 422.556 -250
2097 134.978 496.727 2 421.358 -250
2098 144.978 496.727 2 420.394 -250
2099 154.978 496.727 2 419.666 -250
2100 164.978 496.727 2 419.175 -250
2101 174.978 496.727 2 418.923 -250
2102 184.978 496.727 2 418.909 -250
2103 194.978 496.727 2 419.134 -250
2104 204.978 496.727 2 419.597 -132.44
2105 214.978 496.727 2 420.298 -121.342
2106 224.978 496.727 2 421.235 -92.1493
2107 234.978 496.727 2 422.407 -250
2108 244.978 496.727 2 423.811 -250
2109 254.978 496.727 2 425.446 -250
2110 264.978 496.727 2 427.309 -250
2111 274.978 496.727 2 429.396 -94.1123
2112 284.978 496.727 2 431.706 -95.3854
2113 294.978 496.727 2 434.233 -91.0779
2114 304.978 496.727 2 436.974 -89.7119
2115 314.978 496.727 2 439.926 -118.409
2116 324.978 496.727 2 443.084 -132.735
2117 334.978 496.727 2 446.444 -135.81
2118 344.978 496.727 2 450.001 -142.978
2119 354.978 496.727 2 453.75 -148.323
2120 364.978 496.727 2 457.687 -138.999
2121 374.978 496.727 2 461.807 -148.153
2122 384.978 496.727 2 466.106 -162.125
2123 394.978 496.727 2 470.577 -148.879
2124 404.978 496.727 2 475.217 -137.783
2125 414.978 496.727 2 480.021 -143.11
2126 424.978 496.727 2 484.983 -142.963
2127 434.978 496.727 2 490.099 -151.962
2128 444.978 496.727 2 495.364 -145.743
2129 454.978 496.727 2 500.773 -122.982
2130 464.978 496.727 2 506.322 -106.45
2131 474.978 496.727 2 512.007 -126.567
2132 484.978 496.727 2 517.822 -101.403
2133 84.9784 506.727 2 439.314 -107.689
2134 94.9784 506.727 2 437.248 -125.111
2135 104.978 506.727 2 435.401 -250
2136 114.978 506.727 2 433.777 -250
2137 124.978 506.727 2 432.378 -250
2138 134.978 506.727 2 431.207 -250
2139 144.978 506.727 2 430.265 -250
2140 154.978 506.727 2 429.554 -250
2141 164.978 506.727 2 429.074 -250
2142 174.978 506.727 2 428.828 -250
2143 184.978 506.727 2 428.815 -250
2144 194.978 506.727 2 429.034 -250
2145 204.978 506.727 2 429.487 -132.496
2146 214.978 506.727 2 430.171 -112.863
2147 224.978 506.727 2 431.087 -91.1184
2148 234.978 506.727 2 432.232 -250
2149 244.978 506.727 2 433.604 -250
2150 254.978 506.727 2 435.203 -250
2151 264.978 506.727 2 437.024 -250
2152 274.978 506.727 2 439.065 -94.7136
2153 284.978 506.727 2 441.324 -96.0544
2154 294.978 506.727 2 443.796 -250
2155 304.978 506.727 2 446.479 -250
2156 314.978 506.727 2 449.369 -250
2157 324.978 506.727 2 452.461 -250
2158 334.978 506.727 2 455.751 -250
2159 344.978 506.727 2 459.236 -250
2160 354.978 506.727 2 462.91 -250
2161 364.978 506.727 2 466.77 -250
2162 374.978 506.727 2 470.811 -250
2163 384.978 506.727 2 475.028 -250
2164 394.978 506.727 2 479.416 -250
2165 404.978 506.727 2 483.972 -250
2166 414.978 506.727 2 488.689 -250
2167 424.978 506.727 2 493.564 -172.88
2168 434.978 506.727 2 498.592 -142.527
2169 444.978 506.727 2 503.768 -123.395
2170 454.978 506.727 2 509.088 -109.958
2171 464.978 506.727 2 514.548 -123.385
2172 474.978 506.727 2 520.142 -124.982
2173 484.978 506.727 2 525.867 -250
2174 84.9784 516.727 2 448.992 -107.307
2175 94.9784 516.727 2 446.97 -138.538
2176 104.978 516.727 2 445.164 -250
2177 114.978 516.727 2 443.576 -250
2178 124.978 516.727 2 442.208 -250
2179 134.978 516.727 2 441.063 -250
2180 144.978 516.727 2 440.142 -250
2181 154.978 516.727 2 439.447 -250
2182 164.978 516.727 2 438.978 -250
2183 174.978 516.727 2 438.737 -250
2184 184.978 516.727 2 438.724 -250
2185 194.978 516.727 2 438.939 -250
2186 204.978 516.727 2 439.381 -125.772
2187 214.978 516.727 2 440.05 -110.814
2188 224.978 516.727 2 440.945 -92.602
2189 234.978 516.727 2 442.065 -250
2190 244.978 516.727 2 443.407 -250
2191 254.978 516.727 2 444.97 -250
2192 264.978 516.727 2 446.751 -250
2193 274.978 516.727 2 448.749 -96.2742
2194 284.978 516.727 2 450.959 -101.173
2195 294.978 516.727 2 453.379 -250
2196 304.978 516.727 2 456.005 -250
2197 314.978 516.727 2 458.835 -250
2198 324.978 516.727 2 461.863 -250
2199 334.978 516.727 2 465.087 -250
2200 344.978 516.727 2 468.503 -250
2201 354.978 516.727 2 472.105 -250
2202 364.978 516.727 2 475.89 -250
2203 374.978 516.727 2 479.854 -250
2204 384.978 516.727 2 483.992 -250
2205 394.978 516.727 2 488.3 -250
2206 404.978 516.727 2 492.773 -250
2207 414.978 516.727 2 497.407 -250
2208 424.978 516.727 2 502.198 -145.951
2209 434.978 516.727 2 507.14 -129.334
2210 444.978 516.727 2 512.23 -111.365
2211 454.978 516.727 2 517.463 -111.68
2212 464.978 516.727 2 522.835 -119.383
2213 474.978 516.727 2 528.342 -120.949
2214 484.978 516.727 2 533.979 -250
2215 84.9784 526.727 2 458.684 -104.75
2216 94.9784 526.727 2 456.705 -138.217
2217 104.978 526.727 2 454.937 -250
2218 114.978 526.727 2 453.383 -250
2219 124.978 526.727 2 452.045 -250
2220 134.978 526.727 2 450.925 -250
2221 144.978 526.727 2 450.024 -250
2222 154.978 526.727 2 449.344 -250
2223 164.978 526.727 2 448.886 -250
2224 174.978 526.727 2 448.651 -250
2225 184.978 526.727 2 448.638 -250
2226 194.978 526.727 2 448.848 -250
2227 204.978 526.727 2 449.28 -124.754
2228 214.978 526.727 2 449.935 -109.924
2229 224.978 526.727 2 450.81 -91.9193
2230 234.978 526.727 2 451.905 -250
2231 244.978 526.727 2 453.218 -250
2232 254.978 526.727 2 454.748 -250
2233 264.978 526.727 2 456.491 -250
2234 274.978 526.727 2 458.445 -95.5199
2235 284.978 526.727 2 460.609 -107.194
2236 294.978 526.727 2 462.979 -250
2237 304.978 526.727 2 465.551 -250
2238 314.978 526.727 2 468.323 -250
2239 324.978 526.727 2 471.29 -250
2240 334.978 526.727 2 474.45 -250
2241 344.978 526.727 2 477.799 -250
2242 354.978 526.727 2 481.332 -250
2243 364.978 526.727 2 485.045 -250
2244 374.978 526.727 2 488.935 -250
2245 384.978 526.727 2 492.997 -250
2246 394.978 526.727 2 497.226 -250
2247 404.978 526.727 2 501.62 -250
2248 414.978 526.727 2 506.173 -250
2249 424.978 526.727 2 510.881 -139.906
2250 434.978 526.727 2 515.74 -119.78
2251 444.978 526.727 2 520.746 -108.478
2252 454.978 526.727 2 525.894 -122.753
2253 464.978 526.727 2 531.181 -115.61
2254 474.978 526.727 2 536.602 -128.832
2255 484.978 526.727 2 542.153 -250
2256 84.9784 536.727 2 468.389 -101.38
2257 94.9784 536.727 2 466.451 -117.314
2258 104.978 536.727 2 464.72 -250
2259 114.978 536.727 2 463.199 -250
2260 124.978 536.727 2 461.89 -250
2261 134.978 536.727 2 460.793 -250
2262 144.978 536.727 2 459.912 -250
2263 154.978 536.727 2 459.247 -250
2264 164.978 536.727 2 458.798 -250
2265 174.978 536.727 2 458.568 -250
2266 184.978 536.727 2 458.555 -250
2267 194.978 536.727 2 458.761 -250
2268 204.978 536.727 2 459.184 -144.004
2269 214.978 536.727 2 459.824 -109.999
2270 224.978 536.727 2 460.681 -99.1875
2271 234.978 536.727 2 461.752 -250
2272 244.978 536.727 2 463.038 -250
2273 254.978 536.727 2 464.535 -250
2274 264.978 536.727 2 466.241 -250
2275 274.978 536.727 2 468.155 -106.829
2276 284.978 536.727 2 470.274 -114.738
2277 294.978 536.727 2 472.595 -250
2278 304.978 536.727 2 475.115 -250
2279 314.978 536.727 2 477.832 -250
2280 324.978 536.727 2 480.741 -250
2281 334.978 536.727 2 483.839 -250
2282 344.978 536.727 2 487.123 -250
2283 354.978 536.727 2 490.589 -250
2284 364.978 536.727 2 494.232 -250
2285 374.978 536.727 2 498.05 -250
2286 384.978 536.727 2 502.038 -250
2287 394.978 536.727 2 506.193 -250
2288 404.978 536.727 2 510.509 -250
2289 414.978 536.727 2 514.984 -250
2290 424.978 536.727 2 519.612 -121.375
2291 434.978 536.727 2 524.39 -114.62
2292 444.978 536.727 2 529.314 -116.75
2293 454.978 536.727 2 534.38 -120.889
2294 464.978 536.727 2 539.584 -123.815
2295 474.978 536.727 2 544.921 -127.131
2296 484.978 536.727 2 550.388 -250
2297 84.9784 546.727 2 478.106 -98.7059
2298 94.9784 546.727 2 476.208 -114.343
2299 104.978 546.727 2 474.512 -250
2300 114.978 546.727 2 473.023 -250
2301 124.978 546.727 2 471.74 -250
2302 134.978 546.727 2 470.667 -250
2303 144.978 546.727 2 469.804 -250
2304 154.978 546.727 2 469.153 -250
2305 164.978 546.727 2 468.714 -250
2306 174.978 546.727 2 468.489 -250
2307 184.978 546.727 2 468.476 -250
2308 194.978 546.727 2 468.677 -250
2309 204.978 546.727 2 469.092 -122.585
2310 214.978 546.727 2 469.718 -108.906
2311 224.978 546.727 2 470.557 -100.801
2312 234.978 546.727 2 471.606 -250
2313 244.978 546.727 2 472.865 -250
2314 254.978 546.727 2 474.33 -250
2315 264.978 546.727 2 476.002 -250
2316 274.978 546.727 2 477.877 -97.725
2317 284.978 546.727 2 479.953 -111.595
2318 294.978 546.727 2 482.227 -250
2319 304.978 546.727 2 484.698 -250
2320 314.978 546.727 2 487.36 -250
2321 324.978 546.727 2 490.213 -250
2322 334.978 546.727 2 493.252 -250
2323 344.978 546.727 2 496.473 -250
2324 354.978 546.727 2 499.874 -250
2325 364.978 546.727 2 503.451 -250
2326 374.978 546.727 2 507.199 -250
2327 384.978 546.727 2 511.116 -250
2328 394.978 546.727 2 515.197 -250
2329 404.978 546.727 2 519.439 -250
2330 414.978 546.727 2 523.837 -250
2331 424.978 546.727 2 528.388 -113.533
2332 434.978 546.727 2 533.087 -119.926
2333 444.978 546.727 2 537.932 -127.851
2334 454.978 546.727 2 542.917 -124.956
2335 464.978 546.727 2 548.04 -132.764
2336 474.978 546.727 2 553.296 -131.661
2337 484.978 546.727 2 558.681 -250
2338 84.9784 556.727 2 487.834 -102.884
2339 94.9784 556.727 2 485.974 -117.153
2340 104.978 556.727 2 484.313 -159.114
2341 114.978 556.727 2 482.854 -159.719
2342 124.978 556.727 2 481.597 -162.142
2343 134.978 556.727 2 480.546 -165.052
2344 144.978 556.727 2 479.701 -164.945
2345 154.978 556.727 2 479.063 -170.756
2346 164.978 556.727 2 478.633 -171.84
2347 174.978 556.727 2 478.412 -169.184
2348 184.978 556.727 2 478.4 -167.618
2349 194.978 556.727 2 478.597 -146.162
2350 204.978 556.727 2 479.003 -116.202
2351 214.978 556.727 2 479.617 -105.997
2352 224.978 556.727 2 480.438 -97.1411
2353 234.978 556.727 2 481.466 -134.851
2354 244.978 556.727 2 482.699 -156.339
2355 254.978 556.727 2 484.135 -186.711
2356 264.978 556.727 2 485.772 -130.805
2357 274.978 556.727 2 487.61 -98.163
2358 284.978 556.727 2 489.645 -106.753
2359 294.978 556.727 2 491.874 -137.266
2360 304.978 556.727 2 494.296 -165.603
2361 314.978 556.727 2 496.908 -158.17
2362 324.978 556.727 2 499.706 -157.415
2363 334.978 556.727 2 502.687 -168.688
2364 344.978 556.727 2 505.848 -168.013
2365 354.978 556.727 2 509.187 -169.886
2366 364.978 556.727 2 512.698 -168.698
2367 374.978 556.727 2 516.38 -170.762
2368 384.978 556.727 2 520.227 -167.008
2369 394.978 556.727 2 524.238 -174.493
2370 404.978 556.727 2 528.407 -175.547
2371 414.978 556.727 2 532.731 -162.368
2372 424.978 556.727 2 537.206 -128.035
2373 434.978 556.727 2 541.829 -131.055
2374 444.978 556.727 2 546.596 -124.126
2375 454.978 556.727 2 551.503 -135.18
2376 464.978 556.727 2 556.547 -131.297
2377 474.978 556.727 2 561.723 -136.231
2378 484.978 556.727 2 567.029 -159.788
2379 84.9784 566.727 2 497.573 -101.825
2380 94.9784 566.727 2 495.75 -120.65
2381 104.978 566.727 2 494.122 -146.95
2382 114.978 566.727 2 492.691 -147.26
2383 124.978 566.727 2 491.46 -147.601
2384 134.978 566.727 2 490.43 -150.426
2385 144.978 566.727 2 489.602 -151.755
2386 154.978 566.727 2 488.977 -152.723
2387 164.978 566.727 2 488.556 -159.452
2388 174.978 566.727 2 488.34 -158.427
2389 184.978 566.727 2 488.328 -142.597
2390 194.978 566.727 2 488.521 -128.892
2391 204.978 566.727 2 488.918 -116.855
2392 214.978 566.727 2 489.52 -102.78
2393 224.978 566.727 2 490.324 -101.954
2394 234.978 566.727 2 491.331 -137.502
2395 244.978 566.727 2 492.539 -134.402
2396 254.978 566.727 2 493.947 -147.647
2397 264.978 566.727 2 495.552 -95.4508
2398 274.978 566.727 2 497.353 -96.4798
2399 284.978 566.727 2 499.348 -99.4424
2400 294.978 566.727 2 501.535 -130.02
2401 304.978 566.727 2 503.91 -136.742
2402 314.978 566.727 2 506.472 -151.391
2403 324.978 566.727 2 509.218 -155.347
2404 334.978 566.727 2 512.144 -161.542
2405 344.978 566.727 2 515.247 -162.904
2406 354.978 566.727 2 518.525 -164.056
2407 364.978 566.727 2 521.974 -165.05
2408 374.978 566.727 2 525.59 -167.365
2409 384.978 566.727 2 529.371 -160.41
2410 394.978 566.727 2 533.312 -170.696
2411 404.978 566.727 2 537.411 -177.552
2412 414.978 566.727 2 541.663 -117.572
2413 424.978 566.727 2 546.066 -124.136
2414 434.978 566.727 2 550.614 -117.865
2415 444.978 566.727 2 555.306 -121.278
2416 454.978 566.727 2 560.137 -135.58
2417 464.978 566.727 2 565.103 -136.234
2418 474.978 566.727 2 570.202 -132.552
2419 484.978 566.727 2 575.429 -139.636
2420 84.9784 576.727 2 507.323 -104.675
2421 94.9784 576.727 2 505.534 -135.86
2422 104.978 576.727 2 503.938 -141.705
2423 114.978 576.727 2 502.535 -140.665
2424 124.978 576.727 2 501.328 -142.691
2425 134.978 576.727 2 500.319 -143.776
2426 144.978 576.727 2 499.507 -145.46
2427 154.978 576.727 2 498.894 -145.887
2428 164.978 576.727 2 498.482 -148.952
2429 174.978 576.727 2 498.27 -146.862
2430 184.978 576.727 2 498.258 -150.964
2431 194.978 576.727 2 498.447 -124.048
2432 204.978 576.727 2 498.837 -118.523
2433 214.978 576.727 2 499.426 -100.521
2434 224.978 576.727 2 500.215 -94.9796
2435 234.978 576.727 2 501.202 -110.153
2436 244.978 576.727 2 502.386 -148.255
2437 254.978 576.727 2 503.766 -134.19
2438 264.978 576.727 2 505.34 -100.713
2439 274.978 576.727 2 507.107 -96.7928
2440 284.978 576.727 2 509.064 -96.6692
2441 294.978 576.727 2 511.209 -108.776
2442 304.978 576.727 2 513.539 -130.509
2443 314.978 576.727 2 516.054 -137.729
2444 324.978 576.727 2 518.748 -150.442
2445 334.978 576.727 2 521.621 -152.56
2446 344.978 576.727 2 524.668 -159.6
2447 354.978 576.727 2 527.887 -161.013
2448 364.978 576.727 2 531.276 -157.967
2449 374.978 576.727 2 534.829 -164.967
2450 384.978 576.727 2 538.545 -167.326
2451 394.978 576.727 2 542.42 -169.446
2452 404.978 576.727 2 546.45 -114.373
2453 414.978 576.727 2 550.632 -130.925
2454 424.978 576.727 2 554.964 -115.605
2455 434.978 576.727 2 559.44 -127.408
2456 444.978 576.727 2 564.058 -128.028
2457 454.978 576.727 2 568.815 -127.759
2458 464.978 576.727 2 573.706 -131.687
2459 474.978 576.727 2 578.729 -161.615
2460 484.978 576.727 2 583.88 -143.242
2461 84.9784 586.727 2 517.081 -105.072
2462 94.9784 586.727 2 515.327 -133.017
2463 104.978 586.727 2 513.761 -141.556
2464 114.978 586.727 2 512.385 -144.221
2465 124.978 586.727 2 511.202 -145.145
2466 134.978 586.727 2 510.211 -146.146
2467 144.978 586.727 2 509.415 -144.293
2468 154.978 586.727 2 508.815 -140.53
2469 164.978 586.727 2 508.41 -154.235
2470 174.978 586.727 2 508.202 -144.337
2471 184.978 586.727 2 508.191 -125.758
2472 194.978 586.727 2 508.376 -122.368
2473 204.978 586.727 2 508.758 -112.371
2474 214.978 586.727 2 509.336 -96.1386
2475 224.978 586.727 2 510.11 -94.7902
2476 234.978 586.727 2 511.078 -110.394
2477 244.978 586.727 2 512.239 -134.7
2478 254.978 586.727 2 513.593 -114.084
2479 264.978 586.727 2 515.137 -109.43
2480 274.978 586.727 2 516.87 -115.542
2481 284.978 586.727 2 518.79 -98.4489
2482 294.978 586.727 2 520.895 -107.274
2483 304.978 586.727 2 523.182 -130.659
2484 314.978 586.727 2 525.65 -138.227
2485 324.978 586.727 2 528.296 -134.179
2486 334.978 586.727 2 531.117 -143.557
2487 344.978 586.727 2 534.11 -151.13
2488 354.978 586.727 2 537.273 -156.843
2489 364.978 586.727 2 540.602 -160.51
2490 374.978 586.727 2 544.095 -163.033
2491 384.978 586.727 2 547.748 -165.49
2492 394.978 586.727 2 551.558 -115.47
2493 404.978 586.727 2 555.522 -128.852
2494 414.978 586.727 2 559.637 -121.086
2495 424.978 586.727 2 563.899 -127.574
2496 434.978 586.727 2 568.305 -132.875
2497 444.978 586.727 2 572.851 -134.029
2498 454.978 586.727 2 577.535 -118.375
2499 464.978 586.727 2 582.353 -129.549
2500 474.978 586.727 2 587.302 -137.148
2501 484.978 586.727 2 592.379 -144.394
