# <Transmitter Set: Tx: 20 tx_ant_grid_60_m - Point 35> 
# <Receiver Set: Rx: 17 rx_ant_grid> 
# <X(m)> <Y(m)> <Z(m)> <Distance(m)> <PathGain(dB)>
1 84.9784 -13.2734 2 716.971 -145.099
2 94.9784 -13.2734 2 711.502 -115.674
3 104.978 -13.2734 2 706.133 -169.27
4 114.978 -13.2734 2 700.865 -169.043
5 124.978 -13.2734 2 695.702 -132.508
6 134.978 -13.2734 2 690.644 -168.61
7 144.978 -13.2734 2 685.695 -135.814
8 154.978 -13.2734 2 680.857 -168.302
9 164.978 -13.2734 2 676.132 -168.113
10 174.978 -13.2734 2 671.523 -138.125
11 184.978 -13.2734 2 667.032 -139.362
12 194.978 -13.2734 2 662.661 -140.772
13 204.978 -13.2734 2 658.414 -141.807
14 214.978 -13.2734 2 654.291 -141.266
15 224.978 -13.2734 2 650.296 -139.908
16 234.978 -13.2734 2 646.432 -138.509
17 244.978 -13.2734 2 642.699 -137.092
18 254.978 -13.2734 2 639.102 -117.105
19 264.978 -13.2734 2 635.641 -127.032
20 274.978 -13.2734 2 632.319 -126.219
21 284.978 -13.2734 2 629.139 -125.236
22 294.978 -13.2734 2 626.103 -129.248
23 304.978 -13.2734 2 623.212 -166.181
24 314.978 -13.2734 2 620.469 -166.117
25 324.978 -13.2734 2 617.876 -167.46
26 334.978 -13.2734 2 615.434 -163.306
27 344.978 -13.2734 2 613.145 -130.36
28 354.978 -13.2734 2 611.012 -149.706
29 364.978 -13.2734 2 609.035 -165.105
30 374.978 -13.2734 2 607.217 -168.195
31 384.978 -13.2734 2 605.559 -164.016
32 394.978 -13.2734 2 604.061 -142.234
33 404.978 -13.2734 2 602.726 -126.357
34 414.978 -13.2734 2 601.554 -138.547
35 424.978 -13.2734 2 600.546 -126.295
36 434.978 -13.2734 2 599.703 -120.645
37 444.978 -13.2734 2 599.026 -143.204
38 454.978 -13.2734 2 598.515 -144.739
39 464.978 -13.2734 2 598.171 -159.556
40 474.978 -13.2734 2 597.995 -97.1446
41 484.978 -13.2734 2 597.985 -91.6913
42 84.9784 -3.2734 2 708.692 -147.64
43 94.9784 -3.2734 2 703.159 -115.367
44 104.978 -3.2734 2 697.725 -250
45 114.978 -3.2734 2 692.394 -250
46 124.978 -3.2734 2 687.166 -250
47 134.978 -3.2734 2 682.046 -136.875
48 144.978 -3.2734 2 677.034 -250
49 154.978 -3.2734 2 672.133 -250
50 164.978 -3.2734 2 667.347 -250
51 174.978 -3.2734 2 662.676 -145.097
52 184.978 -3.2734 2 658.125 -142.358
53 194.978 -3.2734 2 653.695 -141.009
54 204.978 -3.2734 2 649.389 -141.031
55 214.978 -3.2734 2 645.208 -142.383
56 224.978 -3.2734 2 641.157 -144.971
57 234.978 -3.2734 2 637.237 -147.214
58 244.978 -3.2734 2 633.45 -145.655
59 254.978 -3.2734 2 629.8 -143.446
60 264.978 -3.2734 2 626.288 -125.438
61 274.978 -3.2734 2 622.916 -122.114
62 284.978 -3.2734 2 619.688 -164.749
63 294.978 -3.2734 2 616.605 -191.745
64 304.978 -3.2734 2 613.67 -191.403
65 314.978 -3.2734 2 610.884 -191.126
66 324.978 -3.2734 2 608.249 -190.918
67 334.978 -3.2734 2 605.769 -190.784
68 344.978 -3.2734 2 603.444 -191.311
69 354.978 -3.2734 2 601.276 -191.231
70 364.978 -3.2734 2 599.267 -191.224
71 374.978 -3.2734 2 597.419 -191.256
72 384.978 -3.2734 2 595.733 -191.446
73 394.978 -3.2734 2 594.211 -140.229
74 404.978 -3.2734 2 592.853 -127.315
75 414.978 -3.2734 2 591.662 -138.252
76 424.978 -3.2734 2 590.637 -126.161
77 434.978 -3.2734 2 589.78 -112.848
78 444.978 -3.2734 2 589.092 -188.271
79 454.978 -3.2734 2 588.572 -190.852
80 464.978 -3.2734 2 588.223 -197.369
81 474.978 -3.2734 2 588.043 -92.7755
82 484.978 -3.2734 2 588.033 -93.295
83 84.9784 6.7266 2 700.458 -160.534
84 94.9784 6.7266 2 694.859 -250
85 104.978 6.7266 2 689.36 -119.861
86 114.978 6.7266 2 683.964 -250
87 124.978 6.7266 2 678.671 -250
88 134.978 6.7266 2 673.486 -137.742
89 144.978 6.7266 2 668.41 -250
90 154.978 6.7266 2 663.446 -250
91 164.978 6.7266 2 658.596 -250
92 174.978 6.7266 2 653.863 -153.899
93 184.978 6.7266 2 649.25 -149.877
94 194.978 6.7266 2 644.759 -148.246
95 204.978 6.7266 2 640.392 -148.913
96 214.978 6.7266 2 636.153 -151.873
97 224.978 6.7266 2 632.044 -155.677
98 234.978 6.7266 2 628.067 -153.101
99 244.978 6.7266 2 624.225 -149.89
100 254.978 6.7266 2 620.52 -148.739
101 264.978 6.7266 2 616.955 -122.374
102 274.978 6.7266 2 613.532 -125.396
103 284.978 6.7266 2 610.254 -131.971
104 294.978 6.7266 2 607.123 -250
105 304.978 6.7266 2 604.142 -250
106 314.978 6.7266 2 601.312 -250
107 324.978 6.7266 2 598.635 -250
108 334.978 6.7266 2 596.115 -250
109 344.978 6.7266 2 593.752 -250
110 354.978 6.7266 2 591.549 -250
111 364.978 6.7266 2 589.507 -250
112 374.978 6.7266 2 587.628 -250
113 384.978 6.7266 2 585.914 -250
114 394.978 6.7266 2 584.366 -140.87
115 404.978 6.7266 2 582.986 -128.843
116 414.978 6.7266 2 581.774 -161.346
117 424.978 6.7266 2 580.732 -113.106
118 434.978 6.7266 2 579.86 -112.823
119 444.978 6.7266 2 579.16 -250
120 454.978 6.7266 2 578.632 -250
121 464.978 6.7266 2 578.276 -250
122 474.978 6.7266 2 578.093 -95.9153
123 484.978 6.7266 2 578.083 -91.4354
124 84.9784 16.7266 2 692.27 -160.211
125 94.9784 16.7266 2 686.605 -250
126 104.978 16.7266 2 681.039 -250
127 114.978 16.7266 2 675.576 -122.561
128 124.978 16.7266 2 670.218 -250
129 134.978 16.7266 2 664.966 -250
130 144.978 16.7266 2 659.825 -250
131 154.978 16.7266 2 654.795 -250
132 164.978 16.7266 2 649.881 -250
133 174.978 16.7266 2 645.085 -250
134 184.978 16.7266 2 640.408 -250
135 194.978 16.7266 2 635.855 -250
136 204.978 16.7266 2 631.427 -250
137 214.978 16.7266 2 627.127 -250
138 224.978 16.7266 2 622.958 -250
139 234.978 16.7266 2 618.922 -250
140 244.978 16.7266 2 615.023 -250
141 254.978 16.7266 2 611.263 -250
142 264.978 16.7266 2 607.643 -119.979
143 274.978 16.7266 2 604.168 -132.252
144 284.978 16.7266 2 600.839 -133.983
145 294.978 16.7266 2 597.659 -250
146 304.978 16.7266 2 594.63 -250
147 314.978 16.7266 2 591.754 -250
148 324.978 16.7266 2 589.034 -144.784
149 334.978 16.7266 2 586.472 -139.729
150 344.978 16.7266 2 584.07 -250
151 354.978 16.7266 2 581.831 -250
152 364.978 16.7266 2 579.754 -250
153 374.978 16.7266 2 577.844 -250
154 384.978 16.7266 2 576.101 -151.191
155 394.978 16.7266 2 574.527 -141.752
156 404.978 16.7266 2 573.122 -128.402
157 414.978 16.7266 2 571.89 -149.664
158 424.978 16.7266 2 570.829 -112.187
159 434.978 16.7266 2 569.943 -117.44
160 444.978 16.7266 2 569.23 -250
161 454.978 16.7266 2 568.693 -250
162 464.978 16.7266 2 568.331 -250
163 474.978 16.7266 2 568.145 -87.2588
164 484.978 16.7266 2 568.135 -86.9275
165 84.9784 26.7266 2 684.131 -159.881
166 94.9784 26.7266 2 678.398 -250
167 104.978 26.7266 2 672.764 -250
168 114.978 26.7266 2 667.233 -122.332
169 124.978 26.7266 2 661.807 -142.059
170 134.978 26.7266 2 656.489 -136.241
171 144.978 26.7266 2 651.28 -250
172 154.978 26.7266 2 646.184 -250
173 164.978 26.7266 2 641.204 -250
174 174.978 26.7266 2 636.342 -250
175 184.978 26.7266 2 631.601 -250
176 194.978 26.7266 2 626.983 -250
177 204.978 26.7266 2 622.492 -250
178 214.978 26.7266 2 618.13 -250
179 224.978 26.7266 2 613.9 -250
180 234.978 26.7266 2 609.805 -250
181 244.978 26.7266 2 605.847 -250
182 254.978 26.7266 2 602.029 -250
183 264.978 26.7266 2 598.354 -125.742
184 274.978 26.7266 2 594.824 -119.779
185 284.978 26.7266 2 591.443 -130.581
186 294.978 26.7266 2 588.212 -250
187 304.978 26.7266 2 585.134 -250
188 314.978 26.7266 2 582.211 -142.138
189 324.978 26.7266 2 579.447 -135.208
190 334.978 26.7266 2 576.842 -141.099
191 344.978 26.7266 2 574.4 -160.597
192 354.978 26.7266 2 572.122 -145.789
193 364.978 26.7266 2 570.011 -250
194 374.978 26.7266 2 568.068 -250
195 384.978 26.7266 2 566.294 -157.701
196 394.978 26.7266 2 564.693 -250
197 404.978 26.7266 2 563.264 -130.785
198 414.978 26.7266 2 562.01 -149.6
199 424.978 26.7266 2 560.931 -110.905
200 434.978 26.7266 2 560.028 -129.791
201 444.978 26.7266 2 559.303 -149.266
202 454.978 26.7266 2 558.756 -250
203 464.978 26.7266 2 558.388 -250
204 474.978 26.7266 2 558.199 -89.5858
205 484.978 26.7266 2 558.188 -87.2828
206 84.9784 36.7266 2 676.041 -159.545
207 94.9784 36.7266 2 670.239 -250
208 104.978 36.7266 2 664.536 -250
209 114.978 36.7266 2 658.936 -250
210 124.978 36.7266 2 653.441 -125.541
211 134.978 36.7266 2 648.054 -250
212 144.978 36.7266 2 642.777 -250
213 154.978 36.7266 2 637.614 -250
214 164.978 36.7266 2 632.566 -206.955
215 174.978 36.7266 2 627.637 -164.995
216 184.978 36.7266 2 622.83 -151.619
217 194.978 36.7266 2 618.147 -153.321
218 204.978 36.7266 2 613.591 -137.558
219 214.978 36.7266 2 609.165 -146.228
220 224.978 36.7266 2 604.872 -250
221 234.978 36.7266 2 600.715 -250
222 244.978 36.7266 2 596.697 -250
223 254.978 36.7266 2 592.82 -250
224 264.978 36.7266 2 589.088 -120.562
225 274.978 36.7266 2 585.502 -119.641
226 284.978 36.7266 2 582.067 -130.208
227 294.978 36.7266 2 578.783 -250
228 304.978 36.7266 2 575.655 -250
229 314.978 36.7266 2 572.684 -133.53
230 324.978 36.7266 2 569.873 -139.26
231 334.978 36.7266 2 567.225 -143.154
232 344.978 36.7266 2 564.741 -163.943
233 354.978 36.7266 2 562.424 -167.51
234 364.978 36.7266 2 560.276 -126.612
235 374.978 36.7266 2 558.299 -161.888
236 384.978 36.7266 2 556.495 -250
237 394.978 36.7266 2 554.865 -250
238 404.978 36.7266 2 553.411 -143.067
239 414.978 36.7266 2 552.134 -148.918
240 424.978 36.7266 2 551.036 -115.031
241 434.978 36.7266 2 550.117 -132.435
242 444.978 36.7266 2 549.379 -112.801
243 454.978 36.7266 2 548.822 -250
244 464.978 36.7266 2 548.447 -250
245 474.978 36.7266 2 548.254 -84.0118
246 484.978 36.7266 2 548.244 -91.169
247 84.9784 46.7266 2 668.004 -208.23
248 94.9784 46.7266 2 662.131 -208.011
249 104.978 46.7266 2 656.358 -250
250 114.978 46.7266 2 650.688 -184.277
251 124.978 46.7266 2 645.122 -250
252 134.978 46.7266 2 639.665 -129.897
253 144.978 46.7266 2 634.318 -137.482
254 154.978 46.7266 2 629.085 -250
255 164.978 46.7266 2 623.968 -250
256 174.978 46.7266 2 618.971 -250
257 184.978 46.7266 2 614.096 -250
258 194.978 46.7266 2 609.346 -250
259 204.978 46.7266 2 604.724 -133.037
260 214.978 46.7266 2 600.233 -121.722
261 224.978 46.7266 2 595.875 -134.328
262 234.978 46.7266 2 591.655 -133.986
263 244.978 46.7266 2 587.575 -130.155
264 254.978 46.7266 2 583.638 -123.744
265 264.978 46.7266 2 579.846 -126.385
266 274.978 46.7266 2 576.203 -124.498
267 284.978 46.7266 2 572.711 -132.601
268 294.978 46.7266 2 569.374 -250
269 304.978 46.7266 2 566.194 -250
270 314.978 46.7266 2 563.173 -250
271 324.978 46.7266 2 560.315 -250
272 334.978 46.7266 2 557.621 -250
273 344.978 46.7266 2 555.094 -250
274 354.978 46.7266 2 552.737 -250
275 364.978 46.7266 2 550.551 -134.443
276 374.978 46.7266 2 548.539 -163.328
277 384.978 46.7266 2 546.702 -250
278 394.978 46.7266 2 545.043 -250
279 404.978 46.7266 2 543.563 -151.851
280 414.978 46.7266 2 542.263 -143.01
281 424.978 46.7266 2 541.144 -117.414
282 434.978 46.7266 2 540.209 -126.029
283 444.978 46.7266 2 539.457 -112.815
284 454.978 46.7266 2 538.89 -250
285 464.978 46.7266 2 538.508 -250
286 474.978 46.7266 2 538.312 -88.8253
287 484.978 46.7266 2 538.301 -87.3543
288 84.9784 56.7266 2 660.02 -150.137
289 94.9784 56.7266 2 654.075 -150.359
290 104.978 56.7266 2 648.231 -250
291 114.978 56.7266 2 642.488 -250
292 124.978 56.7266 2 636.851 -250
293 134.978 56.7266 2 631.323 -250
294 144.978 56.7266 2 625.905 -133.868
295 154.978 56.7266 2 620.601 -250
296 164.978 56.7266 2 615.413 -250
297 174.978 56.7266 2 610.346 -250
298 184.978 56.7266 2 605.401 -250
299 194.978 56.7266 2 600.582 -250
300 204.978 56.7266 2 595.892 -123.705
301 214.978 56.7266 2 591.334 -113.855
302 224.978 56.7266 2 586.911 -127.119
303 234.978 56.7266 2 582.626 -132.697
304 244.978 56.7266 2 578.482 -129.694
305 254.978 56.7266 2 574.482 -133.529
306 264.978 56.7266 2 570.63 -126.2
307 274.978 56.7266 2 566.928 -124.508
308 284.978 56.7266 2 563.379 -126.837
309 294.978 56.7266 2 559.986 -250
310 304.978 56.7266 2 556.752 -250
311 314.978 56.7266 2 553.679 -250
312 324.978 56.7266 2 550.772 -250
313 334.978 56.7266 2 548.031 -250
314 344.978 56.7266 2 545.46 -250
315 354.978 56.7266 2 543.061 -250
316 364.978 56.7266 2 540.836 -134.21
317 374.978 56.7266 2 538.787 -149.564
318 384.978 56.7266 2 536.917 -250
319 394.978 56.7266 2 535.228 -250
320 404.978 56.7266 2 533.72 -148.104
321 414.978 56.7266 2 532.396 -135.647
322 424.978 56.7266 2 531.257 -117.331
323 434.978 56.7266 2 530.304 -120.206
324 444.978 56.7266 2 529.539 -140.027
325 454.978 56.7266 2 528.961 -250
326 464.978 56.7266 2 528.572 -250
327 474.978 56.7266 2 528.372 -84.8929
328 484.978 56.7266 2 528.361 -92.9219
329 84.9784 66.7266 2 652.091 -150.025
330 94.9784 66.7266 2 646.074 -144.506
331 104.978 66.7266 2 640.156 -143.837
332 114.978 66.7266 2 634.341 -145.292
333 124.978 66.7266 2 628.631 -149.118
334 134.978 66.7266 2 623.029 -149.155
335 144.978 66.7266 2 617.538 -136.449
336 154.978 66.7266 2 612.162 -137.8
337 164.978 66.7266 2 606.903 -133.408
338 174.978 66.7266 2 601.763 -150.962
339 184.978 66.7266 2 596.748 -152.647
340 194.978 66.7266 2 591.858 -123.844
341 204.978 66.7266 2 587.098 -114.105
342 214.978 66.7266 2 582.472 -131.189
343 224.978 66.7266 2 577.981 -132.339
344 234.978 66.7266 2 573.629 -129.243
345 244.978 66.7266 2 569.419 -128.155
346 254.978 66.7266 2 565.356 -140.609
347 264.978 66.7266 2 561.441 -129.137
348 274.978 66.7266 2 557.677 -129.985
349 284.978 66.7266 2 554.069 -125.184
350 294.978 66.7266 2 550.619 -132.722
351 304.978 66.7266 2 547.329 -135.145
352 314.978 66.7266 2 544.204 -119.3
353 324.978 66.7266 2 541.245 -135.09
354 334.978 66.7266 2 538.456 -135.75
355 344.978 66.7266 2 535.839 -135.493
356 354.978 66.7266 2 533.397 -129.137
357 364.978 66.7266 2 531.131 -136.478
358 374.978 66.7266 2 529.045 -143.233
359 384.978 66.7266 2 527.141 -150.118
360 394.978 66.7266 2 525.42 -141.213
361 404.978 66.7266 2 523.884 -140.511
362 414.978 66.7266 2 522.535 -130.967
363 424.978 66.7266 2 521.374 -118.118
364 434.978 66.7266 2 520.403 -130.684
365 444.978 66.7266 2 519.623 -129.328
366 454.978 66.7266 2 519.034 -127.759
367 464.978 66.7266 2 518.638 -131.427
368 474.978 66.7266 2 518.434 -92.2574
369 484.978 66.7266 2 518.423 -94.0806
370 84.9784 76.7266 2 644.22 -150.154
371 94.9784 76.7266 2 638.129 -151.171
372 104.978 76.7266 2 632.137 -149.547
373 114.978 76.7266 2 626.247 -155.959
374 124.978 76.7266 2 620.463 -149.472
375 134.978 76.7266 2 614.786 -145.892
376 144.978 76.7266 2 609.221 -149.955
377 154.978 76.7266 2 603.771 -154.824
378 164.978 76.7266 2 598.438 -140.225
379 174.978 76.7266 2 593.225 -145.342
380 184.978 76.7266 2 588.137 -123.391
381 194.978 76.7266 2 583.175 -124.892
382 204.978 76.7266 2 578.344 -134.257
383 214.978 76.7266 2 573.646 -130.707
384 224.978 76.7266 2 569.086 -128.894
385 234.978 76.7266 2 564.665 -132.985
386 244.978 76.7266 2 560.389 -140.717
387 254.978 76.7266 2 556.259 -149.445
388 264.978 76.7266 2 552.279 -143.806
389 274.978 76.7266 2 548.453 -128.22
390 284.978 76.7266 2 544.784 -121.414
391 294.978 76.7266 2 541.274 -139.017
392 304.978 76.7266 2 537.928 -130.318
393 314.978 76.7266 2 534.748 -127.579
394 324.978 76.7266 2 531.736 -140.714
395 334.978 76.7266 2 528.897 -132.651
396 344.978 76.7266 2 526.232 -130.484
397 354.978 76.7266 2 523.745 -133.378
398 364.978 76.7266 2 521.438 -137.819
399 374.978 76.7266 2 519.313 -133.835
400 384.978 76.7266 2 517.373 -139.308
401 394.978 76.7266 2 515.619 -145.254
402 404.978 76.7266 2 514.054 -135.271
403 414.978 76.7266 2 512.679 -132.337
404 424.978 76.7266 2 511.496 -136.19
405 434.978 76.7266 2 510.506 -125.511
406 444.978 76.7266 2 509.711 -155.01
407 454.978 76.7266 2 509.111 -131.264
408 464.978 76.7266 2 508.706 -134.164
409 474.978 76.7266 2 508.498 -86.0349
410 484.978 76.7266 2 508.487 -95.5205
411 84.9784 86.7266 2 636.409 -145.095
412 94.9784 86.7266 2 630.242 -179.974
413 104.978 86.7266 2 624.175 -250
414 114.978 86.7266 2 618.209 -250
415 124.978 86.7266 2 612.349 -250
416 134.978 86.7266 2 606.596 -250
417 144.978 86.7266 2 600.956 -142.944
418 154.978 86.7266 2 595.429 -250
419 164.978 86.7266 2 590.021 -250
420 174.978 86.7266 2 584.733 -250
421 184.978 86.7266 2 579.57 -118.308
422 194.978 86.7266 2 574.535 -116.175
423 204.978 86.7266 2 569.63 -135.634
424 214.978 86.7266 2 564.86 -135.867
425 224.978 86.7266 2 560.228 -250
426 234.978 86.7266 2 555.737 -250
427 244.978 86.7266 2 551.392 -250
428 254.978 86.7266 2 547.194 -147.857
429 264.978 86.7266 2 543.148 -147.417
430 274.978 86.7266 2 539.257 -131.461
431 284.978 86.7266 2 535.525 -130.033
432 294.978 86.7266 2 531.954 -126.419
433 304.978 86.7266 2 528.548 -124.843
434 314.978 86.7266 2 525.311 -141.728
435 324.978 86.7266 2 522.246 -135.465
436 334.978 86.7266 2 519.354 -132.275
437 344.978 86.7266 2 516.641 -138.745
438 354.978 86.7266 2 514.107 -149.225
439 364.978 86.7266 2 511.756 -147.166
440 374.978 86.7266 2 509.591 -145.192
441 384.978 86.7266 2 507.613 -250
442 394.978 86.7266 2 505.826 -250
443 404.978 86.7266 2 504.23 -250
444 414.978 86.7266 2 502.829 -138.818
445 424.978 86.7266 2 501.623 -143.6
446 434.978 86.7266 2 500.613 -111.507
447 444.978 86.7266 2 499.802 -250
448 454.978 86.7266 2 499.19 -250
449 464.978 86.7266 2 498.778 -250
450 474.978 86.7266 2 498.566 -91.7031
451 484.978 86.7266 2 498.554 -92.5259
452 84.9784 96.7266 2 628.66 -117.296
453 94.9784 96.7266 2 622.417 -179.866
454 104.978 96.7266 2 616.272 -250
455 114.978 96.7266 2 610.229 -250
456 124.978 96.7266 2 604.291 -250
457 134.978 96.7266 2 598.462 -141.691
458 144.978 96.7266 2 592.743 -141.956
459 154.978 96.7266 2 587.14 -250
460 164.978 96.7266 2 581.654 -250
461 174.978 96.7266 2 576.29 -250
462 184.978 96.7266 2 571.051 -118.647
463 194.978 96.7266 2 565.939 -250
464 204.978 96.7266 2 560.96 -250
465 214.978 96.7266 2 556.115 -250
466 224.978 96.7266 2 551.41 -250
467 234.978 96.7266 2 546.847 -250
468 244.978 96.7266 2 542.429 -250
469 254.978 96.7266 2 538.162 -250
470 264.978 96.7266 2 534.047 -250
471 274.978 96.7266 2 530.09 -125.157
472 284.978 96.7266 2 526.292 -127.684
473 294.978 96.7266 2 522.659 -124.465
474 304.978 96.7266 2 519.192 -127.756
475 314.978 96.7266 2 515.896 -135.052
476 324.978 96.7266 2 512.774 -145.848
477 334.978 96.7266 2 509.829 -154.367
478 344.978 96.7266 2 507.065 -148.409
479 354.978 96.7266 2 504.483 -150.001
480 364.978 96.7266 2 502.087 -148.933
481 374.978 96.7266 2 499.88 -150.235
482 384.978 96.7266 2 497.864 -250
483 394.978 96.7266 2 496.041 -250
484 404.978 96.7266 2 494.414 -250
485 414.978 96.7266 2 492.985 -141.255
486 424.978 96.7266 2 491.754 -136.502
487 434.978 96.7266 2 490.725 -116.955
488 444.978 96.7266 2 489.897 -250
489 454.978 96.7266 2 489.273 -250
490 464.978 96.7266 2 488.852 -250
491 474.978 96.7266 2 488.636 -89.8889
492 484.978 96.7266 2 488.624 -95.0369
493 84.9784 106.727 2 620.976 -122.858
494 94.9784 106.727 2 614.654 -136.031
495 104.978 106.727 2 608.431 -250
496 114.978 106.727 2 602.309 -250
497 124.978 106.727 2 596.293 -250
498 134.978 106.727 2 590.384 -159.367
499 144.978 106.727 2 584.587 -250
500 154.978 106.727 2 578.904 -250
501 164.978 106.727 2 573.34 -250
502 174.978 106.727 2 567.897 -250
503 184.978 106.727 2 562.58 -126.179
504 194.978 106.727 2 557.391 -250
505 204.978 106.727 2 552.334 -250
506 214.978 106.727 2 547.413 -250
507 224.978 106.727 2 542.632 -250
508 234.978 106.727 2 537.995 -250
509 244.978 106.727 2 533.504 -250
510 254.978 106.727 2 529.165 -250
511 264.978 106.727 2 524.98 -250
512 274.978 106.727 2 520.953 -126.516
513 284.978 106.727 2 517.089 -126.062
514 294.978 106.727 2 513.39 -125.693
515 304.978 106.727 2 509.86 -141.513
516 314.978 106.727 2 506.504 -125.007
517 324.978 106.727 2 503.323 -177.515
518 334.978 106.727 2 500.323 -144.829
519 344.978 106.727 2 497.505 -167.582
520 354.978 106.727 2 494.874 -172.698
521 364.978 106.727 2 492.431 -174.985
522 374.978 106.727 2 490.18 -179.063
523 384.978 106.727 2 488.124 -250
524 394.978 106.727 2 486.265 -250
525 404.978 106.727 2 484.605 -250
526 414.978 106.727 2 483.147 -128.311
527 424.978 106.727 2 481.891 -124.191
528 434.978 106.727 2 480.841 -109.625
529 444.978 106.727 2 479.996 -250
530 454.978 106.727 2 479.359 -250
531 464.978 106.727 2 478.929 -250
532 474.978 106.727 2 478.708 -90.9722
533 484.978 106.727 2 478.696 -97.7289
534 84.9784 116.727 2 613.358 -113.579
535 94.9784 116.727 2 606.957 -108.271
536 104.978 116.727 2 600.654 -250
537 114.978 116.727 2 594.452 -250
538 124.978 116.727 2 588.355 -250
539 134.978 116.727 2 582.366 -250
540 144.978 116.727 2 576.488 -250
541 154.978 116.727 2 570.725 -250
542 164.978 116.727 2 565.08 -250
543 174.978 116.727 2 559.557 -250
544 184.978 116.727 2 554.16 -119.098
545 194.978 116.727 2 548.891 -250
546 204.978 116.727 2 543.755 -250
547 214.978 116.727 2 538.756 -250
548 224.978 116.727 2 533.898 -250
549 234.978 116.727 2 529.184 -250
550 244.978 116.727 2 524.618 -250
551 254.978 116.727 2 520.204 -250
552 264.978 116.727 2 515.946 -250
553 274.978 116.727 2 511.849 -129.201
554 284.978 116.727 2 507.915 -130.371
555 294.978 116.727 2 504.149 -130.218
556 304.978 116.727 2 500.554 -133.309
557 314.978 116.727 2 497.135 -132.04
558 324.978 116.727 2 493.894 -250
559 334.978 116.727 2 490.836 -250
560 344.978 116.727 2 487.964 -250
561 354.978 116.727 2 485.28 -250
562 364.978 116.727 2 482.789 -250
563 374.978 116.727 2 480.493 -250
564 384.978 116.727 2 478.396 -250
565 394.978 116.727 2 476.499 -250
566 404.978 116.727 2 474.805 -250
567 414.978 116.727 2 473.316 -250
568 424.978 116.727 2 472.034 -122.759
569 434.978 116.727 2 470.962 -120.081
570 444.978 116.727 2 470.099 -250
571 454.978 116.727 2 469.448 -250
572 464.978 116.727 2 469.01 -250
573 474.978 116.727 2 468.784 -99.3556
574 484.978 116.727 2 468.772 -91.3351
575 84.9784 126.727 2 605.809 -115.514
576 94.9784 126.727 2 599.327 -108.121
577 104.978 126.727 2 592.943 -141.046
578 114.978 126.727 2 586.66 -250
579 124.978 126.727 2 580.482 -250
580 134.978 126.727 2 574.41 -250
581 144.978 126.727 2 568.45 -250
582 154.978 126.727 2 562.605 -250
583 164.978 126.727 2 556.878 -250
584 174.978 126.727 2 551.272 -250
585 184.978 126.727 2 545.793 -117.827
586 194.978 126.727 2 540.443 -114.104
587 204.978 126.727 2 535.226 -118.408
588 214.978 126.727 2 530.146 -125.52
589 224.978 126.727 2 525.208 -250
590 234.978 126.727 2 520.415 -250
591 244.978 126.727 2 515.772 -250
592 254.978 126.727 2 511.282 -128.455
593 264.978 126.727 2 506.949 -149.076
594 274.978 126.727 2 502.778 -136.253
595 284.978 126.727 2 498.773 -135.073
596 294.978 126.727 2 494.937 -127.212
597 304.978 126.727 2 491.275 -131.343
598 314.978 126.727 2 487.791 -134.539
599 324.978 126.727 2 484.488 -250
600 334.978 126.727 2 481.37 -250
601 344.978 126.727 2 478.441 -250
602 354.978 126.727 2 475.704 -250
603 364.978 126.727 2 473.162 -250
604 374.978 126.727 2 470.819 -250
605 384.978 126.727 2 468.678 -250
606 394.978 126.727 2 466.742 -250
607 404.978 126.727 2 465.012 -250
608 414.978 126.727 2 463.492 -250
609 424.978 126.727 2 462.183 -142.226
610 434.978 126.727 2 461.088 -128.257
611 444.978 126.727 2 460.207 -250
612 454.978 126.727 2 459.542 -250
613 464.978 126.727 2 459.094 -250
614 474.978 126.727 2 458.864 -87.994
615 484.978 126.727 2 458.851 -94.4934
616 84.9784 136.727 2 598.333 -114.398
617 94.9784 136.727 2 591.769 -116.999
618 104.978 136.727 2 585.302 -110.554
619 114.978 136.727 2 578.936 -114.217
620 124.978 136.727 2 572.674 -117.414
621 134.978 136.727 2 566.52 -250
622 144.978 136.727 2 560.476 -250
623 154.978 136.727 2 554.546 -250
624 164.978 136.727 2 548.735 -250
625 174.978 136.727 2 543.045 -250
626 184.978 136.727 2 537.482 -122.771
627 194.978 136.727 2 532.048 -118.888
628 204.978 136.727 2 526.748 -123.785
629 214.978 136.727 2 521.586 -119.895
630 224.978 136.727 2 516.566 -250
631 234.978 136.727 2 511.692 -250
632 244.978 136.727 2 506.969 -250
633 254.978 136.727 2 502.4 -162.06
634 264.978 136.727 2 497.991 -135.648
635 274.978 136.727 2 493.744 -130.814
636 284.978 136.727 2 489.665 -126.079
637 294.978 136.727 2 485.757 -136.875
638 304.978 136.727 2 482.026 -147.703
639 314.978 136.727 2 478.474 -140.314
640 324.978 136.727 2 475.106 -250
641 334.978 136.727 2 471.926 -250
642 344.978 136.727 2 468.938 -250
643 354.978 136.727 2 466.145 -250
644 364.978 136.727 2 463.551 -250
645 374.978 136.727 2 461.159 -250
646 384.978 136.727 2 458.973 -250
647 394.978 136.727 2 456.996 -250
648 404.978 136.727 2 455.229 -250
649 414.978 136.727 2 453.676 -250
650 424.978 136.727 2 452.339 -113.752
651 434.978 136.727 2 451.219 -119.697
652 444.978 136.727 2 450.319 -250
653 454.978 136.727 2 449.64 -250
654 464.978 136.727 2 449.182 -250
655 474.978 136.727 2 448.946 -88.8635
656 484.978 136.727 2 448.933 -88.2375
657 84.9784 146.727 2 590.931 -125.356
658 94.9784 146.727 2 584.284 -113.105
659 104.978 146.727 2 577.733 -109.928
660 114.978 146.727 2 571.283 -120.244
661 124.978 146.727 2 564.936 -115.111
662 134.978 146.727 2 558.696 -113.828
663 144.978 146.727 2 552.567 -116.663
664 154.978 146.727 2 546.551 -114.97
665 164.978 146.727 2 540.654 -113.48
666 174.978 146.727 2 534.879 -114.023
667 184.978 146.727 2 529.229 -114.434
668 194.978 146.727 2 523.71 -120.563
669 204.978 146.727 2 518.325 -122.701
670 214.978 146.727 2 513.078 -112.216
671 224.978 146.727 2 507.974 -113.206
672 234.978 146.727 2 503.017 -125.882
673 244.978 146.727 2 498.212 -130.049
674 254.978 146.727 2 493.562 -132.379
675 264.978 146.727 2 489.072 -138.156
676 274.978 146.727 2 484.748 -137.47
677 284.978 146.727 2 480.592 -137.336
678 294.978 146.727 2 476.61 -142.877
679 304.978 146.727 2 472.806 -143.873
680 314.978 146.727 2 469.184 -148.088
681 324.978 146.727 2 465.749 -144.459
682 334.978 146.727 2 462.505 -147.721
683 344.978 146.727 2 459.456 -139.57
684 354.978 146.727 2 456.605 -136.343
685 364.978 146.727 2 453.956 -126.269
686 374.978 146.727 2 451.514 -122.437
687 384.978 146.727 2 449.281 -104.95
688 394.978 146.727 2 447.26 -120.67
689 404.978 146.727 2 445.455 -120.559
690 414.978 146.727 2 443.868 -123.692
691 424.978 146.727 2 442.501 -115.868
692 434.978 146.727 2 441.357 -120.41
693 444.978 146.727 2 440.437 -144.507
694 454.978 146.727 2 439.742 -143.988
695 464.978 146.727 2 439.274 -150.875
696 474.978 146.727 2 439.033 -85.7536
697 484.978 146.727 2 439.02 -91.5276
698 84.9784 156.727 2 583.606 -118.389
699 94.9784 156.727 2 576.875 -118.487
700 104.978 156.727 2 570.239 -120.042
701 114.978 156.727 2 563.703 -109.109
702 124.978 156.727 2 557.27 -114.622
703 134.978 156.727 2 550.943 -124.245
704 144.978 156.727 2 544.726 -115.513
705 154.978 156.727 2 538.624 -119.292
706 164.978 156.727 2 532.639 -113.402
707 174.978 156.727 2 526.775 -112.471
708 184.978 156.727 2 521.038 -112.888
709 194.978 156.727 2 515.431 -129.39
710 204.978 156.727 2 509.959 -111.515
711 214.978 156.727 2 504.625 -110.458
712 224.978 156.727 2 499.434 -137.473
713 234.978 156.727 2 494.392 -125.996
714 244.978 156.727 2 489.502 -121.573
715 254.978 156.727 2 484.768 -135.124
716 264.978 156.727 2 480.197 -131.17
717 274.978 156.727 2 475.791 -135.49
718 284.978 156.727 2 471.557 -157.22
719 294.978 156.727 2 467.498 -149.28
720 304.978 156.727 2 463.619 -156.921
721 314.978 156.727 2 459.925 -146.344
722 324.978 156.727 2 456.42 -138.984
723 334.978 156.727 2 453.109 -138.338
724 344.978 156.727 2 449.996 -140.472
725 354.978 156.727 2 447.085 -129.723
726 364.978 156.727 2 444.38 -138.195
727 374.978 156.727 2 441.885 -126.42
728 384.978 156.727 2 439.603 -107.682
729 394.978 156.727 2 437.537 -116.999
730 404.978 156.727 2 435.692 -126.668
731 414.978 156.727 2 434.069 -123.848
732 424.978 156.727 2 432.671 -110.683
733 434.978 156.727 2 431.501 -131.77
734 444.978 156.727 2 430.559 -144.659
735 454.978 156.727 2 429.849 -133.164
736 464.978 156.727 2 429.37 -145.24
737 474.978 156.727 2 429.123 -85.9864
738 484.978 156.727 2 429.11 -87.4971
739 84.9784 166.727 2 576.362 -118.272
740 94.9784 166.727 2 569.545 -124.254
741 104.978 166.727 2 562.823 -119.2
742 114.978 166.727 2 556.2 -114.964
743 124.978 166.727 2 549.679 -122.627
744 134.978 166.727 2 543.264 -112.884
745 144.978 166.727 2 536.958 -118.945
746 154.978 166.727 2 530.766 -127.196
747 164.978 166.727 2 524.691 -111.651
748 174.978 166.727 2 518.738 -115.886
749 184.978 166.727 2 512.911 -112.692
750 194.978 166.727 2 507.214 -117.157
751 204.978 166.727 2 501.652 -110.946
752 214.978 166.727 2 496.229 -114.414
753 224.978 166.727 2 490.95 -250
754 234.978 166.727 2 485.819 -140.112
755 244.978 166.727 2 480.842 -250
756 254.978 166.727 2 476.022 -250
757 264.978 166.727 2 471.366 -250
758 274.978 166.727 2 466.877 -141.709
759 284.978 166.727 2 462.561 -145.702
760 294.978 166.727 2 458.422 -250
761 304.978 166.727 2 454.466 -250
762 314.978 166.727 2 450.697 -250
763 324.978 166.727 2 447.12 -250
764 334.978 166.727 2 443.74 -250
765 344.978 166.727 2 440.561 -250
766 354.978 166.727 2 437.587 -135.665
767 364.978 166.727 2 434.822 -142.787
768 374.978 166.727 2 432.272 -250
769 384.978 166.727 2 429.939 -115.918
770 394.978 166.727 2 427.827 -113.658
771 404.978 166.727 2 425.94 -125.748
772 414.978 166.727 2 424.279 -116.711
773 424.978 166.727 2 422.849 -107.317
774 434.978 166.727 2 421.651 -120.644
775 444.978 166.727 2 420.688 -250
776 454.978 166.727 2 419.961 -250
777 464.978 166.727 2 419.47 -250
778 474.978 166.727 2 419.218 -83.7827
779 484.978 166.727 2 419.204 -87.4673
780 84.9784 176.727 2 569.201 -118.102
781 94.9784 176.727 2 562.298 -155.094
782 104.978 176.727 2 555.488 -114.47
783 114.978 176.727 2 548.776 -114.046
784 124.978 176.727 2 542.166 -117.756
785 134.978 176.727 2 535.661 -113.712
786 144.978 176.727 2 529.265 -115.802
787 154.978 176.727 2 522.981 -109.125
788 164.978 176.727 2 516.815 -113.251
789 174.978 176.727 2 510.77 -116.866
790 184.978 176.727 2 504.851 -121.953
791 194.978 176.727 2 499.062 -111.02
792 204.978 176.727 2 493.408 -111.604
793 214.978 176.727 2 487.894 -125.238
794 224.978 176.727 2 482.523 -250
795 234.978 176.727 2 477.302 -129.282
796 244.978 176.727 2 472.235 -250
797 254.978 176.727 2 467.327 -250
798 264.978 176.727 2 462.583 -250
799 274.978 176.727 2 458.008 -132.901
800 284.978 176.727 2 453.607 -131.018
801 294.978 176.727 2 449.386 -250
802 304.978 176.727 2 445.35 -250
803 314.978 176.727 2 441.503 -250
804 324.978 176.727 2 437.851 -250
805 334.978 176.727 2 434.399 -250
806 344.978 176.727 2 431.15 -250
807 354.978 176.727 2 428.111 -139.071
808 364.978 176.727 2 425.285 -149.307
809 374.978 176.727 2 422.677 -250
810 384.978 176.727 2 420.291 -132.751
811 394.978 176.727 2 418.13 -109.265
812 404.978 176.727 2 416.199 -129.623
813 414.978 176.727 2 414.5 -119.993
814 424.978 176.727 2 413.036 -103.697
815 434.978 176.727 2 411.809 -129.15
816 444.978 176.727 2 410.823 -250
817 454.978 176.727 2 410.078 -250
818 464.978 176.727 2 409.576 -250
819 474.978 176.727 2 409.318 -86.3477
820 484.978 176.727 2 409.303 -88.2306
821 84.9784 186.727 2 562.127 -149.103
822 94.9784 186.727 2 555.136 -117.715
823 104.978 186.727 2 548.237 -117.744
824 114.978 186.727 2 541.436 -117.26
825 124.978 186.727 2 534.735 -112.946
826 134.978 186.727 2 528.138 -134.045
827 144.978 186.727 2 521.649 -113.755
828 154.978 186.727 2 515.273 -120.082
829 164.978 186.727 2 509.014 -117.96
830 174.978 186.727 2 502.875 -116.388
831 184.978 186.727 2 496.862 -118.072
832 194.978 186.727 2 490.979 -113.065
833 204.978 186.727 2 485.231 -119.333
834 214.978 186.727 2 479.622 -132.425
835 224.978 186.727 2 474.158 -250
836 234.978 186.727 2 468.844 -118.132
837 244.978 186.727 2 463.684 -250
838 254.978 186.727 2 458.684 -250
839 264.978 186.727 2 453.85 -250
840 274.978 186.727 2 449.186 -138.41
841 284.978 186.727 2 444.698 -130.98
842 294.978 186.727 2 440.392 -126.005
843 304.978 186.727 2 436.272 -137.939
844 314.978 186.727 2 432.345 -125.011
845 324.978 186.727 2 428.615 -148.783
846 334.978 186.727 2 425.087 -250
847 344.978 186.727 2 421.767 -250
848 354.978 186.727 2 418.66 -250
849 364.978 186.727 2 415.77 -250
850 374.978 186.727 2 413.102 -250
851 384.978 186.727 2 410.66 -119.409
852 394.978 186.727 2 408.448 -126.441
853 404.978 186.727 2 406.471 -127.948
854 414.978 186.727 2 404.731 -115.375
855 424.978 186.727 2 403.231 -101.311
856 434.978 186.727 2 401.975 -132.276
857 444.978 186.727 2 400.964 -250
858 454.978 186.727 2 400.201 -250
859 464.978 186.727 2 399.687 -250
860 474.978 186.727 2 399.422 -94.5286
861 484.978 186.727 2 399.408 -87.9247
862 84.9784 196.727 2 555.143 -117.705
863 94.9784 196.727 2 548.063 -117.458
864 104.978 196.727 2 541.074 -117.206
865 114.978 196.727 2 534.181 -124.437
866 124.978 196.727 2 527.388 -118.081
867 134.978 196.727 2 520.698 -134.47
868 144.978 196.727 2 514.116 -116.684
869 154.978 196.727 2 507.645 -119.764
870 164.978 196.727 2 501.29 -118.082
871 174.978 196.727 2 495.056 -123.87
872 184.978 196.727 2 488.947 -119.318
873 194.978 196.727 2 482.967 -118.926
874 204.978 196.727 2 477.122 -122.208
875 214.978 196.727 2 471.417 -131.864
876 224.978 196.727 2 465.857 -250
877 234.978 196.727 2 460.447 -117.842
878 244.978 196.727 2 455.192 -125.01
879 254.978 196.727 2 450.098 -138.81
880 264.978 196.727 2 445.17 -133.483
881 274.978 196.727 2 440.415 -154.474
882 284.978 196.727 2 435.837 -133.547
883 294.978 196.727 2 431.442 -128.184
884 304.978 196.727 2 427.236 -132.787
885 314.978 196.727 2 423.225 -135.712
886 324.978 196.727 2 419.413 -156.004
887 334.978 196.727 2 415.808 -250
888 344.978 196.727 2 412.413 -250
889 354.978 196.727 2 409.235 -138.036
890 364.978 196.727 2 406.278 -128.736
891 374.978 196.727 2 403.547 -130.619
892 384.978 196.727 2 401.047 -122.475
893 394.978 196.727 2 398.782 -122.848
894 404.978 196.727 2 396.756 -119.564
895 414.978 196.727 2 394.973 -116.534
896 424.978 196.727 2 393.437 -250
897 434.978 196.727 2 392.149 -250
898 444.978 196.727 2 391.113 -250
899 454.978 196.727 2 390.331 -250
900 464.978 196.727 2 389.803 -250
901 474.978 196.727 2 389.532 -85.8139
902 484.978 196.727 2 389.517 -95.1844
903 84.9784 206.727 2 548.253 -117.882
904 94.9784 206.727 2 541.082 -117.909
905 104.978 206.727 2 534.002 -139.567
906 114.978 206.727 2 527.017 -250
907 124.978 206.727 2 520.13 -250
908 134.978 206.727 2 513.345 -108.7
909 144.978 206.727 2 506.668 -130.732
910 154.978 206.727 2 500.1 -115.947
911 164.978 206.727 2 493.649 -116.859
912 174.978 206.727 2 487.317 -122.708
913 184.978 206.727 2 481.109 -128.457
914 194.978 206.727 2 475.031 -119.108
915 204.978 206.727 2 469.087 -125.15
916 214.978 206.727 2 463.283 -126.214
917 224.978 206.727 2 457.624 -126.25
918 234.978 206.727 2 452.115 -117.11
919 244.978 206.727 2 446.763 -138.882
920 254.978 206.727 2 441.571 -137.158
921 264.978 206.727 2 436.548 -150.077
922 274.978 206.727 2 431.697 -138.233
923 284.978 206.727 2 427.025 -137.975
924 294.978 206.727 2 422.539 -140.007
925 304.978 206.727 2 418.244 -136.17
926 314.978 206.727 2 414.145 -137.557
927 324.978 206.727 2 410.25 -141.728
928 334.978 206.727 2 406.563 -250
929 344.978 206.727 2 403.09 -250
930 354.978 206.727 2 399.838 -117.843
931 364.978 206.727 2 396.811 -127.337
932 374.978 206.727 2 394.014 -120.001
933 384.978 206.727 2 391.453 -115.419
934 394.978 206.727 2 389.132 -117.688
935 404.978 206.727 2 387.056 -122.82
936 414.978 206.727 2 385.229 -120.677
937 424.978 206.727 2 383.653 -250
938 434.978 206.727 2 382.332 -250
939 444.978 206.727 2 381.27 -250
940 454.978 206.727 2 380.467 -250
941 464.978 206.727 2 379.926 -250
942 474.978 206.727 2 379.647 -84.2431
943 484.978 206.727 2 379.632 -93.4516
944 84.9784 216.727 2 541.459 -118.157
945 94.9784 216.727 2 534.197 -153.141
946 104.978 216.727 2 527.025 -141.125
947 114.978 216.727 2 519.946 -250
948 124.978 216.727 2 512.964 -250
949 134.978 216.727 2 506.084 -118.312
950 144.978 216.727 2 499.309 -114.704
951 154.978 216.727 2 492.643 -124.449
952 164.978 216.727 2 486.093 -118.717
953 174.978 216.727 2 479.661 -118.098
954 184.978 216.727 2 473.353 -121.091
955 194.978 216.727 2 467.174 -123.164
956 204.978 216.727 2 461.129 -136.313
957 214.978 216.727 2 455.223 -123.007
958 224.978 216.727 2 449.463 -115.505
959 234.978 216.727 2 443.853 -122.768
960 244.978 216.727 2 438.399 -114.219
961 254.978 216.727 2 433.108 -144.572
962 264.978 216.727 2 427.985 -135.935
963 274.978 216.727 2 423.036 -164.329
964 284.978 216.727 2 418.268 -127.166
965 294.978 216.727 2 413.686 -250
966 304.978 216.727 2 409.298 -250
967 314.978 216.727 2 405.109 -250
968 324.978 216.727 2 401.126 -250
969 334.978 216.727 2 397.354 -250
970 344.978 216.727 2 393.8 -250
971 354.978 216.727 2 390.47 -126.135
972 364.978 216.727 2 387.37 -117.533
973 374.978 216.727 2 384.505 -114.172
974 384.978 216.727 2 381.88 -115.01
975 394.978 216.727 2 379.501 -118.24
976 404.978 216.727 2 377.372 -115.26
977 414.978 216.727 2 375.497 -129.294
978 424.978 216.727 2 373.88 -250
979 434.978 216.727 2 372.525 -250
980 444.978 216.727 2 371.434 -250
981 454.978 216.727 2 370.61 -250
982 464.978 216.727 2 370.055 -250
983 474.978 216.727 2 369.769 -85.2503
984 484.978 216.727 2 369.753 -98.7727
985 84.9784 226.727 2 534.766 -126.639
986 94.9784 226.727 2 527.412 -118.075
987 104.978 226.727 2 520.146 -250
988 114.978 226.727 2 512.972 -250
989 124.978 226.727 2 505.894 -250
990 134.978 226.727 2 498.916 -113.983
991 144.978 226.727 2 492.043 -117.843
992 154.978 226.727 2 485.278 -117.649
993 164.978 226.727 2 478.626 -115.508
994 174.978 226.727 2 472.093 -113.113
995 184.978 226.727 2 465.682 -119.322
996 194.978 226.727 2 459.4 -133.163
997 204.978 226.727 2 453.252 -124.795
998 214.978 226.727 2 447.242 -122.578
999 224.978 226.727 2 441.377 -120.246
1000 234.978 226.727 2 435.663 -117.652
1001 244.978 226.727 2 430.106 -132.869
1002 254.978 226.727 2 424.711 -119.228
1003 264.978 226.727 2 419.485 -126.856
1004 274.978 226.727 2 414.435 -135.817
1005 284.978 226.727 2 409.567 -129.08
1006 294.978 226.727 2 404.887 -250
1007 304.978 226.727 2 400.402 -250
1008 314.978 226.727 2 396.119 -250
1009 324.978 226.727 2 392.044 -250
1010 334.978 226.727 2 388.184 -250
1011 344.978 226.727 2 384.546 -250
1012 354.978 226.727 2 381.135 -120.495
1013 364.978 226.727 2 377.959 -112.149
1014 374.978 226.727 2 375.022 -125.232
1015 384.978 226.727 2 372.33 -121.12
1016 394.978 226.727 2 369.889 -126.686
1017 404.978 226.727 2 367.704 -127.222
1018 414.978 226.727 2 365.78 -121.17
1019 424.978 226.727 2 364.12 -250
1020 434.978 226.727 2 362.729 -250
1021 444.978 226.727 2 361.608 -250
1022 454.978 226.727 2 360.762 -250
1023 464.978 226.727 2 360.191 -250
1024 474.978 226.727 2 359.897 -85.8568
1025 484.978 226.727 2 359.881 -90.292
1026 84.9784 236.727 2 528.178 -119.144
1027 94.9784 236.727 2 520.731 -150.356
1028 104.978 236.727 2 513.37 -155.552
1029 114.978 236.727 2 506.1 -186.25
1030 124.978 236.727 2 498.925 -250
1031 134.978 236.727 2 491.848 -117.043
1032 144.978 236.727 2 484.874 -117.209
1033 154.978 236.727 2 478.008 -140.617
1034 164.978 236.727 2 471.254 -115.722
1035 174.978 236.727 2 464.617 -112.946
1036 184.978 236.727 2 458.102 -114.269
1037 194.978 236.727 2 451.714 -118.487
1038 204.978 236.727 2 445.459 -128.525
1039 214.978 236.727 2 439.343 -122.488
1040 224.978 236.727 2 433.372 -118.775
1041 234.978 236.727 2 427.55 -120.611
1042 244.978 236.727 2 421.886 -139.781
1043 254.978 236.727 2 416.385 -132.342
1044 264.978 236.727 2 411.053 -136.054
1045 274.978 236.727 2 405.898 -132.888
1046 284.978 236.727 2 400.926 -140.652
1047 294.978 236.727 2 396.144 -250
1048 304.978 236.727 2 391.559 -250
1049 314.978 236.727 2 387.179 -250
1050 324.978 236.727 2 383.009 -250
1051 334.978 236.727 2 379.057 -250
1052 344.978 236.727 2 375.33 -250
1053 354.978 236.727 2 371.835 -112.681
1054 364.978 236.727 2 368.578 -114.836
1055 374.978 236.727 2 365.566 -118.226
1056 384.978 236.727 2 362.804 -119.862
1057 394.978 236.727 2 360.299 -117.519
1058 404.978 236.727 2 358.055 -117.948
1059 414.978 236.727 2 356.079 -250
1060 424.978 236.727 2 354.373 -250
1061 434.978 236.727 2 352.943 -250
1062 444.978 236.727 2 351.792 -250
1063 454.978 236.727 2 350.922 -250
1064 464.978 236.727 2 350.335 -250
1065 474.978 236.727 2 350.033 -92.8047
1066 484.978 236.727 2 350.016 -95.6558
1067 84.9784 246.727 2 521.698 -152.445
1068 94.9784 246.727 2 514.157 -158.685
1069 104.978 246.727 2 506.701 -200.879
1070 114.978 246.727 2 499.334 -122.54
1071 124.978 246.727 2 492.06 -122.832
1072 134.978 246.727 2 484.883 -115.899
1073 144.978 246.727 2 477.808 -120.864
1074 154.978 246.727 2 470.838 -123.793
1075 164.978 246.727 2 463.98 -111.769
1076 174.978 246.727 2 457.237 -127.667
1077 184.978 246.727 2 450.615 -125.895
1078 194.978 246.727 2 444.12 -113.926
1079 204.978 246.727 2 437.757 -118.581
1080 214.978 246.727 2 431.532 -119.697
1081 224.978 246.727 2 425.45 -121.617
1082 234.978 246.727 2 419.519 -132.875
1083 244.978 246.727 2 413.745 -123.145
1084 254.978 246.727 2 408.134 -137.547
1085 264.978 246.727 2 402.693 -122.936
1086 274.978 246.727 2 397.43 -122.59
1087 284.978 246.727 2 392.35 -131.292
1088 294.978 246.727 2 387.463 -129.866
1089 304.978 246.727 2 382.774 -126.093
1090 314.978 246.727 2 378.291 -146.175
1091 324.978 246.727 2 374.022 -153.841
1092 334.978 246.727 2 369.975 -149.087
1093 344.978 246.727 2 366.155 -127.863
1094 354.978 246.727 2 362.572 -111.613
1095 364.978 246.727 2 359.231 -112.692
1096 374.978 246.727 2 356.139 -129.565
1097 384.978 246.727 2 353.304 -138.877
1098 394.978 246.727 2 350.731 -118.513
1099 404.978 246.727 2 348.426 -128.265
1100 414.978 246.727 2 346.394 -138.556
1101 424.978 246.727 2 344.641 -150.373
1102 434.978 246.727 2 343.171 -149.91
1103 444.978 246.727 2 341.986 -131.689
1104 454.978 246.727 2 341.091 -135.052
1105 464.978 246.727 2 340.487 -119.702
1106 474.978 246.727 2 340.176 -97.0576
1107 484.978 246.727 2 340.159 -86.4272
1108 84.9784 256.727 2 515.331 -152.49
1109 94.9784 256.727 2 507.695 -150.772
1110 104.978 256.727 2 500.143 -151.089
1111 114.978 256.727 2 492.678 -131.501
1112 124.978 256.727 2 485.304 -112.562
1113 134.978 256.727 2 478.026 -125.267
1114 144.978 256.727 2 470.847 -114.429
1115 154.978 256.727 2 463.773 -111.313
1116 164.978 256.727 2 456.809 -117.354
1117 174.978 256.727 2 449.958 -109.302
1118 184.978 256.727 2 443.228 -117.562
1119 194.978 256.727 2 436.623 -116.218
1120 204.978 256.727 2 430.149 -121.966
1121 214.978 256.727 2 423.812 -122.113
1122 224.978 256.727 2 417.618 -118.079
1123 234.978 256.727 2 411.574 -140.54
1124 244.978 256.727 2 405.687 -144.748
1125 254.978 256.727 2 399.963 -118.419
1126 264.978 256.727 2 394.41 -129.552
1127 274.978 256.727 2 389.034 -130.677
1128 284.978 256.727 2 383.844 -120.755
1129 294.978 256.727 2 378.846 -125.132
1130 304.978 256.727 2 374.049 -134.291
1131 314.978 256.727 2 369.461 -151.054
1132 324.978 256.727 2 365.089 -149.028
1133 334.978 256.727 2 360.941 -154.653
1134 344.978 256.727 2 357.025 -126.855
1135 354.978 256.727 2 353.349 -112.112
1136 364.978 256.727 2 349.92 -118.795
1137 374.978 256.727 2 346.745 -108.389
1138 384.978 256.727 2 343.832 -117.219
1139 394.978 256.727 2 341.188 -112.883
1140 404.978 256.727 2 338.818 -119.359
1141 414.978 256.727 2 336.729 -133.673
1142 424.978 256.727 2 334.925 -138.927
1143 434.978 256.727 2 333.411 -136.693
1144 444.978 256.727 2 332.192 -136.403
1145 454.978 256.727 2 331.27 -133.678
1146 464.978 256.727 2 330.649 -118.469
1147 474.978 256.727 2 330.329 -92.4756
1148 484.978 256.727 2 330.311 -90.916
1149 84.9784 266.727 2 509.081 -141.478
1150 94.9784 266.727 2 501.35 -152.737
1151 104.978 266.727 2 493.701 -135.778
1152 114.978 266.727 2 486.136 -134.985
1153 124.978 266.727 2 478.662 -154.607
1154 134.978 266.727 2 471.281 -250
1155 144.978 266.727 2 463.998 -250
1156 154.978 266.727 2 456.818 -250
1157 164.978 266.727 2 449.746 -250
1158 174.978 266.727 2 442.786 -112.696
1159 184.978 266.727 2 435.945 -118.248
1160 194.978 266.727 2 429.228 -119.854
1161 204.978 266.727 2 422.641 -121.892
1162 214.978 266.727 2 416.189 -122.639
1163 224.978 266.727 2 409.88 -124.5
1164 234.978 266.727 2 403.721 -130.693
1165 244.978 266.727 2 397.717 -250
1166 254.978 266.727 2 391.877 -250
1167 264.978 266.727 2 386.207 -250
1168 274.978 266.727 2 380.716 -123.26
1169 284.978 266.727 2 375.41 -134.643
1170 294.978 266.727 2 370.299 -250
1171 304.978 266.727 2 365.39 -250
1172 314.978 266.727 2 360.691 -250
1173 324.978 266.727 2 356.212 -250
1174 334.978 266.727 2 351.959 -250
1175 344.978 266.727 2 347.942 -250
1176 354.978 266.727 2 344.169 -250
1177 364.978 266.727 2 340.648 -250
1178 374.978 266.727 2 337.386 -250
1179 384.978 266.727 2 334.392 -250
1180 394.978 266.727 2 331.672 -250
1181 404.978 266.727 2 329.233 -250
1182 414.978 266.727 2 327.083 -250
1183 424.978 266.727 2 325.225 -250
1184 434.978 266.727 2 323.667 -250
1185 444.978 266.727 2 322.411 -250
1186 454.978 266.727 2 321.461 -250
1187 464.978 266.727 2 320.82 -250
1188 474.978 266.727 2 320.49 -105.472
1189 484.978 266.727 2 320.472 -85.2275
1190 84.9784 276.727 2 502.952 -147.954
1191 94.9784 276.727 2 495.125 -142.223
1192 104.978 276.727 2 487.378 -125.651
1193 114.978 276.727 2 479.714 -109.655
1194 124.978 276.727 2 472.138 -250
1195 134.978 276.727 2 464.653 -250
1196 144.978 276.727 2 457.265 -250
1197 154.978 276.727 2 449.977 -250
1198 164.978 276.727 2 442.796 -250
1199 174.978 276.727 2 435.725 -119.623
1200 184.978 276.727 2 428.772 -112.902
1201 194.978 276.727 2 421.94 -122.367
1202 204.978 276.727 2 415.237 -124.235
1203 214.978 276.727 2 408.669 -122.798
1204 224.978 276.727 2 402.242 -134.271
1205 234.978 276.727 2 395.964 -128.671
1206 244.978 276.727 2 389.841 -250
1207 254.978 276.727 2 383.881 -250
1208 264.978 276.727 2 378.091 -250
1209 274.978 276.727 2 372.48 -117.996
1210 284.978 276.727 2 367.056 -131.814
1211 294.978 276.727 2 361.826 -250
1212 304.978 276.727 2 356.801 -250
1213 314.978 276.727 2 351.988 -250
1214 324.978 276.727 2 347.396 -250
1215 334.978 276.727 2 343.034 -250
1216 344.978 276.727 2 338.911 -250
1217 354.978 276.727 2 335.036 -250
1218 364.978 276.727 2 331.418 -250
1219 374.978 276.727 2 328.064 -250
1220 384.978 276.727 2 324.984 -250
1221 394.978 276.727 2 322.185 -250
1222 404.978 276.727 2 319.674 -250
1223 414.978 276.727 2 317.459 -250
1224 424.978 276.727 2 315.545 -250
1225 434.978 276.727 2 313.938 -250
1226 444.978 276.727 2 312.643 -250
1227 454.978 276.727 2 311.663 -250
1228 464.978 276.727 2 311.003 -250
1229 474.978 276.727 2 310.662 -99.4357
1230 484.978 276.727 2 310.644 -91.0141
1231 84.9784 286.727 2 496.948 -137.591
1232 94.9784 286.727 2 489.025 -122.465
1233 104.978 286.727 2 481.18 -107.404
1234 114.978 286.727 2 473.416 -146.465
1235 124.978 286.727 2 465.737 -250
1236 134.978 286.727 2 458.148 -250
1237 144.978 286.727 2 450.653 -250
1238 154.978 286.727 2 443.257 -250
1239 164.978 286.727 2 435.965 -250
1240 174.978 286.727 2 428.782 -127.158
1241 184.978 286.727 2 421.713 -112.335
1242 194.978 286.727 2 414.766 -113.453
1243 204.978 286.727 2 407.945 -115.773
1244 214.978 286.727 2 401.257 -131.797
1245 224.978 286.727 2 394.71 -140.323
1246 234.978 286.727 2 388.31 -120.249
1247 244.978 286.727 2 382.064 -250
1248 254.978 286.727 2 375.981 -250
1249 264.978 286.727 2 370.067 -250
1250 274.978 286.727 2 364.333 -117.158
1251 284.978 286.727 2 358.785 -131.459
1252 294.978 286.727 2 353.434 -250
1253 304.978 286.727 2 348.287 -250
1254 314.978 286.727 2 343.355 -250
1255 324.978 286.727 2 338.646 -250
1256 334.978 286.727 2 334.17 -250
1257 344.978 286.727 2 329.936 -250
1258 354.978 286.727 2 325.954 -250
1259 364.978 286.727 2 322.234 -250
1260 374.978 286.727 2 318.784 -250
1261 384.978 286.727 2 315.613 -250
1262 394.978 286.727 2 312.73 -250
1263 404.978 286.727 2 310.143 -250
1264 414.978 286.727 2 307.859 -250
1265 424.978 286.727 2 305.885 -250
1266 434.978 286.727 2 304.227 -250
1267 444.978 286.727 2 302.89 -250
1268 454.978 286.727 2 301.879 -250
1269 464.978 286.727 2 301.197 -250
1270 474.978 286.727 2 300.846 -87.6886
1271 484.978 286.727 2 300.826 -86.1541
1272 84.9784 296.727 2 491.075 -119.348
1273 94.9784 296.727 2 483.056 -124.886
1274 104.978 296.727 2 475.112 -107.595
1275 114.978 296.727 2 467.247 -250
1276 124.978 296.727 2 459.465 -250
1277 134.978 296.727 2 451.771 -250
1278 144.978 296.727 2 444.168 -250
1279 154.978 296.727 2 436.662 -250
1280 164.978 296.727 2 429.258 -250
1281 174.978 296.727 2 421.96 -122.17
1282 184.978 296.727 2 414.776 -117.494
1283 194.978 296.727 2 407.71 -125.144
1284 204.978 296.727 2 400.769 -123.558
1285 214.978 296.727 2 393.96 -134.52
1286 224.978 296.727 2 387.289 -148.961
1287 234.978 296.727 2 380.764 -123.875
1288 244.978 296.727 2 374.393 -250
1289 254.978 296.727 2 368.183 -250
1290 264.978 296.727 2 362.142 -250
1291 274.978 296.727 2 356.28 -114.506
1292 284.978 296.727 2 350.605 -126.188
1293 294.978 296.727 2 345.127 -250
1294 304.978 296.727 2 339.854 -250
1295 314.978 296.727 2 334.798 -250
1296 324.978 296.727 2 329.966 -131.359
1297 334.978 296.727 2 325.371 -133.11
1298 344.978 296.727 2 321.022 -144.321
1299 354.978 296.727 2 316.928 -189.249
1300 364.978 296.727 2 313.1 -131.358
1301 374.978 296.727 2 309.548 -184.573
1302 384.978 296.727 2 306.282 -160.667
1303 394.978 296.727 2 303.31 -165.285
1304 404.978 296.727 2 300.642 -250
1305 414.978 296.727 2 298.285 -250
1306 424.978 296.727 2 296.248 -250
1307 434.978 296.727 2 294.535 -250
1308 444.978 296.727 2 293.155 -250
1309 454.978 296.727 2 292.11 -250
1310 464.978 296.727 2 291.405 -250
1311 474.978 296.727 2 291.041 -87.1959
1312 484.978 296.727 2 291.022 -83.6826
1313 84.9784 306.727 2 485.336 -122.59
1314 94.9784 306.727 2 477.221 -109.645
1315 104.978 306.727 2 469.178 -135.059
1316 114.978 306.727 2 461.212 -250
1317 124.978 306.727 2 453.327 -250
1318 134.978 306.727 2 445.526 -250
1319 144.978 306.727 2 437.815 -250
1320 154.978 306.727 2 430.198 -250
1321 164.978 306.727 2 422.681 -250
1322 174.978 306.727 2 415.268 -118.997
1323 184.978 306.727 2 407.966 -123.037
1324 194.978 306.727 2 400.78 -116.123
1325 204.978 306.727 2 393.717 -124.713
1326 214.978 306.727 2 386.784 -127.232
1327 224.978 306.727 2 379.987 -115.951
1328 234.978 306.727 2 373.334 -115.777
1329 244.978 306.727 2 366.834 -250
1330 254.978 306.727 2 360.493 -250
1331 264.978 306.727 2 354.322 -250
1332 274.978 306.727 2 348.328 -124.669
1333 284.978 306.727 2 342.521 -127.672
1334 294.978 306.727 2 336.912 -250
1335 304.978 306.727 2 331.509 -250
1336 314.978 306.727 2 326.323 -250
1337 324.978 306.727 2 321.364 -130.164
1338 334.978 306.727 2 316.644 -250
1339 344.978 306.727 2 312.173 -250
1340 354.978 306.727 2 307.962 -250
1341 364.978 306.727 2 304.021 -128.76
1342 374.978 306.727 2 300.362 -250
1343 384.978 306.727 2 296.995 -250
1344 394.978 306.727 2 293.929 -250
1345 404.978 306.727 2 291.175 -250
1346 414.978 306.727 2 288.741 -250
1347 424.978 306.727 2 286.635 -250
1348 434.978 306.727 2 284.865 -250
1349 444.978 306.727 2 283.437 -250
1350 454.978 306.727 2 282.356 -250
1351 464.978 306.727 2 281.627 -250
1352 474.978 306.727 2 281.251 -90.8345
1353 484.978 306.727 2 281.23 -89.3341
1354 84.9784 316.727 2 479.738 -120.849
1355 94.9784 316.727 2 471.526 -131.37
1356 104.978 316.727 2 463.385 -132.637
1357 114.978 316.727 2 455.317 -134.826
1358 124.978 316.727 2 447.328 -157.395
1359 134.978 316.727 2 439.421 -250
1360 144.978 316.727 2 431.601 -250
1361 154.978 316.727 2 423.872 -250
1362 164.978 316.727 2 416.241 -250
1363 174.978 316.727 2 408.711 -111.8
1364 184.978 316.727 2 401.289 -115.939
1365 194.978 316.727 2 393.982 -112.717
1366 204.978 316.727 2 386.795 -115.592
1367 214.978 316.727 2 379.735 -127.651
1368 224.978 316.727 2 372.81 -114.253
1369 234.978 316.727 2 366.027 -120.341
1370 244.978 316.727 2 359.394 -250
1371 254.978 316.727 2 352.92 -250
1372 264.978 316.727 2 346.614 -250
1373 274.978 316.727 2 340.484 -121.074
1374 284.978 316.727 2 334.541 -119.791
1375 294.978 316.727 2 328.795 -250
1376 304.978 316.727 2 323.257 -250
1377 314.978 316.727 2 317.936 -250
1378 324.978 316.727 2 312.845 -119.096
1379 334.978 316.727 2 307.994 -250
1380 344.978 316.727 2 303.396 -250
1381 354.978 316.727 2 299.061 -250
1382 364.978 316.727 2 295.001 -125.549
1383 374.978 316.727 2 291.229 -250
1384 384.978 316.727 2 287.755 -250
1385 394.978 316.727 2 284.59 -250
1386 404.978 316.727 2 281.744 -250
1387 414.978 316.727 2 279.228 -250
1388 424.978 316.727 2 277.05 -250
1389 434.978 316.727 2 275.218 -250
1390 444.978 316.727 2 273.74 -250
1391 454.978 316.727 2 272.621 -250
1392 464.978 316.727 2 271.865 -250
1393 474.978 316.727 2 271.476 -85.1053
1394 484.978 316.727 2 271.455 -103.494
1395 84.9784 326.727 2 474.284 -103.402
1396 94.9784 326.727 2 465.976 -133.038
1397 104.978 326.727 2 457.736 -150.235
1398 114.978 326.727 2 449.567 -133.382
1399 124.978 326.727 2 441.474 -134.926
1400 134.978 326.727 2 433.46 -135.339
1401 144.978 326.727 2 425.531 -123.829
1402 154.978 326.727 2 417.69 -128.058
1403 164.978 326.727 2 409.943 -121.612
1404 174.978 326.727 2 402.296 -114.919
1405 184.978 326.727 2 394.753 -110.792
1406 194.978 326.727 2 387.322 -116.26
1407 204.978 326.727 2 380.009 -114.963
1408 214.978 326.727 2 372.821 -114.427
1409 224.978 326.727 2 365.765 -126.542
1410 234.978 326.727 2 358.849 -117.615
1411 244.978 326.727 2 352.081 -113.291
1412 254.978 326.727 2 345.47 -116.743
1413 264.978 326.727 2 339.025 -122.499
1414 274.978 326.727 2 332.756 -123.933
1415 284.978 326.727 2 326.673 -123.475
1416 294.978 326.727 2 320.786 -121.054
1417 304.978 326.727 2 315.106 -119.366
1418 314.978 326.727 2 309.646 -121.092
1419 324.978 326.727 2 304.416 -115.831
1420 334.978 326.727 2 299.428 -116.965
1421 344.978 326.727 2 294.696 -128.008
1422 354.978 326.727 2 290.232 -128.371
1423 364.978 326.727 2 286.047 -126.123
1424 374.978 326.727 2 282.155 -122.774
1425 384.978 326.727 2 278.567 -126.747
1426 394.978 326.727 2 275.297 -122.796
1427 404.978 326.727 2 272.354 -121.526
1428 414.978 326.727 2 269.75 -131.666
1429 424.978 326.727 2 267.495 -136.941
1430 434.978 326.727 2 265.598 -119.877
1431 444.978 326.727 2 264.066 -107.945
1432 454.978 326.727 2 262.905 -104.436
1433 464.978 326.727 2 262.121 -107.59
1434 474.978 326.727 2 261.718 -99.5255
1435 484.978 326.727 2 261.696 -90.7469
1436 84.9784 336.727 2 468.98 -133.548
1437 94.9784 336.727 2 460.577 -155.002
1438 104.978 336.727 2 452.238 -155.711
1439 114.978 336.727 2 443.968 -157.252
1440 124.978 336.727 2 435.771 -134.284
1441 134.978 336.727 2 427.65 -129.42
1442 144.978 336.727 2 419.611 -127.043
1443 154.978 336.727 2 411.657 -127.084
1444 164.978 336.727 2 403.795 -112.615
1445 174.978 336.727 2 396.029 -114.062
1446 184.978 336.727 2 388.365 -108.52
1447 194.978 336.727 2 380.809 -124.719
1448 204.978 336.727 2 373.369 -110.859
1449 214.978 336.727 2 366.05 -125.94
1450 224.978 336.727 2 358.861 -127.108
1451 234.978 336.727 2 351.809 -111.638
1452 244.978 336.727 2 344.903 -127.482
1453 254.978 336.727 2 338.152 -122.823
1454 264.978 336.727 2 331.565 -144.8
1455 274.978 336.727 2 325.152 -118.168
1456 284.978 336.727 2 318.923 -124.696
1457 294.978 336.727 2 312.891 -116.908
1458 304.978 336.727 2 307.065 -119.729
1459 314.978 336.727 2 301.459 -118.392
1460 324.978 336.727 2 296.084 -124.7
1461 334.978 336.727 2 290.954 -125.53
1462 344.978 336.727 2 286.082 -126.779
1463 354.978 336.727 2 281.481 -128.924
1464 364.978 336.727 2 277.164 -116.297
1465 374.978 336.727 2 273.145 -126.165
1466 384.978 336.727 2 269.438 -123.058
1467 394.978 336.727 2 266.055 -131.412
1468 404.978 336.727 2 263.009 -126.516
1469 414.978 336.727 2 260.312 -122.441
1470 424.978 336.727 2 257.974 -139.499
1471 434.978 336.727 2 256.006 -133.563
1472 444.978 336.727 2 254.416 -116.527
1473 454.978 336.727 2 253.212 -100.045
1474 464.978 336.727 2 252.398 -96.0237
1475 474.978 336.727 2 251.978 -80.4844
1476 484.978 336.727 2 251.956 -86.6744
1477 84.9784 346.727 2 463.831 -136.556
1478 94.9784 346.727 2 455.333 -177.56
1479 104.978 346.727 2 446.896 -250
1480 114.978 346.727 2 438.526 -250
1481 124.978 346.727 2 430.225 -250
1482 134.978 346.727 2 421.997 -250
1483 144.978 346.727 2 413.848 -250
1484 154.978 346.727 2 405.782 -250
1485 164.978 346.727 2 397.803 -250
1486 174.978 346.727 2 389.918 -250
1487 184.978 346.727 2 382.131 -130.791
1488 194.978 346.727 2 374.45 -110.292
1489 204.978 346.727 2 366.88 -110.972
1490 214.978 346.727 2 359.43 -110.552
1491 224.978 346.727 2 352.105 -115.07
1492 234.978 346.727 2 344.915 -113.074
1493 244.978 346.727 2 337.868 -250
1494 254.978 346.727 2 330.974 -250
1495 264.978 346.727 2 324.241 -250
1496 274.978 346.727 2 317.68 -122.598
1497 284.978 346.727 2 311.302 -116.459
1498 294.978 346.727 2 305.119 -114.611
1499 304.978 346.727 2 299.142 -109.03
1500 314.978 346.727 2 293.384 -128.919
1501 324.978 346.727 2 287.859 -118.091
1502 334.978 346.727 2 282.58 -134.391
1503 344.978 346.727 2 277.561 -122.523
1504 354.978 346.727 2 272.816 -122.773
1505 364.978 346.727 2 268.36 -127.616
1506 374.978 346.727 2 264.207 -122.988
1507 384.978 346.727 2 260.372 -250
1508 394.978 346.727 2 256.87 -250
1509 404.978 346.727 2 253.714 -250
1510 414.978 346.727 2 250.917 -250
1511 424.978 346.727 2 248.491 -250
1512 434.978 346.727 2 246.447 -250
1513 444.978 346.727 2 244.795 -109.357
1514 454.978 346.727 2 243.543 -250
1515 464.978 346.727 2 242.697 -250
1516 474.978 346.727 2 242.261 -87.583
1517 484.978 346.727 2 242.237 -88.0739
1518 84.9784 356.727 2 458.842 -152.13
1519 94.9784 356.727 2 450.25 -176.192
1520 104.978 356.727 2 441.716 -250
1521 114.978 356.727 2 433.246 -250
1522 124.978 356.727 2 424.842 -250
1523 134.978 356.727 2 416.508 -250
1524 144.978 356.727 2 408.249 -250
1525 154.978 356.727 2 400.07 -250
1526 164.978 356.727 2 391.975 -250
1527 174.978 356.727 2 383.97 -250
1528 184.978 356.727 2 376.06 -136.97
1529 194.978 356.727 2 368.252 -108.569
1530 204.978 356.727 2 360.553 -114.077
1531 214.978 356.727 2 352.968 -108.976
1532 224.978 356.727 2 345.507 -105.888
1533 234.978 356.727 2 338.177 -128.946
1534 244.978 356.727 2 330.987 -250
1535 254.978 356.727 2 323.945 -250
1536 264.978 356.727 2 317.063 -250
1537 274.978 356.727 2 310.351 -127.654
1538 284.978 356.727 2 303.819 -120.959
1539 294.978 356.727 2 297.48 -113.65
1540 304.978 356.727 2 291.347 -112.824
1541 314.978 356.727 2 285.432 -121.084
1542 324.978 356.727 2 279.75 -124.205
1543 334.978 356.727 2 274.314 -122.244
1544 344.978 356.727 2 269.141 -123.753
1545 354.978 356.727 2 264.245 -124.302
1546 364.978 356.727 2 259.642 -126.877
1547 374.978 356.727 2 255.348 -127.166
1548 384.978 356.727 2 251.378 -118.083
1549 394.978 356.727 2 247.749 -250
1550 404.978 356.727 2 244.475 -250
1551 414.978 356.727 2 241.57 -250
1552 424.978 356.727 2 239.05 -250
1553 434.978 356.727 2 236.925 -250
1554 444.978 356.727 2 235.206 -105.163
1555 454.978 356.727 2 233.902 -250
1556 464.978 356.727 2 233.021 -250
1557 474.978 356.727 2 232.567 -79.0921
1558 484.978 356.727 2 232.542 -90.875
1559 84.9784 366.727 2 454.019 -151.911
1560 94.9784 366.727 2 445.333 -165.145
1561 104.978 366.727 2 436.704 -250
1562 114.978 366.727 2 428.134 -250
1563 124.978 366.727 2 419.628 -250
1564 134.978 366.727 2 411.188 -250
1565 144.978 366.727 2 402.82 -250
1566 154.978 366.727 2 394.529 -250
1567 164.978 366.727 2 386.318 -250
1568 174.978 366.727 2 378.193 -250
1569 184.978 366.727 2 370.16 -129.692
1570 194.978 366.727 2 362.225 -250
1571 204.978 366.727 2 354.394 -250
1572 214.978 366.727 2 346.675 -250
1573 224.978 366.727 2 339.075 -250
1574 234.978 366.727 2 331.603 -250
1575 244.978 366.727 2 324.267 -250
1576 254.978 366.727 2 317.077 -250
1577 264.978 366.727 2 310.042 -250
1578 274.978 366.727 2 303.174 -132.034
1579 284.978 366.727 2 296.484 -125.463
1580 294.978 366.727 2 289.985 -119.398
1581 304.978 366.727 2 283.69 -118.69
1582 314.978 366.727 2 277.612 -119.529
1583 324.978 366.727 2 271.766 -135.156
1584 334.978 366.727 2 266.168 -130.896
1585 344.978 366.727 2 260.833 -132.827
1586 354.978 366.727 2 255.778 -115.149
1587 364.978 366.727 2 251.02 -113.306
1588 374.978 366.727 2 246.575 -118.338
1589 384.978 366.727 2 242.462 -144.836
1590 394.978 366.727 2 238.697 -250
1591 404.978 366.727 2 235.297 -250
1592 414.978 366.727 2 232.279 -250
1593 424.978 366.727 2 229.656 -250
1594 434.978 366.727 2 227.443 -250
1595 444.978 366.727 2 225.652 -107.557
1596 454.978 366.727 2 224.293 -250
1597 464.978 366.727 2 223.374 -250
1598 474.978 366.727 2 222.9 -84.6287
1599 484.978 366.727 2 222.874 -100.902
1600 84.9784 376.727 2 449.367 -164.097
1601 94.9784 376.727 2 440.589 -164.529
1602 104.978 376.727 2 431.865 -250
1603 114.978 376.727 2 423.197 -250
1604 124.978 376.727 2 414.589 -250
1605 134.978 376.727 2 406.045 -250
1606 144.978 376.727 2 397.569 -250
1607 154.978 376.727 2 389.166 -250
1608 164.978 376.727 2 380.839 -250
1609 174.978 376.727 2 372.595 -250
1610 184.978 376.727 2 364.438 -135.181
1611 194.978 376.727 2 356.376 -250
1612 204.978 376.727 2 348.414 -250
1613 214.978 376.727 2 340.559 -250
1614 224.978 376.727 2 332.82 -250
1615 234.978 376.727 2 325.204 -250
1616 244.978 376.727 2 317.72 -250
1617 254.978 376.727 2 310.378 -250
1618 264.978 376.727 2 303.188 -250
1619 274.978 376.727 2 296.161 -132.308
1620 284.978 376.727 2 289.31 -135.464
1621 294.978 376.727 2 282.646 -123.01
1622 304.978 376.727 2 276.183 -118.46
1623 314.978 376.727 2 269.936 -124.67
1624 324.978 376.727 2 263.92 -128.437
1625 334.978 376.727 2 258.152 -148.655
1626 344.978 376.727 2 252.648 -128.254
1627 354.978 376.727 2 247.426 -112.644
1628 364.978 376.727 2 242.503 -119.912
1629 374.978 376.727 2 237.9 -120.53
1630 384.978 376.727 2 233.634 -250
1631 394.978 376.727 2 229.725 -250
1632 404.978 376.727 2 226.19 -250
1633 414.978 376.727 2 223.048 -250
1634 424.978 376.727 2 220.315 -250
1635 434.978 376.727 2 218.008 -250
1636 444.978 376.727 2 216.138 -250
1637 454.978 376.727 2 214.719 -250
1638 464.978 376.727 2 213.759 -250
1639 474.978 376.727 2 213.263 -88.2813
1640 484.978 376.727 2 213.236 -90.9307
1641 84.9784 386.727 2 444.89 -126.366
1642 94.9784 386.727 2 436.023 -135.033
1643 104.978 386.727 2 427.205 -197.084
1644 114.978 386.727 2 418.441 -250
1645 124.978 386.727 2 409.733 -250
1646 134.978 386.727 2 401.086 -250
1647 144.978 386.727 2 392.503 -250
1648 154.978 386.727 2 383.988 -250
1649 164.978 386.727 2 375.547 -250
1650 174.978 386.727 2 367.184 -250
1651 184.978 386.727 2 358.904 -132.867
1652 194.978 386.727 2 350.715 -250
1653 204.978 386.727 2 342.621 -250
1654 214.978 386.727 2 334.631 -250
1655 224.978 386.727 2 326.751 -250
1656 234.978 386.727 2 318.99 -250
1657 244.978 386.727 2 311.357 -250
1658 254.978 386.727 2 303.861 -250
1659 264.978 386.727 2 296.513 -250
1660 274.978 386.727 2 289.324 -139.04
1661 284.978 386.727 2 282.307 -131.417
1662 294.978 386.727 2 275.473 -129.599
1663 304.978 386.727 2 268.838 -145.98
1664 314.978 386.727 2 262.417 -123.413
1665 324.978 386.727 2 256.225 -126.267
1666 334.978 386.727 2 250.279 -117.999
1667 344.978 386.727 2 244.598 -116.332
1668 354.978 386.727 2 239.2 -116.525
1669 364.978 386.727 2 234.105 -134.2
1670 374.978 386.727 2 229.333 -123.708
1671 384.978 386.727 2 224.904 -250
1672 394.978 386.727 2 220.84 -250
1673 404.978 386.727 2 217.161 -250
1674 414.978 386.727 2 213.886 -250
1675 424.978 386.727 2 211.035 -250
1676 434.978 386.727 2 208.625 -250
1677 444.978 386.727 2 206.671 -250
1678 454.978 386.727 2 205.186 -250
1679 464.978 386.727 2 204.181 -250
1680 474.978 386.727 2 203.662 -89.6101
1681 484.978 386.727 2 203.634 -97.2916
1682 84.9784 396.727 2 440.596 -136.087
1683 94.9784 396.727 2 431.64 -136.773
1684 104.978 396.727 2 422.731 -127.499
1685 114.978 396.727 2 413.872 -132.044
1686 124.978 396.727 2 405.066 -144.798
1687 134.978 396.727 2 396.317 -142.411
1688 144.978 396.727 2 387.628 -147.084
1689 154.978 396.727 2 379.004 -153.743
1690 164.978 396.727 2 370.449 -154.386
1691 174.978 396.727 2 361.968 -152.401
1692 184.978 396.727 2 353.567 -132.359
1693 194.978 396.727 2 345.25 -134.181
1694 204.978 396.727 2 337.026 -138.703
1695 214.978 396.727 2 328.899 -139.745
1696 224.978 396.727 2 320.879 -128.629
1697 234.978 396.727 2 312.972 -132.443
1698 244.978 396.727 2 305.189 -250
1699 254.978 396.727 2 297.538 -250
1700 264.978 396.727 2 290.03 -250
1701 274.978 396.727 2 282.676 -158.673
1702 284.978 396.727 2 275.489 -137.489
1703 294.978 396.727 2 268.482 -120.657
1704 304.978 396.727 2 261.67 -138.427
1705 314.978 396.727 2 255.068 -125.578
1706 324.978 396.727 2 248.693 -115.12
1707 334.978 396.727 2 242.562 -118.759
1708 344.978 396.727 2 236.696 -140.981
1709 354.978 396.727 2 231.114 -147.416
1710 364.978 396.727 2 225.836 -139.569
1711 374.978 396.727 2 220.886 -157.608
1712 384.978 396.727 2 216.284 -250
1713 394.978 396.727 2 212.055 -250
1714 404.978 396.727 2 208.221 -250
1715 414.978 396.727 2 204.803 -250
1716 424.978 396.727 2 201.824 -250
1717 434.978 396.727 2 199.302 -250
1718 444.978 396.727 2 197.256 -250
1719 454.978 396.727 2 195.7 -250
1720 464.978 396.727 2 194.645 -250
1721 474.978 396.727 2 194.101 -79.7423
1722 484.978 396.727 2 194.072 -100.2
1723 84.9784 406.727 2 436.488 -135.3
1724 94.9784 406.727 2 427.446 -129.438
1725 104.978 406.727 2 418.448 -136.076
1726 114.978 406.727 2 409.496 -138.338
1727 124.978 406.727 2 400.594 -137.332
1728 134.978 406.727 2 391.745 -152.214
1729 144.978 406.727 2 382.952 -154.218
1730 154.978 406.727 2 374.22 -153.306
1731 164.978 406.727 2 365.553 -152.111
1732 174.978 406.727 2 356.956 -125.205
1733 184.978 406.727 2 348.434 -129.246
1734 194.978 406.727 2 339.992 -129.235
1735 204.978 406.727 2 331.637 -134.469
1736 214.978 406.727 2 323.376 -134.524
1737 224.978 406.727 2 315.215 -138.659
1738 234.978 406.727 2 307.162 -133.26
1739 244.978 406.727 2 299.228 -132.093
1740 254.978 406.727 2 291.42 -122.258
1741 264.978 406.727 2 283.75 -121.891
1742 274.978 406.727 2 276.229 -125.458
1743 284.978 406.727 2 268.87 -138.799
1744 294.978 406.727 2 261.686 -132.382
1745 304.978 406.727 2 254.692 -119.567
1746 314.978 406.727 2 247.904 -126.034
1747 324.978 406.727 2 241.34 -125.504
1748 334.978 406.727 2 235.018 -135.261
1749 344.978 406.727 2 228.959 -147.544
1750 354.978 406.727 2 223.183 -149.534
1751 364.978 406.727 2 217.713 -135.315
1752 374.978 406.727 2 212.573 -146.198
1753 384.978 406.727 2 207.788 -140.996
1754 394.978 406.727 2 203.382 -145.991
1755 404.978 406.727 2 199.381 -140.679
1756 414.978 406.727 2 195.81 -143.081
1757 424.978 406.727 2 192.691 -140.175
1758 434.978 406.727 2 190.048 -128.58
1759 444.978 406.727 2 187.901 -131.576
1760 454.978 406.727 2 186.267 -108.676
1761 464.978 406.727 2 185.159 -84.6024
1762 474.978 406.727 2 184.587 -79.0368
1763 484.978 406.727 2 184.556 -96.5516
1764 84.9784 416.727 2 432.572 -133.215
1765 94.9784 416.727 2 423.447 -163.967
1766 104.978 416.727 2 414.362 -169.531
1767 114.978 416.727 2 405.32 -250
1768 124.978 416.727 2 396.324 -250
1769 134.978 416.727 2 387.377 -250
1770 144.978 416.727 2 378.483 -250
1771 154.978 416.727 2 369.646 -135.371
1772 164.978 416.727 2 360.869 -136.035
1773 174.978 416.727 2 352.157 -134.798
1774 184.978 416.727 2 343.516 -134.973
1775 194.978 416.727 2 334.95 -138.829
1776 204.978 416.727 2 326.466 -136.693
1777 214.978 416.727 2 318.07 -137.709
1778 224.978 416.727 2 309.77 -149.208
1779 234.978 416.727 2 301.572 -142.74
1780 244.978 416.727 2 293.486 -128.852
1781 254.978 416.727 2 285.522 -128.748
1782 264.978 416.727 2 277.689 -124.518
1783 274.978 416.727 2 269.999 -127.186
1784 284.978 416.727 2 262.466 -119.522
1785 294.978 416.727 2 255.101 -120.524
1786 304.978 416.727 2 247.922 -135.734
1787 314.978 416.727 2 240.943 -133.604
1788 324.978 416.727 2 234.184 -125.046
1789 334.978 416.727 2 227.663 -136.147
1790 344.978 416.727 2 221.402 -138.523
1791 354.978 416.727 2 215.424 -139.849
1792 364.978 416.727 2 209.752 -158.724
1793 374.978 416.727 2 204.413 -155.49
1794 384.978 416.727 2 199.432 -140.215
1795 394.978 416.727 2 194.837 -155.404
1796 404.978 416.727 2 190.657 -141.278
1797 414.978 416.727 2 186.918 -143.036
1798 424.978 416.727 2 183.649 -137.963
1799 434.978 416.727 2 180.874 -133.342
1800 444.978 416.727 2 178.617 -124.753
1801 454.978 416.727 2 176.896 -115.619
1802 464.978 416.727 2 175.729 -84.9017
1803 474.978 416.727 2 175.127 -80.052
1804 484.978 416.727 2 175.094 -114.428
1805 84.9784 426.727 2 428.854 -157.798
1806 94.9784 426.727 2 419.647 -173.045
1807 104.978 426.727 2 410.478 -186.348
1808 114.978 426.727 2 401.349 -250
1809 124.978 426.727 2 392.262 -250
1810 134.978 426.727 2 383.22 -250
1811 144.978 426.727 2 374.228 -250
1812 154.978 426.727 2 365.287 -150.131
1813 164.978 426.727 2 356.403 -250
1814 174.978 426.727 2 347.58 -250
1815 184.978 426.727 2 338.822 -250
1816 194.978 426.727 2 330.135 -250
1817 204.978 426.727 2 321.523 -250
1818 214.978 426.727 2 312.995 -250
1819 224.978 426.727 2 304.556 -148.512
1820 234.978 426.727 2 296.214 -250
1821 244.978 426.727 2 287.978 -250
1822 254.978 426.727 2 279.857 -250
1823 264.978 426.727 2 271.861 -250
1824 274.978 426.727 2 264.001 -122.068
1825 284.978 426.727 2 256.291 -132.391
1826 294.978 426.727 2 248.744 -116.662
1827 304.978 426.727 2 241.375 -250
1828 314.978 426.727 2 234.202 -250
1829 324.978 426.727 2 227.242 -250
1830 334.978 426.727 2 220.517 -250
1831 344.978 426.727 2 214.047 -250
1832 354.978 426.727 2 207.857 -250
1833 364.978 426.727 2 201.973 -250
1834 374.978 426.727 2 196.422 -250
1835 384.978 426.727 2 191.233 -250
1836 394.978 426.727 2 186.436 -250
1837 404.978 426.727 2 182.063 -250
1838 414.978 426.727 2 178.144 -250
1839 424.978 426.727 2 174.711 -250
1840 434.978 426.727 2 171.792 -250
1841 444.978 426.727 2 169.413 -250
1842 454.978 426.727 2 167.599 -250
1843 464.978 426.727 2 166.367 -79.3807
1844 474.978 426.727 2 165.73 -91.9054
1845 484.978 426.727 2 165.695 -250
1846 84.9784 436.727 2 425.338 -157.133
1847 94.9784 436.727 2 416.054 -173.545
1848 104.978 436.727 2 406.804 -191.637
1849 114.978 436.727 2 397.59 -250
1850 124.978 436.727 2 388.415 -250
1851 134.978 436.727 2 379.282 -250
1852 144.978 436.727 2 370.194 -250
1853 154.978 436.727 2 361.154 -151.15
1854 164.978 436.727 2 352.165 -250
1855 174.978 436.727 2 343.233 -250
1856 184.978 436.727 2 334.361 -250
1857 194.978 436.727 2 325.555 -250
1858 204.978 436.727 2 316.819 -250
1859 214.978 436.727 2 308.16 -250
1860 224.978 436.727 2 299.585 -132.696
1861 234.978 436.727 2 291.101 -250
1862 244.978 436.727 2 282.716 -250
1863 254.978 436.727 2 274.439 -250
1864 264.978 436.727 2 266.28 -250
1865 274.978 436.727 2 258.251 -111.448
1866 284.978 436.727 2 250.364 -135.485
1867 294.978 436.727 2 242.633 -118.462
1868 304.978 436.727 2 235.073 -250
1869 314.978 436.727 2 227.701 -250
1870 324.978 436.727 2 220.536 -250
1871 334.978 436.727 2 213.599 -250
1872 344.978 436.727 2 206.913 -250
1873 354.978 436.727 2 200.503 -250
1874 364.978 436.727 2 194.397 -250
1875 374.978 436.727 2 188.623 -250
1876 384.978 436.727 2 183.213 -250
1877 394.978 436.727 2 178.201 -250
1878 404.978 436.727 2 173.62 -250
1879 414.978 436.727 2 169.506 -250
1880 424.978 436.727 2 165.894 -250
1881 434.978 436.727 2 162.817 -250
1882 444.978 436.727 2 160.306 -250
1883 454.978 436.727 2 158.387 -250
1884 464.978 436.727 2 157.082 -83.6625
1885 474.978 436.727 2 156.408 -83.1934
1886 484.978 436.727 2 156.371 -250
1887 84.9784 446.727 2 422.03 -172.067
1888 94.9784 446.727 2 412.672 -173.732
1889 104.978 446.727 2 403.344 -197.491
1890 114.978 446.727 2 394.049 -250
1891 124.978 446.727 2 384.79 -250
1892 134.978 446.727 2 375.569 -250
1893 144.978 446.727 2 366.388 -250
1894 154.978 446.727 2 357.252 -152.519
1895 164.978 446.727 2 348.163 -250
1896 174.978 446.727 2 339.125 -250
1897 184.978 446.727 2 330.143 -250
1898 194.978 446.727 2 321.221 -250
1899 204.978 446.727 2 312.364 -250
1900 214.978 446.727 2 303.578 -250
1901 224.978 446.727 2 294.87 -151.715
1902 234.978 446.727 2 286.246 -250
1903 244.978 446.727 2 277.714 -250
1904 254.978 446.727 2 269.284 -250
1905 264.978 446.727 2 260.964 -250
1906 274.978 446.727 2 252.766 -123.353
1907 284.978 446.727 2 244.702 -114.713
1908 294.978 446.727 2 236.786 -114.67
1909 304.978 446.727 2 229.033 -250
1910 314.978 446.727 2 221.46 -250
1911 324.978 446.727 2 214.087 -250
1912 334.978 446.727 2 206.934 -250
1913 344.978 446.727 2 200.025 -250
1914 354.978 446.727 2 193.387 -250
1915 364.978 446.727 2 187.048 -250
1916 374.978 446.727 2 181.04 -250
1917 384.978 446.727 2 175.397 -250
1918 394.978 446.727 2 170.154 -250
1919 404.978 446.727 2 165.351 -250
1920 414.978 446.727 2 161.026 -250
1921 424.978 446.727 2 157.219 -250
1922 434.978 446.727 2 153.969 -250
1923 444.978 446.727 2 151.311 -250
1924 454.978 446.727 2 149.276 -250
1925 464.978 446.727 2 147.891 -88.3269
1926 474.978 446.727 2 147.175 -77.261
1927 484.978 446.727 2 147.135 -250
1928 84.9784 456.727 2 418.935 -166.713
1929 94.9784 456.727 2 409.506 -172.681
1930 104.978 456.727 2 400.104 -185.011
1931 114.978 456.727 2 390.733 -250
1932 124.978 456.727 2 381.393 -250
1933 134.978 456.727 2 372.087 -250
1934 144.978 456.727 2 362.819 -250
1935 154.978 456.727 2 353.59 -121.676
1936 164.978 456.727 2 344.404 -250
1937 174.978 456.727 2 335.265 -250
1938 184.978 456.727 2 326.177 -250
1939 194.978 456.727 2 317.143 -250
1940 204.978 456.727 2 308.169 -250
1941 214.978 456.727 2 299.26 -250
1942 224.978 456.727 2 290.423 -137.1
1943 234.978 456.727 2 281.663 -250
1944 244.978 456.727 2 272.988 -250
1945 254.978 456.727 2 264.406 -250
1946 264.978 456.727 2 255.928 -250
1947 274.978 456.727 2 247.564 -114.546
1948 284.978 456.727 2 239.325 -131.418
1949 294.978 456.727 2 231.224 -112.081
1950 304.978 456.727 2 223.278 -250
1951 314.978 456.727 2 215.503 -250
1952 324.978 456.727 2 207.919 -250
1953 334.978 456.727 2 200.546 -250
1954 344.978 456.727 2 193.409 -250
1955 354.978 456.727 2 186.536 -250
1956 364.978 456.727 2 179.956 -250
1957 374.978 456.727 2 173.703 -250
1958 384.978 456.727 2 167.813 -250
1959 394.978 456.727 2 162.325 -250
1960 404.978 456.727 2 157.283 -250
1961 414.978 456.727 2 152.73 -250
1962 424.978 456.727 2 148.711 -250
1963 434.978 456.727 2 145.27 -250
1964 444.978 456.727 2 142.45 -250
1965 454.978 456.727 2 140.287 -250
1966 464.978 456.727 2 138.812 -80.8378
1967 474.978 456.727 2 138.048 -92.081
1968 484.978 456.727 2 138.007 -250
1969 84.9784 466.727 2 416.057 -116.192
1970 94.9784 466.727 2 406.561 -141.149
1971 104.978 466.727 2 397.09 -182.816
1972 114.978 466.727 2 387.646 -250
1973 124.978 466.727 2 378.229 -250
1974 134.978 466.727 2 368.844 -250
1975 144.978 466.727 2 359.492 -250
1976 154.978 466.727 2 350.176 -120.516
1977 164.978 466.727 2 340.898 -250
1978 174.978 466.727 2 331.662 -250
1979 184.978 466.727 2 322.472 -250
1980 194.978 466.727 2 313.332 -250
1981 204.978 466.727 2 304.246 -250
1982 214.978 466.727 2 295.218 -250
1983 224.978 466.727 2 286.256 -117.58
1984 234.978 466.727 2 277.364 -250
1985 244.978 466.727 2 268.55 -250
1986 254.978 466.727 2 259.823 -250
1987 264.978 466.727 2 251.19 -250
1988 274.978 466.727 2 242.662 -116.808
1989 284.978 466.727 2 234.25 -114.855
1990 294.978 466.727 2 225.968 -129.864
1991 304.978 466.727 2 217.831 -250
1992 314.978 466.727 2 209.854 -250
1993 324.978 466.727 2 202.057 -250
1994 334.978 466.727 2 194.462 -250
1995 344.978 466.727 2 187.094 -250
1996 354.978 466.727 2 179.979 -250
1997 364.978 466.727 2 173.15 -250
1998 374.978 466.727 2 166.642 -250
1999 384.978 466.727 2 160.493 -250
2000 394.978 466.727 2 154.747 -250
2001 404.978 466.727 2 149.449 -250
2002 414.978 466.727 2 144.65 -250
2003 424.978 466.727 2 140.399 -250
2004 434.978 466.727 2 136.75 -250
2005 444.978 466.727 2 133.75 -250
2006 454.978 466.727 2 131.444 -250
2007 464.978 466.727 2 129.869 -81.9235
2008 474.978 466.727 2 129.052 -81.3636
2009 484.978 466.727 2 129.007 -250
2010 84.9784 476.727 2 413.401 -116.608
2011 94.9784 476.727 2 403.843 -126.811
2012 104.978 476.727 2 394.306 -117.16
2013 114.978 476.727 2 384.794 -114.076
2014 124.978 476.727 2 375.306 -116.887
2015 134.978 476.727 2 365.846 -110.555
2016 144.978 476.727 2 356.415 -107.654
2017 154.978 476.727 2 347.016 -117.13
2018 164.978 476.727 2 337.651 -114.636
2019 174.978 476.727 2 328.324 -110.481
2020 184.978 476.727 2 319.038 -116.877
2021 194.978 476.727 2 309.797 -120.034
2022 204.978 476.727 2 300.603 -125.107
2023 214.978 476.727 2 291.463 -122.316
2024 224.978 476.727 2 282.382 -121.315
2025 234.978 476.727 2 273.364 -109.994
2026 244.978 476.727 2 264.417 -114.391
2027 254.978 476.727 2 255.548 -116.72
2028 264.978 476.727 2 246.766 -116.907
2029 274.978 476.727 2 238.079 -120.049
2030 284.978 476.727 2 229.5 -112.35
2031 294.978 476.727 2 221.04 -114.434
2032 304.978 476.727 2 212.714 -250
2033 314.978 476.727 2 204.538 -250
2034 324.978 476.727 2 196.53 -250
2035 334.978 476.727 2 188.713 -250
2036 344.978 476.727 2 181.111 -250
2037 354.978 476.727 2 173.752 -250
2038 364.978 476.727 2 166.668 -250
2039 374.978 476.727 2 159.896 -250
2040 384.978 476.727 2 153.477 -250
2041 394.978 476.727 2 147.457 -250
2042 404.978 476.727 2 141.887 -250
2043 414.978 476.727 2 136.823 -250
2044 424.978 476.727 2 132.322 -250
2045 434.978 476.727 2 128.443 -250
2046 444.978 476.727 2 125.244 -250
2047 454.978 476.727 2 122.778 -250
2048 464.978 476.727 2 121.091 -85.1917
2049 474.978 476.727 2 120.214 -81.8888
2050 484.978 476.727 2 120.166 -250
2051 84.9784 486.727 2 410.972 -125.185
2052 94.9784 486.727 2 401.355 -118.441
2053 104.978 486.727 2 391.758 -124.085
2054 114.978 486.727 2 382.182 -131.029
2055 124.978 486.727 2 372.628 -123.302
2056 134.978 486.727 2 363.098 -112.816
2057 144.978 486.727 2 353.594 -113.892
2058 154.978 486.727 2 344.118 -114.655
2059 164.978 486.727 2 334.672 -106.896
2060 174.978 486.727 2 325.26 -109.794
2061 184.978 486.727 2 315.884 -120.655
2062 194.978 486.727 2 306.547 -118.657
2063 204.978 486.727 2 297.253 -121.534
2064 214.978 486.727 2 288.007 -131.534
2065 224.978 486.727 2 278.812 -118.125
2066 234.978 486.727 2 269.675 -120.645
2067 244.978 486.727 2 260.602 -124.219
2068 254.978 486.727 2 251.599 -121.899
2069 264.978 486.727 2 242.673 -138.262
2070 274.978 486.727 2 233.835 -124.719
2071 284.978 486.727 2 225.094 -115.233
2072 294.978 486.727 2 216.462 -115.255
2073 304.978 486.727 2 207.952 -122.677
2074 314.978 486.727 2 199.581 -120.476
2075 324.978 486.727 2 191.367 -120.437
2076 334.978 486.727 2 183.329 -117.912
2077 344.978 486.727 2 175.494 -118.087
2078 354.978 486.727 2 167.889 -111.507
2079 364.978 486.727 2 160.546 -116.42
2080 374.978 486.727 2 153.504 -118.385
2081 384.978 486.727 2 146.806 -104.358
2082 394.978 486.727 2 140.501 -95.6438
2083 404.978 486.727 2 134.644 -97.8665
2084 414.978 486.727 2 129.296 -82.2396
2085 424.978 486.727 2 124.523 -85.4961
2086 434.978 486.727 2 120.393 -80.688
2087 444.978 486.727 2 116.974 -86.5354
2088 454.978 486.727 2 114.331 -88.6463
2089 464.978 486.727 2 112.516 -78.8153
2090 474.978 486.727 2 111.573 -80.3491
2091 484.978 486.727 2 111.521 -95.7963
2092 84.9784 496.727 2 408.772 -110.658
2093 94.9784 496.727 2 399.103 -128.507
2094 104.978 496.727 2 389.45 -250
2095 114.978 496.727 2 379.816 -250
2096 124.978 496.727 2 370.201 -250
2097 134.978 496.727 2 360.607 -250
2098 144.978 496.727 2 351.035 -250
2099 154.978 496.727 2 341.488 -250
2100 164.978 496.727 2 331.968 -250
2101 174.978 496.727 2 322.476 -250
2102 184.978 496.727 2 313.017 -250
2103 194.978 496.727 2 303.592 -250
2104 204.978 496.727 2 294.205 -124.99
2105 214.978 496.727 2 284.859 -117.492
2106 224.978 496.727 2 275.56 -121.725
2107 234.978 496.727 2 266.312 -250
2108 244.978 496.727 2 257.119 -250
2109 254.978 496.727 2 247.99 -250
2110 264.978 496.727 2 238.93 -250
2111 274.978 496.727 2 229.947 -127.489
2112 284.978 496.727 2 221.053 -123.471
2113 294.978 496.727 2 212.256 -130.59
2114 304.978 496.727 2 203.571 -116.519
2115 314.978 496.727 2 195.012 -118.392
2116 324.978 496.727 2 186.596 -121.446
2117 334.978 496.727 2 178.344 -113.843
2118 344.978 496.727 2 170.28 -121.474
2119 354.978 496.727 2 162.431 -111.989
2120 364.978 496.727 2 154.829 -111.679
2121 374.978 496.727 2 147.515 -102.929
2122 384.978 496.727 2 140.532 -119.864
2123 394.978 496.727 2 133.931 -101.952
2124 404.978 496.727 2 127.774 -88.0897
2125 414.978 496.727 2 122.125 -90.5655
2126 424.978 496.727 2 117.06 -88.6216
2127 434.978 496.727 2 112.657 -82.526
2128 444.978 496.727 2 108.995 -90.3188
2129 454.978 496.727 2 106.153 -81.6395
2130 464.978 496.727 2 104.197 -86.9278
2131 474.978 496.727 2 103.177 -84.3707
2132 484.978 496.727 2 103.121 -92.5284
2133 84.9784 506.727 2 406.807 -142.257
2134 94.9784 506.727 2 397.09 -153.058
2135 104.978 506.727 2 387.387 -250
2136 114.978 506.727 2 377.7 -250
2137 124.978 506.727 2 368.029 -250
2138 134.978 506.727 2 358.377 -250
2139 144.978 506.727 2 348.744 -250
2140 154.978 506.727 2 339.133 -250
2141 164.978 506.727 2 329.544 -250
2142 174.978 506.727 2 319.981 -250
2143 184.978 506.727 2 310.446 -250
2144 194.978 506.727 2 300.94 -250
2145 204.978 506.727 2 291.468 -115.792
2146 214.978 506.727 2 282.032 -113.024
2147 224.978 506.727 2 272.636 -131.371
2148 234.978 506.727 2 263.285 -250
2149 244.978 506.727 2 253.983 -250
2150 254.978 506.727 2 244.736 -250
2151 264.978 506.727 2 235.551 -250
2152 274.978 506.727 2 226.435 -125.39
2153 284.978 506.727 2 217.397 -125.865
2154 294.978 506.727 2 208.446 -250
2155 304.978 506.727 2 199.595 -250
2156 314.978 506.727 2 190.858 -250
2157 324.978 506.727 2 182.25 -250
2158 334.978 506.727 2 173.792 -250
2159 344.978 506.727 2 165.506 -250
2160 354.978 506.727 2 157.419 -250
2161 364.978 506.727 2 149.563 -250
2162 374.978 506.727 2 141.978 -250
2163 384.978 506.727 2 134.708 -250
2164 394.978 506.727 2 127.807 -250
2165 404.978 506.727 2 121.339 -250
2166 414.978 506.727 2 115.376 -250
2167 424.978 506.727 2 110 -82.4958
2168 434.978 506.727 2 105.302 -80.119
2169 444.978 506.727 2 101.376 -83.8118
2170 454.978 506.727 2 98.3133 -84.356
2171 464.978 506.727 2 96.1977 -81.4808
2172 474.978 506.727 2 95.0919 -79.9876
2173 484.978 506.727 2 95.0313 -250
2174 84.9784 516.727 2 405.079 -138.93
2175 94.9784 516.727 2 395.319 -151.443
2176 104.978 516.727 2 385.572 -250
2177 114.978 516.727 2 375.838 -250
2178 124.978 516.727 2 366.118 -250
2179 134.978 516.727 2 356.414 -250
2180 144.978 516.727 2 346.727 -250
2181 154.978 516.727 2 337.058 -250
2182 164.978 516.727 2 327.409 -250
2183 174.978 516.727 2 317.781 -250
2184 184.978 516.727 2 308.178 -250
2185 194.978 516.727 2 298.6 -250
2186 204.978 516.727 2 289.051 -114.894
2187 214.978 516.727 2 279.533 -120.669
2188 224.978 516.727 2 270.051 -123.485
2189 234.978 516.727 2 260.607 -250
2190 244.978 516.727 2 251.206 -250
2191 254.978 516.727 2 241.853 -250
2192 264.978 516.727 2 232.554 -250
2193 274.978 516.727 2 223.316 -141.294
2194 284.978 516.727 2 214.146 -121.801
2195 294.978 516.727 2 205.053 -250
2196 304.978 516.727 2 196.049 -250
2197 314.978 516.727 2 187.146 -250
2198 324.978 516.727 2 178.36 -250
2199 334.978 516.727 2 169.708 -250
2200 344.978 516.727 2 161.212 -250
2201 354.978 516.727 2 152.898 -250
2202 364.978 516.727 2 144.797 -250
2203 374.978 516.727 2 136.948 -250
2204 384.978 516.727 2 129.395 -250
2205 394.978 516.727 2 122.195 -250
2206 404.978 516.727 2 115.413 -250
2207 414.978 516.727 2 109.127 -250
2208 424.978 516.727 2 103.427 -84.7393
2209 434.978 516.727 2 98.4153 -86.0023
2210 444.978 516.727 2 94.2022 -85.0598
2211 454.978 516.727 2 90.8984 -82.1768
2212 464.978 516.727 2 88.6059 -107.182
2213 474.978 516.727 2 87.4042 -85.0075
2214 484.978 516.727 2 87.3383 -250
2215 84.9784 526.727 2 403.591 -144.168
2216 94.9784 526.727 2 393.795 -148.496
2217 104.978 526.727 2 384.009 -250
2218 114.978 526.727 2 374.234 -250
2219 124.978 526.727 2 364.472 -250
2220 134.978 526.727 2 354.723 -250
2221 144.978 526.727 2 344.988 -250
2222 154.978 526.727 2 335.269 -250
2223 164.978 526.727 2 325.567 -250
2224 174.978 526.727 2 315.883 -250
2225 184.978 526.727 2 306.22 -250
2226 194.978 526.727 2 296.579 -250
2227 204.978 526.727 2 286.963 -110.883
2228 214.978 526.727 2 277.373 -117.134
2229 224.978 526.727 2 267.814 -105.298
2230 234.978 526.727 2 258.288 -250
2231 244.978 526.727 2 248.8 -250
2232 254.978 526.727 2 239.353 -250
2233 264.978 526.727 2 229.953 -250
2234 274.978 526.727 2 220.606 -120.228
2235 284.978 526.727 2 211.318 -125.033
2236 294.978 526.727 2 202.099 -250
2237 304.978 526.727 2 192.957 -250
2238 314.978 526.727 2 183.904 -250
2239 324.978 526.727 2 174.955 -250
2240 334.978 526.727 2 166.126 -250
2241 344.978 526.727 2 157.436 -250
2242 354.978 526.727 2 148.912 -250
2243 364.978 526.727 2 140.582 -250
2244 374.978 526.727 2 132.483 -250
2245 384.978 526.727 2 124.66 -250
2246 394.978 526.727 2 117.169 -250
2247 404.978 526.727 2 110.078 -250
2248 414.978 526.727 2 103.468 -250
2249 424.978 526.727 2 97.4377 -88.6529
2250 434.978 526.727 2 92.1009 -83.4888
2251 444.978 526.727 2 87.5846 -80.9743
2252 454.978 526.727 2 84.0211 -85.4826
2253 464.978 526.727 2 81.5354 -85.2483
2254 474.978 526.727 2 80.2279 -86.5627
2255 484.978 526.727 2 80.1561 -250
2256 84.9784 536.727 2 402.347 -141.929
2257 94.9784 536.727 2 392.519 -143.202
2258 104.978 536.727 2 382.701 -250
2259 114.978 536.727 2 372.892 -250
2260 124.978 536.727 2 363.093 -250
2261 134.978 536.727 2 353.306 -250
2262 144.978 536.727 2 343.531 -250
2263 154.978 536.727 2 333.77 -250
2264 164.978 536.727 2 324.023 -250
2265 174.978 536.727 2 314.291 -250
2266 184.978 536.727 2 304.578 -250
2267 194.978 536.727 2 294.883 -250
2268 204.978 536.727 2 285.21 -104.038
2269 214.978 536.727 2 275.559 -131.169
2270 224.978 536.727 2 265.935 -121.017
2271 234.978 536.727 2 256.34 -250
2272 244.978 536.727 2 246.776 -250
2273 254.978 536.727 2 237.249 -250
2274 264.978 536.727 2 227.762 -250
2275 274.978 536.727 2 218.321 -114.573
2276 284.978 536.727 2 208.931 -108.447
2277 294.978 536.727 2 199.602 -250
2278 304.978 536.727 2 190.34 -250
2279 314.978 536.727 2 181.157 -250
2280 324.978 536.727 2 172.065 -250
2281 334.978 536.727 2 163.079 -250
2282 344.978 536.727 2 154.218 -250
2283 354.978 536.727 2 145.505 -250
2284 364.978 536.727 2 136.968 -250
2285 374.978 536.727 2 128.642 -250
2286 384.978 536.727 2 120.57 -250
2287 394.978 536.727 2 112.808 -250
2288 404.978 536.727 2 105.424 -250
2289 414.978 536.727 2 98.502 -250
2290 424.978 536.727 2 92.1473 -87.8205
2291 434.978 536.727 2 86.4847 -82.4491
2292 444.978 536.727 2 81.6583 -83.0016
2293 454.978 536.727 2 77.8239 -86.4375
2294 464.978 536.727 2 75.1335 -85.3561
2295 474.978 536.727 2 73.7125 -87.1886
2296 484.978 536.727 2 73.6343 -250
2297 84.9784 546.727 2 401.347 -117.782
2298 94.9784 546.727 2 391.495 -130.378
2299 104.978 546.727 2 381.65 -250
2300 114.978 546.727 2 371.813 -250
2301 124.978 546.727 2 361.986 -250
2302 134.978 546.727 2 352.168 -250
2303 144.978 546.727 2 342.36 -250
2304 154.978 546.727 2 332.564 -250
2305 164.978 546.727 2 322.781 -250
2306 174.978 546.727 2 313.011 -250
2307 184.978 546.727 2 303.257 -250
2308 194.978 546.727 2 293.518 -250
2309 204.978 546.727 2 283.798 -108.014
2310 214.978 546.727 2 274.099 -104.29
2311 224.978 546.727 2 264.421 -112.69
2312 234.978 546.727 2 254.768 -250
2313 244.978 546.727 2 245.144 -250
2314 254.978 546.727 2 235.55 -250
2315 264.978 546.727 2 225.992 -250
2316 274.978 546.727 2 216.474 -84.1638
2317 284.978 546.727 2 207.001 -92.5663
2318 294.978 546.727 2 197.58 -250
2319 304.978 546.727 2 188.219 -250
2320 314.978 546.727 2 178.927 -250
2321 324.978 546.727 2 169.715 -250
2322 334.978 546.727 2 160.598 -250
2323 344.978 546.727 2 151.592 -250
2324 354.978 546.727 2 142.719 -250
2325 364.978 546.727 2 134.005 -250
2326 374.978 546.727 2 125.482 -250
2327 384.978 546.727 2 117.193 -250
2328 394.978 546.727 2 109.191 -250
2329 404.978 546.727 2 101.544 -250
2330 414.978 546.727 2 94.338 -250
2331 424.978 546.727 2 87.682 -82.1545
2332 434.978 546.727 2 81.7106 -84.293
2333 444.978 546.727 2 76.5839 -84.8101
2334 454.978 546.727 2 72.4816 -85.8373
2335 464.978 546.727 2 69.585 -87.7337
2336 474.978 546.727 2 68.0481 -92.9955
2337 484.978 546.727 2 67.9634 -250
2338 84.9784 556.727 2 400.596 -86.6791
2339 94.9784 556.727 2 390.724 -87.6163
2340 104.978 556.727 2 380.859 -87.9011
2341 114.978 556.727 2 371.002 -86.846
2342 124.978 556.727 2 361.152 -86.1899
2343 134.978 556.727 2 351.311 -86.2859
2344 144.978 556.727 2 341.479 -88.1801
2345 154.978 556.727 2 331.657 -92.0628
2346 164.978 556.727 2 321.846 -95.5618
2347 174.978 556.727 2 312.047 -89.09
2348 184.978 556.727 2 302.261 -87.1318
2349 194.978 556.727 2 292.489 -86.8757
2350 204.978 556.727 2 282.734 -86.895
2351 214.978 556.727 2 272.996 -84.5759
2352 224.978 556.727 2 263.278 -89.7697
2353 234.978 556.727 2 253.582 -98.1823
2354 244.978 556.727 2 243.911 -87.5102
2355 254.978 556.727 2 234.267 -81.1849
2356 264.978 556.727 2 224.654 -85.9431
2357 274.978 556.727 2 215.077 -88.3467
2358 284.978 556.727 2 205.539 -85.2003
2359 294.978 556.727 2 196.048 -87.4804
2360 304.978 556.727 2 186.61 -85.4799
2361 314.978 556.727 2 177.234 -83.7665
2362 324.978 556.727 2 167.93 -83.8726
2363 334.978 556.727 2 158.71 -80.081
2364 344.978 556.727 2 149.59 -91.4733
2365 354.978 556.727 2 140.591 -82.9867
2366 364.978 556.727 2 131.736 -85.5637
2367 374.978 556.727 2 123.056 -81.4584
2368 384.978 556.727 2 114.592 -88.7722
2369 394.978 556.727 2 106.394 -78.3466
2370 404.978 556.727 2 98.5302 -88.7205
2371 414.978 556.727 2 91.0861 -82.5128
2372 424.978 556.727 2 84.1734 -88.4188
2373 434.978 556.727 2 77.9335 -85.5358
2374 444.978 556.727 2 72.5405 -87.5517
2375 454.978 556.727 2 68.1953 -93.4347
2376 464.978 556.727 2 65.1082 -93.7764
2377 474.978 556.727 2 63.4631 -99.6934
2378 484.978 556.727 2 63.3723 -114.293
2379 84.9784 566.727 2 400.092 -92.5113
2380 94.9784 566.727 2 390.208 -93.9974
2381 104.978 566.727 2 380.33 -94.0168
2382 114.978 566.727 2 370.458 -93.6952
2383 124.978 566.727 2 360.594 -91.6611
2384 134.978 566.727 2 350.737 -87.1695
2385 144.978 566.727 2 340.888 -91.1989
2386 154.978 566.727 2 331.049 -86.3203
2387 164.978 566.727 2 321.219 -92.3841
2388 174.978 566.727 2 311.4 -88.5695
2389 184.978 566.727 2 301.593 -99.756
2390 194.978 566.727 2 291.8 -101.384
2391 204.978 566.727 2 282.021 -93.7748
2392 214.978 566.727 2 272.257 -86.5338
2393 224.978 566.727 2 262.512 -84.3027
2394 234.978 566.727 2 252.786 -98.0803
2395 244.978 566.727 2 243.083 -84.9924
2396 254.978 566.727 2 233.405 -83.6657
2397 264.978 566.727 2 223.755 -106.277
2398 274.978 566.727 2 214.138 -82.5636
2399 284.978 566.727 2 204.557 -86.5371
2400 294.978 566.727 2 195.018 -86.2527
2401 304.978 566.727 2 185.527 -88.3717
2402 314.978 566.727 2 176.093 -84.1454
2403 324.978 566.727 2 166.725 -88.3527
2404 334.978 566.727 2 157.435 -84.3989
2405 344.978 566.727 2 148.237 -84.4367
2406 354.978 566.727 2 139.15 -85.1741
2407 364.978 566.727 2 130.197 -88.0496
2408 374.978 566.727 2 121.407 -87.2907
2409 384.978 566.727 2 112.82 -85.4567
2410 394.978 566.727 2 104.483 -83.4746
2411 404.978 566.727 2 96.4635 -85.9826
2412 414.978 566.727 2 88.8464 -86.66
2413 424.978 566.727 2 81.7446 -83.9818
2414 434.978 566.727 2 75.3038 -86.4485
2415 444.978 566.727 2 69.7075 -85.839
2416 454.978 566.727 2 65.1738 -87.6703
2417 464.978 566.727 2 61.9363 -94.5123
2418 474.978 566.727 2 60.2045 -99.0843
2419 484.978 566.727 2 60.1088 -100.858
2420 84.9784 576.727 2 399.838 -94.4509
2421 94.9784 576.727 2 389.948 -93.8343
2422 104.978 576.727 2 380.063 -93.8142
2423 114.978 576.727 2 370.184 -91.2819
2424 124.978 576.727 2 360.312 -88.9256
2425 134.978 576.727 2 350.447 -84.961
2426 144.978 576.727 2 340.59 -85.9751
2427 154.978 576.727 2 330.742 -99.9916
2428 164.978 576.727 2 320.903 -90.0531
2429 174.978 576.727 2 311.074 -89.6415
2430 184.978 576.727 2 301.257 -89.9799
2431 194.978 576.727 2 291.452 -87.4068
2432 204.978 576.727 2 281.66 -86.3218
2433 214.978 576.727 2 271.884 -96.8
2434 224.978 576.727 2 262.125 -87.1313
2435 234.978 576.727 2 252.385 -85.9016
2436 244.978 576.727 2 242.665 -86.6363
2437 254.978 576.727 2 232.97 -86.7615
2438 264.978 576.727 2 223.301 -88.3496
2439 274.978 576.727 2 213.663 -86.9884
2440 284.978 576.727 2 204.06 -88.6604
2441 294.978 576.727 2 194.497 -86.7656
2442 304.978 576.727 2 184.979 -88.7486
2443 314.978 576.727 2 175.516 -81.2961
2444 324.978 576.727 2 166.116 -99.6951
2445 334.978 576.727 2 156.789 -88.8118
2446 344.978 576.727 2 147.551 -80.0812
2447 354.978 576.727 2 138.419 -80.8395
2448 364.978 576.727 2 129.415 -88.1369
2449 374.978 576.727 2 120.569 -82.8505
2450 384.978 576.727 2 111.916 -81.8387
2451 394.978 576.727 2 103.507 -86.9107
2452 404.978 576.727 2 95.4056 -82.9592
2453 414.978 576.727 2 87.6967 -85.2221
2454 424.978 576.727 2 80.4934 -87.4962
2455 434.978 576.727 2 73.9437 -92.1949
2456 444.978 576.727 2 68.236 -85.7483
2457 454.978 576.727 2 63.5975 -97.0478
2458 464.978 576.727 2 60.2754 -86.8813
2459 474.978 576.727 2 58.4945 -92.7681
2460 484.978 576.727 2 58.3959 -104.237
2461 84.9784 586.727 2 399.835 -88.4464
2462 94.9784 586.727 2 389.944 -89.908
2463 104.978 586.727 2 380.059 -95.0187
2464 114.978 586.727 2 370.18 -86.9247
2465 124.978 586.727 2 360.308 -100.275
2466 134.978 586.727 2 350.443 -86.3539
2467 144.978 586.727 2 340.586 -88.3692
2468 154.978 586.727 2 330.737 -91.4937
2469 164.978 586.727 2 320.898 -92.704
2470 174.978 586.727 2 311.069 -91.3126
2471 184.978 586.727 2 301.252 -90.1719
2472 194.978 586.727 2 291.447 -90.1455
2473 204.978 586.727 2 281.655 -90.6325
2474 214.978 586.727 2 271.879 -89.6173
2475 224.978 586.727 2 262.119 -88.3325
2476 234.978 586.727 2 252.379 -87.9863
2477 244.978 586.727 2 242.659 -88.2354
2478 254.978 586.727 2 232.964 -87.8394
2479 264.978 586.727 2 223.295 -87.6961
2480 274.978 586.727 2 213.656 -85.8877
2481 284.978 586.727 2 204.053 -88.4395
2482 294.978 586.727 2 194.489 -90.833
2483 304.978 586.727 2 184.971 -87.042
2484 314.978 586.727 2 175.508 -87.2984
2485 324.978 586.727 2 166.107 -87.0871
2486 334.978 586.727 2 156.78 -83.0082
2487 344.978 586.727 2 147.541 -82.6998
2488 354.978 586.727 2 138.408 -83.7949
2489 364.978 586.727 2 129.404 -85.2192
2490 374.978 586.727 2 120.556 -83.5199
2491 384.978 586.727 2 111.903 -82.3284
2492 394.978 586.727 2 103.493 -86.8154
2493 404.978 586.727 2 95.39 -82.7464
2494 414.978 586.727 2 87.6797 -88.4085
2495 424.978 586.727 2 80.4749 -92.478
2496 434.978 586.727 2 73.9236 -93.7662
2497 444.978 586.727 2 68.2142 -93.8498
2498 454.978 586.727 2 63.574 -98.5449
2499 464.978 586.727 2 60.2506 -100.303
2500 474.978 586.727 2 58.469 -117.608
2501 484.978 586.727 2 58.3704 -92.5957
