# <Transmitter Set: Tx: 18 tx_ant_grid_40_m - Point 32> 
# <Receiver Set: Rx: 17 rx_ant_grid> 
# <X(m)> <Y(m)> <Z(m)> <Distance(m)> <PathGain(dB)>
1 84.9784 -13.2734 2 603.971 -250
2 94.9784 -13.2734 2 602.47 -250
3 104.978 -13.2734 2 601.131 -250
4 114.978 -13.2734 2 599.956 -142.205
5 124.978 -13.2734 2 598.945 -250
6 134.978 -13.2734 2 598.1 -147.75
7 144.978 -13.2734 2 597.421 -119.529
8 154.978 -13.2734 2 596.909 -250
9 164.978 -13.2734 2 596.564 -250
10 174.978 -13.2734 2 596.387 -250
11 184.978 -13.2734 2 596.377 -250
12 194.978 -13.2734 2 596.535 -250
13 204.978 -13.2734 2 596.861 -250
14 214.978 -13.2734 2 597.354 -250
15 224.978 -13.2734 2 598.013 -250
16 234.978 -13.2734 2 598.839 -250
17 244.978 -13.2734 2 599.831 -250
18 254.978 -13.2734 2 600.987 -250
19 264.978 -13.2734 2 602.307 -145.871
20 274.978 -13.2734 2 603.79 -124.766
21 284.978 -13.2734 2 605.434 -133.36
22 294.978 -13.2734 2 607.239 -250
23 304.978 -13.2734 2 609.203 -250
24 314.978 -13.2734 2 611.323 -250
25 324.978 -13.2734 2 613.6 -250
26 334.978 -13.2734 2 616.03 -250
27 344.978 -13.2734 2 618.613 -250
28 354.978 -13.2734 2 621.345 -250
29 364.978 -13.2734 2 624.226 -250
30 374.978 -13.2734 2 627.254 -250
31 384.978 -13.2734 2 630.425 -142.109
32 394.978 -13.2734 2 633.738 -140.028
33 404.978 -13.2734 2 637.191 -133.622
34 414.978 -13.2734 2 640.782 -128.107
35 424.978 -13.2734 2 644.507 -110.84
36 434.978 -13.2734 2 648.366 -109.029
37 444.978 -13.2734 2 652.355 -130.805
38 454.978 -13.2734 2 656.472 -250
39 464.978 -13.2734 2 660.714 -250
40 474.978 -13.2734 2 665.08 -134.068
41 484.978 -13.2734 2 669.567 -132.103
42 84.9784 -3.2734 2 594.12 -134.343
43 94.9784 -3.2734 2 592.593 -141.323
44 104.978 -3.2734 2 591.232 -250
45 114.978 -3.2734 2 590.037 -132.972
46 124.978 -3.2734 2 589.009 -250
47 134.978 -3.2734 2 588.15 -146.152
48 144.978 -3.2734 2 587.46 -120.824
49 154.978 -3.2734 2 586.939 -250
50 164.978 -3.2734 2 586.588 -250
51 174.978 -3.2734 2 586.408 -250
52 184.978 -3.2734 2 586.398 -250
53 194.978 -3.2734 2 586.559 -250
54 204.978 -3.2734 2 586.89 -250
55 214.978 -3.2734 2 587.391 -250
56 224.978 -3.2734 2 588.062 -250
57 234.978 -3.2734 2 588.902 -250
58 244.978 -3.2734 2 589.91 -250
59 254.978 -3.2734 2 591.086 -250
60 264.978 -3.2734 2 592.428 -250
61 274.978 -3.2734 2 593.935 -129.953
62 284.978 -3.2734 2 595.607 -126.806
63 294.978 -3.2734 2 597.441 -250
64 304.978 -3.2734 2 599.437 -250
65 314.978 -3.2734 2 601.592 -250
66 324.978 -3.2734 2 603.905 -250
67 334.978 -3.2734 2 606.375 -250
68 344.978 -3.2734 2 608.998 -250
69 354.978 -3.2734 2 611.774 -250
70 364.978 -3.2734 2 614.7 -250
71 374.978 -3.2734 2 617.774 -250
72 384.978 -3.2734 2 620.993 -250
73 394.978 -3.2734 2 624.357 -129.607
74 404.978 -3.2734 2 627.861 -133.068
75 414.978 -3.2734 2 631.505 -136.81
76 424.978 -3.2734 2 635.285 -108.222
77 434.978 -3.2734 2 639.199 -112.205
78 444.978 -3.2734 2 643.245 -250
79 454.978 -3.2734 2 647.42 -250
80 464.978 -3.2734 2 651.721 -250
81 474.978 -3.2734 2 656.147 -133.264
82 484.978 -3.2734 2 660.695 -123.398
83 84.9784 6.7266 2 584.273 -133.689
84 94.9784 6.7266 2 582.721 -140.765
85 104.978 6.7266 2 581.337 -250
86 114.978 6.7266 2 580.121 -134.91
87 124.978 6.7266 2 579.076 -250
88 134.978 6.7266 2 578.202 -146.022
89 144.978 6.7266 2 577.5 -152.859
90 154.978 6.7266 2 576.97 -250
91 164.978 6.7266 2 576.613 -250
92 174.978 6.7266 2 576.43 -250
93 184.978 6.7266 2 576.42 -250
94 194.978 6.7266 2 576.583 -250
95 204.978 6.7266 2 576.92 -250
96 214.978 6.7266 2 577.43 -250
97 224.978 6.7266 2 578.112 -250
98 234.978 6.7266 2 578.967 -250
99 244.978 6.7266 2 579.992 -250
100 254.978 6.7266 2 581.188 -250
101 264.978 6.7266 2 582.553 -144.972
102 274.978 6.7266 2 584.086 -151.554
103 284.978 6.7266 2 585.786 -123.639
104 294.978 6.7266 2 587.651 -250
105 304.978 6.7266 2 589.679 -250
106 314.978 6.7266 2 591.87 -250
107 324.978 6.7266 2 594.221 -250
108 334.978 6.7266 2 596.73 -250
109 344.978 6.7266 2 599.396 -250
110 354.978 6.7266 2 602.216 -250
111 364.978 6.7266 2 605.188 -250
112 374.978 6.7266 2 608.31 -250
113 384.978 6.7266 2 611.58 -250
114 394.978 6.7266 2 614.994 -108.523
115 404.978 6.7266 2 618.552 -132.252
116 414.978 6.7266 2 622.25 -115.37
117 424.978 6.7266 2 626.086 -111.165
118 434.978 6.7266 2 630.057 -133.353
119 444.978 6.7266 2 634.161 -250
120 454.978 6.7266 2 638.396 -250
121 464.978 6.7266 2 642.758 -250
122 474.978 6.7266 2 647.245 -132.386
123 484.978 6.7266 2 651.855 -135.199
124 84.9784 16.7266 2 574.432 -132.992
125 94.9784 16.7266 2 572.853 -140.18
126 104.978 16.7266 2 571.445 -250
127 114.978 16.7266 2 570.208 -147.768
128 124.978 16.7266 2 569.145 -250
129 134.978 16.7266 2 568.256 -157.689
130 144.978 16.7266 2 567.541 -250
131 154.978 16.7266 2 567.002 -250
132 164.978 16.7266 2 566.639 -250
133 174.978 16.7266 2 566.453 -250
134 184.978 16.7266 2 566.442 -250
135 194.978 16.7266 2 566.609 -250
136 204.978 16.7266 2 566.952 -250
137 214.978 16.7266 2 567.47 -250
138 224.978 16.7266 2 568.165 -250
139 234.978 16.7266 2 569.034 -250
140 244.978 16.7266 2 570.077 -250
141 254.978 16.7266 2 571.294 -250
142 264.978 16.7266 2 572.682 -250
143 274.978 16.7266 2 574.242 -142.836
144 284.978 16.7266 2 575.97 -123.676
145 294.978 16.7266 2 577.867 -250
146 304.978 16.7266 2 579.93 -250
147 314.978 16.7266 2 582.157 -250
148 324.978 16.7266 2 584.548 -250
149 334.978 16.7266 2 587.098 -250
150 344.978 16.7266 2 589.807 -250
151 354.978 16.7266 2 592.673 -250
152 364.978 16.7266 2 595.693 -250
153 374.978 16.7266 2 598.864 -250
154 384.978 16.7266 2 602.185 -250
155 394.978 16.7266 2 605.653 -250
156 404.978 16.7266 2 609.265 -136.724
157 414.978 16.7266 2 613.019 -112.618
158 424.978 16.7266 2 616.912 -107.49
159 434.978 16.7266 2 620.942 -125.12
160 444.978 16.7266 2 625.106 -250
161 454.978 16.7266 2 629.401 -250
162 464.978 16.7266 2 633.825 -250
163 474.978 16.7266 2 638.375 -133.351
164 484.978 16.7266 2 643.049 -135.885
165 84.9784 26.7266 2 564.597 -132.247
166 94.9784 26.7266 2 562.99 -139.567
167 104.978 26.7266 2 561.557 -250
168 114.978 26.7266 2 560.299 -136.97
169 124.978 26.7266 2 559.217 -145.168
170 134.978 26.7266 2 558.311 -250
171 144.978 26.7266 2 557.584 -217.353
172 154.978 26.7266 2 557.036 -250
173 164.978 26.7266 2 556.666 -250
174 174.978 26.7266 2 556.476 -250
175 184.978 26.7266 2 556.466 -250
176 194.978 26.7266 2 556.635 -250
177 204.978 26.7266 2 556.984 -250
178 214.978 26.7266 2 557.512 -250
179 224.978 26.7266 2 558.219 -250
180 234.978 26.7266 2 559.103 -250
181 244.978 26.7266 2 560.165 -250
182 254.978 26.7266 2 561.403 -250
183 264.978 26.7266 2 562.816 -250
184 274.978 26.7266 2 564.403 -134.382
185 284.978 26.7266 2 566.162 -126.538
186 294.978 26.7266 2 568.091 -250
187 304.978 26.7266 2 570.189 -250
188 314.978 26.7266 2 572.455 -170.71
189 324.978 26.7266 2 574.885 -250
190 334.978 26.7266 2 577.478 -250
191 344.978 26.7266 2 580.233 -143.848
192 354.978 26.7266 2 583.145 -147.039
193 364.978 26.7266 2 586.214 -250
194 374.978 26.7266 2 589.436 -250
195 384.978 26.7266 2 592.81 -250
196 394.978 26.7266 2 596.332 -250
197 404.978 26.7266 2 600.001 -105.961
198 414.978 26.7266 2 603.812 -110.673
199 424.978 26.7266 2 607.764 -144.842
200 434.978 26.7266 2 611.855 -129.457
201 444.978 26.7266 2 616.08 -104.873
202 454.978 26.7266 2 620.438 -250
203 464.978 26.7266 2 624.925 -250
204 474.978 26.7266 2 629.54 -145.729
205 484.978 26.7266 2 634.278 -140.343
206 84.9784 36.7266 2 554.767 -131.397
207 94.9784 36.7266 2 553.132 -138.922
208 104.978 36.7266 2 551.673 -250
209 114.978 36.7266 2 550.392 -124.656
210 124.978 36.7266 2 549.291 -250
211 134.978 36.7266 2 548.369 -162.761
212 144.978 36.7266 2 547.629 -216.991
213 154.978 36.7266 2 547.07 -250
214 164.978 36.7266 2 546.694 -250
215 174.978 36.7266 2 546.5 -250
216 184.978 36.7266 2 546.49 -250
217 194.978 36.7266 2 546.662 -250
218 204.978 36.7266 2 547.017 -250
219 214.978 36.7266 2 547.555 -154.561
220 224.978 36.7266 2 548.275 -250
221 234.978 36.7266 2 549.175 -250
222 244.978 36.7266 2 550.256 -250
223 254.978 36.7266 2 551.517 -250
224 264.978 36.7266 2 552.955 -120.377
225 274.978 36.7266 2 554.57 -129.962
226 284.978 36.7266 2 556.36 -133.861
227 294.978 36.7266 2 558.323 -250
228 304.978 36.7266 2 560.458 -250
229 314.978 36.7266 2 562.762 -131.827
230 324.978 36.7266 2 565.234 -250
231 334.978 36.7266 2 567.872 -250
232 344.978 36.7266 2 570.672 -250
233 354.978 36.7266 2 573.633 -145.588
234 364.978 36.7266 2 576.753 -140.618
235 374.978 36.7266 2 580.028 -135.351
236 384.978 36.7266 2 583.456 -250
237 394.978 36.7266 2 587.034 -250
238 404.978 36.7266 2 590.76 -106.462
239 414.978 36.7266 2 594.631 -129.15
240 424.978 36.7266 2 598.644 -136.445
241 434.978 36.7266 2 602.796 -124.79
242 444.978 36.7266 2 607.085 -116.217
243 454.978 36.7266 2 611.506 -250
244 464.978 36.7266 2 616.059 -250
245 474.978 36.7266 2 620.739 -151.374
246 484.978 36.7266 2 625.544 -151.639
247 84.9784 46.7266 2 544.943 -104.898
248 94.9784 46.7266 2 543.279 -250
249 104.978 46.7266 2 541.794 -250
250 114.978 46.7266 2 540.489 -127.219
251 124.978 46.7266 2 539.367 -154.582
252 134.978 46.7266 2 538.429 -250
253 144.978 46.7266 2 537.675 -145.233
254 154.978 46.7266 2 537.106 -250
255 164.978 46.7266 2 536.723 -250
256 174.978 46.7266 2 536.526 -250
257 184.978 46.7266 2 536.515 -250
258 194.978 46.7266 2 536.69 -250
259 204.978 46.7266 2 537.052 -250
260 214.978 46.7266 2 537.6 -147.449
261 224.978 46.7266 2 538.333 -150.751
262 234.978 46.7266 2 539.25 -250
263 244.978 46.7266 2 540.351 -149.378
264 254.978 46.7266 2 541.634 -250
265 264.978 46.7266 2 543.098 -124.642
266 274.978 46.7266 2 544.743 -127.695
267 284.978 46.7266 2 546.565 -136.265
268 294.978 46.7266 2 548.563 -250
269 304.978 46.7266 2 550.736 -250
270 314.978 46.7266 2 553.081 -250
271 324.978 46.7266 2 555.596 -250
272 334.978 46.7266 2 558.279 -250
273 344.978 46.7266 2 561.127 -250
274 354.978 46.7266 2 564.139 -250
275 364.978 46.7266 2 567.31 -137.579
276 374.978 46.7266 2 570.639 -163.578
277 384.978 46.7266 2 574.123 -250
278 394.978 46.7266 2 577.76 -250
279 404.978 46.7266 2 581.545 -109.631
280 414.978 46.7266 2 585.477 -119.709
281 424.978 46.7266 2 589.552 -135.977
282 434.978 46.7266 2 593.768 -111.167
283 444.978 46.7266 2 598.121 -130.214
284 454.978 46.7266 2 602.609 -250
285 464.978 46.7266 2 607.228 -250
286 474.978 46.7266 2 611.976 -154.199
287 484.978 46.7266 2 616.849 -145.576
288 84.9784 56.7266 2 535.126 -107.769
289 94.9784 56.7266 2 533.431 -131.846
290 104.978 56.7266 2 531.918 -250
291 114.978 56.7266 2 530.59 -250
292 124.978 56.7266 2 529.447 -122.79
293 134.978 56.7266 2 528.491 -146.717
294 144.978 56.7266 2 527.723 -146.98
295 154.978 56.7266 2 527.143 -250
296 164.978 56.7266 2 526.752 -250
297 174.978 56.7266 2 526.552 -250
298 184.978 56.7266 2 526.541 -250
299 194.978 56.7266 2 526.72 -250
300 204.978 56.7266 2 527.088 -133.596
301 214.978 56.7266 2 527.646 -143.289
302 224.978 56.7266 2 528.393 -141.609
303 234.978 56.7266 2 529.327 -250
304 244.978 56.7266 2 530.449 -250
305 254.978 56.7266 2 531.756 -127.078
306 264.978 56.7266 2 533.248 -121.306
307 274.978 56.7266 2 534.922 -131.064
308 284.978 56.7266 2 536.777 -116.804
309 294.978 56.7266 2 538.812 -250
310 304.978 56.7266 2 541.024 -250
311 314.978 56.7266 2 543.411 -250
312 324.978 56.7266 2 545.971 -250
313 334.978 56.7266 2 548.701 -250
314 344.978 56.7266 2 551.598 -250
315 354.978 56.7266 2 554.661 -250
316 364.978 56.7266 2 557.887 -140.461
317 374.978 56.7266 2 561.272 -250
318 384.978 56.7266 2 564.814 -250
319 394.978 56.7266 2 568.51 -250
320 404.978 56.7266 2 572.356 -109.191
321 414.978 56.7266 2 576.351 -108.338
322 424.978 56.7266 2 580.49 -112.269
323 434.978 56.7266 2 584.771 -113.177
324 444.978 56.7266 2 589.191 -135.779
325 454.978 56.7266 2 593.746 -250
326 464.978 56.7266 2 598.433 -250
327 474.978 56.7266 2 603.25 -144.84
328 484.978 56.7266 2 608.194 -118.584
329 84.9784 66.7266 2 525.316 -109.721
330 94.9784 66.7266 2 523.589 -132.055
331 104.978 66.7266 2 522.048 -145.724
332 114.978 66.7266 2 520.695 -145.773
333 124.978 66.7266 2 519.53 -123.467
334 134.978 66.7266 2 518.555 -142.062
335 144.978 66.7266 2 517.772 -149.095
336 154.978 66.7266 2 517.181 -123
337 164.978 66.7266 2 516.783 -143.449
338 174.978 66.7266 2 516.579 -143.54
339 184.978 66.7266 2 516.568 -122.289
340 194.978 66.7266 2 516.75 -129.172
341 204.978 66.7266 2 517.126 -139.42
342 214.978 66.7266 2 517.694 -143.922
343 224.978 66.7266 2 518.455 -139.54
344 234.978 66.7266 2 519.408 -142.35
345 244.978 66.7266 2 520.551 -250
346 254.978 66.7266 2 521.883 -128.308
347 264.978 66.7266 2 523.402 -250
348 274.978 66.7266 2 525.108 -141.699
349 284.978 66.7266 2 526.998 -121.488
350 294.978 66.7266 2 529.07 -127.833
351 304.978 66.7266 2 531.323 -122.667
352 314.978 66.7266 2 533.753 -115.919
353 324.978 66.7266 2 536.359 -156.101
354 334.978 66.7266 2 539.138 -136.617
355 344.978 66.7266 2 542.087 -145.312
356 354.978 66.7266 2 545.203 -250
357 364.978 66.7266 2 548.484 -168.282
358 374.978 66.7266 2 551.927 -250
359 384.978 66.7266 2 555.528 -149.699
360 394.978 66.7266 2 559.285 -155.804
361 404.978 66.7266 2 563.195 -150.213
362 414.978 66.7266 2 567.254 -108.319
363 424.978 66.7266 2 571.459 -120.037
364 434.978 66.7266 2 575.807 -131.655
365 444.978 66.7266 2 580.295 -126.947
366 454.978 66.7266 2 584.92 -148.653
367 464.978 66.7266 2 589.678 -144.533
368 474.978 66.7266 2 594.565 -145.984
369 484.978 66.7266 2 599.58 -159.274
370 84.9784 76.7266 2 515.514 -109.692
371 94.9784 76.7266 2 513.754 -129.248
372 104.978 76.7266 2 512.183 -140.538
373 114.978 76.7266 2 510.803 -141.885
374 124.978 76.7266 2 509.616 -127.902
375 134.978 76.7266 2 508.622 -134.5
376 144.978 76.7266 2 507.824 -148.524
377 154.978 76.7266 2 507.222 -139.22
378 164.978 76.7266 2 506.816 -142.495
379 174.978 76.7266 2 506.607 -151.118
380 184.978 76.7266 2 506.596 -123.738
381 194.978 76.7266 2 506.782 -133.24
382 204.978 76.7266 2 507.165 -141.38
383 214.978 76.7266 2 507.745 -149.526
384 224.978 76.7266 2 508.52 -143.221
385 234.978 76.7266 2 509.491 -142.514
386 244.978 76.7266 2 510.656 -150.651
387 254.978 76.7266 2 512.014 -135.096
388 264.978 76.7266 2 513.563 -218.075
389 274.978 76.7266 2 515.301 -134.767
390 284.978 76.7266 2 517.227 -125.465
391 294.978 76.7266 2 519.338 -124.665
392 304.978 76.7266 2 521.633 -115.392
393 314.978 76.7266 2 524.108 -122.442
394 324.978 76.7266 2 526.762 -146.25
395 334.978 76.7266 2 529.591 -131.568
396 344.978 76.7266 2 532.593 -145.455
397 354.978 76.7266 2 535.764 -157.628
398 364.978 76.7266 2 539.103 -154.807
399 374.978 76.7266 2 542.605 -150.134
400 384.978 76.7266 2 546.268 -136.029
401 394.978 76.7266 2 550.088 -173.42
402 404.978 76.7266 2 554.063 -134.151
403 414.978 76.7266 2 558.188 -107.176
404 424.978 76.7266 2 562.461 -121.93
405 434.978 76.7266 2 566.878 -141.75
406 444.978 76.7266 2 571.437 -141.871
407 454.978 76.7266 2 576.132 -155.19
408 464.978 76.7266 2 580.962 -151.76
409 474.978 76.7266 2 585.922 -120.577
410 484.978 76.7266 2 591.011 -134.746
411 84.9784 86.7266 2 505.719 -112.216
412 94.9784 86.7266 2 503.924 -129.025
413 104.978 86.7266 2 502.323 -250
414 114.978 86.7266 2 500.916 -250
415 124.978 86.7266 2 499.705 -250
416 134.978 86.7266 2 498.692 -133.245
417 144.978 86.7266 2 497.878 -142.857
418 154.978 86.7266 2 497.263 -250
419 164.978 86.7266 2 496.849 -250
420 174.978 86.7266 2 496.636 -250
421 184.978 86.7266 2 496.625 -119.116
422 194.978 86.7266 2 496.815 -148.566
423 204.978 86.7266 2 497.205 -139.672
424 214.978 86.7266 2 497.797 -146.527
425 224.978 86.7266 2 498.588 -250
426 234.978 86.7266 2 499.578 -250
427 244.978 86.7266 2 500.766 -250
428 254.978 86.7266 2 502.151 -250
429 264.978 86.7266 2 503.73 -156.037
430 274.978 86.7266 2 505.502 -118.94
431 284.978 86.7266 2 507.465 -135.02
432 294.978 86.7266 2 509.617 -119.155
433 304.978 86.7266 2 511.955 -119.497
434 314.978 86.7266 2 514.477 -150.767
435 324.978 86.7266 2 517.18 -126.997
436 334.978 86.7266 2 520.061 -132.397
437 344.978 86.7266 2 523.117 -144.076
438 354.978 86.7266 2 526.346 -157.183
439 364.978 86.7266 2 529.744 -150.502
440 374.978 86.7266 2 533.308 -137.91
441 384.978 86.7266 2 537.034 -250
442 394.978 86.7266 2 540.92 -250
443 404.978 86.7266 2 544.961 -250
444 414.978 86.7266 2 549.155 -109.338
445 424.978 86.7266 2 553.498 -112.741
446 434.978 86.7266 2 557.986 -120.038
447 444.978 86.7266 2 562.616 -250
448 454.978 86.7266 2 567.385 -250
449 464.978 86.7266 2 572.288 -250
450 474.978 86.7266 2 577.323 -160.3
451 484.978 86.7266 2 582.487 -154.073
452 84.9784 96.7266 2 495.932 -113.284
453 94.9784 96.7266 2 494.102 -175.438
454 104.978 96.7266 2 492.469 -250
455 114.978 96.7266 2 491.033 -250
456 124.978 96.7266 2 489.798 -151.838
457 134.978 96.7266 2 488.765 -250
458 144.978 96.7266 2 487.934 -250
459 154.978 96.7266 2 487.307 -250
460 164.978 96.7266 2 486.884 -250
461 174.978 96.7266 2 486.667 -250
462 184.978 96.7266 2 486.655 -119.567
463 194.978 96.7266 2 486.849 -250
464 204.978 96.7266 2 487.248 -250
465 214.978 96.7266 2 487.851 -250
466 224.978 96.7266 2 488.658 -250
467 234.978 96.7266 2 489.669 -250
468 244.978 96.7266 2 490.881 -250
469 254.978 96.7266 2 492.293 -250
470 264.978 96.7266 2 493.904 -250
471 274.978 96.7266 2 495.711 -115.95
472 284.978 96.7266 2 497.713 -130.802
473 294.978 96.7266 2 499.906 -113.392
474 304.978 96.7266 2 502.29 -118.02
475 314.978 96.7266 2 504.86 -126.136
476 324.978 96.7266 2 507.614 -138.516
477 334.978 96.7266 2 510.549 -130.421
478 344.978 96.7266 2 513.662 -138.429
479 354.978 96.7266 2 516.95 -136.833
480 364.978 96.7266 2 520.409 -158.331
481 374.978 96.7266 2 524.037 -157.736
482 384.978 96.7266 2 527.828 -250
483 394.978 96.7266 2 531.781 -250
484 404.978 96.7266 2 535.892 -250
485 414.978 96.7266 2 540.156 -114.728
486 424.978 96.7266 2 544.57 -117.056
487 434.978 96.7266 2 549.131 -113.828
488 444.978 96.7266 2 553.835 -250
489 454.978 96.7266 2 558.679 -250
490 464.978 96.7266 2 563.658 -250
491 474.978 96.7266 2 568.77 -145.224
492 484.978 96.7266 2 574.01 -122.315
493 84.9784 106.727 2 486.154 -110.873
494 94.9784 106.727 2 484.287 -112.632
495 104.978 106.727 2 482.62 -250
496 114.978 106.727 2 481.156 -250
497 124.978 106.727 2 479.895 -123.435
498 134.978 106.727 2 478.84 -250
499 144.978 106.727 2 477.992 -250
500 154.978 106.727 2 477.352 -250
501 164.978 106.727 2 476.921 -250
502 174.978 106.727 2 476.699 -250
503 184.978 106.727 2 476.687 -124.826
504 194.978 106.727 2 476.884 -250
505 204.978 106.727 2 477.292 -250
506 214.978 106.727 2 477.908 -250
507 224.978 106.727 2 478.732 -250
508 234.978 106.727 2 479.763 -250
509 244.978 106.727 2 481 -250
510 254.978 106.727 2 482.441 -250
511 264.978 106.727 2 484.085 -250
512 274.978 106.727 2 485.929 -124.201
513 284.978 106.727 2 487.97 -123.529
514 294.978 106.727 2 490.208 -115.994
515 304.978 106.727 2 492.638 -120.356
516 314.978 106.727 2 495.258 -121.249
517 324.978 106.727 2 498.065 -125.246
518 334.978 106.727 2 501.056 -149.382
519 344.978 106.727 2 504.228 -142.368
520 354.978 106.727 2 507.577 -140.765
521 364.978 106.727 2 511.1 -155.322
522 374.978 106.727 2 514.793 -155.538
523 384.978 106.727 2 518.652 -250
524 394.978 106.727 2 522.674 -250
525 404.978 106.727 2 526.856 -250
526 414.978 106.727 2 531.192 -117.17
527 424.978 106.727 2 535.681 -114.668
528 434.978 106.727 2 540.317 -114.088
529 444.978 106.727 2 545.097 -250
530 454.978 106.727 2 550.017 -250
531 464.978 106.727 2 555.075 -250
532 474.978 106.727 2 560.264 -152.803
533 484.978 106.727 2 565.583 -134.123
534 84.9784 116.727 2 476.385 -97.5358
535 94.9784 116.727 2 474.48 -112.554
536 104.978 116.727 2 472.778 -250
537 114.978 116.727 2 471.283 -250
538 124.978 116.727 2 469.996 -250
539 134.978 116.727 2 468.919 -250
540 144.978 116.727 2 468.053 -250
541 154.978 116.727 2 467.399 -250
542 164.978 116.727 2 466.959 -250
543 174.978 116.727 2 466.732 -250
544 184.978 116.727 2 466.72 -130.32
545 194.978 116.727 2 466.922 -250
546 204.978 116.727 2 467.337 -250
547 214.978 116.727 2 467.967 -250
548 224.978 116.727 2 468.808 -250
549 234.978 116.727 2 469.861 -250
550 244.978 116.727 2 471.124 -250
551 254.978 116.727 2 472.596 -250
552 264.978 116.727 2 474.273 -250
553 274.978 116.727 2 476.155 -124.625
554 284.978 116.727 2 478.238 -118.704
555 294.978 116.727 2 480.521 -123.208
556 304.978 116.727 2 483 -121.707
557 314.978 116.727 2 485.672 -131.301
558 324.978 116.727 2 488.535 -250
559 334.978 116.727 2 491.584 -250
560 344.978 116.727 2 494.816 -250
561 354.978 116.727 2 498.228 -250
562 364.978 116.727 2 501.817 -250
563 374.978 116.727 2 505.577 -250
564 384.978 116.727 2 509.507 -250
565 394.978 116.727 2 513.6 -250
566 404.978 116.727 2 517.855 -250
567 414.978 116.727 2 522.267 -250
568 424.978 116.727 2 526.831 -119.636
569 434.978 116.727 2 531.544 -120.462
570 444.978 116.727 2 536.403 -250
571 454.978 116.727 2 541.402 -250
572 464.978 116.727 2 546.539 -250
573 474.978 116.727 2 551.809 -150.75
574 484.978 116.727 2 557.209 -136.533
575 84.9784 126.727 2 466.626 -96.4604
576 94.9784 126.727 2 464.68 -103.377
577 104.978 126.727 2 462.943 -129.208
578 114.978 126.727 2 461.416 -250
579 124.978 126.727 2 460.101 -250
580 134.978 126.727 2 459.001 -250
581 144.978 126.727 2 458.116 -250
582 154.978 126.727 2 457.448 -250
583 164.978 126.727 2 456.998 -250
584 174.978 126.727 2 456.767 -250
585 184.978 126.727 2 456.754 -125.545
586 194.978 126.727 2 456.96 -121.636
587 204.978 126.727 2 457.385 -121.899
588 214.978 126.727 2 458.028 -125.605
589 224.978 126.727 2 458.888 -250
590 234.978 126.727 2 459.964 -250
591 244.978 126.727 2 461.254 -250
592 254.978 126.727 2 462.757 -122.179
593 264.978 126.727 2 464.47 -120.879
594 274.978 126.727 2 466.391 -132.45
595 284.978 126.727 2 468.518 -118.661
596 294.978 126.727 2 470.848 -118.691
597 304.978 126.727 2 473.377 -134.734
598 314.978 126.727 2 476.103 -119.419
599 324.978 126.727 2 479.023 -250
600 334.978 126.727 2 482.132 -250
601 344.978 126.727 2 485.428 -250
602 354.978 126.727 2 488.905 -250
603 364.978 126.727 2 492.562 -250
604 374.978 126.727 2 496.392 -250
605 384.978 126.727 2 500.394 -250
606 394.978 126.727 2 504.562 -250
607 404.978 126.727 2 508.892 -250
608 414.978 126.727 2 513.38 -250
609 424.978 126.727 2 518.023 -125.403
610 434.978 126.727 2 522.816 -109.873
611 444.978 126.727 2 527.754 -250
612 454.978 126.727 2 532.835 -250
613 464.978 126.727 2 538.054 -250
614 474.978 126.727 2 543.406 -130.885
615 484.978 126.727 2 548.889 -134.091
616 84.9784 136.727 2 456.877 -110.715
617 94.9784 136.727 2 454.89 -97.4979
618 104.978 136.727 2 453.115 -104.31
619 114.978 136.727 2 451.555 -109.383
620 124.978 136.727 2 450.211 -110.671
621 134.978 136.727 2 449.087 -250
622 144.978 136.727 2 448.182 -250
623 154.978 136.727 2 447.5 -250
624 164.978 136.727 2 447.039 -250
625 174.978 136.727 2 446.803 -250
626 184.978 136.727 2 446.79 -106.83
627 194.978 136.727 2 447.001 -113.042
628 204.978 136.727 2 447.435 -129.446
629 214.978 136.727 2 448.092 -112.956
630 224.978 136.727 2 448.971 -250
631 234.978 136.727 2 450.071 -250
632 244.978 136.727 2 451.389 -250
633 254.978 136.727 2 452.925 -124.322
634 264.978 136.727 2 454.675 -124.708
635 274.978 136.727 2 456.637 -124.915
636 284.978 136.727 2 458.809 -118.454
637 294.978 136.727 2 461.188 -124.053
638 304.978 136.727 2 463.77 -141.427
639 314.978 136.727 2 466.553 -121.554
640 324.978 136.727 2 469.532 -250
641 334.978 136.727 2 472.703 -250
642 344.978 136.727 2 476.064 -250
643 354.978 136.727 2 479.61 -250
644 364.978 136.727 2 483.336 -250
645 374.978 136.727 2 487.24 -250
646 384.978 136.727 2 491.315 -250
647 394.978 136.727 2 495.56 -250
648 404.978 136.727 2 499.968 -250
649 414.978 136.727 2 504.536 -250
650 424.978 136.727 2 509.259 -116.916
651 434.978 136.727 2 514.134 -114.764
652 444.978 136.727 2 519.155 -250
653 454.978 136.727 2 524.319 -250
654 464.978 136.727 2 529.621 -250
655 474.978 136.727 2 535.058 -127.532
656 484.978 136.727 2 540.625 -150.087
657 84.9784 146.727 2 447.139 -107.11
658 94.9784 146.727 2 445.109 -104.724
659 104.978 146.727 2 443.295 -98.4402
660 114.978 146.727 2 441.7 -106.881
661 124.978 146.727 2 440.326 -110.913
662 134.978 146.727 2 439.176 -112.273
663 144.978 146.727 2 438.251 -122.128
664 154.978 146.727 2 437.553 -116.856
665 164.978 146.727 2 437.083 -124.629
666 174.978 146.727 2 436.841 -104.972
667 184.978 146.727 2 436.828 -99.0029
668 194.978 146.727 2 437.043 -113.768
669 204.978 146.727 2 437.487 -113.852
670 214.978 146.727 2 438.159 -114.477
671 224.978 146.727 2 439.058 -117.376
672 234.978 146.727 2 440.183 -118.276
673 244.978 146.727 2 441.53 -122.956
674 254.978 146.727 2 443.1 -130.4
675 264.978 146.727 2 444.889 -120.696
676 274.978 146.727 2 446.894 -120.188
677 284.978 146.727 2 449.114 -116.665
678 294.978 146.727 2 451.544 -124.869
679 304.978 146.727 2 454.181 -130.626
680 314.978 146.727 2 457.021 -126.211
681 324.978 146.727 2 460.062 -139.093
682 334.978 146.727 2 463.299 -152.939
683 344.978 146.727 2 466.727 -137.522
684 354.978 146.727 2 470.343 -145.832
685 364.978 146.727 2 474.142 -135.042
686 374.978 146.727 2 478.121 -126.373
687 384.978 146.727 2 482.274 -120.485
688 394.978 146.727 2 486.597 -126.275
689 404.978 146.727 2 491.085 -113.865
690 414.978 146.727 2 495.735 -110.745
691 424.978 146.727 2 500.542 -117.208
692 434.978 146.727 2 505.5 -116.502
693 444.978 146.727 2 510.606 -118.436
694 454.978 146.727 2 515.856 -121.291
695 464.978 146.727 2 521.244 -124.654
696 474.978 146.727 2 526.768 -129.775
697 484.978 146.727 2 532.422 -135.541
698 84.9784 156.727 2 437.413 -107.587
699 94.9784 156.727 2 435.338 -111.039
700 104.978 156.727 2 433.483 -94.9751
701 114.978 156.727 2 431.852 -99.0665
702 124.978 156.727 2 430.447 -106.595
703 134.978 156.727 2 429.27 -109.94
704 144.978 156.727 2 428.324 -126.084
705 154.978 156.727 2 427.609 -114.736
706 164.978 156.727 2 427.128 -100.784
707 174.978 156.727 2 426.88 -118.668
708 184.978 156.727 2 426.867 -111.904
709 194.978 156.727 2 427.088 -104.374
710 204.978 156.727 2 427.542 -117.874
711 214.978 156.727 2 428.23 -127.319
712 224.978 156.727 2 429.149 -118.7
713 234.978 156.727 2 430.3 -109.694
714 244.978 156.727 2 431.678 -137.93
715 254.978 156.727 2 433.284 -142.041
716 264.978 156.727 2 435.113 -136.487
717 274.978 156.727 2 437.163 -128.893
718 284.978 156.727 2 439.432 -112.743
719 294.978 156.727 2 441.915 -140.735
720 304.978 156.727 2 444.609 -143.006
721 314.978 156.727 2 447.51 -129.321
722 324.978 156.727 2 450.615 -142.982
723 334.978 156.727 2 453.919 -151.199
724 344.978 156.727 2 457.418 -148.596
725 354.978 156.727 2 461.107 -149.256
726 364.978 156.727 2 464.982 -121.971
727 374.978 156.727 2 469.038 -131.933
728 384.978 156.727 2 473.27 -114.092
729 394.978 156.727 2 477.675 -121.929
730 404.978 156.727 2 482.247 -116.435
731 414.978 156.727 2 486.981 -110.93
732 424.978 156.727 2 491.873 -117.088
733 434.978 156.727 2 496.918 -116.623
734 444.978 156.727 2 502.111 -123.526
735 454.978 156.727 2 507.449 -119.259
736 464.978 156.727 2 512.926 -118.658
737 474.978 156.727 2 518.538 -126.985
738 484.978 156.727 2 524.28 -138.646
739 84.9784 166.727 2 427.7 -111.062
740 94.9784 166.727 2 425.577 -117.978
741 104.978 166.727 2 423.68 -112.747
742 114.978 166.727 2 422.011 -95.5561
743 124.978 166.727 2 420.573 -100.661
744 134.978 166.727 2 419.368 -112.109
745 144.978 166.727 2 418.4 -112.007
746 154.978 166.727 2 417.668 -106.356
747 164.978 166.727 2 417.175 -108.999
748 174.978 166.727 2 416.922 -118.496
749 184.978 166.727 2 416.908 -121.173
750 194.978 166.727 2 417.134 -121.975
751 204.978 166.727 2 417.599 -111.566
752 214.978 166.727 2 418.303 -105.043
753 224.978 166.727 2 419.245 -250
754 234.978 166.727 2 420.422 -124.371
755 244.978 166.727 2 421.833 -250
756 254.978 166.727 2 423.476 -250
757 264.978 166.727 2 425.347 -250
758 274.978 166.727 2 427.444 -119.317
759 284.978 166.727 2 429.764 -122.549
760 294.978 166.727 2 432.303 -250
761 304.978 166.727 2 435.056 -250
762 314.978 166.727 2 438.021 -250
763 324.978 166.727 2 441.193 -250
764 334.978 166.727 2 444.567 -250
765 344.978 166.727 2 448.138 -250
766 354.978 166.727 2 451.903 -115.514
767 364.978 166.727 2 455.856 -138.763
768 374.978 166.727 2 459.993 -250
769 384.978 166.727 2 464.308 -124.243
770 394.978 166.727 2 468.797 -119.512
771 404.978 166.727 2 473.454 -111.329
772 414.978 166.727 2 478.275 -119.23
773 424.978 166.727 2 483.256 -116.106
774 434.978 166.727 2 488.39 -119.094
775 444.978 166.727 2 493.673 -250
776 454.978 166.727 2 499.101 -250
777 464.978 166.727 2 504.668 -250
778 474.978 166.727 2 510.371 -163.833
779 484.978 166.727 2 516.204 -130.786
780 84.9784 176.727 2 418.001 -110.995
781 94.9784 176.727 2 415.828 -131.584
782 104.978 176.727 2 413.886 -127.575
783 114.978 176.727 2 412.177 -112.786
784 124.978 176.727 2 410.705 -97.9948
785 134.978 176.727 2 409.472 -107.59
786 144.978 176.727 2 408.479 -116.239
787 154.978 176.727 2 407.73 -107.26
788 164.978 176.727 2 407.225 -114.51
789 174.978 176.727 2 406.965 -116.175
790 184.978 176.727 2 406.951 -117.531
791 194.978 176.727 2 407.183 -129.703
792 204.978 176.727 2 407.66 -104.78
793 214.978 176.727 2 408.381 -111.6
794 224.978 176.727 2 409.345 -250
795 234.978 176.727 2 410.551 -135.848
796 244.978 176.727 2 411.995 -250
797 254.978 176.727 2 413.677 -250
798 264.978 176.727 2 415.593 -250
799 274.978 176.727 2 417.739 -127.187
800 284.978 176.727 2 420.112 -101.507
801 294.978 176.727 2 422.709 -250
802 304.978 176.727 2 425.525 -250
803 314.978 176.727 2 428.555 -250
804 324.978 176.727 2 431.796 -250
805 334.978 176.727 2 435.243 -250
806 344.978 176.727 2 438.891 -250
807 354.978 176.727 2 442.734 -124.771
808 364.978 176.727 2 446.768 -135.843
809 374.978 176.727 2 450.988 -250
810 384.978 176.727 2 455.389 -121.245
811 394.978 176.727 2 459.965 -115.058
812 404.978 176.727 2 464.711 -117.723
813 414.978 176.727 2 469.622 -125.327
814 424.978 176.727 2 474.692 -118.118
815 434.978 176.727 2 479.918 -116.493
816 444.978 176.727 2 485.294 -250
817 454.978 176.727 2 490.814 -250
818 464.978 176.727 2 496.474 -250
819 474.978 176.727 2 502.27 -157.348
820 484.978 176.727 2 508.197 -143.164
821 84.9784 186.727 2 408.315 -111.613
822 94.9784 186.727 2 406.091 -129.269
823 104.978 186.727 2 404.102 -130.536
824 114.978 186.727 2 402.352 -123.863
825 124.978 186.727 2 400.843 -98.9851
826 134.978 186.727 2 399.58 -99.9891
827 144.978 186.727 2 398.563 -101.656
828 154.978 186.727 2 397.795 -111.636
829 164.978 186.727 2 397.277 -131.013
830 174.978 186.727 2 397.011 -115.487
831 184.978 186.727 2 396.997 -114.13
832 194.978 186.727 2 397.234 -127.897
833 204.978 186.727 2 397.723 -117.331
834 214.978 186.727 2 398.462 -100.79
835 224.978 186.727 2 399.45 -250
836 234.978 186.727 2 400.685 -127.947
837 244.978 186.727 2 402.166 -250
838 254.978 186.727 2 403.888 -250
839 264.978 186.727 2 405.85 -250
840 274.978 186.727 2 408.047 -100.198
841 284.978 186.727 2 410.477 -109.024
842 294.978 186.727 2 413.134 -119.668
843 304.978 186.727 2 416.015 -133.981
844 314.978 186.727 2 419.114 -123.215
845 324.978 186.727 2 422.428 -137.979
846 334.978 186.727 2 425.95 -250
847 344.978 186.727 2 429.677 -250
848 354.978 186.727 2 433.602 -250
849 364.978 186.727 2 437.72 -250
850 374.978 186.727 2 442.027 -250
851 384.978 186.727 2 446.515 -119.629
852 394.978 186.727 2 451.181 -123.11
853 404.978 186.727 2 456.019 -116.106
854 414.978 186.727 2 461.022 -123.43
855 424.978 186.727 2 466.187 -125.673
856 434.978 186.727 2 471.507 -117.212
857 444.978 186.727 2 476.977 -250
858 454.978 186.727 2 482.592 -250
859 464.978 186.727 2 488.348 -250
860 474.978 186.727 2 494.239 -138.519
861 484.978 186.727 2 500.261 -141.966
862 84.9784 196.727 2 398.646 -106.267
863 94.9784 196.727 2 396.367 -113.136
864 104.978 196.727 2 394.329 -126.733
865 114.978 196.727 2 392.535 -131.063
866 124.978 196.727 2 390.989 -128.92
867 134.978 196.727 2 389.693 -97.6433
868 144.978 196.727 2 388.651 -109.848
869 154.978 196.727 2 387.863 -109.999
870 164.978 196.727 2 387.332 -121.866
871 174.978 196.727 2 387.059 -110.925
872 184.978 196.727 2 387.044 -118.69
873 194.978 196.727 2 387.288 -118.54
874 204.978 196.727 2 387.789 -114.323
875 214.978 196.727 2 388.547 -110.238
876 224.978 196.727 2 389.56 -250
877 234.978 196.727 2 390.827 -130.676
878 244.978 196.727 2 392.345 -101.284
879 254.978 196.727 2 394.11 -96.3257
880 264.978 196.727 2 396.12 -97.8111
881 274.978 196.727 2 398.371 -121.027
882 284.978 196.727 2 400.859 -118.246
883 294.978 196.727 2 403.58 -122.949
884 304.978 196.727 2 406.528 -126.53
885 314.978 196.727 2 409.699 -136.736
886 324.978 196.727 2 413.089 -129.859
887 334.978 196.727 2 416.69 -250
888 344.978 196.727 2 420.499 -250
889 354.978 196.727 2 424.509 -130.173
890 364.978 196.727 2 428.714 -130.511
891 374.978 196.727 2 433.11 -143.262
892 384.978 196.727 2 437.691 -114.61
893 394.978 196.727 2 442.449 -125.213
894 404.978 196.727 2 447.381 -131.168
895 414.978 196.727 2 452.48 -115.485
896 424.978 196.727 2 457.741 -250
897 434.978 196.727 2 463.158 -250
898 444.978 196.727 2 468.726 -250
899 454.978 196.727 2 474.439 -250
900 464.978 196.727 2 480.292 -250
901 474.978 196.727 2 486.281 -141
902 484.978 196.727 2 492.4 -155.944
903 84.9784 206.727 2 388.993 -106.854
904 94.9784 206.727 2 386.658 -113.749
905 104.978 206.727 2 384.568 -136.437
906 114.978 206.727 2 382.728 -250
907 124.978 206.727 2 381.142 -250
908 134.978 206.727 2 379.813 -105.968
909 144.978 206.727 2 378.743 -102.799
910 154.978 206.727 2 377.935 -104.599
911 164.978 206.727 2 377.39 -114.111
912 174.978 206.727 2 377.11 -119.376
913 184.978 206.727 2 377.095 -125.483
914 194.978 206.727 2 377.345 -117.754
915 204.978 206.727 2 377.859 -109.85
916 214.978 206.727 2 378.637 -99.6856
917 224.978 206.727 2 379.677 -102.663
918 234.978 206.727 2 380.976 -105.634
919 244.978 206.727 2 382.533 -102.961
920 254.978 206.727 2 384.343 -98.3941
921 264.978 206.727 2 386.404 -104.23
922 274.978 206.727 2 388.712 -103.771
923 284.978 206.727 2 391.261 -105.425
924 294.978 206.727 2 394.048 -116.24
925 304.978 206.727 2 397.067 -128.153
926 314.978 206.727 2 400.313 -130.504
927 324.978 206.727 2 403.781 -132.675
928 334.978 206.727 2 407.465 -250
929 344.978 206.727 2 411.359 -250
930 354.978 206.727 2 415.457 -124.135
931 364.978 206.727 2 419.754 -124.851
932 374.978 206.727 2 424.242 -122.861
933 384.978 206.727 2 428.917 -123.972
934 394.978 206.727 2 433.772 -125.646
935 404.978 206.727 2 438.802 -124.138
936 414.978 206.727 2 443.999 -133.186
937 424.978 206.727 2 449.36 -250
938 434.978 206.727 2 454.876 -250
939 444.978 206.727 2 460.544 -250
940 454.978 206.727 2 466.358 -250
941 464.978 206.727 2 472.311 -250
942 474.978 206.727 2 478.4 -139.678
943 484.978 206.727 2 484.618 -160.251
944 84.9784 216.727 2 379.358 -116.247
945 94.9784 216.727 2 376.963 -115.348
946 104.978 216.727 2 374.819 -141.436
947 114.978 216.727 2 372.932 -250
948 124.978 216.727 2 371.304 -250
949 134.978 216.727 2 369.939 -137.249
950 144.978 216.727 2 368.841 -102.929
951 154.978 216.727 2 368.011 -106.235
952 164.978 216.727 2 367.451 -118.809
953 174.978 216.727 2 367.163 -114.395
954 184.978 216.727 2 367.148 -121.046
955 194.978 216.727 2 367.404 -113.854
956 204.978 216.727 2 367.933 -106.589
957 214.978 216.727 2 368.731 -102.921
958 224.978 216.727 2 369.799 -101.326
959 234.978 216.727 2 371.133 -101.428
960 244.978 216.727 2 372.731 -104.757
961 254.978 216.727 2 374.589 -107.81
962 264.978 216.727 2 376.703 -106.113
963 274.978 216.727 2 379.07 -113.803
964 284.978 216.727 2 381.683 -105.777
965 294.978 216.727 2 384.54 -250
966 304.978 216.727 2 387.633 -250
967 314.978 216.727 2 390.957 -250
968 324.978 216.727 2 394.508 -250
969 334.978 216.727 2 398.277 -250
970 344.978 216.727 2 402.26 -250
971 354.978 216.727 2 406.45 -138.044
972 364.978 216.727 2 410.841 -124.675
973 374.978 216.727 2 415.426 -118.074
974 384.978 216.727 2 420.199 -133.435
975 394.978 216.727 2 425.154 -121.74
976 404.978 216.727 2 430.284 -126.277
977 414.978 216.727 2 435.583 -121.604
978 424.978 216.727 2 441.045 -250
979 434.978 216.727 2 446.665 -250
980 444.978 216.727 2 452.436 -250
981 454.978 216.727 2 458.352 -250
982 464.978 216.727 2 464.408 -250
983 474.978 216.727 2 470.599 -123.785
984 484.978 216.727 2 476.919 -124.272
985 84.9784 226.727 2 369.743 -121.123
986 94.9784 226.727 2 367.285 -118.534
987 104.978 226.727 2 365.084 -250
988 114.978 226.727 2 363.146 -250
989 124.978 226.727 2 361.474 -250
990 134.978 226.727 2 360.072 -118.874
991 144.978 226.727 2 358.944 -113.855
992 154.978 226.727 2 358.091 -106.528
993 164.978 226.727 2 357.516 -104.343
994 174.978 226.727 2 357.22 -124.387
995 184.978 226.727 2 357.204 -116.946
996 194.978 226.727 2 357.467 -111.228
997 204.978 226.727 2 358.01 -96.1647
998 214.978 226.727 2 358.831 -102.399
999 224.978 226.727 2 359.928 -100.529
1000 234.978 226.727 2 361.299 -101.892
1001 244.978 226.727 2 362.94 -110.888
1002 254.978 226.727 2 364.848 -112.565
1003 264.978 226.727 2 367.018 -121.295
1004 274.978 226.727 2 369.447 -106.157
1005 284.978 226.727 2 372.128 -108.454
1006 294.978 226.727 2 375.057 -250
1007 304.978 226.727 2 378.228 -250
1008 314.978 226.727 2 381.634 -250
1009 324.978 226.727 2 385.27 -250
1010 334.978 226.727 2 389.129 -250
1011 344.978 226.727 2 393.205 -250
1012 354.978 226.727 2 397.49 -145.605
1013 364.978 226.727 2 401.979 -120.676
1014 374.978 226.727 2 406.664 -128.042
1015 384.978 226.727 2 411.539 -132.593
1016 394.978 226.727 2 416.596 -134.423
1017 404.978 226.727 2 421.831 -126.472
1018 414.978 226.727 2 427.235 -130.683
1019 424.978 226.727 2 432.803 -250
1020 434.978 226.727 2 438.528 -250
1021 444.978 226.727 2 444.404 -250
1022 454.978 226.727 2 450.426 -250
1023 464.978 226.727 2 456.587 -250
1024 474.978 226.727 2 462.883 -172.793
1025 484.978 226.727 2 469.307 -123.972
1026 84.9784 236.727 2 360.148 -111.174
1027 94.9784 236.727 2 357.624 -118.323
1028 104.978 236.727 2 355.364 -116.722
1029 114.978 236.727 2 353.372 -118.538
1030 124.978 236.727 2 351.654 -250
1031 134.978 236.727 2 350.213 -121.087
1032 144.978 236.727 2 349.052 -128.643
1033 154.978 236.727 2 348.175 -121.677
1034 164.978 236.727 2 347.584 -105.185
1035 174.978 236.727 2 347.279 -112.593
1036 184.978 236.727 2 347.263 -119.16
1037 194.978 236.727 2 347.534 -101.503
1038 204.978 236.727 2 348.093 -97.5331
1039 214.978 236.727 2 348.937 -104.222
1040 224.978 236.727 2 350.065 -105.398
1041 234.978 236.727 2 351.474 -104.811
1042 244.978 236.727 2 353.161 -117.778
1043 254.978 236.727 2 355.121 -103.193
1044 264.978 236.727 2 357.35 -110.255
1045 274.978 236.727 2 359.844 -107.689
1046 284.978 236.727 2 362.597 -109.316
1047 294.978 236.727 2 365.602 -250
1048 304.978 236.727 2 368.854 -250
1049 314.978 236.727 2 372.346 -250
1050 324.978 236.727 2 376.072 -250
1051 334.978 236.727 2 380.025 -250
1052 344.978 236.727 2 384.197 -250
1053 354.978 236.727 2 388.582 -129.168
1054 364.978 236.727 2 393.172 -118.531
1055 374.978 236.727 2 397.961 -126.256
1056 384.978 236.727 2 402.941 -136.027
1057 394.978 236.727 2 408.105 -133.68
1058 404.978 236.727 2 413.447 -119.947
1059 414.978 236.727 2 418.959 -250
1060 424.978 236.727 2 424.635 -250
1061 434.978 236.727 2 430.469 -250
1062 444.978 236.727 2 436.454 -250
1063 454.978 236.727 2 442.584 -250
1064 464.978 236.727 2 448.853 -250
1065 474.978 236.727 2 455.255 -154.967
1066 484.978 236.727 2 461.786 -140.726
1067 84.9784 246.727 2 350.576 -111.769
1068 94.9784 246.727 2 347.983 -118.957
1069 104.978 246.727 2 345.66 -116.11
1070 114.978 246.727 2 343.612 -115.208
1071 124.978 246.727 2 341.844 -140.045
1072 134.978 246.727 2 340.362 -120.327
1073 144.978 246.727 2 339.167 -120.997
1074 154.978 246.727 2 338.265 -119.943
1075 164.978 246.727 2 337.656 -104.822
1076 174.978 246.727 2 337.343 -105.258
1077 184.978 246.727 2 337.325 -100.662
1078 194.978 246.727 2 337.605 -96.357
1079 204.978 246.727 2 338.18 -102.269
1080 214.978 246.727 2 339.049 -104.879
1081 224.978 246.727 2 340.209 -103.831
1082 234.978 246.727 2 341.659 -104.25
1083 244.978 246.727 2 343.394 -111.722
1084 254.978 246.727 2 345.41 -112.61
1085 264.978 246.727 2 347.701 -105.641
1086 274.978 246.727 2 350.264 -121.094
1087 284.978 246.727 2 353.091 -126.308
1088 294.978 246.727 2 356.177 -111.185
1089 304.978 246.727 2 359.514 -133.722
1090 314.978 246.727 2 363.096 -122.027
1091 324.978 246.727 2 366.916 -131.086
1092 334.978 246.727 2 370.966 -132.769
1093 344.978 246.727 2 375.239 -122.634
1094 354.978 246.727 2 379.727 -118.491
1095 364.978 246.727 2 384.423 -132.854
1096 374.978 246.727 2 389.319 -155.372
1097 384.978 246.727 2 394.409 -144.933
1098 394.978 246.727 2 399.683 -131.917
1099 404.978 246.727 2 405.136 -121.196
1100 414.978 246.727 2 410.76 -139.792
1101 424.978 246.727 2 416.548 -142.616
1102 434.978 246.727 2 422.493 -143.483
1103 444.978 246.727 2 428.59 -144.405
1104 454.978 246.727 2 434.83 -139.815
1105 464.978 246.727 2 441.21 -146.924
1106 474.978 246.727 2 447.721 -144.281
1107 484.978 246.727 2 454.36 -127.543
1108 84.9784 256.727 2 341.029 -125.331
1109 94.9784 256.727 2 338.362 -115.185
1110 104.978 256.727 2 335.973 -118.913
1111 114.978 256.727 2 333.865 -120.083
1112 124.978 256.727 2 332.046 -122.046
1113 134.978 256.727 2 330.519 -123.76
1114 144.978 256.727 2 329.289 -133.248
1115 154.978 256.727 2 328.36 -116.931
1116 164.978 256.727 2 327.732 -131.324
1117 174.978 256.727 2 327.41 -109.657
1118 184.978 256.727 2 327.392 -109.303
1119 194.978 256.727 2 327.68 -95.2416
1120 204.978 256.727 2 328.272 -100.853
1121 214.978 256.727 2 329.167 -102.407
1122 224.978 256.727 2 330.363 -114.926
1123 234.978 256.727 2 331.855 -106.062
1124 244.978 256.727 2 333.641 -130.011
1125 254.978 256.727 2 335.715 -122.357
1126 264.978 256.727 2 338.073 -117.201
1127 274.978 256.727 2 340.708 -102.466
1128 284.978 256.727 2 343.614 -122.049
1129 294.978 256.727 2 346.784 -126.081
1130 304.978 256.727 2 350.21 -114.519
1131 314.978 256.727 2 353.887 -136.617
1132 324.978 256.727 2 357.805 -143.134
1133 334.978 256.727 2 361.957 -125.471
1134 344.978 256.727 2 366.335 -127.89
1135 354.978 256.727 2 370.931 -118.295
1136 364.978 256.727 2 375.737 -132.227
1137 374.978 256.727 2 380.745 -145.959
1138 384.978 256.727 2 385.947 -125.379
1139 394.978 256.727 2 391.336 -134.834
1140 404.978 256.727 2 396.903 -133.295
1141 414.978 256.727 2 402.642 -119.24
1142 424.978 256.727 2 408.545 -132.831
1143 434.978 256.727 2 414.605 -137.886
1144 444.978 256.727 2 420.816 -140.251
1145 454.978 256.727 2 427.17 -146.228
1146 464.978 256.727 2 433.662 -140.689
1147 474.978 256.727 2 440.286 -153.88
1148 484.978 256.727 2 447.035 -155.987
1149 84.9784 266.727 2 331.508 -119.623
1150 94.9784 266.727 2 328.765 -122.354
1151 104.978 266.727 2 326.305 -113.176
1152 114.978 266.727 2 324.134 -127.338
1153 124.978 266.727 2 322.26 -143.817
1154 134.978 266.727 2 320.687 -250
1155 144.978 266.727 2 319.419 -250
1156 154.978 266.727 2 318.46 -250
1157 164.978 266.727 2 317.814 -250
1158 174.978 266.727 2 317.481 -112.016
1159 184.978 266.727 2 317.463 -93.8908
1160 194.978 266.727 2 317.759 -102.275
1161 204.978 266.727 2 318.37 -101.595
1162 214.978 266.727 2 319.293 -111.226
1163 224.978 266.727 2 320.525 -112.14
1164 234.978 266.727 2 322.064 -111.517
1165 244.978 266.727 2 323.903 -250
1166 254.978 266.727 2 326.04 -250
1167 264.978 266.727 2 328.467 -250
1168 274.978 266.727 2 331.178 -115.371
1169 284.978 266.727 2 334.167 -111.582
1170 294.978 266.727 2 337.425 -250
1171 304.978 266.727 2 340.946 -250
1172 314.978 266.727 2 344.721 -250
1173 324.978 266.727 2 348.742 -250
1174 334.978 266.727 2 353.001 -250
1175 344.978 266.727 2 357.489 -250
1176 354.978 266.727 2 362.197 -250
1177 364.978 266.727 2 367.117 -250
1178 374.978 266.727 2 372.241 -250
1179 384.978 266.727 2 377.561 -250
1180 394.978 266.727 2 383.067 -250
1181 404.978 266.727 2 388.753 -250
1182 414.978 266.727 2 394.611 -250
1183 424.978 266.727 2 400.632 -250
1184 434.978 266.727 2 406.81 -250
1185 444.978 266.727 2 413.138 -250
1186 454.978 266.727 2 419.609 -250
1187 464.978 266.727 2 426.216 -250
1188 474.978 266.727 2 432.953 -128.863
1189 484.978 266.727 2 439.815 -153.008
1190 84.9784 276.727 2 322.017 -118.266
1191 94.9784 276.727 2 319.191 -121.24
1192 104.978 276.727 2 316.657 -110.17
1193 114.978 276.727 2 314.42 -120.668
1194 124.978 276.727 2 312.488 -138.126
1195 134.978 276.727 2 310.865 -250
1196 144.978 276.727 2 309.557 -250
1197 154.978 276.727 2 308.568 -250
1198 164.978 276.727 2 307.9 -250
1199 174.978 276.727 2 307.557 -95.9106
1200 184.978 276.727 2 307.538 -97.487
1201 194.978 276.727 2 307.844 -99.2268
1202 204.978 276.727 2 308.474 -108.66
1203 214.978 276.727 2 309.427 -114.393
1204 224.978 276.727 2 310.698 -105.362
1205 234.978 276.727 2 312.285 -115.937
1206 244.978 276.727 2 314.182 -250
1207 254.978 276.727 2 316.384 -250
1208 264.978 276.727 2 318.885 -250
1209 274.978 276.727 2 321.677 -118.083
1210 284.978 276.727 2 324.753 -113.046
1211 294.978 276.727 2 328.105 -250
1212 304.978 276.727 2 331.725 -250
1213 314.978 276.727 2 335.604 -250
1214 324.978 276.727 2 339.733 -250
1215 334.978 276.727 2 344.103 -250
1216 344.978 276.727 2 348.705 -250
1217 354.978 276.727 2 353.53 -250
1218 364.978 276.727 2 358.57 -250
1219 374.978 276.727 2 363.814 -250
1220 384.978 276.727 2 369.255 -250
1221 394.978 276.727 2 374.884 -250
1222 404.978 276.727 2 380.692 -250
1223 414.978 276.727 2 386.671 -250
1224 424.978 276.727 2 392.814 -250
1225 434.978 276.727 2 399.113 -250
1226 444.978 276.727 2 405.561 -250
1227 454.978 276.727 2 412.151 -250
1228 464.978 276.727 2 418.876 -250
1229 474.978 276.727 2 425.729 -186.583
1230 484.978 276.727 2 432.705 -173.512
1231 84.9784 286.727 2 312.557 -110.828
1232 94.9784 286.727 2 309.645 -123.555
1233 104.978 286.727 2 307.032 -130.121
1234 114.978 286.727 2 304.725 -119.664
1235 124.978 286.727 2 302.73 -146.164
1236 134.978 286.727 2 301.055 -250
1237 144.978 286.727 2 299.704 -250
1238 154.978 286.727 2 298.682 -250
1239 164.978 286.727 2 297.993 -250
1240 174.978 286.727 2 297.637 -101.829
1241 184.978 286.727 2 297.618 -118.051
1242 194.978 286.727 2 297.935 -114.78
1243 204.978 286.727 2 298.586 -114.679
1244 214.978 286.727 2 299.57 -111.357
1245 224.978 286.727 2 300.883 -110.724
1246 234.978 286.727 2 302.521 -123.761
1247 244.978 286.727 2 304.479 -250
1248 254.978 286.727 2 306.751 -250
1249 264.978 286.727 2 309.329 -250
1250 274.978 286.727 2 312.206 -116.94
1251 284.978 286.727 2 315.375 -116.989
1252 294.978 286.727 2 318.826 -250
1253 304.978 286.727 2 322.55 -250
1254 314.978 286.727 2 326.538 -250
1255 324.978 286.727 2 330.78 -250
1256 334.978 286.727 2 335.267 -250
1257 344.978 286.727 2 339.989 -250
1258 354.978 286.727 2 344.936 -250
1259 364.978 286.727 2 350.099 -250
1260 374.978 286.727 2 355.468 -250
1261 384.978 286.727 2 361.035 -250
1262 394.978 286.727 2 366.79 -250
1263 404.978 286.727 2 372.724 -250
1264 414.978 286.727 2 378.829 -250
1265 424.978 286.727 2 385.098 -250
1266 434.978 286.727 2 391.521 -250
1267 444.978 286.727 2 398.092 -250
1268 454.978 286.727 2 404.803 -250
1269 464.978 286.727 2 411.648 -250
1270 474.978 286.727 2 418.62 -169.64
1271 484.978 286.727 2 425.712 -173.68
1272 84.9784 296.727 2 303.132 -124.387
1273 94.9784 296.727 2 300.129 -109.188
1274 104.978 296.727 2 297.432 -119.243
1275 114.978 296.727 2 295.049 -119.681
1276 124.978 296.727 2 292.989 -126.914
1277 134.978 296.727 2 291.258 -250
1278 144.978 296.727 2 289.861 -250
1279 154.978 296.727 2 288.805 -250
1280 164.978 296.727 2 288.091 -250
1281 174.978 296.727 2 287.724 -104.771
1282 184.978 296.727 2 287.704 -106.677
1283 194.978 296.727 2 288.031 -126.979
1284 204.978 296.727 2 288.705 -114.199
1285 214.978 296.727 2 289.722 -107.596
1286 224.978 296.727 2 291.08 -111.352
1287 234.978 296.727 2 292.773 -120.152
1288 244.978 296.727 2 294.796 -250
1289 254.978 296.727 2 297.141 -250
1290 264.978 296.727 2 299.802 -250
1291 274.978 296.727 2 302.77 -122.98
1292 284.978 296.727 2 306.037 -127.58
1293 294.978 296.727 2 309.591 -250
1294 304.978 296.727 2 313.425 -250
1295 314.978 296.727 2 317.528 -250
1296 324.978 296.727 2 321.889 -119.887
1297 334.978 296.727 2 326.498 -128.861
1298 344.978 296.727 2 331.345 -137.548
1299 354.978 296.727 2 336.419 -127.829
1300 364.978 296.727 2 341.711 -135.458
1301 374.978 296.727 2 347.21 -131.586
1302 384.978 296.727 2 352.907 -146.226
1303 394.978 296.727 2 358.792 -136.447
1304 404.978 296.727 2 364.856 -138.072
1305 414.978 296.727 2 371.091 -152.79
1306 424.978 296.727 2 377.488 -153.127
1307 434.978 296.727 2 384.039 -250
1308 444.978 296.727 2 390.735 -250
1309 454.978 296.727 2 397.571 -250
1310 464.978 296.727 2 404.538 -250
1311 474.978 296.727 2 411.63 -163.357
1312 484.978 296.727 2 418.841 -171.273
1313 84.9784 306.727 2 293.744 -120.873
1314 94.9784 306.727 2 290.645 -114.87
1315 104.978 306.727 2 287.859 -122.112
1316 114.978 306.727 2 285.397 -121.62
1317 124.978 306.727 2 283.266 -129.74
1318 134.978 306.727 2 281.475 -250
1319 144.978 306.727 2 280.03 -250
1320 154.978 306.727 2 278.936 -250
1321 164.978 306.727 2 278.197 -250
1322 174.978 306.727 2 277.817 -120.526
1323 184.978 306.727 2 277.796 -114.842
1324 194.978 306.727 2 278.135 -121.923
1325 204.978 306.727 2 278.832 -125.716
1326 214.978 306.727 2 279.886 -102.224
1327 224.978 306.727 2 281.291 -122.031
1328 234.978 306.727 2 283.042 -118.983
1329 244.978 306.727 2 285.134 -250
1330 254.978 306.727 2 287.559 -250
1331 264.978 306.727 2 290.307 -250
1332 274.978 306.727 2 293.372 -118.595
1333 284.978 306.727 2 296.741 -116.019
1334 294.978 306.727 2 300.406 -250
1335 304.978 306.727 2 304.356 -250
1336 314.978 306.727 2 308.579 -250
1337 324.978 306.727 2 313.064 -124.726
1338 334.978 306.727 2 317.802 -250
1339 344.978 306.727 2 322.779 -250
1340 354.978 306.727 2 327.986 -250
1341 364.978 306.727 2 333.412 -118.786
1342 374.978 306.727 2 339.045 -250
1343 384.978 306.727 2 344.877 -250
1344 394.978 306.727 2 350.897 -250
1345 404.978 306.727 2 357.095 -250
1346 414.978 306.727 2 363.463 -250
1347 424.978 306.727 2 369.992 -250
1348 434.978 306.727 2 376.673 -250
1349 444.978 306.727 2 383.499 -250
1350 454.978 306.727 2 390.461 -250
1351 464.978 306.727 2 397.553 -250
1352 474.978 306.727 2 404.767 -134.974
1353 484.978 306.727 2 412.098 -137.339
1354 84.9784 316.727 2 284.399 -146.504
1355 94.9784 316.727 2 281.196 -114.991
1356 104.978 316.727 2 278.316 -115.594
1357 114.978 316.727 2 275.768 -121.511
1358 124.978 316.727 2 273.563 -128.677
1359 134.978 316.727 2 271.708 -250
1360 144.978 316.727 2 270.21 -250
1361 154.978 316.727 2 269.076 -250
1362 164.978 316.727 2 268.311 -250
1363 174.978 316.727 2 267.916 -127.268
1364 184.978 316.727 2 267.895 -128.108
1365 194.978 316.727 2 268.246 -113.192
1366 204.978 316.727 2 268.969 -118.138
1367 214.978 316.727 2 270.061 -98.2248
1368 224.978 316.727 2 271.517 -103.088
1369 234.978 316.727 2 273.331 -118.752
1370 244.978 316.727 2 275.497 -250
1371 254.978 316.727 2 278.005 -250
1372 264.978 316.727 2 280.848 -250
1373 274.978 316.727 2 284.014 -126.998
1374 284.978 316.727 2 287.493 -120.096
1375 294.978 316.727 2 291.275 -250
1376 304.978 316.727 2 295.346 -250
1377 314.978 316.727 2 299.696 -250
1378 324.978 316.727 2 304.313 -120.803
1379 334.978 316.727 2 309.184 -250
1380 344.978 316.727 2 314.298 -250
1381 354.978 316.727 2 319.643 -250
1382 364.978 316.727 2 325.208 -117.723
1383 374.978 316.727 2 330.982 -250
1384 384.978 316.727 2 336.953 -250
1385 394.978 316.727 2 343.112 -250
1386 404.978 316.727 2 349.448 -250
1387 414.978 316.727 2 355.953 -250
1388 424.978 316.727 2 362.617 -250
1389 434.978 316.727 2 369.432 -250
1390 444.978 316.727 2 376.388 -250
1391 454.978 316.727 2 383.48 -250
1392 464.978 316.727 2 390.698 -250
1393 474.978 316.727 2 398.037 -144.545
1394 484.978 316.727 2 405.49 -123.716
1395 84.9784 326.727 2 275.1 -111.592
1396 94.9784 326.727 2 271.787 -111.645
1397 104.978 326.727 2 268.806 -111.077
1398 114.978 326.727 2 266.168 -122.208
1399 124.978 326.727 2 263.882 -123.431
1400 134.978 326.727 2 261.958 -131.241
1401 144.978 326.727 2 260.405 -129.287
1402 154.978 326.727 2 259.228 -126.113
1403 164.978 326.727 2 258.433 -128.811
1404 174.978 326.727 2 258.024 -135.861
1405 184.978 326.727 2 258.001 -120.467
1406 194.978 326.727 2 258.366 -121.613
1407 204.978 326.727 2 259.117 -126.846
1408 214.978 326.727 2 260.25 -112.64
1409 224.978 326.727 2 261.76 -102.917
1410 234.978 326.727 2 263.642 -113.974
1411 244.978 326.727 2 265.886 -128.931
1412 254.978 326.727 2 268.485 -147.07
1413 264.978 326.727 2 271.427 -129.63
1414 274.978 326.727 2 274.702 -119.972
1415 284.978 326.727 2 278.297 -114.529
1416 294.978 326.727 2 282.202 -115.858
1417 304.978 326.727 2 286.403 -123.385
1418 314.978 326.727 2 290.886 -123.264
1419 324.978 326.727 2 295.641 -111.376
1420 334.978 326.727 2 300.652 -114.369
1421 344.978 326.727 2 305.909 -117.404
1422 354.978 326.727 2 311.398 -112.483
1423 364.978 326.727 2 317.108 -108.557
1424 374.978 326.727 2 323.026 -98.6343
1425 384.978 326.727 2 329.142 -99.5869
1426 394.978 326.727 2 335.444 -97.9724
1427 404.978 326.727 2 341.923 -107.449
1428 414.978 326.727 2 348.568 -113.85
1429 424.978 326.727 2 355.371 -116.629
1430 434.978 326.727 2 362.321 -122.02
1431 444.978 326.727 2 369.412 -114.395
1432 454.978 326.727 2 376.635 -117.45
1433 464.978 326.727 2 383.982 -135.697
1434 474.978 326.727 2 391.447 -128.133
1435 484.978 326.727 2 399.023 -125.406
1436 84.9784 336.727 2 265.851 -114.143
1437 94.9784 336.727 2 262.422 -117.22
1438 104.978 336.727 2 259.333 -119.155
1439 114.978 336.727 2 256.597 -134.961
1440 124.978 336.727 2 254.226 -135.833
1441 134.978 336.727 2 252.229 -120.044
1442 144.978 336.727 2 250.615 -124.776
1443 154.978 336.727 2 249.392 -127.132
1444 164.978 336.727 2 248.565 -142.87
1445 174.978 336.727 2 248.139 -130.223
1446 184.978 336.727 2 248.116 -127.796
1447 194.978 336.727 2 248.496 -122.307
1448 204.978 336.727 2 249.276 -123.827
1449 214.978 336.727 2 250.454 -130.653
1450 224.978 336.727 2 252.023 -104.99
1451 234.978 336.727 2 253.976 -103.584
1452 244.978 336.727 2 256.306 -128.551
1453 254.978 336.727 2 259 -148.992
1454 264.978 336.727 2 262.049 -135.61
1455 274.978 336.727 2 265.439 -120.793
1456 284.978 336.727 2 269.159 -115.607
1457 294.978 336.727 2 273.194 -121.266
1458 304.978 336.727 2 277.531 -114.769
1459 314.978 336.727 2 282.156 -111.469
1460 324.978 336.727 2 287.055 -111.641
1461 334.978 336.727 2 292.214 -117.141
1462 344.978 336.727 2 297.619 -106.347
1463 354.978 336.727 2 303.259 -115.743
1464 364.978 336.727 2 309.119 -99.1266
1465 374.978 336.727 2 315.187 -106.846
1466 384.978 336.727 2 321.452 -102.411
1467 394.978 336.727 2 327.902 -106.559
1468 404.978 336.727 2 334.527 -107.781
1469 414.978 336.727 2 341.316 -107.219
1470 424.978 336.727 2 348.26 -115.297
1471 434.978 336.727 2 355.35 -116.194
1472 444.978 336.727 2 362.577 -115.347
1473 454.978 336.727 2 369.933 -118.947
1474 464.978 336.727 2 377.411 -120.216
1475 474.978 336.727 2 385.003 -125.845
1476 484.978 336.727 2 392.704 -138.049
1477 84.9784 346.727 2 256.659 -112.414
1478 94.9784 346.727 2 253.105 -110.025
1479 104.978 346.727 2 249.902 -111.026
1480 114.978 346.727 2 247.061 -250
1481 124.978 346.727 2 244.597 -250
1482 134.978 346.727 2 242.521 -250
1483 144.978 346.727 2 240.842 -250
1484 154.978 346.727 2 239.569 -250
1485 164.978 346.727 2 238.708 -250
1486 174.978 346.727 2 238.265 -250
1487 184.978 346.727 2 238.241 -121.507
1488 194.978 346.727 2 238.636 -111.638
1489 204.978 346.727 2 239.449 -119.353
1490 214.978 346.727 2 240.674 -123.98
1491 224.978 346.727 2 242.307 -129.272
1492 234.978 346.727 2 244.338 -108.348
1493 244.978 346.727 2 246.758 -250
1494 254.978 346.727 2 249.556 -250
1495 264.978 346.727 2 252.718 -250
1496 274.978 346.727 2 256.232 -112.309
1497 284.978 346.727 2 260.084 -125.9
1498 294.978 346.727 2 264.257 -118.16
1499 304.978 346.727 2 268.739 -111.28
1500 314.978 346.727 2 273.512 -116.693
1501 324.978 346.727 2 278.563 -125.974
1502 334.978 346.727 2 283.877 -104.417
1503 344.978 346.727 2 289.438 -121.406
1504 354.978 346.727 2 295.234 -101.749
1505 364.978 346.727 2 301.25 -100.641
1506 374.978 346.727 2 307.473 -98.6596
1507 384.978 346.727 2 313.892 -250
1508 394.978 346.727 2 320.495 -250
1509 404.978 346.727 2 327.269 -250
1510 414.978 346.727 2 334.206 -250
1511 424.978 346.727 2 341.295 -250
1512 434.978 346.727 2 348.526 -250
1513 444.978 346.727 2 355.892 -126.192
1514 454.978 346.727 2 363.384 -250
1515 464.978 346.727 2 370.993 -250
1516 474.978 346.727 2 378.714 -145.442
1517 484.978 346.727 2 386.54 -117.772
1518 84.9784 356.727 2 247.53 -108.63
1519 94.9784 356.727 2 243.843 -107.953
1520 104.978 356.727 2 240.516 -250
1521 114.978 356.727 2 237.563 -250
1522 124.978 356.727 2 235 -250
1523 134.978 356.727 2 232.837 -250
1524 144.978 356.727 2 231.088 -250
1525 154.978 356.727 2 229.761 -250
1526 164.978 356.727 2 228.864 -250
1527 174.978 356.727 2 228.401 -250
1528 184.978 356.727 2 228.376 -146.218
1529 194.978 356.727 2 228.788 -109.335
1530 204.978 356.727 2 229.636 -115.188
1531 214.978 356.727 2 230.914 -123.528
1532 224.978 356.727 2 232.615 -127.559
1533 234.978 356.727 2 234.73 -104.147
1534 244.978 356.727 2 237.248 -250
1535 254.978 356.727 2 240.156 -250
1536 264.978 356.727 2 243.441 -250
1537 274.978 356.727 2 247.087 -118.461
1538 284.978 356.727 2 251.079 -130.126
1539 294.978 356.727 2 255.4 -114.044
1540 304.978 356.727 2 260.034 -109.962
1541 314.978 356.727 2 264.964 -109.758
1542 324.978 356.727 2 270.175 -108.232
1543 334.978 356.727 2 275.65 -118.863
1544 344.978 356.727 2 281.374 -105.099
1545 354.978 356.727 2 287.332 -103.45
1546 364.978 356.727 2 293.51 -102.916
1547 374.978 356.727 2 299.895 -111.326
1548 384.978 356.727 2 306.472 -116.823
1549 394.978 356.727 2 313.231 -250
1550 404.978 356.727 2 320.16 -250
1551 414.978 356.727 2 327.247 -250
1552 424.978 356.727 2 334.484 -250
1553 434.978 356.727 2 341.859 -250
1554 444.978 356.727 2 349.365 -143.861
1555 454.978 356.727 2 356.994 -250
1556 464.978 356.727 2 364.737 -250
1557 474.978 356.727 2 372.588 -137.363
1558 484.978 356.727 2 380.539 -125.868
1559 84.9784 366.727 2 238.47 -107.455
1560 94.9784 366.727 2 234.641 -125.717
1561 104.978 366.727 2 231.181 -250
1562 114.978 366.727 2 228.108 -250
1563 124.978 366.727 2 225.437 -250
1564 134.978 366.727 2 223.182 -250
1565 144.978 366.727 2 221.357 -250
1566 154.978 366.727 2 219.971 -250
1567 164.978 366.727 2 219.034 -250
1568 174.978 366.727 2 218.55 -250
1569 184.978 366.727 2 218.524 -140.585
1570 194.978 366.727 2 218.955 -250
1571 204.978 366.727 2 219.84 -250
1572 214.978 366.727 2 221.174 -250
1573 224.978 366.727 2 222.95 -250
1574 234.978 366.727 2 225.156 -250
1575 244.978 366.727 2 227.78 -250
1576 254.978 366.727 2 230.807 -250
1577 264.978 366.727 2 234.223 -250
1578 274.978 366.727 2 238.011 -112.646
1579 284.978 366.727 2 242.152 -115.83
1580 294.978 366.727 2 246.629 -104.716
1581 304.978 366.727 2 251.425 -110.669
1582 314.978 366.727 2 256.521 -125.223
1583 324.978 366.727 2 261.9 -122.359
1584 334.978 366.727 2 267.544 -100.521
1585 344.978 366.727 2 273.438 -103.582
1586 354.978 366.727 2 279.566 -105.227
1587 364.978 366.727 2 285.911 -114.028
1588 374.978 366.727 2 292.462 -129.446
1589 384.978 366.727 2 299.203 -128.302
1590 394.978 366.727 2 306.122 -250
1591 404.978 366.727 2 313.208 -250
1592 414.978 366.727 2 320.449 -250
1593 424.978 366.727 2 327.836 -250
1594 434.978 366.727 2 335.358 -250
1595 444.978 366.727 2 343.006 -157.09
1596 454.978 366.727 2 350.773 -250
1597 464.978 366.727 2 358.651 -250
1598 474.978 366.727 2 366.632 -125.999
1599 484.978 366.727 2 374.709 -143.528
1600 84.9784 376.727 2 229.488 -111.411
1601 94.9784 376.727 2 225.507 -112.723
1602 104.978 376.727 2 221.905 -250
1603 114.978 376.727 2 218.701 -250
1604 124.978 376.727 2 215.914 -250
1605 134.978 376.727 2 213.559 -250
1606 144.978 376.727 2 211.65 -250
1607 154.978 376.727 2 210.201 -250
1608 164.978 376.727 2 209.219 -250
1609 174.978 376.727 2 208.713 -250
1610 184.978 376.727 2 208.686 -141.573
1611 194.978 376.727 2 209.137 -250
1612 204.978 376.727 2 210.064 -250
1613 214.978 376.727 2 211.46 -250
1614 224.978 376.727 2 213.316 -250
1615 234.978 376.727 2 215.62 -250
1616 244.978 376.727 2 218.359 -250
1617 254.978 376.727 2 221.515 -250
1618 264.978 376.727 2 225.072 -250
1619 274.978 376.727 2 229.011 -116.946
1620 284.978 376.727 2 233.312 -109.532
1621 294.978 376.727 2 237.956 -114.768
1622 304.978 376.727 2 242.923 -114.208
1623 314.978 376.727 2 248.193 -121.664
1624 324.978 376.727 2 253.749 -99.3746
1625 334.978 376.727 2 259.571 -97.6424
1626 344.978 376.727 2 265.642 -101.114
1627 354.978 376.727 2 271.945 -128.224
1628 364.978 376.727 2 278.464 -115.531
1629 374.978 376.727 2 285.186 -110.546
1630 384.978 376.727 2 292.095 -250
1631 394.978 376.727 2 299.179 -250
1632 404.978 376.727 2 306.425 -250
1633 414.978 376.727 2 313.823 -250
1634 424.978 376.727 2 321.362 -250
1635 434.978 376.727 2 329.032 -250
1636 444.978 376.727 2 336.824 -250
1637 454.978 376.727 2 344.73 -250
1638 464.978 376.727 2 352.742 -250
1639 474.978 376.727 2 360.854 -152.335
1640 484.978 376.727 2 369.059 -147.815
1641 84.9784 386.727 2 220.594 -105.315
1642 94.9784 386.727 2 216.45 -104.687
1643 104.978 386.727 2 212.694 -118.699
1644 114.978 386.727 2 209.35 -250
1645 124.978 386.727 2 206.436 -250
1646 134.978 386.727 2 203.971 -250
1647 144.978 386.727 2 201.972 -250
1648 154.978 386.727 2 200.453 -250
1649 164.978 386.727 2 199.424 -250
1650 174.978 386.727 2 198.893 -250
1651 184.978 386.727 2 198.864 -142.235
1652 194.978 386.727 2 199.337 -250
1653 204.978 386.727 2 200.309 -250
1654 214.978 386.727 2 201.773 -250
1655 224.978 386.727 2 203.717 -250
1656 234.978 386.727 2 206.129 -250
1657 244.978 386.727 2 208.992 -250
1658 254.978 386.727 2 212.288 -250
1659 264.978 386.727 2 215.997 -250
1660 274.978 386.727 2 220.098 -109.393
1661 284.978 386.727 2 224.57 -113.871
1662 294.978 386.727 2 229.391 -115.29
1663 304.978 386.727 2 234.539 -118.14
1664 314.978 386.727 2 239.994 -99.6859
1665 324.978 386.727 2 245.735 -99.71
1666 334.978 386.727 2 251.742 -98.2981
1667 344.978 386.727 2 257.997 -135.073
1668 354.978 386.727 2 264.482 -108.599
1669 364.978 386.727 2 271.182 -107.841
1670 374.978 386.727 2 278.079 -122.287
1671 384.978 386.727 2 285.16 -250
1672 394.978 386.727 2 292.412 -250
1673 404.978 386.727 2 299.822 -250
1674 414.978 386.727 2 307.379 -250
1675 424.978 386.727 2 315.072 -250
1676 434.978 386.727 2 322.891 -250
1677 444.978 386.727 2 330.828 -250
1678 454.978 386.727 2 338.874 -250
1679 464.978 386.727 2 347.022 -250
1680 474.978 386.727 2 355.264 -143.419
1681 484.978 386.727 2 363.595 -140.027
1682 84.9784 396.727 2 211.799 -105.711
1683 94.9784 396.727 2 207.479 -112.363
1684 104.978 396.727 2 203.558 -130.951
1685 114.978 396.727 2 200.061 -136.913
1686 124.978 396.727 2 197.01 -130.428
1687 134.978 396.727 2 194.426 -130.332
1688 144.978 396.727 2 192.327 -130.313
1689 154.978 396.727 2 190.731 -114.41
1690 164.978 396.727 2 189.649 -120.344
1691 174.978 396.727 2 189.091 -125.286
1692 184.978 396.727 2 189.06 -109.385
1693 194.978 396.727 2 189.558 -115.356
1694 204.978 396.727 2 190.58 -105.673
1695 214.978 396.727 2 192.118 -112.573
1696 224.978 396.727 2 194.159 -105.285
1697 234.978 396.727 2 196.688 -102.32
1698 244.978 396.727 2 199.686 -250
1699 254.978 396.727 2 203.133 -250
1700 264.978 396.727 2 207.006 -250
1701 274.978 396.727 2 211.282 -105.468
1702 284.978 396.727 2 215.937 -112.796
1703 294.978 396.727 2 220.946 -115.483
1704 304.978 396.727 2 226.286 -101.11
1705 314.978 396.727 2 231.935 -99.0203
1706 324.978 396.727 2 237.871 -115.289
1707 334.978 396.727 2 244.072 -125.544
1708 344.978 396.727 2 250.518 -114.012
1709 354.978 396.727 2 257.192 -110.64
1710 364.978 396.727 2 264.077 -119.195
1711 374.978 396.727 2 271.155 -113.933
1712 384.978 396.727 2 278.412 -250
1713 394.978 396.727 2 285.835 -250
1714 404.978 396.727 2 293.412 -250
1715 414.978 396.727 2 301.129 -250
1716 424.978 396.727 2 308.978 -250
1717 434.978 396.727 2 316.948 -250
1718 444.978 396.727 2 325.03 -250
1719 454.978 396.727 2 333.216 -250
1720 464.978 396.727 2 341.499 -250
1721 474.978 396.727 2 349.871 -148.483
1722 484.978 396.727 2 358.327 -141.252
1723 84.9784 406.727 2 203.116 -104.397
1724 94.9784 406.727 2 198.606 -127.969
1725 104.978 406.727 2 194.507 -134.302
1726 114.978 406.727 2 190.844 -127.723
1727 124.978 406.727 2 187.643 -124.325
1728 134.978 406.727 2 184.928 -129.009
1729 144.978 406.727 2 182.721 -123.059
1730 154.978 406.727 2 181.04 -119.308
1731 164.978 406.727 2 179.899 -113.098
1732 174.978 406.727 2 179.311 -127.244
1733 184.978 406.727 2 179.278 -128.415
1734 194.978 406.727 2 179.803 -116.234
1735 204.978 406.727 2 180.88 -104.827
1736 214.978 406.727 2 182.5 -104.008
1737 224.978 406.727 2 184.647 -104.257
1738 234.978 406.727 2 187.305 -102.748
1739 244.978 406.727 2 190.451 -99.0263
1740 254.978 406.727 2 194.062 -98.4847
1741 264.978 406.727 2 198.113 -93.4767
1742 274.978 406.727 2 202.576 -91.3658
1743 284.978 406.727 2 207.426 -106.872
1744 294.978 406.727 2 212.636 -102.779
1745 304.978 406.727 2 218.18 -97.1326
1746 314.978 406.727 2 224.034 -115.865
1747 324.978 406.727 2 230.173 -127.916
1748 334.978 406.727 2 236.576 -133.983
1749 344.978 406.727 2 243.221 -116.592
1750 354.978 406.727 2 250.09 -116.23
1751 364.978 406.727 2 257.164 -114.488
1752 374.978 406.727 2 264.428 -113.31
1753 384.978 406.727 2 271.865 -117.989
1754 394.978 406.727 2 279.462 -116.347
1755 404.978 406.727 2 287.206 -119.953
1756 414.978 406.727 2 295.086 -127.397
1757 424.978 406.727 2 303.091 -127.132
1758 434.978 406.727 2 311.212 -134.016
1759 444.978 406.727 2 319.439 -145.284
1760 454.978 406.727 2 327.765 -150.199
1761 464.978 406.727 2 336.182 -148.22
1762 474.978 406.727 2 344.684 -138.759
1763 484.978 406.727 2 353.264 -140.328
1764 84.9784 416.727 2 194.558 -101.127
1765 94.9784 416.727 2 189.846 -132.435
1766 104.978 416.727 2 185.553 -122.51
1767 114.978 416.727 2 181.71 -250
1768 124.978 416.727 2 178.345 -250
1769 134.978 416.727 2 175.486 -250
1770 144.978 416.727 2 173.158 -250
1771 154.978 416.727 2 171.384 -113.709
1772 164.978 416.727 2 170.179 -119.105
1773 174.978 416.727 2 169.556 -130.406
1774 184.978 416.727 2 169.522 -119.932
1775 194.978 416.727 2 170.077 -104.956
1776 204.978 416.727 2 171.216 -113.786
1777 214.978 416.727 2 172.926 -154.906
1778 224.978 416.727 2 175.191 -105.504
1779 234.978 416.727 2 177.989 -95.6998
1780 244.978 416.727 2 181.297 -97.94
1781 254.978 416.727 2 185.087 -102.629
1782 264.978 416.727 2 189.329 -127.206
1783 274.978 416.727 2 193.995 -90.6799
1784 284.978 416.727 2 199.054 -94.2727
1785 294.978 416.727 2 204.478 -95.1929
1786 304.978 416.727 2 210.237 -113.21
1787 314.978 416.727 2 216.305 -106.592
1788 324.978 416.727 2 222.658 -130.038
1789 334.978 416.727 2 229.271 -111.413
1790 344.978 416.727 2 236.122 -114.755
1791 354.978 416.727 2 243.191 -126.819
1792 364.978 416.727 2 250.461 -118.246
1793 374.978 416.727 2 257.913 -115.251
1794 384.978 416.727 2 265.532 -119.566
1795 394.978 416.727 2 273.306 -123.523
1796 404.978 416.727 2 281.219 -126.053
1797 414.978 416.727 2 289.263 -120.96
1798 424.978 416.727 2 297.425 -121.634
1799 434.978 416.727 2 305.696 -124.946
1800 444.978 416.727 2 314.067 -133.652
1801 454.978 416.727 2 322.532 -146.908
1802 464.978 416.727 2 331.082 -148.891
1803 474.978 416.727 2 339.711 -137.843
1804 484.978 416.727 2 348.414 -147.957
1805 84.9784 426.727 2 186.145 -109.434
1806 94.9784 426.727 2 181.214 -128.622
1807 104.978 426.727 2 176.711 -127.146
1808 114.978 426.727 2 172.671 -250
1809 124.978 426.727 2 169.127 -250
1810 134.978 426.727 2 166.11 -250
1811 144.978 426.727 2 163.649 -250
1812 154.978 426.727 2 161.769 -117.129
1813 164.978 426.727 2 160.493 -250
1814 174.978 426.727 2 159.832 -250
1815 184.978 426.727 2 159.796 -250
1816 194.978 426.727 2 160.385 -250
1817 204.978 426.727 2 161.591 -250
1818 214.978 426.727 2 163.402 -250
1819 224.978 426.727 2 165.797 -98.7181
1820 234.978 426.727 2 168.752 -250
1821 244.978 426.727 2 172.237 -250
1822 254.978 426.727 2 176.222 -250
1823 264.978 426.727 2 180.673 -250
1824 274.978 426.727 2 185.556 -99.2472
1825 284.978 426.727 2 190.839 -91.3406
1826 294.978 426.727 2 196.489 -91.4697
1827 304.978 426.727 2 202.476 -250
1828 314.978 426.727 2 208.77 -250
1829 324.978 426.727 2 215.345 -250
1830 334.978 426.727 2 222.176 -250
1831 344.978 426.727 2 229.239 -250
1832 354.978 426.727 2 236.514 -250
1833 364.978 426.727 2 243.983 -250
1834 374.978 426.727 2 251.627 -250
1835 384.978 426.727 2 259.431 -250
1836 394.978 426.727 2 267.382 -250
1837 404.978 426.727 2 275.466 -250
1838 414.978 426.727 2 283.672 -250
1839 424.978 426.727 2 291.99 -250
1840 434.978 426.727 2 300.411 -250
1841 444.978 426.727 2 308.926 -250
1842 454.978 426.727 2 317.528 -250
1843 464.978 426.727 2 326.209 -134.781
1844 474.978 426.727 2 334.964 -142.393
1845 484.978 426.727 2 343.787 -250
1846 84.9784 436.727 2 177.896 -116.224
1847 94.9784 436.727 2 172.73 -121.201
1848 104.978 436.727 2 168 -130.806
1849 114.978 436.727 2 163.745 -250
1850 124.978 436.727 2 160.003 -250
1851 134.978 436.727 2 156.81 -250
1852 144.978 436.727 2 154.201 -250
1853 154.978 436.727 2 152.205 -118.774
1854 164.978 436.727 2 150.847 -250
1855 174.978 436.727 2 150.144 -250
1856 184.978 436.727 2 150.106 -250
1857 194.978 436.727 2 150.733 -250
1858 204.978 436.727 2 152.016 -250
1859 214.978 436.727 2 153.939 -250
1860 224.978 436.727 2 156.479 -102.967
1861 234.978 436.727 2 159.607 -250
1862 244.978 436.727 2 163.287 -250
1863 254.978 436.727 2 167.485 -250
1864 264.978 436.727 2 172.162 -250
1865 274.978 436.727 2 177.28 -97.1003
1866 284.978 436.727 2 182.802 -94.2664
1867 294.978 436.727 2 188.693 -101.99
1868 304.978 436.727 2 194.92 -250
1869 314.978 436.727 2 201.45 -250
1870 324.978 436.727 2 208.256 -250
1871 334.978 436.727 2 215.312 -250
1872 344.978 436.727 2 222.593 -250
1873 354.978 436.727 2 230.078 -250
1874 364.978 436.727 2 237.749 -250
1875 374.978 436.727 2 245.587 -250
1876 384.978 436.727 2 253.577 -250
1877 394.978 436.727 2 261.706 -250
1878 404.978 436.727 2 269.96 -250
1879 414.978 436.727 2 278.329 -250
1880 424.978 436.727 2 286.802 -250
1881 434.978 436.727 2 295.371 -250
1882 444.978 436.727 2 304.027 -250
1883 454.978 436.727 2 312.763 -250
1884 464.978 436.727 2 321.573 -139.301
1885 474.978 436.727 2 330.451 -155.278
1886 484.978 436.727 2 339.391 -250
1887 84.9784 446.727 2 169.835 -115.696
1888 94.9784 446.727 2 164.416 -128.118
1889 104.978 446.727 2 159.44 -154.35
1890 114.978 446.727 2 154.95 -250
1891 124.978 446.727 2 150.99 -250
1892 134.978 446.727 2 147.602 -250
1893 144.978 446.727 2 144.827 -250
1894 154.978 446.727 2 142.7 -120.82
1895 164.978 446.727 2 141.251 -250
1896 174.978 446.727 2 140.5 -250
1897 184.978 446.727 2 140.459 -250
1898 194.978 446.727 2 141.129 -250
1899 204.978 446.727 2 142.498 -250
1900 214.978 446.727 2 144.549 -250
1901 224.978 446.727 2 147.251 -100.914
1902 234.978 446.727 2 150.57 -250
1903 244.978 446.727 2 154.466 -250
1904 254.978 446.727 2 158.897 -250
1905 264.978 446.727 2 163.819 -250
1906 274.978 446.727 2 169.19 -101.241
1907 284.978 446.727 2 174.968 -100.666
1908 294.978 446.727 2 181.114 -99.9811
1909 304.978 446.727 2 187.592 -250
1910 314.978 446.727 2 194.368 -250
1911 324.978 446.727 2 201.414 -250
1912 334.978 446.727 2 208.701 -250
1913 344.978 446.727 2 216.205 -250
1914 354.978 446.727 2 223.904 -250
1915 364.978 446.727 2 231.779 -250
1916 374.978 446.727 2 239.812 -250
1917 384.978 446.727 2 247.989 -250
1918 394.978 446.727 2 256.295 -250
1919 404.978 446.727 2 264.718 -250
1920 414.978 446.727 2 273.247 -250
1921 424.978 446.727 2 281.873 -250
1922 434.978 446.727 2 290.587 -250
1923 444.978 446.727 2 299.382 -250
1924 454.978 446.727 2 308.25 -250
1925 464.978 446.727 2 317.185 -137.186
1926 474.978 446.727 2 326.182 -148.84
1927 484.978 446.727 2 335.236 -250
1928 84.9784 456.727 2 161.991 -111.958
1929 94.9784 456.727 2 156.299 -122.4
1930 104.978 456.727 2 151.056 -151.5
1931 114.978 456.727 2 146.31 -250
1932 124.978 456.727 2 142.109 -250
1933 134.978 456.727 2 138.504 -250
1934 144.978 456.727 2 135.543 -250
1935 154.978 456.727 2 133.268 -113.033
1936 164.978 456.727 2 131.715 -250
1937 174.978 456.727 2 130.91 -250
1938 184.978 456.727 2 130.866 -250
1939 194.978 456.727 2 131.584 -250
1940 204.978 456.727 2 133.052 -250
1941 214.978 456.727 2 135.245 -250
1942 224.978 456.727 2 138.13 -111.103
1943 234.978 456.727 2 141.663 -250
1944 244.978 456.727 2 145.797 -250
1945 254.978 456.727 2 150.483 -250
1946 264.978 456.727 2 155.672 -250
1947 274.978 456.727 2 161.314 -99.3698
1948 284.978 456.727 2 167.364 -99.7542
1949 294.978 456.727 2 173.779 -105.114
1950 304.978 456.727 2 180.52 -250
1951 314.978 456.727 2 187.553 -250
1952 324.978 456.727 2 194.845 -250
1953 334.978 456.727 2 202.369 -250
1954 344.978 456.727 2 210.099 -250
1955 354.978 456.727 2 218.014 -250
1956 364.978 456.727 2 226.094 -250
1957 374.978 456.727 2 234.322 -250
1958 384.978 456.727 2 242.684 -250
1959 394.978 456.727 2 251.165 -250
1960 404.978 456.727 2 259.755 -250
1961 414.978 456.727 2 268.442 -250
1962 424.978 456.727 2 277.217 -250
1963 434.978 456.727 2 286.073 -250
1964 444.978 456.727 2 295.002 -250
1965 454.978 456.727 2 303.998 -250
1966 464.978 456.727 2 313.055 -137.895
1967 474.978 456.727 2 322.167 -136.627
1968 484.978 456.727 2 331.331 -250
1969 84.9784 466.727 2 154.396 -101.835
1970 94.9784 466.727 2 148.413 -106.181
1971 104.978 466.727 2 142.881 -127.2
1972 114.978 466.727 2 137.853 -250
1973 124.978 466.727 2 133.387 -250
1974 134.978 466.727 2 129.539 -250
1975 144.978 466.727 2 126.368 -250
1976 154.978 466.727 2 123.925 -113.077
1977 164.978 466.727 2 122.253 -250
1978 174.978 466.727 2 121.385 -250
1979 184.978 466.727 2 121.338 -250
1980 194.978 466.727 2 122.112 -250
1981 204.978 466.727 2 123.693 -250
1982 214.978 466.727 2 126.049 -250
1983 224.978 466.727 2 129.139 -98.9602
1984 234.978 466.727 2 132.911 -250
1985 244.978 466.727 2 137.309 -250
1986 254.978 466.727 2 142.275 -250
1987 264.978 466.727 2 147.752 -250
1988 274.978 466.727 2 153.685 -99.5431
1989 284.978 466.727 2 160.024 -102.855
1990 294.978 466.727 2 166.722 -112.642
1991 304.978 466.727 2 173.737 -250
1992 314.978 466.727 2 181.034 -250
1993 324.978 466.727 2 188.578 -250
1994 334.978 466.727 2 196.342 -250
1995 344.978 466.727 2 204.3 -250
1996 354.978 466.727 2 212.431 -250
1997 364.978 466.727 2 220.716 -250
1998 374.978 466.727 2 229.138 -250
1999 384.978 466.727 2 237.682 -250
2000 394.978 466.727 2 246.335 -250
2001 404.978 466.727 2 255.087 -250
2002 414.978 466.727 2 263.928 -250
2003 424.978 466.727 2 272.849 -250
2004 434.978 466.727 2 281.842 -250
2005 444.978 466.727 2 290.901 -250
2006 454.978 466.727 2 300.02 -250
2007 464.978 466.727 2 309.193 -137.64
2008 474.978 466.727 2 318.416 -139.394
2009 484.978 466.727 2 327.685 -250
2010 84.9784 476.727 2 147.089 -101.222
2011 94.9784 476.727 2 140.796 -100.654
2012 104.978 476.727 2 134.952 -99.0816
2013 114.978 476.727 2 129.617 -106.456
2014 124.978 476.727 2 124.856 -105.944
2015 134.978 476.727 2 120.737 -109.72
2016 144.978 476.727 2 117.328 -112.434
2017 154.978 476.727 2 114.693 -105.679
2018 164.978 476.727 2 112.885 -104.137
2019 174.978 476.727 2 111.944 -121.407
2020 184.978 476.727 2 111.892 -102.569
2021 194.978 476.727 2 112.731 -90.9983
2022 204.978 476.727 2 114.442 -85.9968
2023 214.978 476.727 2 116.984 -96.8723
2024 224.978 476.727 2 120.307 -98.4992
2025 234.978 476.727 2 124.348 -99.8544
2026 244.978 476.727 2 129.038 -103.445
2027 254.978 476.727 2 134.31 -104.751
2028 264.978 476.727 2 140.099 -100.859
2029 274.978 476.727 2 146.343 -102.835
2030 284.978 476.727 2 152.986 -113.027
2031 294.978 476.727 2 159.979 -104.337
2032 304.978 476.727 2 167.277 -250
2033 314.978 476.727 2 174.843 -250
2034 324.978 476.727 2 182.644 -250
2035 334.978 476.727 2 190.649 -250
2036 344.978 476.727 2 198.836 -250
2037 354.978 476.727 2 207.181 -250
2038 364.978 476.727 2 215.668 -250
2039 374.978 476.727 2 224.279 -250
2040 384.978 476.727 2 233.001 -250
2041 394.978 476.727 2 241.822 -250
2042 404.978 476.727 2 250.732 -250
2043 414.978 476.727 2 259.721 -250
2044 424.978 476.727 2 268.781 -250
2045 434.978 476.727 2 277.906 -250
2046 444.978 476.727 2 287.09 -250
2047 454.978 476.727 2 296.326 -250
2048 464.978 476.727 2 305.61 -143.497
2049 474.978 476.727 2 314.938 -123.978
2050 484.978 476.727 2 324.306 -250
2051 84.9784 486.727 2 140.115 -102.397
2052 94.9784 486.727 2 133.494 -100.864
2053 104.978 486.727 2 127.315 -99.1182
2054 114.978 486.727 2 121.645 -104.4
2055 124.978 486.727 2 116.559 -114.619
2056 134.978 486.727 2 112.136 -119.901
2057 144.978 486.727 2 108.457 -125.542
2058 154.978 486.727 2 105.601 -110.846
2059 164.978 486.727 2 103.634 -115.174
2060 174.978 486.727 2 102.608 -107.104
2061 184.978 486.727 2 102.552 -102.264
2062 194.978 486.727 2 103.467 -97.7323
2063 204.978 486.727 2 105.328 -87.6804
2064 214.978 486.727 2 108.085 -89.116
2065 224.978 486.727 2 111.673 -95.6756
2066 234.978 486.727 2 116.014 -105.395
2067 244.978 486.727 2 121.028 -112.044
2068 254.978 486.727 2 126.634 -97.3948
2069 264.978 486.727 2 132.758 -108.436
2070 274.978 486.727 2 139.331 -103.335
2071 284.978 486.727 2 146.293 -106.632
2072 294.978 486.727 2 153.591 -98.2988
2073 304.978 486.727 2 161.179 -95.6008
2074 314.978 486.727 2 169.018 -97.204
2075 324.978 486.727 2 177.075 -102.265
2076 334.978 486.727 2 185.322 -103.101
2077 344.978 486.727 2 193.733 -96.3503
2078 354.978 486.727 2 202.29 -106.071
2079 364.978 486.727 2 210.973 -110.125
2080 374.978 486.727 2 219.768 -116.375
2081 384.978 486.727 2 228.663 -107.016
2082 394.978 486.727 2 237.645 -110.549
2083 404.978 486.727 2 246.705 -111.708
2084 414.978 486.727 2 255.836 -115.772
2085 424.978 486.727 2 265.029 -123.465
2086 434.978 486.727 2 274.279 -124.715
2087 444.978 486.727 2 283.58 -113.108
2088 454.978 486.727 2 292.927 -122.648
2089 464.978 486.727 2 302.315 -118.283
2090 474.978 486.727 2 311.742 -118.298
2091 484.978 486.727 2 321.203 -123.437
2092 84.9784 496.727 2 133.526 -103.338
2093 94.9784 496.727 2 126.561 -106.651
2094 104.978 496.727 2 120.025 -250
2095 114.978 496.727 2 113.994 -250
2096 124.978 496.727 2 108.55 -250
2097 134.978 496.727 2 103.786 -250
2098 144.978 496.727 2 99.7998 -250
2099 154.978 496.727 2 96.6876 -250
2100 164.978 496.727 2 94.5356 -250
2101 174.978 496.727 2 93.4101 -250
2102 184.978 496.727 2 93.3485 -250
2103 194.978 496.727 2 94.3526 -250
2104 204.978 496.727 2 96.3893 -90.5857
2105 214.978 496.727 2 99.3951 -86.296
2106 224.978 496.727 2 103.285 -93.5073
2107 234.978 496.727 2 107.965 -250
2108 244.978 496.727 2 113.335 -250
2109 254.978 496.727 2 119.303 -250
2110 264.978 496.727 2 125.785 -250
2111 274.978 496.727 2 132.704 -106.758
2112 284.978 496.727 2 139.996 -101.447
2113 294.978 496.727 2 147.605 -116.34
2114 304.978 496.727 2 155.485 -123.802
2115 314.978 496.727 2 163.598 -112.017
2116 324.978 496.727 2 171.909 -95.2071
2117 334.978 496.727 2 180.392 -96.2335
2118 344.978 496.727 2 189.023 -98.2919
2119 354.978 496.727 2 197.783 -107.933
2120 364.978 496.727 2 206.656 -100.56
2121 374.978 496.727 2 215.627 -102.171
2122 384.978 496.727 2 224.686 -123.714
2123 394.978 496.727 2 233.821 -115.385
2124 404.978 496.727 2 243.024 -106.93
2125 414.978 496.727 2 252.288 -110.641
2126 424.978 496.727 2 261.606 -114.939
2127 434.978 496.727 2 270.972 -125.758
2128 444.978 496.727 2 280.383 -131.191
2129 454.978 496.727 2 289.833 -120.152
2130 464.978 496.727 2 299.318 -119.365
2131 474.978 496.727 2 308.836 -116.067
2132 484.978 496.727 2 318.384 -118.27
2133 84.9784 506.727 2 127.382 -122.652
2134 94.9784 506.727 2 120.061 -134.064
2135 104.978 506.727 2 113.151 -250
2136 114.978 506.727 2 106.731 -250
2137 124.978 506.727 2 100.896 -250
2138 134.978 506.727 2 95.7525 -250
2139 144.978 506.727 2 91.4168 -250
2140 154.978 506.727 2 88.0086 -250
2141 164.978 506.727 2 85.6387 -250
2142 174.978 506.727 2 84.3947 -250
2143 184.978 506.727 2 84.3265 -250
2144 194.978 506.727 2 85.4367 -250
2145 204.978 506.727 2 87.6808 -89.2793
2146 214.978 506.727 2 90.9747 -91.2984
2147 224.978 506.727 2 95.2097 -88.7998
2148 234.978 506.727 2 100.266 -250
2149 244.978 506.727 2 106.028 -250
2150 254.978 506.727 2 112.385 -250
2151 264.978 506.727 2 119.243 -250
2152 274.978 506.727 2 126.52 -109.074
2153 284.978 506.727 2 134.148 -94.956
2154 294.978 506.727 2 142.071 -250
2155 304.978 506.727 2 150.242 -250
2156 314.978 506.727 2 158.623 -250
2157 324.978 506.727 2 167.182 -250
2158 334.978 506.727 2 175.893 -250
2159 344.978 506.727 2 184.734 -250
2160 354.978 506.727 2 193.688 -250
2161 364.978 506.727 2 202.74 -250
2162 374.978 506.727 2 211.878 -250
2163 384.978 506.727 2 221.09 -250
2164 394.978 506.727 2 230.367 -250
2165 404.978 506.727 2 239.703 -250
2166 414.978 506.727 2 249.09 -250
2167 424.978 506.727 2 258.524 -130.161
2168 434.978 506.727 2 267.998 -116.934
2169 444.978 506.727 2 277.509 -131.479
2170 454.978 506.727 2 287.054 -129.032
2171 464.978 506.727 2 296.628 -117.23
2172 474.978 506.727 2 306.23 -118.671
2173 484.978 506.727 2 315.857 -250
2174 84.9784 516.727 2 121.75 -122.327
2175 94.9784 516.727 2 114.069 -124.812
2176 104.978 516.727 2 106.771 -250
2177 114.978 516.727 2 99.943 -250
2178 124.978 516.727 2 93.6861 -250
2179 134.978 516.727 2 88.1224 -250
2180 144.978 516.727 2 83.3909 -250
2181 154.978 516.727 2 79.64 -250
2182 164.978 516.727 2 77.0131 -250
2183 174.978 516.727 2 75.6273 -250
2184 184.978 516.727 2 75.5511 -250
2185 194.978 516.727 2 76.7884 -250
2186 204.978 516.727 2 79.2776 -87.0732
2187 214.978 516.727 2 82.9061 -86.7684
2188 224.978 516.727 2 87.5323 -89.8604
2189 234.978 516.727 2 93.0074 -250
2190 244.978 516.727 2 99.1911 -250
2191 254.978 516.727 2 105.959 -250
2192 264.978 516.727 2 113.207 -250
2193 274.978 516.727 2 120.848 -103.776
2194 284.978 516.727 2 128.813 -94.8342
2195 294.978 516.727 2 137.045 -250
2196 304.978 516.727 2 145.498 -250
2197 314.978 516.727 2 154.137 -250
2198 324.978 516.727 2 162.932 -250
2199 334.978 516.727 2 171.858 -250
2200 344.978 516.727 2 180.897 -250
2201 354.978 516.727 2 190.032 -250
2202 364.978 516.727 2 199.25 -250
2203 374.978 516.727 2 208.54 -250
2204 384.978 516.727 2 217.894 -250
2205 394.978 516.727 2 227.302 -250
2206 404.978 516.727 2 236.758 -250
2207 414.978 516.727 2 246.258 -250
2208 424.978 516.727 2 255.796 -121.676
2209 434.978 516.727 2 265.368 -119.541
2210 444.978 516.727 2 274.97 -116.722
2211 454.978 516.727 2 284.6 -121.596
2212 464.978 516.727 2 294.254 -127.09
2213 474.978 516.727 2 303.931 -119.251
2214 484.978 516.727 2 313.628 -250
2215 84.9784 526.727 2 116.705 -123.969
2216 94.9784 526.727 2 108.668 -122.222
2217 104.978 526.727 2 100.981 -250
2218 114.978 526.727 2 93.7316 -250
2219 124.978 526.727 2 87.0293 -250
2220 134.978 526.727 2 81.0098 -250
2221 144.978 526.727 2 75.8358 -250
2222 154.978 526.727 2 71.6906 -250
2223 164.978 526.727 2 68.7607 -250
2224 174.978 526.727 2 67.205 -250
2225 184.978 526.727 2 67.1192 -250
2226 194.978 526.727 2 68.5089 -250
2227 204.978 526.727 2 71.2878 -92.3949
2228 214.978 526.727 2 75.3023 -86.5162
2229 224.978 526.727 2 80.3674 -83.3959
2230 234.978 526.727 2 86.2983 -250
2231 244.978 526.727 2 92.9295 -250
2232 254.978 526.727 2 100.122 -250
2233 264.978 526.727 2 107.763 -250
2234 274.978 526.727 2 115.764 -94.7097
2235 284.978 526.727 2 124.056 -96.3914
2236 294.978 526.727 2 132.583 -250
2237 304.978 526.727 2 141.304 -250
2238 314.978 526.727 2 150.184 -250
2239 324.978 526.727 2 159.197 -250
2240 334.978 526.727 2 168.322 -250
2241 344.978 526.727 2 177.541 -250
2242 354.978 526.727 2 186.84 -250
2243 364.978 526.727 2 196.208 -250
2244 374.978 526.727 2 205.636 -250
2245 384.978 526.727 2 215.115 -250
2246 394.978 526.727 2 224.64 -250
2247 404.978 526.727 2 234.204 -250
2248 414.978 526.727 2 243.803 -250
2249 424.978 526.727 2 253.434 -106.509
2250 434.978 526.727 2 263.091 -111.466
2251 444.978 526.727 2 272.774 -113.054
2252 454.978 526.727 2 282.478 -114.741
2253 464.978 526.727 2 292.203 -122.603
2254 474.978 526.727 2 301.945 -114.007
2255 484.978 526.727 2 311.704 -250
2256 84.9784 536.727 2 112.326 -111.179
2257 94.9784 536.727 2 103.95 -117.67
2258 104.978 536.727 2 95.8861 -250
2259 114.978 536.727 2 88.2192 -250
2260 124.978 536.727 2 81.0624 -250
2261 134.978 536.727 2 74.5627 -250
2262 144.978 536.727 2 68.9063 -250
2263 154.978 536.727 2 64.3161 -250
2264 164.978 536.727 2 61.0332 -250
2265 174.978 536.727 2 59.275 -250
2266 184.978 536.727 2 59.1778 -250
2267 194.978 536.727 2 60.7494 -250
2268 204.978 536.727 2 63.8669 -91.8583
2269 214.978 536.727 2 68.3188 -81.422
2270 224.978 536.727 2 73.8643 -76.9322
2271 234.978 536.727 2 80.2772 -250
2272 244.978 536.727 2 87.3665 -250
2273 254.978 536.727 2 94.981 -250
2274 264.978 536.727 2 103.004 -250
2275 274.978 536.727 2 111.348 -92.8471
2276 284.978 536.727 2 119.945 -97.9452
2277 294.978 536.727 2 128.745 -250
2278 304.978 536.727 2 137.709 -250
2279 314.978 536.727 2 146.807 -250
2280 324.978 536.727 2 156.015 -250
2281 334.978 536.727 2 165.316 -250
2282 344.978 536.727 2 174.693 -250
2283 354.978 536.727 2 184.136 -250
2284 364.978 536.727 2 193.635 -250
2285 374.978 536.727 2 203.183 -250
2286 384.978 536.727 2 212.771 -250
2287 394.978 536.727 2 222.396 -250
2288 404.978 536.727 2 232.053 -250
2289 414.978 536.727 2 241.738 -250
2290 424.978 536.727 2 251.447 -94.8104
2291 434.978 536.727 2 261.178 -95.5608
2292 444.978 536.727 2 270.929 -111.191
2293 454.978 536.727 2 280.697 -107.129
2294 464.978 536.727 2 290.482 -105.971
2295 474.978 536.727 2 300.28 -111.432
2296 484.978 536.727 2 310.091 -250
2297 84.9784 546.727 2 108.693 -82.5393
2298 94.9784 546.727 2 100.013 -95.8514
2299 104.978 546.727 2 91.6033 -250
2300 114.978 546.727 2 83.5443 -250
2301 124.978 546.727 2 75.9483 -250
2302 134.978 546.727 2 68.9682 -250
2303 144.978 546.727 2 62.81 -250
2304 154.978 546.727 2 57.7372 -250
2305 164.978 546.727 2 54.0561 -250
2306 174.978 546.727 2 52.0629 -250
2307 184.978 546.727 2 51.9522 -250
2308 194.978 546.727 2 53.7356 -250
2309 204.978 546.727 2 57.2363 -90.5634
2310 214.978 546.727 2 62.1649 -80.0039
2311 224.978 546.727 2 68.2126 -80.0664
2312 234.978 546.727 2 75.1095 -250
2313 244.978 546.727 2 82.6434 -250
2314 254.978 546.727 2 90.6554 -250
2315 264.978 546.727 2 99.0297 -250
2316 274.978 546.727 2 107.682 -96.5328
2317 284.978 546.727 2 116.55 -88.8018
2318 294.978 546.727 2 125.588 -250
2319 304.978 546.727 2 134.762 -250
2320 314.978 546.727 2 144.046 -250
2321 324.978 546.727 2 153.42 -250
2322 334.978 546.727 2 162.869 -250
2323 344.978 546.727 2 172.38 -250
2324 354.978 546.727 2 181.943 -250
2325 364.978 546.727 2 191.551 -250
2326 374.978 546.727 2 201.197 -250
2327 384.978 546.727 2 210.876 -250
2328 394.978 546.727 2 220.584 -250
2329 404.978 546.727 2 230.316 -250
2330 414.978 546.727 2 240.071 -250
2331 424.978 546.727 2 249.845 -92.4834
2332 434.978 546.727 2 259.636 -102.034
2333 444.978 546.727 2 269.443 -90.1789
2334 454.978 546.727 2 279.263 -84.3389
2335 464.978 546.727 2 289.096 -85.5382
2336 474.978 546.727 2 298.94 -88.098
2337 484.978 546.727 2 308.794 -250
2338 84.9784 556.727 2 105.883 -82.9717
2339 94.9784 556.727 2 96.9521 -79.3669
2340 104.978 556.727 2 88.2507 -82.9941
2341 114.978 556.727 2 79.8541 -76.4307
2342 124.978 556.727 2 71.869 -92.1067
2343 134.978 556.727 2 64.4487 -101.205
2344 144.978 556.727 2 57.8111 -87.4093
2345 154.978 556.727 2 52.2552 -83.4481
2346 164.978 556.727 2 48.1569 -83.1223
2347 174.978 556.727 2 45.9082 -85.1394
2348 184.978 556.727 2 45.7826 -80.482
2349 194.978 556.727 2 47.7968 -80.3609
2350 204.978 556.727 2 51.7012 -82.2969
2351 214.978 556.727 2 57.1095 -79.0715
2352 224.978 556.727 2 63.6394 -81.3388
2353 234.978 556.727 2 70.9821 -79.8952
2354 244.978 556.727 2 78.911 -80.6631
2355 254.978 556.727 2 87.2664 -78.1137
2356 264.978 556.727 2 95.937 -83.0453
2357 274.978 556.727 2 104.845 -77.0898
2358 284.978 556.727 2 113.934 -81.6972
2359 294.978 556.727 2 123.164 -83.0473
2360 304.978 556.727 2 132.506 -83.815
2361 314.978 556.727 2 141.938 -82.1597
2362 324.978 556.727 2 151.442 -88.9661
2363 334.978 556.727 2 161.007 -84.8809
2364 344.978 556.727 2 170.622 -81.1471
2365 354.978 556.727 2 180.278 -86.1695
2366 364.978 556.727 2 189.97 -81.1012
2367 374.978 556.727 2 199.693 -81.6096
2368 384.978 556.727 2 209.441 -85.4797
2369 394.978 556.727 2 219.213 -86.9029
2370 404.978 556.727 2 229.004 -87.4132
2371 414.978 556.727 2 238.812 -87.1643
2372 424.978 556.727 2 248.636 -88.8244
2373 434.978 556.727 2 258.473 -89.3258
2374 444.978 556.727 2 268.322 -88.2127
2375 454.978 556.727 2 278.182 -86.0386
2376 464.978 556.727 2 288.051 -87.3648
2377 474.978 556.727 2 297.93 -86.8795
2378 484.978 556.727 2 307.816 -93.767
2379 84.9784 566.727 2 103.963 -81.7701
2380 94.9784 566.727 2 94.8511 -85.9878
2381 104.978 566.727 2 85.9372 -76.6865
2382 114.978 566.727 2 77.2897 -87.5311
2383 124.978 566.727 2 69.0085 -78.5049
2384 134.978 566.727 2 61.2426 -105.234
2385 144.978 566.727 2 54.2138 -77.6329
2386 154.978 566.727 2 48.2454 -82.0722
2387 164.978 566.727 2 43.7733 -86.7769
2388 174.978 566.727 2 41.2866 -85.486
2389 184.978 566.727 2 41.1469 -86.2586
2390 194.978 566.727 2 43.3768 -98.6781
2391 204.978 566.727 2 47.6448 -80.9141
2392 214.978 566.727 2 53.4651 -84.1652
2393 224.978 566.727 2 60.3904 -82.9014
2394 234.978 566.727 2 68.0843 -82.4629
2395 244.978 566.727 2 76.3149 -84.9065
2396 254.978 566.727 2 84.9261 -78.8427
2397 264.978 566.727 2 93.8132 -80.7043
2398 274.978 566.727 2 102.905 -81.8263
2399 284.978 566.727 2 112.151 -83.8494
2400 294.978 566.727 2 121.517 -96.3367
2401 304.978 566.727 2 130.977 -80.7898
2402 314.978 566.727 2 140.511 -84.6898
2403 324.978 566.727 2 150.106 -83.5804
2404 334.978 566.727 2 159.751 -83.9857
2405 344.978 566.727 2 169.437 -86.6878
2406 354.978 566.727 2 179.157 -82.6892
2407 364.978 566.727 2 188.907 -92.6702
2408 374.978 566.727 2 198.681 -80.7561
2409 384.978 566.727 2 208.477 -87.3687
2410 394.978 566.727 2 218.292 -93.293
2411 404.978 566.727 2 228.122 -81.957
2412 414.978 566.727 2 237.967 -82.8999
2413 424.978 566.727 2 247.824 -87.1911
2414 434.978 566.727 2 257.692 -92.4542
2415 444.978 566.727 2 267.57 -89.1763
2416 454.978 566.727 2 277.456 -88.1747
2417 464.978 566.727 2 287.351 -86.4171
2418 474.978 566.727 2 297.253 -90.5539
2419 484.978 566.727 2 307.16 -91.7074
2420 84.9784 576.727 2 102.982 -83.479
2421 94.9784 576.727 2 93.775 -91.5944
2422 104.978 576.727 2 84.748 -77.369
2423 114.978 576.727 2 75.9652 -79.7111
2424 124.978 576.727 2 67.5218 -84.0738
2425 134.978 576.727 2 59.5624 -78.0104
2426 144.978 576.727 2 52.3083 -79.8241
2427 154.978 576.727 2 46.0938 -81.8626
2428 164.978 576.727 2 41.3899 -86.3004
2429 174.978 576.727 2 38.7505 -91.4204
2430 184.978 576.727 2 38.6016 -86.683
2431 194.978 576.727 2 40.9703 -85.799
2432 204.978 576.727 2 45.4648 -83.4592
2433 214.978 576.727 2 51.5319 -76.8641
2434 224.978 576.727 2 58.6857 -82.8607
2435 234.978 576.727 2 66.577 -78.5387
2436 244.978 576.727 2 74.9732 -79.4173
2437 254.978 576.727 2 83.7225 -78.9967
2438 264.978 576.727 2 92.7251 -81.4649
2439 274.978 576.727 2 101.914 -87.3193
2440 284.978 576.727 2 111.243 -81.6499
2441 294.978 576.727 2 120.679 -84.5334
2442 304.978 576.727 2 130.199 -84.2084
2443 314.978 576.727 2 139.787 -84.8032
2444 324.978 576.727 2 149.428 -82.3197
2445 334.978 576.727 2 159.114 -84.1329
2446 344.978 576.727 2 168.837 -85.221
2447 354.978 576.727 2 178.59 -85.3973
2448 364.978 576.727 2 188.369 -85.7172
2449 374.978 576.727 2 198.17 -87.2927
2450 384.978 576.727 2 207.99 -85.4158
2451 394.978 576.727 2 217.826 -90.1096
2452 404.978 576.727 2 227.677 -83.0665
2453 414.978 576.727 2 237.54 -81.8461
2454 424.978 576.727 2 247.414 -86.3162
2455 434.978 576.727 2 257.298 -87.4781
2456 444.978 576.727 2 267.19 -96.0271
2457 454.978 576.727 2 277.09 -82.7183
2458 464.978 576.727 2 286.998 -84.0783
2459 474.978 576.727 2 296.911 -87.2012
2460 484.978 576.727 2 306.83 -92.0632
2461 84.9784 586.727 2 102.967 -88.9075
2462 94.9784 586.727 2 93.7591 -90.2943
2463 104.978 586.727 2 84.7304 -76.3152
2464 114.978 586.727 2 75.9456 -84.7685
2465 124.978 586.727 2 67.4997 -87.0737
2466 134.978 586.727 2 59.5373 -76.4324
2467 144.978 586.727 2 52.2798 -86.1635
2468 154.978 586.727 2 46.0615 -90.3516
2469 164.978 586.727 2 41.3538 -91.782
2470 174.978 586.727 2 38.712 -87.7701
2471 184.978 586.727 2 38.563 -86.6293
2472 194.978 586.727 2 40.9339 -86.9674
2473 204.978 586.727 2 45.432 -80.7137
2474 214.978 586.727 2 51.5029 -85.3393
2475 224.978 586.727 2 58.6603 -86.4639
2476 234.978 586.727 2 66.5546 -78.6001
2477 244.978 586.727 2 74.9533 -79.3507
2478 254.978 586.727 2 83.7047 -79.5786
2479 264.978 586.727 2 92.709 -82.6916
2480 274.978 586.727 2 101.899 -84.3404
2481 284.978 586.727 2 111.229 -85.053
2482 294.978 586.727 2 120.667 -83.7829
2483 304.978 586.727 2 130.188 -83.6327
2484 314.978 586.727 2 139.776 -83.6048
2485 324.978 586.727 2 149.418 -84.4039
2486 334.978 586.727 2 159.105 -84.7317
2487 344.978 586.727 2 168.828 -84.8171
2488 354.978 586.727 2 178.581 -86.071
2489 364.978 586.727 2 188.361 -86.3746
2490 374.978 586.727 2 198.162 -85.7179
2491 384.978 586.727 2 207.983 -87.7411
2492 394.978 586.727 2 217.819 -87.9671
2493 404.978 586.727 2 227.67 -86.4286
2494 414.978 586.727 2 237.534 -84.7495
2495 424.978 586.727 2 247.408 -89.4754
2496 434.978 586.727 2 257.292 -90.847
2497 444.978 586.727 2 267.185 -83.8118
2498 454.978 586.727 2 277.085 -84.8267
2499 464.978 586.727 2 286.992 -85.1267
2500 474.978 586.727 2 296.906 -85.6359
2501 484.978 586.727 2 306.825 -96.6102
