# <Transmitter Set: Tx: 19 tx_ant_grid_80_m - Point 4> 
# <Receiver Set: Rx: 17 rx_ant_grid> 
# <X(m)> <Y(m)> <Z(m)> <Distance(m)> <PathGain(dB)>
1 84.9784 -13.2734 2 305.733 -90.9915
2 94.9784 -13.2734 2 296.076 -90.495
3 104.978 -13.2734 2 286.443 -89.4129
4 114.978 -13.2734 2 276.836 -90.0349
5 124.978 -13.2734 2 267.257 -90.3094
6 134.978 -13.2734 2 257.711 -88.491
7 144.978 -13.2734 2 248.201 -89.801
8 154.978 -13.2734 2 238.73 -89.0423
9 164.978 -13.2734 2 229.304 -87.7768
10 174.978 -13.2734 2 219.929 -89.7641
11 184.978 -13.2734 2 210.612 -87.0017
12 194.978 -13.2734 2 201.36 -88.9034
13 204.978 -13.2734 2 192.183 -87.9452
14 214.978 -13.2734 2 183.093 -85.8678
15 224.978 -13.2734 2 174.102 -89.0516
16 234.978 -13.2734 2 165.227 -90.2055
17 244.978 -13.2734 2 156.488 -87.4384
18 254.978 -13.2734 2 147.908 -86.167
19 264.978 -13.2734 2 139.518 -86.2427
20 274.978 -13.2734 2 131.354 -88.9706
21 284.978 -13.2734 2 123.46 -92.0248
22 294.978 -13.2734 2 115.891 -86.0702
23 304.978 -13.2734 2 108.716 -88.98
24 314.978 -13.2734 2 102.018 -89.471
25 324.978 -13.2734 2 95.8969 -91.5934
26 334.978 -13.2734 2 90.4693 -92.2546
27 344.978 -13.2734 2 85.8672 -95.6336
28 354.978 -13.2734 2 82.2293 -108.367
29 364.978 -13.2734 2 79.6878 -111.521
30 374.978 -13.2734 2 78.3494 -117.959
31 384.978 -13.2734 2 78.2758 -118.937
32 394.978 -13.2734 2 79.4707 -120.508
33 404.978 -13.2734 2 81.8784 -107.304
34 414.978 -13.2734 2 85.3964 -100.224
35 424.978 -13.2734 2 89.8946 -91.0577
36 434.978 -13.2734 2 95.234 -95.5239
37 444.978 -13.2734 2 101.282 -87.2792
38 454.978 -13.2734 2 107.919 -92.983
39 464.978 -13.2734 2 115.043 -85.2341
40 474.978 -13.2734 2 122.57 -88.168
41 484.978 -13.2734 2 130.43 -90.2528
42 84.9784 -3.2734 2 306.055 -90.7427
43 94.9784 -3.2734 2 296.409 -90.5968
44 104.978 -3.2734 2 286.787 -89.0265
45 114.978 -3.2734 2 277.191 -87.0718
46 124.978 -3.2734 2 267.626 -90.054
47 134.978 -3.2734 2 258.093 -88.8305
48 144.978 -3.2734 2 248.597 -88.9959
49 154.978 -3.2734 2 239.142 -89.9219
50 164.978 -3.2734 2 229.734 -87.3217
51 174.978 -3.2734 2 220.377 -89.3745
52 184.978 -3.2734 2 211.079 -86.973
53 194.978 -3.2734 2 201.849 -88.6751
54 204.978 -3.2734 2 192.695 -87.3168
55 214.978 -3.2734 2 183.63 -86.4919
56 224.978 -3.2734 2 174.667 -89.7196
57 234.978 -3.2734 2 165.822 -88.8055
58 244.978 -3.2734 2 157.116 -86.4985
59 254.978 -3.2734 2 148.573 -85.3877
60 264.978 -3.2734 2 140.222 -85.298
61 274.978 -3.2734 2 132.102 -86.9449
62 284.978 -3.2734 2 124.255 -88.291
63 294.978 -3.2734 2 116.738 -83.1919
64 304.978 -3.2734 2 109.619 -86.7324
65 314.978 -3.2734 2 102.979 -91.3268
66 324.978 -3.2734 2 96.9187 -84.9923
67 334.978 -3.2734 2 91.5517 -97.3554
68 344.978 -3.2734 2 87.0069 -94.3343
69 354.978 -3.2734 2 83.4187 -96.1991
70 364.978 -3.2734 2 80.9145 -99.9751
71 374.978 -3.2734 2 79.5967 -117.478
72 384.978 -3.2734 2 79.5244 -115.821
73 394.978 -3.2734 2 80.7007 -102.324
74 404.978 -3.2734 2 83.0728 -98.16
75 414.978 -3.2734 2 86.5423 -92.9239
76 424.978 -3.2734 2 90.9838 -96.7465
77 434.978 -3.2734 2 96.2628 -89.1419
78 444.978 -3.2734 2 102.25 -87.1269
79 454.978 -3.2734 2 108.828 -84.789
80 464.978 -3.2734 2 115.896 -83.4435
81 474.978 -3.2734 2 123.371 -88.2352
82 484.978 -3.2734 2 131.183 -90.1427
83 84.9784 6.7266 2 306.703 -90.5848
84 94.9784 6.7266 2 297.078 -91.3897
85 104.978 6.7266 2 287.478 -108.312
86 114.978 6.7266 2 277.907 -118.249
87 124.978 6.7266 2 268.367 -250
88 134.978 6.7266 2 258.861 -95.8468
89 144.978 6.7266 2 249.394 -86.5304
90 154.978 6.7266 2 239.971 -85.3991
91 164.978 6.7266 2 230.596 -109.429
92 174.978 6.7266 2 221.276 -89.3484
93 184.978 6.7266 2 212.018 -81.4801
94 194.978 6.7266 2 202.83 -84.0628
95 204.978 6.7266 2 193.723 -81.3445
96 214.978 6.7266 2 184.708 -82.1912
97 224.978 6.7266 2 175.799 -84.3146
98 234.978 6.7266 2 167.015 -85.1076
99 244.978 6.7266 2 158.374 -85.8276
100 254.978 6.7266 2 149.903 -85.2276
101 264.978 6.7266 2 141.631 -85.1224
102 274.978 6.7266 2 133.596 -88.3406
103 284.978 6.7266 2 125.842 -108.936
104 294.978 6.7266 2 118.426 -250
105 304.978 6.7266 2 111.415 -250
106 314.978 6.7266 2 104.889 -250
107 324.978 6.7266 2 98.9457 -250
108 334.978 6.7266 2 93.6949 -250
109 344.978 6.7266 2 89.2592 -250
110 354.978 6.7266 2 85.7653 -250
111 364.978 6.7266 2 83.3317 -250
112 374.978 6.7266 2 82.0528 -250
113 384.978 6.7266 2 81.9826 -250
114 394.978 6.7266 2 83.1241 -124.673
115 404.978 6.7266 2 85.429 -99.5637
116 414.978 6.7266 2 88.8065 -94.8862
117 424.978 6.7266 2 93.1401 -88.6729
118 434.978 6.7266 2 98.3034 -96.3348
119 444.978 6.7266 2 104.173 -250
120 454.978 6.7266 2 110.637 -250
121 464.978 6.7266 2 117.597 -250
122 474.978 6.7266 2 124.97 -99.0112
123 484.978 6.7266 2 132.687 -98.4151
124 84.9784 16.7266 2 307.675 -90.733
125 94.9784 16.7266 2 298.081 -91.716
126 104.978 16.7266 2 288.515 -104.914
127 114.978 16.7266 2 278.979 -120.508
128 124.978 16.7266 2 269.477 -250
129 134.978 16.7266 2 260.012 -85.9927
130 144.978 16.7266 2 250.588 -93.2917
131 154.978 16.7266 2 241.212 -89.1832
132 164.978 16.7266 2 231.887 -85.7334
133 174.978 16.7266 2 222.621 -100.34
134 184.978 16.7266 2 213.421 -123.088
135 194.978 16.7266 2 204.296 -250
136 204.978 16.7266 2 195.257 -250
137 214.978 16.7266 2 186.317 -250
138 224.978 16.7266 2 177.489 -250
139 234.978 16.7266 2 168.793 -250
140 244.978 16.7266 2 160.248 -250
141 254.978 16.7266 2 151.881 -250
142 264.978 16.7266 2 143.723 -90.9492
143 274.978 16.7266 2 135.812 -88.6679
144 284.978 16.7266 2 128.193 -105.192
145 294.978 16.7266 2 120.921 -250
146 304.978 16.7266 2 114.063 -250
147 314.978 16.7266 2 107.698 -250
148 324.978 16.7266 2 101.918 -87.0549
149 334.978 16.7266 2 96.8285 -105.674
150 344.978 16.7266 2 92.5431 -250
151 354.978 16.7266 2 89.178 -250
152 364.978 16.7266 2 86.8401 -250
153 374.978 16.7266 2 85.6135 -250
154 384.978 16.7266 2 85.5462 -120.479
155 394.978 16.7266 2 86.6409 -116.133
156 404.978 16.7266 2 88.8545 -94.5921
157 414.978 16.7266 2 92.1065 -93.6201
158 424.978 16.7266 2 96.2917 -89.0821
159 434.978 16.7266 2 101.294 -86.0228
160 444.978 16.7266 2 107 -250
161 454.978 16.7266 2 113.303 -250
162 464.978 16.7266 2 120.108 -250
163 474.978 16.7266 2 127.336 -94.9318
164 484.978 16.7266 2 134.918 -95.3845
165 84.9784 26.7266 2 308.967 -90.3849
166 94.9784 26.7266 2 299.415 -90.9464
167 104.978 26.7266 2 289.893 -89.8
168 114.978 26.7266 2 280.404 -89.0386
169 124.978 26.7266 2 270.951 -96.0335
170 134.978 26.7266 2 261.54 -102.289
171 144.978 26.7266 2 252.174 -109.954
172 154.978 26.7266 2 242.858 -121.597
173 164.978 26.7266 2 233.599 -118.059
174 174.978 26.7266 2 224.404 -126.754
175 184.978 26.7266 2 215.28 -149.254
176 194.978 26.7266 2 206.238 -250
177 204.978 26.7266 2 197.288 -250
178 214.978 26.7266 2 188.444 -250
179 224.978 26.7266 2 179.721 -250
180 234.978 26.7266 2 171.137 -250
181 244.978 26.7266 2 162.716 -250
182 254.978 26.7266 2 154.483 -250
183 264.978 26.7266 2 146.47 -91.8357
184 274.978 26.7266 2 138.715 -89.3767
185 284.978 26.7266 2 131.264 -95.1175
186 294.978 26.7266 2 124.173 -250
187 304.978 26.7266 2 117.505 -250
188 314.978 26.7266 2 111.336 -92.306
189 324.978 26.7266 2 105.756 -86.2511
190 334.978 26.7266 2 100.86 -89.2862
191 344.978 26.7266 2 96.7536 -93.8725
192 354.978 26.7266 2 93.54 -119.371
193 364.978 26.7266 2 91.3138 -250
194 374.978 26.7266 2 90.1482 -250
195 384.978 26.7266 2 90.0843 -92.2412
196 394.978 26.7266 2 91.1244 -97.7627
197 404.978 26.7266 2 93.2317 -90.1004
198 414.978 26.7266 2 96.336 -89.2908
199 424.978 26.7266 2 100.345 -87.7302
200 434.978 26.7266 2 105.155 -84.4911
201 444.978 26.7266 2 110.662 -104.186
202 454.978 26.7266 2 116.767 -250
203 464.978 26.7266 2 123.382 -250
204 474.978 26.7266 2 130.428 -96.5374
205 484.978 26.7266 2 137.84 -95.1471
206 84.9784 36.7266 2 310.576 -90.733
207 94.9784 36.7266 2 301.075 -91.3968
208 104.978 36.7266 2 291.607 -90.9082
209 114.978 36.7266 2 282.176 -88.444
210 124.978 36.7266 2 272.785 -97.6936
211 134.978 36.7266 2 263.439 -106.6
212 144.978 36.7266 2 254.143 -118.609
213 154.978 36.7266 2 244.902 -113.585
214 164.978 36.7266 2 235.724 -123.753
215 174.978 36.7266 2 226.614 -117.677
216 184.978 36.7266 2 217.583 -151.418
217 194.978 36.7266 2 208.641 -141.557
218 204.978 36.7266 2 199.799 -112.403
219 214.978 36.7266 2 191.071 -110.979
220 224.978 36.7266 2 182.473 -250
221 234.978 36.7266 2 174.026 -250
222 244.978 36.7266 2 165.751 -250
223 254.978 36.7266 2 157.677 -250
224 264.978 36.7266 2 149.835 -87.0862
225 274.978 36.7266 2 142.263 -84.1002
226 284.978 36.7266 2 135.009 -100.21
227 294.978 36.7266 2 128.124 -250
228 304.978 36.7266 2 121.673 -250
229 314.978 36.7266 2 115.727 -90.3324
230 324.978 36.7266 2 110.369 -83.0734
231 334.978 36.7266 2 105.687 -85.1889
232 344.978 36.7266 2 101.776 -88.109
233 354.978 36.7266 2 98.7256 -93.063
234 364.978 36.7266 2 96.619 -91.7245
235 374.978 36.7266 2 95.5181 -92.7387
236 384.978 36.7266 2 95.4578 -250
237 394.978 36.7266 2 96.44 -250
238 404.978 36.7266 2 98.4335 -89.5621
239 414.978 36.7266 2 101.379 -84.9413
240 424.978 36.7266 2 105.196 -88.0568
241 434.978 36.7266 2 109.793 -88.8466
242 444.978 36.7266 2 115.079 -84.3252
243 454.978 36.7266 2 120.961 -250
244 464.978 36.7266 2 127.358 -250
245 474.978 36.7266 2 134.196 -93.1683
246 484.978 36.7266 2 141.411 -93.9317
247 84.9784 46.7266 2 312.498 -91.0626
248 94.9784 46.7266 2 303.056 -91.7399
249 104.978 46.7266 2 293.652 -91.6526
250 114.978 46.7266 2 284.289 -87.7137
251 124.978 46.7266 2 274.97 -106.465
252 134.978 46.7266 2 265.701 -123.378
253 144.978 46.7266 2 256.487 -119.381
254 154.978 46.7266 2 247.334 -250
255 164.978 46.7266 2 238.249 -250
256 174.978 46.7266 2 229.24 -250
257 184.978 46.7266 2 220.317 -250
258 194.978 46.7266 2 211.49 -250
259 204.978 46.7266 2 202.772 -90.0388
260 214.978 46.7266 2 194.178 -101.653
261 224.978 46.7266 2 185.724 -107.467
262 234.978 46.7266 2 177.432 -115.867
263 244.978 46.7266 2 169.324 -109.06
264 254.978 46.7266 2 161.428 -86.1452
265 264.978 46.7266 2 153.777 -89.8919
266 274.978 46.7266 2 146.41 -88.4993
267 284.978 46.7266 2 139.371 -91.8071
268 294.978 46.7266 2 132.714 -250
269 304.978 46.7266 2 126.496 -250
270 314.978 46.7266 2 120.788 -250
271 324.978 46.7266 2 115.665 -250
272 334.978 46.7266 2 111.206 -250
273 344.978 46.7266 2 107.496 -250
274 354.978 46.7266 2 104.612 -250
275 364.978 46.7266 2 102.627 -93.7771
276 374.978 46.7266 2 101.591 -89.5097
277 384.978 46.7266 2 101.534 -250
278 394.978 46.7266 2 102.458 -250
279 404.978 46.7266 2 104.337 -97.7715
280 414.978 46.7266 2 107.12 -94.5908
281 424.978 46.7266 2 110.739 -86.0995
282 434.978 46.7266 2 115.116 -84.6869
283 444.978 46.7266 2 120.167 -85.7061
284 454.978 46.7266 2 125.812 -250
285 464.978 46.7266 2 131.974 -250
286 474.978 46.7266 2 138.584 -92.8192
287 484.978 46.7266 2 145.582 -93.7499
288 84.9784 56.7266 2 314.725 -91.1101
289 94.9784 56.7266 2 305.353 -90.8157
290 104.978 56.7266 2 296.022 -92.84
291 114.978 56.7266 2 286.735 -90.5293
292 124.978 56.7266 2 277.499 -88.0899
293 134.978 56.7266 2 268.317 -107.91
294 144.978 56.7266 2 259.196 -99.1343
295 154.978 56.7266 2 250.142 -250
296 164.978 56.7266 2 241.163 -250
297 174.978 56.7266 2 232.267 -250
298 184.978 56.7266 2 223.465 -250
299 194.978 56.7266 2 214.767 -250
300 204.978 56.7266 2 206.188 -88.5798
301 214.978 56.7266 2 197.742 -91.3743
302 224.978 56.7266 2 189.448 -98.9177
303 234.978 56.7266 2 181.326 -93.2691
304 244.978 56.7266 2 173.4 -87.4004
305 254.978 56.7266 2 165.698 -89.5645
306 264.978 56.7266 2 158.254 -84.846
307 274.978 56.7266 2 151.106 -89.9172
308 284.978 56.7266 2 144.296 -94.4243
309 294.978 56.7266 2 137.876 -250
310 304.978 56.7266 2 131.903 -250
311 314.978 56.7266 2 126.439 -250
312 324.978 56.7266 2 121.554 -250
313 334.978 56.7266 2 117.319 -250
314 344.978 56.7266 2 113.808 -250
315 354.978 56.7266 2 111.089 -250
316 364.978 56.7266 2 109.221 -88.3342
317 374.978 56.7266 2 108.249 -90.5063
318 384.978 56.7266 2 108.195 -250
319 394.978 56.7266 2 109.063 -250
320 404.978 56.7266 2 110.83 -88.3229
321 414.978 56.7266 2 113.453 -86.8525
322 424.978 56.7266 2 116.877 -92.4617
323 434.978 56.7266 2 121.032 -90.4447
324 444.978 56.7266 2 125.846 -89.6326
325 454.978 56.7266 2 131.246 -250
326 464.978 56.7266 2 137.164 -250
327 474.978 56.7266 2 143.536 -90.4878
328 484.978 56.7266 2 150.303 -95.134
329 84.9784 66.7266 2 317.252 -93.1067
330 94.9784 66.7266 2 307.957 -90.5725
331 104.978 66.7266 2 298.707 -91.5371
332 114.978 66.7266 2 289.507 -91.0204
333 124.978 66.7266 2 280.362 -86.0891
334 134.978 66.7266 2 271.277 -89.8991
335 144.978 66.7266 2 262.259 -95.5598
336 154.978 66.7266 2 253.314 -108.827
337 164.978 66.7266 2 244.452 -111.193
338 174.978 66.7266 2 235.68 -108.819
339 184.978 66.7266 2 227.01 -89.325
340 194.978 66.7266 2 218.454 -89.4617
341 204.978 66.7266 2 210.025 -87.9273
342 214.978 66.7266 2 201.74 -103.387
343 224.978 66.7266 2 193.617 -87.8663
344 234.978 66.7266 2 185.677 -87.9906
345 244.978 66.7266 2 177.945 -84.7608
346 254.978 66.7266 2 170.449 -85.451
347 264.978 66.7266 2 163.222 -90.9243
348 274.978 66.7266 2 156.301 -93.4823
349 284.978 66.7266 2 149.728 -98.0866
350 294.978 66.7266 2 143.551 -99.7739
351 304.978 66.7266 2 137.824 -95.4068
352 314.978 66.7266 2 132.604 -86.8498
353 324.978 66.7266 2 127.955 -95.8986
354 334.978 66.7266 2 123.939 -94.8643
355 344.978 66.7266 2 120.621 -93.7951
356 354.978 66.7266 2 118.058 -93.3235
357 364.978 66.7266 2 116.303 -86.1656
358 374.978 66.7266 2 115.39 -87.5707
359 384.978 66.7266 2 115.34 -94.129
360 394.978 66.7266 2 116.154 -94.7548
361 404.978 66.7266 2 117.814 -88.3211
362 414.978 66.7266 2 120.286 -87.8741
363 424.978 66.7266 2 123.52 -91.9897
364 434.978 66.7266 2 127.458 -83.11
365 444.978 66.7266 2 132.038 -86.7329
366 454.978 66.7266 2 137.196 -91.086
367 464.978 66.7266 2 142.867 -89.8985
368 474.978 66.7266 2 148.995 -88.8525
369 484.978 66.7266 2 155.525 -113.006
370 84.9784 76.7266 2 320.072 -90.742
371 94.9784 76.7266 2 310.861 -92.6023
372 104.978 76.7266 2 301.7 -87.7371
373 114.978 76.7266 2 292.594 -85.3586
374 124.978 76.7266 2 283.548 -88.0221
375 134.978 76.7266 2 274.569 -89.4654
376 144.978 76.7266 2 265.663 -89.3903
377 154.978 76.7266 2 256.837 -90.6808
378 164.978 76.7266 2 248.1 -87.6964
379 174.978 76.7266 2 239.462 -88.4885
380 184.978 76.7266 2 230.934 -87.5011
381 194.978 76.7266 2 222.529 -89.4528
382 204.978 76.7266 2 214.261 -87.2678
383 214.978 76.7266 2 206.146 -88.9899
384 224.978 76.7266 2 198.203 -93.7025
385 234.978 76.7266 2 190.455 -86.1198
386 244.978 76.7266 2 182.925 -83.5565
387 254.978 76.7266 2 175.642 -90.0161
388 264.978 76.7266 2 168.637 -84.0372
389 274.978 76.7266 2 161.947 -84.4554
390 284.978 76.7266 2 155.613 -84.9832
391 294.978 76.7266 2 149.679 -82.9926
392 304.978 76.7266 2 144.196 -87.5446
393 314.978 76.7266 2 139.215 -84.3803
394 324.978 76.7266 2 134.794 -87.1468
395 334.978 76.7266 2 130.988 -93.7837
396 344.978 76.7266 2 127.853 -84.8723
397 354.978 76.7266 2 125.439 -84.1633
398 364.978 76.7266 2 123.787 -89.8131
399 374.978 76.7266 2 122.93 -88.7597
400 384.978 76.7266 2 122.883 -89.3105
401 394.978 76.7266 2 123.648 -97.2411
402 404.978 76.7266 2 125.209 -87.1396
403 414.978 76.7266 2 127.537 -85.5025
404 424.978 76.7266 2 130.592 -89.3438
405 434.978 76.7266 2 134.323 -83.8468
406 444.978 76.7266 2 138.676 -90.5661
407 454.978 76.7266 2 143.595 -89.4534
408 464.978 76.7266 2 149.024 -94.1761
409 474.978 76.7266 2 154.908 -104.526
410 484.978 76.7266 2 161.199 -93.9516
411 84.9784 86.7266 2 323.176 -126.906
412 94.9784 86.7266 2 314.056 -120.83
413 104.978 86.7266 2 304.991 -250
414 114.978 86.7266 2 295.987 -250
415 124.978 86.7266 2 287.048 -250
416 134.978 86.7266 2 278.182 -86.3038
417 144.978 86.7266 2 269.395 -96.4564
418 154.978 86.7266 2 260.696 -250
419 164.978 86.7266 2 252.093 -250
420 174.978 86.7266 2 243.596 -250
421 184.978 86.7266 2 235.218 -90.642
422 194.978 86.7266 2 226.972 -87.7515
423 204.978 86.7266 2 218.871 -87.7804
424 214.978 86.7266 2 210.934 -101.532
425 224.978 86.7266 2 203.179 -250
426 234.978 86.7266 2 195.627 -250
427 244.978 86.7266 2 188.304 -250
428 254.978 86.7266 2 181.237 -83.2718
429 264.978 86.7266 2 174.458 -85.3994
430 274.978 86.7266 2 168 -89.0927
431 284.978 86.7266 2 161.903 -86.4822
432 294.978 86.7266 2 156.208 -84.6655
433 304.978 86.7266 2 150.962 -86.2756
434 314.978 86.7266 2 146.212 -96.4212
435 324.978 86.7266 2 142.008 -84.0526
436 334.978 86.7266 2 138.401 -89.243
437 344.978 86.7266 2 135.438 -85.5978
438 354.978 86.7266 2 133.161 -82.7812
439 364.978 86.7266 2 131.607 -92.7323
440 374.978 86.7266 2 130.801 -87.667
441 384.978 86.7266 2 130.757 -250
442 394.978 86.7266 2 131.475 -250
443 404.978 86.7266 2 132.945 -250
444 414.978 86.7266 2 135.14 -89.3059
445 424.978 86.7266 2 138.026 -91.0411
446 434.978 86.7266 2 141.562 -84.519
447 444.978 86.7266 2 145.699 -250
448 454.978 86.7266 2 150.388 -250
449 464.978 86.7266 2 155.58 -250
450 474.978 86.7266 2 161.225 -105.466
451 484.978 86.7266 2 167.279 -84.7963
452 84.9784 96.7266 2 326.558 -109.594
453 94.9784 96.7266 2 317.535 -105.787
454 104.978 96.7266 2 308.572 -92.8804
455 114.978 96.7266 2 299.675 -101.65
456 124.978 96.7266 2 290.85 -113.357
457 134.978 96.7266 2 282.103 -112.483
458 144.978 96.7266 2 273.442 -110.355
459 154.978 96.7266 2 264.876 -250
460 164.978 96.7266 2 256.413 -250
461 174.978 96.7266 2 248.065 -250
462 184.978 96.7266 2 239.843 -90.3204
463 194.978 96.7266 2 231.761 -250
464 204.978 96.7266 2 223.834 -250
465 214.978 96.7266 2 216.079 -250
466 224.978 96.7266 2 208.515 -250
467 234.978 96.7266 2 201.164 -250
468 244.978 96.7266 2 194.05 -250
469 254.978 96.7266 2 187.201 -250
470 264.978 96.7266 2 180.645 -250
471 274.978 96.7266 2 174.416 -89.7657
472 284.978 96.7266 2 168.551 -83.5045
473 294.978 96.7266 2 163.089 -93.0527
474 304.978 96.7266 2 158.071 -85.1265
475 314.978 96.7266 2 153.541 -86.5724
476 324.978 96.7266 2 149.544 -82.9662
477 334.978 96.7266 2 146.123 -87.3797
478 344.978 96.7266 2 143.319 -91.2702
479 354.978 96.7266 2 141.17 -88.5733
480 364.978 96.7266 2 139.704 -84.1518
481 374.978 96.7266 2 138.945 -91.4744
482 384.978 96.7266 2 138.904 -250
483 394.978 96.7266 2 139.581 -250
484 404.978 96.7266 2 140.966 -250
485 414.978 96.7266 2 143.038 -113.257
486 424.978 96.7266 2 145.768 -90.6842
487 434.978 96.7266 2 149.12 -86.1281
488 444.978 96.7266 2 153.053 -250
489 454.978 96.7266 2 157.524 -250
490 464.978 96.7266 2 162.487 -250
491 474.978 96.7266 2 167.901 -94.2603
492 484.978 96.7266 2 173.721 -86.6241
493 84.9784 106.727 2 330.207 -101.289
494 94.9784 106.727 2 321.287 -104.425
495 104.978 106.727 2 312.432 -88.8417
496 114.978 106.727 2 303.648 -98.9685
497 124.978 106.727 2 294.942 -109.657
498 134.978 106.727 2 286.32 -119.406
499 144.978 106.727 2 277.791 -103.205
500 154.978 106.727 2 269.363 -250
501 164.978 106.727 2 261.045 -250
502 174.978 106.727 2 252.85 -250
503 184.978 106.727 2 244.789 -99.668
504 194.978 106.727 2 236.876 -250
505 204.978 106.727 2 229.126 -250
506 214.978 106.727 2 221.556 -250
507 224.978 106.727 2 214.186 -250
508 234.978 106.727 2 207.036 -250
509 244.978 106.727 2 200.131 -250
510 254.978 106.727 2 193.497 -250
511 264.978 106.727 2 187.162 -250
512 274.978 106.727 2 181.157 -83.0492
513 284.978 106.727 2 175.518 -87.3133
514 294.978 106.727 2 170.279 -84.6881
515 304.978 106.727 2 165.48 -90.9507
516 314.978 106.727 2 161.158 -86.4303
517 324.978 106.727 2 157.354 -86.4501
518 334.978 106.727 2 154.107 -87.643
519 344.978 106.727 2 151.451 -85.8303
520 354.978 106.727 2 149.418 -86.9047
521 364.978 106.727 2 148.035 -90.8032
522 374.978 106.727 2 147.319 -89.318
523 384.978 106.727 2 147.28 -250
524 394.978 106.727 2 147.918 -250
525 404.978 106.727 2 149.226 -250
526 414.978 106.727 2 151.185 -112.116
527 424.978 106.727 2 153.77 -90.7144
528 434.978 106.727 2 156.951 -86.4045
529 444.978 106.727 2 160.693 -250
530 454.978 106.727 2 164.957 -250
531 464.978 106.727 2 169.703 -250
532 474.978 106.727 2 174.893 -94.266
533 484.978 106.727 2 180.489 -91.7746
534 84.9784 116.727 2 334.117 -91.6961
535 94.9784 116.727 2 325.303 -96.7906
536 104.978 116.727 2 316.561 -128.52
537 114.978 116.727 2 307.895 -250
538 124.978 116.727 2 299.312 -250
539 134.978 116.727 2 290.82 -250
540 144.978 116.727 2 282.427 -250
541 154.978 116.727 2 274.141 -250
542 164.978 116.727 2 265.973 -250
543 174.978 116.727 2 257.935 -250
544 184.978 116.727 2 250.037 -110.649
545 194.978 116.727 2 242.296 -250
546 204.978 116.727 2 234.725 -250
547 214.978 116.727 2 227.341 -250
548 224.978 116.727 2 220.165 -250
549 234.978 116.727 2 213.216 -250
550 244.978 116.727 2 206.518 -250
551 254.978 116.727 2 200.095 -250
552 264.978 116.727 2 193.976 -250
553 274.978 116.727 2 188.189 -88.5683
554 284.978 116.727 2 182.766 -82.9466
555 294.978 116.727 2 177.741 -86.9997
556 304.978 116.727 2 173.149 -87.34
557 314.978 116.727 2 169.024 -104.416
558 324.978 116.727 2 165.401 -250
559 334.978 116.727 2 162.314 -250
560 344.978 116.727 2 159.795 -250
561 354.978 116.727 2 157.87 -250
562 364.978 116.727 2 156.561 -250
563 374.978 116.727 2 155.884 -250
564 384.978 116.727 2 155.847 -250
565 394.978 116.727 2 156.451 -250
566 404.978 116.727 2 157.687 -250
567 414.978 116.727 2 159.542 -250
568 424.978 116.727 2 161.995 -90.3822
569 434.978 116.727 2 165.017 -83.73
570 444.978 116.727 2 168.58 -250
571 454.978 116.727 2 172.649 -250
572 464.978 116.727 2 177.19 -250
573 474.978 116.727 2 182.167 -93.1673
574 484.978 116.727 2 187.545 -91.7225
575 84.9784 126.727 2 338.276 -107.017
576 94.9784 126.727 2 329.575 -115.637
577 104.978 126.727 2 320.948 -137.03
578 114.978 126.727 2 312.404 -250
579 124.978 126.727 2 303.949 -250
580 134.978 126.727 2 295.59 -250
581 144.978 126.727 2 287.336 -250
582 154.978 126.727 2 279.196 -250
583 164.978 126.727 2 271.18 -250
584 174.978 126.727 2 263.301 -250
585 184.978 126.727 2 255.569 -119.54
586 194.978 126.727 2 248 -133.181
587 204.978 126.727 2 240.609 -111.697
588 214.978 126.727 2 233.412 -130.596
589 224.978 126.727 2 226.428 -250
590 234.978 126.727 2 219.677 -250
591 244.978 126.727 2 213.182 -250
592 254.978 126.727 2 206.966 -97.3469
593 264.978 126.727 2 201.056 -94.7902
594 274.978 126.727 2 195.479 -87.9787
595 284.978 126.727 2 190.264 -101.561
596 294.978 126.727 2 185.443 -85.0322
597 304.978 126.727 2 181.046 -85.197
598 314.978 126.727 2 177.104 -125.528
599 324.978 126.727 2 173.65 -250
600 334.978 126.727 2 170.713 -250
601 344.978 126.727 2 168.319 -250
602 354.978 126.727 2 166.493 -250
603 364.978 126.727 2 165.253 -250
604 374.978 126.727 2 164.611 -250
605 384.978 126.727 2 164.576 -250
606 394.978 126.727 2 165.148 -250
607 404.978 126.727 2 166.32 -250
608 414.978 126.727 2 168.08 -250
609 424.978 126.727 2 170.409 -105.532
610 434.978 126.727 2 173.285 -85.2793
611 444.978 126.727 2 176.681 -250
612 454.978 126.727 2 180.568 -250
613 464.978 126.727 2 184.914 -250
614 474.978 126.727 2 189.688 -91.9485
615 484.978 126.727 2 194.859 -92.8143
616 84.9784 136.727 2 342.678 -104.303
617 94.9784 136.727 2 334.09 -110.865
618 104.978 136.727 2 325.584 -138.316
619 114.978 136.727 2 317.165 -112.75
620 124.978 136.727 2 308.84 -116.744
621 134.978 136.727 2 300.617 -250
622 144.978 136.727 2 292.504 -250
623 154.978 136.727 2 284.512 -250
624 164.978 136.727 2 276.651 -250
625 174.978 136.727 2 268.932 -250
626 184.978 136.727 2 261.367 -122.88
627 194.978 136.727 2 253.971 -123.439
628 204.978 136.727 2 246.758 -120.649
629 214.978 136.727 2 239.746 -102.977
630 224.978 136.727 2 232.952 -250
631 234.978 136.727 2 226.396 -250
632 244.978 136.727 2 220.099 -250
633 254.978 136.727 2 214.084 -96.5563
634 264.978 136.727 2 208.376 -86.9458
635 274.978 136.727 2 203 -88.8303
636 284.978 136.727 2 197.984 -83.8615
637 294.978 136.727 2 193.355 -84.7616
638 304.978 136.727 2 189.142 -101.023
639 314.978 136.727 2 185.373 -109.804
640 324.978 136.727 2 182.076 -250
641 334.978 136.727 2 179.276 -250
642 344.978 136.727 2 176.998 -250
643 354.978 136.727 2 175.262 -250
644 364.978 136.727 2 174.085 -250
645 374.978 136.727 2 173.476 -250
646 384.978 136.727 2 173.443 -250
647 394.978 136.727 2 173.985 -250
648 404.978 136.727 2 175.098 -250
649 414.978 136.727 2 176.771 -250
650 424.978 136.727 2 178.987 -96.0954
651 434.978 136.727 2 181.727 -95.1068
652 444.978 136.727 2 184.968 -250
653 454.978 136.727 2 188.684 -250
654 464.978 136.727 2 192.848 -250
655 474.978 136.727 2 197.43 -90.0325
656 484.978 136.727 2 202.404 -88.3626
657 84.9784 146.727 2 347.311 -92.9278
658 94.9784 146.727 2 338.841 -100.292
659 104.978 146.727 2 330.457 -113.744
660 114.978 146.727 2 322.165 -108.287
661 124.978 146.727 2 313.973 -115.14
662 134.978 146.727 2 305.888 -115.634
663 144.978 146.727 2 297.919 -115.958
664 154.978 146.727 2 290.076 -113.828
665 164.978 146.727 2 282.37 -114.251
666 174.978 146.727 2 274.811 -131.967
667 184.978 146.727 2 267.413 -120.881
668 194.978 146.727 2 260.189 -113.191
669 204.978 146.727 2 253.154 -127.427
670 214.978 146.727 2 246.323 -126.117
671 224.978 146.727 2 239.716 -101.247
672 234.978 146.727 2 233.35 -111.068
673 244.978 146.727 2 227.246 -96.3818
674 254.978 146.727 2 221.425 -101.479
675 264.978 146.727 2 215.911 -87.5111
676 274.978 146.727 2 210.728 -87.2373
677 284.978 146.727 2 205.899 -90.0016
678 294.978 146.727 2 201.452 -87.0727
679 304.978 146.727 2 197.412 -90.8967
680 314.978 146.727 2 193.804 -101.899
681 324.978 146.727 2 190.653 -116.53
682 334.978 146.727 2 187.981 -118.326
683 344.978 146.727 2 185.81 -119.384
684 354.978 146.727 2 184.157 -98.7047
685 364.978 146.727 2 183.037 -106.908
686 374.978 146.727 2 182.458 -108.399
687 384.978 146.727 2 182.426 -106.715
688 394.978 146.727 2 182.942 -113.061
689 404.978 146.727 2 184.001 -102.354
690 414.978 146.727 2 185.593 -107.347
691 424.978 146.727 2 187.705 -91.7074
692 434.978 146.727 2 190.32 -86.7942
693 444.978 146.727 2 193.417 -91.6885
694 454.978 146.727 2 196.974 -99.4101
695 464.978 146.727 2 200.966 -98.3137
696 474.978 146.727 2 205.367 -109.356
697 484.978 146.727 2 210.153 -91.5701
698 84.9784 156.727 2 352.168 -89.7263
699 94.9784 156.727 2 343.817 -98.934
700 104.978 156.727 2 335.558 -102.843
701 114.978 156.727 2 327.395 -105.557
702 124.978 156.727 2 319.337 -105.836
703 134.978 156.727 2 311.391 -122.4
704 144.978 156.727 2 303.567 -112.843
705 154.978 156.727 2 295.874 -125.085
706 164.978 156.727 2 288.322 -114.581
707 174.978 156.727 2 280.924 -111.285
708 184.978 156.727 2 273.691 -124.313
709 194.978 156.727 2 266.637 -115.341
710 204.978 156.727 2 259.776 -113.824
711 214.978 156.727 2 253.125 -108.291
712 224.978 156.727 2 246.7 -118.071
713 234.978 156.727 2 240.519 -110.466
714 244.978 156.727 2 234.601 -103.478
715 254.978 156.727 2 228.968 -85.4419
716 264.978 156.727 2 223.64 -87.8861
717 274.978 156.727 2 218.639 -88.2797
718 284.978 156.727 2 213.99 -86.6641
719 294.978 156.727 2 209.714 -98.2511
720 304.978 156.727 2 205.836 -91.514
721 314.978 156.727 2 202.378 -97.6203
722 324.978 156.727 2 199.363 -126.386
723 334.978 156.727 2 196.81 -116.215
724 344.978 156.727 2 194.737 -116.347
725 354.978 156.727 2 193.16 -102.241
726 364.978 156.727 2 192.092 -105.502
727 374.978 156.727 2 191.541 -107.875
728 384.978 156.727 2 191.511 -112.392
729 394.978 156.727 2 192.002 -121.079
730 404.978 156.727 2 193.011 -98.3409
731 414.978 156.727 2 194.53 -104.677
732 424.978 156.727 2 196.546 -101.289
733 434.978 156.727 2 199.045 -88.6296
734 444.978 156.727 2 202.008 -89.8407
735 454.978 156.727 2 205.416 -110.465
736 464.978 156.727 2 209.247 -93.1457
737 474.978 156.727 2 213.478 -92.9876
738 484.978 156.727 2 218.085 -96.3265
739 84.9784 166.727 2 357.238 -94.4137
740 94.9784 166.727 2 349.009 -89.3656
741 104.978 166.727 2 340.875 -93.0834
742 114.978 166.727 2 332.843 -105.719
743 124.978 166.727 2 324.92 -116.52
744 134.978 166.727 2 317.114 -125.568
745 144.978 166.727 2 309.435 -124.01
746 154.978 166.727 2 301.891 -105.025
747 164.978 166.727 2 294.494 -113.619
748 174.978 166.727 2 287.255 -105.218
749 184.978 166.727 2 280.185 -113.321
750 194.978 166.727 2 273.299 -115.063
751 204.978 166.727 2 266.61 -115.644
752 214.978 166.727 2 260.133 -115.683
753 224.978 166.727 2 253.885 -250
754 234.978 166.727 2 247.883 -114.677
755 244.978 166.727 2 242.146 -250
756 254.978 166.727 2 236.692 -250
757 264.978 166.727 2 231.542 -250
758 274.978 166.727 2 226.716 -86.8039
759 284.978 166.727 2 222.235 -90.9694
760 294.978 166.727 2 218.122 -250
761 304.978 166.727 2 214.396 -250
762 314.978 166.727 2 211.078 -250
763 324.978 166.727 2 208.189 -250
764 334.978 166.727 2 205.745 -250
765 344.978 166.727 2 203.763 -250
766 354.978 166.727 2 202.257 -102.217
767 364.978 166.727 2 201.237 -110.808
768 374.978 166.727 2 200.711 -250
769 384.978 166.727 2 200.682 -113.352
770 394.978 166.727 2 201.151 -97.8186
771 404.978 166.727 2 202.115 -92.9509
772 414.978 166.727 2 203.565 -105.236
773 424.978 166.727 2 205.493 -92.6058
774 434.978 166.727 2 207.884 -90.3031
775 444.978 166.727 2 210.723 -250
776 454.978 166.727 2 213.993 -250
777 464.978 166.727 2 217.672 -250
778 474.978 166.727 2 221.743 -110.055
779 484.978 166.727 2 226.182 -89.8875
780 84.9784 176.727 2 362.513 -93.7185
781 94.9784 176.727 2 354.407 -90.8119
782 104.978 176.727 2 346.4 -88.2666
783 114.978 176.727 2 338.499 -95.9787
784 124.978 176.727 2 330.711 -96.2377
785 134.978 176.727 2 323.046 -95.7593
786 144.978 176.727 2 315.511 -95.8427
787 154.978 176.727 2 308.116 -96.0023
788 164.978 176.727 2 300.872 -103.227
789 174.978 176.727 2 293.79 -105.01
790 184.978 176.727 2 286.881 -124.752
791 194.978 176.727 2 280.159 -106.488
792 204.978 176.727 2 273.638 -101.99
793 214.978 176.727 2 267.332 -110.626
794 224.978 176.727 2 261.256 -250
795 234.978 176.727 2 255.428 -109.948
796 244.978 176.727 2 249.863 -250
797 254.978 176.727 2 244.582 -250
798 264.978 176.727 2 239.601 -250
799 274.978 176.727 2 234.941 -94.8306
800 284.978 176.727 2 230.62 -89.4799
801 294.978 176.727 2 226.659 -250
802 304.978 176.727 2 223.075 -250
803 314.978 176.727 2 219.889 -250
804 324.978 176.727 2 217.116 -250
805 334.978 176.727 2 214.774 -250
806 344.978 176.727 2 212.877 -250
807 354.978 176.727 2 211.436 -102.978
808 364.978 176.727 2 210.46 -110.277
809 374.978 176.727 2 209.957 -250
810 384.978 176.727 2 209.93 -95.1947
811 394.978 176.727 2 210.378 -93.498
812 404.978 176.727 2 211.299 -102.665
813 414.978 176.727 2 212.687 -89.7945
814 424.978 176.727 2 214.533 -93.3378
815 434.978 176.727 2 216.825 -94.5398
816 444.978 176.727 2 219.548 -250
817 454.978 176.727 2 222.688 -250
818 464.978 176.727 2 226.226 -250
819 474.978 176.727 2 230.145 -105.572
820 484.978 176.727 2 234.425 -84.4812
821 84.9784 186.727 2 367.985 -91.8179
822 94.9784 186.727 2 360.002 -92.7425
823 104.978 186.727 2 352.122 -89.0318
824 114.978 186.727 2 344.352 -88.8281
825 124.978 186.727 2 336.7 -89.727
826 134.978 186.727 2 329.174 -89.7508
827 144.978 186.727 2 321.782 -89.8578
828 154.978 186.727 2 314.535 -91.8582
829 164.978 186.727 2 307.442 -98.3744
830 174.978 186.727 2 300.515 -100.71
831 184.978 186.727 2 293.765 -108.436
832 194.978 186.727 2 287.204 -103.185
833 204.978 186.727 2 280.847 -100.855
834 214.978 186.727 2 274.706 -113.336
835 224.978 186.727 2 268.797 -250
836 234.978 186.727 2 263.135 -111.791
837 244.978 186.727 2 257.738 -250
838 254.978 186.727 2 252.621 -250
839 264.978 186.727 2 247.802 -250
840 274.978 186.727 2 243.299 -84.7493
841 284.978 186.727 2 239.129 -95.1975
842 294.978 186.727 2 235.311 -110.566
843 304.978 186.727 2 231.861 -118.971
844 314.978 186.727 2 228.797 -124.766
845 324.978 186.727 2 226.134 -126.88
846 334.978 186.727 2 223.886 -250
847 344.978 186.727 2 222.067 -250
848 354.978 186.727 2 220.685 -250
849 364.978 186.727 2 219.751 -250
850 374.978 186.727 2 219.269 -250
851 384.978 186.727 2 219.243 -100.951
852 394.978 186.727 2 219.672 -93.3545
853 404.978 186.727 2 220.555 -91.1197
854 414.978 186.727 2 221.885 -110.786
855 424.978 186.727 2 223.655 -104.166
856 434.978 186.727 2 225.854 -90.1352
857 444.978 186.727 2 228.47 -250
858 454.978 186.727 2 231.488 -250
859 464.978 186.727 2 234.894 -250
860 474.978 186.727 2 238.671 -91.779
861 484.978 186.727 2 242.801 -92.3966
862 84.9784 196.727 2 373.644 -92.0608
863 94.9784 196.727 2 365.785 -91.6748
864 104.978 196.727 2 358.032 -91.4449
865 114.978 196.727 2 350.393 -92.5153
866 124.978 196.727 2 342.876 -87.0128
867 134.978 196.727 2 335.488 -90.6535
868 144.978 196.727 2 328.239 -90.8643
869 154.978 196.727 2 321.138 -91.9697
870 164.978 196.727 2 314.194 -100.011
871 174.978 196.727 2 307.419 -103.911
872 184.978 196.727 2 300.824 -100.762
873 194.978 196.727 2 294.42 -106.363
874 204.978 196.727 2 288.222 -99.3106
875 214.978 196.727 2 282.242 -107.964
876 224.978 196.727 2 276.494 -250
877 234.978 196.727 2 270.993 -102.028
878 244.978 196.727 2 265.755 -110.615
879 254.978 196.727 2 260.795 -123.138
880 264.978 196.727 2 256.13 -117.938
881 274.978 196.727 2 251.776 -92.4614
882 284.978 196.727 2 247.749 -92.3496
883 294.978 196.727 2 244.066 -99.6947
884 304.978 196.727 2 240.742 -118.685
885 314.978 196.727 2 237.792 -125.224
886 324.978 196.727 2 235.231 -139.471
887 334.978 196.727 2 233.071 -250
888 344.978 196.727 2 231.324 -250
889 354.978 196.727 2 229.998 -101.719
890 364.978 196.727 2 229.102 -117.037
891 374.978 196.727 2 228.639 -116.456
892 384.978 196.727 2 228.614 -92.4104
893 394.978 196.727 2 229.026 -91.4286
894 404.978 196.727 2 229.873 -90.9479
895 414.978 196.727 2 231.149 -94.7492
896 424.978 196.727 2 232.848 -250
897 434.978 196.727 2 234.961 -250
898 444.978 196.727 2 237.477 -250
899 454.978 196.727 2 240.383 -250
900 464.978 196.727 2 243.664 -250
901 474.978 196.727 2 247.307 -91.2373
902 484.978 196.727 2 251.295 -90.3215
903 84.9784 206.727 2 379.483 -90.8733
904 94.9784 206.727 2 371.747 -91.8993
905 104.978 206.727 2 364.121 -93.9634
906 114.978 206.727 2 356.613 -134.945
907 124.978 206.727 2 349.229 -250
908 134.978 206.727 2 341.979 -89.5794
909 144.978 206.727 2 334.87 -93.2608
910 154.978 206.727 2 327.912 -89.7781
911 164.978 206.727 2 321.115 -91.0573
912 174.978 206.727 2 314.489 -89.4158
913 184.978 206.727 2 308.045 -90.6026
914 194.978 206.727 2 301.795 -87.6782
915 204.978 206.727 2 295.751 -105.444
916 214.978 206.727 2 289.926 -105.816
917 224.978 206.727 2 284.334 -97.4301
918 234.978 206.727 2 278.988 -100.09
919 244.978 206.727 2 273.903 -105.683
920 254.978 206.727 2 269.093 -111.574
921 264.978 206.727 2 264.575 -88.3858
922 274.978 206.727 2 260.362 -100.328
923 284.978 206.727 2 256.47 -94.4785
924 294.978 206.727 2 252.913 -100.126
925 304.978 206.727 2 249.707 -110.64
926 314.978 206.727 2 246.865 -131.385
927 324.978 206.727 2 244.398 -141.937
928 334.978 206.727 2 242.32 -250
929 344.978 206.727 2 240.64 -250
930 354.978 206.727 2 239.366 -94.0229
931 364.978 206.727 2 238.505 -96.7208
932 374.978 206.727 2 238.061 -93.3185
933 384.978 206.727 2 238.037 -90.6938
934 394.978 206.727 2 238.432 -89.8617
935 404.978 206.727 2 239.246 -93.8016
936 414.978 206.727 2 240.472 -92.504
937 424.978 206.727 2 242.106 -250
938 434.978 206.727 2 244.139 -250
939 444.978 206.727 2 246.561 -250
940 454.978 206.727 2 249.361 -250
941 464.978 206.727 2 252.526 -250
942 474.978 206.727 2 256.043 -90.6237
943 484.978 206.727 2 259.897 -96.1848
944 84.9784 216.727 2 385.492 -92.9495
945 94.9784 216.727 2 377.879 -104.319
946 104.978 216.727 2 370.38 -120.089
947 114.978 216.727 2 363.001 -152.352
948 124.978 216.727 2 355.75 -250
949 134.978 216.727 2 348.635 -87.8138
950 144.978 216.727 2 341.665 -86.7398
951 154.978 216.727 2 334.848 -92.1279
952 164.978 216.727 2 328.195 -91.6783
953 174.978 216.727 2 321.715 -91.9441
954 184.978 216.727 2 315.419 -90.7675
955 194.978 216.727 2 309.318 -88.6879
956 204.978 216.727 2 303.424 -105.933
957 214.978 216.727 2 297.749 -111.572
958 224.978 216.727 2 292.306 -102.691
959 234.978 216.727 2 287.109 -98.1227
960 244.978 216.727 2 282.17 -100.028
961 254.978 216.727 2 277.504 -101.468
962 264.978 216.727 2 273.124 -95.5074
963 274.978 216.727 2 269.045 -102.59
964 284.978 216.727 2 265.28 -111.861
965 294.978 216.727 2 261.844 -250
966 304.978 216.727 2 258.748 -250
967 314.978 216.727 2 256.006 -250
968 324.978 216.727 2 253.629 -250
969 334.978 216.727 2 251.627 -250
970 344.978 216.727 2 250.009 -250
971 354.978 216.727 2 248.783 -96.3464
972 364.978 216.727 2 247.955 -106.189
973 374.978 216.727 2 247.528 -93.5234
974 384.978 216.727 2 247.505 -93.4031
975 394.978 216.727 2 247.885 -95.3058
976 404.978 216.727 2 248.667 -89.2134
977 414.978 216.727 2 249.848 -92.61
978 424.978 216.727 2 251.421 -250
979 434.978 216.727 2 253.379 -250
980 444.978 216.727 2 255.714 -250
981 454.978 216.727 2 258.414 -250
982 464.978 216.727 2 261.47 -250
983 474.978 216.727 2 264.868 -102.076
984 484.978 216.727 2 268.595 -96.4692
985 84.9784 226.727 2 391.665 -104.5
986 94.9784 226.727 2 384.174 -127.63
987 104.978 226.727 2 376.8 -250
988 114.978 226.727 2 369.549 -250
989 124.978 226.727 2 362.429 -250
990 134.978 226.727 2 355.448 -90.097
991 144.978 226.727 2 348.614 -95.1102
992 154.978 226.727 2 341.936 -97.7949
993 164.978 226.727 2 335.424 -89.0449
994 174.978 226.727 2 329.086 -92.8268
995 184.978 226.727 2 322.933 -92.0612
996 194.978 226.727 2 316.977 -89.3379
997 204.978 226.727 2 311.228 -108.218
998 214.978 226.727 2 305.698 -102.053
999 224.978 226.727 2 300.399 -104.634
1000 234.978 226.727 2 295.344 -91.8831
1001 244.978 226.727 2 290.546 -94.6045
1002 254.978 226.727 2 286.016 -91.4706
1003 264.978 226.727 2 281.769 -103.115
1004 274.978 226.727 2 277.817 -104.062
1005 284.978 226.727 2 274.173 -105.407
1006 294.978 226.727 2 270.849 -250
1007 304.978 226.727 2 267.858 -250
1008 314.978 226.727 2 265.21 -250
1009 324.978 226.727 2 262.916 -250
1010 334.978 226.727 2 260.985 -250
1011 344.978 226.727 2 259.426 -250
1012 354.978 226.727 2 258.244 -98.5331
1013 364.978 226.727 2 257.446 -98.8747
1014 374.978 226.727 2 257.035 -93.9555
1015 384.978 226.727 2 257.013 -91.3771
1016 394.978 226.727 2 257.379 -87.6009
1017 404.978 226.727 2 258.133 -91.7793
1018 414.978 226.727 2 259.27 -86.7389
1019 424.978 226.727 2 260.786 -250
1020 434.978 226.727 2 262.675 -250
1021 444.978 226.727 2 264.927 -250
1022 454.978 226.727 2 267.535 -250
1023 464.978 226.727 2 270.487 -250
1024 474.978 226.727 2 273.773 -110.551
1025 484.978 226.727 2 277.381 -98.4914
1026 84.9784 236.727 2 397.993 -111.98
1027 94.9784 236.727 2 390.623 -124.364
1028 104.978 236.727 2 383.373 -115.114
1029 114.978 236.727 2 376.249 -96.1164
1030 124.978 236.727 2 369.259 -250
1031 134.978 236.727 2 362.409 -91.4855
1032 144.978 236.727 2 355.709 -90.9322
1033 154.978 236.727 2 349.167 -86.3748
1034 164.978 236.727 2 342.791 -92.7656
1035 174.978 236.727 2 336.592 -94.468
1036 184.978 236.727 2 330.58 -93.6635
1037 194.978 236.727 2 324.764 -88.2108
1038 204.978 236.727 2 319.155 -91.2409
1039 214.978 236.727 2 313.765 -88.1237
1040 224.978 236.727 2 308.605 -88.2623
1041 234.978 236.727 2 303.686 -85.9912
1042 244.978 236.727 2 299.021 -88.2956
1043 254.978 236.727 2 294.622 -96.0758
1044 264.978 236.727 2 290.501 -112.382
1045 274.978 236.727 2 286.669 -109.416
1046 284.978 236.727 2 283.139 -108.792
1047 294.978 236.727 2 279.922 -250
1048 304.978 236.727 2 277.028 -250
1049 314.978 236.727 2 274.469 -250
1050 324.978 236.727 2 272.253 -250
1051 334.978 236.727 2 270.389 -250
1052 344.978 236.727 2 268.884 -250
1053 354.978 236.727 2 267.745 -95.9181
1054 364.978 236.727 2 266.975 -92.261
1055 374.978 236.727 2 266.578 -97.7778
1056 384.978 236.727 2 266.557 -91.8071
1057 394.978 236.727 2 266.91 -87.5985
1058 404.978 236.727 2 267.637 -88.9896
1059 414.978 236.727 2 268.734 -250
1060 424.978 236.727 2 270.197 -250
1061 434.978 236.727 2 272.02 -250
1062 444.978 236.727 2 274.196 -250
1063 454.978 236.727 2 276.716 -250
1064 464.978 236.727 2 279.572 -250
1065 474.978 236.727 2 282.752 -105.701
1066 484.978 236.727 2 286.247 -93.7005
1067 84.9784 246.727 2 404.469 -104.562
1068 94.9784 246.727 2 397.22 -111.681
1069 104.978 246.727 2 390.092 -105.723
1070 114.978 246.727 2 383.093 -105.278
1071 124.978 246.727 2 376.23 -98.871
1072 134.978 246.727 2 369.51 -98.3344
1073 144.978 246.727 2 362.941 -94.1194
1074 154.978 246.727 2 356.531 -88.226
1075 164.978 246.727 2 350.29 -88.9563
1076 174.978 246.727 2 344.226 -90.3641
1077 184.978 246.727 2 338.349 -91.0454
1078 194.978 246.727 2 332.669 -91.8579
1079 204.978 246.727 2 327.196 -89.7259
1080 214.978 246.727 2 321.94 -93.2783
1081 224.978 246.727 2 316.913 -90.6142
1082 234.978 246.727 2 312.126 -92.1927
1083 244.978 246.727 2 307.589 -88.1242
1084 254.978 246.727 2 303.314 -96.8456
1085 264.978 246.727 2 299.312 -105.393
1086 274.978 246.727 2 295.595 -102.537
1087 284.978 246.727 2 292.172 -117.689
1088 294.978 246.727 2 289.056 -121.403
1089 304.978 246.727 2 286.255 -115.206
1090 314.978 246.727 2 283.778 -120.057
1091 324.978 246.727 2 281.636 -100.169
1092 334.978 246.727 2 279.834 -98.3426
1093 344.978 246.727 2 278.38 -99.9612
1094 354.978 246.727 2 277.28 -96.0448
1095 364.978 246.727 2 276.537 -99.0593
1096 374.978 246.727 2 276.154 -106.973
1097 384.978 246.727 2 276.133 -88.7564
1098 394.978 246.727 2 276.474 -87.4443
1099 404.978 246.727 2 277.176 -88.3369
1100 414.978 246.727 2 278.236 -107.049
1101 424.978 246.727 2 279.649 -123.071
1102 434.978 246.727 2 281.411 -122.54
1103 444.978 246.727 2 283.515 -117.408
1104 454.978 246.727 2 285.953 -128.887
1105 464.978 246.727 2 288.717 -124.127
1106 474.978 246.727 2 291.798 -99.3641
1107 484.978 246.727 2 295.185 -93.2178
1108 84.9784 256.727 2 411.087 -102.761
1109 94.9784 256.727 2 403.956 -104.21
1110 104.978 256.727 2 396.95 -104.667
1111 114.978 256.727 2 390.074 -119.631
1112 124.978 256.727 2 383.335 -91.5948
1113 134.978 256.727 2 376.742 -97.4875
1114 144.978 256.727 2 370.301 -92.8204
1115 154.978 256.727 2 364.021 -86.1714
1116 164.978 256.727 2 357.911 -85.761
1117 174.978 256.727 2 351.978 -89.6471
1118 184.978 256.727 2 346.233 -90.1274
1119 194.978 256.727 2 340.684 -89.5999
1120 204.978 256.727 2 335.342 -90.0386
1121 214.978 256.727 2 330.216 -92.9213
1122 224.978 256.727 2 325.317 -90.5568
1123 234.978 256.727 2 320.655 -90.8808
1124 244.978 256.727 2 316.24 -91.5871
1125 254.978 256.727 2 312.084 -97.2512
1126 264.978 256.727 2 308.196 -109.021
1127 274.978 256.727 2 304.587 -111.649
1128 284.978 256.727 2 301.267 -115.577
1129 294.978 256.727 2 298.245 -121.332
1130 304.978 256.727 2 295.531 -111.328
1131 314.978 256.727 2 293.133 -114.767
1132 324.978 256.727 2 291.06 -111.946
1133 334.978 256.727 2 289.317 -99.7752
1134 344.978 256.727 2 287.911 -105.584
1135 354.978 256.727 2 286.847 -100.856
1136 364.978 256.727 2 286.129 -97.3824
1137 374.978 256.727 2 285.759 -101.387
1138 384.978 256.727 2 285.739 -92.1535
1139 394.978 256.727 2 286.068 -89.0547
1140 404.978 256.727 2 286.747 -91.2836
1141 414.978 256.727 2 287.771 -103.009
1142 424.978 256.727 2 289.138 -142.152
1143 434.978 256.727 2 290.842 -141.185
1144 444.978 256.727 2 292.878 -124.196
1145 454.978 256.727 2 295.239 -108.432
1146 464.978 256.727 2 297.917 -102.091
1147 474.978 256.727 2 300.904 -95.9305
1148 484.978 256.727 2 304.19 -96.2094
1149 84.9784 266.727 2 417.839 -103.42
1150 94.9784 266.727 2 410.826 -105.07
1151 104.978 266.727 2 403.938 -111.152
1152 114.978 266.727 2 397.183 -91.1873
1153 124.978 266.727 2 390.568 -114.491
1154 134.978 266.727 2 384.098 -250
1155 144.978 266.727 2 377.783 -250
1156 154.978 266.727 2 371.63 -250
1157 164.978 266.727 2 365.646 -250
1158 174.978 266.727 2 359.841 -99.19
1159 184.978 266.727 2 354.223 -91.9523
1160 194.978 266.727 2 348.801 -91.5777
1161 204.978 266.727 2 343.585 -88.8722
1162 214.978 266.727 2 338.584 -90.1404
1163 224.978 266.727 2 333.808 -91.5377
1164 234.978 266.727 2 329.266 -91.2401
1165 244.978 266.727 2 324.969 -250
1166 254.978 266.727 2 320.926 -250
1167 264.978 266.727 2 317.146 -250
1168 274.978 266.727 2 313.64 -109.996
1169 284.978 266.727 2 310.417 -118.394
1170 294.978 266.727 2 307.485 -250
1171 304.978 266.727 2 304.854 -250
1172 314.978 266.727 2 302.53 -250
1173 324.978 266.727 2 300.521 -250
1174 334.978 266.727 2 298.833 -250
1175 344.978 266.727 2 297.472 -250
1176 354.978 266.727 2 296.443 -250
1177 364.978 266.727 2 295.748 -250
1178 374.978 266.727 2 295.39 -250
1179 384.978 266.727 2 295.37 -250
1180 394.978 266.727 2 295.689 -250
1181 404.978 266.727 2 296.345 -250
1182 414.978 266.727 2 297.337 -250
1183 424.978 266.727 2 298.66 -250
1184 434.978 266.727 2 300.31 -250
1185 444.978 266.727 2 302.282 -250
1186 454.978 266.727 2 304.57 -250
1187 464.978 266.727 2 307.167 -250
1188 474.978 266.727 2 310.064 -105.93
1189 484.978 266.727 2 313.255 -89.0916
1190 84.9784 276.727 2 424.719 -101.064
1191 94.9784 276.727 2 417.821 -101.221
1192 104.978 276.727 2 411.051 -92.6121
1193 114.978 276.727 2 404.415 -109.421
1194 124.978 276.727 2 397.92 -125.855
1195 134.978 276.727 2 391.572 -250
1196 144.978 276.727 2 385.379 -250
1197 154.978 276.727 2 379.349 -250
1198 164.978 276.727 2 373.489 -250
1199 174.978 276.727 2 367.808 -87.5724
1200 184.978 276.727 2 362.313 -88.2117
1201 194.978 276.727 2 357.015 -92.0142
1202 204.978 276.727 2 351.92 -89.0829
1203 214.978 276.727 2 347.04 -89.4668
1204 224.978 276.727 2 342.381 -90.4346
1205 234.978 276.727 2 337.955 -115.058
1206 244.978 276.727 2 333.769 -250
1207 254.978 276.727 2 329.834 -250
1208 264.978 276.727 2 326.158 -250
1209 274.978 276.727 2 322.75 -120.161
1210 284.978 276.727 2 319.618 -103.453
1211 294.978 276.727 2 316.772 -250
1212 304.978 276.727 2 314.218 -250
1213 314.978 276.727 2 311.964 -250
1214 324.978 276.727 2 310.016 -250
1215 334.978 276.727 2 308.38 -250
1216 344.978 276.727 2 307.061 -250
1217 354.978 276.727 2 306.064 -250
1218 364.978 276.727 2 305.391 -250
1219 374.978 276.727 2 305.045 -250
1220 384.978 276.727 2 305.026 -250
1221 394.978 276.727 2 305.334 -250
1222 404.978 276.727 2 305.97 -250
1223 414.978 276.727 2 306.93 -250
1224 424.978 276.727 2 308.212 -250
1225 434.978 276.727 2 309.811 -250
1226 444.978 276.727 2 311.723 -250
1227 454.978 276.727 2 313.943 -250
1228 464.978 276.727 2 316.462 -250
1229 474.978 276.727 2 319.276 -92.7498
1230 484.978 276.727 2 322.375 -96.4573
1231 84.9784 286.727 2 431.721 -96.4517
1232 94.9784 286.727 2 424.937 -95.9133
1233 104.978 286.727 2 418.282 -99.3404
1234 114.978 286.727 2 411.763 -114.848
1235 124.978 286.727 2 405.385 -132.616
1236 134.978 286.727 2 399.156 -250
1237 144.978 286.727 2 393.083 -250
1238 154.978 286.727 2 387.173 -250
1239 164.978 286.727 2 381.433 -250
1240 174.978 286.727 2 375.872 -91.0188
1241 184.978 286.727 2 370.497 -89.7327
1242 194.978 286.727 2 365.317 -93.0382
1243 204.978 286.727 2 360.34 -92.9314
1244 214.978 286.727 2 355.575 -89.9717
1245 224.978 286.727 2 351.03 -90.042
1246 234.978 286.727 2 346.714 -109.636
1247 244.978 286.727 2 342.635 -250
1248 254.978 286.727 2 338.803 -250
1249 264.978 286.727 2 335.225 -250
1250 274.978 286.727 2 331.91 -110.474
1251 284.978 286.727 2 328.866 -97.4238
1252 294.978 286.727 2 326.1 -250
1253 304.978 286.727 2 323.62 -250
1254 314.978 286.727 2 321.432 -250
1255 324.978 286.727 2 319.541 -250
1256 334.978 286.727 2 317.955 -250
1257 344.978 286.727 2 316.676 -250
1258 354.978 286.727 2 315.709 -250
1259 364.978 286.727 2 315.057 -250
1260 374.978 286.727 2 314.721 -250
1261 384.978 286.727 2 314.702 -250
1262 394.978 286.727 2 315.002 -250
1263 404.978 286.727 2 315.618 -250
1264 414.978 286.727 2 316.549 -250
1265 424.978 286.727 2 317.792 -250
1266 434.978 286.727 2 319.343 -250
1267 444.978 286.727 2 321.199 -250
1268 454.978 286.727 2 323.353 -250
1269 464.978 286.727 2 325.8 -250
1270 474.978 286.727 2 328.533 -102.439
1271 484.978 286.727 2 331.546 -102.315
1272 84.9784 296.727 2 438.84 -92.432
1273 94.9784 296.727 2 432.167 -107.099
1274 104.978 296.727 2 425.626 -106.454
1275 114.978 296.727 2 419.22 -107.403
1276 124.978 296.727 2 412.958 -133.3
1277 134.978 296.727 2 406.845 -250
1278 144.978 296.727 2 400.888 -250
1279 154.978 296.727 2 395.094 -250
1280 164.978 296.727 2 389.472 -250
1281 174.978 296.727 2 384.027 -93.1924
1282 184.978 296.727 2 378.768 -95.9112
1283 194.978 296.727 2 373.702 -92.4786
1284 204.978 296.727 2 368.839 -89.7103
1285 214.978 296.727 2 364.185 -92.2328
1286 224.978 296.727 2 359.748 -109.702
1287 234.978 296.727 2 355.538 -115.97
1288 244.978 296.727 2 351.562 -250
1289 254.978 296.727 2 347.828 -250
1290 264.978 296.727 2 344.344 -250
1291 274.978 296.727 2 341.118 -117.361
1292 284.978 296.727 2 338.157 -95.5354
1293 294.978 296.727 2 335.467 -250
1294 304.978 296.727 2 333.057 -250
1295 314.978 296.727 2 330.931 -250
1296 324.978 296.727 2 329.095 -95.6943
1297 334.978 296.727 2 327.555 -135.922
1298 344.978 296.727 2 326.314 -143.291
1299 354.978 296.727 2 325.376 -137.329
1300 364.978 296.727 2 324.743 -110.501
1301 374.978 296.727 2 324.417 -129.825
1302 384.978 296.727 2 324.399 -122.666
1303 394.978 296.727 2 324.689 -142.74
1304 404.978 296.727 2 325.287 -147.46
1305 414.978 296.727 2 326.19 -143.85
1306 424.978 296.727 2 327.397 -143.64
1307 434.978 296.727 2 328.903 -250
1308 444.978 296.727 2 330.705 -250
1309 454.978 296.727 2 332.797 -250
1310 464.978 296.727 2 335.175 -250
1311 474.978 296.727 2 337.833 -95.5177
1312 484.978 296.727 2 340.763 -99.3524
1313 84.9784 306.727 2 446.069 -99.5727
1314 94.9784 306.727 2 439.506 -125.997
1315 104.978 306.727 2 433.075 -110.169
1316 114.978 306.727 2 426.782 -109.831
1317 124.978 306.727 2 420.632 -132.302
1318 134.978 306.727 2 414.632 -250
1319 144.978 306.727 2 408.789 -250
1320 154.978 306.727 2 403.109 -250
1321 164.978 306.727 2 397.599 -250
1322 174.978 306.727 2 392.267 -87.7217
1323 184.978 306.727 2 387.12 -94.4546
1324 194.978 306.727 2 382.166 -92.395
1325 204.978 306.727 2 377.411 -88.9724
1326 214.978 306.727 2 372.864 -90.8591
1327 224.978 306.727 2 368.532 -105.704
1328 234.978 306.727 2 364.423 -115.924
1329 244.978 306.727 2 360.545 -250
1330 254.978 306.727 2 356.905 -250
1331 264.978 306.727 2 353.511 -250
1332 274.978 306.727 2 350.369 -107.754
1333 284.978 306.727 2 347.487 -111.176
1334 294.978 306.727 2 344.87 -250
1335 304.978 306.727 2 342.526 -250
1336 314.978 306.727 2 340.459 -250
1337 324.978 306.727 2 338.675 -98.7509
1338 334.978 306.727 2 337.178 -250
1339 344.978 306.727 2 335.973 -250
1340 354.978 306.727 2 335.062 -250
1341 364.978 306.727 2 334.447 -99.6868
1342 374.978 306.727 2 334.131 -250
1343 384.978 306.727 2 334.113 -250
1344 394.978 306.727 2 334.395 -250
1345 404.978 306.727 2 334.976 -250
1346 414.978 306.727 2 335.853 -250
1347 424.978 306.727 2 337.025 -250
1348 434.978 306.727 2 338.488 -250
1349 444.978 306.727 2 340.239 -250
1350 454.978 306.727 2 342.273 -250
1351 464.978 306.727 2 344.586 -250
1352 474.978 306.727 2 347.171 -112.572
1353 484.978 306.727 2 350.024 -96.2892
1354 84.9784 316.727 2 453.403 -103.315
1355 94.9784 316.727 2 446.948 -111.726
1356 104.978 316.727 2 440.626 -107.237
1357 114.978 316.727 2 434.442 -109.834
1358 124.978 316.727 2 428.402 -113.87
1359 134.978 316.727 2 422.512 -250
1360 144.978 316.727 2 416.779 -250
1361 154.978 316.727 2 411.21 -250
1362 164.978 316.727 2 405.81 -250
1363 174.978 316.727 2 400.588 -101.549
1364 184.978 316.727 2 395.549 -92.3514
1365 194.978 316.727 2 390.701 -89.3446
1366 204.978 316.727 2 386.052 -89.6553
1367 214.978 316.727 2 381.608 -103.493
1368 224.978 316.727 2 377.376 -121.163
1369 234.978 316.727 2 373.365 -108.306
1370 244.978 316.727 2 369.581 -250
1371 254.978 316.727 2 366.031 -250
1372 264.978 316.727 2 362.722 -250
1373 274.978 316.727 2 359.66 -108.862
1374 284.978 316.727 2 356.853 -116.77
1375 294.978 316.727 2 354.305 -250
1376 304.978 316.727 2 352.024 -250
1377 314.978 316.727 2 350.013 -250
1378 324.978 316.727 2 348.278 -109.381
1379 334.978 316.727 2 346.823 -250
1380 344.978 316.727 2 345.651 -250
1381 354.978 316.727 2 344.766 -250
1382 364.978 316.727 2 344.168 -99.2229
1383 374.978 316.727 2 343.861 -250
1384 384.978 316.727 2 343.844 -250
1385 394.978 316.727 2 344.118 -250
1386 404.978 316.727 2 344.682 -250
1387 414.978 316.727 2 345.535 -250
1388 424.978 316.727 2 346.674 -250
1389 434.978 316.727 2 348.096 -250
1390 444.978 316.727 2 349.799 -250
1391 454.978 316.727 2 351.778 -250
1392 464.978 316.727 2 354.029 -250
1393 474.978 316.727 2 356.546 -104.523
1394 484.978 316.727 2 359.324 -93.3781
1395 84.9784 326.727 2 460.838 -106.038
1396 94.9784 326.727 2 454.488 -115.753
1397 104.978 326.727 2 448.272 -118.097
1398 114.978 326.727 2 442.195 -111.441
1399 124.978 326.727 2 436.263 -117.942
1400 134.978 326.727 2 430.481 -121.234
1401 144.978 326.727 2 424.855 -101.728
1402 154.978 326.727 2 419.393 -100.46
1403 164.978 326.727 2 414.1 -103.664
1404 174.978 326.727 2 408.984 -94.0284
1405 184.978 326.727 2 404.05 -90.4628
1406 194.978 326.727 2 399.305 -90.7447
1407 204.978 326.727 2 394.757 -86.6247
1408 214.978 326.727 2 390.412 -101.013
1409 224.978 326.727 2 386.277 -108.019
1410 234.978 326.727 2 382.359 -104.132
1411 244.978 326.727 2 378.665 -116.64
1412 254.978 326.727 2 375.201 -113.506
1413 264.978 326.727 2 371.973 -112.647
1414 274.978 326.727 2 368.988 -106.132
1415 284.978 326.727 2 366.253 -117.15
1416 294.978 326.727 2 363.771 -102.279
1417 304.978 326.727 2 361.549 -99.7673
1418 314.978 326.727 2 359.592 -98.9947
1419 324.978 326.727 2 357.903 -101.73
1420 334.978 326.727 2 356.487 -100.972
1421 344.978 326.727 2 355.347 -103.445
1422 354.978 326.727 2 354.486 -105.593
1423 364.978 326.727 2 353.905 -104.818
1424 374.978 326.727 2 353.606 -103.762
1425 384.978 326.727 2 353.59 -106.198
1426 394.978 326.727 2 353.856 -128.54
1427 404.978 326.727 2 354.405 -122.608
1428 414.978 326.727 2 355.234 -126.401
1429 424.978 326.727 2 356.342 -131.694
1430 434.978 326.727 2 357.726 -118.791
1431 444.978 326.727 2 359.384 -114.359
1432 454.978 326.727 2 361.31 -116.371
1433 464.978 326.727 2 363.502 -102.878
1434 474.978 326.727 2 365.954 -107.876
1435 484.978 326.727 2 368.66 -101.189
1436 84.9784 336.727 2 468.368 -108.76
1437 94.9784 336.727 2 462.122 -110.228
1438 104.978 336.727 2 456.01 -122.077
1439 114.978 336.727 2 450.037 -116.527
1440 124.978 336.727 2 444.21 -116.884
1441 134.978 336.727 2 438.532 -109.867
1442 144.978 336.727 2 433.012 -110.809
1443 154.978 336.727 2 427.654 -119.764
1444 164.978 336.727 2 422.464 -90.8001
1445 174.978 336.727 2 417.45 -99.8297
1446 184.978 336.727 2 412.617 -94.0462
1447 194.978 336.727 2 407.973 -89.3009
1448 204.978 336.727 2 403.522 -87.5107
1449 214.978 336.727 2 399.273 -103.624
1450 224.978 336.727 2 395.23 -103.39
1451 234.978 336.727 2 391.402 -103.434
1452 244.978 336.727 2 387.794 -117.538
1453 254.978 336.727 2 384.412 -116.166
1454 264.978 336.727 2 381.262 -125.428
1455 274.978 336.727 2 378.351 -109.116
1456 284.978 336.727 2 375.683 -112.485
1457 294.978 336.727 2 373.265 -96.6607
1458 304.978 336.727 2 371.1 -106.77
1459 314.978 336.727 2 369.193 -101.637
1460 324.978 336.727 2 367.548 -100.097
1461 334.978 336.727 2 366.17 -109.823
1462 344.978 336.727 2 365.06 -103.464
1463 354.978 336.727 2 364.222 -101.118
1464 364.978 336.727 2 363.656 -102.397
1465 374.978 336.727 2 363.365 -99.4758
1466 384.978 336.727 2 363.349 -108.213
1467 394.978 336.727 2 363.609 -124.307
1468 404.978 336.727 2 364.142 -138.805
1469 414.978 336.727 2 364.95 -127.869
1470 424.978 336.727 2 366.028 -117.959
1471 434.978 336.727 2 367.376 -124.424
1472 444.978 336.727 2 368.99 -110.388
1473 454.978 336.727 2 370.867 -110.754
1474 464.978 336.727 2 373.002 -102.903
1475 474.978 336.727 2 375.392 -100.819
1476 484.978 336.727 2 378.031 -118.846
1477 84.9784 346.727 2 475.989 -103.5
1478 94.9784 346.727 2 469.844 -116.583
1479 104.978 346.727 2 463.834 -117.126
1480 114.978 346.727 2 457.964 -250
1481 124.978 346.727 2 452.238 -250
1482 134.978 346.727 2 446.663 -250
1483 144.978 346.727 2 441.244 -250
1484 154.978 346.727 2 435.987 -250
1485 164.978 346.727 2 430.898 -250
1486 174.978 346.727 2 425.983 -250
1487 184.978 346.727 2 421.248 -90.4901
1488 194.978 346.727 2 416.7 -93.4815
1489 204.978 346.727 2 412.343 -88.4227
1490 214.978 346.727 2 408.186 -98.2735
1491 224.978 346.727 2 404.233 -110.079
1492 234.978 346.727 2 400.49 -118.336
1493 244.978 346.727 2 396.965 -250
1494 254.978 346.727 2 393.662 -250
1495 264.978 346.727 2 390.587 -250
1496 274.978 346.727 2 387.745 -107.622
1497 284.978 346.727 2 385.143 -104.581
1498 294.978 346.727 2 382.784 -103.27
1499 304.978 346.727 2 380.673 -103.187
1500 314.978 346.727 2 378.814 -107.592
1501 324.978 346.727 2 377.212 -104.285
1502 334.978 346.727 2 375.869 -101.52
1503 344.978 346.727 2 374.788 -99.678
1504 354.978 346.727 2 373.971 -103.426
1505 364.978 346.727 2 373.42 -107.137
1506 374.978 346.727 2 373.137 -101.747
1507 384.978 346.727 2 373.122 -250
1508 394.978 346.727 2 373.374 -250
1509 404.978 346.727 2 373.894 -250
1510 414.978 346.727 2 374.68 -250
1511 424.978 346.727 2 375.731 -250
1512 434.978 346.727 2 377.044 -250
1513 444.978 346.727 2 378.617 -125.101
1514 454.978 346.727 2 380.446 -250
1515 464.978 346.727 2 382.528 -250
1516 474.978 346.727 2 384.859 -94.6363
1517 484.978 346.727 2 387.433 -101.203
1518 84.9784 356.727 2 483.697 -105.592
1519 94.9784 356.727 2 477.651 -116.426
1520 104.978 356.727 2 471.741 -250
1521 114.978 356.727 2 465.97 -250
1522 124.978 356.727 2 460.344 -250
1523 134.978 356.727 2 454.868 -250
1524 144.978 356.727 2 449.548 -250
1525 154.978 356.727 2 444.389 -250
1526 164.978 356.727 2 439.398 -250
1527 174.978 356.727 2 434.579 -250
1528 184.978 356.727 2 429.939 -95.0334
1529 194.978 356.727 2 425.483 -92.097
1530 204.978 356.727 2 421.217 -88.2183
1531 214.978 356.727 2 417.148 -103.499
1532 224.978 356.727 2 413.281 -110.764
1533 234.978 356.727 2 409.621 -108.783
1534 244.978 356.727 2 406.175 -250
1535 254.978 356.727 2 402.947 -250
1536 264.978 356.727 2 399.944 -250
1537 274.978 356.727 2 397.169 -106.115
1538 284.978 356.727 2 394.629 -101.093
1539 294.978 356.727 2 392.327 -96.5657
1540 304.978 356.727 2 390.268 -106.55
1541 314.978 356.727 2 388.455 -110.407
1542 324.978 356.727 2 386.893 -110.307
1543 334.978 356.727 2 385.583 -102.866
1544 344.978 356.727 2 384.529 -103.091
1545 354.978 356.727 2 383.733 -103.013
1546 364.978 356.727 2 383.197 -108.838
1547 374.978 356.727 2 382.921 -105.371
1548 384.978 356.727 2 382.906 -102.748
1549 394.978 356.727 2 383.152 -250
1550 404.978 356.727 2 383.658 -250
1551 414.978 356.727 2 384.425 -250
1552 424.978 356.727 2 385.449 -250
1553 434.978 356.727 2 386.729 -250
1554 444.978 356.727 2 388.262 -109.103
1555 454.978 356.727 2 390.046 -250
1556 464.978 356.727 2 392.077 -250
1557 474.978 356.727 2 394.352 -90.5601
1558 484.978 356.727 2 396.865 -103.256
1559 84.9784 366.727 2 491.487 -105.26
1560 94.9784 366.727 2 485.539 -125.947
1561 104.978 366.727 2 479.725 -250
1562 114.978 366.727 2 474.051 -250
1563 124.978 366.727 2 468.522 -250
1564 134.978 366.727 2 463.143 -250
1565 144.978 366.727 2 457.919 -250
1566 154.978 366.727 2 452.856 -250
1567 164.978 366.727 2 447.959 -250
1568 174.978 366.727 2 443.233 -250
1569 184.978 366.727 2 438.685 -91.7374
1570 194.978 366.727 2 434.319 -250
1571 204.978 366.727 2 430.141 -250
1572 214.978 366.727 2 426.157 -250
1573 224.978 366.727 2 422.372 -250
1574 234.978 366.727 2 418.792 -250
1575 244.978 366.727 2 415.422 -250
1576 254.978 366.727 2 412.266 -250
1577 264.978 366.727 2 409.331 -250
1578 274.978 366.727 2 406.621 -93.8214
1579 284.978 366.727 2 404.14 -110.569
1580 294.978 366.727 2 401.892 -101.789
1581 304.978 366.727 2 399.882 -100.978
1582 314.978 366.727 2 398.114 -94.5345
1583 324.978 366.727 2 396.589 -98.3195
1584 334.978 366.727 2 395.312 -104.879
1585 344.978 366.727 2 394.284 -106.582
1586 354.978 366.727 2 393.508 -99.5058
1587 364.978 366.727 2 392.985 -95.2678
1588 374.978 366.727 2 392.715 -97.2633
1589 384.978 366.727 2 392.701 -110.451
1590 394.978 366.727 2 392.941 -250
1591 404.978 366.727 2 393.435 -250
1592 414.978 366.727 2 394.182 -250
1593 424.978 366.727 2 395.181 -250
1594 434.978 366.727 2 396.429 -250
1595 444.978 366.727 2 397.925 -110.49
1596 454.978 366.727 2 399.666 -250
1597 464.978 366.727 2 401.649 -250
1598 474.978 366.727 2 403.869 -97.0275
1599 484.978 366.727 2 406.323 -104.945
1600 84.9784 376.727 2 499.356 -142.42
1601 94.9784 376.727 2 493.503 -126.103
1602 104.978 376.727 2 487.784 -250
1603 114.978 376.727 2 482.205 -250
1604 124.978 376.727 2 476.771 -250
1605 134.978 376.727 2 471.486 -250
1606 144.978 376.727 2 466.355 -250
1607 154.978 376.727 2 461.385 -250
1608 164.978 376.727 2 456.579 -250
1609 174.978 376.727 2 451.943 -250
1610 184.978 376.727 2 447.483 -103.582
1611 194.978 376.727 2 443.204 -250
1612 204.978 376.727 2 439.111 -250
1613 214.978 376.727 2 435.209 -250
1614 224.978 376.727 2 431.503 -250
1615 234.978 376.727 2 428 -250
1616 244.978 376.727 2 424.702 -250
1617 254.978 376.727 2 421.617 -250
1618 264.978 376.727 2 418.747 -250
1619 274.978 376.727 2 416.098 -94.5371
1620 284.978 376.727 2 413.674 -93.0508
1621 294.978 376.727 2 411.478 -98.2418
1622 304.978 376.727 2 409.516 -92.4154
1623 314.978 376.727 2 407.788 -90.8069
1624 324.978 376.727 2 406.3 -98.4448
1625 334.978 376.727 2 405.054 -93.9283
1626 344.978 376.727 2 404.051 -100.763
1627 354.978 376.727 2 403.293 -92.0423
1628 364.978 376.727 2 402.783 -99.5904
1629 374.978 376.727 2 402.52 -104.62
1630 384.978 376.727 2 402.506 -250
1631 394.978 376.727 2 402.74 -250
1632 404.978 376.727 2 403.222 -250
1633 414.978 376.727 2 403.951 -250
1634 424.978 376.727 2 404.926 -250
1635 434.978 376.727 2 406.144 -250
1636 444.978 376.727 2 407.605 -250
1637 454.978 376.727 2 409.305 -250
1638 464.978 376.727 2 411.24 -250
1639 474.978 376.727 2 413.409 -95.0267
1640 484.978 376.727 2 415.807 -105.356
1641 84.9784 386.727 2 507.3 -136.592
1642 94.9784 386.727 2 501.539 -131.017
1643 104.978 386.727 2 495.914 -125.51
1644 114.978 386.727 2 490.427 -250
1645 124.978 386.727 2 485.085 -250
1646 134.978 386.727 2 479.891 -250
1647 144.978 386.727 2 474.852 -250
1648 154.978 386.727 2 469.971 -250
1649 164.978 386.727 2 465.254 -250
1650 174.978 386.727 2 460.706 -250
1651 184.978 386.727 2 456.331 -92.2468
1652 194.978 386.727 2 452.136 -250
1653 204.978 386.727 2 448.124 -250
1654 214.978 386.727 2 444.301 -250
1655 224.978 386.727 2 440.672 -250
1656 234.978 386.727 2 437.242 -250
1657 244.978 386.727 2 434.015 -250
1658 254.978 386.727 2 430.996 -250
1659 264.978 386.727 2 428.189 -250
1660 274.978 386.727 2 425.599 -88.2436
1661 284.978 386.727 2 423.229 -89.3969
1662 294.978 386.727 2 421.084 -93.3677
1663 304.978 386.727 2 419.166 -90.4664
1664 314.978 386.727 2 417.479 -89.7791
1665 324.978 386.727 2 416.025 -88.389
1666 334.978 386.727 2 414.808 -91.2562
1667 344.978 386.727 2 413.828 -89.3686
1668 354.978 386.727 2 413.089 -95.4514
1669 364.978 386.727 2 412.59 -100.298
1670 374.978 386.727 2 412.334 -97.5559
1671 384.978 386.727 2 412.32 -250
1672 394.978 386.727 2 412.549 -250
1673 404.978 386.727 2 413.019 -250
1674 414.978 386.727 2 413.731 -250
1675 424.978 386.727 2 414.683 -250
1676 434.978 386.727 2 415.873 -250
1677 444.978 386.727 2 417.299 -250
1678 454.978 386.727 2 418.96 -250
1679 464.978 386.727 2 420.851 -250
1680 474.978 386.727 2 422.971 -94.9128
1681 484.978 386.727 2 425.315 -104.83
1682 84.9784 396.727 2 515.316 -127
1683 94.9784 396.727 2 509.646 -132.472
1684 104.978 396.727 2 504.11 -122.306
1685 114.978 396.727 2 498.714 -123.963
1686 124.978 396.727 2 493.462 -130.272
1687 134.978 396.727 2 488.357 -128.419
1688 144.978 396.727 2 483.406 -132.562
1689 154.978 396.727 2 478.612 -112.148
1690 164.978 396.727 2 473.981 -118.217
1691 174.978 396.727 2 469.518 -111.028
1692 184.978 396.727 2 465.226 -98.1597
1693 194.978 396.727 2 461.111 -121.299
1694 204.978 396.727 2 457.179 -106.57
1695 214.978 396.727 2 453.432 -107.112
1696 224.978 396.727 2 449.877 -105.37
1697 234.978 396.727 2 446.517 -106.886
1698 244.978 396.727 2 443.358 -250
1699 254.978 396.727 2 440.403 -250
1700 264.978 396.727 2 437.656 -250
1701 274.978 396.727 2 435.122 -89.377
1702 284.978 396.727 2 432.805 -91.9258
1703 294.978 396.727 2 430.707 -97.2868
1704 304.978 396.727 2 428.832 -94.8478
1705 314.978 396.727 2 427.183 -105.618
1706 324.978 396.727 2 425.763 -91.886
1707 334.978 396.727 2 424.573 -99.2155
1708 344.978 396.727 2 423.616 -91.9632
1709 354.978 396.727 2 422.894 -91.1417
1710 364.978 396.727 2 422.407 -90.553
1711 374.978 396.727 2 422.157 -88.3013
1712 384.978 396.727 2 422.143 -250
1713 394.978 396.727 2 422.366 -250
1714 404.978 396.727 2 422.826 -250
1715 414.978 396.727 2 423.521 -250
1716 424.978 396.727 2 424.451 -250
1717 434.978 396.727 2 425.614 -250
1718 444.978 396.727 2 427.008 -250
1719 454.978 396.727 2 428.631 -250
1720 464.978 396.727 2 430.48 -250
1721 474.978 396.727 2 432.552 -103.144
1722 484.978 396.727 2 434.844 -92.0255
1723 84.9784 406.727 2 523.4 -131.459
1724 94.9784 406.727 2 517.818 -133.028
1725 104.978 406.727 2 512.371 -131.951
1726 114.978 406.727 2 507.063 -126.268
1727 124.978 406.727 2 501.898 -127.676
1728 134.978 406.727 2 496.88 -117.301
1729 144.978 406.727 2 492.015 -115.783
1730 154.978 406.727 2 487.306 -111.522
1731 164.978 406.727 2 482.758 -108.351
1732 174.978 406.727 2 478.376 -101.883
1733 184.978 406.727 2 474.165 -101.989
1734 194.978 406.727 2 470.128 -106.825
1735 204.978 406.727 2 466.272 -102.879
1736 214.978 406.727 2 462.599 -113.22
1737 224.978 406.727 2 459.115 -106.565
1738 234.978 406.727 2 455.823 -107.645
1739 244.978 406.727 2 452.729 -111.369
1740 254.978 406.727 2 449.835 -100.999
1741 264.978 406.727 2 447.147 -97.3921
1742 274.978 406.727 2 444.667 -105.682
1743 284.978 406.727 2 442.399 -90.376
1744 294.978 406.727 2 440.347 -92.1085
1745 304.978 406.727 2 438.513 -91.2678
1746 314.978 406.727 2 436.901 -94.1325
1747 324.978 406.727 2 435.512 -102.003
1748 334.978 406.727 2 434.349 -98.6508
1749 344.978 406.727 2 433.414 -99.9349
1750 354.978 406.727 2 432.708 -100.737
1751 364.978 406.727 2 432.232 -100.827
1752 374.978 406.727 2 431.988 -90.6211
1753 384.978 406.727 2 431.974 -110.091
1754 394.978 406.727 2 432.193 -118.381
1755 404.978 406.727 2 432.642 -109.729
1756 414.978 406.727 2 433.321 -109.777
1757 424.978 406.727 2 434.23 -119.502
1758 434.978 406.727 2 435.367 -111.76
1759 444.978 406.727 2 436.73 -113.233
1760 454.978 406.727 2 438.316 -118.92
1761 464.978 406.727 2 440.125 -113.797
1762 474.978 406.727 2 442.152 -93.2416
1763 484.978 406.727 2 444.395 -87.9107
1764 84.9784 416.727 2 531.549 -146.307
1765 94.9784 416.727 2 526.054 -129.374
1766 104.978 416.727 2 520.693 -131.539
1767 114.978 416.727 2 515.471 -250
1768 124.978 416.727 2 510.39 -250
1769 134.978 416.727 2 505.457 -250
1770 144.978 416.727 2 500.675 -250
1771 154.978 416.727 2 496.048 -108.403
1772 164.978 416.727 2 491.581 -106.066
1773 174.978 416.727 2 487.279 -121.158
1774 184.978 416.727 2 483.145 -104.366
1775 194.978 416.727 2 479.184 -115.027
1776 204.978 416.727 2 475.401 -123.526
1777 214.978 416.727 2 471.799 -113.713
1778 224.978 416.727 2 468.384 -107.295
1779 234.978 416.727 2 465.158 -97.146
1780 244.978 416.727 2 462.126 -113.696
1781 254.978 416.727 2 459.291 -109.956
1782 264.978 416.727 2 456.659 -104.777
1783 274.978 416.727 2 454.231 -89.155
1784 284.978 416.727 2 452.011 -92.4519
1785 294.978 416.727 2 450.003 -91.2647
1786 304.978 416.727 2 448.209 -91.2619
1787 314.978 416.727 2 446.631 -89.6718
1788 324.978 416.727 2 445.273 -91.2979
1789 334.978 416.727 2 444.136 -99.3414
1790 344.978 416.727 2 443.221 -93.6375
1791 354.978 416.727 2 442.531 -90.6171
1792 364.978 416.727 2 442.066 -93.8898
1793 374.978 416.727 2 441.826 -102.238
1794 384.978 416.727 2 441.813 -116.777
1795 394.978 416.727 2 442.026 -104.816
1796 404.978 416.727 2 442.466 -102.679
1797 414.978 416.727 2 443.13 -116.492
1798 424.978 416.727 2 444.019 -116.309
1799 434.978 416.727 2 445.131 -117.252
1800 444.978 416.727 2 446.464 -114.474
1801 454.978 416.727 2 448.016 -116.121
1802 464.978 416.727 2 449.785 -121.525
1803 474.978 416.727 2 451.769 -92.8191
1804 484.978 416.727 2 453.964 -88.869
1805 84.9784 426.727 2 539.761 -126.933
1806 94.9784 426.727 2 534.35 -121.947
1807 104.978 426.727 2 529.073 -130.004
1808 114.978 426.727 2 523.934 -250
1809 124.978 426.727 2 518.937 -250
1810 134.978 426.727 2 514.085 -250
1811 144.978 426.727 2 509.384 -250
1812 154.978 426.727 2 504.837 -105.916
1813 164.978 426.727 2 500.449 -250
1814 174.978 426.727 2 496.224 -250
1815 184.978 426.727 2 492.165 -250
1816 194.978 426.727 2 488.277 -250
1817 204.978 426.727 2 484.565 -250
1818 214.978 426.727 2 481.032 -250
1819 224.978 426.727 2 477.682 -106.099
1820 234.978 426.727 2 474.519 -250
1821 244.978 426.727 2 471.548 -250
1822 254.978 426.727 2 468.77 -250
1823 264.978 426.727 2 466.191 -250
1824 274.978 426.727 2 463.813 -94.3452
1825 284.978 426.727 2 461.64 -94.3769
1826 294.978 426.727 2 459.673 -92.547
1827 304.978 426.727 2 457.917 -250
1828 314.978 426.727 2 456.373 -250
1829 324.978 426.727 2 455.044 -250
1830 334.978 426.727 2 453.931 -250
1831 344.978 426.727 2 453.036 -250
1832 354.978 426.727 2 452.361 -250
1833 364.978 426.727 2 451.906 -250
1834 374.978 426.727 2 451.672 -250
1835 384.978 426.727 2 451.659 -250
1836 394.978 426.727 2 451.868 -250
1837 404.978 426.727 2 452.297 -250
1838 414.978 426.727 2 452.947 -250
1839 424.978 426.727 2 453.817 -250
1840 434.978 426.727 2 454.905 -250
1841 444.978 426.727 2 456.209 -250
1842 454.978 426.727 2 457.728 -250
1843 464.978 426.727 2 459.46 -106.234
1844 474.978 426.727 2 461.402 -93.3238
1845 484.978 426.727 2 463.552 -250
1846 84.9784 436.727 2 548.031 -121.69
1847 94.9784 436.727 2 542.703 -130.859
1848 104.978 436.727 2 537.509 -151.663
1849 114.978 436.727 2 532.451 -250
1850 124.978 436.727 2 527.534 -250
1851 134.978 436.727 2 522.763 -250
1852 144.978 436.727 2 518.14 -250
1853 154.978 436.727 2 513.671 -110.344
1854 164.978 436.727 2 509.359 -250
1855 174.978 436.727 2 505.208 -250
1856 184.978 436.727 2 501.222 -250
1857 194.978 436.727 2 497.405 -250
1858 204.978 436.727 2 493.761 -250
1859 214.978 436.727 2 490.295 -250
1860 224.978 436.727 2 487.008 -111.301
1861 234.978 436.727 2 483.907 -250
1862 244.978 436.727 2 480.993 -250
1863 254.978 436.727 2 478.27 -250
1864 264.978 436.727 2 475.743 -250
1865 274.978 436.727 2 473.413 -88.6119
1866 284.978 436.727 2 471.283 -96.1884
1867 294.978 436.727 2 469.358 -92.5017
1868 304.978 436.727 2 467.638 -250
1869 314.978 436.727 2 466.126 -250
1870 324.978 436.727 2 464.825 -250
1871 334.978 436.727 2 463.735 -250
1872 344.978 436.727 2 462.86 -250
1873 354.978 436.727 2 462.199 -250
1874 364.978 436.727 2 461.753 -250
1875 374.978 436.727 2 461.524 -250
1876 384.978 436.727 2 461.512 -250
1877 394.978 436.727 2 461.716 -250
1878 404.978 436.727 2 462.136 -250
1879 414.978 436.727 2 462.772 -250
1880 424.978 436.727 2 463.624 -250
1881 434.978 436.727 2 464.688 -250
1882 444.978 436.727 2 465.965 -250
1883 454.978 436.727 2 467.453 -250
1884 464.978 436.727 2 469.149 -118.998
1885 474.978 436.727 2 471.051 -94.6538
1886 484.978 436.727 2 473.157 -250
1887 84.9784 446.727 2 556.359 -121.382
1888 94.9784 446.727 2 551.112 -134.491
1889 104.978 446.727 2 545.997 -154.408
1890 114.978 446.727 2 541.018 -250
1891 124.978 446.727 2 536.18 -250
1892 134.978 446.727 2 531.487 -250
1893 144.978 446.727 2 526.941 -250
1894 154.978 446.727 2 522.547 -109.114
1895 164.978 446.727 2 518.308 -250
1896 174.978 446.727 2 514.229 -250
1897 184.978 446.727 2 510.314 -250
1898 194.978 446.727 2 506.566 -250
1899 204.978 446.727 2 502.988 -250
1900 214.978 446.727 2 499.586 -250
1901 224.978 446.727 2 496.361 -97.5129
1902 234.978 446.727 2 493.318 -250
1903 244.978 446.727 2 490.46 -250
1904 254.978 446.727 2 487.791 -250
1905 264.978 446.727 2 485.312 -250
1906 274.978 446.727 2 483.029 -95.1457
1907 284.978 446.727 2 480.942 -93.8404
1908 294.978 446.727 2 479.055 -96.5278
1909 304.978 446.727 2 477.37 -250
1910 314.978 446.727 2 475.889 -250
1911 324.978 446.727 2 474.615 -250
1912 334.978 446.727 2 473.548 -250
1913 344.978 446.727 2 472.69 -250
1914 354.978 446.727 2 472.043 -250
1915 364.978 446.727 2 471.607 -250
1916 374.978 446.727 2 471.383 -250
1917 384.978 446.727 2 471.37 -250
1918 394.978 446.727 2 471.57 -250
1919 404.978 446.727 2 471.982 -250
1920 414.978 446.727 2 472.605 -250
1921 424.978 446.727 2 473.438 -250
1922 434.978 446.727 2 474.481 -250
1923 444.978 446.727 2 475.732 -250
1924 454.978 446.727 2 477.189 -250
1925 464.978 446.727 2 478.851 -118.483
1926 474.978 446.727 2 480.714 -92.1842
1927 484.978 446.727 2 482.778 -250
1928 84.9784 456.727 2 564.741 -135.777
1929 94.9784 456.727 2 559.572 -132.647
1930 104.978 456.727 2 554.535 -138.241
1931 114.978 456.727 2 549.634 -250
1932 124.978 456.727 2 544.873 -250
1933 134.978 456.727 2 540.254 -250
1934 144.978 456.727 2 535.783 -250
1935 154.978 456.727 2 531.462 -111.835
1936 164.978 456.727 2 527.295 -250
1937 174.978 456.727 2 523.287 -250
1938 184.978 456.727 2 519.439 -250
1939 194.978 456.727 2 515.758 -250
1940 204.978 456.727 2 512.244 -250
1941 214.978 456.727 2 508.904 -250
1942 224.978 456.727 2 505.738 -98.7396
1943 234.978 456.727 2 502.752 -250
1944 244.978 456.727 2 499.948 -250
1945 254.978 456.727 2 497.33 -250
1946 264.978 456.727 2 494.899 -250
1947 274.978 456.727 2 492.66 -98.2931
1948 284.978 456.727 2 490.614 -94.1624
1949 294.978 456.727 2 488.764 -107.513
1950 304.978 456.727 2 487.113 -250
1951 314.978 456.727 2 485.662 -250
1952 324.978 456.727 2 484.413 -250
1953 334.978 456.727 2 483.368 -250
1954 344.978 456.727 2 482.528 -250
1955 354.978 456.727 2 481.894 -250
1956 364.978 456.727 2 481.467 -250
1957 374.978 456.727 2 481.247 -250
1958 384.978 456.727 2 481.235 -250
1959 394.978 456.727 2 481.431 -250
1960 404.978 456.727 2 481.834 -250
1961 414.978 456.727 2 482.444 -250
1962 424.978 456.727 2 483.261 -250
1963 434.978 456.727 2 484.282 -250
1964 444.978 456.727 2 485.508 -250
1965 454.978 456.727 2 486.936 -250
1966 464.978 456.727 2 488.564 -114.288
1967 474.978 456.727 2 490.391 -98.8947
1968 484.978 456.727 2 492.414 -250
1969 84.9784 466.727 2 573.175 -137.963
1970 94.9784 466.727 2 568.083 -130.494
1971 104.978 466.727 2 563.122 -133.643
1972 114.978 466.727 2 558.296 -250
1973 124.978 466.727 2 553.609 -250
1974 134.978 466.727 2 549.065 -250
1975 144.978 466.727 2 544.665 -250
1976 154.978 466.727 2 540.415 -117.21
1977 164.978 466.727 2 536.318 -250
1978 174.978 466.727 2 532.378 -250
1979 184.978 466.727 2 528.597 -250
1980 194.978 466.727 2 524.979 -250
1981 204.978 466.727 2 521.528 -250
1982 214.978 466.727 2 518.247 -250
1983 224.978 466.727 2 515.139 -96.6677
1984 234.978 466.727 2 512.208 -250
1985 244.978 466.727 2 509.456 -250
1986 254.978 466.727 2 506.886 -250
1987 264.978 466.727 2 504.502 -250
1988 274.978 466.727 2 502.305 -91.6142
1989 284.978 466.727 2 500.299 -97.4128
1990 294.978 466.727 2 498.485 -115.988
1991 304.978 466.727 2 496.866 -250
1992 314.978 466.727 2 495.444 -250
1993 324.978 466.727 2 494.22 -250
1994 334.978 466.727 2 493.195 -250
1995 344.978 466.727 2 492.372 -250
1996 354.978 466.727 2 491.75 -250
1997 364.978 466.727 2 491.332 -250
1998 374.978 466.727 2 491.117 -250
1999 384.978 466.727 2 491.105 -250
2000 394.978 466.727 2 491.297 -250
2001 404.978 466.727 2 491.692 -250
2002 414.978 466.727 2 492.29 -250
2003 424.978 466.727 2 493.09 -250
2004 434.978 466.727 2 494.091 -250
2005 444.978 466.727 2 495.293 -250
2006 454.978 466.727 2 496.692 -250
2007 464.978 466.727 2 498.289 -102.264
2008 474.978 466.727 2 500.08 -94.9348
2009 484.978 466.727 2 502.065 -250
2010 84.9784 476.727 2 581.658 -123.875
2011 94.9784 476.727 2 576.641 -138.423
2012 104.978 476.727 2 571.755 -135.445
2013 114.978 476.727 2 567.003 -122.765
2014 124.978 476.727 2 562.388 -124.602
2015 134.978 476.727 2 557.915 -122.023
2016 144.978 476.727 2 553.586 -124.386
2017 154.978 476.727 2 549.405 -148.938
2018 164.978 476.727 2 545.375 -133.315
2019 174.978 476.727 2 541.501 -121.238
2020 184.978 476.727 2 537.784 -124.906
2021 194.978 476.727 2 534.228 -141.837
2022 204.978 476.727 2 530.837 -133.734
2023 214.978 476.727 2 527.614 -131.968
2024 224.978 476.727 2 524.562 -109.885
2025 234.978 476.727 2 521.684 -99.503
2026 244.978 476.727 2 518.982 -109.319
2027 254.978 476.727 2 516.46 -111.736
2028 264.978 476.727 2 514.12 -121.658
2029 274.978 476.727 2 511.965 -91.0603
2030 284.978 476.727 2 509.996 -93.8325
2031 294.978 476.727 2 508.217 -122.238
2032 304.978 476.727 2 506.629 -250
2033 314.978 476.727 2 505.234 -250
2034 324.978 476.727 2 504.034 -250
2035 334.978 476.727 2 503.029 -250
2036 344.978 476.727 2 502.222 -250
2037 354.978 476.727 2 501.613 -250
2038 364.978 476.727 2 501.203 -250
2039 374.978 476.727 2 500.992 -250
2040 384.978 476.727 2 500.98 -250
2041 394.978 476.727 2 501.168 -250
2042 404.978 476.727 2 501.556 -250
2043 414.978 476.727 2 502.142 -250
2044 424.978 476.727 2 502.926 -250
2045 434.978 476.727 2 503.908 -250
2046 444.978 476.727 2 505.086 -250
2047 454.978 476.727 2 506.459 -250
2048 464.978 476.727 2 508.024 -104.374
2049 474.978 476.727 2 509.782 -92.1885
2050 484.978 476.727 2 511.728 -250
2051 84.9784 486.727 2 590.189 -127.876
2052 94.9784 486.727 2 585.245 -129.619
2053 104.978 486.727 2 580.431 -131.067
2054 114.978 486.727 2 575.751 -131.32
2055 124.978 486.727 2 571.207 -121.343
2056 134.978 486.727 2 566.803 -133.012
2057 144.978 486.727 2 562.543 -117.378
2058 154.978 486.727 2 558.429 -114.09
2059 164.978 486.727 2 554.465 -114.837
2060 174.978 486.727 2 550.654 -121.652
2061 184.978 486.727 2 546.999 -134.587
2062 194.978 486.727 2 543.504 -120.63
2063 204.978 486.727 2 540.172 -135.09
2064 214.978 486.727 2 537.005 -127.334
2065 224.978 486.727 2 534.006 -98.0158
2066 234.978 486.727 2 531.179 -97.0426
2067 244.978 486.727 2 528.526 -105.957
2068 254.978 486.727 2 526.049 -110.425
2069 264.978 486.727 2 523.752 -100.719
2070 274.978 486.727 2 521.637 -109.884
2071 284.978 486.727 2 519.705 -100.245
2072 294.978 486.727 2 517.959 -109.251
2073 304.978 486.727 2 516.401 -128.536
2074 314.978 486.727 2 515.033 -137.118
2075 324.978 486.727 2 513.855 -138.324
2076 334.978 486.727 2 512.87 -129.569
2077 344.978 486.727 2 512.078 -144.21
2078 354.978 486.727 2 511.481 -149.651
2079 364.978 486.727 2 511.078 -135.99
2080 374.978 486.727 2 510.871 -142.056
2081 384.978 486.727 2 510.86 -139.291
2082 394.978 486.727 2 511.045 -136.728
2083 404.978 486.727 2 511.424 -135.497
2084 414.978 486.727 2 511.999 -133.887
2085 424.978 486.727 2 512.769 -134.365
2086 434.978 486.727 2 513.732 -132.404
2087 444.978 486.727 2 514.887 -138.37
2088 454.978 486.727 2 516.234 -129.564
2089 464.978 486.727 2 517.77 -104.097
2090 474.978 486.727 2 519.494 -102.349
2091 484.978 486.727 2 521.405 -95.9897
2092 84.9784 496.727 2 598.766 -125.254
2093 94.9784 496.727 2 593.893 -132.288
2094 104.978 496.727 2 589.15 -250
2095 114.978 496.727 2 584.539 -250
2096 124.978 496.727 2 580.064 -250
2097 134.978 496.727 2 575.728 -250
2098 144.978 496.727 2 571.534 -250
2099 154.978 496.727 2 567.486 -250
2100 164.978 496.727 2 563.585 -250
2101 174.978 496.727 2 559.837 -250
2102 184.978 496.727 2 556.242 -250
2103 194.978 496.727 2 552.805 -250
2104 204.978 496.727 2 549.529 -144.834
2105 214.978 496.727 2 546.416 -119.964
2106 224.978 496.727 2 543.47 -108.16
2107 234.978 496.727 2 540.692 -250
2108 244.978 496.727 2 538.086 -250
2109 254.978 496.727 2 535.654 -250
2110 264.978 496.727 2 533.398 -250
2111 274.978 496.727 2 531.321 -93.7998
2112 284.978 496.727 2 529.424 -111.358
2113 294.978 496.727 2 527.711 -110.282
2114 304.978 496.727 2 526.182 -119.147
2115 314.978 496.727 2 524.839 -131.529
2116 324.978 496.727 2 523.683 -141.425
2117 334.978 496.727 2 522.717 -142.115
2118 344.978 496.727 2 521.94 -140.369
2119 354.978 496.727 2 521.354 -138.94
2120 364.978 496.727 2 520.959 -144.206
2121 374.978 496.727 2 520.756 -149.361
2122 384.978 496.727 2 520.745 -144.118
2123 394.978 496.727 2 520.926 -148.917
2124 404.978 496.727 2 521.298 -135.114
2125 414.978 496.727 2 521.863 -150.953
2126 424.978 496.727 2 522.617 -135.474
2127 434.978 496.727 2 523.562 -150.565
2128 444.978 496.727 2 524.696 -133.544
2129 454.978 496.727 2 526.018 -127.93
2130 464.978 496.727 2 527.525 -105.098
2131 474.978 496.727 2 529.218 -95.7715
2132 484.978 496.727 2 531.093 -93.3871
2133 84.9784 506.727 2 607.386 -126.291
2134 94.9784 506.727 2 602.583 -126.591
2135 104.978 506.727 2 597.908 -250
2136 114.978 506.727 2 593.366 -250
2137 124.978 506.727 2 588.958 -250
2138 134.978 506.727 2 584.688 -250
2139 144.978 506.727 2 580.559 -250
2140 154.978 506.727 2 576.573 -250
2141 164.978 506.727 2 572.735 -250
2142 174.978 506.727 2 569.047 -250
2143 184.978 506.727 2 565.511 -250
2144 194.978 506.727 2 562.131 -250
2145 204.978 506.727 2 558.909 -133.476
2146 214.978 506.727 2 555.849 -108.071
2147 224.978 506.727 2 552.952 -117.535
2148 234.978 506.727 2 550.223 -250
2149 244.978 506.727 2 547.662 -250
2150 254.978 506.727 2 545.272 -250
2151 264.978 506.727 2 543.056 -250
2152 274.978 506.727 2 541.016 -94.2722
2153 284.978 506.727 2 539.154 -98.8397
2154 294.978 506.727 2 537.472 -250
2155 304.978 506.727 2 535.97 -250
2156 314.978 506.727 2 534.652 -250
2157 324.978 506.727 2 533.518 -250
2158 334.978 506.727 2 532.569 -250
2159 344.978 506.727 2 531.806 -250
2160 354.978 506.727 2 531.231 -250
2161 364.978 506.727 2 530.844 -250
2162 374.978 506.727 2 530.645 -250
2163 384.978 506.727 2 530.634 -250
2164 394.978 506.727 2 530.811 -250
2165 404.978 506.727 2 531.177 -250
2166 414.978 506.727 2 531.731 -250
2167 424.978 506.727 2 532.472 -136.107
2168 434.978 506.727 2 533.399 -134.727
2169 444.978 506.727 2 534.512 -135.489
2170 454.978 506.727 2 535.809 -116.505
2171 464.978 506.727 2 537.289 -102.029
2172 474.978 506.727 2 538.951 -93.8893
2173 484.978 506.727 2 540.793 -250
2174 84.9784 516.727 2 616.048 -126.622
2175 94.9784 516.727 2 611.313 -131.054
2176 104.978 516.727 2 606.706 -250
2177 114.978 516.727 2 602.229 -250
2178 124.978 516.727 2 597.887 -250
2179 134.978 516.727 2 593.681 -250
2180 144.978 516.727 2 589.615 -250
2181 154.978 516.727 2 585.691 -250
2182 164.978 516.727 2 581.913 -250
2183 174.978 516.727 2 578.283 -250
2184 184.978 516.727 2 574.804 -250
2185 194.978 516.727 2 571.479 -250
2186 204.978 516.727 2 568.31 -118.335
2187 214.978 516.727 2 565.301 -100.934
2188 224.978 516.727 2 562.453 -107.859
2189 234.978 516.727 2 559.769 -250
2190 244.978 516.727 2 557.252 -250
2191 254.978 516.727 2 554.904 -250
2192 264.978 516.727 2 552.727 -250
2193 274.978 516.727 2 550.723 -94.9777
2194 284.978 516.727 2 548.894 -97.5855
2195 294.978 516.727 2 547.241 -250
2196 304.978 516.727 2 545.767 -250
2197 314.978 516.727 2 544.472 -250
2198 324.978 516.727 2 543.358 -250
2199 334.978 516.727 2 542.427 -250
2200 344.978 516.727 2 541.678 -250
2201 354.978 516.727 2 541.113 -250
2202 364.978 516.727 2 540.733 -250
2203 374.978 516.727 2 540.537 -250
2204 384.978 516.727 2 540.527 -250
2205 394.978 516.727 2 540.701 -250
2206 404.978 516.727 2 541.06 -250
2207 414.978 516.727 2 541.604 -250
2208 424.978 516.727 2 542.331 -133.952
2209 434.978 516.727 2 543.242 -131.445
2210 444.978 516.727 2 544.334 -131.15
2211 454.978 516.727 2 545.608 -119.479
2212 464.978 516.727 2 547.062 -94.9649
2213 474.978 516.727 2 548.694 -95.5532
2214 484.978 516.727 2 550.503 -250
2215 84.9784 526.727 2 624.749 -126.395
2216 94.9784 526.727 2 620.081 -167.105
2217 104.978 526.727 2 615.539 -250
2218 114.978 526.727 2 611.128 -250
2219 124.978 526.727 2 606.849 -250
2220 134.978 526.727 2 602.706 -250
2221 144.978 526.727 2 598.701 -250
2222 154.978 526.727 2 594.837 -250
2223 164.978 526.727 2 591.117 -250
2224 174.978 526.727 2 587.544 -250
2225 184.978 526.727 2 584.12 -250
2226 194.978 526.727 2 580.848 -250
2227 204.978 526.727 2 577.731 -121.79
2228 214.978 526.727 2 574.771 -103.123
2229 224.978 526.727 2 571.971 -106.732
2230 234.978 526.727 2 569.332 -250
2231 244.978 526.727 2 566.857 -250
2232 254.978 526.727 2 564.549 -250
2233 264.978 526.727 2 562.409 -250
2234 274.978 526.727 2 560.44 -95.002
2235 284.978 526.727 2 558.642 -93.5812
2236 294.978 526.727 2 557.019 -250
2237 304.978 526.727 2 555.57 -250
2238 314.978 526.727 2 554.298 -250
2239 324.978 526.727 2 553.204 -250
2240 334.978 526.727 2 552.29 -250
2241 344.978 526.727 2 551.554 -250
2242 354.978 526.727 2 551 -250
2243 364.978 526.727 2 550.626 -250
2244 374.978 526.727 2 550.434 -250
2245 384.978 526.727 2 550.424 -250
2246 394.978 526.727 2 550.595 -250
2247 404.978 526.727 2 550.947 -250
2248 414.978 526.727 2 551.481 -250
2249 424.978 526.727 2 552.196 -133.296
2250 434.978 526.727 2 553.09 -131.473
2251 444.978 526.727 2 554.163 -122.857
2252 454.978 526.727 2 555.415 -108.654
2253 464.978 526.727 2 556.843 -95.0982
2254 474.978 526.727 2 558.446 -95.0365
2255 484.978 526.727 2 560.224 -250
2256 84.9784 536.727 2 633.489 -148.772
2257 94.9784 536.727 2 628.886 -167.556
2258 104.978 536.727 2 624.408 -250
2259 114.978 536.727 2 620.06 -250
2260 124.978 536.727 2 615.843 -250
2261 134.978 536.727 2 611.761 -250
2262 144.978 536.727 2 607.815 -250
2263 154.978 536.727 2 604.01 -250
2264 164.978 536.727 2 600.347 -250
2265 174.978 536.727 2 596.829 -250
2266 184.978 536.727 2 593.459 -250
2267 194.978 536.727 2 590.239 -250
2268 204.978 536.727 2 587.172 -111.63
2269 214.978 536.727 2 584.259 -115.413
2270 224.978 536.727 2 581.504 -117.171
2271 234.978 536.727 2 578.909 -250
2272 244.978 536.727 2 576.476 -250
2273 254.978 536.727 2 574.206 -250
2274 264.978 536.727 2 572.103 -250
2275 274.978 536.727 2 570.166 -92.3836
2276 284.978 536.727 2 568.4 -94.2294
2277 294.978 536.727 2 566.804 -250
2278 304.978 536.727 2 565.381 -250
2279 314.978 536.727 2 564.131 -250
2280 324.978 536.727 2 563.056 -250
2281 334.978 536.727 2 562.157 -250
2282 344.978 536.727 2 561.435 -250
2283 354.978 536.727 2 560.89 -250
2284 364.978 536.727 2 560.523 -250
2285 374.978 536.727 2 560.334 -250
2286 384.978 536.727 2 560.324 -250
2287 394.978 536.727 2 560.492 -250
2288 404.978 536.727 2 560.839 -250
2289 414.978 536.727 2 561.363 -250
2290 424.978 536.727 2 562.065 -131.663
2291 434.978 536.727 2 562.944 -130.803
2292 444.978 536.727 2 563.998 -124.661
2293 454.978 536.727 2 565.228 -107.096
2294 464.978 536.727 2 566.631 -96.4511
2295 474.978 536.727 2 568.207 -105.189
2296 484.978 536.727 2 569.954 -250
2297 84.9784 546.727 2 642.266 -137.12
2298 94.9784 546.727 2 637.726 -142.306
2299 104.978 546.727 2 633.311 -250
2300 114.978 546.727 2 629.024 -250
2301 124.978 546.727 2 624.868 -250
2302 134.978 546.727 2 620.845 -250
2303 144.978 546.727 2 616.958 -250
2304 154.978 546.727 2 613.209 -250
2305 164.978 546.727 2 609.601 -250
2306 174.978 546.727 2 606.137 -250
2307 184.978 546.727 2 602.819 -250
2308 194.978 546.727 2 599.649 -250
2309 204.978 546.727 2 596.63 -99.1845
2310 214.978 546.727 2 593.764 -115.39
2311 224.978 546.727 2 591.054 -118.398
2312 234.978 546.727 2 588.501 -250
2313 244.978 546.727 2 586.107 -250
2314 254.978 546.727 2 583.875 -250
2315 264.978 546.727 2 581.806 -250
2316 274.978 546.727 2 579.902 -88.9147
2317 284.978 546.727 2 578.165 -96.33
2318 294.978 546.727 2 576.597 -250
2319 304.978 546.727 2 575.198 -250
2320 314.978 546.727 2 573.969 -250
2321 324.978 546.727 2 572.913 -250
2322 334.978 546.727 2 572.029 -250
2323 344.978 546.727 2 571.32 -250
2324 354.978 546.727 2 570.784 -250
2325 364.978 546.727 2 570.424 -250
2326 374.978 546.727 2 570.238 -250
2327 384.978 546.727 2 570.228 -250
2328 394.978 546.727 2 570.393 -250
2329 404.978 546.727 2 570.734 -250
2330 414.978 546.727 2 571.249 -250
2331 424.978 546.727 2 571.939 -132.409
2332 434.978 546.727 2 572.802 -134.357
2333 444.978 546.727 2 573.839 -120.659
2334 454.978 546.727 2 575.047 -104.26
2335 464.978 546.727 2 576.427 -96.0695
2336 474.978 546.727 2 577.976 -103.478
2337 484.978 546.727 2 579.694 -250
2338 84.9784 556.727 2 651.078 -131.859
2339 94.9784 556.727 2 646.6 -166.78
2340 104.978 556.727 2 642.246 -156.808
2341 114.978 556.727 2 638.019 -156.263
2342 124.978 556.727 2 633.922 -155.085
2343 134.978 556.727 2 629.956 -159.242
2344 144.978 556.727 2 626.126 -165.53
2345 154.978 556.727 2 622.432 -159.208
2346 164.978 556.727 2 618.878 -157.57
2347 174.978 556.727 2 615.467 -157.671
2348 184.978 556.727 2 612.199 -158.786
2349 194.978 556.727 2 609.078 -157.097
2350 204.978 556.727 2 606.106 -101.62
2351 214.978 556.727 2 603.285 -109.167
2352 224.978 556.727 2 600.618 -122.611
2353 234.978 556.727 2 598.105 -145.146
2354 244.978 556.727 2 595.75 -157.206
2355 254.978 556.727 2 593.554 -143.307
2356 264.978 556.727 2 591.52 -116.841
2357 274.978 556.727 2 589.647 -95.8359
2358 284.978 556.727 2 587.939 -97.7151
2359 294.978 556.727 2 586.396 -132.001
2360 304.978 556.727 2 585.021 -167.617
2361 314.978 556.727 2 583.813 -171.559
2362 324.978 556.727 2 582.775 -173.567
2363 334.978 556.727 2 581.906 -175.879
2364 344.978 556.727 2 581.208 -174.073
2365 354.978 556.727 2 580.682 -175.416
2366 364.978 556.727 2 580.328 -172.844
2367 374.978 556.727 2 580.145 -173.102
2368 384.978 556.727 2 580.135 -165.766
2369 394.978 556.727 2 580.298 -171.761
2370 404.978 556.727 2 580.633 -156.085
2371 414.978 556.727 2 581.139 -137.282
2372 424.978 556.727 2 581.817 -132.541
2373 434.978 556.727 2 582.666 -124.338
2374 444.978 556.727 2 583.685 -115.246
2375 454.978 556.727 2 584.873 -99.6042
2376 464.978 556.727 2 586.229 -95.2041
2377 474.978 556.727 2 587.753 -97.9172
2378 484.978 556.727 2 589.442 -121.271
2379 84.9784 566.727 2 659.924 -142.004
2380 94.9784 566.727 2 655.506 -163.59
2381 104.978 566.727 2 651.212 -146.338
2382 114.978 566.727 2 647.043 -145.699
2383 124.978 566.727 2 643.004 -149.244
2384 134.978 566.727 2 639.095 -156.249
2385 144.978 566.727 2 635.319 -152.686
2386 154.978 566.727 2 631.68 -148.539
2387 164.978 566.727 2 628.178 -147.477
2388 174.978 566.727 2 624.817 -149.212
2389 184.978 566.727 2 621.598 -150.93
2390 194.978 566.727 2 618.525 -130.54
2391 204.978 566.727 2 615.598 -112.615
2392 214.978 566.727 2 612.821 -117.388
2393 224.978 566.727 2 610.195 -119.931
2394 234.978 566.727 2 607.723 -134.219
2395 244.978 566.727 2 605.405 -139.395
2396 254.978 566.727 2 603.244 -137.431
2397 264.978 566.727 2 601.242 -93.754
2398 274.978 566.727 2 599.4 -102.633
2399 284.978 566.727 2 597.72 -116.53
2400 294.978 566.727 2 596.203 -122.072
2401 304.978 566.727 2 594.85 -149.879
2402 314.978 566.727 2 593.662 -165.258
2403 324.978 566.727 2 592.641 -167.2
2404 334.978 566.727 2 591.787 -165.706
2405 344.978 566.727 2 591.101 -168.441
2406 354.978 566.727 2 590.583 -170.391
2407 364.978 566.727 2 590.235 -153.939
2408 374.978 566.727 2 590.056 -159.172
2409 384.978 566.727 2 590.046 -156.35
2410 394.978 566.727 2 590.206 -156.825
2411 404.978 566.727 2 590.535 -137.994
2412 414.978 566.727 2 591.033 -137.73
2413 424.978 566.727 2 591.699 -133.876
2414 434.978 566.727 2 592.534 -128.234
2415 444.978 566.727 2 593.536 -112.018
2416 454.978 566.727 2 594.705 -96.9572
2417 464.978 566.727 2 596.039 -95.0783
2418 474.978 566.727 2 597.537 -94.6379
2419 484.978 566.727 2 599.199 -112.286
2420 84.9784 576.727 2 668.802 -136.055
2421 94.9784 576.727 2 664.444 -137.25
2422 104.978 576.727 2 660.207 -141.695
2423 114.978 576.727 2 656.096 -145.108
2424 124.978 576.727 2 652.112 -148.509
2425 134.978 576.727 2 648.259 -142.798
2426 144.978 576.727 2 644.537 -141.46
2427 154.978 576.727 2 640.949 -141.932
2428 164.978 576.727 2 637.499 -141.668
2429 174.978 576.727 2 634.187 -146.219
2430 184.978 576.727 2 631.016 -144.029
2431 194.978 576.727 2 627.989 -106.425
2432 204.978 576.727 2 625.107 -109.396
2433 214.978 576.727 2 622.372 -119.06
2434 224.978 576.727 2 619.787 -123.539
2435 234.978 576.727 2 617.352 -133.141
2436 244.978 576.727 2 615.071 -155.027
2437 254.978 576.727 2 612.944 -135.985
2438 264.978 576.727 2 610.974 -95.1359
2439 274.978 576.727 2 609.162 -99.1376
2440 284.978 576.727 2 607.508 -98.0815
2441 294.978 576.727 2 606.016 -95.6099
2442 304.978 576.727 2 604.684 -138.977
2443 314.978 576.727 2 603.516 -154.269
2444 324.978 576.727 2 602.512 -147.863
2445 334.978 576.727 2 601.672 -155.984
2446 344.978 576.727 2 600.997 -165.191
2447 354.978 576.727 2 600.488 -157.094
2448 364.978 576.727 2 600.145 -154.301
2449 374.978 576.727 2 599.969 -151.62
2450 384.978 576.727 2 599.959 -151.479
2451 394.978 576.727 2 600.116 -139.756
2452 404.978 576.727 2 600.44 -138.774
2453 414.978 576.727 2 600.93 -139.511
2454 424.978 576.727 2 601.586 -124.293
2455 434.978 576.727 2 602.407 -123.014
2456 444.978 576.727 2 603.392 -110.628
2457 454.978 576.727 2 604.542 -97.7173
2458 464.978 576.727 2 605.854 -97.9592
2459 474.978 576.727 2 607.328 -100.194
2460 484.978 576.727 2 608.963 -117.185
2461 84.9784 586.727 2 677.712 -137.781
2462 94.9784 586.727 2 673.411 -135.127
2463 104.978 586.727 2 669.231 -139.227
2464 114.978 586.727 2 665.176 -138.046
2465 124.978 586.727 2 661.247 -139.734
2466 134.978 586.727 2 657.447 -139.154
2467 144.978 586.727 2 653.777 -142.199
2468 154.978 586.727 2 650.241 -145.524
2469 164.978 586.727 2 646.84 -140.447
2470 174.978 586.727 2 643.576 -140.247
2471 184.978 586.727 2 640.452 -127.893
2472 194.978 586.727 2 637.469 -105.262
2473 204.978 586.727 2 634.63 -114.988
2474 214.978 586.727 2 631.937 -114.186
2475 224.978 586.727 2 629.391 -125.598
2476 234.978 586.727 2 626.994 -139.399
2477 244.978 586.727 2 624.748 -133.655
2478 254.978 586.727 2 622.654 -119.926
2479 264.978 586.727 2 620.714 -98.6152
2480 274.978 586.727 2 618.93 -101.07
2481 284.978 586.727 2 617.303 -105.937
2482 294.978 586.727 2 615.834 -102.858
2483 304.978 586.727 2 614.524 -129.724
2484 314.978 586.727 2 613.375 -143.498
2485 324.978 586.727 2 612.387 -169.885
2486 334.978 586.727 2 611.56 -150.617
2487 344.978 586.727 2 610.896 -158.119
2488 354.978 586.727 2 610.396 -156.634
2489 364.978 586.727 2 610.058 -161.835
2490 374.978 586.727 2 609.885 -158.286
2491 384.978 586.727 2 609.876 -138.152
2492 394.978 586.727 2 610.03 -139.763
2493 404.978 586.727 2 610.348 -138.903
2494 414.978 586.727 2 610.83 -134.367
2495 424.978 586.727 2 611.475 -131.75
2496 434.978 586.727 2 612.283 -138.604
2497 444.978 586.727 2 613.253 -111.328
2498 454.978 586.727 2 614.384 -101.659
2499 464.978 586.727 2 615.675 -104.454
2500 474.978 586.727 2 617.126 -102.931
2501 484.978 586.727 2 618.735 -120.213
