# <Transmitter Set: Tx: 18 tx_ant_grid_40_m - Point 24> 
# <Receiver Set: Rx: 17 rx_ant_grid> 
# <X(m)> <Y(m)> <Z(m)> <Distance(m)> <PathGain(dB)>
1 84.9784 -13.2734 2 494.926 -110.15
2 94.9784 -13.2734 2 489.02 -127.641
3 104.978 -13.2734 2 483.248 -124.828
4 114.978 -13.2734 2 477.616 -169.174
5 124.978 -13.2734 2 472.129 -132.609
6 134.978 -13.2734 2 466.792 -134.689
7 144.978 -13.2734 2 461.609 -146.719
8 154.978 -13.2734 2 456.587 -152.584
9 164.978 -13.2734 2 451.73 -172.032
10 174.978 -13.2734 2 447.044 -139.1
11 184.978 -13.2734 2 442.534 -136.248
12 194.978 -13.2734 2 438.207 -140.575
13 204.978 -13.2734 2 434.066 -139.511
14 214.978 -13.2734 2 430.119 -137.202
15 224.978 -13.2734 2 426.369 -134.388
16 234.978 -13.2734 2 422.823 -134.287
17 244.978 -13.2734 2 419.485 -137.241
18 254.978 -13.2734 2 416.361 -149.051
19 264.978 -13.2734 2 413.454 -120.86
20 274.978 -13.2734 2 410.771 -122.512
21 284.978 -13.2734 2 408.315 -134.387
22 294.978 -13.2734 2 406.091 -161.901
23 304.978 -13.2734 2 404.102 -124.185
24 314.978 -13.2734 2 402.352 -156.827
25 324.978 -13.2734 2 400.843 -159.408
26 334.978 -13.2734 2 399.58 -156.639
27 344.978 -13.2734 2 398.563 -138.571
28 354.978 -13.2734 2 397.795 -161.184
29 364.978 -13.2734 2 397.277 -145.554
30 374.978 -13.2734 2 397.011 -151.09
31 384.978 -13.2734 2 396.997 -138.713
32 394.978 -13.2734 2 397.234 -106.091
33 404.978 -13.2734 2 397.723 -114.343
34 414.978 -13.2734 2 398.462 -112.923
35 424.978 -13.2734 2 399.45 -101.108
36 434.978 -13.2734 2 400.685 -103.921
37 444.978 -13.2734 2 402.166 -126.242
38 454.978 -13.2734 2 403.888 -150.776
39 464.978 -13.2734 2 405.85 -146.62
40 474.978 -13.2734 2 408.047 -113.362
41 484.978 -13.2734 2 410.477 -117.364
42 84.9784 -3.2734 2 486.979 -111.154
43 94.9784 -3.2734 2 480.975 -123.778
44 104.978 -3.2734 2 475.106 -120.371
45 114.978 -3.2734 2 469.377 -186.563
46 124.978 -3.2734 2 463.792 -186.438
47 134.978 -3.2734 2 458.357 -134.002
48 144.978 -3.2734 2 453.078 -151.335
49 154.978 -3.2734 2 447.96 -151.333
50 164.978 -3.2734 2 443.009 -182.103
51 174.978 -3.2734 2 438.23 -144.616
52 184.978 -3.2734 2 433.629 -138.06
53 194.978 -3.2734 2 429.211 -139.307
54 204.978 -3.2734 2 424.983 -141.036
55 214.978 -3.2734 2 420.95 -145.022
56 224.978 -3.2734 2 417.118 -144.639
57 234.978 -3.2734 2 413.493 -138.378
58 244.978 -3.2734 2 410.079 -137.989
59 254.978 -3.2734 2 406.882 -141.359
60 264.978 -3.2734 2 403.908 -123.134
61 274.978 -3.2734 2 401.161 -135.89
62 284.978 -3.2734 2 398.646 -122.394
63 294.978 -3.2734 2 396.367 -169.19
64 304.978 -3.2734 2 394.329 -168.89
65 314.978 -3.2734 2 392.535 -168.598
66 324.978 -3.2734 2 390.989 -168.27
67 334.978 -3.2734 2 389.693 -168.734
68 344.978 -3.2734 2 388.651 -177.246
69 354.978 -3.2734 2 387.863 -186.471
70 364.978 -3.2734 2 387.332 -182.639
71 374.978 -3.2734 2 387.059 -178.171
72 384.978 -3.2734 2 387.044 -152.649
73 394.978 -3.2734 2 387.288 -106.814
74 404.978 -3.2734 2 387.789 -111.234
75 414.978 -3.2734 2 388.547 -120.6
76 424.978 -3.2734 2 389.56 -95.4239
77 434.978 -3.2734 2 390.827 -107.762
78 444.978 -3.2734 2 392.345 -250
79 454.978 -3.2734 2 394.11 -250
80 464.978 -3.2734 2 396.12 -250
81 474.978 -3.2734 2 398.371 -121.67
82 484.978 -3.2734 2 400.859 -108.687
83 84.9784 6.7266 2 479.11 -111.041
84 94.9784 6.7266 2 473.006 -119.863
85 104.978 6.7266 2 467.036 -125.82
86 114.978 6.7266 2 461.206 -129.173
87 124.978 6.7266 2 455.522 -250
88 134.978 6.7266 2 449.987 -132.153
89 144.978 6.7266 2 444.609 -149.005
90 154.978 6.7266 2 439.392 -250
91 164.978 6.7266 2 434.343 -250
92 174.978 6.7266 2 429.467 -154.557
93 184.978 6.7266 2 424.771 -148.143
94 194.978 6.7266 2 420.261 -146.348
95 204.978 6.7266 2 415.942 -149.833
96 214.978 6.7266 2 411.821 -153.334
97 224.978 6.7266 2 407.903 -147.29
98 234.978 6.7266 2 404.194 -145.832
99 244.978 6.7266 2 400.701 -147.514
100 254.978 6.7266 2 397.429 -150.078
101 264.978 6.7266 2 394.384 -122.281
102 274.978 6.7266 2 391.57 -120.609
103 284.978 6.7266 2 388.993 -119.614
104 294.978 6.7266 2 386.658 -250
105 304.978 6.7266 2 384.568 -250
106 314.978 6.7266 2 382.728 -250
107 324.978 6.7266 2 381.142 -250
108 334.978 6.7266 2 379.813 -250
109 344.978 6.7266 2 378.743 -250
110 354.978 6.7266 2 377.935 -250
111 364.978 6.7266 2 377.39 -250
112 374.978 6.7266 2 377.11 -250
113 384.978 6.7266 2 377.095 -250
114 394.978 6.7266 2 377.345 -120.186
115 404.978 6.7266 2 377.859 -116.361
116 414.978 6.7266 2 378.637 -106.831
117 424.978 6.7266 2 379.677 -89.7953
118 434.978 6.7266 2 380.976 -101.772
119 444.978 6.7266 2 382.533 -250
120 454.978 6.7266 2 384.343 -250
121 464.978 6.7266 2 386.404 -250
122 474.978 6.7266 2 388.712 -111.948
123 484.978 6.7266 2 391.261 -111.53
124 84.9784 16.7266 2 471.32 -109.707
125 94.9784 16.7266 2 465.114 -121.813
126 104.978 16.7266 2 459.042 -116.259
127 114.978 16.7266 2 453.11 -131.685
128 124.978 16.7266 2 447.322 -250
129 134.978 16.7266 2 441.685 -145.234
130 144.978 16.7266 2 436.204 -160.103
131 154.978 16.7266 2 430.886 -250
132 164.978 16.7266 2 425.736 -250
133 174.978 16.7266 2 420.76 -250
134 184.978 16.7266 2 415.966 -250
135 194.978 16.7266 2 411.359 -250
136 204.978 16.7266 2 406.946 -250
137 214.978 16.7266 2 402.732 -250
138 224.978 16.7266 2 398.725 -250
139 234.978 16.7266 2 394.931 -250
140 244.978 16.7266 2 391.355 -250
141 254.978 16.7266 2 388.004 -250
142 264.978 16.7266 2 384.884 -119.78
143 274.978 16.7266 2 382 -125.241
144 284.978 16.7266 2 379.358 -124.21
145 294.978 16.7266 2 376.963 -250
146 304.978 16.7266 2 374.819 -250
147 314.978 16.7266 2 372.932 -250
148 324.978 16.7266 2 371.304 -143.222
149 334.978 16.7266 2 369.939 -147.715
150 344.978 16.7266 2 368.841 -250
151 354.978 16.7266 2 368.011 -250
152 364.978 16.7266 2 367.451 -250
153 374.978 16.7266 2 367.163 -250
154 384.978 16.7266 2 367.148 -145.875
155 394.978 16.7266 2 367.404 -131.652
156 404.978 16.7266 2 367.933 -108.801
157 414.978 16.7266 2 368.731 -116.86
158 424.978 16.7266 2 369.799 -91.4538
159 434.978 16.7266 2 371.133 -104.071
160 444.978 16.7266 2 372.731 -250
161 454.978 16.7266 2 374.589 -250
162 464.978 16.7266 2 376.703 -250
163 474.978 16.7266 2 379.07 -123.535
164 484.978 16.7266 2 381.683 -119.458
165 84.9784 26.7266 2 463.616 -113.254
166 94.9784 26.7266 2 457.306 -117.488
167 104.978 26.7266 2 451.129 -115.439
168 114.978 26.7266 2 445.09 -120.792
169 124.978 26.7266 2 439.197 -130.108
170 134.978 26.7266 2 433.454 -134.418
171 144.978 26.7266 2 427.868 -140.47
172 154.978 26.7266 2 422.444 -250
173 164.978 26.7266 2 417.19 -250
174 174.978 26.7266 2 412.112 -250
175 184.978 26.7266 2 407.216 -250
176 194.978 26.7266 2 402.509 -250
177 204.978 26.7266 2 397.997 -250
178 214.978 26.7266 2 393.688 -250
179 224.978 26.7266 2 389.588 -250
180 234.978 26.7266 2 385.704 -250
181 244.978 26.7266 2 382.041 -250
182 254.978 26.7266 2 378.608 -250
183 264.978 26.7266 2 375.41 -122.281
184 274.978 26.7266 2 372.453 -124.935
185 284.978 26.7266 2 369.743 -127.598
186 294.978 26.7266 2 367.285 -250
187 304.978 26.7266 2 365.084 -250
188 314.978 26.7266 2 363.146 -148.62
189 324.978 26.7266 2 361.474 -142.137
190 334.978 26.7266 2 360.072 -147.588
191 344.978 26.7266 2 358.944 -124.545
192 354.978 26.7266 2 358.091 -143.167
193 364.978 26.7266 2 357.516 -250
194 374.978 26.7266 2 357.22 -250
195 384.978 26.7266 2 357.204 -151.18
196 394.978 26.7266 2 357.467 -173.744
197 404.978 26.7266 2 358.01 -107.24
198 414.978 26.7266 2 358.831 -114.751
199 424.978 26.7266 2 359.928 -96.6964
200 434.978 26.7266 2 361.299 -108.889
201 444.978 26.7266 2 362.94 -89.9672
202 454.978 26.7266 2 364.848 -250
203 464.978 26.7266 2 367.018 -250
204 474.978 26.7266 2 369.447 -116.483
205 484.978 26.7266 2 372.128 -117.09
206 84.9784 36.7266 2 456.001 -159.368
207 94.9784 36.7266 2 449.584 -115.641
208 104.978 36.7266 2 443.299 -117.697
209 114.978 36.7266 2 437.153 -123.502
210 124.978 36.7266 2 431.151 -123.639
211 134.978 36.7266 2 425.299 -127.949
212 144.978 36.7266 2 419.604 -136.758
213 154.978 36.7266 2 414.073 -250
214 164.978 36.7266 2 408.711 -250
215 174.978 36.7266 2 403.526 -250
216 184.978 36.7266 2 398.525 -250
217 194.978 36.7266 2 393.713 -158.876
218 204.978 36.7266 2 389.1 -146.647
219 214.978 36.7266 2 384.691 -147.708
220 224.978 36.7266 2 380.494 -250
221 234.978 36.7266 2 376.516 -250
222 244.978 36.7266 2 372.764 -250
223 254.978 36.7266 2 369.244 -250
224 264.978 36.7266 2 365.964 -114.669
225 274.978 36.7266 2 362.93 -123.826
226 284.978 36.7266 2 360.148 -121.963
227 294.978 36.7266 2 357.624 -250
228 304.978 36.7266 2 355.364 -250
229 314.978 36.7266 2 353.372 -146.866
230 324.978 36.7266 2 351.654 -145.058
231 334.978 36.7266 2 350.213 -141.444
232 344.978 36.7266 2 349.052 -165.795
233 354.978 36.7266 2 348.175 -149.156
234 364.978 36.7266 2 347.584 -140.929
235 374.978 36.7266 2 347.279 -134.353
236 384.978 36.7266 2 347.263 -250
237 394.978 36.7266 2 347.534 -250
238 404.978 36.7266 2 348.093 -108.793
239 414.978 36.7266 2 348.937 -123.765
240 424.978 36.7266 2 350.065 -103.979
241 434.978 36.7266 2 351.474 -106.261
242 444.978 36.7266 2 353.161 -87.1417
243 454.978 36.7266 2 355.121 -250
244 464.978 36.7266 2 357.35 -250
245 474.978 36.7266 2 359.844 -123.182
246 484.978 36.7266 2 362.597 -116.474
247 84.9784 46.7266 2 448.48 -141.85
248 94.9784 46.7266 2 441.953 -169.689
249 104.978 46.7266 2 435.558 -161.296
250 114.978 46.7266 2 429.301 -118.806
251 124.978 46.7266 2 423.188 -120.671
252 134.978 46.7266 2 417.225 -139.755
253 144.978 46.7266 2 411.418 -132.951
254 154.978 46.7266 2 405.775 -250
255 164.978 46.7266 2 400.302 -250
256 174.978 46.7266 2 395.007 -250
257 184.978 46.7266 2 389.896 -250
258 194.978 46.7266 2 384.977 -250
259 204.978 46.7266 2 380.258 -134.245
260 214.978 46.7266 2 375.745 -95.7686
261 224.978 46.7266 2 371.447 -96.0712
262 234.978 46.7266 2 367.371 -103.34
263 244.978 46.7266 2 363.524 -136.675
264 254.978 46.7266 2 359.914 -128.041
265 264.978 46.7266 2 356.548 -121.338
266 274.978 46.7266 2 353.433 -120.381
267 284.978 46.7266 2 350.576 -126.365
268 294.978 46.7266 2 347.983 -250
269 304.978 46.7266 2 345.66 -250
270 314.978 46.7266 2 343.612 -250
271 324.978 46.7266 2 341.844 -250
272 334.978 46.7266 2 340.362 -250
273 344.978 46.7266 2 339.167 -250
274 354.978 46.7266 2 338.265 -250
275 364.978 46.7266 2 337.656 -143.236
276 374.978 46.7266 2 337.343 -121.802
277 384.978 46.7266 2 337.325 -250
278 394.978 46.7266 2 337.605 -250
279 404.978 46.7266 2 338.18 -109.758
280 414.978 46.7266 2 339.049 -122.069
281 424.978 46.7266 2 340.209 -110.758
282 434.978 46.7266 2 341.659 -96.0677
283 444.978 46.7266 2 343.394 -100.412
284 454.978 46.7266 2 345.41 -250
285 464.978 46.7266 2 347.701 -250
286 474.978 46.7266 2 350.264 -115.804
287 484.978 46.7266 2 353.091 -139.893
288 84.9784 56.7266 2 441.057 -129.466
289 94.9784 56.7266 2 434.419 -148.615
290 104.978 56.7266 2 427.911 -129.933
291 114.978 56.7266 2 421.541 -121.316
292 124.978 56.7266 2 415.313 -128.082
293 134.978 56.7266 2 409.235 -123.399
294 144.978 56.7266 2 403.314 -120.413
295 154.978 56.7266 2 397.556 -250
296 164.978 56.7266 2 391.968 -250
297 174.978 56.7266 2 386.558 -250
298 184.978 56.7266 2 381.334 -250
299 194.978 56.7266 2 376.304 -250
300 204.978 56.7266 2 371.474 -109.418
301 214.978 56.7266 2 366.853 -102.659
302 224.978 56.7266 2 362.45 -138.775
303 234.978 56.7266 2 358.271 -121.912
304 244.978 56.7266 2 354.326 -118.925
305 254.978 56.7266 2 350.621 -121.735
306 264.978 56.7266 2 347.165 -123.824
307 274.978 56.7266 2 343.965 -120.472
308 284.978 56.7266 2 341.029 -125.733
309 294.978 56.7266 2 338.362 -250
310 304.978 56.7266 2 335.973 -250
311 314.978 56.7266 2 333.865 -250
312 324.978 56.7266 2 332.046 -250
313 334.978 56.7266 2 330.519 -250
314 344.978 56.7266 2 329.289 -250
315 354.978 56.7266 2 328.36 -250
316 364.978 56.7266 2 327.732 -127.59
317 374.978 56.7266 2 327.41 -139.554
318 384.978 56.7266 2 327.392 -250
319 394.978 56.7266 2 327.68 -250
320 404.978 56.7266 2 328.272 -119.828
321 414.978 56.7266 2 329.167 -121.337
322 424.978 56.7266 2 330.363 -119.105
323 434.978 56.7266 2 331.855 -91.1019
324 444.978 56.7266 2 333.641 -100.199
325 454.978 56.7266 2 335.715 -250
326 464.978 56.7266 2 338.073 -250
327 474.978 56.7266 2 340.708 -112.545
328 484.978 56.7266 2 343.614 -116.598
329 84.9784 66.7266 2 433.737 -124.286
330 94.9784 66.7266 2 426.985 -126.598
331 104.978 66.7266 2 420.363 -169.624
332 114.978 66.7266 2 413.876 -150.191
333 124.978 66.7266 2 407.532 -123.412
334 134.978 66.7266 2 401.336 -129.738
335 144.978 66.7266 2 395.296 -124.334
336 154.978 66.7266 2 389.419 -139.917
337 164.978 66.7266 2 383.713 -140.29
338 174.978 66.7266 2 378.186 -133.117
339 184.978 66.7266 2 372.844 -127.841
340 194.978 66.7266 2 367.697 -100.541
341 204.978 66.7266 2 362.753 -113.379
342 214.978 66.7266 2 358.02 -122.494
343 224.978 66.7266 2 353.506 -136.071
344 234.978 66.7266 2 349.221 -143.565
345 244.978 66.7266 2 345.172 -131.317
346 254.978 66.7266 2 341.368 -118.193
347 264.978 66.7266 2 337.818 -123.252
348 274.978 66.7266 2 334.528 -124.628
349 284.978 66.7266 2 331.508 -121.179
350 294.978 66.7266 2 328.765 -133.189
351 304.978 66.7266 2 326.305 -125.255
352 314.978 66.7266 2 324.134 -116.461
353 324.978 66.7266 2 322.26 -146.63
354 334.978 66.7266 2 320.687 -129.015
355 344.978 66.7266 2 319.419 -128.028
356 354.978 66.7266 2 318.46 -128.127
357 364.978 66.7266 2 317.814 -143.7
358 374.978 66.7266 2 317.481 -126.87
359 384.978 66.7266 2 317.463 -130.152
360 394.978 66.7266 2 317.759 -127.753
361 404.978 66.7266 2 318.37 -131.305
362 414.978 66.7266 2 319.293 -106.922
363 424.978 66.7266 2 320.525 -112.317
364 434.978 66.7266 2 322.064 -99.5016
365 444.978 66.7266 2 323.903 -97.9633
366 454.978 66.7266 2 326.04 -117.854
367 464.978 66.7266 2 328.467 -125.485
368 474.978 66.7266 2 331.178 -118.321
369 484.978 66.7266 2 334.167 -111.957
370 84.9784 76.7266 2 426.527 -117.733
371 94.9784 76.7266 2 419.659 -124.602
372 104.978 76.7266 2 412.919 -148.145
373 114.978 76.7266 2 406.313 -144.814
374 124.978 76.7266 2 399.849 -148.88
375 134.978 76.7266 2 393.532 -127.722
376 144.978 76.7266 2 387.371 -126.229
377 154.978 76.7266 2 381.372 -135.872
378 164.978 76.7266 2 375.543 -135.852
379 174.978 76.7266 2 369.894 -138.888
380 184.978 76.7266 2 364.431 -103.917
381 194.978 76.7266 2 359.163 -101.779
382 204.978 76.7266 2 354.1 -121.133
383 214.978 76.7266 2 349.25 -110.692
384 224.978 76.7266 2 344.621 -141.794
385 234.978 76.7266 2 340.224 -128.414
386 244.978 76.7266 2 336.067 -122.169
387 254.978 76.7266 2 332.158 -109.306
388 264.978 76.7266 2 328.508 -142.776
389 274.978 76.7266 2 325.125 -124.396
390 284.978 76.7266 2 322.017 -130.92
391 294.978 76.7266 2 319.191 -121.682
392 304.978 76.7266 2 316.657 -126.505
393 314.978 76.7266 2 314.42 -126.469
394 324.978 76.7266 2 312.488 -137.927
395 334.978 76.7266 2 310.865 -128.961
396 344.978 76.7266 2 309.557 -127.309
397 354.978 76.7266 2 308.568 -137.635
398 364.978 76.7266 2 307.9 -142.862
399 374.978 76.7266 2 307.557 -130.498
400 384.978 76.7266 2 307.538 -130.215
401 394.978 76.7266 2 307.844 -154.97
402 404.978 76.7266 2 308.474 -131.573
403 414.978 76.7266 2 309.427 -120.632
404 424.978 76.7266 2 310.698 -112.216
405 434.978 76.7266 2 312.285 -98.3921
406 444.978 76.7266 2 314.182 -106.704
407 454.978 76.7266 2 316.384 -128.46
408 464.978 76.7266 2 318.885 -126.234
409 474.978 76.7266 2 321.677 -128.708
410 484.978 76.7266 2 324.753 -121.668
411 84.9784 86.7266 2 419.431 -126.087
412 94.9784 86.7266 2 412.445 -132.063
413 104.978 86.7266 2 405.585 -250
414 114.978 86.7266 2 398.858 -250
415 124.978 86.7266 2 392.27 -250
416 134.978 86.7266 2 385.83 -125.761
417 144.978 86.7266 2 379.543 -135.503
418 154.978 86.7266 2 373.419 -250
419 164.978 86.7266 2 367.464 -250
420 174.978 86.7266 2 361.688 -250
421 184.978 86.7266 2 356.1 -96.755
422 194.978 86.7266 2 350.707 -104.533
423 204.978 86.7266 2 345.52 -146.279
424 214.978 86.7266 2 340.547 -115.789
425 224.978 86.7266 2 335.799 -250
426 234.978 86.7266 2 331.284 -250
427 244.978 86.7266 2 327.013 -250
428 254.978 86.7266 2 322.996 -139.857
429 264.978 86.7266 2 319.241 -110.918
430 274.978 86.7266 2 315.758 -111.511
431 284.978 86.7266 2 312.557 -122.799
432 294.978 86.7266 2 309.645 -117.992
433 304.978 86.7266 2 307.032 -122.272
434 314.978 86.7266 2 304.725 -130.888
435 324.978 86.7266 2 302.73 -131.338
436 334.978 86.7266 2 301.055 -124.987
437 344.978 86.7266 2 299.704 -144.364
438 354.978 86.7266 2 298.682 -140.325
439 364.978 86.7266 2 297.993 -133.276
440 374.978 86.7266 2 297.637 -136.969
441 384.978 86.7266 2 297.618 -250
442 394.978 86.7266 2 297.935 -250
443 404.978 86.7266 2 298.586 -250
444 414.978 86.7266 2 299.57 -116.478
445 424.978 86.7266 2 300.883 -119.538
446 434.978 86.7266 2 302.521 -87.9893
447 444.978 86.7266 2 304.479 -250
448 454.978 86.7266 2 306.751 -250
449 464.978 86.7266 2 309.329 -250
450 474.978 86.7266 2 312.206 -115.475
451 484.978 86.7266 2 315.375 -128.118
452 84.9784 96.7266 2 412.455 -115.751
453 94.9784 96.7266 2 405.349 -128.901
454 104.978 96.7266 2 398.367 -148.974
455 114.978 96.7266 2 391.516 -126.889
456 124.978 96.7266 2 384.803 -135.62
457 134.978 96.7266 2 378.235 -152.621
458 144.978 96.7266 2 371.82 -132.807
459 154.978 96.7266 2 365.566 -250
460 164.978 96.7266 2 359.482 -250
461 174.978 96.7266 2 353.575 -250
462 184.978 96.7266 2 347.856 -105.045
463 194.978 96.7266 2 342.334 -250
464 204.978 96.7266 2 337.018 -250
465 214.978 96.7266 2 331.918 -250
466 224.978 96.7266 2 327.044 -250
467 234.978 96.7266 2 322.407 -250
468 244.978 96.7266 2 318.017 -250
469 254.978 96.7266 2 313.884 -250
470 264.978 96.7266 2 310.019 -250
471 274.978 96.7266 2 306.431 -119.614
472 284.978 96.7266 2 303.132 -118.709
473 294.978 96.7266 2 300.129 -121.614
474 304.978 96.7266 2 297.432 -113.511
475 314.978 96.7266 2 295.049 -130.096
476 324.978 96.7266 2 292.989 -124.541
477 334.978 96.7266 2 291.258 -138.132
478 344.978 96.7266 2 289.861 -141.963
479 354.978 96.7266 2 288.805 -143.794
480 364.978 96.7266 2 288.091 -144.251
481 374.978 96.7266 2 287.724 -148.881
482 384.978 96.7266 2 287.704 -250
483 394.978 96.7266 2 288.031 -250
484 404.978 96.7266 2 288.705 -250
485 414.978 96.7266 2 289.722 -111.718
486 424.978 96.7266 2 291.08 -106.33
487 434.978 96.7266 2 292.773 -89.3918
488 444.978 96.7266 2 294.796 -250
489 454.978 96.7266 2 297.141 -250
490 464.978 96.7266 2 299.802 -250
491 474.978 96.7266 2 302.77 -126.569
492 484.978 96.7266 2 306.037 -124.221
493 84.9784 106.727 2 405.606 -94.6825
494 94.9784 106.727 2 398.377 -116.397
495 104.978 106.727 2 391.271 -133.269
496 114.978 106.727 2 384.294 -142.117
497 124.978 106.727 2 377.452 -132.913
498 134.978 106.727 2 370.754 -158.428
499 144.978 106.727 2 364.207 -155.541
500 154.978 106.727 2 357.82 -250
501 164.978 106.727 2 351.602 -250
502 174.978 106.727 2 345.561 -250
503 184.978 106.727 2 339.707 -103.016
504 194.978 106.727 2 334.05 -250
505 204.978 106.727 2 328.6 -250
506 214.978 106.727 2 323.367 -250
507 224.978 106.727 2 318.363 -250
508 234.978 106.727 2 313.597 -250
509 244.978 106.727 2 309.082 -250
510 254.978 106.727 2 304.828 -250
511 264.978 106.727 2 300.847 -250
512 274.978 106.727 2 297.149 -127.306
513 284.978 106.727 2 293.744 -114.158
514 294.978 106.727 2 290.645 -119.38
515 304.978 106.727 2 287.859 -133.673
516 314.978 106.727 2 285.397 -122.975
517 324.978 106.727 2 283.266 -128.943
518 334.978 106.727 2 281.475 -138.301
519 344.978 106.727 2 280.03 -140.783
520 354.978 106.727 2 278.936 -148.673
521 364.978 106.727 2 278.197 -139.113
522 374.978 106.727 2 277.817 -152.76
523 384.978 106.727 2 277.796 -250
524 394.978 106.727 2 278.135 -250
525 404.978 106.727 2 278.832 -250
526 414.978 106.727 2 279.886 -115.242
527 424.978 106.727 2 281.291 -103.529
528 434.978 106.727 2 283.042 -88.6128
529 444.978 106.727 2 285.134 -250
530 454.978 106.727 2 287.559 -250
531 464.978 106.727 2 290.307 -250
532 474.978 106.727 2 293.372 -110.67
533 484.978 106.727 2 296.741 -119.475
534 84.9784 116.727 2 398.89 -90.1571
535 94.9784 116.727 2 391.538 -104.156
536 104.978 116.727 2 384.305 -135.711
537 114.978 116.727 2 377.198 -250
538 124.978 116.727 2 370.226 -250
539 134.978 116.727 2 363.394 -250
540 144.978 116.727 2 356.713 -250
541 154.978 116.727 2 350.189 -250
542 164.978 116.727 2 343.833 -250
543 174.978 116.727 2 337.653 -250
544 184.978 116.727 2 331.659 -107.171
545 194.978 116.727 2 325.863 -250
546 204.978 116.727 2 320.273 -250
547 214.978 116.727 2 314.902 -250
548 224.978 116.727 2 309.761 -250
549 234.978 116.727 2 304.861 -250
550 244.978 116.727 2 300.215 -250
551 254.978 116.727 2 295.833 -250
552 264.978 116.727 2 291.729 -250
553 274.978 116.727 2 287.914 -123.67
554 284.978 116.727 2 284.399 -143.047
555 294.978 116.727 2 281.196 -119.82
556 304.978 116.727 2 278.316 -130.869
557 314.978 116.727 2 275.768 -122.334
558 324.978 116.727 2 273.563 -250
559 334.978 116.727 2 271.708 -250
560 344.978 116.727 2 270.21 -250
561 354.978 116.727 2 269.076 -250
562 364.978 116.727 2 268.311 -250
563 374.978 116.727 2 267.916 -250
564 384.978 116.727 2 267.895 -250
565 394.978 116.727 2 268.246 -250
566 404.978 116.727 2 268.969 -250
567 414.978 116.727 2 270.061 -250
568 424.978 116.727 2 271.517 -98.1767
569 434.978 116.727 2 273.331 -100.781
570 444.978 116.727 2 275.497 -250
571 454.978 116.727 2 278.005 -250
572 464.978 116.727 2 280.848 -250
573 474.978 116.727 2 284.014 -122.282
574 484.978 116.727 2 287.493 -111.155
575 84.9784 126.727 2 392.314 -89.1232
576 94.9784 126.727 2 384.836 -88.936
577 104.978 126.727 2 377.475 -119.846
578 114.978 126.727 2 370.237 -250
579 124.978 126.727 2 363.131 -250
580 134.978 126.727 2 356.164 -250
581 144.978 126.727 2 349.344 -250
582 154.978 126.727 2 342.68 -250
583 164.978 126.727 2 336.182 -250
584 174.978 126.727 2 329.858 -250
585 184.978 126.727 2 323.721 -99.776
586 194.978 126.727 2 317.779 -104.688
587 204.978 126.727 2 312.045 -107.148
588 214.978 126.727 2 306.53 -100.562
589 224.978 126.727 2 301.246 -250
590 234.978 126.727 2 296.205 -250
591 244.978 126.727 2 291.42 -250
592 254.978 126.727 2 286.905 -134.408
593 264.978 126.727 2 282.671 -137.794
594 274.978 126.727 2 278.732 -125.02
595 284.978 126.727 2 275.1 -120.387
596 294.978 126.727 2 271.787 -116.623
597 304.978 126.727 2 268.806 -120.114
598 314.978 126.727 2 266.168 -121.583
599 324.978 126.727 2 263.882 -250
600 334.978 126.727 2 261.958 -250
601 344.978 126.727 2 260.405 -250
602 354.978 126.727 2 259.228 -250
603 364.978 126.727 2 258.433 -250
604 374.978 126.727 2 258.024 -250
605 384.978 126.727 2 258.001 -250
606 394.978 126.727 2 258.366 -250
607 404.978 126.727 2 259.117 -250
608 414.978 126.727 2 260.25 -250
609 424.978 126.727 2 261.76 -96.8061
610 434.978 126.727 2 263.642 -100.052
611 444.978 126.727 2 265.886 -250
612 454.978 126.727 2 268.485 -250
613 464.978 126.727 2 271.427 -250
614 474.978 126.727 2 274.702 -104.023
615 484.978 126.727 2 278.297 -111.918
616 84.9784 136.727 2 385.885 -92.0118
617 94.9784 136.727 2 378.28 -91.2104
618 104.978 136.727 2 370.789 -87.56
619 114.978 136.727 2 363.418 -90.225
620 124.978 136.727 2 356.176 -87.216
621 134.978 136.727 2 349.07 -250
622 144.978 136.727 2 342.108 -250
623 154.978 136.727 2 335.301 -250
624 164.978 136.727 2 328.656 -250
625 174.978 136.727 2 322.186 -250
626 184.978 136.727 2 315.899 -103.008
627 194.978 136.727 2 309.807 -106.839
628 204.978 136.727 2 303.923 -113.253
629 214.978 136.727 2 298.257 -100.269
630 224.978 136.727 2 292.824 -250
631 234.978 136.727 2 287.636 -250
632 244.978 136.727 2 282.706 -250
633 254.978 136.727 2 278.049 -119.896
634 264.978 136.727 2 273.678 -120.684
635 274.978 136.727 2 269.608 -115.405
636 284.978 136.727 2 265.851 -108.586
637 294.978 136.727 2 262.422 -115.763
638 304.978 136.727 2 259.333 -126.179
639 314.978 136.727 2 256.597 -137.886
640 324.978 136.727 2 254.226 -250
641 334.978 136.727 2 252.229 -250
642 344.978 136.727 2 250.615 -250
643 354.978 136.727 2 249.392 -250
644 364.978 136.727 2 248.565 -250
645 374.978 136.727 2 248.139 -250
646 384.978 136.727 2 248.116 -250
647 394.978 136.727 2 248.496 -250
648 404.978 136.727 2 249.276 -250
649 414.978 136.727 2 250.454 -250
650 424.978 136.727 2 252.023 -96.0965
651 434.978 136.727 2 253.976 -101.302
652 444.978 136.727 2 256.306 -250
653 454.978 136.727 2 259 -250
654 464.978 136.727 2 262.049 -250
655 474.978 136.727 2 265.439 -107.588
656 484.978 136.727 2 269.159 -106.604
657 84.9784 146.727 2 379.611 -89.8007
658 94.9784 146.727 2 371.877 -88.4563
659 104.978 146.727 2 364.254 -87.8526
660 114.978 146.727 2 356.749 -87.2946
661 124.978 146.727 2 349.368 -94.5406
662 134.978 146.727 2 342.121 -97.0829
663 144.978 146.727 2 335.015 -93.1333
664 154.978 146.727 2 328.06 -87.003
665 164.978 146.727 2 321.266 -93.2543
666 174.978 146.727 2 314.644 -96.917
667 184.978 146.727 2 308.203 -101.266
668 194.978 146.727 2 301.956 -102.66
669 204.978 146.727 2 295.915 -97.9501
670 214.978 146.727 2 290.094 -101.671
671 224.978 146.727 2 284.505 -97.6878
672 234.978 146.727 2 279.162 -98.6114
673 244.978 146.727 2 274.08 -110.779
674 254.978 146.727 2 269.274 -113.389
675 264.978 146.727 2 264.758 -119.733
676 274.978 146.727 2 260.548 -127.233
677 284.978 146.727 2 256.659 -113.53
678 294.978 146.727 2 253.105 -111.771
679 304.978 146.727 2 249.902 -131.551
680 314.978 146.727 2 247.061 -131.976
681 324.978 146.727 2 244.597 -132.969
682 334.978 146.727 2 242.521 -131.69
683 344.978 146.727 2 240.842 -132.082
684 354.978 146.727 2 239.569 -126.573
685 364.978 146.727 2 238.708 -133.677
686 374.978 146.727 2 238.265 -113.798
687 384.978 146.727 2 238.241 -84.7362
688 394.978 146.727 2 238.636 -88.2575
689 404.978 146.727 2 239.449 -98.1766
690 414.978 146.727 2 240.674 -90.3897
691 424.978 146.727 2 242.307 -101.051
692 434.978 146.727 2 244.338 -99.5802
693 444.978 146.727 2 246.758 -118.866
694 454.978 146.727 2 249.556 -117.551
695 464.978 146.727 2 252.718 -108.844
696 474.978 146.727 2 256.232 -113.221
697 484.978 146.727 2 260.084 -102.173
698 84.9784 156.727 2 373.499 -84.6336
699 94.9784 156.727 2 365.636 -91.367
700 104.978 156.727 2 357.88 -86.5244
701 114.978 156.727 2 350.238 -84.6501
702 124.978 156.727 2 342.717 -85.6397
703 134.978 156.727 2 335.326 -87.4158
704 144.978 156.727 2 328.073 -85.8157
705 154.978 156.727 2 320.968 -99.3888
706 164.978 156.727 2 314.021 -89.5143
707 174.978 156.727 2 307.242 -93.1432
708 184.978 156.727 2 300.643 -92.8048
709 194.978 156.727 2 294.235 -96.328
710 204.978 156.727 2 288.033 -94.1685
711 214.978 156.727 2 282.049 -110.825
712 224.978 156.727 2 276.297 -107.826
713 234.978 156.727 2 270.792 -102.692
714 244.978 156.727 2 265.55 -117.144
715 254.978 156.727 2 260.587 -110.561
716 264.978 156.727 2 255.918 -105.825
717 274.978 156.727 2 251.56 -104.894
718 284.978 156.727 2 247.53 -118.735
719 294.978 156.727 2 243.843 -139.773
720 304.978 156.727 2 240.516 -137.149
721 314.978 156.727 2 237.563 -127.948
722 324.978 156.727 2 235 -136.841
723 334.978 156.727 2 232.837 -136.811
724 344.978 156.727 2 231.088 -131.746
725 354.978 156.727 2 229.761 -128.9
726 364.978 156.727 2 228.864 -127.099
727 374.978 156.727 2 228.401 -112.969
728 384.978 156.727 2 228.376 -85.7238
729 394.978 156.727 2 228.788 -84.6905
730 404.978 156.727 2 229.636 -94.7802
731 414.978 156.727 2 230.914 -117.404
732 424.978 156.727 2 232.615 -95.428
733 434.978 156.727 2 234.73 -102.247
734 444.978 156.727 2 237.248 -119.909
735 454.978 156.727 2 240.156 -120.9
736 464.978 156.727 2 243.441 -112.618
737 474.978 156.727 2 247.087 -98.893
738 484.978 156.727 2 251.079 -102.355
739 84.9784 166.727 2 367.557 -103.578
740 94.9784 166.727 2 359.565 -86.4494
741 104.978 166.727 2 351.675 -92.1369
742 114.978 166.727 2 343.895 -91.6823
743 124.978 166.727 2 336.232 -107.937
744 134.978 166.727 2 328.695 -86.9761
745 144.978 166.727 2 321.293 -87.1854
746 154.978 166.727 2 314.034 -90.0514
747 164.978 166.727 2 306.93 -92.1241
748 174.978 166.727 2 299.991 -88.8677
749 184.978 166.727 2 293.229 -87.4783
750 194.978 166.727 2 286.656 -90.3079
751 204.978 166.727 2 280.286 -98.5266
752 214.978 166.727 2 274.132 -99.4099
753 224.978 166.727 2 268.211 -250
754 234.978 166.727 2 262.537 -99.2641
755 244.978 166.727 2 257.126 -250
756 254.978 166.727 2 251.997 -250
757 264.978 166.727 2 247.166 -250
758 274.978 166.727 2 242.651 -111.222
759 284.978 166.727 2 238.47 -113.215
760 294.978 166.727 2 234.641 -250
761 304.978 166.727 2 231.181 -250
762 314.978 166.727 2 228.108 -250
763 324.978 166.727 2 225.437 -250
764 334.978 166.727 2 223.182 -250
765 344.978 166.727 2 221.357 -250
766 354.978 166.727 2 219.971 -133.869
767 364.978 166.727 2 219.034 -122.188
768 374.978 166.727 2 218.55 -250
769 384.978 166.727 2 218.524 -92.1447
770 394.978 166.727 2 218.955 -92.8032
771 404.978 166.727 2 219.84 -91.789
772 414.978 166.727 2 221.174 -92.8093
773 424.978 166.727 2 222.95 -93.4361
774 434.978 166.727 2 225.156 -108.395
775 444.978 166.727 2 227.78 -250
776 454.978 166.727 2 230.807 -250
777 464.978 166.727 2 234.223 -250
778 474.978 166.727 2 238.011 -112.126
779 484.978 166.727 2 242.152 -115.869
780 84.9784 176.727 2 361.794 -101.563
781 94.9784 176.727 2 353.672 -98.5934
782 104.978 176.727 2 345.648 -88.6612
783 114.978 176.727 2 337.729 -92.5529
784 124.978 176.727 2 329.923 -95.2097
785 134.978 176.727 2 322.239 -90.9053
786 144.978 176.727 2 314.684 -86.636
787 154.978 176.727 2 307.27 -89.3024
788 164.978 176.727 2 300.005 -90.949
789 174.978 176.727 2 292.902 -87.0618
790 184.978 176.727 2 285.972 -89.4735
791 194.978 176.727 2 279.228 -86.8327
792 204.978 176.727 2 272.685 -94.5755
793 214.978 176.727 2 266.356 -98.7779
794 224.978 176.727 2 260.258 -250
795 234.978 176.727 2 254.406 -95.2646
796 244.978 176.727 2 248.819 -250
797 254.978 176.727 2 243.515 -250
798 264.978 176.727 2 238.512 -250
799 274.978 176.727 2 233.83 -117.647
800 284.978 176.727 2 229.488 -107.501
801 294.978 176.727 2 225.507 -250
802 304.978 176.727 2 221.905 -250
803 314.978 176.727 2 218.701 -250
804 324.978 176.727 2 215.914 -250
805 334.978 176.727 2 213.559 -250
806 344.978 176.727 2 211.65 -250
807 354.978 176.727 2 210.201 -129.573
808 364.978 176.727 2 209.219 -126.359
809 374.978 176.727 2 208.713 -250
810 384.978 176.727 2 208.686 -86.0445
811 394.978 176.727 2 209.137 -89.5416
812 404.978 176.727 2 210.064 -92.3901
813 414.978 176.727 2 211.46 -94.5466
814 424.978 176.727 2 213.316 -94.6181
815 434.978 176.727 2 215.62 -96.1287
816 444.978 176.727 2 218.359 -250
817 454.978 176.727 2 221.515 -250
818 464.978 176.727 2 225.072 -250
819 474.978 176.727 2 229.011 -109.116
820 484.978 176.727 2 233.312 -114.492
821 84.9784 186.727 2 356.219 -101.841
822 94.9784 186.727 2 347.967 -96.8226
823 104.978 186.727 2 339.808 -98.8922
824 114.978 186.727 2 331.749 -96.0883
825 124.978 186.727 2 323.8 -93.1131
826 134.978 186.727 2 315.966 -85.5692
827 144.978 186.727 2 308.258 -86.8154
828 154.978 186.727 2 300.685 -86.1846
829 164.978 186.727 2 293.258 -84.6082
830 174.978 186.727 2 285.987 -87.6554
831 184.978 186.727 2 278.885 -86.6146
832 194.978 186.727 2 271.966 -92.7697
833 204.978 186.727 2 265.243 -88.0836
834 214.978 186.727 2 258.733 -98.5312
835 224.978 186.727 2 252.45 -250
836 234.978 186.727 2 246.413 -89.6243
837 244.978 186.727 2 240.641 -250
838 254.978 186.727 2 235.152 -250
839 264.978 186.727 2 229.967 -250
840 274.978 186.727 2 225.108 -103.346
841 284.978 186.727 2 220.594 -113.82
842 294.978 186.727 2 216.45 -108.618
843 304.978 186.727 2 212.694 -107.395
844 314.978 186.727 2 209.35 -105.331
845 324.978 186.727 2 206.436 -109.252
846 334.978 186.727 2 203.971 -250
847 344.978 186.727 2 201.972 -250
848 354.978 186.727 2 200.453 -250
849 364.978 186.727 2 199.424 -250
850 374.978 186.727 2 198.893 -250
851 384.978 186.727 2 198.864 -91.1228
852 394.978 186.727 2 199.337 -93.8443
853 404.978 186.727 2 200.309 -98.3413
854 414.978 186.727 2 201.773 -96.1998
855 424.978 186.727 2 203.717 -95.3834
856 434.978 186.727 2 206.129 -108.103
857 444.978 186.727 2 208.992 -250
858 454.978 186.727 2 212.288 -250
859 464.978 186.727 2 215.997 -250
860 474.978 186.727 2 220.098 -111.381
861 484.978 186.727 2 224.57 -117.148
862 84.9784 196.727 2 350.841 -99.2058
863 94.9784 196.727 2 342.458 -99.0055
864 104.978 196.727 2 334.165 -103.39
865 114.978 196.727 2 325.967 -95.5284
866 124.978 196.727 2 317.873 -105.974
867 134.978 196.727 2 309.89 -99.0256
868 144.978 196.727 2 302.027 -86.3168
869 154.978 196.727 2 294.293 -84.0971
870 164.978 196.727 2 286.7 -90.9973
871 174.978 196.727 2 279.259 -90.3787
872 184.978 196.727 2 271.982 -91.4111
873 194.978 196.727 2 264.882 -95.2607
874 204.978 196.727 2 257.975 -98.8366
875 214.978 196.727 2 251.276 -96.2184
876 224.978 196.727 2 244.802 -250
877 234.978 196.727 2 238.572 -97.5439
878 244.978 196.727 2 232.605 -100.446
879 254.978 196.727 2 226.922 -97.6017
880 264.978 196.727 2 221.544 -100.791
881 274.978 196.727 2 216.496 -116.373
882 284.978 196.727 2 211.799 -99.6581
883 294.978 196.727 2 207.479 -105.196
884 304.978 196.727 2 203.558 -108.56
885 314.978 196.727 2 200.061 -110.803
886 324.978 196.727 2 197.01 -117.017
887 334.978 196.727 2 194.426 -250
888 344.978 196.727 2 192.327 -250
889 354.978 196.727 2 190.731 -100.85
890 364.978 196.727 2 189.649 -99.2474
891 374.978 196.727 2 189.091 -99.6754
892 384.978 196.727 2 189.06 -89.6689
893 394.978 196.727 2 189.558 -96.7986
894 404.978 196.727 2 190.58 -93.9703
895 414.978 196.727 2 192.118 -100.811
896 424.978 196.727 2 194.159 -250
897 434.978 196.727 2 196.688 -250
898 444.978 196.727 2 199.686 -250
899 454.978 196.727 2 203.133 -250
900 464.978 196.727 2 207.006 -250
901 474.978 196.727 2 211.282 -110.54
902 484.978 196.727 2 215.937 -109.757
903 84.9784 206.727 2 345.668 -97.8737
904 94.9784 206.727 2 337.157 -112.493
905 104.978 206.727 2 328.73 -101.318
906 114.978 206.727 2 320.393 -155.513
907 124.978 206.727 2 312.154 -250
908 134.978 206.727 2 304.021 -86.5323
909 144.978 206.727 2 296.002 -83.0893
910 154.978 206.727 2 288.107 -90.5847
911 164.978 206.727 2 280.347 -92.2761
912 174.978 206.727 2 272.732 -96.969
913 184.978 206.727 2 265.276 -126.694
914 194.978 206.727 2 257.991 -102.007
915 204.978 206.727 2 250.895 -105.624
916 214.978 206.727 2 244.001 -95.8598
917 224.978 206.727 2 237.329 -93.6641
918 234.978 206.727 2 230.897 -107.021
919 244.978 206.727 2 224.727 -87.9404
920 254.978 206.727 2 218.839 -96.6033
921 264.978 206.727 2 213.258 -88.1442
922 274.978 206.727 2 208.008 -97.102
923 284.978 206.727 2 203.116 -99.3711
924 294.978 206.727 2 198.606 -99.7804
925 304.978 206.727 2 194.507 -110.973
926 314.978 206.727 2 190.844 -116.867
927 324.978 206.727 2 187.643 -114.22
928 334.978 206.727 2 184.928 -250
929 344.978 206.727 2 182.721 -250
930 354.978 206.727 2 181.04 -106.133
931 364.978 206.727 2 179.899 -109.383
932 374.978 206.727 2 179.311 -95.6874
933 384.978 206.727 2 179.278 -88.5224
934 394.978 206.727 2 179.803 -102.225
935 404.978 206.727 2 180.88 -97.3023
936 414.978 206.727 2 182.5 -116.304
937 424.978 206.727 2 184.647 -250
938 434.978 206.727 2 187.305 -250
939 444.978 206.727 2 190.451 -250
940 454.978 206.727 2 194.062 -250
941 464.978 206.727 2 198.113 -250
942 474.978 206.727 2 202.576 -103.16
943 484.978 206.727 2 207.426 -115.354
944 84.9784 216.727 2 340.71 -101.608
945 94.9784 216.727 2 332.072 -100.497
946 104.978 216.727 2 323.512 -136.702
947 114.978 216.727 2 315.038 -153.291
948 124.978 216.727 2 306.655 -250
949 134.978 216.727 2 298.372 -88.4169
950 144.978 216.727 2 290.197 -84.536
951 154.978 216.727 2 282.14 -90.6606
952 164.978 216.727 2 274.21 -93.4522
953 174.978 216.727 2 266.42 -95.2948
954 184.978 216.727 2 258.782 -100.18
955 194.978 216.727 2 251.31 -104.935
956 204.978 216.727 2 244.019 -105.33
957 214.978 216.727 2 236.925 -92.3208
958 224.978 216.727 2 230.048 -110.474
959 234.978 216.727 2 223.407 -90.5953
960 244.978 216.727 2 217.023 -97.019
961 254.978 216.727 2 210.921 -90.3581
962 264.978 216.727 2 205.124 -90.8417
963 274.978 216.727 2 199.661 -98.9891
964 284.978 216.727 2 194.558 -97.6609
965 294.978 216.727 2 189.846 -250
966 304.978 216.727 2 185.553 -250
967 314.978 216.727 2 181.71 -250
968 324.978 216.727 2 178.345 -250
969 334.978 216.727 2 175.486 -250
970 344.978 216.727 2 173.158 -250
971 354.978 216.727 2 171.384 -96.0602
972 364.978 216.727 2 170.179 -97.7283
973 374.978 216.727 2 169.556 -99.3993
974 384.978 216.727 2 169.522 -85.8477
975 394.978 216.727 2 170.077 -97.3891
976 404.978 216.727 2 171.216 -100.752
977 414.978 216.727 2 172.926 -103.356
978 424.978 216.727 2 175.191 -250
979 434.978 216.727 2 177.989 -250
980 444.978 216.727 2 181.297 -250
981 454.978 216.727 2 185.087 -250
982 464.978 216.727 2 189.329 -250
983 474.978 216.727 2 193.995 -104.629
984 484.978 216.727 2 199.054 -113.666
985 84.9784 226.727 2 335.977 -111.746
986 94.9784 226.727 2 327.214 -105.037
987 104.978 226.727 2 318.524 -250
988 114.978 226.727 2 309.913 -250
989 124.978 226.727 2 301.387 -250
990 134.978 226.727 2 292.955 -89.305
991 144.978 226.727 2 284.625 -85.9195
992 154.978 226.727 2 276.405 -87.0115
993 164.978 226.727 2 268.306 -92.3012
994 174.978 226.727 2 260.34 -95.7969
995 184.978 226.727 2 252.518 -101.416
996 194.978 226.727 2 244.854 -107.908
997 204.978 226.727 2 237.365 -93.9925
998 214.978 226.727 2 230.067 -99.3476
999 224.978 226.727 2 222.978 -92.271
1000 234.978 226.727 2 216.119 -88.0858
1001 244.978 226.727 2 209.514 -92.771
1002 254.978 226.727 2 203.186 -89.7446
1003 264.978 226.727 2 197.162 -103.328
1004 274.978 226.727 2 191.472 -94.0609
1005 284.978 226.727 2 186.145 -97.7106
1006 294.978 226.727 2 181.214 -250
1007 304.978 226.727 2 176.711 -250
1008 314.978 226.727 2 172.671 -250
1009 324.978 226.727 2 169.127 -250
1010 334.978 226.727 2 166.11 -250
1011 344.978 226.727 2 163.649 -250
1012 354.978 226.727 2 161.769 -94.2366
1013 364.978 226.727 2 160.493 -87.7473
1014 374.978 226.727 2 159.832 -92.8202
1015 384.978 226.727 2 159.796 -88.3732
1016 394.978 226.727 2 160.385 -99.69
1017 404.978 226.727 2 161.591 -92.9215
1018 414.978 226.727 2 163.402 -107.14
1019 424.978 226.727 2 165.797 -250
1020 434.978 226.727 2 168.752 -250
1021 444.978 226.727 2 172.237 -250
1022 454.978 226.727 2 176.222 -250
1023 464.978 226.727 2 180.673 -250
1024 474.978 226.727 2 185.556 -106.602
1025 484.978 226.727 2 190.839 -107.201
1026 84.9784 236.727 2 331.478 -109.316
1027 94.9784 236.727 2 322.592 -118.712
1028 104.978 236.727 2 313.774 -116.235
1029 114.978 236.727 2 305.029 -130.251
1030 124.978 236.727 2 296.363 -250
1031 134.978 236.727 2 287.784 -92.527
1032 144.978 236.727 2 279.3 -85.4461
1033 154.978 236.727 2 270.918 -86.4918
1034 164.978 236.727 2 262.65 -87.6567
1035 174.978 236.727 2 254.507 -91.683
1036 184.978 236.727 2 246.5 -105.56
1037 194.978 236.727 2 238.643 -92.9452
1038 204.978 236.727 2 230.953 -99.0813
1039 214.978 236.727 2 223.445 -91.428
1040 224.978 236.727 2 216.139 -88.0676
1041 234.978 236.727 2 209.056 -91.9339
1042 244.978 236.727 2 202.22 -105.673
1043 254.978 236.727 2 195.657 -95.3258
1044 264.978 236.727 2 189.394 -95.6926
1045 274.978 236.727 2 183.463 -94.7996
1046 284.978 236.727 2 177.896 -99.6966
1047 294.978 236.727 2 172.73 -250
1048 304.978 236.727 2 168 -250
1049 314.978 236.727 2 163.745 -250
1050 324.978 236.727 2 160.003 -250
1051 334.978 236.727 2 156.81 -250
1052 344.978 236.727 2 154.201 -250
1053 354.978 236.727 2 152.205 -115.019
1054 364.978 236.727 2 150.847 -86.9812
1055 374.978 236.727 2 150.144 -93.4592
1056 384.978 236.727 2 150.106 -107.461
1057 394.978 236.727 2 150.733 -99.5554
1058 404.978 236.727 2 152.016 -93.0706
1059 414.978 236.727 2 153.939 -250
1060 424.978 236.727 2 156.479 -250
1061 434.978 236.727 2 159.607 -250
1062 444.978 236.727 2 163.287 -250
1063 454.978 236.727 2 167.485 -250
1064 464.978 236.727 2 172.162 -250
1065 474.978 236.727 2 177.28 -114.498
1066 484.978 236.727 2 182.802 -104.136
1067 84.9784 246.727 2 327.222 -118.926
1068 94.9784 246.727 2 318.218 -127.574
1069 104.978 246.727 2 309.276 -121.746
1070 114.978 246.727 2 300.399 -112.936
1071 124.978 246.727 2 291.596 -113.751
1072 134.978 246.727 2 282.872 -104.938
1073 144.978 246.727 2 274.236 -101.034
1074 154.978 246.727 2 265.695 -91.3208
1075 164.978 246.727 2 257.259 -86.7092
1076 174.978 246.727 2 248.939 -98.1596
1077 184.978 246.727 2 240.747 -93.7474
1078 194.978 246.727 2 232.697 -91.6021
1079 204.978 246.727 2 224.803 -92.8622
1080 214.978 246.727 2 217.082 -93.7932
1081 224.978 246.727 2 209.555 -89.1216
1082 234.978 246.727 2 202.241 -92.9747
1083 244.978 246.727 2 195.167 -94.4543
1084 254.978 246.727 2 188.358 -93.7204
1085 264.978 246.727 2 181.843 -95.039
1086 274.978 246.727 2 175.657 -93.1292
1087 284.978 246.727 2 169.835 -103.022
1088 294.978 246.727 2 164.416 -88.3448
1089 304.978 246.727 2 159.44 -87.9124
1090 314.978 246.727 2 154.95 -95.1405
1091 324.978 246.727 2 150.99 -113.188
1092 334.978 246.727 2 147.602 -116.203
1093 344.978 246.727 2 144.827 -113.558
1094 354.978 246.727 2 142.7 -91.4423
1095 364.978 246.727 2 141.251 -88.705
1096 374.978 246.727 2 140.5 -95.1042
1097 384.978 246.727 2 140.459 -89.3953
1098 394.978 246.727 2 141.129 -105.038
1099 404.978 246.727 2 142.498 -91.6011
1100 414.978 246.727 2 144.549 -112.965
1101 424.978 246.727 2 147.251 -105.608
1102 434.978 246.727 2 150.57 -116.4
1103 444.978 246.727 2 154.466 -107.404
1104 454.978 246.727 2 158.897 -95.1467
1105 464.978 246.727 2 163.819 -107.717
1106 474.978 246.727 2 169.19 -117.926
1107 484.978 246.727 2 174.968 -104.954
1108 84.9784 256.727 2 323.22 -109.874
1109 94.9784 256.727 2 314.102 -116.785
1110 104.978 256.727 2 305.038 -115.968
1111 114.978 256.727 2 296.035 -124.675
1112 124.978 256.727 2 287.098 -108.627
1113 134.978 256.727 2 278.233 -105.324
1114 144.978 256.727 2 269.448 -106.409
1115 154.978 256.727 2 260.75 -108.357
1116 164.978 256.727 2 252.149 -95.1767
1117 174.978 256.727 2 243.655 -94.1084
1118 184.978 256.727 2 235.279 -93.569
1119 194.978 256.727 2 227.035 -93.4293
1120 204.978 256.727 2 218.936 -89.0615
1121 214.978 256.727 2 211.002 -88.9529
1122 224.978 256.727 2 203.249 -96.8843
1123 234.978 256.727 2 195.7 -101.165
1124 244.978 256.727 2 188.38 -97.9582
1125 254.978 256.727 2 181.316 -112.419
1126 264.978 256.727 2 174.54 -106.158
1127 274.978 256.727 2 168.085 -99.965
1128 284.978 256.727 2 161.991 -101.932
1129 294.978 256.727 2 156.299 -88.1515
1130 304.978 256.727 2 151.056 -104.157
1131 314.978 256.727 2 146.31 -96.4539
1132 324.978 256.727 2 142.109 -98.7142
1133 334.978 256.727 2 138.504 -112.538
1134 344.978 256.727 2 135.543 -118.866
1135 354.978 256.727 2 133.268 -95.348
1136 364.978 256.727 2 131.715 -91.2678
1137 374.978 256.727 2 130.91 -93.6255
1138 384.978 256.727 2 130.866 -95.2355
1139 394.978 256.727 2 131.584 -98.5147
1140 404.978 256.727 2 133.052 -94.1408
1141 414.978 256.727 2 135.245 -122.42
1142 424.978 256.727 2 138.13 -113.611
1143 434.978 256.727 2 141.663 -106.944
1144 444.978 256.727 2 145.797 -97.0751
1145 454.978 256.727 2 150.483 -105.378
1146 464.978 256.727 2 155.672 -99.8072
1147 474.978 256.727 2 161.314 -107.088
1148 484.978 256.727 2 167.364 -95.9614
1149 84.9784 266.727 2 319.481 -116.98
1150 94.9784 266.727 2 310.253 -114.901
1151 104.978 266.727 2 301.074 -127.163
1152 114.978 266.727 2 291.948 -105.169
1153 124.978 266.727 2 282.882 -117.139
1154 134.978 266.727 2 273.881 -250
1155 144.978 266.727 2 264.952 -250
1156 154.978 266.727 2 256.101 -250
1157 164.978 266.727 2 247.338 -250
1158 174.978 266.727 2 238.673 -90.109
1159 184.978 266.727 2 230.116 -98.9047
1160 194.978 266.727 2 221.679 -90.9659
1161 204.978 266.727 2 213.378 -90.3027
1162 214.978 266.727 2 205.228 -105.581
1163 224.978 266.727 2 197.249 -92.2443
1164 234.978 266.727 2 189.461 -98.3423
1165 244.978 266.727 2 181.89 -250
1166 254.978 266.727 2 174.564 -250
1167 264.978 266.727 2 167.514 -250
1168 274.978 266.727 2 160.778 -94.3345
1169 284.978 266.727 2 154.396 -93.6843
1170 294.978 266.727 2 148.413 -250
1171 304.978 266.727 2 142.881 -250
1172 314.978 266.727 2 137.853 -250
1173 324.978 266.727 2 133.387 -250
1174 334.978 266.727 2 129.539 -250
1175 344.978 266.727 2 126.368 -250
1176 354.978 266.727 2 123.925 -250
1177 364.978 266.727 2 122.253 -250
1178 374.978 266.727 2 121.385 -250
1179 384.978 266.727 2 121.338 -250
1180 394.978 266.727 2 122.112 -250
1181 404.978 266.727 2 123.693 -250
1182 414.978 266.727 2 126.049 -250
1183 424.978 266.727 2 129.139 -250
1184 434.978 266.727 2 132.911 -250
1185 444.978 266.727 2 137.309 -250
1186 454.978 266.727 2 142.275 -250
1187 464.978 266.727 2 147.752 -250
1188 474.978 266.727 2 153.685 -109.203
1189 484.978 266.727 2 160.024 -97.739
1190 84.9784 276.727 2 316.015 -117.667
1191 94.9784 276.727 2 306.682 -118.743
1192 104.978 276.727 2 297.393 -112.173
1193 114.978 276.727 2 288.151 -104.334
1194 124.978 276.727 2 278.961 -128.344
1195 134.978 276.727 2 269.829 -250
1196 144.978 276.727 2 260.761 -250
1197 154.978 276.727 2 251.763 -250
1198 164.978 276.727 2 242.844 -250
1199 174.978 276.727 2 234.012 -101.039
1200 184.978 276.727 2 225.278 -100.753
1201 194.978 276.727 2 216.653 -97.243
1202 204.978 276.727 2 208.152 -95.8319
1203 214.978 276.727 2 199.789 -114.304
1204 224.978 276.727 2 191.583 -90.5251
1205 234.978 276.727 2 183.556 -94.1952
1206 244.978 276.727 2 175.73 -250
1207 254.978 276.727 2 168.136 -250
1208 264.978 276.727 2 160.805 -250
1209 274.978 276.727 2 153.774 -105.358
1210 284.978 276.727 2 147.089 -89.6761
1211 294.978 276.727 2 140.796 -250
1212 304.978 276.727 2 134.952 -250
1213 314.978 276.727 2 129.617 -250
1214 324.978 276.727 2 124.856 -250
1215 334.978 276.727 2 120.737 -250
1216 344.978 276.727 2 117.328 -250
1217 354.978 276.727 2 114.693 -250
1218 364.978 276.727 2 112.885 -250
1219 374.978 276.727 2 111.944 -250
1220 384.978 276.727 2 111.892 -250
1221 394.978 276.727 2 112.731 -250
1222 404.978 276.727 2 114.442 -250
1223 414.978 276.727 2 116.984 -250
1224 424.978 276.727 2 120.307 -250
1225 434.978 276.727 2 124.348 -250
1226 444.978 276.727 2 129.038 -250
1227 454.978 276.727 2 134.31 -250
1228 464.978 276.727 2 140.099 -250
1229 474.978 276.727 2 146.343 -96.6587
1230 484.978 276.727 2 152.986 -102.067
1231 84.9784 286.727 2 312.83 -115.746
1232 94.9784 286.727 2 303.399 -114.756
1233 104.978 286.727 2 294.006 -101.946
1234 114.978 286.727 2 284.654 -131.995
1235 124.978 286.727 2 275.348 -146.062
1236 134.978 286.727 2 266.092 -250
1237 144.978 286.727 2 256.892 -250
1238 154.978 286.727 2 247.754 -250
1239 164.978 286.727 2 238.685 -250
1240 174.978 286.727 2 229.693 -103.734
1241 184.978 286.727 2 220.788 -95.1517
1242 194.978 286.727 2 211.981 -88.9998
1243 204.978 286.727 2 203.284 -91.4264
1244 214.978 286.727 2 194.712 -103.991
1245 224.978 286.727 2 186.283 -93.937
1246 234.978 286.727 2 178.016 -93.0538
1247 244.978 286.727 2 169.936 -250
1248 254.978 286.727 2 162.07 -250
1249 264.978 286.727 2 154.451 -250
1250 274.978 286.727 2 147.118 -96.7116
1251 284.978 286.727 2 140.115 -100.489
1252 294.978 286.727 2 133.494 -250
1253 304.978 286.727 2 127.315 -250
1254 314.978 286.727 2 121.645 -250
1255 324.978 286.727 2 116.559 -250
1256 334.978 286.727 2 112.136 -250
1257 344.978 286.727 2 108.457 -250
1258 354.978 286.727 2 105.601 -250
1259 364.978 286.727 2 103.634 -250
1260 374.978 286.727 2 102.608 -250
1261 384.978 286.727 2 102.552 -250
1262 394.978 286.727 2 103.467 -250
1263 404.978 286.727 2 105.328 -250
1264 414.978 286.727 2 108.085 -250
1265 424.978 286.727 2 111.673 -250
1266 434.978 286.727 2 116.014 -250
1267 444.978 286.727 2 121.028 -250
1268 454.978 286.727 2 126.634 -250
1269 464.978 286.727 2 132.758 -250
1270 474.978 286.727 2 139.331 -101.038
1271 484.978 286.727 2 146.293 -107.142
1272 84.9784 296.727 2 309.935 -112.371
1273 94.9784 296.727 2 300.413 -106.136
1274 104.978 296.727 2 290.923 -103.436
1275 114.978 296.727 2 281.469 -126.527
1276 124.978 296.727 2 272.054 -133.552
1277 134.978 296.727 2 262.682 -250
1278 144.978 296.727 2 253.358 -250
1279 154.978 296.727 2 244.088 -250
1280 164.978 296.727 2 234.877 -250
1281 174.978 296.727 2 225.734 -81.4574
1282 184.978 296.727 2 216.666 -90.8307
1283 194.978 296.727 2 207.684 -88.4641
1284 204.978 296.727 2 198.8 -92.8744
1285 214.978 296.727 2 190.026 -100.37
1286 224.978 296.727 2 181.379 -92.3034
1287 234.978 296.727 2 172.878 -92.4156
1288 244.978 296.727 2 164.545 -250
1289 254.978 296.727 2 156.409 -250
1290 264.978 296.727 2 148.5 -250
1291 274.978 296.727 2 140.857 -88.1707
1292 284.978 296.727 2 133.526 -97.3295
1293 294.978 296.727 2 126.561 -250
1294 304.978 296.727 2 120.025 -250
1295 314.978 296.727 2 113.994 -250
1296 324.978 296.727 2 108.55 -93.6032
1297 334.978 296.727 2 103.786 -103.851
1298 344.978 296.727 2 99.7998 -99.4908
1299 354.978 296.727 2 96.6876 -102.004
1300 364.978 296.727 2 94.5356 -78.8493
1301 374.978 296.727 2 93.4101 -115.413
1302 384.978 296.727 2 93.3485 -116.759
1303 394.978 296.727 2 94.3526 -142.813
1304 404.978 296.727 2 96.3893 -126.995
1305 414.978 296.727 2 99.3951 -143.406
1306 424.978 296.727 2 103.285 -149.113
1307 434.978 296.727 2 107.965 -250
1308 444.978 296.727 2 113.335 -250
1309 454.978 296.727 2 119.303 -250
1310 464.978 296.727 2 125.785 -250
1311 474.978 296.727 2 132.704 -98.9777
1312 484.978 296.727 2 139.996 -92.7107
1313 84.9784 306.727 2 307.338 -101.931
1314 94.9784 306.727 2 297.733 -96.4159
1315 104.978 306.727 2 288.155 -109.894
1316 114.978 306.727 2 278.607 -137.073
1317 124.978 306.727 2 269.092 -133.759
1318 134.978 306.727 2 259.613 -250
1319 144.978 306.727 2 250.175 -250
1320 154.978 306.727 2 240.782 -250
1321 164.978 306.727 2 231.44 -250
1322 174.978 306.727 2 222.155 -88.3491
1323 184.978 306.727 2 212.935 -92.532
1324 194.978 306.727 2 203.789 -82.455
1325 204.978 306.727 2 194.726 -85.3885
1326 214.978 306.727 2 185.76 -101.795
1327 224.978 306.727 2 176.905 -113.534
1328 234.978 306.727 2 168.178 -101.706
1329 244.978 306.727 2 159.6 -250
1330 254.978 306.727 2 151.198 -250
1331 264.978 306.727 2 143.001 -250
1332 274.978 306.727 2 135.047 -90.0152
1333 284.978 306.727 2 127.382 -91.315
1334 294.978 306.727 2 120.061 -250
1335 304.978 306.727 2 113.151 -250
1336 314.978 306.727 2 106.731 -250
1337 324.978 306.727 2 100.896 -85.2313
1338 334.978 306.727 2 95.7525 -250
1339 344.978 306.727 2 91.4168 -250
1340 354.978 306.727 2 88.0086 -250
1341 364.978 306.727 2 85.6387 -81.6769
1342 374.978 306.727 2 84.3947 -250
1343 384.978 306.727 2 84.3265 -250
1344 394.978 306.727 2 85.4367 -250
1345 404.978 306.727 2 87.6808 -250
1346 414.978 306.727 2 90.9747 -250
1347 424.978 306.727 2 95.2097 -250
1348 434.978 306.727 2 100.266 -250
1349 444.978 306.727 2 106.028 -250
1350 454.978 306.727 2 112.385 -250
1351 464.978 306.727 2 119.243 -250
1352 474.978 306.727 2 126.52 -90.2177
1353 484.978 306.727 2 134.148 -90.2263
1354 84.9784 316.727 2 305.047 -89.6576
1355 94.9784 316.727 2 295.368 -88.8061
1356 104.978 316.727 2 285.71 -86.7198
1357 114.978 316.727 2 276.078 -87.0783
1358 124.978 316.727 2 266.472 -97.7382
1359 134.978 316.727 2 256.897 -250
1360 144.978 316.727 2 247.355 -250
1361 154.978 316.727 2 237.851 -250
1362 164.978 316.727 2 228.389 -250
1363 174.978 316.727 2 218.975 -81.9078
1364 184.978 316.727 2 209.615 -82.1355
1365 194.978 316.727 2 200.317 -85.6923
1366 204.978 316.727 2 191.09 -86.0237
1367 214.978 316.727 2 181.944 -84.76
1368 224.978 316.727 2 172.894 -89.1551
1369 234.978 316.727 2 163.953 -95.1602
1370 244.978 316.727 2 155.143 -250
1371 254.978 316.727 2 146.484 -250
1372 264.978 316.727 2 138.008 -250
1373 274.978 316.727 2 129.748 -82.1836
1374 284.978 316.727 2 121.75 -92.0957
1375 294.978 316.727 2 114.069 -250
1376 304.978 316.727 2 106.771 -250
1377 314.978 316.727 2 99.943 -250
1378 324.978 316.727 2 93.6861 -84.0908
1379 334.978 316.727 2 88.1224 -250
1380 344.978 316.727 2 83.3909 -250
1381 354.978 316.727 2 79.64 -250
1382 364.978 316.727 2 77.0131 -81.5449
1383 374.978 316.727 2 75.6273 -250
1384 384.978 316.727 2 75.5511 -250
1385 394.978 316.727 2 76.7884 -250
1386 404.978 316.727 2 79.2776 -250
1387 414.978 316.727 2 82.9061 -250
1388 424.978 316.727 2 87.5323 -250
1389 434.978 316.727 2 93.0074 -250
1390 444.978 316.727 2 99.1911 -250
1391 454.978 316.727 2 105.959 -250
1392 464.978 316.727 2 113.207 -250
1393 474.978 316.727 2 120.848 -98.464
1394 484.978 316.727 2 128.813 -77.8495
1395 84.9784 326.727 2 303.069 -104.343
1396 94.9784 326.727 2 293.324 -94.6241
1397 104.978 326.727 2 283.597 -90.406
1398 114.978 326.727 2 273.89 -89.8667
1399 124.978 326.727 2 264.205 -83.0536
1400 134.978 326.727 2 254.545 -88.6878
1401 144.978 326.727 2 244.911 -94.3762
1402 154.978 326.727 2 235.308 -86.5405
1403 164.978 326.727 2 225.74 -84.935
1404 174.978 326.727 2 216.21 -84.4819
1405 184.978 326.727 2 206.725 -93.7119
1406 194.978 326.727 2 197.291 -93.0079
1407 204.978 326.727 2 187.916 -97.5665
1408 214.978 326.727 2 178.608 -106.638
1409 224.978 326.727 2 169.379 -95.882
1410 234.978 326.727 2 160.243 -93.9485
1411 244.978 326.727 2 151.216 -82.6694
1412 254.978 326.727 2 142.319 -79.0869
1413 264.978 326.727 2 133.578 -87.4253
1414 274.978 326.727 2 125.027 -79.734
1415 284.978 326.727 2 116.705 -79.6783
1416 294.978 326.727 2 108.668 -77.1389
1417 304.978 326.727 2 100.981 -81.0971
1418 314.978 326.727 2 93.7316 -76.9856
1419 324.978 326.727 2 87.0293 -81.0562
1420 334.978 326.727 2 81.0098 -77.5721
1421 344.978 326.727 2 75.8358 -78.7531
1422 354.978 326.727 2 71.6906 -88.1213
1423 364.978 326.727 2 68.7607 -84.5964
1424 374.978 326.727 2 67.205 -79.7081
1425 384.978 326.727 2 67.1192 -78.1046
1426 394.978 326.727 2 68.5089 -83.0275
1427 404.978 326.727 2 71.2878 -86.4985
1428 414.978 326.727 2 75.3023 -81.0375
1429 424.978 326.727 2 80.3674 -89.9465
1430 434.978 326.727 2 86.2983 -85.8169
1431 444.978 326.727 2 92.9295 -83.2089
1432 454.978 326.727 2 100.122 -87.6849
1433 464.978 326.727 2 107.763 -78.4371
1434 474.978 326.727 2 115.764 -86.5307
1435 484.978 326.727 2 124.056 -85.2016
1436 84.9784 336.727 2 301.409 -94.2066
1437 94.9784 336.727 2 291.609 -92.7298
1438 104.978 336.727 2 281.824 -88.8611
1439 114.978 336.727 2 272.053 -91.4655
1440 124.978 336.727 2 262.3 -99.3309
1441 134.978 336.727 2 252.567 -100.835
1442 144.978 336.727 2 242.855 -100.758
1443 154.978 336.727 2 233.167 -105.132
1444 164.978 336.727 2 223.507 -95.4434
1445 174.978 336.727 2 213.878 -85.4887
1446 184.978 336.727 2 204.285 -87.1922
1447 194.978 336.727 2 194.733 -114.294
1448 204.978 336.727 2 185.228 -103.121
1449 214.978 336.727 2 175.778 -88.7536
1450 224.978 336.727 2 166.392 -89.4773
1451 234.978 336.727 2 157.082 -89.6913
1452 244.978 336.727 2 147.862 -104.562
1453 254.978 336.727 2 138.751 -92.1672
1454 264.978 336.727 2 129.77 -89.3295
1455 274.978 336.727 2 120.949 -82.9857
1456 284.978 336.727 2 112.326 -79.6207
1457 294.978 336.727 2 103.95 -78.6652
1458 304.978 336.727 2 95.8861 -83.5099
1459 314.978 336.727 2 88.2192 -87.3663
1460 324.978 336.727 2 81.0624 -81.0367
1461 334.978 336.727 2 74.5627 -75.7262
1462 344.978 336.727 2 68.9063 -76.2534
1463 354.978 336.727 2 64.3161 -82.7841
1464 364.978 336.727 2 61.0332 -88.2208
1465 374.978 336.727 2 59.275 -79.7311
1466 384.978 336.727 2 59.1778 -78.3869
1467 394.978 336.727 2 60.7494 -90.4102
1468 404.978 336.727 2 63.8669 -108.053
1469 414.978 336.727 2 68.3188 -85.6011
1470 424.978 336.727 2 73.8643 -97.7932
1471 434.978 336.727 2 80.2772 -86.9769
1472 444.978 336.727 2 87.3665 -91.2537
1473 454.978 336.727 2 94.981 -85.2409
1474 464.978 336.727 2 103.004 -83.319
1475 474.978 336.727 2 111.348 -85.6401
1476 484.978 336.727 2 119.945 -92.74
1477 84.9784 346.727 2 300.074 -104.104
1478 94.9784 346.727 2 290.229 -99.3732
1479 104.978 346.727 2 280.395 -129.344
1480 114.978 346.727 2 270.573 -250
1481 124.978 346.727 2 260.765 -250
1482 134.978 346.727 2 250.972 -250
1483 144.978 346.727 2 241.196 -250
1484 154.978 346.727 2 231.439 -250
1485 164.978 346.727 2 221.703 -250
1486 174.978 346.727 2 211.993 -250
1487 184.978 346.727 2 202.31 -85.0445
1488 194.978 346.727 2 192.66 -89.5924
1489 204.978 346.727 2 183.047 -89.1588
1490 214.978 346.727 2 173.479 -87.3863
1491 224.978 346.727 2 163.961 -94.687
1492 234.978 346.727 2 154.505 -94.2592
1493 244.978 346.727 2 145.122 -250
1494 254.978 346.727 2 135.826 -250
1495 264.978 346.727 2 126.638 -250
1496 274.978 346.727 2 117.583 -78.0488
1497 284.978 346.727 2 108.693 -81.7363
1498 294.978 346.727 2 100.013 -79.2452
1499 304.978 346.727 2 91.6033 -75.6491
1500 314.978 346.727 2 83.5443 -78.343
1501 324.978 346.727 2 75.9483 -84.2876
1502 334.978 346.727 2 68.9682 -86.922
1503 344.978 346.727 2 62.81 -76.1836
1504 354.978 346.727 2 57.7372 -81.4918
1505 364.978 346.727 2 54.0561 -75.927
1506 374.978 346.727 2 52.0629 -80.1126
1507 384.978 346.727 2 51.9522 -250
1508 394.978 346.727 2 53.7356 -250
1509 404.978 346.727 2 57.2363 -250
1510 414.978 346.727 2 62.1649 -250
1511 424.978 346.727 2 68.2126 -250
1512 434.978 346.727 2 75.1095 -250
1513 444.978 346.727 2 82.6434 -89.0798
1514 454.978 346.727 2 90.6554 -250
1515 464.978 346.727 2 99.0297 -250
1516 474.978 346.727 2 107.682 -90.0945
1517 484.978 346.727 2 116.55 -82.5947
1518 84.9784 356.727 2 299.068 -128.503
1519 94.9784 356.727 2 289.189 -129.08
1520 104.978 356.727 2 279.318 -250
1521 114.978 356.727 2 269.457 -250
1522 124.978 356.727 2 259.606 -250
1523 134.978 356.727 2 249.768 -250
1524 144.978 356.727 2 239.943 -250
1525 154.978 356.727 2 230.132 -250
1526 164.978 356.727 2 220.339 -250
1527 174.978 356.727 2 210.566 -250
1528 184.978 356.727 2 200.814 -96.5436
1529 194.978 356.727 2 191.089 -97.5852
1530 204.978 356.727 2 181.393 -98.957
1531 214.978 356.727 2 171.732 -98.8226
1532 224.978 356.727 2 162.112 -102.236
1533 234.978 356.727 2 152.541 -114.909
1534 244.978 356.727 2 143.029 -250
1535 254.978 356.727 2 133.588 -250
1536 264.978 356.727 2 124.235 -250
1537 274.978 356.727 2 114.99 -77.7405
1538 284.978 356.727 2 105.883 -78.0579
1539 294.978 356.727 2 96.9521 -80.5144
1540 304.978 356.727 2 88.2507 -86.9565
1541 314.978 356.727 2 79.8541 -76.9921
1542 324.978 356.727 2 71.869 -89.4959
1543 334.978 356.727 2 64.4487 -80.8453
1544 344.978 356.727 2 57.8111 -86.8679
1545 354.978 356.727 2 52.2552 -83.2212
1546 364.978 356.727 2 48.1569 -83.0733
1547 374.978 356.727 2 45.9082 -82.4255
1548 384.978 356.727 2 45.7826 -80.0573
1549 394.978 356.727 2 47.7968 -250
1550 404.978 356.727 2 51.7012 -250
1551 414.978 356.727 2 57.1095 -250
1552 424.978 356.727 2 63.6394 -250
1553 434.978 356.727 2 70.9821 -250
1554 444.978 356.727 2 78.911 -114.588
1555 454.978 356.727 2 87.2664 -250
1556 464.978 356.727 2 95.937 -250
1557 474.978 356.727 2 104.845 -88.8904
1558 484.978 356.727 2 113.934 -94.1732
1559 84.9784 366.727 2 298.393 -127.132
1560 94.9784 366.727 2 288.491 -129.155
1561 104.978 366.727 2 278.596 -250
1562 114.978 366.727 2 268.708 -250
1563 124.978 366.727 2 258.829 -250
1564 134.978 366.727 2 248.96 -250
1565 144.978 366.727 2 239.101 -250
1566 154.978 366.727 2 229.255 -250
1567 164.978 366.727 2 219.423 -250
1568 174.978 366.727 2 209.607 -250
1569 184.978 366.727 2 199.808 -104.522
1570 194.978 366.727 2 190.031 -250
1571 204.978 366.727 2 180.279 -250
1572 214.978 366.727 2 170.555 -250
1573 224.978 366.727 2 160.864 -250
1574 234.978 366.727 2 151.215 -250
1575 244.978 366.727 2 141.613 -250
1576 254.978 366.727 2 132.071 -250
1577 264.978 366.727 2 122.602 -250
1578 274.978 366.727 2 113.224 -80.8819
1579 284.978 366.727 2 103.963 -89.1937
1580 294.978 366.727 2 94.8511 -77.7041
1581 304.978 366.727 2 85.9372 -87.5757
1582 314.978 366.727 2 77.2897 -79.3942
1583 324.978 366.727 2 69.0085 -78.9796
1584 334.978 366.727 2 61.2426 -82.0127
1585 344.978 366.727 2 54.2138 -77.521
1586 354.978 366.727 2 48.2454 -90.1959
1587 364.978 366.727 2 43.7733 -96.8122
1588 374.978 366.727 2 41.2866 -88.3877
1589 384.978 366.727 2 41.1469 -89.5388
1590 394.978 366.727 2 43.3768 -250
1591 404.978 366.727 2 47.6448 -250
1592 414.978 366.727 2 53.4651 -250
1593 424.978 366.727 2 60.3904 -250
1594 434.978 366.727 2 68.0843 -250
1595 444.978 366.727 2 76.3149 -85.5795
1596 454.978 366.727 2 84.9261 -250
1597 464.978 366.727 2 93.8132 -250
1598 474.978 366.727 2 102.905 -89.0308
1599 484.978 366.727 2 112.151 -87.1634
1600 84.9784 376.727 2 298.053 -152.264
1601 94.9784 376.727 2 288.139 -128.708
1602 104.978 376.727 2 278.231 -250
1603 114.978 376.727 2 268.33 -250
1604 124.978 376.727 2 258.437 -250
1605 134.978 376.727 2 248.552 -250
1606 144.978 376.727 2 238.677 -250
1607 154.978 376.727 2 228.812 -250
1608 164.978 376.727 2 218.96 -250
1609 174.978 376.727 2 209.122 -250
1610 184.978 376.727 2 199.3 -111.595
1611 194.978 376.727 2 189.497 -250
1612 204.978 376.727 2 179.715 -250
1613 214.978 376.727 2 169.958 -250
1614 224.978 376.727 2 160.232 -250
1615 234.978 376.727 2 150.542 -250
1616 244.978 376.727 2 140.895 -250
1617 254.978 376.727 2 131.3 -250
1618 264.978 376.727 2 121.772 -250
1619 274.978 376.727 2 112.324 -81.1013
1620 284.978 376.727 2 102.982 -90.3931
1621 294.978 376.727 2 93.775 -79.2439
1622 304.978 376.727 2 84.748 -82.5905
1623 314.978 376.727 2 75.9652 -79.4433
1624 324.978 376.727 2 67.5218 -86.5419
1625 334.978 376.727 2 59.5624 -78.4259
1626 344.978 376.727 2 52.3083 -78.8625
1627 354.978 376.727 2 46.0938 -82.6445
1628 364.978 376.727 2 41.3899 -89.4914
1629 374.978 376.727 2 38.7505 -88.9557
1630 384.978 376.727 2 38.6016 -250
1631 394.978 376.727 2 40.9703 -250
1632 404.978 376.727 2 45.4648 -250
1633 414.978 376.727 2 51.5319 -250
1634 424.978 376.727 2 58.6857 -250
1635 434.978 376.727 2 66.577 -250
1636 444.978 376.727 2 74.9732 -250
1637 454.978 376.727 2 83.7225 -250
1638 464.978 376.727 2 92.7251 -250
1639 474.978 376.727 2 101.914 -85.8325
1640 484.978 376.727 2 111.243 -105.562
1641 84.9784 386.727 2 298.048 -117.797
1642 94.9784 386.727 2 288.134 -116.897
1643 104.978 386.727 2 278.226 -140.441
1644 114.978 386.727 2 268.325 -250
1645 124.978 386.727 2 258.431 -250
1646 134.978 386.727 2 248.546 -250
1647 144.978 386.727 2 238.67 -250
1648 154.978 386.727 2 228.806 -250
1649 164.978 386.727 2 218.953 -250
1650 174.978 386.727 2 209.115 -250
1651 184.978 386.727 2 199.292 -93.2693
1652 194.978 386.727 2 189.489 -250
1653 204.978 386.727 2 179.706 -250
1654 214.978 386.727 2 169.95 -250
1655 224.978 386.727 2 160.223 -250
1656 234.978 386.727 2 150.532 -250
1657 244.978 386.727 2 140.884 -250
1658 254.978 386.727 2 131.289 -250
1659 264.978 386.727 2 121.759 -250
1660 274.978 386.727 2 112.311 -84.3201
1661 284.978 386.727 2 102.967 -82.1367
1662 294.978 386.727 2 93.7591 -91.5781
1663 304.978 386.727 2 84.7304 -78.379
1664 314.978 386.727 2 75.9456 -79.6453
1665 324.978 386.727 2 67.4997 -84.7436
1666 334.978 386.727 2 59.5373 -80.6213
1667 344.978 386.727 2 52.2798 -85.5671
1668 354.978 386.727 2 46.0615 -86.8522
1669 364.978 386.727 2 41.3538 -84.6168
1670 374.978 386.727 2 38.712 -89.6933
1671 384.978 386.727 2 38.563 -250
1672 394.978 386.727 2 40.9339 -250
1673 404.978 386.727 2 45.432 -250
1674 414.978 386.727 2 51.5029 -250
1675 424.978 386.727 2 58.6603 -250
1676 434.978 386.727 2 66.5546 -250
1677 444.978 386.727 2 74.9533 -250
1678 454.978 386.727 2 83.7047 -250
1679 464.978 386.727 2 92.709 -250
1680 474.978 386.727 2 101.899 -95.4366
1681 484.978 386.727 2 111.229 -99.3417
1682 84.9784 396.727 2 298.378 -91.9952
1683 94.9784 396.727 2 288.476 -90.2873
1684 104.978 396.727 2 278.58 -85.0057
1685 114.978 396.727 2 268.691 -86.6644
1686 124.978 396.727 2 258.812 -99.1943
1687 134.978 396.727 2 248.942 -97.1608
1688 144.978 396.727 2 239.083 -87.9335
1689 154.978 396.727 2 229.236 -89.3682
1690 164.978 396.727 2 219.403 -92.0285
1691 174.978 396.727 2 209.585 -94.7446
1692 184.978 396.727 2 199.786 -81.8789
1693 194.978 396.727 2 190.008 -91.7161
1694 204.978 396.727 2 180.254 -94.0123
1695 214.978 396.727 2 170.528 -96.3745
1696 224.978 396.727 2 160.837 -93.5899
1697 234.978 396.727 2 151.185 -93.9423
1698 244.978 396.727 2 141.582 -250
1699 254.978 396.727 2 132.037 -250
1700 264.978 396.727 2 122.566 -250
1701 274.978 396.727 2 113.185 -81.5866
1702 284.978 396.727 2 103.92 -77.5584
1703 294.978 396.727 2 94.8039 -81.6696
1704 304.978 396.727 2 85.8852 -77.4304
1705 314.978 396.727 2 77.2318 -79.485
1706 324.978 396.727 2 68.9437 -84.3933
1707 334.978 396.727 2 61.1695 -93.1789
1708 344.978 396.727 2 54.1313 -82.7563
1709 354.978 396.727 2 48.1526 -93.3153
1710 364.978 396.727 2 43.671 -83.5943
1711 374.978 396.727 2 41.1782 -92.8098
1712 384.978 396.727 2 41.0381 -250
1713 394.978 396.727 2 43.2736 -250
1714 404.978 396.727 2 47.5509 -250
1715 414.978 396.727 2 53.3814 -250
1716 424.978 396.727 2 60.3163 -250
1717 434.978 396.727 2 68.0186 -250
1718 444.978 396.727 2 76.2563 -250
1719 454.978 396.727 2 84.8734 -250
1720 464.978 396.727 2 93.7656 -250
1721 474.978 396.727 2 102.861 -83.4898
1722 484.978 396.727 2 112.111 -84.5921
1723 84.9784 406.727 2 299.043 -82.7264
1724 94.9784 406.727 2 289.163 -88.1497
1725 104.978 406.727 2 279.291 -84.249
1726 114.978 406.727 2 269.429 -81.0213
1727 124.978 406.727 2 259.578 -86.9851
1728 134.978 406.727 2 249.738 -92.259
1729 144.978 406.727 2 239.912 -94.3262
1730 154.978 406.727 2 230.1 -103.404
1731 164.978 406.727 2 220.306 -82.175
1732 174.978 406.727 2 210.53 -88.7934
1733 184.978 406.727 2 200.777 -84.5876
1734 194.978 406.727 2 191.05 -98.6065
1735 204.978 406.727 2 181.352 -81.6889
1736 214.978 406.727 2 171.689 -89.5366
1737 224.978 406.727 2 162.066 -91.3614
1738 234.978 406.727 2 152.492 -83.4376
1739 244.978 406.727 2 142.977 -83.3514
1740 254.978 406.727 2 133.532 -84.4284
1741 264.978 406.727 2 124.175 -83.5206
1742 274.978 406.727 2 114.925 -80.6244
1743 284.978 406.727 2 105.813 -82.1136
1744 294.978 406.727 2 96.8752 -78.5455
1745 304.978 406.727 2 88.1662 -81.3811
1746 314.978 406.727 2 79.7607 -79.4733
1747 324.978 406.727 2 71.7652 -81.9987
1748 334.978 406.727 2 64.333 -80.5062
1749 344.978 406.727 2 57.682 -89.0289
1750 354.978 406.727 2 52.1123 -84.1009
1751 364.978 406.727 2 48.0018 -85.4113
1752 374.978 406.727 2 45.7456 -83.1653
1753 384.978 406.727 2 45.6195 -84.1558
1754 394.978 406.727 2 47.6406 -80.3365
1755 404.978 406.727 2 51.5568 -78.263
1756 414.978 406.727 2 56.9788 -84.3653
1757 424.978 406.727 2 63.5222 -84.4028
1758 434.978 406.727 2 70.877 -83.2663
1759 444.978 406.727 2 78.8165 -81.6014
1760 454.978 406.727 2 87.1809 -88.2106
1761 464.978 406.727 2 95.8593 -86.4025
1762 474.978 406.727 2 104.773 -86.9821
1763 484.978 406.727 2 113.868 -83.8457
1764 84.9784 416.727 2 300.039 -91.4414
1765 94.9784 416.727 2 290.193 -88.4254
1766 104.978 416.727 2 280.358 -98.1103
1767 114.978 416.727 2 270.535 -250
1768 124.978 416.727 2 260.725 -250
1769 134.978 416.727 2 250.93 -250
1770 144.978 416.727 2 241.153 -250
1771 154.978 416.727 2 231.394 -86.735
1772 164.978 416.727 2 221.656 -90.4905
1773 174.978 416.727 2 211.943 -96.6457
1774 184.978 416.727 2 202.259 -85.5082
1775 194.978 416.727 2 192.606 -80.703
1776 204.978 416.727 2 182.99 -92.5936
1777 214.978 416.727 2 173.418 -85.3668
1778 224.978 416.727 2 163.898 -96.4098
1779 234.978 416.727 2 154.437 -86.9537
1780 244.978 416.727 2 145.05 -82.1487
1781 254.978 416.727 2 135.749 -79.2766
1782 264.978 416.727 2 126.556 -82.0304
1783 274.978 416.727 2 117.494 -82.1338
1784 284.978 416.727 2 108.597 -82.9239
1785 294.978 416.727 2 99.9091 -81.361
1786 304.978 416.727 2 91.4894 -78.9219
1787 314.978 416.727 2 83.4193 -79.3103
1788 324.978 416.727 2 75.8107 -86.5431
1789 334.978 416.727 2 68.8168 -91.7115
1790 344.978 416.727 2 62.6437 -76.9316
1791 354.978 416.727 2 57.5562 -81.9216
1792 364.978 416.727 2 53.8627 -81.7318
1793 374.978 416.727 2 51.8621 -79.525
1794 384.978 416.727 2 51.7509 -80.9869
1795 394.978 416.727 2 53.541 -81.7627
1796 404.978 416.727 2 57.0537 -81.2728
1797 414.978 416.727 2 61.9968 -80.0993
1798 424.978 416.727 2 68.0595 -80.632
1799 434.978 416.727 2 74.9705 -80.7944
1800 444.978 416.727 2 82.517 -85.8282
1801 454.978 416.727 2 90.5402 -76.0756
1802 464.978 416.727 2 98.9243 -81.0816
1803 474.978 416.727 2 107.585 -78.8046
1804 484.978 416.727 2 116.46 -79.4829
1805 84.9784 426.727 2 301.365 -124.43
1806 94.9784 426.727 2 291.563 -132.673
1807 104.978 426.727 2 281.776 -134.405
1808 114.978 426.727 2 272.004 -250
1809 124.978 426.727 2 262.249 -250
1810 134.978 426.727 2 252.514 -250
1811 144.978 426.727 2 242.8 -250
1812 154.978 426.727 2 233.11 -112.467
1813 164.978 426.727 2 223.447 -250
1814 174.978 426.727 2 213.815 -250
1815 184.978 426.727 2 204.219 -250
1816 194.978 426.727 2 194.664 -250
1817 204.978 426.727 2 185.155 -250
1818 214.978 426.727 2 175.701 -250
1819 224.978 426.727 2 166.311 -99.9585
1820 234.978 426.727 2 156.997 -250
1821 244.978 426.727 2 147.772 -250
1822 254.978 426.727 2 138.654 -250
1823 264.978 426.727 2 129.666 -250
1824 274.978 426.727 2 120.838 -81.3118
1825 284.978 426.727 2 112.207 -94.3241
1826 294.978 426.727 2 103.821 -91.9844
1827 304.978 426.727 2 95.7461 -250
1828 314.978 426.727 2 88.067 -250
1829 324.978 426.727 2 80.8968 -250
1830 334.978 426.727 2 74.3826 -250
1831 344.978 426.727 2 68.7114 -250
1832 354.978 426.727 2 64.1072 -250
1833 364.978 426.727 2 60.8129 -250
1834 374.978 426.727 2 59.0483 -250
1835 384.978 426.727 2 58.9506 -250
1836 394.978 426.727 2 60.5282 -250
1837 404.978 426.727 2 63.6564 -250
1838 414.978 426.727 2 68.1221 -250
1839 424.978 426.727 2 73.6825 -250
1840 434.978 426.727 2 80.1099 -250
1841 444.978 426.727 2 87.2128 -250
1842 454.978 426.727 2 94.8396 -250
1843 464.978 426.727 2 102.874 -96.9767
1844 474.978 426.727 2 111.227 -86.6355
1845 484.978 426.727 2 119.833 -250
1846 84.9784 436.727 2 303.014 -130.426
1847 94.9784 436.727 2 293.268 -135.553
1848 104.978 436.727 2 283.54 -142.792
1849 114.978 436.727 2 273.831 -250
1850 124.978 436.727 2 264.143 -250
1851 134.978 436.727 2 254.48 -250
1852 144.978 436.727 2 244.844 -250
1853 154.978 436.727 2 235.238 -124.841
1854 164.978 436.727 2 225.667 -250
1855 174.978 436.727 2 216.134 -250
1856 184.978 436.727 2 206.646 -250
1857 194.978 436.727 2 197.208 -250
1858 204.978 436.727 2 187.828 -250
1859 214.978 436.727 2 178.516 -250
1860 224.978 436.727 2 169.282 -113.454
1861 234.978 436.727 2 160.14 -250
1862 244.978 436.727 2 151.107 -250
1863 254.978 436.727 2 142.204 -250
1864 264.978 436.727 2 133.456 -250
1865 274.978 436.727 2 124.896 -99.8904
1866 284.978 436.727 2 116.565 -91.8778
1867 294.978 436.727 2 108.517 -87.1894
1868 304.978 436.727 2 100.818 -250
1869 314.978 436.727 2 93.5565 -250
1870 324.978 436.727 2 86.8407 -250
1871 334.978 436.727 2 80.8071 -250
1872 344.978 436.727 2 75.6192 -250
1873 354.978 436.727 2 71.4615 -250
1874 364.978 436.727 2 68.5218 -250
1875 374.978 436.727 2 66.9605 -250
1876 384.978 436.727 2 66.8745 -250
1877 394.978 436.727 2 68.2692 -250
1878 404.978 436.727 2 71.0575 -250
1879 414.978 436.727 2 75.0842 -250
1880 424.978 436.727 2 80.1631 -250
1881 434.978 436.727 2 86.1081 -250
1882 444.978 436.727 2 92.7528 -250
1883 454.978 436.727 2 99.9579 -250
1884 464.978 436.727 2 107.611 -88.5305
1885 474.978 436.727 2 115.622 -100.932
1886 484.978 436.727 2 123.923 -250
1887 84.9784 446.727 2 304.983 -139.706
1888 94.9784 446.727 2 295.302 -146.477
1889 104.978 446.727 2 285.643 -149.659
1890 114.978 446.727 2 276.008 -250
1891 124.978 446.727 2 266.399 -250
1892 134.978 446.727 2 256.821 -250
1893 144.978 446.727 2 247.276 -250
1894 154.978 446.727 2 237.769 -132.477
1895 164.978 446.727 2 228.304 -250
1896 174.978 446.727 2 218.886 -250
1897 184.978 446.727 2 209.522 -250
1898 194.978 446.727 2 200.22 -250
1899 204.978 446.727 2 190.988 -250
1900 214.978 446.727 2 181.838 -250
1901 224.978 446.727 2 172.782 -108.676
1902 234.978 446.727 2 163.835 -250
1903 244.978 446.727 2 155.018 -250
1904 254.978 446.727 2 146.352 -250
1905 264.978 446.727 2 137.867 -250
1906 274.978 446.727 2 129.599 -97.0024
1907 284.978 446.727 2 121.591 -91.6802
1908 294.978 446.727 2 113.899 -100.022
1909 304.978 446.727 2 106.59 -250
1910 314.978 446.727 2 99.7489 -250
1911 324.978 446.727 2 93.479 -250
1912 334.978 446.727 2 87.9022 -250
1913 344.978 446.727 2 83.1582 -250
1914 354.978 446.727 2 79.3963 -250
1915 364.978 446.727 2 76.761 -250
1916 374.978 446.727 2 75.3706 -250
1917 384.978 446.727 2 75.2942 -250
1918 394.978 446.727 2 76.5356 -250
1919 404.978 446.727 2 79.0328 -250
1920 414.978 446.727 2 82.672 -250
1921 424.978 446.727 2 87.3106 -250
1922 434.978 446.727 2 92.7989 -250
1923 444.978 446.727 2 98.9955 -250
1924 454.978 446.727 2 105.776 -250
1925 464.978 446.727 2 113.036 -103.105
1926 474.978 446.727 2 120.688 -111.294
1927 484.978 446.727 2 128.662 -250
1928 84.9784 456.727 2 307.265 -148.249
1929 94.9784 456.727 2 297.658 -148.091
1930 104.978 456.727 2 288.078 -156.644
1931 114.978 456.727 2 278.527 -250
1932 124.978 456.727 2 269.009 -250
1933 134.978 456.727 2 259.527 -250
1934 144.978 456.727 2 250.085 -250
1935 154.978 456.727 2 240.689 -140.482
1936 164.978 456.727 2 231.343 -250
1937 174.978 456.727 2 222.054 -250
1938 184.978 456.727 2 212.83 -250
1939 194.978 456.727 2 203.679 -250
1940 204.978 456.727 2 194.611 -250
1941 214.978 456.727 2 185.64 -250
1942 224.978 456.727 2 176.778 -124.399
1943 234.978 456.727 2 168.045 -250
1944 244.978 456.727 2 159.46 -250
1945 254.978 456.727 2 151.05 -250
1946 264.978 456.727 2 142.844 -250
1947 274.978 456.727 2 134.881 -99.2099
1948 284.978 456.727 2 127.206 -102.921
1949 294.978 456.727 2 119.874 -97.8872
1950 304.978 456.727 2 112.953 -250
1951 314.978 456.727 2 106.522 -250
1952 324.978 456.727 2 100.674 -250
1953 334.978 456.727 2 95.5187 -250
1954 344.978 456.727 2 91.1718 -250
1955 354.978 456.727 2 87.7541 -250
1956 364.978 456.727 2 85.3772 -250
1957 374.978 456.727 2 84.1294 -250
1958 384.978 456.727 2 84.0609 -250
1959 394.978 456.727 2 85.1746 -250
1960 404.978 456.727 2 87.4254 -250
1961 414.978 456.727 2 90.7286 -250
1962 424.978 456.727 2 94.9745 -250
1963 434.978 456.727 2 100.043 -250
1964 444.978 456.727 2 105.816 -250
1965 454.978 456.727 2 112.186 -250
1966 464.978 456.727 2 119.055 -101.617
1967 474.978 456.727 2 126.343 -108.891
1968 484.978 456.727 2 133.982 -250
1969 84.9784 466.727 2 309.853 -135.381
1970 94.9784 466.727 2 300.329 -152.52
1971 104.978 466.727 2 290.836 -158.562
1972 114.978 466.727 2 281.379 -250
1973 124.978 466.727 2 271.961 -250
1974 134.978 466.727 2 262.586 -250
1975 144.978 466.727 2 253.258 -250
1976 154.978 466.727 2 243.984 -132.308
1977 164.978 466.727 2 234.769 -250
1978 174.978 466.727 2 225.622 -250
1979 184.978 466.727 2 216.549 -250
1980 194.978 466.727 2 207.562 -250
1981 204.978 466.727 2 198.672 -250
1982 214.978 466.727 2 189.892 -250
1983 224.978 466.727 2 181.239 -114.171
1984 234.978 466.727 2 172.731 -250
1985 244.978 466.727 2 164.391 -250
1986 254.978 466.727 2 156.247 -250
1987 264.978 466.727 2 148.329 -250
1988 274.978 466.727 2 140.677 -96.4744
1989 284.978 466.727 2 133.336 -96.3996
1990 294.978 466.727 2 126.36 -102.83
1991 304.978 466.727 2 119.814 -250
1992 314.978 466.727 2 113.771 -250
1993 324.978 466.727 2 108.316 -250
1994 334.978 466.727 2 103.541 -250
1995 344.978 466.727 2 99.5456 -250
1996 354.978 466.727 2 96.4251 -250
1997 364.978 466.727 2 94.2671 -250
1998 374.978 466.727 2 93.1384 -250
1999 384.978 466.727 2 93.0766 -250
2000 394.978 466.727 2 94.0837 -250
2001 404.978 466.727 2 96.126 -250
2002 414.978 466.727 2 99.1398 -250
2003 424.978 466.727 2 103.04 -250
2004 434.978 466.727 2 107.73 -250
2005 444.978 466.727 2 113.111 -250
2006 454.978 466.727 2 119.091 -250
2007 464.978 466.727 2 125.583 -114.325
2008 474.978 466.727 2 132.513 -106.969
2009 484.978 466.727 2 139.814 -250
2010 84.9784 476.727 2 312.739 -140.36
2011 94.9784 476.727 2 303.306 -142.443
2012 104.978 476.727 2 293.909 -140.812
2013 114.978 476.727 2 284.554 -139.693
2014 124.978 476.727 2 275.245 -136.767
2015 134.978 476.727 2 265.985 -141.325
2016 144.978 476.727 2 256.781 -132.235
2017 154.978 476.727 2 247.639 -135.255
2018 164.978 476.727 2 238.566 -141.246
2019 174.978 476.727 2 229.569 -137.218
2020 184.978 476.727 2 220.66 -130.703
2021 194.978 476.727 2 211.847 -124.856
2022 204.978 476.727 2 203.144 -120.93
2023 214.978 476.727 2 194.566 -121.78
2024 224.978 476.727 2 186.13 -114.94
2025 234.978 476.727 2 177.857 -115.477
2026 244.978 476.727 2 169.769 -124.775
2027 254.978 476.727 2 161.895 -115.592
2028 264.978 476.727 2 154.268 -141.273
2029 274.978 476.727 2 146.925 -96.2168
2030 284.978 476.727 2 139.912 -94.1607
2031 294.978 476.727 2 133.281 -111.028
2032 304.978 476.727 2 127.092 -250
2033 314.978 476.727 2 121.412 -250
2034 324.978 476.727 2 116.316 -250
2035 334.978 476.727 2 111.883 -250
2036 344.978 476.727 2 108.196 -250
2037 354.978 476.727 2 105.332 -250
2038 364.978 476.727 2 103.36 -250
2039 374.978 476.727 2 102.332 -250
2040 384.978 476.727 2 102.275 -250
2041 394.978 476.727 2 103.193 -250
2042 404.978 476.727 2 105.058 -250
2043 414.978 476.727 2 107.823 -250
2044 424.978 476.727 2 111.419 -250
2045 434.978 476.727 2 115.77 -250
2046 444.978 476.727 2 120.794 -250
2047 454.978 476.727 2 126.411 -250
2048 464.978 476.727 2 132.545 -124.873
2049 474.978 476.727 2 139.128 -121.456
2050 484.978 476.727 2 146.1 -250
2051 84.9784 486.727 2 315.916 -135.402
2052 94.9784 486.727 2 306.58 -135.417
2053 104.978 486.727 2 297.287 -147.444
2054 114.978 486.727 2 288.042 -140.9
2055 124.978 486.727 2 278.849 -142.266
2056 134.978 486.727 2 269.713 -134.405
2057 144.978 486.727 2 260.641 -136.507
2058 154.978 486.727 2 251.639 -135.457
2059 164.978 486.727 2 242.715 -148.078
2060 174.978 486.727 2 233.879 -129.819
2061 184.978 486.727 2 225.139 -156.37
2062 194.978 486.727 2 216.509 -124.734
2063 204.978 486.727 2 208.001 -146.613
2064 214.978 486.727 2 199.632 -109.939
2065 224.978 486.727 2 191.42 -109.605
2066 234.978 486.727 2 183.385 -116.642
2067 244.978 486.727 2 175.552 -115.021
2068 254.978 486.727 2 167.949 -117.946
2069 264.978 486.727 2 160.61 -106.307
2070 274.978 486.727 2 153.571 -101.285
2071 284.978 486.727 2 146.876 -100.282
2072 294.978 486.727 2 140.574 -106.752
2073 304.978 486.727 2 134.72 -120.976
2074 314.978 486.727 2 129.375 -138.865
2075 324.978 486.727 2 124.605 -154.531
2076 334.978 486.727 2 120.478 -143.654
2077 344.978 486.727 2 117.061 -152.99
2078 354.978 486.727 2 114.42 -154.536
2079 364.978 486.727 2 112.607 -147.056
2080 374.978 486.727 2 111.664 -127.157
2081 384.978 486.727 2 111.612 -132.841
2082 394.978 486.727 2 112.453 -133.239
2083 404.978 486.727 2 114.168 -136.291
2084 414.978 486.727 2 116.716 -139.981
2085 424.978 486.727 2 120.047 -145.914
2086 434.978 486.727 2 124.096 -132.249
2087 444.978 486.727 2 128.795 -126.739
2088 454.978 486.727 2 134.077 -126.119
2089 464.978 486.727 2 139.875 -118.239
2090 474.978 486.727 2 146.129 -119.996
2091 484.978 486.727 2 152.781 -121.883
2092 84.9784 496.727 2 319.374 -148.886
2093 94.9784 496.727 2 310.142 -152.973
2094 104.978 496.727 2 300.96 -250
2095 114.978 496.727 2 291.831 -250
2096 124.978 496.727 2 282.761 -250
2097 134.978 496.727 2 273.756 -250
2098 144.978 496.727 2 264.822 -250
2099 154.978 496.727 2 255.967 -250
2100 164.978 496.727 2 247.2 -250
2101 174.978 496.727 2 238.529 -250
2102 184.978 496.727 2 229.967 -250
2103 194.978 496.727 2 221.525 -250
2104 204.978 496.727 2 213.217 -145.963
2105 214.978 496.727 2 205.061 -109.382
2106 224.978 496.727 2 197.075 -116.884
2107 234.978 496.727 2 189.28 -250
2108 244.978 496.727 2 181.702 -250
2109 254.978 496.727 2 174.368 -250
2110 264.978 496.727 2 167.31 -250
2111 274.978 496.727 2 160.565 -114.445
2112 284.978 496.727 2 154.174 -106.798
2113 294.978 496.727 2 148.182 -111.502
2114 304.978 496.727 2 142.641 -134.753
2115 314.978 496.727 2 137.604 -119.184
2116 324.978 496.727 2 133.129 -121.109
2117 334.978 496.727 2 129.275 -137.546
2118 344.978 496.727 2 126.097 -132.431
2119 354.978 496.727 2 123.648 -134.524
2120 364.978 496.727 2 121.973 -153.576
2121 374.978 496.727 2 121.103 -153.152
2122 384.978 496.727 2 121.055 -174.047
2123 394.978 496.727 2 121.831 -151.408
2124 404.978 496.727 2 123.415 -131.893
2125 414.978 496.727 2 125.777 -131.239
2126 424.978 496.727 2 128.873 -125.976
2127 434.978 496.727 2 132.653 -143.873
2128 444.978 496.727 2 137.059 -131.933
2129 454.978 496.727 2 142.034 -131.431
2130 464.978 496.727 2 147.52 -121.61
2131 474.978 496.727 2 153.462 -118.28
2132 484.978 496.727 2 159.81 -125.994
2133 84.9784 506.727 2 323.105 -150.226
2134 94.9784 506.727 2 313.983 -153.602
2135 104.978 506.727 2 304.916 -250
2136 114.978 506.727 2 295.909 -250
2137 124.978 506.727 2 286.968 -250
2138 134.978 506.727 2 278.099 -250
2139 144.978 506.727 2 269.31 -250
2140 154.978 506.727 2 260.607 -250
2141 164.978 506.727 2 252.001 -250
2142 174.978 506.727 2 243.502 -250
2143 184.978 506.727 2 235.121 -250
2144 194.978 506.727 2 226.87 -250
2145 204.978 506.727 2 218.766 -126.809
2146 214.978 506.727 2 210.825 -115.428
2147 224.978 506.727 2 203.066 -133.827
2148 234.978 506.727 2 195.51 -250
2149 244.978 506.727 2 188.182 -250
2150 254.978 506.727 2 181.111 -250
2151 264.978 506.727 2 174.326 -250
2152 274.978 506.727 2 167.863 -111.744
2153 284.978 506.727 2 161.761 -106.925
2154 294.978 506.727 2 156.061 -250
2155 304.978 506.727 2 150.809 -250
2156 314.978 506.727 2 146.055 -250
2157 324.978 506.727 2 141.847 -250
2158 334.978 506.727 2 138.235 -250
2159 344.978 506.727 2 135.268 -250
2160 354.978 506.727 2 132.988 -250
2161 364.978 506.727 2 131.432 -250
2162 374.978 506.727 2 130.625 -250
2163 384.978 506.727 2 130.581 -250
2164 394.978 506.727 2 131.3 -250
2165 404.978 506.727 2 132.772 -250
2166 414.978 506.727 2 134.97 -250
2167 424.978 506.727 2 137.86 -129.877
2168 434.978 506.727 2 141.399 -135.517
2169 444.978 506.727 2 145.541 -128.584
2170 454.978 506.727 2 150.235 -120.56
2171 464.978 506.727 2 155.432 -121.691
2172 474.978 506.727 2 161.083 -132.988
2173 484.978 506.727 2 167.141 -250
2174 84.9784 516.727 2 327.099 -151.959
2175 94.9784 516.727 2 318.092 -155.021
2176 104.978 516.727 2 309.145 -250
2177 114.978 516.727 2 300.265 -250
2178 124.978 516.727 2 291.458 -250
2179 134.978 516.727 2 282.73 -250
2180 144.978 516.727 2 274.089 -250
2181 154.978 516.727 2 265.543 -250
2182 164.978 516.727 2 257.103 -250
2183 174.978 516.727 2 248.777 -250
2184 184.978 516.727 2 240.58 -250
2185 194.978 516.727 2 232.524 -250
2186 204.978 516.727 2 224.623 -108.204
2187 214.978 516.727 2 216.897 -114.355
2188 224.978 516.727 2 209.362 -144.291
2189 234.978 516.727 2 202.042 -250
2190 244.978 516.727 2 194.96 -250
2191 254.978 516.727 2 188.144 -250
2192 264.978 516.727 2 181.622 -250
2193 274.978 516.727 2 175.428 -102.434
2194 284.978 516.727 2 169.598 -107.73
2195 294.978 516.727 2 164.171 -250
2196 304.978 516.727 2 159.187 -250
2197 314.978 516.727 2 154.69 -250
2198 324.978 516.727 2 150.723 -250
2199 334.978 516.727 2 147.329 -250
2200 344.978 516.727 2 144.549 -250
2201 354.978 516.727 2 142.418 -250
2202 364.978 516.727 2 140.966 -250
2203 374.978 516.727 2 140.214 -250
2204 384.978 516.727 2 140.173 -250
2205 394.978 516.727 2 140.843 -250
2206 404.978 516.727 2 142.216 -250
2207 414.978 516.727 2 144.27 -250
2208 424.978 516.727 2 146.977 -136.169
2209 434.978 516.727 2 150.302 -133.515
2210 444.978 516.727 2 154.205 -134.742
2211 454.978 516.727 2 158.643 -121.872
2212 464.978 516.727 2 163.573 -123.988
2213 474.978 516.727 2 168.952 -138.322
2214 484.978 516.727 2 174.737 -250
2215 84.9784 526.727 2 331.347 -154.575
2216 94.9784 526.727 2 322.458 -157.489
2217 104.978 526.727 2 313.637 -250
2218 114.978 526.727 2 304.887 -250
2219 124.978 526.727 2 296.218 -250
2220 134.978 526.727 2 287.634 -250
2221 144.978 526.727 2 279.145 -250
2222 154.978 526.727 2 270.759 -250
2223 164.978 526.727 2 262.486 -250
2224 174.978 526.727 2 254.337 -250
2225 184.978 526.727 2 246.324 -250
2226 194.978 526.727 2 238.462 -250
2227 204.978 526.727 2 230.765 -128.866
2228 214.978 526.727 2 223.251 -128.837
2229 224.978 526.727 2 215.939 -129.805
2230 234.978 526.727 2 208.85 -250
2231 244.978 526.727 2 202.006 -250
2232 254.978 526.727 2 195.436 -250
2233 264.978 526.727 2 189.165 -250
2234 274.978 526.727 2 183.227 -106.743
2235 284.978 526.727 2 177.653 -102.012
2236 294.978 526.727 2 172.479 -250
2237 304.978 526.727 2 167.742 -250
2238 314.978 526.727 2 163.481 -250
2239 324.978 526.727 2 159.732 -250
2240 334.978 526.727 2 156.534 -250
2241 344.978 526.727 2 153.92 -250
2242 354.978 526.727 2 151.921 -250
2243 364.978 526.727 2 150.56 -250
2244 374.978 526.727 2 149.856 -250
2245 384.978 526.727 2 149.818 -250
2246 394.978 526.727 2 150.445 -250
2247 404.978 526.727 2 151.731 -250
2248 414.978 526.727 2 153.658 -250
2249 424.978 526.727 2 156.203 -138.529
2250 434.978 526.727 2 159.335 -137.689
2251 444.978 526.727 2 163.022 -123.38
2252 454.978 526.727 2 167.227 -118.029
2253 464.978 526.727 2 171.911 -122.467
2254 474.978 526.727 2 177.036 -138.177
2255 484.978 526.727 2 182.566 -250
2256 84.9784 536.727 2 335.839 -155.498
2257 94.9784 536.727 2 327.072 -161.617
2258 104.978 536.727 2 318.379 -250
2259 114.978 536.727 2 309.763 -250
2260 124.978 536.727 2 301.234 -250
2261 134.978 536.727 2 292.797 -250
2262 144.978 536.727 2 284.462 -250
2263 154.978 536.727 2 276.238 -250
2264 164.978 536.727 2 268.134 -250
2265 174.978 536.727 2 260.162 -250
2266 184.978 536.727 2 252.335 -250
2267 194.978 536.727 2 244.666 -250
2268 204.978 536.727 2 237.17 -114.84
2269 214.978 536.727 2 229.866 -141.303
2270 224.978 536.727 2 222.77 -150.033
2271 234.978 536.727 2 215.905 -250
2272 244.978 536.727 2 209.293 -250
2273 254.978 536.727 2 202.958 -250
2274 264.978 536.727 2 196.928 -250
2275 274.978 536.727 2 191.23 -100.737
2276 284.978 536.727 2 185.897 -110.033
2277 294.978 536.727 2 180.959 -250
2278 304.978 536.727 2 176.45 -250
2279 314.978 536.727 2 172.404 -250
2280 324.978 536.727 2 168.853 -250
2281 334.978 536.727 2 165.831 -250
2282 344.978 536.727 2 163.366 -250
2283 354.978 536.727 2 161.484 -250
2284 364.978 536.727 2 160.204 -250
2285 374.978 536.727 2 159.543 -250
2286 384.978 536.727 2 159.507 -250
2287 394.978 536.727 2 160.096 -250
2288 404.978 536.727 2 161.305 -250
2289 414.978 536.727 2 163.119 -250
2290 424.978 536.727 2 165.518 -133.973
2291 434.978 536.727 2 168.478 -131.99
2292 444.978 536.727 2 171.969 -122.754
2293 454.978 536.727 2 175.96 -121.094
2294 464.978 536.727 2 180.417 -127.519
2295 474.978 536.727 2 185.307 -135.683
2296 484.978 536.727 2 190.597 -250
2297 84.9784 546.727 2 340.566 -158.464
2298 94.9784 546.727 2 331.924 -161.472
2299 104.978 546.727 2 323.36 -250
2300 114.978 546.727 2 314.882 -250
2301 124.978 546.727 2 306.494 -250
2302 134.978 546.727 2 298.207 -250
2303 144.978 546.727 2 290.027 -250
2304 154.978 546.727 2 281.965 -250
2305 164.978 546.727 2 274.031 -250
2306 174.978 546.727 2 266.235 -250
2307 184.978 546.727 2 258.592 -250
2308 194.978 546.727 2 251.114 -250
2309 204.978 546.727 2 243.817 -107.129
2310 214.978 546.727 2 236.718 -109.845
2311 224.978 546.727 2 229.834 -139.108
2312 234.978 546.727 2 223.186 -250
2313 244.978 546.727 2 216.796 -250
2314 254.978 546.727 2 210.687 -250
2315 264.978 546.727 2 204.884 -250
2316 274.978 546.727 2 199.414 -107.018
2317 284.978 546.727 2 194.305 -103.467
2318 294.978 546.727 2 189.587 -250
2319 304.978 546.727 2 185.288 -250
2320 314.978 546.727 2 181.439 -250
2321 324.978 546.727 2 178.069 -250
2322 334.978 546.727 2 175.206 -250
2323 344.978 546.727 2 172.874 -250
2324 354.978 546.727 2 171.096 -250
2325 364.978 546.727 2 169.889 -250
2326 374.978 546.727 2 169.266 -250
2327 384.978 546.727 2 169.232 -250
2328 394.978 546.727 2 169.788 -250
2329 404.978 546.727 2 170.928 -250
2330 414.978 546.727 2 172.641 -250
2331 424.978 546.727 2 174.909 -152.767
2332 434.978 546.727 2 177.713 -133.326
2333 444.978 546.727 2 181.026 -122.001
2334 454.978 546.727 2 184.821 -121.245
2335 464.978 546.727 2 189.069 -123.844
2336 474.978 546.727 2 193.741 -124.838
2337 484.978 546.727 2 198.807 -250
2338 84.9784 556.727 2 345.517 -158.379
2339 94.9784 556.727 2 337.002 -166.342
2340 104.978 556.727 2 328.571 -250
2341 114.978 556.727 2 320.23 -250
2342 124.978 556.727 2 311.987 -250
2343 134.978 556.727 2 303.849 -250
2344 144.978 556.727 2 295.826 -250
2345 154.978 556.727 2 287.926 -250
2346 164.978 556.727 2 280.16 -250
2347 174.978 556.727 2 272.54 -250
2348 184.978 556.727 2 265.079 -250
2349 194.978 556.727 2 257.789 -250
2350 204.978 556.727 2 250.687 -118.205
2351 214.978 556.727 2 243.787 -111.456
2352 224.978 556.727 2 237.109 -152.984
2353 234.978 556.727 2 230.671 -150.408
2354 244.978 556.727 2 224.494 -172.657
2355 254.978 556.727 2 218.6 -164.899
2356 264.978 556.727 2 213.013 -132.699
2357 274.978 556.727 2 207.757 -102.397
2358 284.978 556.727 2 202.859 -103.546
2359 294.978 556.727 2 198.343 -139.769
2360 304.978 556.727 2 194.238 -158.072
2361 314.978 556.727 2 190.57 -250
2362 324.978 556.727 2 187.365 -250
2363 334.978 556.727 2 184.646 -250
2364 344.978 556.727 2 182.435 -250
2365 354.978 556.727 2 180.751 -250
2366 364.978 556.727 2 179.609 -250
2367 374.978 556.727 2 179.019 -250
2368 384.978 556.727 2 178.987 -250
2369 394.978 556.727 2 179.513 -250
2370 404.978 556.727 2 180.592 -250
2371 414.978 556.727 2 182.214 -250
2372 424.978 556.727 2 184.365 -130.24
2373 434.978 556.727 2 187.026 -125.986
2374 444.978 556.727 2 190.177 -128.976
2375 454.978 556.727 2 193.793 -122.718
2376 464.978 556.727 2 197.849 -126.929
2377 474.978 556.727 2 202.318 -133.581
2378 484.978 556.727 2 207.174 -145.999
2379 84.9784 566.727 2 350.684 -158.648
2380 94.9784 566.727 2 342.297 -172.472
2381 104.978 566.727 2 334 -250
2382 114.978 566.727 2 325.798 -250
2383 124.978 566.727 2 317.699 -250
2384 134.978 566.727 2 309.712 -250
2385 144.978 566.727 2 301.844 -250
2386 154.978 566.727 2 294.106 -250
2387 164.978 566.727 2 286.508 -250
2388 174.978 566.727 2 279.061 -250
2389 184.978 566.727 2 271.779 -250
2390 194.978 566.727 2 264.674 -250
2391 204.978 566.727 2 257.761 -127.06
2392 214.978 566.727 2 251.056 -119.59
2393 224.978 566.727 2 244.577 -148.199
2394 234.978 566.727 2 238.341 -150.818
2395 244.978 566.727 2 232.368 -157.09
2396 254.978 566.727 2 226.679 -152.843
2397 264.978 566.727 2 221.295 -105.141
2398 274.978 566.727 2 216.241 -111.659
2399 284.978 566.727 2 211.539 -105.181
2400 294.978 566.727 2 207.213 -109.989
2401 304.978 566.727 2 203.287 -157.852
2402 314.978 566.727 2 199.785 -157.661
2403 324.978 566.727 2 196.73 -157.478
2404 334.978 566.727 2 194.142 -250
2405 344.978 566.727 2 192.04 -250
2406 354.978 566.727 2 190.442 -250
2407 364.978 566.727 2 189.358 -250
2408 374.978 566.727 2 188.799 -250
2409 384.978 566.727 2 188.768 -136.411
2410 394.978 566.727 2 189.267 -250
2411 404.978 566.727 2 190.29 -250
2412 414.978 566.727 2 191.83 -135.518
2413 424.978 566.727 2 193.875 -132.191
2414 434.978 566.727 2 196.407 -134.735
2415 444.978 566.727 2 199.41 -119.193
2416 454.978 566.727 2 202.862 -124.835
2417 464.978 566.727 2 206.74 -129.413
2418 474.978 566.727 2 211.021 -129.322
2419 484.978 566.727 2 215.681 -135.829
2420 84.9784 576.727 2 356.056 -169.857
2421 94.9784 576.727 2 347.799 -177.466
2422 104.978 576.727 2 339.637 -250
2423 114.978 576.727 2 331.574 -250
2424 124.978 576.727 2 323.62 -250
2425 134.978 576.727 2 315.782 -250
2426 144.978 576.727 2 308.07 -250
2427 154.978 576.727 2 300.492 -250
2428 164.978 576.727 2 293.059 -250
2429 174.978 576.727 2 285.784 -250
2430 184.978 576.727 2 278.677 -250
2431 194.978 576.727 2 271.752 -117.407
2432 204.978 576.727 2 265.024 -147.941
2433 214.978 576.727 2 258.508 -125.886
2434 224.978 576.727 2 252.22 -124.264
2435 234.978 576.727 2 246.177 -150.155
2436 244.978 576.727 2 240.399 -152.019
2437 254.978 576.727 2 234.905 -141.113
2438 264.978 576.727 2 229.714 -108.764
2439 274.978 576.727 2 224.849 -101.624
2440 284.978 576.727 2 220.331 -116.032
2441 294.978 576.727 2 216.181 -110.264
2442 304.978 576.727 2 212.421 -148.443
2443 314.978 576.727 2 209.072 -250
2444 324.978 576.727 2 206.154 -158.477
2445 334.978 576.727 2 203.686 -157.881
2446 344.978 576.727 2 201.684 -155.617
2447 354.978 576.727 2 200.162 -141.599
2448 364.978 576.727 2 199.132 -125.081
2449 374.978 576.727 2 198.6 -250
2450 384.978 576.727 2 198.571 -250
2451 394.978 576.727 2 199.045 -250
2452 404.978 576.727 2 200.019 -133.783
2453 414.978 576.727 2 201.484 -124.544
2454 424.978 576.727 2 203.432 -126.897
2455 434.978 576.727 2 205.847 -123.319
2456 444.978 576.727 2 208.714 -133.007
2457 454.978 576.727 2 212.014 -123.959
2458 464.978 576.727 2 215.727 -133.738
2459 474.978 576.727 2 219.834 -134.393
2460 484.978 576.727 2 224.311 -139.667
2461 84.9784 586.727 2 361.626 -160.312
2462 94.9784 586.727 2 353.499 -172.997
2463 104.978 586.727 2 345.471 -250
2464 114.978 586.727 2 337.548 -250
2465 124.978 586.727 2 329.738 -250
2466 134.978 586.727 2 322.049 -250
2467 144.978 586.727 2 314.49 -250
2468 154.978 586.727 2 307.071 -250
2469 164.978 586.727 2 299.801 -250
2470 174.978 586.727 2 292.693 -250
2471 184.978 586.727 2 285.758 -148.022
2472 194.978 586.727 2 279.01 -140.522
2473 204.978 586.727 2 272.461 -147.791
2474 214.978 586.727 2 266.126 -119.09
2475 224.978 586.727 2 260.023 -128.403
2476 234.978 586.727 2 254.166 -150.389
2477 244.978 586.727 2 248.573 -142.5
2478 254.978 586.727 2 243.264 -119.445
2479 264.978 586.727 2 238.256 -109.036
2480 274.978 586.727 2 233.568 -113.743
2481 284.978 586.727 2 229.222 -112.308
2482 294.978 586.727 2 225.236 -112.212
2483 304.978 586.727 2 221.629 -142.765
2484 314.978 586.727 2 218.422 -151.733
2485 324.978 586.727 2 215.631 -250
2486 334.978 586.727 2 213.272 -146.277
2487 344.978 586.727 2 211.361 -155.208
2488 354.978 586.727 2 209.91 -155.318
2489 364.978 586.727 2 208.927 -142.245
2490 374.978 586.727 2 208.42 -143.08
2491 384.978 586.727 2 208.393 -142.865
2492 394.978 586.727 2 208.844 -152.402
2493 404.978 586.727 2 209.772 -133.845
2494 414.978 586.727 2 211.17 -125.473
2495 424.978 586.727 2 213.029 -140.019
2496 434.978 586.727 2 215.337 -125.24
2497 444.978 586.727 2 218.079 -133.96
2498 454.978 586.727 2 221.239 -122.387
2499 464.978 586.727 2 224.801 -133.106
2500 474.978 586.727 2 228.744 -135.207
2501 484.978 586.727 2 233.05 -137.324
