# <Transmitter Set: Tx: 18 tx_ant_grid_40_m - Point 16> 
# <Receiver Set: Rx: 17 rx_ant_grid> 
# <X(m)> <Y(m)> <Z(m)> <Distance(m)> <PathGain(dB)>
1 84.9784 -13.2734 2 297.618 -88.573
2 94.9784 -13.2734 2 297.935 -88.9934
3 104.978 -13.2734 2 298.586 -90.7274
4 114.978 -13.2734 2 299.57 -88.5052
5 124.978 -13.2734 2 300.883 -92.2376
6 134.978 -13.2734 2 302.521 -104.412
7 144.978 -13.2734 2 304.479 -89.4873
8 154.978 -13.2734 2 306.751 -90.5346
9 164.978 -13.2734 2 309.329 -110.307
10 174.978 -13.2734 2 312.206 -105.116
11 184.978 -13.2734 2 315.375 -104.647
12 194.978 -13.2734 2 318.826 -110.137
13 204.978 -13.2734 2 322.55 -127.153
14 214.978 -13.2734 2 326.538 -130.067
15 224.978 -13.2734 2 330.78 -122.877
16 234.978 -13.2734 2 335.267 -125.472
17 244.978 -13.2734 2 339.989 -128.312
18 254.978 -13.2734 2 344.936 -117.533
19 264.978 -13.2734 2 350.099 -121.405
20 274.978 -13.2734 2 355.468 -119.909
21 284.978 -13.2734 2 361.035 -121.281
22 294.978 -13.2734 2 366.79 -131.484
23 304.978 -13.2734 2 372.724 -136.621
24 314.978 -13.2734 2 378.829 -144.671
25 324.978 -13.2734 2 385.098 -145.972
26 334.978 -13.2734 2 391.521 -146.626
27 344.978 -13.2734 2 398.092 -147.585
28 354.978 -13.2734 2 404.803 -152.001
29 364.978 -13.2734 2 411.648 -153.125
30 374.978 -13.2734 2 418.62 -128.338
31 384.978 -13.2734 2 425.712 -133.139
32 394.978 -13.2734 2 432.92 -123.428
33 404.978 -13.2734 2 440.236 -127.908
34 414.978 -13.2734 2 447.657 -126.532
35 424.978 -13.2734 2 455.176 -129.149
36 434.978 -13.2734 2 462.789 -108.509
37 444.978 -13.2734 2 470.491 -131.383
38 454.978 -13.2734 2 478.279 -132.614
39 464.978 -13.2734 2 486.147 -139.379
40 474.978 -13.2734 2 494.092 -136.663
41 484.978 -13.2734 2 502.111 -134.675
42 84.9784 -3.2734 2 287.704 -87.2981
43 94.9784 -3.2734 2 288.031 -86.6553
44 104.978 -3.2734 2 288.705 -88.6282
45 114.978 -3.2734 2 289.722 -90.3771
46 124.978 -3.2734 2 291.08 -120.264
47 134.978 -3.2734 2 292.773 -87.6712
48 144.978 -3.2734 2 294.796 -89.9174
49 154.978 -3.2734 2 297.141 -88.7513
50 164.978 -3.2734 2 299.802 -115.072
51 174.978 -3.2734 2 302.77 -115.998
52 184.978 -3.2734 2 306.037 -124.637
53 194.978 -3.2734 2 309.591 -128.96
54 204.978 -3.2734 2 313.425 -135.896
55 214.978 -3.2734 2 317.528 -135.506
56 224.978 -3.2734 2 321.889 -132.716
57 234.978 -3.2734 2 326.498 -131.184
58 244.978 -3.2734 2 331.345 -142.825
59 254.978 -3.2734 2 336.419 -121.603
60 264.978 -3.2734 2 341.711 -121.019
61 274.978 -3.2734 2 347.21 -122.112
62 284.978 -3.2734 2 352.907 -123.925
63 294.978 -3.2734 2 358.792 -144.389
64 304.978 -3.2734 2 364.856 -150.41
65 314.978 -3.2734 2 371.091 -151.587
66 324.978 -3.2734 2 377.488 -151.149
67 334.978 -3.2734 2 384.039 -150.878
68 344.978 -3.2734 2 390.735 -202.303
69 354.978 -3.2734 2 397.571 -202.435
70 364.978 -3.2734 2 404.538 -202.66
71 374.978 -3.2734 2 411.63 -202.994
72 384.978 -3.2734 2 418.841 -203.453
73 394.978 -3.2734 2 426.165 -129.355
74 404.978 -3.2734 2 433.595 -120.63
75 414.978 -3.2734 2 441.128 -128.326
76 424.978 -3.2734 2 448.756 -139.813
77 434.978 -3.2734 2 456.476 -130.518
78 444.978 -3.2734 2 464.283 -203.528
79 454.978 -3.2734 2 472.173 -201.22
80 464.978 -3.2734 2 480.142 -155.211
81 474.978 -3.2734 2 488.185 -144.374
82 484.978 -3.2734 2 496.299 -143.077
83 84.9784 6.7266 2 277.796 -87.497
84 94.9784 6.7266 2 278.135 -87.653
85 104.978 6.7266 2 278.832 -85.9703
86 114.978 6.7266 2 279.886 -89.8638
87 124.978 6.7266 2 281.291 -250
88 134.978 6.7266 2 283.042 -87.036
89 144.978 6.7266 2 285.134 -86.6622
90 154.978 6.7266 2 287.559 -85.7906
91 164.978 6.7266 2 290.307 -116.234
92 174.978 6.7266 2 293.372 -114.531
93 184.978 6.7266 2 296.741 -118.609
94 194.978 6.7266 2 300.406 -134.918
95 204.978 6.7266 2 304.356 -137.125
96 214.978 6.7266 2 308.579 -139.705
97 224.978 6.7266 2 313.064 -135.342
98 234.978 6.7266 2 317.802 -150.611
99 244.978 6.7266 2 322.779 -142.36
100 254.978 6.7266 2 327.986 -141.271
101 264.978 6.7266 2 333.412 -121.271
102 274.978 6.7266 2 339.045 -122.519
103 284.978 6.7266 2 344.877 -125.552
104 294.978 6.7266 2 350.897 -250
105 304.978 6.7266 2 357.095 -250
106 314.978 6.7266 2 363.463 -250
107 324.978 6.7266 2 369.992 -250
108 334.978 6.7266 2 376.673 -250
109 344.978 6.7266 2 383.499 -250
110 354.978 6.7266 2 390.461 -250
111 364.978 6.7266 2 397.553 -250
112 374.978 6.7266 2 404.767 -250
113 384.978 6.7266 2 412.098 -250
114 394.978 6.7266 2 419.54 -120.086
115 404.978 6.7266 2 427.085 -120.916
116 414.978 6.7266 2 434.73 -128.564
117 424.978 6.7266 2 442.469 -134.92
118 434.978 6.7266 2 450.297 -146.835
119 444.978 6.7266 2 458.209 -250
120 454.978 6.7266 2 466.202 -250
121 464.978 6.7266 2 474.271 -250
122 474.978 6.7266 2 482.412 -147.627
123 484.978 6.7266 2 490.622 -146.881
124 84.9784 16.7266 2 267.895 -88.9306
125 94.9784 16.7266 2 268.246 -90.2241
126 104.978 16.7266 2 268.969 -88.4963
127 114.978 16.7266 2 270.061 -85.9412
128 124.978 16.7266 2 271.517 -250
129 134.978 16.7266 2 273.331 -89.085
130 144.978 16.7266 2 275.497 -88.2183
131 154.978 16.7266 2 278.005 -102.217
132 164.978 16.7266 2 280.848 -122.927
133 174.978 16.7266 2 284.014 -120.993
134 184.978 16.7266 2 287.493 -119.234
135 194.978 16.7266 2 291.275 -250
136 204.978 16.7266 2 295.346 -250
137 214.978 16.7266 2 299.696 -250
138 224.978 16.7266 2 304.313 -250
139 234.978 16.7266 2 309.184 -250
140 244.978 16.7266 2 314.298 -250
141 254.978 16.7266 2 319.643 -250
142 264.978 16.7266 2 325.208 -119.498
143 274.978 16.7266 2 330.982 -118.703
144 284.978 16.7266 2 336.953 -122.814
145 294.978 16.7266 2 343.112 -250
146 304.978 16.7266 2 349.448 -250
147 314.978 16.7266 2 355.953 -250
148 324.978 16.7266 2 362.617 -117.127
149 334.978 16.7266 2 369.432 -104.036
150 344.978 16.7266 2 376.388 -250
151 354.978 16.7266 2 383.48 -250
152 364.978 16.7266 2 390.698 -250
153 374.978 16.7266 2 398.037 -250
154 384.978 16.7266 2 405.49 -125.802
155 394.978 16.7266 2 413.05 -106.999
156 404.978 16.7266 2 420.713 -114.109
157 414.978 16.7266 2 428.471 -128.929
158 424.978 16.7266 2 436.321 -124.888
159 434.978 16.7266 2 444.257 -132.691
160 444.978 16.7266 2 452.275 -250
161 454.978 16.7266 2 460.371 -250
162 464.978 16.7266 2 468.54 -250
163 474.978 16.7266 2 476.779 -149.851
164 484.978 16.7266 2 485.084 -138.48
165 84.9784 26.7266 2 258.001 -90.7797
166 94.9784 26.7266 2 258.366 -88.5289
167 104.978 26.7266 2 259.117 -90.3343
168 114.978 26.7266 2 260.25 -88.4943
169 124.978 26.7266 2 261.76 -92.7848
170 134.978 26.7266 2 263.642 -85.3597
171 144.978 26.7266 2 265.886 -89.6883
172 154.978 26.7266 2 268.485 -126.921
173 164.978 26.7266 2 271.427 -131.836
174 174.978 26.7266 2 274.702 -115.724
175 184.978 26.7266 2 278.297 -124.621
176 194.978 26.7266 2 282.202 -250
177 204.978 26.7266 2 286.403 -250
178 214.978 26.7266 2 290.886 -250
179 224.978 26.7266 2 295.641 -250
180 234.978 26.7266 2 300.652 -250
181 244.978 26.7266 2 305.909 -250
182 254.978 26.7266 2 311.398 -250
183 264.978 26.7266 2 317.108 -122.79
184 274.978 26.7266 2 323.026 -121.834
185 284.978 26.7266 2 329.142 -123.609
186 294.978 26.7266 2 335.444 -250
187 304.978 26.7266 2 341.923 -250
188 314.978 26.7266 2 348.568 -106.139
189 324.978 26.7266 2 355.371 -132.399
190 334.978 26.7266 2 362.321 -107.004
191 344.978 26.7266 2 369.412 -105.253
192 354.978 26.7266 2 376.635 -101.309
193 364.978 26.7266 2 383.982 -250
194 374.978 26.7266 2 391.447 -250
195 384.978 26.7266 2 399.023 -170.842
196 394.978 26.7266 2 406.703 -131.763
197 404.978 26.7266 2 414.483 -121.867
198 414.978 26.7266 2 422.356 -112.825
199 424.978 26.7266 2 430.317 -124.333
200 434.978 26.7266 2 438.362 -135.961
201 444.978 26.7266 2 446.486 -117.134
202 454.978 26.7266 2 454.685 -250
203 464.978 26.7266 2 462.955 -250
204 474.978 26.7266 2 471.291 -137.401
205 484.978 26.7266 2 479.691 -134.056
206 84.9784 36.7266 2 248.116 -89.3092
207 94.9784 36.7266 2 248.496 -88.1762
208 104.978 36.7266 2 249.276 -93.2596
209 114.978 36.7266 2 250.454 -102.941
210 124.978 36.7266 2 252.023 -89.9811
211 134.978 36.7266 2 253.976 -89.0791
212 144.978 36.7266 2 256.306 -88.8833
213 154.978 36.7266 2 259 -90.1482
214 164.978 36.7266 2 262.049 -124.157
215 174.978 36.7266 2 265.439 -137.367
216 184.978 36.7266 2 269.159 -109.74
217 194.978 36.7266 2 273.194 -102.64
218 204.978 36.7266 2 277.531 -115.302
219 214.978 36.7266 2 282.156 -100.832
220 224.978 36.7266 2 287.055 -250
221 234.978 36.7266 2 292.214 -250
222 244.978 36.7266 2 297.619 -250
223 254.978 36.7266 2 303.259 -250
224 264.978 36.7266 2 309.119 -125.133
225 274.978 36.7266 2 315.187 -115.289
226 284.978 36.7266 2 321.452 -112.056
227 294.978 36.7266 2 327.902 -250
228 304.978 36.7266 2 334.527 -250
229 314.978 36.7266 2 341.316 -126.335
230 324.978 36.7266 2 348.26 -109.187
231 334.978 36.7266 2 355.35 -104.745
232 344.978 36.7266 2 362.577 -110.372
233 354.978 36.7266 2 369.933 -108.695
234 364.978 36.7266 2 377.411 -97.7909
235 374.978 36.7266 2 385.003 -108.129
236 384.978 36.7266 2 392.704 -250
237 394.978 36.7266 2 400.505 -250
238 404.978 36.7266 2 408.403 -148.539
239 414.978 36.7266 2 416.391 -126.688
240 424.978 36.7266 2 424.464 -122.267
241 434.978 36.7266 2 432.618 -117.486
242 444.978 36.7266 2 440.848 -116.318
243 454.978 36.7266 2 449.15 -250
244 464.978 36.7266 2 457.519 -250
245 474.978 36.7266 2 465.953 -140.998
246 484.978 36.7266 2 474.448 -135.318
247 84.9784 46.7266 2 238.241 -86.855
248 94.9784 46.7266 2 238.636 -88.2397
249 104.978 46.7266 2 239.449 -100.53
250 114.978 46.7266 2 240.674 -103.879
251 124.978 46.7266 2 242.307 -89.9282
252 134.978 46.7266 2 244.338 -89.0575
253 144.978 46.7266 2 246.758 -87.9633
254 154.978 46.7266 2 249.556 -250
255 164.978 46.7266 2 252.718 -250
256 174.978 46.7266 2 256.232 -250
257 184.978 46.7266 2 260.084 -250
258 194.978 46.7266 2 264.257 -250
259 204.978 46.7266 2 268.739 -106.279
260 214.978 46.7266 2 273.512 -99.4145
261 224.978 46.7266 2 278.563 -103.55
262 234.978 46.7266 2 283.877 -103.889
263 244.978 46.7266 2 289.438 -108.569
264 254.978 46.7266 2 295.234 -107.84
265 264.978 46.7266 2 301.25 -110.825
266 274.978 46.7266 2 307.473 -111.495
267 284.978 46.7266 2 313.892 -116.371
268 294.978 46.7266 2 320.495 -250
269 304.978 46.7266 2 327.269 -250
270 314.978 46.7266 2 334.206 -250
271 324.978 46.7266 2 341.295 -250
272 334.978 46.7266 2 348.526 -250
273 344.978 46.7266 2 355.892 -250
274 354.978 46.7266 2 363.384 -250
275 364.978 46.7266 2 370.993 -103.152
276 374.978 46.7266 2 378.714 -98.909
277 384.978 46.7266 2 386.54 -250
278 394.978 46.7266 2 394.464 -250
279 404.978 46.7266 2 402.48 -144.069
280 414.978 46.7266 2 410.583 -130.537
281 424.978 46.7266 2 418.768 -120.131
282 434.978 46.7266 2 427.031 -113.55
283 444.978 46.7266 2 435.367 -109.422
284 454.978 46.7266 2 443.771 -250
285 464.978 46.7266 2 452.24 -250
286 474.978 46.7266 2 460.771 -139.004
287 484.978 46.7266 2 469.359 -152.877
288 84.9784 56.7266 2 228.376 -86.5442
289 94.9784 56.7266 2 228.788 -84.7542
290 104.978 56.7266 2 229.636 -101.929
291 114.978 56.7266 2 230.914 -108.621
292 124.978 56.7266 2 232.615 -105.59
293 134.978 56.7266 2 234.73 -96.4277
294 144.978 56.7266 2 237.248 -90.4728
295 154.978 56.7266 2 240.156 -250
296 164.978 56.7266 2 243.441 -250
297 174.978 56.7266 2 247.087 -250
298 184.978 56.7266 2 251.079 -250
299 194.978 56.7266 2 255.4 -250
300 204.978 56.7266 2 260.034 -105.702
301 214.978 56.7266 2 264.964 -107.646
302 224.978 56.7266 2 270.175 -98.5709
303 234.978 56.7266 2 275.65 -97.0037
304 244.978 56.7266 2 281.374 -94.869
305 254.978 56.7266 2 287.332 -107.018
306 264.978 56.7266 2 293.51 -114.705
307 274.978 56.7266 2 299.895 -116.045
308 284.978 56.7266 2 306.472 -112.013
309 294.978 56.7266 2 313.231 -250
310 304.978 56.7266 2 320.16 -250
311 314.978 56.7266 2 327.247 -250
312 324.978 56.7266 2 334.484 -250
313 334.978 56.7266 2 341.859 -250
314 344.978 56.7266 2 349.365 -250
315 354.978 56.7266 2 356.994 -250
316 364.978 56.7266 2 364.737 -88.4165
317 374.978 56.7266 2 372.588 -88.4881
318 384.978 56.7266 2 380.539 -250
319 394.978 56.7266 2 388.585 -250
320 404.978 56.7266 2 396.72 -118.909
321 414.978 56.7266 2 404.939 -123.813
322 424.978 56.7266 2 413.236 -120.464
323 434.978 56.7266 2 421.607 -110.966
324 444.978 56.7266 2 430.048 -128.746
325 454.978 56.7266 2 438.554 -250
326 464.978 56.7266 2 447.122 -250
327 474.978 56.7266 2 455.748 -145.259
328 484.978 56.7266 2 464.43 -131.136
329 84.9784 66.7266 2 218.524 -87.7627
330 94.9784 66.7266 2 218.955 -88.6421
331 104.978 66.7266 2 219.84 -102.938
332 114.978 66.7266 2 221.174 -117.704
333 124.978 66.7266 2 222.95 -100.293
334 134.978 66.7266 2 225.156 -96.2916
335 144.978 66.7266 2 227.78 -99.8696
336 154.978 66.7266 2 230.807 -101.937
337 164.978 66.7266 2 234.223 -102.87
338 174.978 66.7266 2 238.011 -108.816
339 184.978 66.7266 2 242.152 -116.67
340 194.978 66.7266 2 246.629 -110.557
341 204.978 66.7266 2 251.425 -99.0617
342 214.978 66.7266 2 256.521 -110.706
343 224.978 66.7266 2 261.9 -118.127
344 234.978 66.7266 2 267.544 -95.1624
345 244.978 66.7266 2 273.438 -95.9632
346 254.978 66.7266 2 279.566 -96.1554
347 264.978 66.7266 2 285.911 -113.429
348 274.978 66.7266 2 292.462 -111.249
349 284.978 66.7266 2 299.203 -113.512
350 294.978 66.7266 2 306.122 -110.718
351 304.978 66.7266 2 313.208 -108.748
352 314.978 66.7266 2 320.449 -128.548
353 324.978 66.7266 2 327.836 -103.216
354 334.978 66.7266 2 335.358 -103.108
355 344.978 66.7266 2 343.006 -90.7618
356 354.978 66.7266 2 350.773 -86.6294
357 364.978 66.7266 2 358.651 -86.8683
358 374.978 66.7266 2 366.632 -99.8122
359 384.978 66.7266 2 374.709 -109.204
360 394.978 66.7266 2 382.878 -101.739
361 404.978 66.7266 2 391.132 -123.279
362 414.978 66.7266 2 399.465 -116.423
363 424.978 66.7266 2 407.874 -107.886
364 434.978 66.7266 2 416.353 -120.631
365 444.978 66.7266 2 424.898 -127.038
366 454.978 66.7266 2 433.505 -128.456
367 464.978 66.7266 2 442.171 -124.006
368 474.978 66.7266 2 450.892 -127.52
369 484.978 66.7266 2 459.665 -125.034
370 84.9784 76.7266 2 208.686 -87.4194
371 94.9784 76.7266 2 209.137 -88.9699
372 104.978 76.7266 2 210.064 -105.071
373 114.978 76.7266 2 211.46 -124.979
374 124.978 76.7266 2 213.316 -94.9658
375 134.978 76.7266 2 215.62 -102.466
376 144.978 76.7266 2 218.359 -104.954
377 154.978 76.7266 2 221.515 -105.888
378 164.978 76.7266 2 225.072 -104.952
379 174.978 76.7266 2 229.011 -114.323
380 184.978 76.7266 2 233.312 -123.58
381 194.978 76.7266 2 237.956 -101.006
382 204.978 76.7266 2 242.923 -108.972
383 214.978 76.7266 2 248.193 -105.947
384 224.978 76.7266 2 253.749 -116.965
385 234.978 76.7266 2 259.571 -104.084
386 244.978 76.7266 2 265.642 -107.29
387 254.978 76.7266 2 271.945 -97.8665
388 264.978 76.7266 2 278.464 -98.5145
389 274.978 76.7266 2 285.186 -99.6871
390 284.978 76.7266 2 292.095 -113.307
391 294.978 76.7266 2 299.179 -137.256
392 304.978 76.7266 2 306.425 -102.655
393 314.978 76.7266 2 313.823 -99.7534
394 324.978 76.7266 2 321.362 -95.8272
395 334.978 76.7266 2 329.032 -90.3972
396 344.978 76.7266 2 336.824 -95.253
397 354.978 76.7266 2 344.73 -90.0451
398 364.978 76.7266 2 352.742 -101.969
399 374.978 76.7266 2 360.854 -94.0906
400 384.978 76.7266 2 369.059 -102.438
401 394.978 76.7266 2 377.35 -115.794
402 404.978 76.7266 2 385.722 -105.871
403 414.978 76.7266 2 394.17 -113.227
404 424.978 76.7266 2 402.689 -108.231
405 434.978 76.7266 2 411.274 -130.058
406 444.978 76.7266 2 419.923 -130.895
407 454.978 76.7266 2 428.63 -134.56
408 464.978 76.7266 2 437.392 -132.688
409 474.978 76.7266 2 446.207 -122.115
410 484.978 76.7266 2 455.07 -129.916
411 84.9784 86.7266 2 198.864 -86.2823
412 94.9784 86.7266 2 199.337 -85.5118
413 104.978 86.7266 2 200.309 -250
414 114.978 86.7266 2 201.773 -250
415 124.978 86.7266 2 203.717 -250
416 134.978 86.7266 2 206.129 -94.1161
417 144.978 86.7266 2 208.992 -104.232
418 154.978 86.7266 2 212.288 -250
419 164.978 86.7266 2 215.997 -250
420 174.978 86.7266 2 220.098 -250
421 184.978 86.7266 2 224.57 -114.546
422 194.978 86.7266 2 229.391 -100.04
423 204.978 86.7266 2 234.539 -115.661
424 214.978 86.7266 2 239.994 -115.4
425 224.978 86.7266 2 245.735 -250
426 234.978 86.7266 2 251.742 -250
427 244.978 86.7266 2 257.997 -250
428 254.978 86.7266 2 264.482 -117.898
429 264.978 86.7266 2 271.182 -98.7082
430 274.978 86.7266 2 278.079 -100.397
431 284.978 86.7266 2 285.16 -104.541
432 294.978 86.7266 2 292.412 -106.349
433 304.978 86.7266 2 299.822 -101.776
434 314.978 86.7266 2 307.379 -98.4007
435 324.978 86.7266 2 315.072 -90.1563
436 334.978 86.7266 2 322.891 -102.021
437 344.978 86.7266 2 330.828 -93.9188
438 354.978 86.7266 2 338.874 -111.471
439 364.978 86.7266 2 347.022 -128.594
440 374.978 86.7266 2 355.264 -101.161
441 384.978 86.7266 2 363.595 -250
442 394.978 86.7266 2 372.008 -250
443 404.978 86.7266 2 380.497 -250
444 414.978 86.7266 2 389.059 -129.114
445 424.978 86.7266 2 397.687 -113.863
446 434.978 86.7266 2 406.379 -108.404
447 444.978 86.7266 2 415.129 -250
448 454.978 86.7266 2 423.935 -250
449 464.978 86.7266 2 432.792 -250
450 474.978 86.7266 2 441.698 -146.314
451 484.978 86.7266 2 450.651 -129.372
452 84.9784 96.7266 2 189.06 -86.1111
453 94.9784 96.7266 2 189.558 -86.1011
454 104.978 96.7266 2 190.58 -87.063
455 114.978 96.7266 2 192.118 -98.1368
456 124.978 96.7266 2 194.159 -89.2163
457 134.978 96.7266 2 196.688 -104.872
458 144.978 96.7266 2 199.686 -115.565
459 154.978 96.7266 2 203.133 -250
460 164.978 96.7266 2 207.006 -250
461 174.978 96.7266 2 211.282 -250
462 184.978 96.7266 2 215.937 -98.5413
463 194.978 96.7266 2 220.946 -250
464 204.978 96.7266 2 226.286 -250
465 214.978 96.7266 2 231.935 -250
466 224.978 96.7266 2 237.871 -172.365
467 234.978 96.7266 2 244.072 -250
468 244.978 96.7266 2 250.518 -250
469 254.978 96.7266 2 257.192 -250
470 264.978 96.7266 2 264.077 -250
471 274.978 96.7266 2 271.155 -103.224
472 284.978 96.7266 2 278.412 -98.7459
473 294.978 96.7266 2 285.835 -98.61
474 304.978 96.7266 2 293.412 -86.3459
475 314.978 96.7266 2 301.129 -90.4348
476 324.978 96.7266 2 308.978 -101.392
477 334.978 96.7266 2 316.948 -110.12
478 344.978 96.7266 2 325.03 -124.634
479 354.978 96.7266 2 333.216 -109.862
480 364.978 96.7266 2 341.499 -107.821
481 374.978 96.7266 2 349.871 -108.722
482 384.978 96.7266 2 358.327 -250
483 394.978 96.7266 2 366.861 -250
484 404.978 96.7266 2 375.467 -250
485 414.978 96.7266 2 384.14 -132.509
486 424.978 96.7266 2 392.877 -113.719
487 434.978 96.7266 2 401.672 -131.007
488 444.978 96.7266 2 410.523 -250
489 454.978 96.7266 2 419.425 -250
490 464.978 96.7266 2 428.376 -250
491 474.978 96.7266 2 437.372 -128.945
492 484.978 96.7266 2 446.411 -140.292
493 84.9784 106.727 2 179.278 -85.7752
494 94.9784 106.727 2 179.803 -86.2189
495 104.978 106.727 2 180.88 -83.9701
496 114.978 106.727 2 182.5 -102.581
497 124.978 106.727 2 184.647 -105.362
498 134.978 106.727 2 187.305 -95.8315
499 144.978 106.727 2 190.451 -116.448
500 154.978 106.727 2 194.062 -250
501 164.978 106.727 2 198.113 -250
502 174.978 106.727 2 202.576 -250
503 184.978 106.727 2 207.426 -118.464
504 194.978 106.727 2 212.636 -250
505 204.978 106.727 2 218.18 -250
506 214.978 106.727 2 224.034 -250
507 224.978 106.727 2 230.173 -250
508 234.978 106.727 2 236.576 -250
509 244.978 106.727 2 243.221 -250
510 254.978 106.727 2 250.09 -250
511 264.978 106.727 2 257.164 -250
512 274.978 106.727 2 264.428 -104.629
513 284.978 106.727 2 271.865 -108.402
514 294.978 106.727 2 279.462 -90.3616
515 304.978 106.727 2 287.206 -97.6858
516 314.978 106.727 2 295.086 -100.079
517 324.978 106.727 2 303.091 -127.783
518 334.978 106.727 2 311.212 -118.525
519 344.978 106.727 2 319.439 -107.426
520 354.978 106.727 2 327.765 -104.13
521 364.978 106.727 2 336.182 -110.091
522 374.978 106.727 2 344.684 -121.732
523 384.978 106.727 2 353.264 -250
524 394.978 106.727 2 361.917 -250
525 404.978 106.727 2 370.638 -250
526 414.978 106.727 2 379.422 -117.77
527 424.978 106.727 2 388.264 -135.027
528 434.978 106.727 2 397.162 -124.704
529 444.978 106.727 2 406.111 -250
530 454.978 106.727 2 415.108 -250
531 464.978 106.727 2 424.15 -250
532 474.978 106.727 2 433.234 -131.395
533 484.978 106.727 2 442.357 -135.185
534 84.9784 116.727 2 169.522 -85.011
535 94.9784 116.727 2 170.077 -84.8722
536 104.978 116.727 2 171.216 -81.311
537 114.978 116.727 2 172.926 -250
538 124.978 116.727 2 175.191 -250
539 134.978 116.727 2 177.989 -250
540 144.978 116.727 2 181.297 -250
541 154.978 116.727 2 185.087 -250
542 164.978 116.727 2 189.329 -250
543 174.978 116.727 2 193.995 -250
544 184.978 116.727 2 199.054 -113.645
545 194.978 116.727 2 204.478 -250
546 204.978 116.727 2 210.237 -250
547 214.978 116.727 2 216.305 -250
548 224.978 116.727 2 222.658 -250
549 234.978 116.727 2 229.271 -250
550 244.978 116.727 2 236.122 -250
551 254.978 116.727 2 243.191 -250
552 264.978 116.727 2 250.461 -250
553 274.978 116.727 2 257.913 -111.076
554 284.978 116.727 2 265.532 -102.477
555 294.978 116.727 2 273.306 -103.302
556 304.978 116.727 2 281.219 -102.275
557 314.978 116.727 2 289.263 -99.8337
558 324.978 116.727 2 297.425 -250
559 334.978 116.727 2 305.696 -250
560 344.978 116.727 2 314.067 -250
561 354.978 116.727 2 322.532 -250
562 364.978 116.727 2 331.082 -250
563 374.978 116.727 2 339.711 -250
564 384.978 116.727 2 348.414 -250
565 394.978 116.727 2 357.184 -250
566 404.978 116.727 2 366.018 -250
567 414.978 116.727 2 374.91 -250
568 424.978 116.727 2 383.857 -132.528
569 434.978 116.727 2 392.855 -120.377
570 444.978 116.727 2 401.899 -250
571 454.978 116.727 2 410.989 -250
572 464.978 116.727 2 420.119 -250
573 474.978 116.727 2 429.288 -134.266
574 484.978 116.727 2 438.494 -129.502
575 84.9784 126.727 2 159.796 -84.6279
576 94.9784 126.727 2 160.385 -84.8305
577 104.978 126.727 2 161.591 -89.5368
578 114.978 126.727 2 163.402 -250
579 124.978 126.727 2 165.797 -250
580 134.978 126.727 2 168.752 -250
581 144.978 126.727 2 172.237 -250
582 154.978 126.727 2 176.222 -250
583 164.978 126.727 2 180.673 -250
584 174.978 126.727 2 185.556 -250
585 184.978 126.727 2 190.839 -92.0077
586 194.978 126.727 2 196.489 -85.4882
587 204.978 126.727 2 202.476 -83.7799
588 214.978 126.727 2 208.77 -80.7764
589 224.978 126.727 2 215.345 -250
590 234.978 126.727 2 222.176 -250
591 244.978 126.727 2 229.239 -250
592 254.978 126.727 2 236.514 -114.954
593 264.978 126.727 2 243.983 -102.729
594 274.978 126.727 2 251.627 -105.423
595 284.978 126.727 2 259.431 -100.499
596 294.978 126.727 2 267.382 -98.7563
597 304.978 126.727 2 275.466 -98.6183
598 314.978 126.727 2 283.672 -115.088
599 324.978 126.727 2 291.99 -250
600 334.978 126.727 2 300.411 -250
601 344.978 126.727 2 308.926 -250
602 354.978 126.727 2 317.528 -250
603 364.978 126.727 2 326.209 -250
604 374.978 126.727 2 334.964 -250
605 384.978 126.727 2 343.787 -250
606 394.978 126.727 2 352.672 -250
607 404.978 126.727 2 361.616 -250
608 414.978 126.727 2 370.614 -250
609 424.978 126.727 2 379.662 -135.598
610 434.978 126.727 2 388.757 -130.918
611 444.978 126.727 2 397.895 -250
612 454.978 126.727 2 407.073 -250
613 464.978 126.727 2 416.29 -250
614 474.978 126.727 2 425.542 -139.342
615 484.978 126.727 2 434.827 -123.019
616 84.9784 136.727 2 150.106 -84.2949
617 94.9784 136.727 2 150.733 -85.2015
618 104.978 136.727 2 152.016 -85.9284
619 114.978 136.727 2 153.939 -89.0313
620 124.978 136.727 2 156.479 -81.7961
621 134.978 136.727 2 159.607 -250
622 144.978 136.727 2 163.287 -250
623 154.978 136.727 2 167.485 -250
624 164.978 136.727 2 172.162 -250
625 174.978 136.727 2 177.28 -250
626 184.978 136.727 2 182.802 -83.509
627 194.978 136.727 2 188.693 -83.8196
628 204.978 136.727 2 194.92 -91.1448
629 214.978 136.727 2 201.45 -82.8153
630 224.978 136.727 2 208.256 -250
631 234.978 136.727 2 215.312 -250
632 244.978 136.727 2 222.593 -250
633 254.978 136.727 2 230.078 -99.0717
634 264.978 136.727 2 237.749 -105.089
635 274.978 136.727 2 245.587 -97.1736
636 284.978 136.727 2 253.577 -93.7825
637 294.978 136.727 2 261.706 -98.421
638 304.978 136.727 2 269.96 -106.974
639 314.978 136.727 2 278.329 -107.502
640 324.978 136.727 2 286.802 -250
641 334.978 136.727 2 295.371 -250
642 344.978 136.727 2 304.027 -250
643 354.978 136.727 2 312.763 -250
644 364.978 136.727 2 321.573 -250
645 374.978 136.727 2 330.451 -250
646 384.978 136.727 2 339.391 -250
647 394.978 136.727 2 348.389 -250
648 404.978 136.727 2 357.44 -250
649 414.978 136.727 2 366.54 -250
650 424.978 136.727 2 375.686 -127.952
651 434.978 136.727 2 384.875 -121.773
652 444.978 136.727 2 394.103 -250
653 454.978 136.727 2 403.368 -250
654 464.978 136.727 2 412.667 -250
655 474.978 136.727 2 421.998 -132.144
656 484.978 136.727 2 431.36 -127.516
657 84.9784 146.727 2 140.459 -82.2968
658 94.9784 146.727 2 141.129 -82.8303
659 104.978 146.727 2 142.498 -83.5887
660 114.978 146.727 2 144.549 -81.6735
661 124.978 146.727 2 147.251 -85.0711
662 134.978 146.727 2 150.57 -84.5889
663 144.978 146.727 2 154.466 -86.6655
664 154.978 146.727 2 158.897 -85.1152
665 164.978 146.727 2 163.819 -81.5599
666 174.978 146.727 2 169.19 -85.5636
667 184.978 146.727 2 174.968 -87.0853
668 194.978 146.727 2 181.114 -88.084
669 204.978 146.727 2 187.592 -93.2248
670 214.978 146.727 2 194.368 -82.1219
671 224.978 146.727 2 201.414 -83.1871
672 234.978 146.727 2 208.701 -89.1403
673 244.978 146.727 2 216.205 -89.8321
674 254.978 146.727 2 223.904 -94.3882
675 264.978 146.727 2 231.779 -107.059
676 274.978 146.727 2 239.812 -99.0759
677 284.978 146.727 2 247.989 -112.848
678 294.978 146.727 2 256.295 -105.272
679 304.978 146.727 2 264.718 -99.0068
680 314.978 146.727 2 273.247 -111.503
681 324.978 146.727 2 281.873 -109.694
682 334.978 146.727 2 290.587 -105.5
683 344.978 146.727 2 299.382 -118.854
684 354.978 146.727 2 308.25 -111.058
685 364.978 146.727 2 317.185 -120.944
686 374.978 146.727 2 326.182 -111.308
687 384.978 146.727 2 335.236 -118.11
688 394.978 146.727 2 344.343 -105.1
689 404.978 146.727 2 353.497 -120.024
690 414.978 146.727 2 362.697 -118.804
691 424.978 146.727 2 371.937 -118.77
692 434.978 146.727 2 381.216 -123.619
693 444.978 146.727 2 390.531 -120.585
694 454.978 146.727 2 399.878 -126.264
695 464.978 146.727 2 409.257 -129.576
696 474.978 146.727 2 418.664 -120.443
697 484.978 146.727 2 428.098 -130.081
698 84.9784 156.727 2 130.866 -84.9026
699 94.9784 156.727 2 131.584 -86.3942
700 104.978 156.727 2 133.052 -85.4325
701 114.978 156.727 2 135.245 -89.5318
702 124.978 156.727 2 138.13 -82.7797
703 134.978 156.727 2 141.663 -86.3082
704 144.978 156.727 2 145.797 -87.5271
705 154.978 156.727 2 150.483 -96.5201
706 164.978 156.727 2 155.672 -81.9997
707 174.978 156.727 2 161.314 -85.1929
708 184.978 156.727 2 167.364 -86.0037
709 194.978 156.727 2 173.779 -84.6725
710 204.978 156.727 2 180.52 -88.104
711 214.978 156.727 2 187.553 -82.3212
712 224.978 156.727 2 194.845 -101.758
713 234.978 156.727 2 202.369 -94.6828
714 244.978 156.727 2 210.099 -96.5225
715 254.978 156.727 2 218.014 -91.5444
716 264.978 156.727 2 226.094 -94.4762
717 274.978 156.727 2 234.322 -112.247
718 284.978 156.727 2 242.684 -105.333
719 294.978 156.727 2 251.165 -105.322
720 304.978 156.727 2 259.755 -105.016
721 314.978 156.727 2 268.442 -97.1797
722 324.978 156.727 2 277.217 -104.466
723 334.978 156.727 2 286.073 -111.69
724 344.978 156.727 2 295.002 -116.909
725 354.978 156.727 2 303.998 -111.981
726 364.978 156.727 2 313.055 -105.273
727 374.978 156.727 2 322.167 -114.365
728 384.978 156.727 2 331.331 -115.086
729 394.978 156.727 2 340.542 -125.435
730 404.978 156.727 2 349.796 -112.828
731 414.978 156.727 2 359.09 -103.977
732 424.978 156.727 2 368.421 -126.646
733 434.978 156.727 2 377.787 -119.113
734 444.978 156.727 2 387.184 -119.857
735 454.978 156.727 2 396.61 -127.996
736 464.978 156.727 2 406.064 -125.587
737 474.978 156.727 2 415.544 -128.462
738 484.978 156.727 2 425.047 -147.553
739 84.9784 166.727 2 121.338 -83.8745
740 94.9784 166.727 2 122.112 -85.2451
741 104.978 166.727 2 123.693 -82.874
742 114.978 166.727 2 126.049 -81.0663
743 124.978 166.727 2 129.139 -82.0199
744 134.978 166.727 2 132.911 -96.8114
745 144.978 166.727 2 137.309 -92.6663
746 154.978 166.727 2 142.275 -97.7633
747 164.978 166.727 2 147.752 -82.8593
748 174.978 166.727 2 153.685 -91.9388
749 184.978 166.727 2 160.024 -83.2888
750 194.978 166.727 2 166.722 -88.5433
751 204.978 166.727 2 173.737 -88.5091
752 214.978 166.727 2 181.034 -82.7994
753 224.978 166.727 2 188.578 -250
754 234.978 166.727 2 196.342 -104.807
755 244.978 166.727 2 204.3 -250
756 254.978 166.727 2 212.431 -250
757 264.978 166.727 2 220.716 -250
758 274.978 166.727 2 229.138 -107.563
759 284.978 166.727 2 237.682 -100.728
760 294.978 166.727 2 246.335 -250
761 304.978 166.727 2 255.087 -250
762 314.978 166.727 2 263.928 -250
763 324.978 166.727 2 272.849 -250
764 334.978 166.727 2 281.842 -250
765 344.978 166.727 2 290.901 -250
766 354.978 166.727 2 300.02 -114.618
767 364.978 166.727 2 309.193 -107.05
768 374.978 166.727 2 318.416 -250
769 384.978 166.727 2 327.685 -147.508
770 394.978 166.727 2 336.995 -129.592
771 404.978 166.727 2 346.344 -119.026
772 414.978 166.727 2 355.729 -117.431
773 424.978 166.727 2 365.146 -124.546
774 434.978 166.727 2 374.593 -114.76
775 444.978 166.727 2 384.068 -250
776 454.978 166.727 2 393.569 -250
777 464.978 166.727 2 403.095 -250
778 474.978 166.727 2 412.642 -144.619
779 484.978 166.727 2 422.211 -124.141
780 84.9784 176.727 2 111.892 -84.2574
781 94.9784 176.727 2 112.731 -83.7909
782 104.978 176.727 2 114.442 -79.6932
783 114.978 176.727 2 116.984 -81.2018
784 124.978 176.727 2 120.307 -89.9101
785 134.978 176.727 2 124.348 -96.8359
786 144.978 176.727 2 129.038 -91.2627
787 154.978 176.727 2 134.31 -96.2736
788 164.978 176.727 2 140.099 -84.7575
789 174.978 176.727 2 146.343 -85.0124
790 184.978 176.727 2 152.986 -83.9259
791 194.978 176.727 2 159.979 -93.0054
792 204.978 176.727 2 167.277 -82.3079
793 214.978 176.727 2 174.843 -86.8295
794 224.978 176.727 2 182.644 -250
795 234.978 176.727 2 190.649 -114.67
796 244.978 176.727 2 198.836 -250
797 254.978 176.727 2 207.181 -250
798 264.978 176.727 2 215.668 -250
799 274.978 176.727 2 224.279 -94.7145
800 284.978 176.727 2 233.001 -99.9275
801 294.978 176.727 2 241.822 -250
802 304.978 176.727 2 250.732 -250
803 314.978 176.727 2 259.721 -250
804 324.978 176.727 2 268.781 -250
805 334.978 176.727 2 277.906 -250
806 344.978 176.727 2 287.09 -250
807 354.978 176.727 2 296.326 -103.676
808 364.978 176.727 2 305.61 -118.118
809 374.978 176.727 2 314.938 -250
810 384.978 176.727 2 324.306 -170.003
811 394.978 176.727 2 333.711 -122.779
812 404.978 176.727 2 343.149 -123.733
813 414.978 176.727 2 352.619 -127.582
814 424.978 176.727 2 362.116 -117.6
815 434.978 176.727 2 371.641 -112.996
816 444.978 176.727 2 381.189 -250
817 454.978 176.727 2 390.76 -250
818 464.978 176.727 2 400.353 -250
819 474.978 176.727 2 409.964 -129.438
820 484.978 176.727 2 419.594 -134.132
821 84.9784 186.727 2 102.552 -83.8487
822 94.9784 186.727 2 103.467 -84.1861
823 104.978 186.727 2 105.328 -79.4921
824 114.978 186.727 2 108.085 -83.457
825 124.978 186.727 2 111.673 -96.3237
826 134.978 186.727 2 116.014 -98.81
827 144.978 186.727 2 121.028 -94.5005
828 154.978 186.727 2 126.634 -92.9101
829 164.978 186.727 2 132.758 -84.3717
830 174.978 186.727 2 139.331 -82.1339
831 184.978 186.727 2 146.293 -87.2994
832 194.978 186.727 2 153.591 -87.3751
833 204.978 186.727 2 161.179 -79.9171
834 214.978 186.727 2 169.018 -88.0176
835 224.978 186.727 2 177.075 -250
836 234.978 186.727 2 185.322 -132.738
837 244.978 186.727 2 193.733 -250
838 254.978 186.727 2 202.29 -250
839 264.978 186.727 2 210.973 -250
840 274.978 186.727 2 219.768 -103.003
841 284.978 186.727 2 228.663 -84.592
842 294.978 186.727 2 237.645 -91.0751
843 304.978 186.727 2 246.705 -87.6624
844 314.978 186.727 2 255.836 -89.0928
845 324.978 186.727 2 265.029 -88.8844
846 334.978 186.727 2 274.279 -250
847 344.978 186.727 2 283.58 -250
848 354.978 186.727 2 292.927 -250
849 364.978 186.727 2 302.315 -250
850 374.978 186.727 2 311.742 -250
851 384.978 186.727 2 321.203 -121.21
852 394.978 186.727 2 330.696 -121.779
853 404.978 186.727 2 340.218 -125.589
854 414.978 186.727 2 349.767 -115.517
855 424.978 186.727 2 359.34 -117.036
856 434.978 186.727 2 368.936 -115.305
857 444.978 186.727 2 378.553 -250
858 454.978 186.727 2 388.189 -250
859 464.978 186.727 2 397.843 -250
860 474.978 186.727 2 407.514 -134.285
861 484.978 186.727 2 417.2 -136.652
862 84.9784 196.727 2 93.3485 -84.5621
863 94.9784 196.727 2 94.3526 -77.645
864 104.978 196.727 2 96.3893 -81.3688
865 114.978 196.727 2 99.3951 -93.2694
866 124.978 196.727 2 103.285 -98.8814
867 134.978 196.727 2 107.965 -102.541
868 144.978 196.727 2 113.335 -105.094
869 154.978 196.727 2 119.303 -98.6744
870 164.978 196.727 2 125.785 -81.5986
871 174.978 196.727 2 132.704 -84.05
872 184.978 196.727 2 139.996 -84.2513
873 194.978 196.727 2 147.605 -88.7439
874 204.978 196.727 2 155.485 -81.796
875 214.978 196.727 2 163.598 -83.0073
876 224.978 196.727 2 171.909 -250
877 234.978 196.727 2 180.392 -94.0832
878 244.978 196.727 2 189.023 -84.5736
879 254.978 196.727 2 197.783 -86.6981
880 264.978 196.727 2 206.656 -87.0294
881 274.978 196.727 2 215.627 -83.4532
882 284.978 196.727 2 224.686 -89.1254
883 294.978 196.727 2 233.821 -85.6158
884 304.978 196.727 2 243.024 -89.5497
885 314.978 196.727 2 252.288 -97.439
886 324.978 196.727 2 261.606 -83.9152
887 334.978 196.727 2 270.972 -250
888 344.978 196.727 2 280.383 -250
889 354.978 196.727 2 289.833 -113.994
890 364.978 196.727 2 299.318 -151.933
891 374.978 196.727 2 308.836 -137.182
892 384.978 196.727 2 318.384 -123.423
893 394.978 196.727 2 327.959 -121.569
894 404.978 196.727 2 337.558 -123.558
895 414.978 196.727 2 347.18 -114.938
896 424.978 196.727 2 356.823 -250
897 434.978 196.727 2 366.484 -250
898 444.978 196.727 2 376.164 -250
899 454.978 196.727 2 385.86 -250
900 464.978 196.727 2 395.571 -250
901 474.978 196.727 2 405.296 -130.038
902 484.978 196.727 2 415.034 -138.274
903 84.9784 206.727 2 84.3265 -79.1108
904 94.9784 206.727 2 85.4367 -76.356
905 104.978 206.727 2 87.6808 -84.7997
906 114.978 206.727 2 90.9747 -109.288
907 124.978 206.727 2 95.2097 -250
908 134.978 206.727 2 100.266 -92.4071
909 144.978 206.727 2 106.028 -107.915
910 154.978 206.727 2 112.385 -91.2951
911 164.978 206.727 2 119.243 -79.4653
912 174.978 206.727 2 126.52 -81.282
913 184.978 206.727 2 134.148 -85.2251
914 194.978 206.727 2 142.071 -84.0972
915 204.978 206.727 2 150.242 -88.4165
916 214.978 206.727 2 158.623 -83.7925
917 224.978 206.727 2 167.182 -88.2858
918 234.978 206.727 2 175.893 -80.3561
919 244.978 206.727 2 184.734 -86.0963
920 254.978 206.727 2 193.688 -83.3248
921 264.978 206.727 2 202.74 -84.9449
922 274.978 206.727 2 211.878 -87.1408
923 284.978 206.727 2 221.09 -87.6277
924 294.978 206.727 2 230.367 -87.5643
925 304.978 206.727 2 239.703 -88.9184
926 314.978 206.727 2 249.09 -101.845
927 324.978 206.727 2 258.524 -102.672
928 334.978 206.727 2 267.998 -250
929 344.978 206.727 2 277.509 -250
930 354.978 206.727 2 287.054 -115.344
931 364.978 206.727 2 296.628 -110.709
932 374.978 206.727 2 306.23 -115.849
933 384.978 206.727 2 315.857 -116.384
934 394.978 206.727 2 325.506 -118.81
935 404.978 206.727 2 335.175 -115.083
936 414.978 206.727 2 344.864 -120.995
937 424.978 206.727 2 354.569 -250
938 434.978 206.727 2 364.291 -250
939 444.978 206.727 2 374.027 -250
940 454.978 206.727 2 383.777 -250
941 464.978 206.727 2 393.539 -250
942 474.978 206.727 2 403.313 -134.437
943 484.978 206.727 2 413.098 -133.818
944 84.9784 216.727 2 75.5511 -81.1404
945 94.9784 216.727 2 76.7884 -86.5755
946 104.978 216.727 2 79.2776 -92.8896
947 114.978 216.727 2 82.9061 -114.458
948 124.978 216.727 2 87.5323 -250
949 134.978 216.727 2 93.0074 -102.005
950 144.978 216.727 2 99.1911 -113.05
951 154.978 216.727 2 105.959 -107.059
952 164.978 216.727 2 113.207 -81.5978
953 174.978 216.727 2 120.848 -83.4604
954 184.978 216.727 2 128.813 -81.8935
955 194.978 216.727 2 137.045 -84.01
956 204.978 216.727 2 145.498 -83.6708
957 214.978 216.727 2 154.137 -83.3874
958 224.978 216.727 2 162.932 -81.8667
959 234.978 216.727 2 171.858 -90.4588
960 244.978 216.727 2 180.897 -85.5928
961 254.978 216.727 2 190.032 -79.5424
962 264.978 216.727 2 199.25 -85.1237
963 274.978 216.727 2 208.54 -84.4115
964 284.978 216.727 2 217.894 -85.4256
965 294.978 216.727 2 227.302 -250
966 304.978 216.727 2 236.758 -250
967 314.978 216.727 2 246.258 -250
968 324.978 216.727 2 255.796 -250
969 334.978 216.727 2 265.368 -250
970 344.978 216.727 2 274.97 -250
971 354.978 216.727 2 284.6 -110.895
972 364.978 216.727 2 294.254 -112.384
973 374.978 216.727 2 303.931 -106.514
974 384.978 216.727 2 313.628 -113.606
975 394.978 216.727 2 323.343 -108.971
976 404.978 216.727 2 333.076 -115.278
977 414.978 216.727 2 342.823 -109.507
978 424.978 216.727 2 352.585 -250
979 434.978 216.727 2 362.36 -250
980 444.978 216.727 2 372.147 -250
981 454.978 216.727 2 381.945 -250
982 464.978 216.727 2 391.753 -250
983 474.978 216.727 2 401.57 -130.848
984 484.978 216.727 2 411.397 -140.446
985 84.9784 226.727 2 67.1192 -80.209
986 94.9784 226.727 2 68.5089 -83.5522
987 104.978 226.727 2 71.2878 -250
988 114.978 226.727 2 75.3023 -250
989 124.978 226.727 2 80.3674 -250
990 134.978 226.727 2 86.2983 -95.0975
991 144.978 226.727 2 92.9295 -93.5916
992 154.978 226.727 2 100.122 -81.5496
993 164.978 226.727 2 107.763 -81.8472
994 174.978 226.727 2 115.764 -80.3908
995 184.978 226.727 2 124.056 -85.3557
996 194.978 226.727 2 132.583 -83.115
997 204.978 226.727 2 141.304 -81.0205
998 214.978 226.727 2 150.184 -84.5167
999 224.978 226.727 2 159.197 -87.0499
1000 234.978 226.727 2 168.322 -85.4115
1001 244.978 226.727 2 177.541 -85.4863
1002 254.978 226.727 2 186.84 -86.4312
1003 264.978 226.727 2 196.208 -85.4134
1004 274.978 226.727 2 205.636 -84.9083
1005 284.978 226.727 2 215.115 -93.2948
1006 294.978 226.727 2 224.64 -250
1007 304.978 226.727 2 234.204 -250
1008 314.978 226.727 2 243.803 -250
1009 324.978 226.727 2 253.434 -250
1010 334.978 226.727 2 263.091 -250
1011 344.978 226.727 2 272.774 -250
1012 354.978 226.727 2 282.478 -97.2893
1013 364.978 226.727 2 292.203 -99.6797
1014 374.978 226.727 2 301.945 -108.067
1015 384.978 226.727 2 311.704 -99.7665
1016 394.978 226.727 2 321.478 -102.191
1017 404.978 226.727 2 331.265 -106.766
1018 414.978 226.727 2 341.064 -113.93
1019 424.978 226.727 2 350.875 -250
1020 434.978 226.727 2 360.696 -250
1021 444.978 226.727 2 370.527 -250
1022 454.978 226.727 2 380.367 -250
1023 464.978 226.727 2 390.214 -250
1024 474.978 226.727 2 400.07 -130.623
1025 484.978 226.727 2 409.932 -142.427
1026 84.9784 236.727 2 59.1778 -80.2873
1027 94.9784 236.727 2 60.7494 -84.0027
1028 104.978 236.727 2 63.8669 -83.7013
1029 114.978 236.727 2 68.3188 -85.3954
1030 124.978 236.727 2 73.8643 -250
1031 134.978 236.727 2 80.2772 -97.8654
1032 144.978 236.727 2 87.3665 -83.2044
1033 154.978 236.727 2 94.981 -84.4694
1034 164.978 236.727 2 103.004 -83.9417
1035 174.978 236.727 2 111.348 -85.5844
1036 184.978 236.727 2 119.945 -84.4129
1037 194.978 236.727 2 128.745 -81.5334
1038 204.978 236.727 2 137.709 -81.8616
1039 214.978 236.727 2 146.807 -82.376
1040 224.978 236.727 2 156.015 -84.6897
1041 234.978 236.727 2 165.316 -86.6278
1042 244.978 236.727 2 174.693 -85.8152
1043 254.978 236.727 2 184.136 -87.9158
1044 264.978 236.727 2 193.635 -86.1195
1045 274.978 236.727 2 203.183 -83.8053
1046 284.978 236.727 2 212.771 -84.9986
1047 294.978 236.727 2 222.396 -250
1048 304.978 236.727 2 232.053 -250
1049 314.978 236.727 2 241.738 -250
1050 324.978 236.727 2 251.447 -250
1051 334.978 236.727 2 261.178 -250
1052 344.978 236.727 2 270.929 -250
1053 354.978 236.727 2 280.697 -96.697
1054 364.978 236.727 2 290.482 -97.2092
1055 374.978 236.727 2 300.28 -93.2332
1056 384.978 236.727 2 310.091 -92.0583
1057 394.978 236.727 2 319.914 -89.7619
1058 404.978 236.727 2 329.748 -95.7872
1059 414.978 236.727 2 339.591 -250
1060 424.978 236.727 2 349.443 -250
1061 434.978 236.727 2 359.303 -250
1062 444.978 236.727 2 369.171 -250
1063 454.978 236.727 2 379.046 -250
1064 464.978 236.727 2 388.927 -250
1065 474.978 236.727 2 398.814 -124.071
1066 484.978 236.727 2 408.707 -121.576
1067 84.9784 246.727 2 51.9522 -80.3856
1068 94.9784 246.727 2 53.7356 -81.8697
1069 104.978 246.727 2 57.2363 -80.6303
1070 114.978 246.727 2 62.1649 -82.1793
1071 124.978 246.727 2 68.2126 -87.872
1072 134.978 246.727 2 75.1095 -82.9691
1073 144.978 246.727 2 82.6434 -82.3016
1074 154.978 246.727 2 90.6554 -87.5077
1075 164.978 246.727 2 99.0297 -90.3803
1076 174.978 246.727 2 107.682 -93.1343
1077 184.978 246.727 2 116.55 -90.6406
1078 194.978 246.727 2 125.588 -95.0099
1079 204.978 246.727 2 134.762 -94.6534
1080 214.978 246.727 2 144.046 -89.7916
1081 224.978 246.727 2 153.42 -86.4609
1082 234.978 246.727 2 162.869 -84.3082
1083 244.978 246.727 2 172.38 -86.1794
1084 254.978 246.727 2 181.943 -86.6225
1085 264.978 246.727 2 191.551 -85.3527
1086 274.978 246.727 2 201.197 -85.5819
1087 284.978 246.727 2 210.876 -87.6901
1088 294.978 246.727 2 220.584 -86.1759
1089 304.978 246.727 2 230.316 -84.7914
1090 314.978 246.727 2 240.071 -86.2202
1091 324.978 246.727 2 249.845 -88.5609
1092 334.978 246.727 2 259.636 -87.4778
1093 344.978 246.727 2 269.443 -92.4482
1094 354.978 246.727 2 279.263 -85.3154
1095 364.978 246.727 2 289.096 -97.1775
1096 374.978 246.727 2 298.94 -85.7879
1097 384.978 246.727 2 308.794 -90.2145
1098 394.978 246.727 2 318.657 -94.2458
1099 404.978 246.727 2 328.528 -92.1827
1100 414.978 246.727 2 338.406 -88.8158
1101 424.978 246.727 2 348.292 -90.3574
1102 434.978 246.727 2 358.184 -85.8366
1103 444.978 246.727 2 368.082 -82.8801
1104 454.978 246.727 2 377.985 -85.0841
1105 464.978 246.727 2 387.893 -87.3495
1106 474.978 246.727 2 397.806 -91.9877
1107 484.978 246.727 2 407.723 -96.1959
1108 84.9784 256.727 2 45.7826 -82.9009
1109 94.9784 256.727 2 47.7968 -83.6197
1110 104.978 256.727 2 51.7012 -83.2196
1111 114.978 256.727 2 57.1095 -78.1866
1112 124.978 256.727 2 63.6394 -80.6674
1113 134.978 256.727 2 70.9821 -87.6127
1114 144.978 256.727 2 78.911 -83.756
1115 154.978 256.727 2 87.2664 -99.2866
1116 164.978 256.727 2 95.937 -95.2129
1117 174.978 256.727 2 104.845 -91.6326
1118 184.978 256.727 2 113.934 -93.5923
1119 194.978 256.727 2 123.164 -100.04
1120 204.978 256.727 2 132.506 -90.5033
1121 214.978 256.727 2 141.938 -92.3866
1122 224.978 256.727 2 151.442 -85.8289
1123 234.978 256.727 2 161.007 -83.632
1124 244.978 256.727 2 170.622 -84.7591
1125 254.978 256.727 2 180.278 -87.2457
1126 264.978 256.727 2 189.97 -97.1697
1127 274.978 256.727 2 199.693 -103.291
1128 284.978 256.727 2 209.441 -104.001
1129 294.978 256.727 2 219.213 -110.221
1130 304.978 256.727 2 229.004 -118.085
1131 314.978 256.727 2 238.812 -107.929
1132 324.978 256.727 2 248.636 -101.683
1133 334.978 256.727 2 258.473 -104.426
1134 344.978 256.727 2 268.322 -101.651
1135 354.978 256.727 2 278.182 -101.848
1136 364.978 256.727 2 288.051 -98.5809
1137 374.978 256.727 2 297.93 -98.0551
1138 384.978 256.727 2 307.816 -92.7761
1139 394.978 256.727 2 317.709 -91.2455
1140 404.978 256.727 2 327.609 -93.2812
1141 414.978 256.727 2 337.514 -92.8497
1142 424.978 256.727 2 347.425 -89.4124
1143 434.978 256.727 2 357.341 -89.8171
1144 444.978 256.727 2 367.262 -85.4163
1145 454.978 256.727 2 377.187 -91.8428
1146 464.978 256.727 2 387.115 -92.4862
1147 474.978 256.727 2 397.048 -97.3544
1148 484.978 256.727 2 406.983 -101.788
1149 84.9784 266.727 2 41.1469 -94.3884
1150 94.9784 266.727 2 43.3768 -90.8555
1151 104.978 266.727 2 47.6448 -80.1561
1152 114.978 266.727 2 53.4651 -83.4014
1153 124.978 266.727 2 60.3904 -78.0219
1154 134.978 266.727 2 68.0843 -250
1155 144.978 266.727 2 76.3149 -250
1156 154.978 266.727 2 84.9261 -250
1157 164.978 266.727 2 93.8132 -250
1158 174.978 266.727 2 102.905 -92.1883
1159 184.978 266.727 2 112.151 -96.1615
1160 194.978 266.727 2 121.517 -97.0666
1161 204.978 266.727 2 130.977 -95.2185
1162 214.978 266.727 2 140.511 -90.874
1163 224.978 266.727 2 150.106 -83.5305
1164 234.978 266.727 2 159.751 -81.6887
1165 244.978 266.727 2 169.437 -250
1166 254.978 266.727 2 179.157 -250
1167 264.978 266.727 2 188.907 -250
1168 274.978 266.727 2 198.681 -121.918
1169 284.978 266.727 2 208.477 -107.445
1170 294.978 266.727 2 218.292 -250
1171 304.978 266.727 2 228.122 -250
1172 314.978 266.727 2 237.967 -250
1173 324.978 266.727 2 247.824 -250
1174 334.978 266.727 2 257.692 -250
1175 344.978 266.727 2 267.57 -250
1176 354.978 266.727 2 277.456 -250
1177 364.978 266.727 2 287.351 -250
1178 374.978 266.727 2 297.253 -250
1179 384.978 266.727 2 307.16 -250
1180 394.978 266.727 2 317.074 -250
1181 404.978 266.727 2 326.993 -250
1182 414.978 266.727 2 336.917 -250
1183 424.978 266.727 2 346.845 -250
1184 434.978 266.727 2 356.777 -250
1185 444.978 266.727 2 366.713 -250
1186 454.978 266.727 2 376.652 -250
1187 464.978 266.727 2 386.595 -250
1188 474.978 266.727 2 396.54 -114.389
1189 484.978 266.727 2 406.488 -114.673
1190 84.9784 276.727 2 38.6016 -113.708
1191 94.9784 276.727 2 40.9703 -89.4374
1192 104.978 276.727 2 45.4648 -82.8101
1193 114.978 276.727 2 51.5319 -86.3511
1194 124.978 276.727 2 58.6857 -83.3721
1195 134.978 276.727 2 66.577 -250
1196 144.978 276.727 2 74.9732 -250
1197 154.978 276.727 2 83.7225 -250
1198 164.978 276.727 2 92.7251 -250
1199 174.978 276.727 2 101.914 -92.3935
1200 184.978 276.727 2 111.243 -94.2014
1201 194.978 276.727 2 120.679 -95.6038
1202 204.978 276.727 2 130.199 -97.1735
1203 214.978 276.727 2 139.787 -88.0768
1204 224.978 276.727 2 149.428 -81.7428
1205 234.978 276.727 2 159.114 -81.4381
1206 244.978 276.727 2 168.837 -250
1207 254.978 276.727 2 178.59 -250
1208 264.978 276.727 2 188.369 -250
1209 274.978 276.727 2 198.17 -114.325
1210 284.978 276.727 2 207.99 -107.197
1211 294.978 276.727 2 217.826 -250
1212 304.978 276.727 2 227.677 -250
1213 314.978 276.727 2 237.54 -250
1214 324.978 276.727 2 247.414 -250
1215 334.978 276.727 2 257.298 -250
1216 344.978 276.727 2 267.19 -250
1217 354.978 276.727 2 277.09 -250
1218 364.978 276.727 2 286.998 -250
1219 374.978 276.727 2 296.911 -250
1220 384.978 276.727 2 306.83 -250
1221 394.978 276.727 2 316.754 -250
1222 404.978 276.727 2 326.683 -250
1223 414.978 276.727 2 336.616 -250
1224 424.978 276.727 2 346.552 -250
1225 434.978 276.727 2 356.493 -250
1226 444.978 276.727 2 366.436 -250
1227 454.978 276.727 2 376.383 -250
1228 464.978 276.727 2 386.332 -250
1229 474.978 276.727 2 396.284 -128.039
1230 484.978 276.727 2 406.238 -130.987
1231 84.9784 286.727 2 38.563 -99.6959
1232 94.9784 286.727 2 40.9339 -89.4913
1233 104.978 286.727 2 45.432 -82.3143
1234 114.978 286.727 2 51.5029 -86.6045
1235 124.978 286.727 2 58.6603 -80.8207
1236 134.978 286.727 2 66.5546 -250
1237 144.978 286.727 2 74.9533 -250
1238 154.978 286.727 2 83.7047 -250
1239 164.978 286.727 2 92.709 -250
1240 174.978 286.727 2 101.899 -93.715
1241 184.978 286.727 2 111.229 -93.6707
1242 194.978 286.727 2 120.667 -93.4137
1243 204.978 286.727 2 130.188 -93.4338
1244 214.978 286.727 2 139.776 -97.56
1245 224.978 286.727 2 149.418 -82.9012
1246 234.978 286.727 2 159.105 -79.8301
1247 244.978 286.727 2 168.828 -250
1248 254.978 286.727 2 178.581 -250
1249 264.978 286.727 2 188.361 -250
1250 274.978 286.727 2 198.162 -111.662
1251 284.978 286.727 2 207.983 -106.885
1252 294.978 286.727 2 217.819 -250
1253 304.978 286.727 2 227.67 -250
1254 314.978 286.727 2 237.534 -250
1255 324.978 286.727 2 247.408 -250
1256 334.978 286.727 2 257.292 -250
1257 344.978 286.727 2 267.185 -250
1258 354.978 286.727 2 277.085 -250
1259 364.978 286.727 2 286.992 -250
1260 374.978 286.727 2 296.906 -250
1261 384.978 286.727 2 306.825 -250
1262 394.978 286.727 2 316.749 -250
1263 404.978 286.727 2 326.678 -250
1264 414.978 286.727 2 336.611 -250
1265 424.978 286.727 2 346.548 -250
1266 434.978 286.727 2 356.488 -250
1267 444.978 286.727 2 366.432 -250
1268 454.978 286.727 2 376.379 -250
1269 464.978 286.727 2 386.328 -250
1270 474.978 286.727 2 396.28 -133.26
1271 484.978 286.727 2 406.234 -150.594
1272 84.9784 296.727 2 41.0381 -90.4846
1273 94.9784 296.727 2 43.2736 -88.8019
1274 104.978 296.727 2 47.5509 -86.4097
1275 114.978 296.727 2 53.3814 -80.7077
1276 124.978 296.727 2 60.3163 -80.1687
1277 134.978 296.727 2 68.0186 -250
1278 144.978 296.727 2 76.2563 -250
1279 154.978 296.727 2 84.8734 -250
1280 164.978 296.727 2 93.7656 -250
1281 174.978 296.727 2 102.861 -90.4594
1282 184.978 296.727 2 112.111 -94.1401
1283 194.978 296.727 2 121.48 -94.1494
1284 204.978 296.727 2 130.942 -93.6015
1285 214.978 296.727 2 140.479 -83.8615
1286 224.978 296.727 2 150.076 -87.1104
1287 234.978 296.727 2 159.723 -79.1767
1288 244.978 296.727 2 169.41 -250
1289 254.978 296.727 2 179.132 -250
1290 264.978 296.727 2 188.883 -250
1291 274.978 296.727 2 198.659 -111.093
1292 284.978 296.727 2 208.456 -109.576
1293 294.978 296.727 2 218.271 -250
1294 304.978 296.727 2 228.102 -250
1295 314.978 296.727 2 237.948 -250
1296 324.978 296.727 2 247.806 -94.5546
1297 334.978 296.727 2 257.675 -97.8275
1298 344.978 296.727 2 267.553 -116.489
1299 354.978 296.727 2 277.44 -114.86
1300 364.978 296.727 2 287.335 -114.866
1301 374.978 296.727 2 297.237 -103.176
1302 384.978 296.727 2 307.146 -99.7163
1303 394.978 296.727 2 317.06 -104.946
1304 404.978 296.727 2 326.979 -99.8828
1305 414.978 296.727 2 336.904 -95.9174
1306 424.978 296.727 2 346.832 -122.977
1307 434.978 296.727 2 356.765 -250
1308 444.978 296.727 2 366.701 -250
1309 454.978 296.727 2 376.64 -250
1310 464.978 296.727 2 386.583 -250
1311 474.978 296.727 2 396.529 -127.683
1312 484.978 296.727 2 406.477 -131.866
1313 84.9784 306.727 2 45.6195 -81.1369
1314 94.9784 306.727 2 47.6406 -83.8069
1315 104.978 306.727 2 51.5568 -79.437
1316 114.978 306.727 2 56.9788 -76.4628
1317 124.978 306.727 2 63.5222 -82.4725
1318 134.978 306.727 2 70.877 -250
1319 144.978 306.727 2 78.8165 -250
1320 154.978 306.727 2 87.1809 -250
1321 164.978 306.727 2 95.8593 -250
1322 174.978 306.727 2 104.773 -90.6108
1323 184.978 306.727 2 113.868 -92.4315
1324 194.978 306.727 2 123.103 -91.8222
1325 204.978 306.727 2 132.45 -85.4632
1326 214.978 306.727 2 141.885 -96.846
1327 224.978 306.727 2 151.393 -86.4129
1328 234.978 306.727 2 160.961 -82.986
1329 244.978 306.727 2 170.578 -250
1330 254.978 306.727 2 180.237 -250
1331 264.978 306.727 2 189.931 -250
1332 274.978 306.727 2 199.655 -110.889
1333 284.978 306.727 2 209.406 -107.525
1334 294.978 306.727 2 219.179 -250
1335 304.978 306.727 2 228.971 -250
1336 314.978 306.727 2 238.781 -250
1337 324.978 306.727 2 248.606 -131.585
1338 334.978 306.727 2 258.444 -250
1339 344.978 306.727 2 268.294 -250
1340 354.978 306.727 2 278.155 -250
1341 364.978 306.727 2 288.025 -121.522
1342 374.978 306.727 2 297.905 -250
1343 384.978 306.727 2 307.792 -250
1344 394.978 306.727 2 317.686 -250
1345 404.978 306.727 2 327.586 -250
1346 414.978 306.727 2 337.492 -250
1347 424.978 306.727 2 347.404 -250
1348 434.978 306.727 2 357.321 -250
1349 444.978 306.727 2 367.242 -250
1350 454.978 306.727 2 377.167 -250
1351 464.978 306.727 2 387.096 -250
1352 474.978 306.727 2 397.029 -123.769
1353 484.978 306.727 2 406.965 -129.699
1354 84.9784 316.727 2 51.7509 -82.3433
1355 94.9784 316.727 2 53.541 -84.8673
1356 104.978 316.727 2 57.0537 -79.313
1357 114.978 316.727 2 61.9968 -82.7806
1358 124.978 316.727 2 68.0595 -83.5254
1359 134.978 316.727 2 74.9705 -250
1360 144.978 316.727 2 82.517 -250
1361 154.978 316.727 2 90.5402 -250
1362 164.978 316.727 2 98.9243 -250
1363 174.978 316.727 2 107.585 -85.738
1364 184.978 316.727 2 116.46 -87.206
1365 194.978 316.727 2 125.505 -85.6647
1366 204.978 316.727 2 134.685 -93.5861
1367 214.978 316.727 2 143.974 -94.8378
1368 224.978 316.727 2 153.352 -88.7516
1369 234.978 316.727 2 162.805 -82.0585
1370 244.978 316.727 2 172.319 -250
1371 254.978 316.727 2 181.886 -250
1372 264.978 316.727 2 191.496 -250
1373 274.978 316.727 2 201.145 -116.556
1374 284.978 316.727 2 210.826 -104.741
1375 294.978 316.727 2 220.536 -250
1376 304.978 316.727 2 230.271 -250
1377 314.978 316.727 2 240.028 -250
1378 324.978 316.727 2 249.803 -113.692
1379 334.978 316.727 2 259.596 -250
1380 344.978 316.727 2 269.404 -250
1381 354.978 316.727 2 279.226 -250
1382 364.978 316.727 2 289.06 -100.707
1383 374.978 316.727 2 298.905 -250
1384 384.978 316.727 2 308.76 -250
1385 394.978 316.727 2 318.624 -250
1386 404.978 316.727 2 328.496 -250
1387 414.978 316.727 2 338.376 -250
1388 424.978 316.727 2 348.262 -250
1389 434.978 316.727 2 358.155 -250
1390 444.978 316.727 2 368.054 -250
1391 454.978 316.727 2 377.958 -250
1392 464.978 316.727 2 387.867 -250
1393 474.978 316.727 2 397.78 -124.244
1394 484.978 316.727 2 407.698 -115.482
1395 84.9784 326.727 2 58.9506 -81.9977
1396 94.9784 326.727 2 60.5282 -81.2881
1397 104.978 326.727 2 63.6564 -80.8162
1398 114.978 326.727 2 68.1221 -92.9225
1399 124.978 326.727 2 73.6825 -81.6797
1400 134.978 326.727 2 80.1099 -84.0154
1401 144.978 326.727 2 87.2128 -87.2292
1402 154.978 326.727 2 94.8396 -85.5154
1403 164.978 326.727 2 102.874 -84.5963
1404 174.978 326.727 2 111.227 -89.0346
1405 184.978 326.727 2 119.833 -87.6652
1406 194.978 326.727 2 128.641 -83.7115
1407 204.978 326.727 2 137.612 -93.7425
1408 214.978 326.727 2 146.716 -89.2742
1409 224.978 326.727 2 155.929 -87.7978
1410 234.978 326.727 2 165.234 -83.3563
1411 244.978 326.727 2 174.616 -85.024
1412 254.978 326.727 2 184.064 -87.8949
1413 264.978 326.727 2 193.566 -94.5763
1414 274.978 326.727 2 203.117 -98.2971
1415 284.978 326.727 2 212.708 -90.0003
1416 294.978 326.727 2 222.336 -89.6494
1417 304.978 326.727 2 231.995 -89.8961
1418 314.978 326.727 2 241.682 -97.4026
1419 324.978 326.727 2 251.394 -107.496
1420 334.978 326.727 2 261.127 -99.2822
1421 344.978 326.727 2 270.88 -95.5405
1422 354.978 326.727 2 280.65 -98.0614
1423 364.978 326.727 2 290.435 -100.653
1424 374.978 326.727 2 300.235 -96.7078
1425 384.978 326.727 2 310.048 -98.4191
1426 394.978 326.727 2 319.872 -102.246
1427 404.978 326.727 2 329.707 -114.319
1428 414.978 326.727 2 339.551 -102.101
1429 424.978 326.727 2 349.405 -109.075
1430 434.978 326.727 2 359.266 -106.77
1431 444.978 326.727 2 369.135 -101.932
1432 454.978 326.727 2 379.011 -110.19
1433 464.978 326.727 2 388.893 -97.2161
1434 474.978 326.727 2 398.781 -100.927
1435 484.978 326.727 2 408.674 -96.557
1436 84.9784 336.727 2 66.8745 -79.4695
1437 94.9784 336.727 2 68.2692 -88.8831
1438 104.978 336.727 2 71.0575 -82.2607
1439 114.978 336.727 2 75.0842 -80.5193
1440 124.978 336.727 2 80.1631 -80.3735
1441 134.978 336.727 2 86.1081 -81.3178
1442 144.978 336.727 2 92.7528 -79.258
1443 154.978 336.727 2 99.9579 -82.7502
1444 164.978 336.727 2 107.611 -89.0898
1445 174.978 336.727 2 115.622 -80.0598
1446 184.978 336.727 2 123.923 -85.8511
1447 194.978 336.727 2 132.459 -92.9386
1448 204.978 336.727 2 141.188 -89.2391
1449 214.978 336.727 2 150.075 -90.0191
1450 224.978 336.727 2 159.094 -85.8922
1451 234.978 336.727 2 168.224 -84.0353
1452 244.978 336.727 2 177.448 -85.6228
1453 254.978 336.727 2 186.752 -81.4625
1454 264.978 336.727 2 196.125 -87.5015
1455 274.978 336.727 2 205.556 -85.9493
1456 284.978 336.727 2 215.039 -85.7741
1457 294.978 336.727 2 224.567 -86.5002
1458 304.978 336.727 2 234.134 -95.7886
1459 314.978 336.727 2 243.736 -96.3028
1460 324.978 336.727 2 253.369 -101.631
1461 334.978 336.727 2 263.029 -100.917
1462 344.978 336.727 2 272.714 -90.5467
1463 354.978 336.727 2 282.42 -96.7117
1464 364.978 336.727 2 292.147 -88.5948
1465 374.978 336.727 2 301.891 -88.7278
1466 384.978 336.727 2 311.652 -89.2228
1467 394.978 336.727 2 321.427 -89.6576
1468 404.978 336.727 2 331.215 -91.4533
1469 414.978 336.727 2 341.016 -90.9963
1470 424.978 336.727 2 350.828 -88.5924
1471 434.978 336.727 2 360.651 -86.7787
1472 444.978 336.727 2 370.483 -86.1179
1473 454.978 336.727 2 380.324 -85.9301
1474 464.978 336.727 2 390.172 -87.5276
1475 474.978 336.727 2 400.029 -92.7066
1476 484.978 336.727 2 409.892 -103.157
1477 84.9784 346.727 2 75.2942 -79.6277
1478 94.9784 346.727 2 76.5356 -84.3971
1479 104.978 346.727 2 79.0328 -79.9954
1480 114.978 346.727 2 82.672 -250
1481 124.978 346.727 2 87.3106 -250
1482 134.978 346.727 2 92.7989 -250
1483 144.978 346.727 2 98.9955 -250
1484 154.978 346.727 2 105.776 -250
1485 164.978 346.727 2 113.036 -250
1486 174.978 346.727 2 120.688 -250
1487 184.978 346.727 2 128.662 -101.192
1488 194.978 346.727 2 136.903 -81.9023
1489 204.978 346.727 2 145.365 -83.9974
1490 214.978 346.727 2 154.011 -85.7866
1491 224.978 346.727 2 162.813 -89.525
1492 234.978 346.727 2 171.745 -86.1946
1493 244.978 346.727 2 180.79 -250
1494 254.978 346.727 2 189.93 -250
1495 264.978 346.727 2 199.153 -250
1496 274.978 346.727 2 208.448 -111.37
1497 284.978 346.727 2 217.805 -102.501
1498 294.978 346.727 2 227.217 -100.609
1499 304.978 346.727 2 236.677 -86.1929
1500 314.978 346.727 2 246.179 -87.8995
1501 324.978 346.727 2 255.72 -92.5166
1502 334.978 346.727 2 265.295 -89.4163
1503 344.978 346.727 2 274.9 -88.2817
1504 354.978 346.727 2 284.532 -96.5615
1505 364.978 346.727 2 294.188 -88.412
1506 374.978 346.727 2 303.867 -90.1601
1507 384.978 346.727 2 313.566 -250
1508 394.978 346.727 2 323.283 -250
1509 404.978 346.727 2 333.017 -250
1510 414.978 346.727 2 342.767 -250
1511 424.978 346.727 2 352.53 -250
1512 434.978 346.727 2 362.307 -250
1513 444.978 346.727 2 372.095 -114.231
1514 454.978 346.727 2 381.894 -250
1515 464.978 346.727 2 391.703 -250
1516 474.978 346.727 2 401.522 -129.189
1517 484.978 346.727 2 411.35 -107.638
1518 84.9784 356.727 2 84.0609 -78.9624
1519 94.9784 356.727 2 85.1746 -79.1613
1520 104.978 356.727 2 87.4254 -250
1521 114.978 356.727 2 90.7286 -250
1522 124.978 356.727 2 94.9745 -250
1523 134.978 356.727 2 100.043 -250
1524 144.978 356.727 2 105.816 -250
1525 154.978 356.727 2 112.186 -250
1526 164.978 356.727 2 119.055 -250
1527 174.978 356.727 2 126.343 -250
1528 184.978 356.727 2 133.982 -99.0551
1529 194.978 356.727 2 141.914 -97.5117
1530 204.978 356.727 2 150.093 -102.766
1531 214.978 356.727 2 158.482 -86.426
1532 224.978 356.727 2 167.048 -82.008
1533 234.978 356.727 2 175.765 -82.6307
1534 244.978 356.727 2 184.613 -250
1535 254.978 356.727 2 193.573 -250
1536 264.978 356.727 2 202.63 -250
1537 274.978 356.727 2 211.772 -130.65
1538 284.978 356.727 2 220.988 -115.11
1539 294.978 356.727 2 230.27 -109.387
1540 304.978 356.727 2 239.61 -119.902
1541 314.978 356.727 2 249.001 -126.283
1542 324.978 356.727 2 258.437 -91.0704
1543 334.978 356.727 2 267.915 -95.4132
1544 344.978 356.727 2 277.429 -87.651
1545 354.978 356.727 2 286.976 -89.3603
1546 364.978 356.727 2 296.553 -88.7063
1547 374.978 356.727 2 306.157 -92.9892
1548 384.978 356.727 2 315.786 -89.5634
1549 394.978 356.727 2 325.437 -250
1550 404.978 356.727 2 335.108 -250
1551 414.978 356.727 2 344.799 -250
1552 424.978 356.727 2 354.506 -250
1553 434.978 356.727 2 364.229 -250
1554 444.978 356.727 2 373.967 -129.271
1555 454.978 356.727 2 383.719 -250
1556 464.978 356.727 2 393.483 -250
1557 474.978 356.727 2 403.258 -113.037
1558 484.978 356.727 2 413.044 -115.145
1559 84.9784 366.727 2 93.0766 -83.1697
1560 94.9784 366.727 2 94.0837 -84.2331
1561 104.978 366.727 2 96.126 -250
1562 114.978 366.727 2 99.1398 -250
1563 124.978 366.727 2 103.04 -250
1564 134.978 366.727 2 107.73 -250
1565 144.978 366.727 2 113.111 -250
1566 154.978 366.727 2 119.091 -250
1567 164.978 366.727 2 125.583 -250
1568 174.978 366.727 2 132.513 -250
1569 184.978 366.727 2 139.814 -119.493
1570 194.978 366.727 2 147.433 -250
1571 204.978 366.727 2 155.322 -250
1572 214.978 366.727 2 163.443 -250
1573 224.978 366.727 2 171.761 -250
1574 234.978 366.727 2 180.251 -250
1575 244.978 366.727 2 188.889 -250
1576 254.978 366.727 2 197.655 -250
1577 264.978 366.727 2 206.533 -250
1578 274.978 366.727 2 215.51 -128.266
1579 284.978 366.727 2 224.573 -99.7232
1580 294.978 366.727 2 233.712 -98.4562
1581 304.978 366.727 2 242.919 -98.9615
1582 314.978 366.727 2 252.187 -94.2221
1583 324.978 366.727 2 261.509 -93.4975
1584 334.978 366.727 2 270.879 -92.9966
1585 344.978 366.727 2 280.292 -87.808
1586 354.978 366.727 2 289.745 -93.0236
1587 364.978 366.727 2 299.234 -84.6483
1588 374.978 366.727 2 308.754 -95.5275
1589 384.978 366.727 2 318.304 -91.6362
1590 394.978 366.727 2 327.881 -250
1591 404.978 366.727 2 337.483 -250
1592 414.978 366.727 2 347.107 -250
1593 424.978 366.727 2 356.752 -250
1594 434.978 366.727 2 366.415 -250
1595 444.978 366.727 2 376.097 -116.914
1596 454.978 366.727 2 385.794 -250
1597 464.978 366.727 2 395.507 -250
1598 474.978 366.727 2 405.233 -120.434
1599 484.978 366.727 2 414.973 -124.647
1600 84.9784 376.727 2 102.275 -85.5495
1601 94.9784 376.727 2 103.193 -82.3305
1602 104.978 376.727 2 105.058 -250
1603 114.978 376.727 2 107.823 -250
1604 124.978 376.727 2 111.419 -250
1605 134.978 376.727 2 115.77 -250
1606 144.978 376.727 2 120.794 -250
1607 154.978 376.727 2 126.411 -250
1608 164.978 376.727 2 132.545 -250
1609 174.978 376.727 2 139.128 -250
1610 184.978 376.727 2 146.1 -120.676
1611 194.978 376.727 2 153.407 -250
1612 204.978 376.727 2 161.003 -250
1613 214.978 376.727 2 168.851 -250
1614 224.978 376.727 2 176.915 -250
1615 234.978 376.727 2 185.169 -250
1616 244.978 376.727 2 193.587 -250
1617 254.978 376.727 2 202.15 -250
1618 264.978 376.727 2 210.839 -250
1619 274.978 376.727 2 219.639 -120.7
1620 284.978 376.727 2 228.539 -102.545
1621 294.978 376.727 2 237.526 -95.531
1622 304.978 376.727 2 246.591 -95.4605
1623 314.978 376.727 2 255.725 -90.307
1624 324.978 376.727 2 264.922 -103.267
1625 334.978 376.727 2 274.176 -90.1686
1626 344.978 376.727 2 283.48 -93.9128
1627 354.978 376.727 2 292.83 -85.6418
1628 364.978 376.727 2 302.221 -93.8108
1629 374.978 376.727 2 311.651 -88.8598
1630 384.978 376.727 2 321.115 -250
1631 394.978 376.727 2 330.61 -250
1632 404.978 376.727 2 340.135 -250
1633 414.978 376.727 2 349.686 -250
1634 424.978 376.727 2 359.261 -250
1635 434.978 376.727 2 368.859 -250
1636 444.978 376.727 2 378.478 -250
1637 454.978 376.727 2 388.116 -250
1638 464.978 376.727 2 397.772 -250
1639 474.978 376.727 2 407.445 -128.711
1640 484.978 376.727 2 417.133 -119.842
1641 84.9784 386.727 2 111.612 -85.025
1642 94.9784 386.727 2 112.453 -77.0945
1643 104.978 386.727 2 114.168 -102.769
1644 114.978 386.727 2 116.716 -250
1645 124.978 386.727 2 120.047 -250
1646 134.978 386.727 2 124.096 -250
1647 144.978 386.727 2 128.795 -250
1648 154.978 386.727 2 134.077 -250
1649 164.978 386.727 2 139.875 -250
1650 174.978 386.727 2 146.129 -250
1651 184.978 386.727 2 152.781 -116.336
1652 194.978 386.727 2 159.783 -250
1653 204.978 386.727 2 167.09 -250
1654 214.978 386.727 2 174.664 -250
1655 224.978 386.727 2 182.472 -250
1656 234.978 386.727 2 190.485 -250
1657 244.978 386.727 2 198.678 -250
1658 254.978 386.727 2 207.03 -250
1659 264.978 386.727 2 215.523 -250
1660 274.978 386.727 2 224.139 -103.415
1661 284.978 386.727 2 232.867 -91.7426
1662 294.978 386.727 2 241.693 -90.9142
1663 304.978 386.727 2 250.607 -96.4984
1664 314.978 386.727 2 259.6 -91.3542
1665 324.978 386.727 2 268.665 -102.898
1666 334.978 386.727 2 277.794 -106.747
1667 344.978 386.727 2 286.981 -88.6308
1668 354.978 386.727 2 296.22 -86.3306
1669 364.978 386.727 2 305.507 -97.1815
1670 374.978 386.727 2 314.838 -85.6425
1671 384.978 386.727 2 324.209 -250
1672 394.978 386.727 2 333.617 -250
1673 404.978 386.727 2 343.058 -250
1674 414.978 386.727 2 352.53 -250
1675 424.978 386.727 2 362.03 -250
1676 434.978 386.727 2 371.556 -250
1677 444.978 386.727 2 381.107 -250
1678 454.978 386.727 2 390.68 -250
1679 464.978 386.727 2 400.274 -250
1680 474.978 386.727 2 409.888 -110.57
1681 484.978 386.727 2 419.519 -115.953
1682 84.9784 396.727 2 121.055 -82.7722
1683 94.9784 396.727 2 121.831 -89.8248
1684 104.978 396.727 2 123.415 -83.1726
1685 114.978 396.727 2 125.777 -112.869
1686 124.978 396.727 2 128.873 -107.332
1687 134.978 396.727 2 132.653 -113.968
1688 144.978 396.727 2 137.059 -109.226
1689 154.978 396.727 2 142.034 -116.289
1690 164.978 396.727 2 147.52 -103.841
1691 174.978 396.727 2 153.462 -103.761
1692 184.978 396.727 2 159.81 -101.224
1693 194.978 396.727 2 166.516 -115.221
1694 204.978 396.727 2 173.54 -130.184
1695 214.978 396.727 2 180.844 -120.496
1696 224.978 396.727 2 188.396 -116.93
1697 234.978 396.727 2 196.167 -119.022
1698 244.978 396.727 2 204.132 -250
1699 254.978 396.727 2 212.27 -250
1700 264.978 396.727 2 220.561 -250
1701 274.978 396.727 2 228.988 -97.7007
1702 284.978 396.727 2 237.537 -95.5597
1703 294.978 396.727 2 246.196 -90.3902
1704 304.978 396.727 2 254.953 -92.972
1705 314.978 396.727 2 263.798 -98.8429
1706 324.978 396.727 2 272.723 -92.6707
1707 334.978 396.727 2 281.72 -96.0542
1708 344.978 396.727 2 290.783 -89.8728
1709 354.978 396.727 2 299.906 -90.3322
1710 364.978 396.727 2 309.082 -93.3315
1711 374.978 396.727 2 318.308 -91.1671
1712 384.978 396.727 2 327.58 -250
1713 394.978 396.727 2 336.894 -250
1714 404.978 396.727 2 346.245 -250
1715 414.978 396.727 2 355.632 -250
1716 424.978 396.727 2 365.052 -250
1717 434.978 396.727 2 374.501 -250
1718 444.978 396.727 2 383.979 -250
1719 454.978 396.727 2 393.482 -250
1720 464.978 396.727 2 403.009 -250
1721 474.978 396.727 2 412.559 -111.857
1722 484.978 396.727 2 422.13 -97.7874
1723 84.9784 406.727 2 130.581 -83.7776
1724 94.9784 406.727 2 131.3 -80.5753
1725 104.978 406.727 2 132.772 -83.6154
1726 114.978 406.727 2 134.97 -119.721
1727 124.978 406.727 2 137.86 -107.571
1728 134.978 406.727 2 141.399 -112.189
1729 144.978 406.727 2 145.541 -122.674
1730 154.978 406.727 2 150.235 -113.786
1731 164.978 406.727 2 155.432 -116.397
1732 174.978 406.727 2 161.083 -116.745
1733 184.978 406.727 2 167.141 -103.137
1734 194.978 406.727 2 173.564 -102.583
1735 204.978 406.727 2 180.314 -114.096
1736 214.978 406.727 2 187.354 -102.097
1737 224.978 406.727 2 194.654 -111.349
1738 234.978 406.727 2 202.184 -110.017
1739 244.978 406.727 2 209.922 -107.814
1740 254.978 406.727 2 217.843 -99.7246
1741 264.978 406.727 2 225.929 -103.762
1742 274.978 406.727 2 234.163 -106.133
1743 284.978 406.727 2 242.53 -93.2058
1744 294.978 406.727 2 251.017 -98.8107
1745 304.978 406.727 2 259.611 -114.35
1746 314.978 406.727 2 268.303 -103.543
1747 324.978 406.727 2 277.083 -94.471
1748 334.978 406.727 2 285.943 -99.0061
1749 344.978 406.727 2 294.876 -101.032
1750 354.978 406.727 2 303.876 -92.019
1751 364.978 406.727 2 312.936 -94.8582
1752 374.978 406.727 2 322.052 -99.8761
1753 384.978 406.727 2 331.219 -100.32
1754 394.978 406.727 2 340.432 -110.028
1755 404.978 406.727 2 349.69 -94.271
1756 414.978 406.727 2 358.986 -91.5695
1757 424.978 406.727 2 368.32 -91.3715
1758 434.978 406.727 2 377.688 -89.9727
1759 444.978 406.727 2 387.087 -92.4231
1760 454.978 406.727 2 396.516 -96.3319
1761 464.978 406.727 2 405.972 -93.7734
1762 474.978 406.727 2 415.454 -92.524
1763 484.978 406.727 2 424.96 -95.7825
1764 84.9784 416.727 2 140.173 -88.5941
1765 94.9784 416.727 2 140.843 -83.3046
1766 104.978 416.727 2 142.216 -84.2193
1767 114.978 416.727 2 144.27 -250
1768 124.978 416.727 2 146.977 -250
1769 134.978 416.727 2 150.302 -250
1770 144.978 416.727 2 154.205 -250
1771 154.978 416.727 2 158.643 -116.622
1772 164.978 416.727 2 163.573 -110.899
1773 174.978 416.727 2 168.952 -115.664
1774 184.978 416.727 2 174.737 -114.592
1775 194.978 416.727 2 180.891 -101.85
1776 204.978 416.727 2 187.377 -114.369
1777 214.978 416.727 2 194.161 -104.243
1778 224.978 416.727 2 201.214 -122.405
1779 234.978 416.727 2 208.508 -110.151
1780 244.978 416.727 2 216.019 -102.735
1781 254.978 416.727 2 223.724 -103.297
1782 264.978 416.727 2 231.605 -113.138
1783 274.978 416.727 2 239.645 -104.395
1784 284.978 416.727 2 247.827 -99.8006
1785 294.978 416.727 2 256.138 -104.261
1786 304.978 416.727 2 264.566 -99.691
1787 314.978 416.727 2 273.1 -97.7544
1788 324.978 416.727 2 281.73 -96.2656
1789 334.978 416.727 2 290.449 -99.1155
1790 344.978 416.727 2 299.247 -114.193
1791 354.978 416.727 2 308.119 -93.444
1792 364.978 416.727 2 317.058 -89.8577
1793 374.978 416.727 2 326.059 -87.8925
1794 384.978 416.727 2 335.116 -85.9704
1795 394.978 416.727 2 344.226 -89.2919
1796 404.978 416.727 2 353.383 -94.5773
1797 414.978 416.727 2 362.586 -85.1875
1798 424.978 416.727 2 371.829 -86.956
1799 434.978 416.727 2 381.111 -108.347
1800 444.978 416.727 2 390.428 -105.075
1801 454.978 416.727 2 399.778 -95.6203
1802 464.978 416.727 2 409.158 -98.6671
1803 474.978 416.727 2 418.568 -101.596
1804 484.978 416.727 2 428.004 -104.949
1805 84.9784 426.727 2 149.818 -79.7519
1806 94.9784 426.727 2 150.445 -85.0968
1807 104.978 426.727 2 151.731 -86.5056
1808 114.978 426.727 2 153.658 -250
1809 124.978 426.727 2 156.203 -250
1810 134.978 426.727 2 159.335 -250
1811 144.978 426.727 2 163.022 -250
1812 154.978 426.727 2 167.227 -118.165
1813 164.978 426.727 2 171.911 -250
1814 174.978 426.727 2 177.036 -250
1815 184.978 426.727 2 182.566 -250
1816 194.978 426.727 2 188.464 -250
1817 204.978 426.727 2 194.698 -250
1818 214.978 426.727 2 201.235 -250
1819 224.978 426.727 2 208.048 -128.027
1820 234.978 426.727 2 215.111 -250
1821 244.978 426.727 2 222.398 -250
1822 254.978 426.727 2 229.89 -250
1823 264.978 426.727 2 237.567 -250
1824 274.978 426.727 2 245.411 -117.197
1825 284.978 426.727 2 253.407 -95.7918
1826 294.978 426.727 2 261.541 -94.3125
1827 304.978 426.727 2 269.8 -250
1828 314.978 426.727 2 278.173 -250
1829 324.978 426.727 2 286.651 -250
1830 334.978 426.727 2 295.224 -250
1831 344.978 426.727 2 303.885 -250
1832 354.978 426.727 2 312.625 -250
1833 364.978 426.727 2 321.439 -250
1834 374.978 426.727 2 330.32 -250
1835 384.978 426.727 2 339.264 -250
1836 394.978 426.727 2 348.265 -250
1837 404.978 426.727 2 357.319 -250
1838 414.978 426.727 2 366.422 -250
1839 424.978 426.727 2 375.571 -250
1840 434.978 426.727 2 384.763 -250
1841 444.978 426.727 2 393.993 -250
1842 454.978 426.727 2 403.261 -250
1843 464.978 426.727 2 412.562 -104.553
1844 474.978 426.727 2 421.896 -106.684
1845 484.978 426.727 2 431.259 -250
1846 84.9784 436.727 2 159.507 -79.3636
1847 94.9784 436.727 2 160.096 -84.4845
1848 104.978 436.727 2 161.305 -86.8208
1849 114.978 436.727 2 163.119 -250
1850 124.978 436.727 2 165.518 -250
1851 134.978 436.727 2 168.478 -250
1852 144.978 436.727 2 171.969 -250
1853 154.978 436.727 2 175.96 -116.554
1854 164.978 436.727 2 180.417 -250
1855 174.978 436.727 2 185.307 -250
1856 184.978 436.727 2 190.597 -250
1857 194.978 436.727 2 196.254 -250
1858 204.978 436.727 2 202.248 -250
1859 214.978 436.727 2 208.549 -250
1860 224.978 436.727 2 215.131 -108.422
1861 234.978 436.727 2 221.968 -250
1862 244.978 436.727 2 229.037 -250
1863 254.978 436.727 2 236.319 -250
1864 264.978 436.727 2 243.793 -250
1865 274.978 436.727 2 251.443 -107.75
1866 284.978 436.727 2 259.253 -99.6078
1867 294.978 436.727 2 267.209 -87.9675
1868 304.978 436.727 2 275.298 -250
1869 314.978 436.727 2 283.509 -250
1870 324.978 436.727 2 291.832 -250
1871 334.978 436.727 2 300.257 -250
1872 344.978 436.727 2 308.776 -250
1873 354.978 436.727 2 317.382 -250
1874 364.978 436.727 2 326.067 -250
1875 374.978 436.727 2 334.826 -250
1876 384.978 436.727 2 343.652 -250
1877 394.978 436.727 2 352.541 -250
1878 404.978 436.727 2 361.488 -250
1879 414.978 436.727 2 370.489 -250
1880 424.978 436.727 2 379.54 -250
1881 434.978 436.727 2 388.638 -250
1882 444.978 436.727 2 397.779 -250
1883 454.978 436.727 2 406.96 -250
1884 464.978 436.727 2 416.179 -103.152
1885 474.978 436.727 2 425.433 -114.483
1886 484.978 436.727 2 434.72 -250
1887 84.9784 446.727 2 169.232 -81.1839
1888 94.9784 446.727 2 169.788 -83.8693
1889 104.978 446.727 2 170.928 -87.8738
1890 114.978 446.727 2 172.641 -250
1891 124.978 446.727 2 174.909 -250
1892 134.978 446.727 2 177.713 -250
1893 144.978 446.727 2 181.026 -250
1894 154.978 446.727 2 184.821 -109.11
1895 164.978 446.727 2 189.069 -250
1896 174.978 446.727 2 193.741 -250
1897 184.978 446.727 2 198.807 -250
1898 194.978 446.727 2 204.237 -250
1899 204.978 446.727 2 210.003 -250
1900 214.978 446.727 2 216.078 -250
1901 224.978 446.727 2 222.437 -109.712
1902 234.978 446.727 2 229.056 -250
1903 244.978 446.727 2 235.913 -250
1904 254.978 446.727 2 242.989 -250
1905 264.978 446.727 2 250.264 -250
1906 274.978 446.727 2 257.722 -93.2124
1907 284.978 446.727 2 265.347 -91.2829
1908 294.978 446.727 2 273.125 -103.674
1909 304.978 446.727 2 281.044 -250
1910 314.978 446.727 2 289.093 -250
1911 324.978 446.727 2 297.259 -250
1912 334.978 446.727 2 305.535 -250
1913 344.978 446.727 2 313.911 -250
1914 354.978 446.727 2 322.379 -250
1915 364.978 446.727 2 330.933 -250
1916 374.978 446.727 2 339.566 -250
1917 384.978 446.727 2 348.273 -250
1918 394.978 446.727 2 357.047 -250
1919 404.978 446.727 2 365.884 -250
1920 414.978 446.727 2 374.779 -250
1921 424.978 446.727 2 383.729 -250
1922 434.978 446.727 2 392.729 -250
1923 444.978 446.727 2 401.777 -250
1924 454.978 446.727 2 410.869 -250
1925 464.978 446.727 2 420.002 -120.698
1926 474.978 446.727 2 429.174 -119.457
1927 484.978 446.727 2 438.382 -250
1928 84.9784 456.727 2 178.987 -83.7455
1929 94.9784 456.727 2 179.513 -86.5359
1930 104.978 456.727 2 180.592 -92.2798
1931 114.978 456.727 2 182.214 -250
1932 124.978 456.727 2 184.365 -250
1933 134.978 456.727 2 187.026 -250
1934 144.978 456.727 2 190.177 -250
1935 154.978 456.727 2 193.793 -114.543
1936 164.978 456.727 2 197.849 -250
1937 174.978 456.727 2 202.318 -250
1938 184.978 456.727 2 207.174 -250
1939 194.978 456.727 2 212.39 -250
1940 204.978 456.727 2 217.941 -250
1941 214.978 456.727 2 223.801 -250
1942 224.978 456.727 2 229.946 -115.843
1943 234.978 456.727 2 236.355 -250
1944 244.978 456.727 2 243.006 -250
1945 254.978 456.727 2 249.881 -250
1946 264.978 456.727 2 256.961 -250
1947 274.978 456.727 2 264.23 -95.9804
1948 284.978 456.727 2 271.673 -99.8425
1949 294.978 456.727 2 279.275 -104.239
1950 304.978 456.727 2 287.024 -250
1951 314.978 456.727 2 294.909 -250
1952 324.978 456.727 2 302.919 -250
1953 334.978 456.727 2 311.044 -250
1954 344.978 456.727 2 319.276 -250
1955 354.978 456.727 2 327.606 -250
1956 364.978 456.727 2 336.027 -250
1957 374.978 456.727 2 344.532 -250
1958 384.978 456.727 2 353.116 -250
1959 394.978 456.727 2 361.773 -250
1960 404.978 456.727 2 370.497 -250
1961 414.978 456.727 2 379.284 -250
1962 424.978 456.727 2 388.13 -250
1963 434.978 456.727 2 397.031 -250
1964 444.978 456.727 2 405.982 -250
1965 454.978 456.727 2 414.982 -250
1966 464.978 456.727 2 424.027 -118.017
1967 474.978 456.727 2 433.113 -124.389
1968 484.978 456.727 2 442.239 -250
1969 84.9784 466.727 2 188.768 -85.4185
1970 94.9784 466.727 2 189.267 -86.0307
1971 104.978 466.727 2 190.29 -80.221
1972 114.978 466.727 2 191.83 -250
1973 124.978 466.727 2 193.875 -250
1974 134.978 466.727 2 196.407 -250
1975 144.978 466.727 2 199.41 -250
1976 154.978 466.727 2 202.862 -122.752
1977 164.978 466.727 2 206.74 -250
1978 174.978 466.727 2 211.021 -250
1979 184.978 466.727 2 215.681 -250
1980 194.978 466.727 2 220.696 -250
1981 204.978 466.727 2 226.043 -250
1982 214.978 466.727 2 231.697 -250
1983 224.978 466.727 2 237.639 -108.914
1984 234.978 466.727 2 243.846 -250
1985 244.978 466.727 2 250.298 -250
1986 254.978 466.727 2 256.978 -250
1987 264.978 466.727 2 263.868 -250
1988 274.978 466.727 2 270.951 -109.806
1989 284.978 466.727 2 278.214 -100.81
1990 294.978 466.727 2 285.642 -101.845
1991 304.978 466.727 2 293.224 -211.22
1992 314.978 466.727 2 300.946 -250
1993 324.978 466.727 2 308.799 -250
1994 334.978 466.727 2 316.774 -250
1995 344.978 466.727 2 324.86 -250
1996 354.978 466.727 2 333.05 -250
1997 364.978 466.727 2 341.337 -250
1998 374.978 466.727 2 349.713 -250
1999 384.978 466.727 2 358.173 -250
2000 394.978 466.727 2 366.71 -250
2001 404.978 466.727 2 375.32 -250
2002 414.978 466.727 2 383.997 -250
2003 424.978 466.727 2 392.736 -250
2004 434.978 466.727 2 401.535 -250
2005 444.978 466.727 2 410.389 -250
2006 454.978 466.727 2 419.294 -250
2007 464.978 466.727 2 428.247 -124.912
2008 474.978 466.727 2 437.246 -129.817
2009 484.978 466.727 2 446.288 -250
2010 84.9784 476.727 2 198.571 -92.4839
2011 94.9784 476.727 2 199.045 -83.6572
2012 104.978 476.727 2 200.019 -89.8801
2013 114.978 476.727 2 201.484 -92.0149
2014 124.978 476.727 2 203.432 -119.506
2015 134.978 476.727 2 205.847 -108.142
2016 144.978 476.727 2 208.714 -123.548
2017 154.978 476.727 2 212.014 -104.501
2018 164.978 476.727 2 215.727 -114.525
2019 174.978 476.727 2 219.834 -101.469
2020 184.978 476.727 2 224.311 -109.279
2021 194.978 476.727 2 229.137 -119.519
2022 204.978 476.727 2 234.291 -118.808
2023 214.978 476.727 2 239.751 -115.795
2024 224.978 476.727 2 245.498 -107.972
2025 234.978 476.727 2 251.511 -112.088
2026 244.978 476.727 2 257.772 -136.787
2027 254.978 476.727 2 264.262 -119.913
2028 264.978 476.727 2 270.967 -110.157
2029 274.978 476.727 2 277.87 -106.874
2030 284.978 476.727 2 284.956 -105.216
2031 294.978 476.727 2 292.213 -103.712
2032 304.978 476.727 2 299.628 -250
2033 314.978 476.727 2 307.19 -250
2034 324.978 476.727 2 314.887 -250
2035 334.978 476.727 2 322.711 -250
2036 344.978 476.727 2 330.652 -250
2037 354.978 476.727 2 338.703 -250
2038 364.978 476.727 2 346.854 -250
2039 374.978 476.727 2 355.101 -250
2040 384.978 476.727 2 363.435 -250
2041 394.978 476.727 2 371.851 -250
2042 404.978 476.727 2 380.344 -250
2043 414.978 476.727 2 388.909 -250
2044 424.978 476.727 2 397.541 -250
2045 434.978 476.727 2 406.236 -250
2046 444.978 476.727 2 414.989 -250
2047 454.978 476.727 2 423.797 -250
2048 464.978 476.727 2 432.658 -131.994
2049 474.978 476.727 2 441.567 -129.466
2050 484.978 476.727 2 450.522 -250
2051 84.9784 486.727 2 208.393 -95.9667
2052 94.9784 486.727 2 208.844 -87.5602
2053 104.978 486.727 2 209.772 -82.5528
2054 114.978 486.727 2 211.17 -96.2835
2055 124.978 486.727 2 213.029 -114.671
2056 134.978 486.727 2 215.337 -119.28
2057 144.978 486.727 2 218.079 -104.615
2058 154.978 486.727 2 221.239 -109.773
2059 164.978 486.727 2 224.801 -109.504
2060 174.978 486.727 2 228.744 -112.723
2061 184.978 486.727 2 233.05 -111.275
2062 194.978 486.727 2 237.699 -115.503
2063 204.978 486.727 2 242.671 -122.697
2064 214.978 486.727 2 247.947 -119.107
2065 224.978 486.727 2 253.508 -127.706
2066 234.978 486.727 2 259.335 -109.222
2067 244.978 486.727 2 265.411 -109.416
2068 254.978 486.727 2 271.72 -103.914
2069 264.978 486.727 2 278.245 -108.42
2070 274.978 486.727 2 284.971 -106.695
2071 284.978 486.727 2 291.885 -107.877
2072 294.978 486.727 2 298.974 -115.93
2073 304.978 486.727 2 306.226 -103.824
2074 314.978 486.727 2 313.628 -127.095
2075 324.978 486.727 2 321.171 -123.01
2076 334.978 486.727 2 328.846 -109.194
2077 344.978 486.727 2 336.642 -136.762
2078 354.978 486.727 2 344.553 -133.662
2079 364.978 486.727 2 352.569 -141.051
2080 374.978 486.727 2 360.685 -141.943
2081 384.978 486.727 2 368.893 -138.796
2082 394.978 486.727 2 377.188 -124.169
2083 404.978 486.727 2 385.563 -144.74
2084 414.978 486.727 2 394.014 -146.711
2085 424.978 486.727 2 402.537 -142.241
2086 434.978 486.727 2 411.126 -158.478
2087 444.978 486.727 2 419.777 -148.208
2088 454.978 486.727 2 428.487 -144.844
2089 464.978 486.727 2 437.253 -137.428
2090 474.978 486.727 2 446.07 -136.835
2091 484.978 486.727 2 454.936 -139.381
2092 84.9784 496.727 2 218.23 -87.073
2093 94.9784 496.727 2 218.662 -82.7811
2094 104.978 496.727 2 219.548 -250
2095 114.978 496.727 2 220.884 -250
2096 124.978 496.727 2 222.662 -250
2097 134.978 496.727 2 224.871 -250
2098 144.978 496.727 2 227.498 -250
2099 154.978 496.727 2 230.53 -250
2100 164.978 496.727 2 233.949 -250
2101 174.978 496.727 2 237.741 -250
2102 184.978 496.727 2 241.887 -250
2103 194.978 496.727 2 246.369 -250
2104 204.978 496.727 2 251.17 -118.393
2105 214.978 496.727 2 256.271 -125.259
2106 224.978 496.727 2 261.655 -131.572
2107 234.978 496.727 2 267.305 -250
2108 244.978 496.727 2 273.204 -250
2109 254.978 496.727 2 279.336 -250
2110 264.978 496.727 2 285.687 -250
2111 274.978 496.727 2 292.242 -106.137
2112 284.978 496.727 2 298.989 -121.338
2113 294.978 496.727 2 305.913 -128.987
2114 304.978 496.727 2 313.003 -116.752
2115 314.978 496.727 2 320.249 -105.796
2116 324.978 496.727 2 327.64 -121.007
2117 334.978 496.727 2 335.166 -144.393
2118 344.978 496.727 2 342.819 -132.633
2119 354.978 496.727 2 350.59 -133.382
2120 364.978 496.727 2 358.472 -123.955
2121 374.978 496.727 2 366.457 -134.435
2122 384.978 496.727 2 374.538 -145.017
2123 394.978 496.727 2 382.711 -144.63
2124 404.978 496.727 2 390.968 -124.49
2125 414.978 496.727 2 399.305 -144.694
2126 424.978 496.727 2 407.717 -143.306
2127 434.978 496.727 2 416.199 -141.183
2128 444.978 496.727 2 424.747 -151.506
2129 454.978 496.727 2 433.357 -135.322
2130 464.978 496.727 2 442.026 -136.481
2131 474.978 496.727 2 450.75 -143.295
2132 484.978 496.727 2 459.526 -132.681
2133 84.9784 506.727 2 228.082 -84.4853
2134 94.9784 506.727 2 228.495 -82.6916
2135 104.978 506.727 2 229.344 -250
2136 114.978 506.727 2 230.623 -250
2137 124.978 506.727 2 232.326 -250
2138 134.978 506.727 2 234.444 -250
2139 144.978 506.727 2 236.965 -250
2140 154.978 506.727 2 239.877 -250
2141 164.978 506.727 2 243.165 -250
2142 174.978 506.727 2 246.815 -250
2143 184.978 506.727 2 250.811 -250
2144 194.978 506.727 2 255.137 -250
2145 204.978 506.727 2 259.775 -127.694
2146 214.978 506.727 2 264.711 -117.94
2147 224.978 506.727 2 269.926 -151.07
2148 234.978 506.727 2 275.407 -250
2149 244.978 506.727 2 281.136 -250
2150 254.978 506.727 2 287.099 -250
2151 264.978 506.727 2 293.282 -250
2152 274.978 506.727 2 299.671 -120.466
2153 284.978 506.727 2 306.253 -131.831
2154 294.978 506.727 2 313.017 -250
2155 304.978 506.727 2 319.95 -250
2156 314.978 506.727 2 327.042 -250
2157 324.978 506.727 2 334.283 -250
2158 334.978 506.727 2 341.663 -250
2159 344.978 506.727 2 349.173 -250
2160 354.978 506.727 2 356.806 -250
2161 364.978 506.727 2 364.553 -250
2162 374.978 506.727 2 372.408 -250
2163 384.978 506.727 2 380.363 -250
2164 394.978 506.727 2 388.413 -250
2165 404.978 506.727 2 396.551 -250
2166 414.978 506.727 2 404.773 -250
2167 424.978 506.727 2 413.074 -169.135
2168 434.978 506.727 2 421.448 -150.598
2169 444.978 506.727 2 429.892 -151.923
2170 454.978 506.727 2 438.401 -153.385
2171 464.978 506.727 2 446.972 -144.955
2172 474.978 506.727 2 455.601 -133.235
2173 484.978 506.727 2 464.285 -250
2174 84.9784 516.727 2 237.946 -87.7841
2175 94.9784 516.727 2 238.342 -84.8626
2176 104.978 516.727 2 239.156 -250
2177 114.978 516.727 2 240.383 -250
2178 124.978 516.727 2 242.017 -250
2179 134.978 516.727 2 244.051 -250
2180 144.978 516.727 2 246.474 -250
2181 154.978 516.727 2 249.275 -250
2182 164.978 516.727 2 252.441 -250
2183 174.978 516.727 2 255.959 -250
2184 184.978 516.727 2 259.814 -250
2185 194.978 516.727 2 263.992 -250
2186 204.978 516.727 2 268.478 -138.875
2187 214.978 516.727 2 273.256 -119.681
2188 224.978 516.727 2 278.311 -123.715
2189 234.978 516.727 2 283.63 -250
2190 244.978 516.727 2 289.196 -250
2191 254.978 516.727 2 294.996 -250
2192 264.978 516.727 2 301.017 -250
2193 274.978 516.727 2 307.245 -132.543
2194 284.978 516.727 2 313.669 -117.175
2195 294.978 516.727 2 320.276 -250
2196 304.978 516.727 2 327.055 -250
2197 314.978 516.727 2 333.996 -250
2198 324.978 516.727 2 341.09 -250
2199 334.978 516.727 2 348.325 -250
2200 344.978 516.727 2 355.695 -250
2201 354.978 516.727 2 363.191 -250
2202 364.978 516.727 2 370.805 -250
2203 374.978 516.727 2 378.529 -250
2204 384.978 516.727 2 386.359 -250
2205 394.978 516.727 2 394.286 -250
2206 404.978 516.727 2 402.306 -250
2207 414.978 516.727 2 410.413 -250
2208 424.978 516.727 2 418.601 -150.147
2209 434.978 516.727 2 426.867 -149.971
2210 444.978 516.727 2 435.206 -148.723
2211 454.978 516.727 2 443.613 -135.495
2212 464.978 516.727 2 452.085 -131.273
2213 474.978 516.727 2 460.618 -134.484
2214 484.978 516.727 2 469.21 -250
2215 84.9784 526.727 2 247.822 -83.2412
2216 94.9784 526.727 2 248.202 -83.69
2217 104.978 526.727 2 248.983 -250
2218 114.978 526.727 2 250.162 -250
2219 124.978 526.727 2 251.733 -250
2220 134.978 526.727 2 253.689 -250
2221 144.978 526.727 2 256.02 -250
2222 154.978 526.727 2 258.718 -250
2223 164.978 526.727 2 261.77 -250
2224 174.978 526.727 2 265.164 -250
2225 184.978 526.727 2 268.887 -250
2226 194.978 526.727 2 272.926 -250
2227 204.978 526.727 2 277.268 -137.047
2228 214.978 526.727 2 281.897 -117.436
2229 224.978 526.727 2 286.8 -131.309
2230 234.978 526.727 2 291.964 -250
2231 244.978 526.727 2 297.374 -250
2232 254.978 526.727 2 303.018 -250
2233 264.978 526.727 2 308.882 -250
2234 274.978 526.727 2 314.955 -126.483
2235 284.978 526.727 2 321.225 -126.834
2236 294.978 526.727 2 327.679 -250
2237 304.978 526.727 2 334.308 -250
2238 314.978 526.727 2 341.102 -250
2239 324.978 526.727 2 348.05 -250
2240 334.978 526.727 2 355.144 -250
2241 344.978 526.727 2 362.376 -250
2242 354.978 526.727 2 369.736 -250
2243 364.978 526.727 2 377.218 -250
2244 374.978 526.727 2 384.814 -250
2245 384.978 526.727 2 392.518 -250
2246 394.978 526.727 2 400.323 -250
2247 404.978 526.727 2 408.224 -250
2248 414.978 526.727 2 416.216 -250
2249 424.978 526.727 2 424.292 -158.196
2250 434.978 526.727 2 432.449 -136.452
2251 444.978 526.727 2 440.682 -136.091
2252 454.978 526.727 2 448.987 -147.984
2253 464.978 526.727 2 457.36 -141.153
2254 474.978 526.727 2 465.796 -130.834
2255 484.978 526.727 2 474.294 -250
2256 84.9784 536.727 2 257.706 -104.219
2257 94.9784 536.727 2 258.072 -88.8234
2258 104.978 536.727 2 258.823 -250
2259 114.978 536.727 2 259.958 -250
2260 124.978 536.727 2 261.47 -250
2261 134.978 536.727 2 263.353 -250
2262 144.978 536.727 2 265.6 -250
2263 154.978 536.727 2 268.201 -250
2264 164.978 536.727 2 271.147 -250
2265 174.978 536.727 2 274.425 -250
2266 184.978 536.727 2 278.024 -250
2267 194.978 536.727 2 281.932 -250
2268 204.978 536.727 2 286.137 -136.336
2269 214.978 536.727 2 290.625 -138.576
2270 224.978 536.727 2 295.383 -132.84
2271 234.978 536.727 2 300.399 -250
2272 244.978 536.727 2 305.66 -250
2273 254.978 536.727 2 311.154 -250
2274 264.978 536.727 2 316.868 -250
2275 274.978 536.727 2 322.791 -128.195
2276 284.978 536.727 2 328.911 -144.159
2277 294.978 536.727 2 335.217 -250
2278 304.978 536.727 2 341.7 -250
2279 314.978 536.727 2 348.35 -250
2280 324.978 536.727 2 355.157 -250
2281 334.978 536.727 2 362.111 -250
2282 344.978 536.727 2 369.206 -250
2283 354.978 536.727 2 376.433 -250
2284 364.978 536.727 2 383.784 -250
2285 374.978 536.727 2 391.253 -250
2286 384.978 536.727 2 398.832 -250
2287 394.978 536.727 2 406.516 -250
2288 404.978 536.727 2 414.299 -250
2289 414.978 536.727 2 422.176 -250
2290 424.978 536.727 2 430.141 -147.364
2291 434.978 536.727 2 438.189 -159.472
2292 444.978 536.727 2 446.316 -139.146
2293 454.978 536.727 2 454.518 -135.826
2294 464.978 536.727 2 462.79 -143.761
2295 474.978 536.727 2 471.13 -130.903
2296 484.978 536.727 2 479.533 -250
2297 84.9784 546.727 2 267.6 -82.5339
2298 94.9784 546.727 2 267.952 -87.0424
2299 104.978 546.727 2 268.676 -250
2300 114.978 546.727 2 269.768 -250
2301 124.978 546.727 2 271.226 -250
2302 134.978 546.727 2 273.042 -250
2303 144.978 546.727 2 275.21 -250
2304 154.978 546.727 2 277.721 -250
2305 164.978 546.727 2 280.566 -250
2306 174.978 546.727 2 283.736 -250
2307 184.978 546.727 2 287.218 -250
2308 194.978 546.727 2 291.003 -250
2309 204.978 546.727 2 295.079 -127.803
2310 214.978 546.727 2 299.433 -144.759
2311 224.978 546.727 2 304.053 -123.216
2312 234.978 546.727 2 308.929 -250
2313 244.978 546.727 2 314.047 -250
2314 254.978 546.727 2 319.396 -250
2315 264.978 546.727 2 324.965 -250
2316 274.978 546.727 2 330.743 -126.342
2317 284.978 546.727 2 336.718 -127.244
2318 294.978 546.727 2 342.881 -250
2319 304.978 546.727 2 349.222 -250
2320 314.978 546.727 2 355.731 -250
2321 324.978 546.727 2 362.399 -250
2322 334.978 546.727 2 369.218 -250
2323 344.978 546.727 2 376.178 -250
2324 354.978 546.727 2 383.274 -250
2325 364.978 546.727 2 390.496 -250
2326 374.978 546.727 2 397.839 -250
2327 384.978 546.727 2 405.295 -250
2328 394.978 546.727 2 412.859 -250
2329 404.978 546.727 2 420.525 -250
2330 414.978 546.727 2 428.287 -250
2331 424.978 546.727 2 436.14 -133.998
2332 434.978 546.727 2 444.079 -145.791
2333 444.978 546.727 2 452.101 -140.05
2334 454.978 546.727 2 460.199 -134.814
2335 464.978 546.727 2 468.372 -148.285
2336 474.978 546.727 2 476.613 -137.751
2337 484.978 546.727 2 484.922 -250
2338 84.9784 556.727 2 277.501 -82.5651
2339 94.9784 556.727 2 277.84 -83.7933
2340 104.978 556.727 2 278.538 -116.156
2341 114.978 556.727 2 279.593 -138.134
2342 124.978 556.727 2 280.999 -145.169
2343 134.978 556.727 2 282.753 -161.781
2344 144.978 556.727 2 284.846 -166.059
2345 154.978 556.727 2 287.273 -159.552
2346 164.978 556.727 2 290.025 -158.529
2347 174.978 556.727 2 293.092 -154.173
2348 184.978 556.727 2 296.465 -161.775
2349 194.978 556.727 2 300.133 -155.003
2350 204.978 556.727 2 304.086 -129.513
2351 214.978 556.727 2 308.313 -141.618
2352 224.978 556.727 2 312.802 -119.899
2353 234.978 556.727 2 317.543 -134.157
2354 244.978 556.727 2 322.525 -179.777
2355 254.978 556.727 2 327.736 -182.666
2356 264.978 556.727 2 333.166 -137.667
2357 274.978 556.727 2 338.803 -136.172
2358 284.978 556.727 2 344.639 -129.632
2359 294.978 556.727 2 350.663 -137.318
2360 304.978 556.727 2 356.866 -169.133
2361 314.978 556.727 2 363.238 -164.215
2362 324.978 556.727 2 369.77 -151.299
2363 334.978 556.727 2 376.455 -151.718
2364 344.978 556.727 2 383.285 -158.474
2365 354.978 556.727 2 390.251 -186.331
2366 364.978 556.727 2 397.346 -187.767
2367 374.978 556.727 2 404.565 -189.388
2368 384.978 556.727 2 411.899 -191.201
2369 394.978 556.727 2 419.344 -250
2370 404.978 556.727 2 426.893 -250
2371 414.978 556.727 2 434.542 -250
2372 424.978 556.727 2 442.284 -137.992
2373 434.978 556.727 2 450.115 -148.615
2374 444.978 556.727 2 458.031 -132.566
2375 454.978 556.727 2 466.026 -137.044
2376 464.978 556.727 2 474.098 -135.902
2377 474.978 556.727 2 482.242 -131.63
2378 484.978 556.727 2 490.455 -177.184
2379 84.9784 566.727 2 287.408 -83.5265
2380 94.9784 566.727 2 287.736 -92.6119
2381 104.978 566.727 2 288.41 -103.397
2382 114.978 566.727 2 289.429 -131.214
2383 124.978 566.727 2 290.788 -139.404
2384 134.978 566.727 2 292.483 -148.73
2385 144.978 566.727 2 294.507 -146.246
2386 154.978 566.727 2 296.855 -147.932
2387 164.978 566.727 2 299.519 -157.338
2388 174.978 566.727 2 302.49 -152.372
2389 184.978 566.727 2 305.759 -131.336
2390 194.978 566.727 2 309.317 -136.382
2391 204.978 566.727 2 313.154 -131.09
2392 214.978 566.727 2 317.26 -133.539
2393 224.978 566.727 2 321.625 -138.865
2394 234.978 566.727 2 326.237 -136.601
2395 244.978 566.727 2 331.088 -138.127
2396 254.978 566.727 2 336.166 -138.156
2397 264.978 566.727 2 341.462 -142.057
2398 274.978 566.727 2 346.965 -131.152
2399 284.978 566.727 2 352.666 -128.532
2400 294.978 566.727 2 358.555 -128.878
2401 304.978 566.727 2 364.623 -139.588
2402 314.978 566.727 2 370.862 -145.112
2403 324.978 566.727 2 377.263 -151.25
2404 334.978 566.727 2 383.817 -148.515
2405 344.978 566.727 2 390.518 -155.273
2406 354.978 566.727 2 397.357 -150.938
2407 364.978 566.727 2 404.328 -148.387
2408 374.978 566.727 2 411.424 -173.815
2409 384.978 566.727 2 418.638 -175.02
2410 394.978 566.727 2 425.965 -176.365
2411 404.978 566.727 2 433.399 -177.859
2412 414.978 566.727 2 440.935 -146.018
2413 424.978 566.727 2 448.567 -148.785
2414 434.978 566.727 2 456.29 -139.292
2415 444.978 566.727 2 464.1 -142.025
2416 454.978 566.727 2 471.993 -132.648
2417 464.978 566.727 2 479.965 -135.746
2418 474.978 566.727 2 488.011 -133.585
2419 484.978 566.727 2 496.128 -141.391
2420 84.9784 576.727 2 297.322 -84.0551
2421 94.9784 576.727 2 297.639 -83.9567
2422 104.978 576.727 2 298.291 -96.8074
2423 114.978 576.727 2 299.276 -125.984
2424 124.978 576.727 2 300.59 -133.061
2425 134.978 576.727 2 302.23 -136.848
2426 144.978 576.727 2 304.19 -148.761
2427 154.978 576.727 2 306.464 -142.246
2428 164.978 576.727 2 309.044 -143.447
2429 174.978 576.727 2 311.925 -131.266
2430 184.978 576.727 2 315.096 -138.083
2431 194.978 576.727 2 318.55 -140.096
2432 204.978 576.727 2 322.277 -126.823
2433 214.978 576.727 2 326.268 -130.14
2434 224.978 576.727 2 330.514 -135.461
2435 234.978 576.727 2 335.004 -132.073
2436 244.978 576.727 2 339.73 -132.762
2437 254.978 576.727 2 344.681 -125.953
2438 264.978 576.727 2 349.848 -135.019
2439 274.978 576.727 2 355.221 -131.205
2440 284.978 576.727 2 360.791 -130.475
2441 294.978 576.727 2 366.55 -145.316
2442 304.978 576.727 2 372.488 -128.191
2443 314.978 576.727 2 378.597 -137.331
2444 324.978 576.727 2 384.869 -154.599
2445 334.978 576.727 2 391.296 -154.182
2446 344.978 576.727 2 397.871 -148.908
2447 354.978 576.727 2 404.586 -148.831
2448 364.978 576.727 2 411.434 -153.194
2449 374.978 576.727 2 418.41 -158.561
2450 384.978 576.727 2 425.506 -169.876
2451 394.978 576.727 2 432.717 -171.174
2452 404.978 576.727 2 440.036 -128.939
2453 414.978 576.727 2 447.46 -140.694
2454 424.978 576.727 2 454.982 -147.757
2455 434.978 576.727 2 462.599 -151.471
2456 444.978 576.727 2 470.304 -150.37
2457 454.978 576.727 2 478.095 -143.942
2458 464.978 576.727 2 485.966 -145.476
2459 474.978 576.727 2 493.914 -136.672
2460 484.978 576.727 2 501.936 -142.399
2461 84.9784 586.727 2 307.242 -90.1894
2462 94.9784 586.727 2 307.549 -89.6376
2463 104.978 586.727 2 308.18 -93.9941
2464 114.978 586.727 2 309.133 -125.08
2465 124.978 586.727 2 310.406 -133.821
2466 134.978 586.727 2 311.994 -135.407
2467 144.978 586.727 2 313.893 -136.969
2468 154.978 586.727 2 316.097 -141
2469 164.978 586.727 2 318.599 -127.545
2470 174.978 586.727 2 321.394 -132.773
2471 184.978 586.727 2 324.473 -133.942
2472 194.978 586.727 2 327.828 -140.273
2473 204.978 586.727 2 331.451 -134.991
2474 214.978 586.727 2 335.333 -131.695
2475 224.978 586.727 2 339.465 -131.167
2476 234.978 586.727 2 343.838 -129.022
2477 244.978 586.727 2 348.444 -128.777
2478 254.978 586.727 2 353.273 -129.873
2479 264.978 586.727 2 358.316 -136.261
2480 274.978 586.727 2 363.564 -130.562
2481 284.978 586.727 2 369.009 -142.562
2482 294.978 586.727 2 374.641 -135.731
2483 304.978 586.727 2 380.453 -137.368
2484 314.978 586.727 2 386.436 -126.426
2485 324.978 586.727 2 392.583 -136.514
2486 334.978 586.727 2 398.886 -146.352
2487 344.978 586.727 2 405.337 -147.133
2488 354.978 586.727 2 411.93 -151.043
2489 364.978 586.727 2 418.659 -149.159
2490 374.978 586.727 2 425.516 -147.303
2491 384.978 586.727 2 432.495 -166.807
2492 394.978 586.727 2 439.591 -127.73
2493 404.978 586.727 2 446.799 -143.056
2494 414.978 586.727 2 454.112 -157.23
2495 424.978 586.727 2 461.526 -141.897
2496 434.978 586.727 2 469.036 -156.896
2497 444.978 586.727 2 476.637 -146.432
2498 454.978 586.727 2 484.326 -139.05
2499 464.978 586.727 2 492.098 -146.339
2500 474.978 586.727 2 499.948 -136.259
2501 484.978 586.727 2 507.875 -137.17
