# <Transmitter Set: Tx: 19 tx_ant_grid_80_m - Point 17> 
# <Receiver Set: Rx: 17 rx_ant_grid> 
# <X(m)> <Y(m)> <Z(m)> <Distance(m)> <PathGain(dB)>
1 84.9784 -13.2734 2 319.893 -90.7524
2 94.9784 -13.2734 2 317.049 -90.7095
3 104.978 -13.2734 2 314.498 -90.7684
4 114.978 -13.2734 2 312.245 -90.7504
5 124.978 -13.2734 2 310.299 -130.04
6 134.978 -13.2734 2 308.665 -89.6879
7 144.978 -13.2734 2 307.348 -90.8268
8 154.978 -13.2734 2 306.351 -90.9336
9 164.978 -13.2734 2 305.679 -91.1453
10 174.978 -13.2734 2 305.333 -91.4112
11 184.978 -13.2734 2 305.314 -92.7856
12 194.978 -13.2734 2 305.622 -118.417
13 204.978 -13.2734 2 306.257 -123.423
14 214.978 -13.2734 2 307.217 -109.673
15 224.978 -13.2734 2 308.497 -119.201
16 234.978 -13.2734 2 310.095 -116.623
17 244.978 -13.2734 2 312.006 -126.006
18 254.978 -13.2734 2 314.223 -115.261
19 264.978 -13.2734 2 316.74 -117.294
20 274.978 -13.2734 2 319.551 -99.6154
21 284.978 -13.2734 2 322.647 -103.1
22 294.978 -13.2734 2 326.021 -90.2765
23 304.978 -13.2734 2 329.664 -120.265
24 314.978 -13.2734 2 333.567 -104.69
25 324.978 -13.2734 2 337.721 -110.104
26 334.978 -13.2734 2 342.117 -124.837
27 344.978 -13.2734 2 346.745 -125.331
28 354.978 -13.2734 2 351.597 -118.273
29 364.978 -13.2734 2 356.664 -110.516
30 374.978 -13.2734 2 361.936 -125.134
31 384.978 -13.2734 2 367.405 -108.289
32 394.978 -13.2734 2 373.061 -104.843
33 404.978 -13.2734 2 378.897 -103.117
34 414.978 -13.2734 2 384.905 -97.011
35 424.978 -13.2734 2 391.076 -96.6353
36 434.978 -13.2734 2 397.402 -94.2526
37 444.978 -13.2734 2 403.878 -91.9795
38 454.978 -13.2734 2 410.494 -118.058
39 464.978 -13.2734 2 417.246 -110.532
40 474.978 -13.2734 2 424.126 -122.059
41 484.978 -13.2734 2 431.128 -144.549
42 84.9784 -3.2734 2 310.691 -91.1258
43 94.9784 -3.2734 2 307.762 -91.0216
44 104.978 -3.2734 2 305.132 -91.1662
45 114.978 -3.2734 2 302.81 -91.0539
46 124.978 -3.2734 2 300.803 -140.058
47 134.978 -3.2734 2 299.117 -92.3325
48 144.978 -3.2734 2 297.758 -90.9135
49 154.978 -3.2734 2 296.729 -88.8104
50 164.978 -3.2734 2 296.035 -89.2825
51 174.978 -3.2734 2 295.677 -90.745
52 184.978 -3.2734 2 295.658 -90.2561
53 194.978 -3.2734 2 295.976 -127.145
54 204.978 -3.2734 2 296.632 -125.807
55 214.978 -3.2734 2 297.622 -127.741
56 224.978 -3.2734 2 298.944 -125.218
57 234.978 -3.2734 2 300.593 -126.015
58 244.978 -3.2734 2 302.563 -127.888
59 254.978 -3.2734 2 304.849 -131.847
60 264.978 -3.2734 2 307.443 -116.342
61 274.978 -3.2734 2 310.338 -99.2007
62 284.978 -3.2734 2 313.526 -96.9953
63 294.978 -3.2734 2 316.997 -127.738
64 304.978 -3.2734 2 320.742 -142.61
65 314.978 -3.2734 2 324.752 -132.3
66 324.978 -3.2734 2 329.017 -142.943
67 334.978 -3.2734 2 333.528 -140.205
68 344.978 -3.2734 2 338.274 -109.292
69 354.978 -3.2734 2 343.246 -145.222
70 364.978 -3.2734 2 348.434 -144.045
71 374.978 -3.2734 2 353.829 -141.636
72 384.978 -3.2734 2 359.421 -144.475
73 394.978 -3.2734 2 365.201 -112.924
74 404.978 -3.2734 2 371.161 -115.697
75 414.978 -3.2734 2 377.291 -101.458
76 424.978 -3.2734 2 383.585 -97.2901
77 434.978 -3.2734 2 390.033 -91.8936
78 444.978 -3.2734 2 396.628 -142.755
79 454.978 -3.2734 2 403.364 -158.42
80 464.978 -3.2734 2 410.233 -153.756
81 474.978 -3.2734 2 417.228 -114.275
82 484.978 -3.2734 2 424.344 -119.75
83 84.9784 6.7266 2 301.539 -90.5973
84 94.9784 6.7266 2 298.52 -90.698
85 104.978 6.7266 2 295.809 -90.4389
86 114.978 6.7266 2 293.413 -89.9968
87 124.978 6.7266 2 291.341 -250
88 134.978 6.7266 2 289.6 -89.5537
89 144.978 6.7266 2 288.196 -88.8804
90 154.978 6.7266 2 287.133 -101.575
91 164.978 6.7266 2 286.415 -103.449
92 174.978 6.7266 2 286.046 -100.418
93 184.978 6.7266 2 286.025 -104.071
94 194.978 6.7266 2 286.355 -132.997
95 204.978 6.7266 2 287.032 -135.289
96 214.978 6.7266 2 288.056 -134.953
97 224.978 6.7266 2 289.421 -141.646
98 234.978 6.7266 2 291.124 -141.769
99 244.978 6.7266 2 293.158 -138.536
100 254.978 6.7266 2 295.516 -156.594
101 264.978 6.7266 2 298.192 -135.268
102 274.978 6.7266 2 301.176 -103.112
103 284.978 6.7266 2 304.459 -88.5652
104 294.978 6.7266 2 308.032 -250
105 304.978 6.7266 2 311.885 -250
106 314.978 6.7266 2 316.008 -250
107 324.978 6.7266 2 320.389 -250
108 334.978 6.7266 2 325.02 -250
109 344.978 6.7266 2 329.888 -250
110 354.978 6.7266 2 334.985 -250
111 364.978 6.7266 2 340.299 -250
112 374.978 6.7266 2 345.82 -250
113 384.978 6.7266 2 351.54 -250
114 394.978 6.7266 2 357.447 -112.979
115 404.978 6.7266 2 363.534 -107.465
116 414.978 6.7266 2 369.791 -117.421
117 424.978 6.7266 2 376.21 -102.402
118 434.978 6.7266 2 382.783 -91.9081
119 444.978 6.7266 2 389.501 -250
120 454.978 6.7266 2 396.358 -250
121 464.978 6.7266 2 403.346 -250
122 474.978 6.7266 2 410.459 -107.096
123 484.978 6.7266 2 417.69 -130.195
124 84.9784 16.7266 2 292.443 -90.6139
125 94.9784 16.7266 2 289.329 -90.3901
126 104.978 16.7266 2 286.531 -89.7859
127 114.978 16.7266 2 284.057 -89.6192
128 124.978 16.7266 2 281.916 -250
129 134.978 16.7266 2 280.116 -89.2024
130 144.978 16.7266 2 278.664 -90.2649
131 154.978 16.7266 2 277.565 -114.079
132 164.978 16.7266 2 276.822 -118.224
133 174.978 16.7266 2 276.44 -105.613
134 184.978 16.7266 2 276.419 -111.237
135 194.978 16.7266 2 276.76 -250
136 204.978 16.7266 2 277.461 -250
137 214.978 16.7266 2 278.519 -250
138 224.978 16.7266 2 279.931 -250
139 234.978 16.7266 2 281.691 -250
140 244.978 16.7266 2 283.793 -250
141 254.978 16.7266 2 286.229 -250
142 264.978 16.7266 2 288.99 -139.424
143 274.978 16.7266 2 292.068 -105.417
144 284.978 16.7266 2 295.453 -87.7639
145 294.978 16.7266 2 299.134 -250
146 304.978 16.7266 2 303.1 -250
147 314.978 16.7266 2 307.34 -250
148 324.978 16.7266 2 311.843 -106.829
149 334.978 16.7266 2 316.599 -97.2017
150 344.978 16.7266 2 321.595 -250
151 354.978 16.7266 2 326.821 -250
152 364.978 16.7266 2 332.265 -250
153 374.978 16.7266 2 337.918 -250
154 384.978 16.7266 2 343.769 -101.888
155 394.978 16.7266 2 349.808 -109.455
156 404.978 16.7266 2 356.026 -106.053
157 414.978 16.7266 2 362.412 -119.723
158 424.978 16.7266 2 368.96 -102.064
159 434.978 16.7266 2 375.659 -99.8518
160 444.978 16.7266 2 382.502 -250
161 454.978 16.7266 2 389.483 -250
162 464.978 16.7266 2 396.592 -250
163 474.978 16.7266 2 403.824 -112.278
164 484.978 16.7266 2 411.172 -109.431
165 84.9784 26.7266 2 283.407 -89.4977
166 94.9784 26.7266 2 280.193 -89.4116
167 104.978 26.7266 2 277.303 -89.5145
168 114.978 26.7266 2 274.746 -90.2085
169 124.978 26.7266 2 272.532 -93.0995
170 134.978 26.7266 2 270.67 -90.4871
171 144.978 26.7266 2 269.167 -91.6113
172 154.978 26.7266 2 268.028 -128.513
173 164.978 26.7266 2 267.26 -142.465
174 174.978 26.7266 2 266.864 -114.871
175 184.978 26.7266 2 266.842 -149.024
176 194.978 26.7266 2 267.195 -250
177 204.978 26.7266 2 267.921 -250
178 214.978 26.7266 2 269.017 -250
179 224.978 26.7266 2 270.478 -250
180 234.978 26.7266 2 272.3 -250
181 244.978 26.7266 2 274.473 -250
182 254.978 26.7266 2 276.991 -250
183 264.978 26.7266 2 279.844 -113.188
184 274.978 26.7266 2 283.021 -103.914
185 284.978 26.7266 2 286.513 -98.8129
186 294.978 26.7266 2 290.307 -250
187 304.978 26.7266 2 294.392 -250
188 314.978 26.7266 2 298.756 -102.988
189 324.978 26.7266 2 303.387 -105.497
190 334.978 26.7266 2 308.272 -92.7656
191 344.978 26.7266 2 313.401 -104.613
192 354.978 26.7266 2 318.761 -99.12
193 364.978 26.7266 2 324.341 -250
194 374.978 26.7266 2 330.13 -250
195 384.978 26.7266 2 336.116 -130.963
196 394.978 26.7266 2 342.29 -115.921
197 404.978 26.7266 2 348.642 -111.816
198 414.978 26.7266 2 355.162 -111.84
199 424.978 26.7266 2 361.84 -103.807
200 434.978 26.7266 2 368.669 -107.414
201 444.978 26.7266 2 375.64 -106.124
202 454.978 26.7266 2 382.745 -250
203 464.978 26.7266 2 389.977 -250
204 474.978 26.7266 2 397.329 -115.485
205 484.978 26.7266 2 404.795 -110.117
206 84.9784 36.7266 2 274.439 -90.2154
207 94.9784 36.7266 2 271.119 -90.5683
208 104.978 36.7266 2 268.13 -90.6429
209 114.978 36.7266 2 265.485 -89.4641
210 124.978 36.7266 2 263.193 -86.3678
211 134.978 36.7266 2 261.265 -89.2425
212 144.978 36.7266 2 259.707 -88.4619
213 154.978 36.7266 2 258.527 -116.42
214 164.978 36.7266 2 257.73 -131.715
215 174.978 36.7266 2 257.319 -123.162
216 184.978 36.7266 2 257.297 -122.188
217 194.978 36.7266 2 257.663 -124.525
218 204.978 36.7266 2 258.416 -130.598
219 214.978 36.7266 2 259.552 -103.956
220 224.978 36.7266 2 261.066 -250
221 234.978 36.7266 2 262.953 -250
222 244.978 36.7266 2 265.203 -250
223 254.978 36.7266 2 267.808 -250
224 264.978 36.7266 2 270.757 -105.568
225 274.978 36.7266 2 274.04 -107.805
226 284.978 36.7266 2 277.644 -117.689
227 294.978 36.7266 2 281.558 -250
228 304.978 36.7266 2 285.768 -250
229 314.978 36.7266 2 290.262 -108.501
230 324.978 36.7266 2 295.026 -97.5501
231 334.978 36.7266 2 300.048 -100.228
232 344.978 36.7266 2 305.315 -98.3164
233 354.978 36.7266 2 310.815 -100.572
234 364.978 36.7266 2 316.535 -98.6485
235 374.978 36.7266 2 322.464 -118.153
236 384.978 36.7266 2 328.59 -250
237 394.978 36.7266 2 334.903 -250
238 404.978 36.7266 2 341.392 -95.6133
239 414.978 36.7266 2 348.047 -102.057
240 424.978 36.7266 2 354.859 -103.121
241 434.978 36.7266 2 361.82 -111.28
242 444.978 36.7266 2 368.92 -113.071
243 454.978 36.7266 2 376.152 -250
244 464.978 36.7266 2 383.509 -250
245 474.978 36.7266 2 390.983 -106.857
246 484.978 36.7266 2 398.568 -122.791
247 84.9784 46.7266 2 265.544 -90.6854
248 94.9784 46.7266 2 262.111 -88.6952
249 104.978 46.7266 2 259.019 -88.3882
250 114.978 46.7266 2 256.28 -88.6568
251 124.978 46.7266 2 253.905 -88.0339
252 134.978 46.7266 2 251.905 -87.9999
253 144.978 46.7266 2 250.289 -88.665
254 154.978 46.7266 2 249.065 -250
255 164.978 46.7266 2 248.237 -250
256 174.978 46.7266 2 247.811 -250
257 184.978 46.7266 2 247.788 -250
258 194.978 46.7266 2 248.168 -250
259 204.978 46.7266 2 248.949 -112.544
260 214.978 46.7266 2 250.128 -97.8733
261 224.978 46.7266 2 251.699 -108.252
262 234.978 46.7266 2 253.655 -112.951
263 244.978 46.7266 2 255.987 -106.753
264 254.978 46.7266 2 258.685 -93.842
265 264.978 46.7266 2 261.737 -93.8779
266 274.978 46.7266 2 265.132 -116.832
267 284.978 46.7266 2 268.856 -107.124
268 294.978 46.7266 2 272.896 -250
269 304.978 46.7266 2 277.237 -250
270 314.978 46.7266 2 281.867 -250
271 324.978 46.7266 2 286.771 -250
272 334.978 46.7266 2 291.935 -250
273 344.978 46.7266 2 297.346 -250
274 354.978 46.7266 2 302.99 -250
275 364.978 46.7266 2 308.855 -117.951
276 374.978 46.7266 2 314.928 -112.784
277 384.978 46.7266 2 321.198 -250
278 394.978 46.7266 2 327.653 -250
279 404.978 46.7266 2 334.283 -108.455
280 414.978 46.7266 2 341.077 -103.087
281 424.978 46.7266 2 348.026 -101.902
282 434.978 46.7266 2 355.121 -118.861
283 444.978 46.7266 2 362.352 -124.71
284 454.978 46.7266 2 369.713 -250
285 464.978 46.7266 2 377.195 -250
286 474.978 46.7266 2 384.792 -137.457
287 484.978 46.7266 2 392.496 -110.646
288 84.9784 56.7266 2 256.731 -88.4534
289 94.9784 56.7266 2 253.178 -93.2951
290 104.978 56.7266 2 249.976 -93.1862
291 114.978 56.7266 2 247.136 -92.7249
292 124.978 56.7266 2 244.673 -89.5741
293 134.978 56.7266 2 242.597 -90.0835
294 144.978 56.7266 2 240.919 -89.419
295 154.978 56.7266 2 239.646 -250
296 164.978 56.7266 2 238.786 -250
297 174.978 56.7266 2 238.343 -250
298 184.978 56.7266 2 238.318 -250
299 194.978 56.7266 2 238.714 -250
300 204.978 56.7266 2 239.526 -107.4
301 214.978 56.7266 2 240.751 -94.9026
302 224.978 56.7266 2 242.383 -95.8263
303 234.978 56.7266 2 244.414 -106.746
304 244.978 56.7266 2 246.833 -101.184
305 254.978 56.7266 2 249.63 -100.318
306 264.978 56.7266 2 252.791 -96.6922
307 274.978 56.7266 2 256.305 -94.2667
308 284.978 56.7266 2 260.155 -113.315
309 294.978 56.7266 2 264.327 -250
310 304.978 56.7266 2 268.807 -250
311 314.978 56.7266 2 273.58 -250
312 324.978 56.7266 2 278.63 -250
313 334.978 56.7266 2 283.942 -250
314 344.978 56.7266 2 289.502 -250
315 354.978 56.7266 2 295.296 -250
316 364.978 56.7266 2 301.311 -106.705
317 374.978 56.7266 2 307.533 -108.703
318 384.978 56.7266 2 313.951 -250
319 394.978 56.7266 2 320.552 -250
320 404.978 56.7266 2 327.326 -119.071
321 414.978 56.7266 2 334.262 -126.272
322 424.978 56.7266 2 341.349 -114.119
323 434.978 56.7266 2 348.58 -118.09
324 444.978 56.7266 2 355.944 -104.188
325 454.978 56.7266 2 363.435 -250
326 464.978 56.7266 2 371.043 -250
327 474.978 56.7266 2 378.763 -116.397
328 484.978 56.7266 2 386.588 -122.732
329 84.9784 66.7266 2 248.008 -89.6121
330 94.9784 66.7266 2 244.328 -102.922
331 104.978 66.7266 2 241.008 -113.056
332 114.978 66.7266 2 238.062 -115.643
333 124.978 66.7266 2 235.503 -108.688
334 134.978 66.7266 2 233.346 -88.43
335 144.978 66.7266 2 231.6 -86.8501
336 154.978 66.7266 2 230.276 -127.059
337 164.978 66.7266 2 229.381 -113.34
338 174.978 66.7266 2 228.92 -131.489
339 184.978 66.7266 2 228.895 -86.7814
340 194.978 66.7266 2 229.306 -100.522
341 204.978 66.7266 2 230.151 -106.561
342 214.978 66.7266 2 231.426 -100.131
343 224.978 66.7266 2 233.124 -101.734
344 234.978 66.7266 2 235.234 -97.4953
345 244.978 66.7266 2 237.747 -110.81
346 254.978 66.7266 2 240.649 -99.2913
347 264.978 66.7266 2 243.927 -95.0807
348 274.978 66.7266 2 247.566 -94.1227
349 284.978 66.7266 2 251.55 -97.5318
350 294.978 66.7266 2 255.863 -108.88
351 304.978 66.7266 2 260.489 -96.2383
352 314.978 66.7266 2 265.411 -89.8274
353 324.978 66.7266 2 270.613 -96.947
354 334.978 66.7266 2 276.08 -90.6659
355 344.978 66.7266 2 281.795 -86.6032
356 354.978 66.7266 2 287.744 -95.9131
357 364.978 66.7266 2 293.914 -103.325
358 374.978 66.7266 2 300.29 -100.829
359 384.978 66.7266 2 306.859 -98.1327
360 394.978 66.7266 2 313.609 -109.7
361 404.978 66.7266 2 320.53 -117.879
362 414.978 66.7266 2 327.609 -105.88
363 424.978 66.7266 2 334.838 -119.877
364 434.978 66.7266 2 342.206 -107.144
365 444.978 66.7266 2 349.704 -106.395
366 454.978 66.7266 2 357.326 -106.597
367 464.978 66.7266 2 365.062 -125.541
368 474.978 66.7266 2 372.906 -113.913
369 484.978 66.7266 2 380.851 -112.452
370 84.9784 76.7266 2 239.384 -89.7225
371 94.9784 76.7266 2 235.57 -102.696
372 104.978 76.7266 2 232.125 -133.761
373 114.978 76.7266 2 229.064 -125.441
374 124.978 76.7266 2 226.404 -98.3188
375 134.978 76.7266 2 224.159 -85.6893
376 144.978 76.7266 2 222.342 -89.3002
377 154.978 76.7266 2 220.962 -105.413
378 164.978 76.7266 2 220.029 -107
379 174.978 76.7266 2 219.548 -101.801
380 184.978 76.7266 2 219.522 -86.5713
381 194.978 76.7266 2 219.95 -100.668
382 204.978 76.7266 2 220.832 -109.514
383 214.978 76.7266 2 222.16 -99.4315
384 224.978 76.7266 2 223.928 -105.349
385 234.978 76.7266 2 226.124 -96.7975
386 244.978 76.7266 2 228.737 -108.394
387 254.978 76.7266 2 231.752 -110.608
388 264.978 76.7266 2 235.154 -94.7688
389 274.978 76.7266 2 238.927 -93.237
390 284.978 76.7266 2 243.053 -95.6796
391 294.978 76.7266 2 247.514 -106.297
392 304.978 76.7266 2 252.292 -88.6963
393 314.978 76.7266 2 257.371 -88.4655
394 324.978 76.7266 2 262.733 -87.6153
395 334.978 76.7266 2 268.36 -87.3595
396 344.978 76.7266 2 274.236 -97.6353
397 354.978 76.7266 2 280.346 -98.9888
398 364.978 76.7266 2 286.675 -101.329
399 374.978 76.7266 2 293.208 -116.964
400 384.978 76.7266 2 299.932 -100.031
401 394.978 76.7266 2 306.835 -97.6426
402 404.978 76.7266 2 313.905 -105.438
403 414.978 76.7266 2 321.131 -113.142
404 424.978 76.7266 2 328.502 -104.91
405 434.978 76.7266 2 336.009 -111.712
406 444.978 76.7266 2 343.643 -127.517
407 454.978 76.7266 2 351.395 -131.015
408 464.978 76.7266 2 359.259 -144.293
409 474.978 76.7266 2 367.227 -113.866
410 484.978 76.7266 2 375.292 -109.366
411 84.9784 86.7266 2 230.872 -87.5685
412 94.9784 86.7266 2 226.915 -88.8512
413 104.978 86.7266 2 223.336 -250
414 114.978 86.7266 2 220.153 -250
415 124.978 86.7266 2 217.384 -250
416 134.978 86.7266 2 215.045 -96.995
417 144.978 86.7266 2 213.15 -93.6626
418 154.978 86.7266 2 211.71 -250
419 164.978 86.7266 2 210.736 -250
420 174.978 86.7266 2 210.234 -250
421 184.978 86.7266 2 210.206 -86.7389
422 194.978 86.7266 2 210.654 -98.6967
423 204.978 86.7266 2 211.574 -124.531
424 214.978 86.7266 2 212.961 -91.7744
425 224.978 86.7266 2 214.804 -250
426 234.978 86.7266 2 217.092 -250
427 244.978 86.7266 2 219.813 -250
428 254.978 86.7266 2 222.949 -102.453
429 264.978 86.7266 2 226.483 -97.797
430 274.978 86.7266 2 230.398 -99.95
431 284.978 86.7266 2 234.673 -96.1681
432 294.978 86.7266 2 239.291 -94.7751
433 304.978 86.7266 2 244.23 -90.734
434 314.978 86.7266 2 249.473 -85.8217
435 324.978 86.7266 2 255.001 -88.6718
436 334.978 86.7266 2 260.795 -92.6294
437 344.978 86.7266 2 266.838 -97.4244
438 354.978 86.7266 2 273.113 -95.4766
439 364.978 86.7266 2 279.606 -96.6771
440 374.978 86.7266 2 286.3 -96.7441
441 384.978 86.7266 2 293.183 -250
442 394.978 86.7266 2 300.241 -250
443 404.978 86.7266 2 307.463 -250
444 414.978 86.7266 2 314.836 -100.174
445 424.978 86.7266 2 322.351 -105.123
446 434.978 86.7266 2 329.998 -125.056
447 444.978 86.7266 2 337.768 -250
448 454.978 86.7266 2 345.653 -250
449 464.978 86.7266 2 353.644 -250
450 474.978 86.7266 2 361.736 -111.962
451 484.978 86.7266 2 369.921 -130.397
452 84.9784 96.7266 2 222.484 -90.4116
453 94.9784 96.7266 2 218.374 -88.3235
454 104.978 96.7266 2 214.653 -97.7501
455 114.978 96.7266 2 211.339 -97.6119
456 124.978 96.7266 2 208.453 -101.07
457 134.978 96.7266 2 206.013 -103.732
458 144.978 96.7266 2 204.034 -111.394
459 154.978 96.7266 2 202.53 -250
460 164.978 96.7266 2 201.511 -250
461 174.978 96.7266 2 200.986 -250
462 184.978 96.7266 2 200.957 -88.7071
463 194.978 96.7266 2 201.426 -250
464 204.978 96.7266 2 202.388 -250
465 214.978 96.7266 2 203.836 -250
466 224.978 96.7266 2 205.761 -250
467 234.978 96.7266 2 208.149 -250
468 244.978 96.7266 2 210.985 -250
469 254.978 96.7266 2 214.25 -250
470 264.978 96.7266 2 217.926 -250
471 274.978 96.7266 2 221.991 -94.0137
472 284.978 96.7266 2 226.426 -95.0142
473 294.978 96.7266 2 231.208 -86.2203
474 304.978 96.7266 2 236.317 -84.9784
475 314.978 96.7266 2 241.731 -89.3593
476 324.978 96.7266 2 247.432 -89.3269
477 334.978 96.7266 2 253.399 -113.262
478 344.978 96.7266 2 259.614 -107.342
479 354.978 96.7266 2 266.06 -113.307
480 364.978 96.7266 2 272.72 -109.119
481 374.978 96.7266 2 279.58 -107.615
482 384.978 96.7266 2 286.624 -250
483 394.978 96.7266 2 293.84 -250
484 404.978 96.7266 2 301.215 -250
485 414.978 96.7266 2 308.737 -121.553
486 424.978 96.7266 2 316.397 -108.058
487 434.978 96.7266 2 324.185 -122.849
488 444.978 96.7266 2 332.091 -250
489 454.978 96.7266 2 340.107 -250
490 464.978 96.7266 2 348.226 -250
491 474.978 96.7266 2 356.44 -108.906
492 484.978 96.7266 2 364.744 -116.697
493 84.9784 106.727 2 214.233 -87.2344
494 94.9784 106.727 2 209.963 -86.5893
495 104.978 106.727 2 206.09 -96.026
496 114.978 106.727 2 202.636 -94.5362
497 124.978 106.727 2 199.624 -96.5806
498 134.978 106.727 2 197.075 -122.522
499 144.978 106.727 2 195.005 -118.75
500 154.978 106.727 2 193.43 -250
501 164.978 106.727 2 192.364 -250
502 174.978 106.727 2 191.813 -250
503 184.978 106.727 2 191.783 -91.2609
504 194.978 106.727 2 192.274 -250
505 204.978 106.727 2 193.281 -250
506 214.978 106.727 2 194.798 -250
507 224.978 106.727 2 196.811 -250
508 234.978 106.727 2 199.307 -250
509 244.978 106.727 2 202.266 -250
510 254.978 106.727 2 205.67 -250
511 264.978 106.727 2 209.496 -250
512 274.978 106.727 2 213.722 -114.696
513 284.978 106.727 2 218.325 -85.1134
514 294.978 106.727 2 223.28 -91.9707
515 304.978 106.727 2 228.566 -91.4997
516 314.978 106.727 2 234.16 -94.1262
517 324.978 106.727 2 240.041 -114.252
518 334.978 106.727 2 246.187 -125.508
519 344.978 106.727 2 252.58 -116.35
520 354.978 106.727 2 259.201 -116.649
521 364.978 106.727 2 266.033 -114.74
522 374.978 106.727 2 273.06 -112.233
523 384.978 106.727 2 280.268 -250
524 394.978 106.727 2 287.644 -250
525 404.978 106.727 2 295.173 -250
526 414.978 106.727 2 302.846 -113.528
527 424.978 106.727 2 310.651 -117.343
528 434.978 106.727 2 318.579 -106.869
529 444.978 106.727 2 326.621 -250
530 454.978 106.727 2 334.768 -250
531 464.978 106.727 2 343.014 -250
532 474.978 106.727 2 351.35 -119.851
533 484.978 106.727 2 359.771 -108.137
534 84.9784 116.727 2 206.138 -89.7032
535 94.9784 116.727 2 201.696 -89.2524
536 104.978 116.727 2 197.661 -113.914
537 114.978 116.727 2 194.058 -250
538 124.978 116.727 2 190.911 -250
539 134.978 116.727 2 188.243 -250
540 144.978 116.727 2 186.075 -250
541 154.978 116.727 2 184.424 -250
542 164.978 116.727 2 183.305 -250
543 174.978 116.727 2 182.727 -250
544 184.978 116.727 2 182.696 -84.5317
545 194.978 116.727 2 183.211 -250
546 204.978 116.727 2 184.268 -250
547 214.978 116.727 2 185.858 -250
548 224.978 116.727 2 187.967 -250
549 234.978 116.727 2 190.579 -250
550 244.978 116.727 2 193.672 -250
551 254.978 116.727 2 197.224 -250
552 264.978 116.727 2 201.21 -250
553 274.978 116.727 2 205.607 -111.13
554 284.978 116.727 2 210.387 -87.9281
555 294.978 116.727 2 215.525 -86.7075
556 304.978 116.727 2 220.997 -99.0597
557 314.978 116.727 2 226.778 -91.5367
558 324.978 116.727 2 232.844 -250
559 334.978 116.727 2 239.176 -250
560 344.978 116.727 2 245.751 -250
561 354.978 116.727 2 252.551 -250
562 364.978 116.727 2 259.558 -250
563 374.978 116.727 2 266.756 -250
564 384.978 116.727 2 274.13 -250
565 394.978 116.727 2 281.666 -250
566 404.978 116.727 2 289.352 -250
567 414.978 116.727 2 297.175 -250
568 424.978 116.727 2 305.125 -113.33
569 434.978 116.727 2 313.193 -105.973
570 444.978 116.727 2 321.369 -250
571 454.978 116.727 2 329.646 -250
572 464.978 116.727 2 338.017 -250
573 474.978 116.727 2 346.473 -101.929
574 484.978 116.727 2 355.01 -103.438
575 84.9784 126.727 2 198.217 -86.6748
576 94.9784 126.727 2 193.594 -87.2543
577 104.978 126.727 2 189.386 -94.4411
578 114.978 126.727 2 185.622 -250
579 124.978 126.727 2 182.329 -250
580 134.978 126.727 2 179.534 -250
581 144.978 126.727 2 177.259 -250
582 154.978 126.727 2 175.526 -250
583 164.978 126.727 2 174.35 -250
584 174.978 126.727 2 173.742 -250
585 184.978 126.727 2 173.709 -87.5585
586 194.978 126.727 2 174.251 -85.5726
587 204.978 126.727 2 175.362 -97.2803
588 214.978 126.727 2 177.032 -88.8314
589 224.978 126.727 2 179.245 -250
590 234.978 126.727 2 181.981 -250
591 244.978 126.727 2 185.218 -250
592 254.978 126.727 2 188.929 -85.661
593 264.978 126.727 2 193.087 -90.578
594 274.978 126.727 2 197.664 -86.0729
595 284.978 126.727 2 202.632 -88.9034
596 294.978 126.727 2 207.962 -88.8154
597 304.978 126.727 2 213.627 -86.5355
598 314.978 126.727 2 219.602 -89.0403
599 324.978 126.727 2 225.862 -250
600 334.978 126.727 2 232.383 -250
601 344.978 126.727 2 239.145 -250
602 354.978 126.727 2 246.128 -250
603 364.978 126.727 2 253.313 -250
604 374.978 126.727 2 260.684 -250
605 384.978 126.727 2 268.225 -250
606 394.978 126.727 2 275.922 -250
607 404.978 126.727 2 283.763 -250
608 414.978 126.727 2 291.736 -250
609 424.978 126.727 2 299.831 -111.626
610 434.978 126.727 2 308.037 -116.72
611 444.978 126.727 2 316.347 -250
612 454.978 126.727 2 324.752 -250
613 464.978 126.727 2 333.245 -250
614 474.978 126.727 2 341.82 -112.536
615 484.978 126.727 2 350.47 -97.7284
616 84.9784 136.727 2 190.491 -89.8675
617 94.9784 136.727 2 185.676 -87.8896
618 104.978 136.727 2 181.284 -87.5928
619 114.978 136.727 2 177.348 -86.824
620 124.978 136.727 2 173.899 -87.4334
621 134.978 136.727 2 170.966 -250
622 144.978 136.727 2 168.576 -250
623 154.978 136.727 2 166.752 -250
624 164.978 136.727 2 165.514 -250
625 174.978 136.727 2 164.874 -250
626 184.978 136.727 2 164.839 -90.9793
627 194.978 136.727 2 165.41 -96.8228
628 204.978 136.727 2 166.58 -85.6522
629 214.978 136.727 2 168.337 -86.0867
630 224.978 136.727 2 170.663 -250
631 234.978 136.727 2 173.535 -250
632 244.978 136.727 2 176.926 -250
633 254.978 136.727 2 180.807 -100.483
634 264.978 136.727 2 185.148 -94.129
635 274.978 136.727 2 189.916 -100.782
636 284.978 136.727 2 195.081 -102.447
637 294.978 136.727 2 200.612 -87.171
638 304.978 136.727 2 206.479 -88.9138
639 314.978 136.727 2 212.655 -93.8818
640 324.978 136.727 2 219.113 -250
641 334.978 136.727 2 225.83 -250
642 344.978 136.727 2 232.782 -250
643 354.978 136.727 2 239.95 -250
644 364.978 136.727 2 247.315 -250
645 374.978 136.727 2 254.859 -250
646 384.978 136.727 2 262.567 -250
647 394.978 136.727 2 270.426 -250
648 404.978 136.727 2 278.421 -250
649 414.978 136.727 2 286.543 -250
650 424.978 136.727 2 294.78 -110.156
651 434.978 136.727 2 303.124 -115.148
652 444.978 136.727 2 311.564 -250
653 454.978 136.727 2 320.095 -250
654 464.978 136.727 2 328.709 -250
655 474.978 136.727 2 337.399 -116.419
656 484.978 136.727 2 346.159 -98.6325
657 84.9784 146.727 2 182.986 -85.9026
658 94.9784 146.727 2 177.968 -88.3912
659 104.978 146.727 2 173.381 -88.3935
660 114.978 146.727 2 169.262 -84.5496
661 124.978 146.727 2 165.644 -88.9716
662 134.978 146.727 2 162.562 -89.6617
663 144.978 146.727 2 160.047 -83.9495
664 154.978 146.727 2 158.125 -84.3083
665 164.978 146.727 2 156.818 -83.7457
666 174.978 146.727 2 156.142 -90.3932
667 184.978 146.727 2 156.105 -88.6319
668 194.978 146.727 2 156.708 -90.3138
669 204.978 146.727 2 157.942 -86.4029
670 214.978 146.727 2 159.795 -83.5064
671 224.978 146.727 2 162.243 -86.3757
672 234.978 146.727 2 165.261 -93.0595
673 244.978 146.727 2 168.819 -96.6119
674 254.978 146.727 2 172.882 -102.202
675 264.978 146.727 2 177.417 -93.9497
676 274.978 146.727 2 182.387 -90.5593
677 284.978 146.727 2 187.76 -97.2029
678 294.978 146.727 2 193.5 -85.7185
679 304.978 146.727 2 199.576 -92.6486
680 314.978 146.727 2 205.959 -106.536
681 324.978 146.727 2 212.621 -127.48
682 334.978 146.727 2 219.536 -107.628
683 344.978 146.727 2 226.682 -107.099
684 354.978 146.727 2 234.036 -93.9037
685 364.978 146.727 2 241.581 -93.7975
686 374.978 146.727 2 249.299 -95.4346
687 384.978 146.727 2 257.174 -98.2358
688 394.978 146.727 2 265.192 -96.0581
689 404.978 146.727 2 273.341 -100.463
690 414.978 146.727 2 281.61 -98.9971
691 424.978 146.727 2 289.987 -112.582
692 434.978 146.727 2 298.464 -120.274
693 444.978 146.727 2 307.033 -111.656
694 454.978 146.727 2 315.686 -110.832
695 464.978 146.727 2 324.417 -107.393
696 474.978 146.727 2 333.219 -98.7632
697 484.978 146.727 2 342.087 -94.3146
698 84.9784 156.727 2 175.73 -90.7124
699 94.9784 156.727 2 170.498 -85.4201
700 104.978 156.727 2 165.705 -89.5293
701 114.978 156.727 2 161.389 -86.3079
702 124.978 156.727 2 157.591 -83.3472
703 134.978 156.727 2 154.348 -92.8425
704 144.978 156.727 2 151.697 -83.1093
705 154.978 156.727 2 149.668 -85.3835
706 164.978 156.727 2 148.287 -88.2974
707 174.978 156.727 2 147.572 -88.5069
708 184.978 156.727 2 147.533 -86.4484
709 194.978 156.727 2 148.17 -83.8835
710 204.978 156.727 2 149.475 -84.0455
711 214.978 156.727 2 151.431 -86.445
712 224.978 156.727 2 154.012 -91.6875
713 234.978 156.727 2 157.189 -107.701
714 244.978 156.727 2 160.925 -98.7411
715 254.978 156.727 2 165.182 -90.7748
716 264.978 156.727 2 169.923 -131.134
717 274.978 156.727 2 175.106 -94.0024
718 284.978 156.727 2 180.695 -104.948
719 294.978 156.727 2 186.653 -87.6567
720 304.978 156.727 2 192.945 -108.021
721 314.978 156.727 2 199.54 -119.591
722 324.978 156.727 2 206.409 -110.517
723 334.978 156.727 2 213.525 -115.724
724 344.978 156.727 2 220.866 -103.476
725 354.978 156.727 2 228.408 -98.426
726 364.978 156.727 2 236.132 -103.264
727 374.978 156.727 2 244.023 -95.6238
728 384.978 156.727 2 252.063 -95.5311
729 394.978 156.727 2 260.238 -98.1536
730 404.978 156.727 2 268.538 -102.298
731 414.978 156.727 2 276.949 -105.816
732 424.978 156.727 2 285.464 -110.127
733 434.978 156.727 2 294.071 -114.304
734 444.978 156.727 2 302.765 -109.656
735 454.978 156.727 2 311.536 -123.231
736 464.978 156.727 2 320.38 -114.37
737 474.978 156.727 2 329.29 -100.196
738 484.978 156.727 2 338.261 -95.7928
739 84.9784 166.727 2 168.754 -85.5273
740 94.9784 166.727 2 163.299 -89.664
741 104.978 166.727 2 158.288 -85.3245
742 114.978 166.727 2 153.764 -90.9152
743 124.978 166.727 2 149.773 -84.644
744 134.978 166.727 2 146.357 -88.9822
745 144.978 166.727 2 143.558 -88.5356
746 154.978 166.727 2 141.412 -84.895
747 164.978 166.727 2 139.95 -84.4293
748 174.978 166.727 2 139.192 -88.249
749 184.978 166.727 2 139.151 -86.8946
750 194.978 166.727 2 139.826 -84.9769
751 204.978 166.727 2 141.209 -84.5827
752 214.978 166.727 2 143.277 -88.123
753 224.978 166.727 2 146.003 -250
754 234.978 166.727 2 149.35 -86.2018
755 244.978 166.727 2 153.277 -250
756 254.978 166.727 2 157.741 -250
757 264.978 166.727 2 162.698 -250
758 274.978 166.727 2 168.105 -91.573
759 284.978 166.727 2 173.919 -90.2155
760 294.978 166.727 2 180.1 -250
761 304.978 166.727 2 186.614 -250
762 314.978 166.727 2 193.425 -250
763 324.978 166.727 2 200.503 -250
764 334.978 166.727 2 207.822 -250
765 344.978 166.727 2 215.357 -250
766 354.978 166.727 2 223.085 -117.225
767 364.978 166.727 2 230.988 -103.953
768 374.978 166.727 2 239.048 -250
769 384.978 166.727 2 247.25 -107.027
770 394.978 166.727 2 255.58 -95.1704
771 404.978 166.727 2 264.026 -96.7899
772 414.978 166.727 2 272.577 -98.1877
773 424.978 166.727 2 281.223 -105.915
774 434.978 166.727 2 289.957 -91.9296
775 444.978 166.727 2 298.77 -250
776 454.978 166.727 2 307.655 -250
777 464.978 166.727 2 316.608 -250
778 474.978 166.727 2 325.621 -106.354
779 484.978 166.727 2 334.69 -107.436
780 84.9784 176.727 2 162.096 -87.5157
781 94.9784 176.727 2 156.408 -88.1863
782 104.978 176.727 2 151.169 -87.1528
783 114.978 176.727 2 146.426 -89.1322
784 124.978 176.727 2 142.229 -85.1582
785 134.978 176.727 2 138.627 -88.6383
786 144.978 176.727 2 135.669 -88.1317
787 154.978 176.727 2 133.396 -84.4964
788 164.978 176.727 2 131.844 -86.4787
789 174.978 176.727 2 131.04 -89.5477
790 184.978 176.727 2 130.996 -90.0934
791 194.978 176.727 2 131.713 -86.9233
792 204.978 176.727 2 133.18 -83.231
793 214.978 176.727 2 135.371 -84.9792
794 224.978 176.727 2 138.253 -250
795 234.978 176.727 2 141.783 -89.8385
796 244.978 176.727 2 145.914 -250
797 254.978 176.727 2 150.596 -250
798 264.978 176.727 2 155.781 -250
799 274.978 176.727 2 161.419 -99.7886
800 284.978 176.727 2 167.466 -86.4189
801 294.978 176.727 2 173.877 -250
802 304.978 176.727 2 180.615 -250
803 314.978 176.727 2 187.644 -250
804 324.978 176.727 2 194.932 -250
805 334.978 176.727 2 202.453 -250
806 344.978 176.727 2 210.18 -250
807 354.978 176.727 2 218.092 -112.224
808 364.978 176.727 2 226.169 -112.181
809 374.978 176.727 2 234.395 -250
810 384.978 176.727 2 242.754 -113.95
811 394.978 176.727 2 251.233 -104.657
812 404.978 176.727 2 259.82 -96.8725
813 414.978 176.727 2 268.505 -99.5852
814 424.978 176.727 2 277.279 -100.411
815 434.978 176.727 2 286.133 -105.444
816 444.978 176.727 2 295.06 -250
817 454.978 176.727 2 304.054 -250
818 464.978 176.727 2 313.109 -250
819 474.978 176.727 2 322.22 -129.612
820 484.978 176.727 2 331.383 -123.87
821 84.9784 186.727 2 155.795 -89.2913
822 94.9784 186.727 2 149.869 -84.6568
823 104.978 186.727 2 144.392 -102.738
824 114.978 186.727 2 139.419 -113.289
825 124.978 186.727 2 135.004 -104.05
826 134.978 186.727 2 131.204 -88.6898
827 144.978 186.727 2 128.074 -84.5578
828 154.978 186.727 2 125.664 -86.2851
829 164.978 186.727 2 124.016 -91.6565
830 174.978 186.727 2 123.16 -90.9055
831 184.978 186.727 2 123.113 -90.6867
832 194.978 186.727 2 123.877 -92.3855
833 204.978 186.727 2 125.435 -87.1976
834 214.978 186.727 2 127.759 -85.8533
835 224.978 186.727 2 130.808 -250
836 234.978 186.727 2 134.534 -109.171
837 244.978 186.727 2 138.881 -250
838 254.978 186.727 2 143.793 -250
839 264.978 186.727 2 149.214 -250
840 274.978 186.727 2 155.091 -91.4599
841 284.978 186.727 2 161.375 -86.6338
842 294.978 186.727 2 168.019 -85.6922
843 304.978 186.727 2 174.982 -89.559
844 314.978 186.727 2 182.228 -85.3232
845 324.978 186.727 2 189.725 -87.4874
846 334.978 186.727 2 197.444 -250
847 344.978 186.727 2 205.36 -250
848 354.978 186.727 2 213.451 -250
849 364.978 186.727 2 221.697 -250
850 374.978 186.727 2 230.083 -250
851 384.978 186.727 2 238.593 -95.0762
852 394.978 186.727 2 247.215 -108.254
853 404.978 186.727 2 255.937 -99.9534
854 414.978 186.727 2 264.749 -91.8761
855 424.978 186.727 2 273.643 -92.1602
856 434.978 186.727 2 282.611 -90.4964
857 444.978 186.727 2 291.646 -250
858 454.978 186.727 2 300.742 -250
859 464.978 186.727 2 309.894 -250
860 474.978 186.727 2 319.097 -127.15
861 484.978 186.727 2 328.346 -125.596
862 84.9784 196.727 2 149.897 -84.766
863 94.9784 196.727 2 143.728 -87.5971
864 104.978 196.727 2 138.008 -103.456
865 114.978 196.727 2 132.795 -131.594
866 124.978 196.727 2 128.152 -136.848
867 134.978 196.727 2 124.143 -99.5659
868 144.978 196.727 2 120.83 -84.3417
869 154.978 196.727 2 118.273 -91.827
870 164.978 196.727 2 116.52 -87.9095
871 174.978 196.727 2 115.609 -85.6138
872 184.978 196.727 2 115.559 -85.6088
873 194.978 196.727 2 116.372 -87.5261
874 204.978 196.727 2 118.029 -92.2168
875 214.978 196.727 2 120.496 -85.4622
876 224.978 196.727 2 123.725 -250
877 234.978 196.727 2 127.657 -103.277
878 244.978 196.727 2 132.23 -84.6719
879 254.978 196.727 2 137.38 -95.4198
880 264.978 196.727 2 143.045 -88.0787
881 274.978 196.727 2 149.165 -90.7693
882 284.978 196.727 2 155.688 -91.0971
883 294.978 196.727 2 162.565 -85.2968
884 304.978 196.727 2 169.752 -83.5336
885 314.978 196.727 2 177.212 -85.1294
886 324.978 196.727 2 184.913 -87.2971
887 334.978 196.727 2 192.824 -250
888 344.978 196.727 2 200.922 -250
889 354.978 196.727 2 209.184 -94.4319
890 364.978 196.727 2 217.593 -94.7973
891 374.978 196.727 2 226.131 -92.9283
892 384.978 196.727 2 234.784 -93.2398
893 394.978 196.727 2 243.541 -94.3324
894 404.978 196.727 2 252.39 -104.676
895 414.978 196.727 2 261.322 -99.7946
896 424.978 196.727 2 270.329 -250
897 434.978 196.727 2 279.403 -250
898 444.978 196.727 2 288.539 -250
899 454.978 196.727 2 297.73 -250
900 464.978 196.727 2 306.971 -250
901 474.978 196.727 2 316.259 -132.934
902 484.978 196.727 2 325.589 -128.512
903 84.9784 206.727 2 144.451 -88.8432
904 94.9784 206.727 2 138.038 -108.242
905 104.978 206.727 2 132.072 -140.64
906 114.978 206.727 2 126.616 -135.135
907 124.978 206.727 2 121.738 -250
908 134.978 206.727 2 117.51 -92.4918
909 144.978 206.727 2 114.005 -86.6719
910 154.978 206.727 2 111.29 -88.3891
911 164.978 206.727 2 109.426 -86.4975
912 174.978 206.727 2 108.455 -90.3138
913 184.978 206.727 2 108.402 -90.5796
914 194.978 206.727 2 109.268 -86.8202
915 204.978 206.727 2 111.031 -87.2887
916 214.978 206.727 2 113.65 -88.3249
917 224.978 206.727 2 117.068 -89.8956
918 234.978 206.727 2 121.216 -83.6082
919 244.978 206.727 2 126.023 -82.6541
920 254.978 206.727 2 131.417 -85.6195
921 264.978 206.727 2 137.327 -95.3714
922 274.978 206.727 2 143.692 -84.9329
923 284.978 206.727 2 150.452 -82.9413
924 294.978 206.727 2 157.557 -84.3479
925 304.978 206.727 2 164.963 -98.7771
926 314.978 206.727 2 172.63 -97.2589
927 324.978 206.727 2 180.526 -91.7151
928 334.978 206.727 2 188.622 -250
929 344.978 206.727 2 196.893 -250
930 354.978 206.727 2 205.317 -96.8914
931 364.978 206.727 2 213.878 -94.1912
932 374.978 206.727 2 222.558 -94.5437
933 384.978 206.727 2 231.345 -96.0502
934 394.978 206.727 2 240.227 -95.5062
935 404.978 206.727 2 249.194 -104.851
936 414.978 206.727 2 258.236 -120.49
937 424.978 206.727 2 267.347 -250
938 434.978 206.727 2 276.519 -250
939 444.978 206.727 2 285.747 -250
940 454.978 206.727 2 295.025 -250
941 464.978 206.727 2 304.349 -250
942 474.978 206.727 2 313.715 -142.166
943 484.978 206.727 2 323.118 -134.565
944 84.9784 216.727 2 139.51 -87.2581
945 94.9784 216.727 2 132.859 -114.185
946 104.978 216.727 2 126.65 -124.944
947 114.978 216.727 2 120.949 -250
948 124.978 216.727 2 115.832 -250
949 134.978 216.727 2 111.38 -85.825
950 144.978 216.727 2 107.676 -92.2575
951 154.978 216.727 2 104.798 -86.9777
952 164.978 216.727 2 102.815 -94.2573
953 174.978 216.727 2 101.782 -88.5153
954 184.978 216.727 2 101.725 -88.3097
955 194.978 216.727 2 102.647 -93.8119
956 204.978 216.727 2 104.522 -87.7385
957 214.978 216.727 2 107.301 -92.8484
958 224.978 216.727 2 110.914 -86.8166
959 234.978 216.727 2 115.284 -84.7172
960 244.978 216.727 2 120.328 -86.4229
961 254.978 216.727 2 125.966 -83.5042
962 264.978 216.727 2 132.121 -84.6506
963 274.978 216.727 2 138.724 -86.9358
964 284.978 216.727 2 145.715 -85.0916
965 294.978 216.727 2 153.04 -250
966 304.978 216.727 2 160.654 -250
967 314.978 216.727 2 168.518 -250
968 324.978 216.727 2 176.598 -250
969 334.978 216.727 2 184.865 -250
970 344.978 216.727 2 193.297 -250
971 354.978 216.727 2 201.872 -99.3491
972 364.978 216.727 2 210.572 -102.688
973 374.978 216.727 2 219.384 -99.7412
974 384.978 216.727 2 228.293 -96.9964
975 394.978 216.727 2 237.289 -97.9262
976 404.978 216.727 2 246.363 -102.884
977 414.978 216.727 2 255.506 -112.515
978 424.978 216.727 2 264.71 -250
979 434.978 216.727 2 273.971 -250
980 444.978 216.727 2 283.282 -250
981 454.978 216.727 2 292.638 -250
982 464.978 216.727 2 302.036 -250
983 474.978 216.727 2 311.471 -136.397
984 484.978 216.727 2 320.94 -131.077
985 84.9784 226.727 2 135.13 -85.9245
986 94.9784 226.727 2 128.252 -105.247
987 104.978 226.727 2 121.808 -250
988 114.978 226.727 2 115.869 -250
989 124.978 226.727 2 110.517 -250
990 134.978 226.727 2 105.842 -87.7948
991 144.978 226.727 2 101.937 -88.4266
992 154.978 226.727 2 98.8916 -96.4903
993 164.978 226.727 2 96.7886 -88.275
994 174.978 226.727 2 95.6897 -93.231
995 184.978 226.727 2 95.6295 -93.4388
996 194.978 226.727 2 96.6099 -88.5291
997 204.978 226.727 2 98.6 -95.0256
998 214.978 226.727 2 101.54 -87.8105
999 224.978 226.727 2 105.351 -86.3962
1000 234.978 226.727 2 109.943 -85.9161
1001 244.978 226.727 2 115.221 -85.1704
1002 254.978 226.727 2 121.097 -87.1885
1003 264.978 226.727 2 127.487 -87.3702
1004 274.978 226.727 2 134.318 -83.0289
1005 284.978 226.727 2 141.527 -85.4749
1006 294.978 226.727 2 149.058 -250
1007 304.978 226.727 2 156.865 -250
1008 314.978 226.727 2 164.91 -250
1009 324.978 226.727 2 173.158 -250
1010 334.978 226.727 2 181.583 -250
1011 344.978 226.727 2 190.16 -250
1012 354.978 226.727 2 198.87 -102.52
1013 364.978 226.727 2 207.696 -100.661
1014 374.978 226.727 2 216.624 -108.398
1015 384.978 226.727 2 225.643 -104.886
1016 394.978 226.727 2 234.741 -98.1214
1017 404.978 226.727 2 243.909 -94.6378
1018 414.978 226.727 2 253.14 -95.5633
1019 424.978 226.727 2 262.428 -250
1020 434.978 226.727 2 271.767 -250
1021 444.978 226.727 2 281.15 -250
1022 454.978 226.727 2 290.575 -250
1023 464.978 226.727 2 300.037 -250
1024 474.978 226.727 2 309.533 -137.602
1025 484.978 226.727 2 319.06 -125.513
1026 84.9784 236.727 2 131.367 -88.9119
1027 94.9784 236.727 2 124.281 -91.7483
1028 104.978 236.727 2 117.619 -91.8001
1029 114.978 236.727 2 111.457 -91.8428
1030 124.978 236.727 2 105.883 -250
1031 134.978 236.727 2 100.993 -86.6128
1032 144.978 236.727 2 96.8921 -88.3825
1033 154.978 236.727 2 93.6833 -89.9289
1034 164.978 236.727 2 91.4606 -99.0088
1035 174.978 236.727 2 90.2969 -91.5683
1036 184.978 236.727 2 90.2331 -91.717
1037 194.978 236.727 2 91.2715 -98.388
1038 204.978 236.727 2 93.3755 -89.2255
1039 214.978 236.727 2 96.4752 -88.6333
1040 224.978 236.727 2 100.479 -87.7415
1041 234.978 236.727 2 105.283 -86.6784
1042 244.978 236.727 2 110.783 -87.2013
1043 254.978 236.727 2 116.882 -89.3716
1044 264.978 236.727 2 123.49 -92.918
1045 274.978 236.727 2 130.531 -90.1161
1046 284.978 236.727 2 137.938 -86.3718
1047 294.978 236.727 2 145.655 -250
1048 304.978 236.727 2 153.635 -250
1049 314.978 236.727 2 161.84 -250
1050 324.978 236.727 2 170.237 -250
1051 334.978 236.727 2 178.799 -250
1052 344.978 236.727 2 187.504 -250
1053 354.978 236.727 2 196.332 -107.544
1054 364.978 236.727 2 205.267 -105.105
1055 374.978 236.727 2 214.297 -85.4218
1056 384.978 236.727 2 223.409 -93.3564
1057 394.978 236.727 2 232.594 -92.3468
1058 404.978 236.727 2 241.844 -93.6105
1059 414.978 236.727 2 251.152 -250
1060 424.978 236.727 2 260.51 -250
1061 434.978 236.727 2 269.915 -250
1062 444.978 236.727 2 279.361 -250
1063 454.978 236.727 2 288.844 -250
1064 464.978 236.727 2 298.361 -250
1065 474.978 236.727 2 307.909 -129.691
1066 484.978 236.727 2 317.485 -123.948
1067 84.9784 246.727 2 128.274 -86.2123
1068 94.9784 246.727 2 121.007 -84.1339
1069 104.978 246.727 2 114.154 -85.8236
1070 114.978 246.727 2 107.795 -88.9666
1071 124.978 246.727 2 102.02 -87.8456
1072 134.978 246.727 2 96.9362 -87.835
1073 144.978 246.727 2 92.6558 -90.6705
1074 154.978 246.727 2 89.2949 -92.5918
1075 164.978 246.727 2 86.9601 -93.5439
1076 174.978 246.727 2 85.7353 -96.4421
1077 184.978 246.727 2 85.6681 -97.4589
1078 194.978 246.727 2 86.7612 -93.012
1079 204.978 246.727 2 88.9719 -93.7504
1080 214.978 246.727 2 92.2197 -92.849
1081 224.978 246.727 2 96.4 -89.243
1082 234.978 246.727 2 101.397 -87.5323
1083 244.978 246.727 2 107.098 -92.9542
1084 254.978 246.727 2 113.395 -89.8121
1085 264.978 246.727 2 120.195 -85.3736
1086 274.978 246.727 2 127.418 -84.9827
1087 284.978 246.727 2 134.996 -86.074
1088 294.978 246.727 2 142.872 -85.9943
1089 304.978 246.727 2 150.999 -86.1992
1090 314.978 246.727 2 159.34 -81.2669
1091 324.978 246.727 2 167.862 -81.3433
1092 334.978 246.727 2 176.54 -83.5946
1093 344.978 246.727 2 185.35 -83.7098
1094 354.978 246.727 2 194.276 -83.4036
1095 364.978 246.727 2 203.302 -105.893
1096 374.978 246.727 2 212.415 -86.6524
1097 384.978 246.727 2 221.605 -91.5708
1098 394.978 246.727 2 230.862 -86.8851
1099 404.978 246.727 2 240.178 -89.8154
1100 414.978 246.727 2 249.548 -88.9828
1101 424.978 246.727 2 258.964 -93.6551
1102 434.978 246.727 2 268.423 -91.5868
1103 444.978 246.727 2 277.92 -85.7524
1104 454.978 246.727 2 287.451 -84.5967
1105 464.978 246.727 2 297.013 -85.9948
1106 474.978 246.727 2 306.602 -88.3127
1107 484.978 246.727 2 316.217 -95.673
1108 84.9784 256.727 2 125.902 -85.8452
1109 94.9784 256.727 2 118.489 -90.8928
1110 104.978 256.727 2 111.482 -89.1923
1111 114.978 256.727 2 104.96 -87.3217
1112 124.978 256.727 2 99.021 -117.433
1113 134.978 256.727 2 93.7744 -124.949
1114 144.978 256.727 2 89.3427 -126.097
1115 154.978 256.727 2 85.8522 -122.714
1116 164.978 256.727 2 83.4211 -123.599
1117 174.978 256.727 2 82.1436 -115.994
1118 184.978 256.727 2 82.0734 -107.41
1119 194.978 256.727 2 83.2138 -97.1216
1120 204.978 256.727 2 85.5162 -99.4691
1121 214.978 256.727 2 88.8904 -94.3024
1122 224.978 256.727 2 93.22 -88.6964
1123 234.978 256.727 2 98.3792 -92.6671
1124 244.978 256.727 2 104.245 -87.8428
1125 254.978 256.727 2 110.704 -105.723
1126 264.978 256.727 2 117.66 -102.524
1127 274.978 256.727 2 125.03 -111.947
1128 284.978 256.727 2 132.744 -102.746
1129 294.978 256.727 2 140.746 -87.4374
1130 304.978 256.727 2 148.989 -85.9218
1131 314.978 256.727 2 157.437 -84.3864
1132 324.978 256.727 2 166.057 -96.74
1133 334.978 256.727 2 174.824 -96.8614
1134 344.978 256.727 2 183.717 -88.8131
1135 354.978 256.727 2 192.718 -87.8051
1136 364.978 256.727 2 201.814 -86.0447
1137 374.978 256.727 2 210.991 -85.9005
1138 384.978 256.727 2 220.24 -87.421
1139 394.978 256.727 2 229.552 -89.7961
1140 404.978 256.727 2 238.92 -89.071
1141 414.978 256.727 2 248.337 -88.5471
1142 424.978 256.727 2 257.798 -94.344
1143 434.978 256.727 2 267.298 -97.2969
1144 444.978 256.727 2 276.833 -99.313
1145 454.978 256.727 2 286.4 -100.934
1146 464.978 256.727 2 295.996 -107.623
1147 474.978 256.727 2 305.617 -98.9629
1148 484.978 256.727 2 315.263 -99.186
1149 84.9784 266.727 2 124.291 -91.0603
1150 94.9784 266.727 2 116.776 -88.9164
1151 104.978 266.727 2 109.66 -86.0327
1152 114.978 266.727 2 103.023 -95.9918
1153 124.978 266.727 2 96.9648 -122.673
1154 134.978 266.727 2 91.6005 -250
1155 144.978 266.727 2 87.0582 -250
1156 154.978 266.727 2 83.4723 -250
1157 164.978 266.727 2 80.9698 -250
1158 174.978 266.727 2 79.6529 -119.273
1159 184.978 266.727 2 79.5806 -117.983
1160 194.978 266.727 2 80.7561 -102.402
1161 204.978 266.727 2 83.1266 -97.6336
1162 214.978 266.727 2 86.594 -93.252
1163 224.978 266.727 2 91.0329 -96.3035
1164 234.978 266.727 2 96.3093 -88.9395
1165 244.978 266.727 2 102.294 -250
1166 254.978 266.727 2 108.869 -250
1167 264.978 266.727 2 115.935 -250
1168 274.978 266.727 2 123.407 -97.4949
1169 284.978 266.727 2 131.217 -96.3912
1170 294.978 266.727 2 139.307 -250
1171 304.978 266.727 2 147.631 -250
1172 314.978 266.727 2 156.152 -250
1173 324.978 266.727 2 164.839 -250
1174 334.978 266.727 2 173.667 -250
1175 344.978 266.727 2 182.616 -250
1176 354.978 266.727 2 191.67 -250
1177 364.978 266.727 2 200.813 -250
1178 374.978 266.727 2 210.034 -250
1179 384.978 266.727 2 219.323 -250
1180 394.978 266.727 2 228.673 -250
1181 404.978 266.727 2 238.075 -250
1182 414.978 266.727 2 247.524 -250
1183 424.978 266.727 2 257.015 -250
1184 434.978 266.727 2 266.543 -250
1185 444.978 266.727 2 276.104 -250
1186 454.978 266.727 2 285.696 -250
1187 464.978 266.727 2 295.314 -250
1188 474.978 266.727 2 304.957 -125.308
1189 484.978 266.727 2 314.623 -119.326
1190 84.9784 276.727 2 123.472 -91.8602
1191 94.9784 276.727 2 115.904 -86.1987
1192 104.978 276.727 2 108.73 -88.6166
1193 114.978 276.727 2 102.033 -91.2636
1194 124.978 276.727 2 95.9124 -124.703
1195 134.978 276.727 2 90.4858 -250
1196 144.978 276.727 2 85.8846 -250
1197 154.978 276.727 2 82.2474 -250
1198 164.978 276.727 2 79.7065 -250
1199 174.978 276.727 2 78.3684 -115.652
1200 184.978 276.727 2 78.2949 -113.681
1201 194.978 276.727 2 79.4894 -112.67
1202 204.978 276.727 2 81.8966 -105.608
1203 214.978 276.727 2 85.4139 -99.0147
1204 224.978 276.727 2 89.9111 -91.2615
1205 234.978 276.727 2 95.2497 -96.7757
1206 244.978 276.727 2 101.296 -250
1207 254.978 276.727 2 107.933 -250
1208 264.978 276.727 2 115.056 -250
1209 274.978 276.727 2 122.582 -105.567
1210 284.978 276.727 2 130.441 -98.2853
1211 294.978 276.727 2 138.576 -250
1212 304.978 276.727 2 146.942 -250
1213 314.978 276.727 2 155.5 -250
1214 324.978 276.727 2 164.222 -250
1215 334.978 276.727 2 173.082 -250
1216 344.978 276.727 2 182.06 -250
1217 354.978 276.727 2 191.139 -250
1218 364.978 276.727 2 200.307 -250
1219 374.978 276.727 2 209.55 -250
1220 384.978 276.727 2 218.86 -250
1221 394.978 276.727 2 228.228 -250
1222 404.978 276.727 2 237.648 -250
1223 414.978 276.727 2 247.114 -250
1224 424.978 276.727 2 256.62 -250
1225 434.978 276.727 2 266.162 -250
1226 444.978 276.727 2 275.737 -250
1227 454.978 276.727 2 285.34 -250
1228 464.978 276.727 2 294.97 -250
1229 474.978 276.727 2 304.624 -110.479
1230 484.978 276.727 2 314.3 -119.456
1231 84.9784 286.727 2 123.46 -91.8067
1232 94.9784 286.727 2 115.891 -86.1259
1233 104.978 286.727 2 108.716 -88.5998
1234 114.978 286.727 2 102.018 -91.1667
1235 124.978 286.727 2 95.8969 -124.524
1236 134.978 286.727 2 90.4693 -250
1237 144.978 286.727 2 85.8672 -250
1238 154.978 286.727 2 82.2293 -250
1239 164.978 286.727 2 79.6878 -250
1240 174.978 286.727 2 78.3494 -120.074
1241 184.978 286.727 2 78.2758 -120.193
1242 194.978 286.727 2 79.4707 -121.267
1243 204.978 286.727 2 81.8784 -104.234
1244 214.978 286.727 2 85.3964 -100.02
1245 224.978 286.727 2 89.8946 -91.7997
1246 234.978 286.727 2 95.234 -96.8284
1247 244.978 286.727 2 101.282 -250
1248 254.978 286.727 2 107.919 -250
1249 264.978 286.727 2 115.043 -250
1250 274.978 286.727 2 122.57 -105.398
1251 284.978 286.727 2 130.43 -99.327
1252 294.978 286.727 2 138.566 -250
1253 304.978 286.727 2 146.932 -250
1254 314.978 286.727 2 155.491 -250
1255 324.978 286.727 2 164.213 -250
1256 334.978 286.727 2 173.073 -250
1257 344.978 286.727 2 182.052 -250
1258 354.978 286.727 2 191.132 -250
1259 364.978 286.727 2 200.299 -250
1260 374.978 286.727 2 209.543 -250
1261 384.978 286.727 2 218.853 -250
1262 394.978 286.727 2 228.222 -250
1263 404.978 286.727 2 237.642 -250
1264 414.978 286.727 2 247.108 -250
1265 424.978 286.727 2 256.614 -250
1266 434.978 286.727 2 266.156 -250
1267 444.978 286.727 2 275.731 -250
1268 454.978 286.727 2 285.335 -250
1269 464.978 286.727 2 294.965 -250
1270 474.978 286.727 2 304.62 -113.578
1271 484.978 286.727 2 314.295 -120.562
1272 84.9784 296.727 2 124.255 -91.2757
1273 94.9784 296.727 2 116.738 -88.9252
1274 104.978 296.727 2 109.619 -86.1358
1275 114.978 296.727 2 102.979 -96.5009
1276 124.978 296.727 2 96.9187 -122.908
1277 134.978 296.727 2 91.5517 -250
1278 144.978 296.727 2 87.0069 -250
1279 154.978 296.727 2 83.4187 -250
1280 164.978 296.727 2 80.9145 -250
1281 174.978 296.727 2 79.5967 -121.358
1282 184.978 296.727 2 79.5244 -107.743
1283 194.978 296.727 2 80.7007 -104.27
1284 204.978 296.727 2 83.0728 -99.7694
1285 214.978 296.727 2 86.5423 -93.7578
1286 224.978 296.727 2 90.9838 -95.3544
1287 234.978 296.727 2 96.2628 -88.1761
1288 244.978 296.727 2 102.25 -250
1289 254.978 296.727 2 108.828 -250
1290 264.978 296.727 2 115.896 -250
1291 274.978 296.727 2 123.371 -99.4758
1292 284.978 296.727 2 131.183 -95.9818
1293 294.978 296.727 2 139.275 -250
1294 304.978 296.727 2 147.601 -250
1295 314.978 296.727 2 156.123 -250
1296 324.978 296.727 2 164.812 -111.888
1297 334.978 296.727 2 173.641 -126.898
1298 344.978 296.727 2 182.592 -88.2759
1299 354.978 296.727 2 191.646 -84.7836
1300 364.978 296.727 2 200.79 -84.6677
1301 374.978 296.727 2 210.013 -92.1602
1302 384.978 296.727 2 219.303 -92.2717
1303 394.978 296.727 2 228.653 -88.5529
1304 404.978 296.727 2 238.056 -91.956
1305 414.978 296.727 2 247.506 -94.4454
1306 424.978 296.727 2 256.997 -94.5742
1307 434.978 296.727 2 266.526 -250
1308 444.978 296.727 2 276.088 -250
1309 454.978 296.727 2 285.68 -250
1310 464.978 296.727 2 295.299 -250
1311 474.978 296.727 2 304.943 -113.833
1312 484.978 296.727 2 314.609 -114.319
1313 84.9784 306.727 2 125.842 -85.6064
1314 94.9784 306.727 2 118.426 -91.3243
1315 104.978 306.727 2 111.415 -88.8271
1316 114.978 306.727 2 104.889 -87.323
1317 124.978 306.727 2 98.9457 -121.352
1318 134.978 306.727 2 93.6949 -250
1319 144.978 306.727 2 89.2592 -250
1320 154.978 306.727 2 85.7653 -250
1321 164.978 306.727 2 83.3317 -250
1322 174.978 306.727 2 82.0528 -111.547
1323 184.978 306.727 2 81.9826 -114.444
1324 194.978 306.727 2 83.1241 -101.151
1325 204.978 306.727 2 85.429 -99.4316
1326 214.978 306.727 2 88.8065 -96.5747
1327 224.978 306.727 2 93.1401 -88.425
1328 234.978 306.727 2 98.3034 -90.8997
1329 244.978 306.727 2 104.173 -250
1330 254.978 306.727 2 110.637 -250
1331 264.978 306.727 2 117.597 -250
1332 274.978 306.727 2 124.97 -98.2413
1333 284.978 306.727 2 132.687 -98.2694
1334 294.978 306.727 2 140.693 -250
1335 304.978 306.727 2 148.939 -250
1336 314.978 306.727 2 157.389 -250
1337 324.978 306.727 2 166.012 -108.867
1338 334.978 306.727 2 174.781 -250
1339 344.978 306.727 2 183.676 -250
1340 354.978 306.727 2 192.679 -250
1341 364.978 306.727 2 201.777 -128.991
1342 374.978 306.727 2 210.956 -250
1343 384.978 306.727 2 220.206 -250
1344 394.978 306.727 2 229.52 -250
1345 404.978 306.727 2 238.889 -250
1346 414.978 306.727 2 248.307 -250
1347 424.978 306.727 2 257.769 -250
1348 434.978 306.727 2 267.27 -250
1349 444.978 306.727 2 276.806 -250
1350 454.978 306.727 2 286.374 -250
1351 464.978 306.727 2 295.971 -250
1352 474.978 306.727 2 305.593 -100.932
1353 484.978 306.727 2 315.239 -118.56
1354 84.9784 316.727 2 128.193 -86.3224
1355 94.9784 316.727 2 120.921 -85.8523
1356 104.978 316.727 2 114.063 -87.7757
1357 114.978 316.727 2 107.698 -92.7102
1358 124.978 316.727 2 101.918 -105.675
1359 134.978 316.727 2 96.8285 -250
1360 144.978 316.727 2 92.5431 -250
1361 154.978 316.727 2 89.178 -250
1362 164.978 316.727 2 86.8401 -250
1363 174.978 316.727 2 85.6135 -96.532
1364 184.978 316.727 2 85.5462 -102.355
1365 194.978 316.727 2 86.6409 -93.6211
1366 204.978 316.727 2 88.8545 -90.8621
1367 214.978 316.727 2 92.1065 -99.704
1368 224.978 316.727 2 96.2917 -89.5575
1369 234.978 316.727 2 101.294 -86.697
1370 244.978 316.727 2 107 -250
1371 254.978 316.727 2 113.303 -250
1372 264.978 316.727 2 120.108 -250
1373 274.978 316.727 2 127.336 -106.204
1374 284.978 316.727 2 134.918 -101.156
1375 294.978 316.727 2 142.799 -250
1376 304.978 316.727 2 150.93 -250
1377 314.978 316.727 2 159.275 -250
1378 324.978 316.727 2 167.8 -107.664
1379 334.978 316.727 2 176.481 -250
1380 344.978 316.727 2 185.294 -250
1381 354.978 316.727 2 194.222 -250
1382 364.978 316.727 2 203.251 -120.039
1383 374.978 316.727 2 212.366 -250
1384 384.978 316.727 2 221.558 -250
1385 394.978 316.727 2 230.817 -250
1386 404.978 316.727 2 240.135 -250
1387 414.978 316.727 2 249.506 -250
1388 424.978 316.727 2 258.924 -250
1389 434.978 316.727 2 268.384 -250
1390 444.978 316.727 2 277.883 -250
1391 454.978 316.727 2 287.415 -250
1392 464.978 316.727 2 296.978 -250
1393 474.978 316.727 2 306.568 -122.472
1394 484.978 316.727 2 316.184 -100.75
1395 84.9784 326.727 2 131.264 -88.9683
1396 94.9784 326.727 2 124.173 -92.8714
1397 104.978 326.727 2 117.505 -92.0398
1398 114.978 326.727 2 111.336 -90.7967
1399 124.978 326.727 2 105.756 -87.8998
1400 134.978 326.727 2 100.86 -92.0134
1401 144.978 326.727 2 96.7536 -86.1277
1402 154.978 326.727 2 93.54 -89.278
1403 164.978 326.727 2 91.3138 -89.2025
1404 174.978 326.727 2 90.1482 -88.0075
1405 184.978 326.727 2 90.0843 -99.6261
1406 194.978 326.727 2 91.1244 -92.481
1407 204.978 326.727 2 93.2317 -90.1941
1408 214.978 326.727 2 96.336 -86.7677
1409 224.978 326.727 2 100.345 -84.6421
1410 234.978 326.727 2 105.155 -86.8779
1411 244.978 326.727 2 110.662 -84.2933
1412 254.978 326.727 2 116.767 -106.043
1413 264.978 326.727 2 123.382 -116.274
1414 274.978 326.727 2 130.428 -113.649
1415 284.978 326.727 2 137.84 -106.441
1416 294.978 326.727 2 145.563 -88.1398
1417 304.978 326.727 2 153.548 -92.792
1418 314.978 326.727 2 161.757 -96.2946
1419 324.978 326.727 2 170.159 -95.489
1420 334.978 326.727 2 178.724 -101.906
1421 344.978 326.727 2 187.432 -87.9116
1422 354.978 326.727 2 196.264 -95.8532
1423 364.978 326.727 2 205.202 -94.3721
1424 374.978 326.727 2 214.234 -97.3496
1425 384.978 326.727 2 223.349 -97.2018
1426 394.978 326.727 2 232.537 -93.7214
1427 404.978 326.727 2 241.789 -98.8234
1428 414.978 326.727 2 251.098 -104.667
1429 424.978 326.727 2 260.459 -107.471
1430 434.978 326.727 2 269.865 -97.3675
1431 444.978 326.727 2 279.313 -98.749
1432 454.978 326.727 2 288.798 -107.632
1433 464.978 326.727 2 298.316 -108.102
1434 474.978 326.727 2 307.865 -109.522
1435 484.978 326.727 2 317.442 -103.439
1436 84.9784 336.727 2 135.009 -83.2337
1437 94.9784 336.727 2 128.124 -85.669
1438 104.978 336.727 2 121.673 -85.8083
1439 114.978 336.727 2 115.727 -88.5077
1440 124.978 336.727 2 110.369 -84.971
1441 134.978 336.727 2 105.687 -86.7158
1442 144.978 336.727 2 101.776 -89.5941
1443 154.978 336.727 2 98.7256 -92.065
1444 164.978 336.727 2 96.619 -87.5582
1445 174.978 336.727 2 95.5181 -93.8127
1446 184.978 336.727 2 95.4578 -89.0785
1447 194.978 336.727 2 96.44 -89.2875
1448 204.978 336.727 2 98.4335 -93.4679
1449 214.978 336.727 2 101.379 -87.1531
1450 224.978 336.727 2 105.196 -86.2367
1451 234.978 336.727 2 109.793 -86.2462
1452 244.978 336.727 2 115.079 -85.6492
1453 254.978 336.727 2 120.961 -87.8537
1454 264.978 336.727 2 127.358 -82.3031
1455 274.978 336.727 2 134.196 -84.9173
1456 284.978 336.727 2 141.411 -84.1846
1457 294.978 336.727 2 148.948 -85.2415
1458 304.978 336.727 2 156.761 -86.6841
1459 314.978 336.727 2 164.81 -90.4471
1460 324.978 336.727 2 173.063 -87.5182
1461 334.978 336.727 2 181.492 -86.0714
1462 344.978 336.727 2 190.073 -90.9422
1463 354.978 336.727 2 198.787 -86.946
1464 364.978 336.727 2 207.617 -87.9185
1465 374.978 336.727 2 216.549 -87.8514
1466 384.978 336.727 2 225.57 -86.0633
1467 394.978 336.727 2 234.671 -88.2615
1468 404.978 336.727 2 243.842 -97.5808
1469 414.978 336.727 2 253.076 -89.2086
1470 424.978 336.727 2 262.366 -86.0598
1471 434.978 336.727 2 271.706 -85.9455
1472 444.978 336.727 2 281.092 -86.7285
1473 454.978 336.727 2 290.519 -117.536
1474 464.978 336.727 2 299.983 -89.3725
1475 474.978 336.727 2 309.481 -85.345
1476 484.978 336.727 2 319.009 -94.9281
1477 84.9784 346.727 2 139.371 -86.8039
1478 94.9784 346.727 2 132.714 -85.7868
1479 104.978 346.727 2 126.496 -103.893
1480 114.978 346.727 2 120.788 -250
1481 124.978 346.727 2 115.665 -250
1482 134.978 346.727 2 111.206 -250
1483 144.978 346.727 2 107.496 -250
1484 154.978 346.727 2 104.612 -250
1485 164.978 346.727 2 102.627 -250
1486 174.978 346.727 2 101.591 -250
1487 184.978 346.727 2 101.534 -86.0239
1488 194.978 346.727 2 102.458 -92.7538
1489 204.978 346.727 2 104.337 -89.221
1490 214.978 346.727 2 107.12 -94.8483
1491 224.978 346.727 2 110.739 -85.9801
1492 234.978 346.727 2 115.116 -83.3751
1493 244.978 346.727 2 120.167 -250
1494 254.978 346.727 2 125.812 -250
1495 264.978 346.727 2 131.974 -250
1496 274.978 346.727 2 138.584 -121.72
1497 284.978 346.727 2 145.582 -93.7911
1498 294.978 346.727 2 152.913 -88.763
1499 304.978 346.727 2 160.533 -86.0759
1500 314.978 346.727 2 168.403 -85.3912
1501 324.978 346.727 2 176.488 -90.5845
1502 334.978 346.727 2 184.761 -86.7118
1503 344.978 346.727 2 193.197 -87.4085
1504 354.978 346.727 2 201.776 -89.661
1505 364.978 346.727 2 210.48 -86.6729
1506 374.978 346.727 2 219.295 -85.5673
1507 384.978 346.727 2 228.208 -250
1508 394.978 346.727 2 237.207 -250
1509 404.978 346.727 2 246.284 -250
1510 414.978 346.727 2 255.43 -250
1511 424.978 346.727 2 264.637 -250
1512 434.978 346.727 2 273.9 -250
1513 444.978 346.727 2 283.213 -104.596
1514 454.978 346.727 2 292.572 -250
1515 464.978 346.727 2 301.971 -250
1516 474.978 346.727 2 311.408 -104.876
1517 484.978 346.727 2 320.88 -97.8712
1518 84.9784 356.727 2 144.296 -89.0149
1519 94.9784 356.727 2 137.876 -101.588
1520 104.978 356.727 2 131.903 -250
1521 114.978 356.727 2 126.439 -250
1522 124.978 356.727 2 121.554 -250
1523 134.978 356.727 2 117.319 -250
1524 144.978 356.727 2 113.808 -250
1525 154.978 356.727 2 111.089 -250
1526 164.978 356.727 2 109.221 -250
1527 174.978 356.727 2 108.249 -250
1528 184.978 356.727 2 108.195 -88.5979
1529 194.978 356.727 2 109.063 -84.4807
1530 204.978 356.727 2 110.83 -86.396
1531 214.978 356.727 2 113.453 -85.7354
1532 224.978 356.727 2 116.877 -90.457
1533 234.978 356.727 2 121.032 -83.5472
1534 244.978 356.727 2 125.846 -250
1535 254.978 356.727 2 131.246 -250
1536 264.978 356.727 2 137.164 -250
1537 274.978 356.727 2 143.536 -120.702
1538 284.978 356.727 2 150.303 -92.49
1539 294.978 356.727 2 157.415 -84.4682
1540 304.978 356.727 2 164.827 -88.8787
1541 314.978 356.727 2 172.501 -87.1917
1542 324.978 356.727 2 180.402 -86.3334
1543 334.978 356.727 2 188.503 -90.3626
1544 344.978 356.727 2 196.779 -85.694
1545 354.978 356.727 2 205.208 -91.3277
1546 364.978 356.727 2 213.773 -88.8518
1547 374.978 356.727 2 222.458 -91.1064
1548 384.978 356.727 2 231.249 -91.08
1549 394.978 356.727 2 240.134 -250
1550 404.978 356.727 2 249.104 -250
1551 414.978 356.727 2 258.15 -250
1552 424.978 356.727 2 267.264 -250
1553 434.978 356.727 2 276.439 -250
1554 444.978 356.727 2 285.669 -112.901
1555 454.978 356.727 2 294.95 -250
1556 464.978 356.727 2 304.276 -250
1557 474.978 356.727 2 313.643 -94.3779
1558 484.978 356.727 2 323.049 -101.42
1559 84.9784 366.727 2 149.728 -88.2486
1560 94.9784 366.727 2 143.551 -114.125
1561 104.978 366.727 2 137.824 -250
1562 114.978 366.727 2 132.604 -250
1563 124.978 366.727 2 127.955 -250
1564 134.978 366.727 2 123.939 -250
1565 144.978 366.727 2 120.621 -250
1566 154.978 366.727 2 118.058 -250
1567 164.978 366.727 2 116.303 -250
1568 174.978 366.727 2 115.39 -250
1569 184.978 366.727 2 115.34 -94.639
1570 194.978 366.727 2 116.154 -250
1571 204.978 366.727 2 117.814 -250
1572 214.978 366.727 2 120.286 -250
1573 224.978 366.727 2 123.52 -250
1574 234.978 366.727 2 127.458 -250
1575 244.978 366.727 2 132.038 -250
1576 254.978 366.727 2 137.196 -250
1577 264.978 366.727 2 142.867 -250
1578 274.978 366.727 2 148.995 -119.938
1579 284.978 366.727 2 155.525 -94.7613
1580 294.978 366.727 2 162.409 -90.4997
1581 304.978 366.727 2 169.603 -88.4435
1582 314.978 366.727 2 177.069 -89.0787
1583 324.978 366.727 2 184.776 -87.2784
1584 334.978 366.727 2 192.693 -87.4705
1585 344.978 366.727 2 200.796 -87.9383
1586 354.978 366.727 2 209.063 -88.0871
1587 364.978 366.727 2 217.476 -90.3842
1588 374.978 366.727 2 226.019 -88.0744
1589 384.978 366.727 2 234.676 -88.0365
1590 394.978 366.727 2 243.437 -250
1591 404.978 366.727 2 252.289 -250
1592 414.978 366.727 2 261.225 -250
1593 424.978 366.727 2 270.235 -250
1594 434.978 366.727 2 279.312 -250
1595 444.978 366.727 2 288.451 -117.14
1596 454.978 366.727 2 297.645 -250
1597 464.978 366.727 2 306.889 -250
1598 474.978 366.727 2 316.179 -100.463
1599 484.978 366.727 2 325.511 -101.828
1600 84.9784 376.727 2 155.613 -99.1894
1601 94.9784 376.727 2 149.679 -94.7806
1602 104.978 376.727 2 144.196 -250
1603 114.978 376.727 2 139.215 -250
1604 124.978 376.727 2 134.794 -250
1605 134.978 376.727 2 130.988 -250
1606 144.978 376.727 2 127.853 -250
1607 154.978 376.727 2 125.439 -250
1608 164.978 376.727 2 123.787 -250
1609 174.978 376.727 2 122.93 -250
1610 184.978 376.727 2 122.883 -85.7921
1611 194.978 376.727 2 123.648 -250
1612 204.978 376.727 2 125.209 -250
1613 214.978 376.727 2 127.537 -250
1614 224.978 376.727 2 130.592 -250
1615 234.978 376.727 2 134.323 -250
1616 244.978 376.727 2 138.676 -250
1617 254.978 376.727 2 143.595 -250
1618 264.978 376.727 2 149.024 -250
1619 274.978 376.727 2 154.908 -125.653
1620 284.978 376.727 2 161.199 -90.3371
1621 294.978 376.727 2 167.85 -84.7944
1622 304.978 376.727 2 174.82 -88.8782
1623 314.978 376.727 2 182.073 -85.9837
1624 324.978 376.727 2 189.576 -90.0594
1625 334.978 376.727 2 197.301 -86.4342
1626 344.978 376.727 2 205.222 -86.4207
1627 354.978 376.727 2 213.318 -88.309
1628 364.978 376.727 2 221.569 -92.883
1629 374.978 376.727 2 229.96 -85.497
1630 384.978 376.727 2 238.474 -250
1631 394.978 376.727 2 247.1 -250
1632 404.978 376.727 2 255.826 -250
1633 414.978 376.727 2 264.642 -250
1634 424.978 376.727 2 273.539 -250
1635 434.978 376.727 2 282.511 -250
1636 444.978 376.727 2 291.549 -250
1637 454.978 376.727 2 300.648 -250
1638 464.978 376.727 2 309.803 -250
1639 474.978 376.727 2 319.008 -103.851
1640 484.978 376.727 2 328.26 -105.511
1641 84.9784 386.727 2 161.903 -100.572
1642 94.9784 386.727 2 156.208 -107.496
1643 104.978 386.727 2 150.962 -94.4241
1644 114.978 386.727 2 146.212 -250
1645 124.978 386.727 2 142.008 -250
1646 134.978 386.727 2 138.401 -250
1647 144.978 386.727 2 135.438 -250
1648 154.978 386.727 2 133.161 -250
1649 164.978 386.727 2 131.607 -250
1650 174.978 386.727 2 130.801 -250
1651 184.978 386.727 2 130.757 -87.3279
1652 194.978 386.727 2 131.475 -250
1653 204.978 386.727 2 132.945 -250
1654 214.978 386.727 2 135.14 -250
1655 224.978 386.727 2 138.026 -250
1656 234.978 386.727 2 141.562 -250
1657 244.978 386.727 2 145.699 -250
1658 254.978 386.727 2 150.388 -250
1659 264.978 386.727 2 155.58 -250
1660 274.978 386.727 2 161.225 -114.265
1661 284.978 386.727 2 167.279 -99.8012
1662 294.978 386.727 2 173.697 -87.1425
1663 304.978 386.727 2 180.441 -85.8862
1664 314.978 386.727 2 187.477 -89.7292
1665 324.978 386.727 2 194.772 -86.5553
1666 334.978 386.727 2 202.298 -86.9875
1667 344.978 386.727 2 210.031 -86.8726
1668 354.978 386.727 2 217.948 -89.2119
1669 364.978 386.727 2 226.031 -86.5022
1670 374.978 386.727 2 234.262 -84.0026
1671 384.978 386.727 2 242.625 -250
1672 394.978 386.727 2 251.108 -250
1673 404.978 386.727 2 259.7 -250
1674 414.978 386.727 2 268.388 -250
1675 424.978 386.727 2 277.166 -250
1676 434.978 386.727 2 286.023 -250
1677 444.978 386.727 2 294.954 -250
1678 454.978 386.727 2 303.951 -250
1679 464.978 386.727 2 313.009 -250
1680 474.978 386.727 2 322.123 -99.4113
1681 484.978 386.727 2 331.288 -102.157
1682 84.9784 396.727 2 168.551 -99.707
1683 94.9784 396.727 2 163.089 -116.594
1684 104.978 396.727 2 158.071 -93.9916
1685 114.978 396.727 2 153.541 -96.2624
1686 124.978 396.727 2 149.544 -94.0021
1687 134.978 396.727 2 146.123 -101.046
1688 144.978 396.727 2 143.319 -98.1627
1689 154.978 396.727 2 141.17 -102.14
1690 164.978 396.727 2 139.704 -95.7998
1691 174.978 396.727 2 138.945 -102.614
1692 184.978 396.727 2 138.904 -88.8397
1693 194.978 396.727 2 139.581 -97.6818
1694 204.978 396.727 2 140.966 -93.0021
1695 214.978 396.727 2 143.038 -91.2282
1696 224.978 396.727 2 145.768 -91.2323
1697 234.978 396.727 2 149.12 -96.1162
1698 244.978 396.727 2 153.053 -250
1699 254.978 396.727 2 157.524 -250
1700 264.978 396.727 2 162.487 -250
1701 274.978 396.727 2 167.901 -98.898
1702 284.978 396.727 2 173.721 -92.9787
1703 294.978 396.727 2 179.91 -86.2928
1704 304.978 396.727 2 186.43 -88.3388
1705 314.978 396.727 2 193.247 -86.832
1706 324.978 396.727 2 200.332 -86.2209
1707 334.978 396.727 2 207.657 -85.8674
1708 344.978 396.727 2 215.198 -90.3606
1709 354.978 396.727 2 222.932 -89.6697
1710 364.978 396.727 2 230.84 -83.6809
1711 374.978 396.727 2 238.905 -87.4883
1712 384.978 396.727 2 247.111 -250
1713 394.978 396.727 2 255.446 -250
1714 404.978 396.727 2 263.896 -250
1715 414.978 396.727 2 272.451 -250
1716 424.978 396.727 2 281.101 -250
1717 434.978 396.727 2 289.839 -250
1718 444.978 396.727 2 298.655 -250
1719 454.978 396.727 2 307.544 -250
1720 464.978 396.727 2 316.499 -250
1721 474.978 396.727 2 325.515 -99.1991
1722 484.978 396.727 2 334.587 -99.7178
1723 84.9784 406.727 2 175.518 -91.6325
1724 94.9784 406.727 2 170.279 -107.573
1725 104.978 406.727 2 165.48 -120.447
1726 114.978 406.727 2 161.158 -102.129
1727 124.978 406.727 2 157.354 -102.568
1728 134.978 406.727 2 154.107 -104.422
1729 144.978 406.727 2 151.451 -112.901
1730 154.978 406.727 2 149.418 -95.8942
1731 164.978 406.727 2 148.035 -102.68
1732 174.978 406.727 2 147.319 -100.887
1733 184.978 406.727 2 147.28 -82.9678
1734 194.978 406.727 2 147.918 -86.6953
1735 204.978 406.727 2 149.226 -88.8694
1736 214.978 406.727 2 151.185 -95.2885
1737 224.978 406.727 2 153.77 -94.4403
1738 234.978 406.727 2 156.951 -90.5565
1739 244.978 406.727 2 160.693 -86.2602
1740 254.978 406.727 2 164.957 -94.0167
1741 264.978 406.727 2 169.703 -96.1448
1742 274.978 406.727 2 174.893 -93.6238
1743 284.978 406.727 2 180.489 -92.2514
1744 294.978 406.727 2 186.453 -89.0785
1745 304.978 406.727 2 192.751 -88.1848
1746 314.978 406.727 2 199.353 -84.8094
1747 324.978 406.727 2 206.228 -91.7216
1748 334.978 406.727 2 213.351 -87.6548
1749 344.978 406.727 2 220.697 -85.4962
1750 354.978 406.727 2 228.244 -85.1141
1751 364.978 406.727 2 235.975 -91.072
1752 374.978 406.727 2 243.87 -87.3428
1753 384.978 406.727 2 251.915 -85.2728
1754 394.978 406.727 2 260.095 -89.656
1755 404.978 406.727 2 268.399 -100.533
1756 414.978 406.727 2 276.815 -90.2222
1757 424.978 406.727 2 285.333 -90.7114
1758 434.978 406.727 2 293.945 -90.8886
1759 444.978 406.727 2 302.641 -89.7528
1760 454.978 406.727 2 311.417 -91.9187
1761 464.978 406.727 2 320.264 -93.4795
1762 474.978 406.727 2 329.177 -91.8087
1763 484.978 406.727 2 338.151 -92.522
1764 84.9784 416.727 2 182.766 -85.4261
1765 94.9784 416.727 2 177.741 -106.789
1766 104.978 416.727 2 173.149 -107.301
1767 114.978 416.727 2 169.024 -250
1768 124.978 416.727 2 165.401 -250
1769 134.978 416.727 2 162.314 -250
1770 144.978 416.727 2 159.795 -250
1771 154.978 416.727 2 157.87 -99.2796
1772 164.978 416.727 2 156.561 -102.8
1773 174.978 416.727 2 155.884 -101.085
1774 184.978 416.727 2 155.847 -88.1537
1775 194.978 416.727 2 156.451 -86.0929
1776 204.978 416.727 2 157.687 -84.8851
1777 214.978 416.727 2 159.542 -86.6331
1778 224.978 416.727 2 161.995 -87.3585
1779 234.978 416.727 2 165.017 -94.76
1780 244.978 416.727 2 168.58 -87.3361
1781 254.978 416.727 2 172.649 -86.8086
1782 264.978 416.727 2 177.19 -84.4008
1783 274.978 416.727 2 182.167 -87.6514
1784 284.978 416.727 2 187.545 -86.8443
1785 294.978 416.727 2 193.292 -87.248
1786 304.978 416.727 2 199.374 -84.4668
1787 314.978 416.727 2 205.763 -88.2547
1788 324.978 416.727 2 212.431 -87.2193
1789 334.978 416.727 2 219.353 -87.9745
1790 344.978 416.727 2 226.504 -85.1699
1791 354.978 416.727 2 233.864 -89.1975
1792 364.978 416.727 2 241.415 -97.7133
1793 374.978 416.727 2 249.138 -93.6955
1794 384.978 416.727 2 257.017 -92.0084
1795 394.978 416.727 2 265.041 -96.8845
1796 404.978 416.727 2 273.194 -95.7081
1797 414.978 416.727 2 281.467 -87.8261
1798 424.978 416.727 2 289.848 -86.693
1799 434.978 416.727 2 298.329 -87.8723
1800 444.978 416.727 2 306.902 -93.1535
1801 454.978 416.727 2 315.559 -90.8961
1802 464.978 416.727 2 324.293 -95.8947
1803 474.978 416.727 2 333.098 -103.898
1804 484.978 416.727 2 341.969 -93.8826
1805 84.9784 426.727 2 190.264 -85.3736
1806 94.9784 426.727 2 185.443 -102.217
1807 104.978 426.727 2 181.046 -102.494
1808 114.978 426.727 2 177.104 -250
1809 124.978 426.727 2 173.65 -250
1810 134.978 426.727 2 170.713 -250
1811 144.978 426.727 2 168.319 -250
1812 154.978 426.727 2 166.493 -96.617
1813 164.978 426.727 2 165.253 -250
1814 174.978 426.727 2 164.611 -250
1815 184.978 426.727 2 164.576 -250
1816 194.978 426.727 2 165.148 -250
1817 204.978 426.727 2 166.32 -250
1818 214.978 426.727 2 168.08 -250
1819 224.978 426.727 2 170.409 -86.0682
1820 234.978 426.727 2 173.285 -250
1821 244.978 426.727 2 176.681 -250
1822 254.978 426.727 2 180.568 -250
1823 264.978 426.727 2 184.914 -250
1824 274.978 426.727 2 189.688 -105.737
1825 284.978 426.727 2 194.859 -86.9689
1826 294.978 426.727 2 200.396 -93.6911
1827 304.978 426.727 2 206.27 -250
1828 314.978 426.727 2 212.451 -250
1829 324.978 426.727 2 218.916 -250
1830 334.978 426.727 2 225.638 -250
1831 344.978 426.727 2 232.596 -250
1832 354.978 426.727 2 239.77 -250
1833 364.978 426.727 2 247.14 -250
1834 374.978 426.727 2 254.689 -250
1835 384.978 426.727 2 262.402 -250
1836 394.978 426.727 2 270.266 -250
1837 404.978 426.727 2 278.266 -250
1838 414.978 426.727 2 286.392 -250
1839 424.978 426.727 2 294.634 -250
1840 434.978 426.727 2 302.981 -250
1841 444.978 426.727 2 311.426 -250
1842 454.978 426.727 2 319.96 -250
1843 464.978 426.727 2 328.577 -103.919
1844 474.978 426.727 2 337.27 -97.4743
1845 484.978 426.727 2 346.034 -250
1846 84.9784 436.727 2 197.984 -87.2963
1847 94.9784 436.727 2 193.355 -86.0528
1848 104.978 436.727 2 189.142 -106.483
1849 114.978 436.727 2 185.373 -250
1850 124.978 436.727 2 182.076 -250
1851 134.978 436.727 2 179.276 -250
1852 144.978 436.727 2 176.998 -250
1853 154.978 436.727 2 175.262 -86.1378
1854 164.978 436.727 2 174.085 -250
1855 174.978 436.727 2 173.476 -250
1856 184.978 436.727 2 173.443 -250
1857 194.978 436.727 2 173.985 -250
1858 204.978 436.727 2 175.098 -250
1859 214.978 436.727 2 176.771 -250
1860 224.978 436.727 2 178.987 -92.9047
1861 234.978 436.727 2 181.727 -250
1862 244.978 436.727 2 184.968 -250
1863 254.978 436.727 2 188.684 -250
1864 264.978 436.727 2 192.848 -250
1865 274.978 436.727 2 197.43 -113.664
1866 284.978 436.727 2 202.404 -90.934
1867 294.978 436.727 2 207.739 -85.887
1868 304.978 436.727 2 213.411 -250
1869 314.978 436.727 2 219.392 -250
1870 324.978 436.727 2 225.657 -250
1871 334.978 436.727 2 232.184 -250
1872 344.978 436.727 2 238.952 -250
1873 354.978 436.727 2 245.94 -250
1874 364.978 436.727 2 253.131 -250
1875 374.978 436.727 2 260.506 -250
1876 384.978 436.727 2 268.052 -250
1877 394.978 436.727 2 275.754 -250
1878 404.978 436.727 2 283.6 -250
1879 414.978 436.727 2 291.578 -250
1880 424.978 436.727 2 299.676 -250
1881 434.978 436.727 2 307.887 -250
1882 444.978 436.727 2 316.201 -250
1883 454.978 436.727 2 324.61 -250
1884 464.978 436.727 2 333.106 -99.7719
1885 474.978 436.727 2 341.685 -107.79
1886 484.978 436.727 2 350.338 -250
1887 84.9784 446.727 2 205.899 -89.3944
1888 94.9784 446.727 2 201.452 -87.3383
1889 104.978 446.727 2 197.412 -107.259
1890 114.978 446.727 2 193.804 -250
1891 124.978 446.727 2 190.653 -250
1892 134.978 446.727 2 187.981 -250
1893 144.978 446.727 2 185.81 -250
1894 154.978 446.727 2 184.157 -83.278
1895 164.978 446.727 2 183.037 -250
1896 174.978 446.727 2 182.458 -250
1897 184.978 446.727 2 182.426 -250
1898 194.978 446.727 2 182.942 -250
1899 204.978 446.727 2 184.001 -250
1900 214.978 446.727 2 185.593 -250
1901 224.978 446.727 2 187.705 -90.8678
1902 234.978 446.727 2 190.32 -250
1903 244.978 446.727 2 193.417 -250
1904 254.978 446.727 2 196.974 -250
1905 264.978 446.727 2 200.966 -250
1906 274.978 446.727 2 205.367 -93.7312
1907 284.978 446.727 2 210.153 -95.4965
1908 294.978 446.727 2 215.297 -90.6338
1909 304.978 446.727 2 220.774 -250
1910 314.978 446.727 2 226.561 -250
1911 324.978 446.727 2 232.633 -250
1912 334.978 446.727 2 238.97 -250
1913 344.978 446.727 2 245.551 -250
1914 354.978 446.727 2 252.356 -250
1915 364.978 446.727 2 259.369 -250
1916 374.978 446.727 2 266.572 -250
1917 384.978 446.727 2 273.951 -250
1918 394.978 446.727 2 281.492 -250
1919 404.978 446.727 2 289.182 -250
1920 414.978 446.727 2 297.009 -250
1921 424.978 446.727 2 304.964 -250
1922 434.978 446.727 2 313.036 -250
1923 444.978 446.727 2 321.216 -250
1924 454.978 446.727 2 329.497 -250
1925 464.978 446.727 2 337.871 -123.184
1926 474.978 446.727 2 346.331 -111.675
1927 484.978 446.727 2 354.872 -250
1928 84.9784 456.727 2 213.99 -86.6917
1929 94.9784 456.727 2 209.714 -96.5706
1930 104.978 456.727 2 205.836 -104.274
1931 114.978 456.727 2 202.378 -250
1932 124.978 456.727 2 199.363 -250
1933 134.978 456.727 2 196.81 -250
1934 144.978 456.727 2 194.737 -250
1935 154.978 456.727 2 193.16 -82.7186
1936 164.978 456.727 2 192.092 -250
1937 174.978 456.727 2 191.541 -250
1938 184.978 456.727 2 191.511 -250
1939 194.978 456.727 2 192.002 -250
1940 204.978 456.727 2 193.011 -250
1941 214.978 456.727 2 194.53 -250
1942 224.978 456.727 2 196.546 -89.4205
1943 234.978 456.727 2 199.045 -250
1944 244.978 456.727 2 202.008 -250
1945 254.978 456.727 2 205.416 -250
1946 264.978 456.727 2 209.247 -250
1947 274.978 456.727 2 213.478 -92.5377
1948 284.978 456.727 2 218.085 -92.9363
1949 294.978 456.727 2 223.046 -89.9122
1950 304.978 456.727 2 228.338 -250
1951 314.978 456.727 2 233.937 -250
1952 324.978 456.727 2 239.823 -250
1953 334.978 456.727 2 245.975 -250
1954 344.978 456.727 2 252.373 -250
1955 354.978 456.727 2 258.999 -250
1956 364.978 456.727 2 265.837 -250
1957 374.978 456.727 2 272.869 -250
1958 384.978 456.727 2 280.082 -250
1959 394.978 456.727 2 287.462 -250
1960 404.978 456.727 2 294.997 -250
1961 414.978 456.727 2 302.674 -250
1962 424.978 456.727 2 310.483 -250
1963 434.978 456.727 2 318.416 -250
1964 444.978 456.727 2 326.461 -250
1965 454.978 456.727 2 334.612 -250
1966 464.978 456.727 2 342.861 -116.629
1967 474.978 456.727 2 351.201 -118.856
1968 484.978 456.727 2 359.626 -250
1969 84.9784 466.727 2 222.235 -90.0469
1970 94.9784 466.727 2 218.122 -102.83
1971 104.978 466.727 2 214.396 -113.644
1972 114.978 466.727 2 211.078 -250
1973 124.978 466.727 2 208.189 -250
1974 134.978 466.727 2 205.745 -250
1975 144.978 466.727 2 203.763 -250
1976 154.978 466.727 2 202.257 -84.1502
1977 164.978 466.727 2 201.237 -250
1978 174.978 466.727 2 200.711 -250
1979 184.978 466.727 2 200.682 -250
1980 194.978 466.727 2 201.151 -250
1981 204.978 466.727 2 202.115 -250
1982 214.978 466.727 2 203.565 -250
1983 224.978 466.727 2 205.493 -88.0962
1984 234.978 466.727 2 207.884 -250
1985 244.978 466.727 2 210.723 -250
1986 254.978 466.727 2 213.993 -250
1987 264.978 466.727 2 217.672 -250
1988 274.978 466.727 2 221.743 -93.1936
1989 284.978 466.727 2 226.182 -94.3487
1990 294.978 466.727 2 230.969 -92.7514
1991 304.978 466.727 2 236.083 -250
1992 314.978 466.727 2 241.503 -250
1993 324.978 466.727 2 247.209 -250
1994 334.978 466.727 2 253.181 -250
1995 344.978 466.727 2 259.402 -250
1996 354.978 466.727 2 265.853 -250
1997 364.978 466.727 2 272.518 -250
1998 374.978 466.727 2 279.383 -250
1999 384.978 466.727 2 286.432 -250
2000 394.978 466.727 2 293.652 -250
2001 404.978 466.727 2 301.032 -250
2002 414.978 466.727 2 308.559 -250
2003 424.978 466.727 2 316.223 -250
2004 434.978 466.727 2 324.015 -250
2005 444.978 466.727 2 331.925 -250
2006 454.978 466.727 2 339.945 -250
2007 464.978 466.727 2 348.067 -125.041
2008 474.978 466.727 2 356.286 -126.516
2009 484.978 466.727 2 364.593 -250
2010 84.9784 476.727 2 230.62 -87.7834
2011 94.9784 476.727 2 226.659 -106.132
2012 104.978 476.727 2 223.075 -112.105
2013 114.978 476.727 2 219.889 -114.19
2014 124.978 476.727 2 217.116 -109.193
2015 134.978 476.727 2 214.774 -116.858
2016 144.978 476.727 2 212.877 -99.5768
2017 154.978 476.727 2 211.436 -84.9603
2018 164.978 476.727 2 210.46 -115.396
2019 174.978 476.727 2 209.957 -130.389
2020 184.978 476.727 2 209.93 -137.877
2021 194.978 476.727 2 210.378 -126.801
2022 204.978 476.727 2 211.299 -127.629
2023 214.978 476.727 2 212.687 -127.925
2024 224.978 476.727 2 214.533 -86.6423
2025 234.978 476.727 2 216.825 -99.9395
2026 244.978 476.727 2 219.548 -108.809
2027 254.978 476.727 2 222.688 -108.774
2028 264.978 476.727 2 226.226 -120.185
2029 274.978 476.727 2 230.145 -92.4611
2030 284.978 476.727 2 234.425 -94.3594
2031 294.978 476.727 2 239.048 -104.841
2032 304.978 476.727 2 243.992 -250
2033 314.978 476.727 2 249.24 -250
2034 324.978 476.727 2 254.773 -250
2035 334.978 476.727 2 260.572 -250
2036 344.978 476.727 2 266.62 -250
2037 354.978 476.727 2 272.9 -250
2038 364.978 476.727 2 279.398 -250
2039 374.978 476.727 2 286.097 -250
2040 384.978 476.727 2 292.985 -250
2041 394.978 476.727 2 300.048 -250
2042 404.978 476.727 2 307.274 -250
2043 414.978 476.727 2 314.651 -250
2044 424.978 476.727 2 322.171 -250
2045 434.978 476.727 2 329.822 -250
2046 444.978 476.727 2 337.596 -250
2047 454.978 476.727 2 345.484 -250
2048 464.978 476.727 2 353.48 -126.436
2049 474.978 476.727 2 361.575 -125.807
2050 484.978 476.727 2 369.763 -250
2051 84.9784 486.727 2 239.129 -88.8655
2052 94.9784 486.727 2 235.311 -106.515
2053 104.978 486.727 2 231.861 -112.512
2054 114.978 486.727 2 228.797 -109.712
2055 124.978 486.727 2 226.134 -112.829
2056 134.978 486.727 2 223.886 -114.368
2057 144.978 486.727 2 222.067 -106.682
2058 154.978 486.727 2 220.685 -89.813
2059 164.978 486.727 2 219.751 -121.801
2060 174.978 486.727 2 219.269 -133.669
2061 184.978 486.727 2 219.243 -128.949
2062 194.978 486.727 2 219.672 -132.504
2063 204.978 486.727 2 220.555 -134.826
2064 214.978 486.727 2 221.885 -135.153
2065 224.978 486.727 2 223.655 -84.9495
2066 234.978 486.727 2 225.854 -107.104
2067 244.978 486.727 2 228.47 -100.341
2068 254.978 486.727 2 231.488 -100.958
2069 264.978 486.727 2 234.894 -95.5643
2070 274.978 486.727 2 238.671 -94.0953
2071 284.978 486.727 2 242.801 -95.3304
2072 294.978 486.727 2 247.267 -101.192
2073 304.978 486.727 2 252.05 -102.238
2074 314.978 486.727 2 257.134 -97.7408
2075 324.978 486.727 2 262.5 -103.16
2076 334.978 486.727 2 268.132 -109.387
2077 344.978 486.727 2 274.013 -132.02
2078 354.978 486.727 2 280.128 -127.366
2079 364.978 486.727 2 286.461 -123.921
2080 374.978 486.727 2 292.999 -142.078
2081 384.978 486.727 2 299.728 -129.502
2082 394.978 486.727 2 306.636 -131.044
2083 404.978 486.727 2 313.71 -134.807
2084 414.978 486.727 2 320.94 -139.558
2085 424.978 486.727 2 328.315 -142.791
2086 434.978 486.727 2 335.827 -136.107
2087 444.978 486.727 2 343.465 -142.857
2088 454.978 486.727 2 351.221 -125.073
2089 464.978 486.727 2 359.089 -127.178
2090 474.978 486.727 2 367.061 -136.49
2091 484.978 486.727 2 375.129 -133.62
2092 84.9784 496.727 2 247.749 -88.398
2093 94.9784 496.727 2 244.066 -105.55
2094 104.978 496.727 2 240.742 -250
2095 114.978 496.727 2 237.792 -250
2096 124.978 496.727 2 235.231 -250
2097 134.978 496.727 2 233.071 -250
2098 144.978 496.727 2 231.324 -250
2099 154.978 496.727 2 229.998 -250
2100 164.978 496.727 2 229.102 -250
2101 174.978 496.727 2 228.639 -250
2102 184.978 496.727 2 228.614 -250
2103 194.978 496.727 2 229.026 -250
2104 204.978 496.727 2 229.873 -131.823
2105 214.978 496.727 2 231.149 -90.4386
2106 224.978 496.727 2 232.848 -95.0962
2107 234.978 496.727 2 234.961 -250
2108 244.978 496.727 2 237.477 -250
2109 254.978 496.727 2 240.383 -250
2110 264.978 496.727 2 243.664 -250
2111 274.978 496.727 2 247.307 -94.8093
2112 284.978 496.727 2 251.295 -99.9212
2113 294.978 496.727 2 255.613 -101.743
2114 304.978 496.727 2 260.243 -97.6738
2115 314.978 496.727 2 265.169 -109.46
2116 324.978 496.727 2 270.376 -103.902
2117 334.978 496.727 2 275.847 -109.174
2118 344.978 496.727 2 281.567 -119.122
2119 354.978 496.727 2 287.522 -127.995
2120 364.978 496.727 2 293.696 -129.24
2121 374.978 496.727 2 300.076 -133.793
2122 384.978 496.727 2 306.65 -133.14
2123 394.978 496.727 2 313.405 -136.575
2124 404.978 496.727 2 320.33 -136.65
2125 414.978 496.727 2 327.413 -131.76
2126 424.978 496.727 2 334.646 -143.896
2127 434.978 496.727 2 342.018 -139.752
2128 444.978 496.727 2 349.521 -125.018
2129 454.978 496.727 2 357.146 -128.639
2130 464.978 496.727 2 364.886 -130.498
2131 474.978 496.727 2 372.734 -134.76
2132 484.978 496.727 2 380.682 -132.593
2133 84.9784 506.727 2 256.47 -87.791
2134 94.9784 506.727 2 252.913 -107.336
2135 104.978 506.727 2 249.707 -250
2136 114.978 506.727 2 246.865 -250
2137 124.978 506.727 2 244.398 -250
2138 134.978 506.727 2 242.32 -250
2139 144.978 506.727 2 240.64 -250
2140 154.978 506.727 2 239.366 -250
2141 164.978 506.727 2 238.505 -250
2142 174.978 506.727 2 238.061 -250
2143 184.978 506.727 2 238.037 -250
2144 194.978 506.727 2 238.432 -250
2145 204.978 506.727 2 239.246 -118.364
2146 214.978 506.727 2 240.472 -89.8299
2147 224.978 506.727 2 242.106 -116.221
2148 234.978 506.727 2 244.139 -250
2149 244.978 506.727 2 246.561 -250
2150 254.978 506.727 2 249.361 -250
2151 264.978 506.727 2 252.526 -250
2152 274.978 506.727 2 256.043 -97.8582
2153 284.978 506.727 2 259.897 -98.4916
2154 294.978 506.727 2 264.074 -250
2155 304.978 506.727 2 268.558 -250
2156 314.978 506.727 2 273.335 -250
2157 324.978 506.727 2 278.389 -250
2158 334.978 506.727 2 283.705 -250
2159 344.978 506.727 2 289.27 -250
2160 354.978 506.727 2 295.069 -250
2161 364.978 506.727 2 301.088 -250
2162 374.978 506.727 2 307.315 -250
2163 384.978 506.727 2 313.737 -250
2164 394.978 506.727 2 320.343 -250
2165 404.978 506.727 2 327.121 -250
2166 414.978 506.727 2 334.061 -250
2167 424.978 506.727 2 341.153 -129.746
2168 434.978 506.727 2 348.387 -141.336
2169 444.978 506.727 2 355.756 -130.585
2170 454.978 506.727 2 363.25 -128.046
2171 464.978 506.727 2 370.863 -144.072
2172 474.978 506.727 2 378.586 -134.604
2173 484.978 506.727 2 386.414 -250
2174 84.9784 516.727 2 265.28 -88.5518
2175 94.9784 516.727 2 261.844 -107.04
2176 104.978 516.727 2 258.748 -250
2177 114.978 516.727 2 256.006 -250
2178 124.978 516.727 2 253.629 -250
2179 134.978 516.727 2 251.627 -250
2180 144.978 516.727 2 250.009 -250
2181 154.978 516.727 2 248.783 -250
2182 164.978 516.727 2 247.955 -250
2183 174.978 516.727 2 247.528 -250
2184 184.978 516.727 2 247.505 -250
2185 194.978 516.727 2 247.885 -250
2186 204.978 516.727 2 248.667 -115.289
2187 214.978 516.727 2 249.848 -89.655
2188 224.978 516.727 2 251.421 -116.667
2189 234.978 516.727 2 253.379 -250
2190 244.978 516.727 2 255.714 -250
2191 254.978 516.727 2 258.414 -250
2192 264.978 516.727 2 261.47 -250
2193 274.978 516.727 2 264.868 -89.6358
2194 284.978 516.727 2 268.595 -112.941
2195 294.978 516.727 2 272.639 -250
2196 304.978 516.727 2 276.984 -250
2197 314.978 516.727 2 281.618 -250
2198 324.978 516.727 2 286.526 -250
2199 334.978 516.727 2 291.695 -250
2200 344.978 516.727 2 297.11 -250
2201 354.978 516.727 2 302.759 -250
2202 364.978 516.727 2 308.628 -250
2203 374.978 516.727 2 314.706 -250
2204 384.978 516.727 2 320.98 -250
2205 394.978 516.727 2 327.44 -250
2206 404.978 516.727 2 334.074 -250
2207 414.978 516.727 2 340.872 -250
2208 424.978 516.727 2 347.825 -136.675
2209 434.978 516.727 2 354.923 -133.208
2210 444.978 516.727 2 362.159 -131.482
2211 454.978 516.727 2 369.523 -132.9
2212 464.978 516.727 2 377.009 -129.947
2213 474.978 516.727 2 384.61 -134.347
2214 484.978 516.727 2 392.317 -250
2215 84.9784 526.727 2 274.173 -88.75
2216 94.9784 526.727 2 270.849 -250
2217 104.978 526.727 2 267.858 -250
2218 114.978 526.727 2 265.21 -250
2219 124.978 526.727 2 262.916 -250
2220 134.978 526.727 2 260.985 -250
2221 144.978 526.727 2 259.426 -250
2222 154.978 526.727 2 258.244 -250
2223 164.978 526.727 2 257.446 -250
2224 174.978 526.727 2 257.035 -250
2225 184.978 526.727 2 257.013 -250
2226 194.978 526.727 2 257.379 -250
2227 204.978 526.727 2 258.133 -108.747
2228 214.978 526.727 2 259.27 -91.6046
2229 224.978 526.727 2 260.786 -126.568
2230 234.978 526.727 2 262.675 -250
2231 244.978 526.727 2 264.927 -250
2232 254.978 526.727 2 267.535 -250
2233 264.978 526.727 2 270.487 -250
2234 274.978 526.727 2 273.773 -97.0789
2235 284.978 526.727 2 277.381 -99.5358
2236 294.978 526.727 2 281.299 -250
2237 304.978 526.727 2 285.512 -250
2238 314.978 526.727 2 290.01 -250
2239 324.978 526.727 2 294.778 -250
2240 334.978 526.727 2 299.805 -250
2241 344.978 526.727 2 305.076 -250
2242 354.978 526.727 2 310.58 -250
2243 364.978 526.727 2 316.304 -250
2244 374.978 526.727 2 322.237 -250
2245 384.978 526.727 2 328.367 -250
2246 394.978 526.727 2 334.684 -250
2247 404.978 526.727 2 341.178 -250
2248 414.978 526.727 2 347.837 -250
2249 424.978 526.727 2 354.654 -147.605
2250 434.978 526.727 2 361.618 -131.521
2251 444.978 526.727 2 368.722 -132.058
2252 454.978 526.727 2 375.958 -126.361
2253 464.978 526.727 2 383.318 -129.841
2254 474.978 526.727 2 390.796 -134.105
2255 484.978 526.727 2 398.384 -250
2256 84.9784 536.727 2 283.139 -88.4038
2257 94.9784 536.727 2 279.922 -116.429
2258 104.978 536.727 2 277.028 -250
2259 114.978 536.727 2 274.469 -250
2260 124.978 536.727 2 272.253 -250
2261 134.978 536.727 2 270.389 -250
2262 144.978 536.727 2 268.884 -250
2263 154.978 536.727 2 267.745 -250
2264 164.978 536.727 2 266.975 -250
2265 174.978 536.727 2 266.578 -250
2266 184.978 536.727 2 266.557 -250
2267 194.978 536.727 2 266.91 -250
2268 204.978 536.727 2 267.637 -111.127
2269 214.978 536.727 2 268.734 -90.7522
2270 224.978 536.727 2 270.197 -106.785
2271 234.978 536.727 2 272.02 -250
2272 244.978 536.727 2 274.196 -250
2273 254.978 536.727 2 276.716 -250
2274 264.978 536.727 2 279.572 -250
2275 274.978 536.727 2 282.752 -97.436
2276 284.978 536.727 2 286.247 -100.024
2277 294.978 536.727 2 290.045 -250
2278 304.978 536.727 2 294.133 -250
2279 314.978 536.727 2 298.501 -250
2280 324.978 536.727 2 303.136 -250
2281 334.978 536.727 2 308.026 -250
2282 344.978 536.727 2 313.159 -250
2283 354.978 536.727 2 318.523 -250
2284 364.978 536.727 2 324.107 -250
2285 374.978 536.727 2 329.9 -250
2286 384.978 536.727 2 335.89 -250
2287 394.978 536.727 2 342.068 -250
2288 404.978 536.727 2 348.424 -250
2289 414.978 536.727 2 354.947 -250
2290 424.978 536.727 2 361.63 -137.778
2291 434.978 536.727 2 368.463 -139.438
2292 444.978 536.727 2 375.437 -133.742
2293 454.978 536.727 2 382.546 -132.564
2294 464.978 536.727 2 389.782 -131.247
2295 474.978 536.727 2 397.138 -124.586
2296 484.978 536.727 2 404.607 -250
2297 84.9784 546.727 2 292.172 -98.2561
2298 94.9784 546.727 2 289.056 -120.516
2299 104.978 546.727 2 286.255 -250
2300 114.978 546.727 2 283.778 -250
2301 124.978 546.727 2 281.636 -250
2302 134.978 546.727 2 279.834 -250
2303 144.978 546.727 2 278.38 -250
2304 154.978 546.727 2 277.28 -250
2305 164.978 546.727 2 276.537 -250
2306 174.978 546.727 2 276.154 -250
2307 184.978 546.727 2 276.133 -250
2308 194.978 546.727 2 276.474 -250
2309 204.978 546.727 2 277.176 -108.185
2310 214.978 546.727 2 278.236 -97.8471
2311 224.978 546.727 2 279.649 -108.159
2312 234.978 546.727 2 281.411 -250
2313 244.978 546.727 2 283.515 -250
2314 254.978 546.727 2 285.953 -250
2315 264.978 546.727 2 288.717 -250
2316 274.978 546.727 2 291.798 -103.853
2317 284.978 546.727 2 295.185 -95.6542
2318 294.978 546.727 2 298.869 -250
2319 304.978 546.727 2 302.839 -250
2320 314.978 546.727 2 307.083 -250
2321 324.978 546.727 2 311.59 -250
2322 334.978 546.727 2 316.349 -250
2323 344.978 546.727 2 321.349 -250
2324 354.978 546.727 2 326.579 -250
2325 364.978 546.727 2 332.028 -250
2326 374.978 546.727 2 337.684 -250
2327 384.978 546.727 2 343.539 -250
2328 394.978 546.727 2 349.582 -250
2329 404.978 546.727 2 355.804 -250
2330 414.978 546.727 2 362.194 -250
2331 424.978 546.727 2 368.745 -141.833
2332 434.978 546.727 2 375.449 -138.232
2333 444.978 546.727 2 382.296 -129.483
2334 454.978 546.727 2 389.28 -133.176
2335 464.978 546.727 2 396.393 -135.08
2336 474.978 546.727 2 403.628 -136.124
2337 484.978 546.727 2 410.979 -250
2338 84.9784 556.727 2 301.267 -109.17
2339 94.9784 556.727 2 298.245 -124.249
2340 104.978 556.727 2 295.531 -152.645
2341 114.978 556.727 2 293.133 -152.192
2342 124.978 556.727 2 291.06 -150.525
2343 134.978 556.727 2 289.317 -145.439
2344 144.978 556.727 2 287.911 -149.564
2345 154.978 556.727 2 286.847 -154.863
2346 164.978 556.727 2 286.129 -155.387
2347 174.978 556.727 2 285.759 -149.892
2348 184.978 556.727 2 285.739 -156.787
2349 194.978 556.727 2 286.068 -153.844
2350 204.978 556.727 2 286.747 -113.989
2351 214.978 556.727 2 287.771 -102.584
2352 224.978 556.727 2 289.138 -111.806
2353 234.978 556.727 2 290.842 -147.586
2354 244.978 556.727 2 292.878 -145.156
2355 254.978 556.727 2 295.239 -136.804
2356 264.978 556.727 2 297.917 -100.348
2357 274.978 556.727 2 300.904 -103.163
2358 284.978 556.727 2 304.19 -99.9021
2359 294.978 556.727 2 307.766 -100.009
2360 304.978 556.727 2 311.622 -128.167
2361 314.978 556.727 2 315.748 -134.299
2362 324.978 556.727 2 320.133 -139.315
2363 334.978 556.727 2 324.767 -139.686
2364 344.978 556.727 2 329.64 -142.498
2365 354.978 556.727 2 334.74 -148.263
2366 364.978 556.727 2 340.058 -147.155
2367 374.978 556.727 2 345.583 -159.972
2368 384.978 556.727 2 351.306 -153.412
2369 394.978 556.727 2 357.218 -159.222
2370 404.978 556.727 2 363.309 -143.546
2371 414.978 556.727 2 369.57 -134.617
2372 424.978 556.727 2 375.992 -138.46
2373 434.978 556.727 2 382.569 -132.902
2374 444.978 556.727 2 389.291 -134.825
2375 454.978 556.727 2 396.151 -134.478
2376 464.978 556.727 2 403.143 -132.858
2377 474.978 556.727 2 410.259 -152.415
2378 484.978 556.727 2 417.494 -141.667
2379 84.9784 566.727 2 310.417 -114.18
2380 94.9784 566.727 2 307.485 -119.044
2381 104.978 566.727 2 304.854 -142.345
2382 114.978 566.727 2 302.53 -138.407
2383 124.978 566.727 2 300.521 -134.219
2384 134.978 566.727 2 298.833 -134.791
2385 144.978 566.727 2 297.472 -138.298
2386 154.978 566.727 2 296.443 -139.808
2387 164.978 566.727 2 295.748 -142.239
2388 174.978 566.727 2 295.39 -140.355
2389 184.978 566.727 2 295.37 -138.977
2390 194.978 566.727 2 295.689 -114.25
2391 204.978 566.727 2 296.345 -115.119
2392 214.978 566.727 2 297.337 -117.79
2393 224.978 566.727 2 298.66 -103.675
2394 234.978 566.727 2 300.31 -101.392
2395 244.978 566.727 2 302.282 -113.072
2396 254.978 566.727 2 304.57 -118.289
2397 264.978 566.727 2 307.167 -94.1816
2398 274.978 566.727 2 310.064 -95.4342
2399 284.978 566.727 2 313.255 -106.89
2400 294.978 566.727 2 316.728 -89.0803
2401 304.978 566.727 2 320.477 -119.175
2402 314.978 566.727 2 324.49 -125.891
2403 324.978 566.727 2 328.759 -141.892
2404 334.978 566.727 2 333.273 -134.25
2405 344.978 566.727 2 338.023 -132.473
2406 354.978 566.727 2 342.998 -133.567
2407 364.978 566.727 2 348.19 -152.89
2408 374.978 566.727 2 353.588 -142.903
2409 384.978 566.727 2 359.184 -139.184
2410 394.978 566.727 2 364.968 -141.007
2411 404.978 566.727 2 370.932 -129.724
2412 414.978 566.727 2 377.066 -128.349
2413 424.978 566.727 2 383.363 -135.405
2414 434.978 566.727 2 389.815 -130.233
2415 444.978 566.727 2 396.414 -136.849
2416 454.978 566.727 2 403.153 -141.35
2417 464.978 566.727 2 410.026 -130.374
2418 474.978 566.727 2 417.025 -135.401
2419 484.978 566.727 2 424.144 -137.03
2420 84.9784 576.727 2 319.618 -126.155
2421 94.9784 576.727 2 316.772 -120.981
2422 104.978 576.727 2 314.218 -135.617
2423 114.978 576.727 2 311.964 -131.963
2424 124.978 576.727 2 310.016 -130.496
2425 134.978 576.727 2 308.38 -130.021
2426 144.978 576.727 2 307.061 -133.269
2427 154.978 576.727 2 306.064 -136.457
2428 164.978 576.727 2 305.391 -130.445
2429 174.978 576.727 2 305.045 -135.513
2430 184.978 576.727 2 305.026 -107.149
2431 194.978 576.727 2 305.334 -110.888
2432 204.978 576.727 2 305.97 -122.232
2433 214.978 576.727 2 306.93 -115.818
2434 224.978 576.727 2 308.212 -99.2785
2435 234.978 576.727 2 309.811 -104.691
2436 244.978 576.727 2 311.723 -108.149
2437 254.978 576.727 2 313.943 -102.714
2438 264.978 576.727 2 316.462 -93.0866
2439 274.978 576.727 2 319.276 -92.8175
2440 284.978 576.727 2 322.375 -103.871
2441 294.978 576.727 2 325.751 -92.3144
2442 304.978 576.727 2 329.397 -106.878
2443 314.978 576.727 2 333.303 -119.767
2444 324.978 576.727 2 337.46 -129.091
2445 334.978 576.727 2 341.859 -130.13
2446 344.978 576.727 2 346.491 -129.809
2447 354.978 576.727 2 351.347 -138.1
2448 364.978 576.727 2 356.417 -139.986
2449 374.978 576.727 2 361.693 -138.325
2450 384.978 576.727 2 367.165 -132.352
2451 394.978 576.727 2 372.825 -132.18
2452 404.978 576.727 2 378.665 -129.687
2453 414.978 576.727 2 384.676 -139.282
2454 424.978 576.727 2 390.851 -128.45
2455 434.978 576.727 2 397.181 -149.4
2456 444.978 576.727 2 403.66 -131.55
2457 454.978 576.727 2 410.28 -127.785
2458 464.978 576.727 2 417.035 -139.77
2459 474.978 576.727 2 423.918 -142.064
2460 484.978 576.727 2 430.924 -146.423
2461 84.9784 586.727 2 328.866 -136.175
2462 94.9784 586.727 2 326.1 -120.044
2463 104.978 586.727 2 323.62 -126.615
2464 114.978 586.727 2 321.432 -126.677
2465 124.978 586.727 2 319.541 -129.152
2466 134.978 586.727 2 317.955 -132.557
2467 144.978 586.727 2 316.676 -141.775
2468 154.978 586.727 2 315.709 -151.849
2469 164.978 586.727 2 315.057 -129.67
2470 174.978 586.727 2 314.721 -95.1105
2471 184.978 586.727 2 314.702 -106.566
2472 194.978 586.727 2 315.002 -117.041
2473 204.978 586.727 2 315.618 -119.076
2474 214.978 586.727 2 316.549 -109.427
2475 224.978 586.727 2 317.792 -116.781
2476 234.978 586.727 2 319.343 -104.368
2477 244.978 586.727 2 321.199 -104.726
2478 254.978 586.727 2 323.353 -94.818
2479 264.978 586.727 2 325.8 -94.5271
2480 274.978 586.727 2 328.533 -98.6117
2481 284.978 586.727 2 331.546 -100.137
2482 294.978 586.727 2 334.83 -89.5802
2483 304.978 586.727 2 338.378 -89.1977
2484 314.978 586.727 2 342.181 -125.435
2485 324.978 586.727 2 346.232 -130.508
2486 334.978 586.727 2 350.521 -124.74
2487 344.978 586.727 2 355.04 -136.575
2488 354.978 586.727 2 359.78 -133.933
2489 364.978 586.727 2 364.733 -126.6
2490 374.978 586.727 2 369.89 -134.675
2491 384.978 586.727 2 375.243 -123.609
2492 394.978 586.727 2 380.783 -132.01
2493 404.978 586.727 2 386.503 -128.091
2494 414.978 586.727 2 392.394 -125.653
2495 424.978 586.727 2 398.449 -138.981
2496 434.978 586.727 2 404.66 -125.541
2497 444.978 586.727 2 411.021 -133.295
2498 454.978 586.727 2 417.524 -134.635
2499 464.978 586.727 2 424.164 -131.548
2500 474.978 586.727 2 430.933 -137.264
2501 484.978 586.727 2 437.827 -141.895
