# <Transmitter Set: Tx: 20 tx_ant_grid_60_m - Point 25> 
# <Receiver Set: Rx: 17 rx_ant_grid> 
# <X(m)> <Y(m)> <Z(m)> <Distance(m)> <PathGain(dB)>
1 84.9784 -13.2734 2 562.127 -108.044
2 94.9784 -13.2734 2 555.136 -111.509
3 104.978 -13.2734 2 548.237 -150.874
4 114.978 -13.2734 2 541.436 -139.192
5 124.978 -13.2734 2 534.735 -139.171
6 134.978 -13.2734 2 528.138 -148.257
7 144.978 -13.2734 2 521.649 -116.178
8 154.978 -13.2734 2 515.273 -119.712
9 164.978 -13.2734 2 509.014 -131.262
10 174.978 -13.2734 2 502.875 -132.711
11 184.978 -13.2734 2 496.862 -135.414
12 194.978 -13.2734 2 490.979 -133.212
13 204.978 -13.2734 2 485.231 -131.075
14 214.978 -13.2734 2 479.622 -131.19
15 224.978 -13.2734 2 474.158 -132.144
16 234.978 -13.2734 2 468.844 -135.316
17 244.978 -13.2734 2 463.684 -133.244
18 254.978 -13.2734 2 458.684 -114.707
19 264.978 -13.2734 2 453.85 -116.401
20 274.978 -13.2734 2 449.186 -131.612
21 284.978 -13.2734 2 444.698 -120.982
22 294.978 -13.2734 2 440.392 -116.741
23 304.978 -13.2734 2 436.272 -156.401
24 314.978 -13.2734 2 432.345 -122.823
25 324.978 -13.2734 2 428.615 -126.551
26 334.978 -13.2734 2 425.087 -157.673
27 344.978 -13.2734 2 421.767 -150.477
28 354.978 -13.2734 2 418.66 -182.872
29 364.978 -13.2734 2 415.77 -168.403
30 374.978 -13.2734 2 413.102 -130.545
31 384.978 -13.2734 2 410.66 -119.154
32 394.978 -13.2734 2 408.448 -96.7951
33 404.978 -13.2734 2 406.471 -91.0772
34 414.978 -13.2734 2 404.731 -91.3685
35 424.978 -13.2734 2 403.231 -91.2437
36 434.978 -13.2734 2 401.975 -89.5434
37 444.978 -13.2734 2 400.964 -131.385
38 454.978 -13.2734 2 400.201 -137.549
39 464.978 -13.2734 2 399.687 -136.297
40 474.978 -13.2734 2 399.422 -96.5806
41 484.978 -13.2734 2 399.408 -90.8363
42 84.9784 -3.2734 2 555.143 -118.08
43 94.9784 -3.2734 2 548.063 -107.683
44 104.978 -3.2734 2 541.074 -110.474
45 114.978 -3.2734 2 534.181 -250
46 124.978 -3.2734 2 527.388 -151.972
47 134.978 -3.2734 2 520.698 -123.395
48 144.978 -3.2734 2 514.116 -117.368
49 154.978 -3.2734 2 507.645 -161.261
50 164.978 -3.2734 2 501.29 -134.679
51 174.978 -3.2734 2 495.056 -136.387
52 184.978 -3.2734 2 488.947 -137.969
53 194.978 -3.2734 2 482.967 -135.848
54 204.978 -3.2734 2 477.122 -133.964
55 214.978 -3.2734 2 471.417 -135.167
56 224.978 -3.2734 2 465.857 -139.643
57 234.978 -3.2734 2 460.447 -137.466
58 244.978 -3.2734 2 455.192 -134.709
59 254.978 -3.2734 2 450.098 -116.298
60 264.978 -3.2734 2 445.17 -117.732
61 274.978 -3.2734 2 440.415 -127.348
62 284.978 -3.2734 2 435.837 -117.878
63 294.978 -3.2734 2 431.442 -250
64 304.978 -3.2734 2 427.236 -250
65 314.978 -3.2734 2 423.225 -196.162
66 324.978 -3.2734 2 419.413 -196
67 334.978 -3.2734 2 415.808 -196.251
68 344.978 -3.2734 2 412.413 -147.504
69 354.978 -3.2734 2 409.235 -184.847
70 364.978 -3.2734 2 406.278 -185.42
71 374.978 -3.2734 2 403.547 -186.323
72 384.978 -3.2734 2 401.047 -187.398
73 394.978 -3.2734 2 398.782 -102.379
74 404.978 -3.2734 2 396.756 -91.8312
75 414.978 -3.2734 2 394.973 -92.069
76 424.978 -3.2734 2 393.437 -93.8834
77 434.978 -3.2734 2 392.149 -90.4475
78 444.978 -3.2734 2 391.113 -175.685
79 454.978 -3.2734 2 390.331 -176.821
80 464.978 -3.2734 2 389.803 -175.244
81 474.978 -3.2734 2 389.532 -97.9932
82 484.978 -3.2734 2 389.517 -90.1546
83 84.9784 6.7266 2 548.253 -117.362
84 94.9784 6.7266 2 541.082 -111.498
85 104.978 6.7266 2 534.002 -110.013
86 114.978 6.7266 2 527.017 -119.92
87 124.978 6.7266 2 520.13 -250
88 134.978 6.7266 2 513.345 -161.969
89 144.978 6.7266 2 506.668 -153.598
90 154.978 6.7266 2 500.1 -168.172
91 164.978 6.7266 2 493.649 -169.023
92 174.978 6.7266 2 487.317 -142.131
93 184.978 6.7266 2 481.109 -140.243
94 194.978 6.7266 2 475.031 -142.142
95 204.978 6.7266 2 469.087 -147.883
96 214.978 6.7266 2 463.283 -142.58
97 224.978 6.7266 2 457.624 -141.617
98 234.978 6.7266 2 452.115 -146.218
99 244.978 6.7266 2 446.763 -145.78
100 254.978 6.7266 2 441.571 -165.057
101 264.978 6.7266 2 436.548 -116.374
102 274.978 6.7266 2 431.697 -125.715
103 284.978 6.7266 2 427.025 -120.66
104 294.978 6.7266 2 422.539 -250
105 304.978 6.7266 2 418.244 -250
106 314.978 6.7266 2 414.145 -250
107 324.978 6.7266 2 410.25 -250
108 334.978 6.7266 2 406.563 -250
109 344.978 6.7266 2 403.09 -250
110 354.978 6.7266 2 399.838 -250
111 364.978 6.7266 2 396.811 -250
112 374.978 6.7266 2 394.014 -250
113 384.978 6.7266 2 391.453 -250
114 394.978 6.7266 2 389.132 -128.005
115 404.978 6.7266 2 387.056 -94.0006
116 414.978 6.7266 2 385.229 -92.1528
117 424.978 6.7266 2 383.653 -94.041
118 434.978 6.7266 2 382.332 -96.2817
119 444.978 6.7266 2 381.27 -250
120 454.978 6.7266 2 380.467 -250
121 464.978 6.7266 2 379.926 -250
122 474.978 6.7266 2 379.647 -93.072
123 484.978 6.7266 2 379.632 -90.8976
124 84.9784 16.7266 2 541.459 -116.381
125 94.9784 16.7266 2 534.197 -117.394
126 104.978 16.7266 2 527.025 -123.795
127 114.978 16.7266 2 519.946 -122.425
128 124.978 16.7266 2 512.964 -250
129 134.978 16.7266 2 506.084 -156.043
130 144.978 16.7266 2 499.309 -161.779
131 154.978 16.7266 2 492.643 -151.226
132 164.978 16.7266 2 486.093 -190.784
133 174.978 16.7266 2 479.661 -159.789
134 184.978 16.7266 2 473.353 -250
135 194.978 16.7266 2 467.174 -250
136 204.978 16.7266 2 461.129 -250
137 214.978 16.7266 2 455.223 -250
138 224.978 16.7266 2 449.463 -250
139 234.978 16.7266 2 443.853 -250
140 244.978 16.7266 2 438.399 -250
141 254.978 16.7266 2 433.108 -250
142 264.978 16.7266 2 427.985 -111.666
143 274.978 16.7266 2 423.036 -119.608
144 284.978 16.7266 2 418.268 -139.667
145 294.978 16.7266 2 413.686 -250
146 304.978 16.7266 2 409.298 -250
147 314.978 16.7266 2 405.109 -250
148 324.978 16.7266 2 401.126 -127.369
149 334.978 16.7266 2 397.354 -126.049
150 344.978 16.7266 2 393.8 -250
151 354.978 16.7266 2 390.47 -250
152 364.978 16.7266 2 387.37 -250
153 374.978 16.7266 2 384.505 -250
154 384.978 16.7266 2 381.88 -140.097
155 394.978 16.7266 2 379.501 -126.482
156 404.978 16.7266 2 377.372 -93.2134
157 414.978 16.7266 2 375.497 -90.8937
158 424.978 16.7266 2 373.88 -95.9829
159 434.978 16.7266 2 372.525 -102.703
160 444.978 16.7266 2 371.434 -250
161 454.978 16.7266 2 370.61 -250
162 464.978 16.7266 2 370.055 -250
163 474.978 16.7266 2 369.769 -92.1049
164 484.978 16.7266 2 369.753 -90.3507
165 84.9784 26.7266 2 534.766 -111.485
166 94.9784 26.7266 2 527.412 -119.95
167 104.978 26.7266 2 520.146 -120.185
168 114.978 26.7266 2 512.972 -133.078
169 124.978 26.7266 2 505.894 -121.571
170 134.978 26.7266 2 498.916 -159.755
171 144.978 26.7266 2 492.043 -149.106
172 154.978 26.7266 2 485.278 -250
173 164.978 26.7266 2 478.626 -172.204
174 174.978 26.7266 2 472.093 -151.596
175 184.978 26.7266 2 465.682 -162.27
176 194.978 26.7266 2 459.4 -250
177 204.978 26.7266 2 453.252 -250
178 214.978 26.7266 2 447.242 -250
179 224.978 26.7266 2 441.377 -250
180 234.978 26.7266 2 435.663 -250
181 244.978 26.7266 2 430.106 -250
182 254.978 26.7266 2 424.711 -250
183 264.978 26.7266 2 419.485 -117.562
184 274.978 26.7266 2 414.435 -130.607
185 284.978 26.7266 2 409.567 -128.013
186 294.978 26.7266 2 404.887 -250
187 304.978 26.7266 2 400.402 -250
188 314.978 26.7266 2 396.119 -113.753
189 324.978 26.7266 2 392.044 -123.162
190 334.978 26.7266 2 388.184 -137.436
191 344.978 26.7266 2 384.546 -119.977
192 354.978 26.7266 2 381.135 -123.809
193 364.978 26.7266 2 377.959 -250
194 374.978 26.7266 2 375.022 -250
195 384.978 26.7266 2 372.33 -129.009
196 394.978 26.7266 2 369.889 -134.164
197 404.978 26.7266 2 367.704 -92.0243
198 414.978 26.7266 2 365.78 -90.2323
199 424.978 26.7266 2 364.12 -98.1987
200 434.978 26.7266 2 362.729 -101.434
201 444.978 26.7266 2 361.608 -90.0586
202 454.978 26.7266 2 360.762 -250
203 464.978 26.7266 2 360.191 -250
204 474.978 26.7266 2 359.897 -88.9894
205 484.978 26.7266 2 359.881 -88.005
206 84.9784 36.7266 2 528.178 -111.535
207 94.9784 36.7266 2 520.731 -114.757
208 104.978 36.7266 2 513.37 -125.11
209 114.978 36.7266 2 506.1 -123.317
210 124.978 36.7266 2 498.925 -119.713
211 134.978 36.7266 2 491.848 -121.817
212 144.978 36.7266 2 484.874 -144.416
213 154.978 36.7266 2 478.008 -174.082
214 164.978 36.7266 2 471.254 -158.72
215 174.978 36.7266 2 464.617 -148.409
216 184.978 36.7266 2 458.102 -144.087
217 194.978 36.7266 2 451.714 -135.618
218 204.978 36.7266 2 445.459 -122.992
219 214.978 36.7266 2 439.343 -113.312
220 224.978 36.7266 2 433.372 -250
221 234.978 36.7266 2 427.55 -250
222 244.978 36.7266 2 421.886 -250
223 254.978 36.7266 2 416.385 -250
224 264.978 36.7266 2 411.053 -120.187
225 274.978 36.7266 2 405.898 -116.511
226 284.978 36.7266 2 400.926 -129.437
227 294.978 36.7266 2 396.144 -250
228 304.978 36.7266 2 391.559 -250
229 314.978 36.7266 2 387.179 -116.807
230 324.978 36.7266 2 383.009 -122.453
231 334.978 36.7266 2 379.057 -131.479
232 344.978 36.7266 2 375.33 -124.097
233 354.978 36.7266 2 371.835 -130.704
234 364.978 36.7266 2 368.578 -142.326
235 374.978 36.7266 2 365.566 -129.069
236 384.978 36.7266 2 362.804 -250
237 394.978 36.7266 2 360.299 -250
238 404.978 36.7266 2 358.055 -98.3715
239 414.978 36.7266 2 356.079 -89.0995
240 424.978 36.7266 2 354.373 -96.3402
241 434.978 36.7266 2 352.943 -114.214
242 444.978 36.7266 2 351.792 -95.0455
243 454.978 36.7266 2 350.922 -250
244 464.978 36.7266 2 350.335 -250
245 474.978 36.7266 2 350.033 -88.2111
246 484.978 36.7266 2 350.016 -87.8066
247 84.9784 46.7266 2 521.698 -144.76
248 94.9784 46.7266 2 514.157 -112.149
249 104.978 46.7266 2 506.701 -119.315
250 114.978 46.7266 2 499.334 -162.071
251 124.978 46.7266 2 492.06 -147.754
252 134.978 46.7266 2 484.883 -126.856
253 144.978 46.7266 2 477.808 -153.772
254 154.978 46.7266 2 470.838 -250
255 164.978 46.7266 2 463.98 -250
256 174.978 46.7266 2 457.237 -250
257 184.978 46.7266 2 450.615 -250
258 194.978 46.7266 2 444.12 -250
259 204.978 46.7266 2 437.757 -106.596
260 214.978 46.7266 2 431.532 -123.194
261 224.978 46.7266 2 425.45 -123.518
262 234.978 46.7266 2 419.519 -120.128
263 244.978 46.7266 2 413.745 -109.061
264 254.978 46.7266 2 408.134 -107.931
265 264.978 46.7266 2 402.693 -124.56
266 274.978 46.7266 2 397.43 -124.326
267 284.978 46.7266 2 392.35 -127.669
268 294.978 46.7266 2 387.463 -250
269 304.978 46.7266 2 382.774 -250
270 314.978 46.7266 2 378.291 -250
271 324.978 46.7266 2 374.022 -250
272 334.978 46.7266 2 369.975 -250
273 344.978 46.7266 2 366.155 -250
274 354.978 46.7266 2 362.572 -250
275 364.978 46.7266 2 359.231 -126.325
276 374.978 46.7266 2 356.139 -123.995
277 384.978 46.7266 2 353.304 -250
278 394.978 46.7266 2 350.731 -250
279 404.978 46.7266 2 348.426 -104.262
280 414.978 46.7266 2 346.394 -88.2953
281 424.978 46.7266 2 344.641 -101.497
282 434.978 46.7266 2 343.171 -102.228
283 444.978 46.7266 2 341.986 -101.398
284 454.978 46.7266 2 341.091 -250
285 464.978 46.7266 2 340.487 -250
286 474.978 46.7266 2 340.176 -89.7349
287 484.978 46.7266 2 340.159 -87.2866
288 84.9784 56.7266 2 515.331 -133.606
289 94.9784 56.7266 2 507.695 -115.006
290 104.978 56.7266 2 500.143 -128.326
291 114.978 56.7266 2 492.678 -121.825
292 124.978 56.7266 2 485.304 -150.285
293 134.978 56.7266 2 478.026 -124.501
294 144.978 56.7266 2 470.847 -117.683
295 154.978 56.7266 2 463.773 -250
296 164.978 56.7266 2 456.809 -250
297 174.978 56.7266 2 449.958 -250
298 184.978 56.7266 2 443.228 -250
299 194.978 56.7266 2 436.623 -250
300 204.978 56.7266 2 430.149 -129.152
301 214.978 56.7266 2 423.812 -109.415
302 224.978 56.7266 2 417.618 -107.868
303 234.978 56.7266 2 411.574 -113.935
304 244.978 56.7266 2 405.687 -111.25
305 254.978 56.7266 2 399.963 -117.602
306 264.978 56.7266 2 394.41 -115.642
307 274.978 56.7266 2 389.034 -127.8
308 284.978 56.7266 2 383.844 -118.976
309 294.978 56.7266 2 378.846 -250
310 304.978 56.7266 2 374.049 -250
311 314.978 56.7266 2 369.461 -250
312 324.978 56.7266 2 365.089 -250
313 334.978 56.7266 2 360.941 -250
314 344.978 56.7266 2 357.025 -250
315 354.978 56.7266 2 353.349 -250
316 364.978 56.7266 2 349.92 -122.047
317 374.978 56.7266 2 346.745 -124.603
318 384.978 56.7266 2 343.832 -250
319 394.978 56.7266 2 341.188 -250
320 404.978 56.7266 2 338.818 -119.569
321 414.978 56.7266 2 336.729 -87.5419
322 424.978 56.7266 2 334.925 -101.879
323 434.978 56.7266 2 333.411 -97.6542
324 444.978 56.7266 2 332.192 -101.519
325 454.978 56.7266 2 331.27 -250
326 464.978 56.7266 2 330.649 -250
327 474.978 56.7266 2 330.329 -90.2243
328 484.978 56.7266 2 330.311 -89.1563
329 84.9784 66.7266 2 509.081 -119.16
330 94.9784 66.7266 2 501.35 -137.924
331 104.978 66.7266 2 493.701 -145.248
332 114.978 66.7266 2 486.136 -146.177
333 124.978 66.7266 2 478.662 -124.18
334 134.978 66.7266 2 471.281 -145.644
335 144.978 66.7266 2 463.998 -124.993
336 154.978 66.7266 2 456.818 -121.667
337 164.978 66.7266 2 449.746 -122.337
338 174.978 66.7266 2 442.786 -106.304
339 184.978 66.7266 2 435.945 -106.188
340 194.978 66.7266 2 429.228 -130.257
341 204.978 66.7266 2 422.641 -120.411
342 214.978 66.7266 2 416.189 -113.435
343 224.978 66.7266 2 409.88 -109.233
344 234.978 66.7266 2 403.721 -114.796
345 244.978 66.7266 2 397.717 -117.116
346 254.978 66.7266 2 391.877 -111.6
347 264.978 66.7266 2 386.207 -110.393
348 274.978 66.7266 2 380.716 -116.788
349 284.978 66.7266 2 375.41 -125.307
350 294.978 66.7266 2 370.299 -128.111
351 304.978 66.7266 2 365.39 -113.277
352 314.978 66.7266 2 360.691 -120.659
353 324.978 66.7266 2 356.212 -135.984
354 334.978 66.7266 2 351.959 -126.223
355 344.978 66.7266 2 347.942 -122.993
356 354.978 66.7266 2 344.169 -125.393
357 364.978 66.7266 2 340.648 -131.308
358 374.978 66.7266 2 337.386 -132.226
359 384.978 66.7266 2 334.392 -123.46
360 394.978 66.7266 2 331.672 -132.827
361 404.978 66.7266 2 329.233 -122.367
362 414.978 66.7266 2 327.083 -90.9589
363 424.978 66.7266 2 325.225 -104.691
364 434.978 66.7266 2 323.667 -93.8208
365 444.978 66.7266 2 322.411 -104.202
366 454.978 66.7266 2 321.461 -112.776
367 464.978 66.7266 2 320.82 -114.718
368 474.978 66.7266 2 320.49 -88.1223
369 484.978 66.7266 2 320.472 -89.8319
370 84.9784 76.7266 2 502.952 -124.114
371 94.9784 76.7266 2 495.125 -133.252
372 104.978 76.7266 2 487.378 -143.284
373 114.978 76.7266 2 479.714 -142.903
374 124.978 76.7266 2 472.138 -147.378
375 134.978 76.7266 2 464.653 -124.317
376 144.978 76.7266 2 457.265 -123.591
377 154.978 76.7266 2 449.977 -117.323
378 164.978 76.7266 2 442.796 -112.971
379 174.978 76.7266 2 435.725 -139.35
380 184.978 76.7266 2 428.772 -108.884
381 194.978 76.7266 2 421.94 -107.264
382 204.978 76.7266 2 415.237 -111.343
383 214.978 76.7266 2 408.669 -108.382
384 224.978 76.7266 2 402.242 -107.665
385 234.978 76.7266 2 395.964 -111.638
386 244.978 76.7266 2 389.841 -113.42
387 254.978 76.7266 2 383.881 -137.129
388 264.978 76.7266 2 378.091 -111.157
389 274.978 76.7266 2 372.48 -118.384
390 284.978 76.7266 2 367.056 -124.177
391 294.978 76.7266 2 361.826 -130.055
392 304.978 76.7266 2 356.801 -120.193
393 314.978 76.7266 2 351.988 -127.773
394 324.978 76.7266 2 347.396 -125.136
395 334.978 76.7266 2 343.034 -127.806
396 344.978 76.7266 2 338.911 -125.247
397 354.978 76.7266 2 335.036 -131.5
398 364.978 76.7266 2 331.418 -140.502
399 374.978 76.7266 2 328.064 -124.99
400 384.978 76.7266 2 324.984 -126.518
401 394.978 76.7266 2 322.185 -125.484
402 404.978 76.7266 2 319.674 -123.499
403 414.978 76.7266 2 317.459 -95.5785
404 424.978 76.7266 2 315.545 -108.141
405 434.978 76.7266 2 313.938 -103.743
406 444.978 76.7266 2 312.643 -122.308
407 454.978 76.7266 2 311.663 -115.926
408 464.978 76.7266 2 311.003 -115.857
409 474.978 76.7266 2 310.662 -87.9183
410 484.978 76.7266 2 310.644 -93.3727
411 84.9784 86.7266 2 496.948 -113.602
412 94.9784 86.7266 2 489.025 -127.481
413 104.978 86.7266 2 481.18 -250
414 114.978 86.7266 2 473.416 -250
415 124.978 86.7266 2 465.737 -250
416 134.978 86.7266 2 458.148 -125.074
417 144.978 86.7266 2 450.653 -122.707
418 154.978 86.7266 2 443.257 -250
419 164.978 86.7266 2 435.965 -250
420 174.978 86.7266 2 428.782 -250
421 184.978 86.7266 2 421.713 -118.794
422 194.978 86.7266 2 414.766 -106.72
423 204.978 86.7266 2 407.945 -106.067
424 214.978 86.7266 2 401.257 -108.43
425 224.978 86.7266 2 394.71 -250
426 234.978 86.7266 2 388.31 -250
427 244.978 86.7266 2 382.064 -250
428 254.978 86.7266 2 375.981 -132.501
429 264.978 86.7266 2 370.067 -136.755
430 274.978 86.7266 2 364.333 -123.864
431 284.978 86.7266 2 358.785 -116.403
432 294.978 86.7266 2 353.434 -119.579
433 304.978 86.7266 2 348.287 -129.26
434 314.978 86.7266 2 343.355 -128.934
435 324.978 86.7266 2 338.646 -130.039
436 334.978 86.7266 2 334.17 -122.213
437 344.978 86.7266 2 329.936 -128.8
438 354.978 86.7266 2 325.954 -130.757
439 364.978 86.7266 2 322.234 -138.719
440 374.978 86.7266 2 318.784 -141.772
441 384.978 86.7266 2 315.613 -250
442 394.978 86.7266 2 312.73 -250
443 404.978 86.7266 2 310.143 -250
444 414.978 86.7266 2 307.859 -122.16
445 424.978 86.7266 2 305.885 -105.964
446 434.978 86.7266 2 304.227 -105.356
447 444.978 86.7266 2 302.89 -250
448 454.978 86.7266 2 301.879 -250
449 464.978 86.7266 2 301.197 -250
450 474.978 86.7266 2 300.846 -89.4995
451 484.978 86.7266 2 300.826 -112.509
452 84.9784 96.7266 2 491.075 -115.063
453 94.9784 96.7266 2 483.056 -132.503
454 104.978 96.7266 2 475.112 -129.545
455 114.978 96.7266 2 467.247 -148.709
456 124.978 96.7266 2 459.465 -129.949
457 134.978 96.7266 2 451.771 -122.785
458 144.978 96.7266 2 444.168 -134.201
459 154.978 96.7266 2 436.662 -250
460 164.978 96.7266 2 429.258 -250
461 174.978 96.7266 2 421.96 -250
462 184.978 96.7266 2 414.776 -110.173
463 194.978 96.7266 2 407.71 -250
464 204.978 96.7266 2 400.769 -250
465 214.978 96.7266 2 393.96 -250
466 224.978 96.7266 2 387.289 -250
467 234.978 96.7266 2 380.764 -250
468 244.978 96.7266 2 374.393 -250
469 254.978 96.7266 2 368.183 -250
470 264.978 96.7266 2 362.142 -250
471 274.978 96.7266 2 356.28 -110.848
472 284.978 96.7266 2 350.605 -118.434
473 294.978 96.7266 2 345.127 -124.672
474 304.978 96.7266 2 339.854 -114.634
475 314.978 96.7266 2 334.798 -128.816
476 324.978 96.7266 2 329.966 -110.217
477 334.978 96.7266 2 325.371 -118.73
478 344.978 96.7266 2 321.022 -119.693
479 354.978 96.7266 2 316.928 -136.987
480 364.978 96.7266 2 313.1 -119.253
481 374.978 96.7266 2 309.548 -134.023
482 384.978 96.7266 2 306.282 -250
483 394.978 96.7266 2 303.31 -250
484 404.978 96.7266 2 300.642 -250
485 414.978 96.7266 2 298.285 -116.257
486 424.978 96.7266 2 296.248 -114.049
487 434.978 96.7266 2 294.535 -103.992
488 444.978 96.7266 2 293.155 -250
489 454.978 96.7266 2 292.11 -250
490 464.978 96.7266 2 291.405 -250
491 474.978 96.7266 2 291.041 -90.4051
492 484.978 96.7266 2 291.022 -90.7258
493 84.9784 106.727 2 485.336 -115.114
494 94.9784 106.727 2 477.221 -120.572
495 104.978 106.727 2 469.178 -133.292
496 114.978 106.727 2 461.212 -121.475
497 124.978 106.727 2 453.327 -131.785
498 134.978 106.727 2 445.526 -130.437
499 144.978 106.727 2 437.815 -134.674
500 154.978 106.727 2 430.198 -250
501 164.978 106.727 2 422.681 -250
502 174.978 106.727 2 415.268 -250
503 184.978 106.727 2 407.966 -108.259
504 194.978 106.727 2 400.78 -250
505 204.978 106.727 2 393.717 -250
506 214.978 106.727 2 386.784 -250
507 224.978 106.727 2 379.987 -250
508 234.978 106.727 2 373.334 -250
509 244.978 106.727 2 366.834 -250
510 254.978 106.727 2 360.493 -250
511 264.978 106.727 2 354.322 -250
512 274.978 106.727 2 348.328 -133.576
513 284.978 106.727 2 342.521 -126.824
514 294.978 106.727 2 336.912 -125.622
515 304.978 106.727 2 331.509 -119.175
516 314.978 106.727 2 326.323 -127.42
517 324.978 106.727 2 321.364 -116.735
518 334.978 106.727 2 316.644 -124.371
519 344.978 106.727 2 312.173 -130.081
520 354.978 106.727 2 307.962 -122.646
521 364.978 106.727 2 304.021 -140.585
522 374.978 106.727 2 300.362 -133.27
523 384.978 106.727 2 296.995 -250
524 394.978 106.727 2 293.929 -250
525 404.978 106.727 2 291.175 -250
526 414.978 106.727 2 288.741 -113.575
527 424.978 106.727 2 286.635 -101.72
528 434.978 106.727 2 284.865 -107.044
529 444.978 106.727 2 283.437 -250
530 454.978 106.727 2 282.356 -250
531 464.978 106.727 2 281.627 -250
532 474.978 106.727 2 281.251 -92.3157
533 484.978 106.727 2 281.23 -86.7925
534 84.9784 116.727 2 479.738 -98.0655
535 94.9784 116.727 2 471.526 -122.224
536 104.978 116.727 2 463.385 -135.365
537 114.978 116.727 2 455.317 -250
538 124.978 116.727 2 447.328 -250
539 134.978 116.727 2 439.421 -250
540 144.978 116.727 2 431.601 -250
541 154.978 116.727 2 423.872 -250
542 164.978 116.727 2 416.241 -250
543 174.978 116.727 2 408.711 -250
544 184.978 116.727 2 401.289 -106.338
545 194.978 116.727 2 393.982 -250
546 204.978 116.727 2 386.795 -250
547 214.978 116.727 2 379.735 -250
548 224.978 116.727 2 372.81 -250
549 234.978 116.727 2 366.027 -250
550 244.978 116.727 2 359.394 -250
551 254.978 116.727 2 352.92 -250
552 264.978 116.727 2 346.614 -250
553 274.978 116.727 2 340.484 -131.902
554 284.978 116.727 2 334.541 -126.958
555 294.978 116.727 2 328.795 -119.934
556 304.978 116.727 2 323.257 -131.08
557 314.978 116.727 2 317.936 -120.211
558 324.978 116.727 2 312.845 -250
559 334.978 116.727 2 307.994 -250
560 344.978 116.727 2 303.396 -250
561 354.978 116.727 2 299.061 -250
562 364.978 116.727 2 295.001 -250
563 374.978 116.727 2 291.229 -250
564 384.978 116.727 2 287.755 -250
565 394.978 116.727 2 284.59 -250
566 404.978 116.727 2 281.744 -250
567 414.978 116.727 2 279.228 -250
568 424.978 116.727 2 277.05 -104.915
569 434.978 116.727 2 275.218 -104.75
570 444.978 116.727 2 273.74 -250
571 454.978 116.727 2 272.621 -250
572 464.978 116.727 2 271.865 -250
573 474.978 116.727 2 271.476 -91.769
574 484.978 116.727 2 271.455 -83.9851
575 84.9784 126.727 2 474.284 -96.9615
576 94.9784 126.727 2 465.976 -95.3679
577 104.978 126.727 2 457.736 -122.181
578 114.978 126.727 2 449.567 -250
579 124.978 126.727 2 441.474 -250
580 134.978 126.727 2 433.46 -250
581 144.978 126.727 2 425.531 -250
582 154.978 126.727 2 417.69 -250
583 164.978 126.727 2 409.943 -250
584 174.978 126.727 2 402.296 -250
585 184.978 126.727 2 394.753 -139.367
586 194.978 126.727 2 387.322 -110.07
587 204.978 126.727 2 380.009 -111.992
588 214.978 126.727 2 372.821 -123.725
589 224.978 126.727 2 365.765 -250
590 234.978 126.727 2 358.849 -250
591 244.978 126.727 2 352.081 -250
592 254.978 126.727 2 345.47 -126.907
593 264.978 126.727 2 339.025 -121.1
594 274.978 126.727 2 332.756 -113.401
595 284.978 126.727 2 326.673 -134.708
596 294.978 126.727 2 320.786 -122.38
597 304.978 126.727 2 315.106 -121.802
598 314.978 126.727 2 309.646 -132.818
599 324.978 126.727 2 304.416 -250
600 334.978 126.727 2 299.428 -250
601 344.978 126.727 2 294.696 -250
602 354.978 126.727 2 290.232 -250
603 364.978 126.727 2 286.047 -250
604 374.978 126.727 2 282.155 -250
605 384.978 126.727 2 278.567 -250
606 394.978 126.727 2 275.297 -250
607 404.978 126.727 2 272.354 -250
608 414.978 126.727 2 269.75 -250
609 424.978 126.727 2 267.495 -101.917
610 434.978 126.727 2 265.598 -102.63
611 444.978 126.727 2 264.066 -250
612 454.978 126.727 2 262.905 -250
613 464.978 126.727 2 262.121 -250
614 474.978 126.727 2 261.718 -86.4451
615 484.978 126.727 2 261.696 -82.9748
616 84.9784 136.727 2 468.98 -95.526
617 94.9784 136.727 2 460.577 -94.0492
618 104.978 136.727 2 452.238 -90.5329
619 114.978 136.727 2 443.968 -91.7174
620 124.978 136.727 2 435.771 -90.0998
621 134.978 136.727 2 427.65 -250
622 144.978 136.727 2 419.611 -250
623 154.978 136.727 2 411.657 -250
624 164.978 136.727 2 403.795 -250
625 174.978 136.727 2 396.029 -250
626 184.978 136.727 2 388.365 -114.144
627 194.978 136.727 2 380.809 -124.845
628 204.978 136.727 2 373.369 -119.508
629 214.978 136.727 2 366.05 -107.722
630 224.978 136.727 2 358.861 -250
631 234.978 136.727 2 351.809 -250
632 244.978 136.727 2 344.903 -250
633 254.978 136.727 2 338.152 -109.8
634 264.978 136.727 2 331.565 -111.7
635 274.978 136.727 2 325.152 -127.517
636 284.978 136.727 2 318.923 -126.692
637 294.978 136.727 2 312.891 -129.363
638 304.978 136.727 2 307.065 -116.307
639 314.978 136.727 2 301.459 -119.75
640 324.978 136.727 2 296.084 -250
641 334.978 136.727 2 290.954 -250
642 344.978 136.727 2 286.082 -250
643 354.978 136.727 2 281.481 -250
644 364.978 136.727 2 277.164 -250
645 374.978 136.727 2 273.145 -250
646 384.978 136.727 2 269.438 -250
647 394.978 136.727 2 266.055 -250
648 404.978 136.727 2 263.009 -250
649 414.978 136.727 2 260.312 -250
650 424.978 136.727 2 257.974 -104.381
651 434.978 136.727 2 256.006 -94.8008
652 444.978 136.727 2 254.416 -250
653 454.978 136.727 2 253.212 -250
654 464.978 136.727 2 252.398 -250
655 474.978 136.727 2 251.978 -90.5636
656 484.978 136.727 2 251.956 -84.5379
657 84.9784 146.727 2 463.831 -90.8866
658 94.9784 146.727 2 455.333 -94.2491
659 104.978 146.727 2 446.896 -92.2152
660 114.978 146.727 2 438.526 -91.8888
661 124.978 146.727 2 430.225 -87.3735
662 134.978 146.727 2 421.997 -99.3897
663 144.978 146.727 2 413.848 -92.2426
664 154.978 146.727 2 405.782 -90.9109
665 164.978 146.727 2 397.803 -96.3963
666 174.978 146.727 2 389.918 -103.517
667 184.978 146.727 2 382.131 -117.209
668 194.978 146.727 2 374.45 -116.201
669 204.978 146.727 2 366.88 -116.296
670 214.978 146.727 2 359.43 -124.079
671 224.978 146.727 2 352.105 -104.981
672 234.978 146.727 2 344.915 -103.981
673 244.978 146.727 2 337.868 -124.04
674 254.978 146.727 2 330.974 -115.117
675 264.978 146.727 2 324.241 -126.516
676 274.978 146.727 2 317.68 -122.265
677 284.978 146.727 2 311.302 -131.952
678 294.978 146.727 2 305.119 -126.566
679 304.978 146.727 2 299.142 -127.452
680 314.978 146.727 2 293.384 -127.146
681 324.978 146.727 2 287.859 -133.497
682 334.978 146.727 2 282.58 -122.971
683 344.978 146.727 2 277.561 -121.834
684 354.978 146.727 2 272.816 -134.834
685 364.978 146.727 2 268.36 -106.432
686 374.978 146.727 2 264.207 -106.181
687 384.978 146.727 2 260.372 -96.1392
688 394.978 146.727 2 256.87 -90.3755
689 404.978 146.727 2 253.714 -98.2297
690 414.978 146.727 2 250.917 -103.352
691 424.978 146.727 2 248.491 -96.6039
692 434.978 146.727 2 246.447 -94.2892
693 444.978 146.727 2 244.795 -108.149
694 454.978 146.727 2 243.543 -123.149
695 464.978 146.727 2 242.697 -121.971
696 474.978 146.727 2 242.261 -94.8156
697 484.978 146.727 2 242.237 -87.4771
698 84.9784 156.727 2 458.842 -94.0217
699 94.9784 156.727 2 450.25 -93.805
700 104.978 156.727 2 441.716 -90.8783
701 114.978 156.727 2 433.246 -94.0336
702 124.978 156.727 2 424.842 -94.5733
703 134.978 156.727 2 416.508 -90.2994
704 144.978 156.727 2 408.249 -91.8744
705 154.978 156.727 2 400.07 -93.5869
706 164.978 156.727 2 391.975 -90.6532
707 174.978 156.727 2 383.97 -114.388
708 184.978 156.727 2 376.06 -116.278
709 194.978 156.727 2 368.252 -115.869
710 204.978 156.727 2 360.553 -114.751
711 214.978 156.727 2 352.968 -105.47
712 224.978 156.727 2 345.507 -128.43
713 234.978 156.727 2 338.177 -104.482
714 244.978 156.727 2 330.987 -112.198
715 254.978 156.727 2 323.945 -132.373
716 264.978 156.727 2 317.063 -125.121
717 274.978 156.727 2 310.351 -125.104
718 284.978 156.727 2 303.819 -125.539
719 294.978 156.727 2 297.48 -118.602
720 304.978 156.727 2 291.347 -128.173
721 314.978 156.727 2 285.432 -158.317
722 324.978 156.727 2 279.75 -127.847
723 334.978 156.727 2 274.314 -124.558
724 344.978 156.727 2 269.141 -133.403
725 354.978 156.727 2 264.245 -108.527
726 364.978 156.727 2 259.642 -93.1007
727 374.978 156.727 2 255.348 -94.3763
728 384.978 156.727 2 251.378 -107.134
729 394.978 156.727 2 247.749 -92.1614
730 404.978 156.727 2 244.475 -103.786
731 414.978 156.727 2 241.57 -93.0371
732 424.978 156.727 2 239.05 -98.778
733 434.978 156.727 2 236.925 -106.497
734 444.978 156.727 2 235.206 -130.187
735 454.978 156.727 2 233.902 -114.387
736 464.978 156.727 2 233.021 -118.113
737 474.978 156.727 2 232.567 -97.6295
738 484.978 156.727 2 232.542 -96.7184
739 84.9784 166.727 2 454.019 -94.5641
740 94.9784 166.727 2 445.333 -98.649
741 104.978 166.727 2 436.704 -88.7206
742 114.978 166.727 2 428.134 -92.4871
743 124.978 166.727 2 419.628 -97.2938
744 134.978 166.727 2 411.188 -88.3189
745 144.978 166.727 2 402.82 -92.3381
746 154.978 166.727 2 394.529 -92.1061
747 164.978 166.727 2 386.318 -95.4927
748 174.978 166.727 2 378.193 -98.6234
749 184.978 166.727 2 370.16 -114.727
750 194.978 166.727 2 362.225 -101.687
751 204.978 166.727 2 354.394 -106.056
752 214.978 166.727 2 346.675 -105.615
753 224.978 166.727 2 339.075 -250
754 234.978 166.727 2 331.603 -136.125
755 244.978 166.727 2 324.267 -250
756 254.978 166.727 2 317.077 -250
757 264.978 166.727 2 310.042 -250
758 274.978 166.727 2 303.174 -146.7
759 284.978 166.727 2 296.484 -140.058
760 294.978 166.727 2 289.985 -250
761 304.978 166.727 2 283.69 -250
762 314.978 166.727 2 277.612 -250
763 324.978 166.727 2 271.766 -250
764 334.978 166.727 2 266.168 -250
765 344.978 166.727 2 260.833 -250
766 354.978 166.727 2 255.778 -105.894
767 364.978 166.727 2 251.02 -96.867
768 374.978 166.727 2 246.575 -250
769 384.978 166.727 2 242.462 -104.198
770 394.978 166.727 2 238.697 -96.4764
771 404.978 166.727 2 235.297 -93.8279
772 414.978 166.727 2 232.279 -91.367
773 424.978 166.727 2 229.656 -104.271
774 434.978 166.727 2 227.443 -108.622
775 444.978 166.727 2 225.652 -250
776 454.978 166.727 2 224.293 -250
777 464.978 166.727 2 223.374 -250
778 474.978 166.727 2 222.9 -100.408
779 484.978 166.727 2 222.874 -88.8439
780 84.9784 176.727 2 449.367 -98.263
781 94.9784 176.727 2 440.589 -92.0954
782 104.978 176.727 2 431.865 -91.6284
783 114.978 176.727 2 423.197 -89.2513
784 124.978 176.727 2 414.589 -90.0991
785 134.978 176.727 2 406.045 -94.0393
786 144.978 176.727 2 397.569 -93.8763
787 154.978 176.727 2 389.166 -92.6255
788 164.978 176.727 2 380.839 -94.6401
789 174.978 176.727 2 372.595 -95.4315
790 184.978 176.727 2 364.438 -95.8074
791 194.978 176.727 2 356.376 -99.5058
792 204.978 176.727 2 348.414 -102.959
793 214.978 176.727 2 340.559 -100.728
794 224.978 176.727 2 332.82 -250
795 234.978 176.727 2 325.204 -130.111
796 244.978 176.727 2 317.72 -250
797 254.978 176.727 2 310.378 -250
798 264.978 176.727 2 303.188 -250
799 274.978 176.727 2 296.161 -117.538
800 284.978 176.727 2 289.31 -133.281
801 294.978 176.727 2 282.646 -250
802 304.978 176.727 2 276.183 -250
803 314.978 176.727 2 269.936 -250
804 324.978 176.727 2 263.92 -250
805 334.978 176.727 2 258.152 -250
806 344.978 176.727 2 252.648 -250
807 354.978 176.727 2 247.426 -94.2116
808 364.978 176.727 2 242.503 -124.901
809 374.978 176.727 2 237.9 -250
810 384.978 176.727 2 233.634 -91.401
811 394.978 176.727 2 229.725 -107.313
812 404.978 176.727 2 226.19 -94.2984
813 414.978 176.727 2 223.048 -103.31
814 424.978 176.727 2 220.315 -99.835
815 434.978 176.727 2 218.008 -107.38
816 444.978 176.727 2 216.138 -250
817 454.978 176.727 2 214.719 -250
818 464.978 176.727 2 213.759 -250
819 474.978 176.727 2 213.263 -97.3133
820 484.978 176.727 2 213.236 -84.8972
821 84.9784 186.727 2 444.89 -112.042
822 94.9784 186.727 2 436.023 -102.78
823 104.978 186.727 2 427.205 -103.432
824 114.978 186.727 2 418.441 -88.3929
825 124.978 186.727 2 409.733 -90.8335
826 134.978 186.727 2 401.086 -90.7814
827 144.978 186.727 2 392.503 -95.6367
828 154.978 186.727 2 383.988 -91.942
829 164.978 186.727 2 375.547 -89.2379
830 174.978 186.727 2 367.184 -89.3813
831 184.978 186.727 2 358.904 -89.5753
832 194.978 186.727 2 350.715 -90.5768
833 204.978 186.727 2 342.621 -94.5092
834 214.978 186.727 2 334.631 -101.829
835 224.978 186.727 2 326.751 -250
836 234.978 186.727 2 318.99 -110.886
837 244.978 186.727 2 311.357 -250
838 254.978 186.727 2 303.861 -250
839 264.978 186.727 2 296.513 -250
840 274.978 186.727 2 289.324 -127.249
841 284.978 186.727 2 282.307 -120.583
842 294.978 186.727 2 275.473 -126.087
843 304.978 186.727 2 268.838 -129.536
844 314.978 186.727 2 262.417 -157.498
845 324.978 186.727 2 256.225 -120.052
846 334.978 186.727 2 250.279 -250
847 344.978 186.727 2 244.598 -250
848 354.978 186.727 2 239.2 -250
849 364.978 186.727 2 234.105 -250
850 374.978 186.727 2 229.333 -250
851 384.978 186.727 2 224.904 -100.091
852 394.978 186.727 2 220.84 -94.4056
853 404.978 186.727 2 217.161 -108.459
854 414.978 186.727 2 213.886 -102.885
855 424.978 186.727 2 211.035 -99.748
856 434.978 186.727 2 208.625 -109.732
857 444.978 186.727 2 206.671 -250
858 454.978 186.727 2 205.186 -250
859 464.978 186.727 2 204.181 -250
860 474.978 186.727 2 203.662 -95.1407
861 484.978 186.727 2 203.634 -86.123
862 84.9784 196.727 2 440.596 -102.943
863 94.9784 196.727 2 431.64 -102.339
864 104.978 196.727 2 422.731 -98.7035
865 114.978 196.727 2 413.872 -114.258
866 124.978 196.727 2 405.066 -106.191
867 134.978 196.727 2 396.317 -95.3478
868 144.978 196.727 2 387.628 -90.6186
869 154.978 196.727 2 379.004 -92.0619
870 164.978 196.727 2 370.449 -94.1415
871 174.978 196.727 2 361.968 -88.146
872 184.978 196.727 2 353.567 -87.9439
873 194.978 196.727 2 345.25 -92.081
874 204.978 196.727 2 337.026 -88.5472
875 214.978 196.727 2 328.899 -89.4989
876 224.978 196.727 2 320.879 -250
877 234.978 196.727 2 312.972 -106.086
878 244.978 196.727 2 305.189 -116.793
879 254.978 196.727 2 297.538 -113.127
880 264.978 196.727 2 290.03 -109.832
881 274.978 196.727 2 282.676 -112.982
882 284.978 196.727 2 275.489 -130.378
883 294.978 196.727 2 268.482 -127.153
884 304.978 196.727 2 261.67 -132.087
885 314.978 196.727 2 255.068 -121.655
886 324.978 196.727 2 248.693 -122.248
887 334.978 196.727 2 242.562 -250
888 344.978 196.727 2 236.696 -250
889 354.978 196.727 2 231.114 -86.1632
890 364.978 196.727 2 225.836 -91.9161
891 374.978 196.727 2 220.886 -82.1839
892 384.978 196.727 2 216.284 -85.221
893 394.978 196.727 2 212.055 -100.247
894 404.978 196.727 2 208.221 -107.014
895 414.978 196.727 2 204.803 -104.995
896 424.978 196.727 2 201.824 -250
897 434.978 196.727 2 199.302 -250
898 444.978 196.727 2 197.256 -250
899 454.978 196.727 2 195.7 -250
900 464.978 196.727 2 194.645 -250
901 474.978 196.727 2 194.101 -87.786
902 484.978 196.727 2 194.072 -87.0488
903 84.9784 206.727 2 436.488 -107.89
904 94.9784 206.727 2 427.446 -110.597
905 104.978 206.727 2 418.448 -118.044
906 114.978 206.727 2 409.496 -155.638
907 124.978 206.727 2 400.594 -250
908 134.978 206.727 2 391.745 -100.785
909 144.978 206.727 2 382.952 -91.8203
910 154.978 206.727 2 374.22 -93.1859
911 164.978 206.727 2 365.553 -111.77
912 174.978 206.727 2 356.956 -97.1815
913 184.978 206.727 2 348.434 -89.3032
914 194.978 206.727 2 339.992 -89.6691
915 204.978 206.727 2 331.637 -87.655
916 214.978 206.727 2 323.376 -97.8233
917 224.978 206.727 2 315.215 -89.7423
918 234.978 206.727 2 307.162 -87.7672
919 244.978 206.727 2 299.228 -89.552
920 254.978 206.727 2 291.42 -99.5877
921 264.978 206.727 2 283.75 -108.477
922 274.978 206.727 2 276.229 -102.481
923 284.978 206.727 2 268.87 -118.996
924 294.978 206.727 2 261.686 -114.861
925 304.978 206.727 2 254.692 -115.409
926 314.978 206.727 2 247.904 -134.933
927 324.978 206.727 2 241.34 -153.312
928 334.978 206.727 2 235.018 -250
929 344.978 206.727 2 228.959 -250
930 354.978 206.727 2 223.183 -89.9136
931 364.978 206.727 2 217.713 -85.1421
932 374.978 206.727 2 212.573 -89.467
933 384.978 206.727 2 207.788 -94.6632
934 394.978 206.727 2 203.382 -93.4781
935 404.978 206.727 2 199.381 -98.0286
936 414.978 206.727 2 195.81 -113.106
937 424.978 206.727 2 192.691 -250
938 434.978 206.727 2 190.048 -250
939 444.978 206.727 2 187.901 -250
940 454.978 206.727 2 186.267 -250
941 464.978 206.727 2 185.159 -250
942 474.978 206.727 2 184.587 -86.1491
943 484.978 206.727 2 184.556 -87.8431
944 84.9784 216.727 2 432.572 -104.45
945 94.9784 216.727 2 423.447 -110.946
946 104.978 216.727 2 414.362 -143.273
947 114.978 216.727 2 405.32 -161.663
948 124.978 216.727 2 396.324 -250
949 134.978 216.727 2 387.377 -92.142
950 144.978 216.727 2 378.483 -88.507
951 154.978 216.727 2 369.646 -86.2016
952 164.978 216.727 2 360.869 -91.5323
953 174.978 216.727 2 352.157 -90.6945
954 184.978 216.727 2 343.516 -93.3022
955 194.978 216.727 2 334.95 -90.0901
956 204.978 216.727 2 326.466 -87.6449
957 214.978 216.727 2 318.07 -89.707
958 224.978 216.727 2 309.77 -99.4126
959 234.978 216.727 2 301.572 -96.6615
960 244.978 216.727 2 293.486 -93.3997
961 254.978 216.727 2 285.522 -93.7808
962 264.978 216.727 2 277.689 -100.733
963 274.978 216.727 2 269.999 -121.108
964 284.978 216.727 2 262.466 -109.732
965 294.978 216.727 2 255.101 -250
966 304.978 216.727 2 247.922 -250
967 314.978 216.727 2 240.943 -250
968 324.978 216.727 2 234.184 -250
969 334.978 216.727 2 227.663 -250
970 344.978 216.727 2 221.402 -250
971 354.978 216.727 2 215.424 -98.8452
972 364.978 216.727 2 209.752 -97.4132
973 374.978 216.727 2 204.413 -104.336
974 384.978 216.727 2 199.432 -91.777
975 394.978 216.727 2 194.837 -95.0345
976 404.978 216.727 2 190.657 -102.916
977 414.978 216.727 2 186.918 -104.508
978 424.978 216.727 2 183.649 -250
979 434.978 216.727 2 180.874 -250
980 444.978 216.727 2 178.617 -250
981 454.978 216.727 2 176.896 -250
982 464.978 216.727 2 175.729 -250
983 474.978 216.727 2 175.127 -82.833
984 484.978 216.727 2 175.094 -85.9717
985 84.9784 226.727 2 428.854 -101.384
986 94.9784 226.727 2 419.647 -129.394
987 104.978 226.727 2 410.478 -250
988 114.978 226.727 2 401.349 -250
989 124.978 226.727 2 392.262 -250
990 134.978 226.727 2 383.22 -94.0659
991 144.978 226.727 2 374.228 -93.1553
992 154.978 226.727 2 365.287 -86.1769
993 164.978 226.727 2 356.403 -92.4009
994 174.978 226.727 2 347.58 -99.1752
995 184.978 226.727 2 338.822 -97.7991
996 194.978 226.727 2 330.135 -96.3449
997 204.978 226.727 2 321.523 -101.553
998 214.978 226.727 2 312.995 -94.9091
999 224.978 226.727 2 304.556 -97.4229
1000 234.978 226.727 2 296.214 -105.607
1001 244.978 226.727 2 287.978 -113.402
1002 254.978 226.727 2 279.857 -102.114
1003 264.978 226.727 2 271.861 -93.7348
1004 274.978 226.727 2 264.001 -101
1005 284.978 226.727 2 256.291 -113.039
1006 294.978 226.727 2 248.744 -250
1007 304.978 226.727 2 241.375 -250
1008 314.978 226.727 2 234.202 -250
1009 324.978 226.727 2 227.242 -250
1010 334.978 226.727 2 220.517 -250
1011 344.978 226.727 2 214.047 -250
1012 354.978 226.727 2 207.857 -92.5411
1013 364.978 226.727 2 201.973 -99.6803
1014 374.978 226.727 2 196.422 -93.9281
1015 384.978 226.727 2 191.233 -92.5051
1016 394.978 226.727 2 186.436 -95.3197
1017 404.978 226.727 2 182.063 -98.4884
1018 414.978 226.727 2 178.144 -112.335
1019 424.978 226.727 2 174.711 -250
1020 434.978 226.727 2 171.792 -250
1021 444.978 226.727 2 169.413 -250
1022 454.978 226.727 2 167.599 -250
1023 464.978 226.727 2 166.367 -250
1024 474.978 226.727 2 165.73 -83.795
1025 484.978 226.727 2 165.695 -89.3694
1026 84.9784 236.727 2 425.338 -110.485
1027 94.9784 236.727 2 416.054 -121.939
1028 104.978 236.727 2 406.804 -108.548
1029 114.978 236.727 2 397.59 -113.945
1030 124.978 236.727 2 388.415 -250
1031 134.978 236.727 2 379.282 -98.9319
1032 144.978 236.727 2 370.194 -95.1452
1033 154.978 236.727 2 361.154 -92.3935
1034 164.978 236.727 2 352.165 -94.577
1035 174.978 236.727 2 343.233 -97.9159
1036 184.978 236.727 2 334.361 -96.6009
1037 194.978 236.727 2 325.555 -103.545
1038 204.978 236.727 2 316.819 -114.994
1039 214.978 236.727 2 308.16 -110.568
1040 224.978 236.727 2 299.585 -101.016
1041 234.978 236.727 2 291.101 -100.575
1042 244.978 236.727 2 282.716 -94.4514
1043 254.978 236.727 2 274.439 -103.402
1044 264.978 236.727 2 266.28 -99.1075
1045 274.978 236.727 2 258.251 -100.622
1046 284.978 236.727 2 250.364 -100.716
1047 294.978 236.727 2 242.633 -250
1048 304.978 236.727 2 235.073 -250
1049 314.978 236.727 2 227.701 -250
1050 324.978 236.727 2 220.536 -250
1051 334.978 236.727 2 213.599 -250
1052 344.978 236.727 2 206.913 -250
1053 354.978 236.727 2 200.503 -92.5287
1054 364.978 236.727 2 194.397 -106.446
1055 374.978 236.727 2 188.623 -101.725
1056 384.978 236.727 2 183.213 -98.9562
1057 394.978 236.727 2 178.201 -92.5215
1058 404.978 236.727 2 173.62 -94.8791
1059 414.978 236.727 2 169.506 -250
1060 424.978 236.727 2 165.894 -250
1061 434.978 236.727 2 162.817 -250
1062 444.978 236.727 2 160.306 -250
1063 454.978 236.727 2 158.387 -250
1064 464.978 236.727 2 157.082 -250
1065 474.978 236.727 2 156.408 -88.6761
1066 484.978 236.727 2 156.371 -84.7454
1067 84.9784 246.727 2 422.03 -112.029
1068 94.9784 246.727 2 412.672 -113.114
1069 104.978 246.727 2 403.344 -103.02
1070 114.978 246.727 2 394.049 -101.783
1071 124.978 246.727 2 384.79 -116.042
1072 134.978 246.727 2 375.569 -101.725
1073 144.978 246.727 2 366.388 -100.99
1074 154.978 246.727 2 357.252 -90.2136
1075 164.978 246.727 2 348.163 -92.1225
1076 174.978 246.727 2 339.125 -99.3625
1077 184.978 246.727 2 330.143 -106.015
1078 194.978 246.727 2 321.221 -107.583
1079 204.978 246.727 2 312.364 -100.841
1080 214.978 246.727 2 303.578 -101.582
1081 224.978 246.727 2 294.87 -99.0781
1082 234.978 246.727 2 286.246 -98.7196
1083 244.978 246.727 2 277.714 -99.1839
1084 254.978 246.727 2 269.284 -95.4259
1085 264.978 246.727 2 260.964 -100.459
1086 274.978 246.727 2 252.766 -112.596
1087 284.978 246.727 2 244.702 -98.6367
1088 294.978 246.727 2 236.786 -95.338
1089 304.978 246.727 2 229.033 -107.61
1090 314.978 246.727 2 221.46 -97.3546
1091 324.978 246.727 2 214.087 -103.295
1092 334.978 246.727 2 206.934 -101.199
1093 344.978 246.727 2 200.025 -118.668
1094 354.978 246.727 2 193.387 -105.872
1095 364.978 246.727 2 187.048 -108.925
1096 374.978 246.727 2 181.04 -100.44
1097 384.978 246.727 2 175.397 -103.499
1098 394.978 246.727 2 170.154 -98.578
1099 404.978 246.727 2 165.351 -93.4885
1100 414.978 246.727 2 161.026 -101.901
1101 424.978 246.727 2 157.219 -106.523
1102 434.978 246.727 2 153.969 -108.994
1103 444.978 246.727 2 151.311 -115.735
1104 454.978 246.727 2 149.276 -110.577
1105 464.978 246.727 2 147.891 -109.58
1106 474.978 246.727 2 147.175 -81.7758
1107 484.978 246.727 2 147.135 -81.2123
1108 84.9784 256.727 2 418.935 -96.8185
1109 94.9784 256.727 2 409.506 -107.349
1110 104.978 256.727 2 400.104 -116.024
1111 114.978 256.727 2 390.733 -109.09
1112 124.978 256.727 2 381.393 -99.1996
1113 134.978 256.727 2 372.087 -110.302
1114 144.978 256.727 2 362.819 -119.976
1115 154.978 256.727 2 353.59 -95.9008
1116 164.978 256.727 2 344.404 -97.0981
1117 174.978 256.727 2 335.265 -96.1053
1118 184.978 256.727 2 326.177 -99.9311
1119 194.978 256.727 2 317.143 -95.2925
1120 204.978 256.727 2 308.169 -101.788
1121 214.978 256.727 2 299.26 -101.62
1122 224.978 256.727 2 290.423 -106.338
1123 234.978 256.727 2 281.663 -99.1584
1124 244.978 256.727 2 272.988 -98.5165
1125 254.978 256.727 2 264.406 -115.663
1126 264.978 256.727 2 255.928 -128.557
1127 274.978 256.727 2 247.564 -114.592
1128 284.978 256.727 2 239.325 -110.502
1129 294.978 256.727 2 231.224 -99.6903
1130 304.978 256.727 2 223.278 -100.764
1131 314.978 256.727 2 215.503 -110.259
1132 324.978 256.727 2 207.919 -102.732
1133 334.978 256.727 2 200.546 -116.929
1134 344.978 256.727 2 193.409 -96.5167
1135 354.978 256.727 2 186.536 -126.477
1136 364.978 256.727 2 179.956 -92.9989
1137 374.978 256.727 2 173.703 -96.1875
1138 384.978 256.727 2 167.813 -102.674
1139 394.978 256.727 2 162.325 -100.653
1140 404.978 256.727 2 157.283 -98.9184
1141 414.978 256.727 2 152.73 -98.6202
1142 424.978 256.727 2 148.711 -117.572
1143 434.978 256.727 2 145.27 -107.614
1144 444.978 256.727 2 142.45 -113.133
1145 454.978 256.727 2 140.287 -114.524
1146 464.978 256.727 2 138.812 -103.562
1147 474.978 256.727 2 138.048 -82.3337
1148 484.978 256.727 2 138.007 -80.1229
1149 84.9784 266.727 2 416.057 -110.464
1150 94.9784 266.727 2 406.561 -120.816
1151 104.978 266.727 2 397.09 -98.6032
1152 114.978 266.727 2 387.646 -99.9326
1153 124.978 266.727 2 378.229 -128.67
1154 134.978 266.727 2 368.844 -250
1155 144.978 266.727 2 359.492 -250
1156 154.978 266.727 2 350.176 -250
1157 164.978 266.727 2 340.898 -250
1158 174.978 266.727 2 331.662 -97.5055
1159 184.978 266.727 2 322.472 -104.497
1160 194.978 266.727 2 313.332 -96.5185
1161 204.978 266.727 2 304.246 -100.188
1162 214.978 266.727 2 295.218 -104.523
1163 224.978 266.727 2 286.256 -99.5198
1164 234.978 266.727 2 277.364 -102.7
1165 244.978 266.727 2 268.55 -250
1166 254.978 266.727 2 259.823 -250
1167 264.978 266.727 2 251.19 -250
1168 274.978 266.727 2 242.662 -97.4404
1169 284.978 266.727 2 234.25 -104.523
1170 294.978 266.727 2 225.968 -250
1171 304.978 266.727 2 217.831 -250
1172 314.978 266.727 2 209.854 -250
1173 324.978 266.727 2 202.057 -250
1174 334.978 266.727 2 194.462 -250
1175 344.978 266.727 2 187.094 -250
1176 354.978 266.727 2 179.979 -250
1177 364.978 266.727 2 173.15 -250
1178 374.978 266.727 2 166.642 -250
1179 384.978 266.727 2 160.493 -250
1180 394.978 266.727 2 154.747 -250
1181 404.978 266.727 2 149.449 -250
1182 414.978 266.727 2 144.65 -250
1183 424.978 266.727 2 140.399 -250
1184 434.978 266.727 2 136.75 -250
1185 444.978 266.727 2 133.75 -250
1186 454.978 266.727 2 131.444 -250
1187 464.978 266.727 2 129.869 -250
1188 474.978 266.727 2 129.052 -80.8867
1189 484.978 266.727 2 129.007 -82.2915
1190 84.9784 276.727 2 413.401 -115.121
1191 94.9784 276.727 2 403.843 -99.2299
1192 104.978 276.727 2 394.306 -100.776
1193 114.978 276.727 2 384.794 -123.18
1194 124.978 276.727 2 375.306 -132.47
1195 134.978 276.727 2 365.846 -250
1196 144.978 276.727 2 356.415 -250
1197 154.978 276.727 2 347.016 -250
1198 164.978 276.727 2 337.651 -250
1199 174.978 276.727 2 328.324 -106.804
1200 184.978 276.727 2 319.038 -98.9113
1201 194.978 276.727 2 309.797 -102.288
1202 204.978 276.727 2 300.603 -100.435
1203 214.978 276.727 2 291.463 -97.8662
1204 224.978 276.727 2 282.382 -102.526
1205 234.978 276.727 2 273.364 -100.951
1206 244.978 276.727 2 264.417 -250
1207 254.978 276.727 2 255.548 -250
1208 264.978 276.727 2 246.766 -250
1209 274.978 276.727 2 238.079 -94.1767
1210 284.978 276.727 2 229.5 -95.8637
1211 294.978 276.727 2 221.04 -250
1212 304.978 276.727 2 212.714 -250
1213 314.978 276.727 2 204.538 -250
1214 324.978 276.727 2 196.53 -250
1215 334.978 276.727 2 188.713 -250
1216 344.978 276.727 2 181.111 -250
1217 354.978 276.727 2 173.752 -250
1218 364.978 276.727 2 166.668 -250
1219 374.978 276.727 2 159.896 -250
1220 384.978 276.727 2 153.477 -250
1221 394.978 276.727 2 147.457 -250
1222 404.978 276.727 2 141.887 -250
1223 414.978 276.727 2 136.823 -250
1224 424.978 276.727 2 132.322 -250
1225 434.978 276.727 2 128.443 -250
1226 444.978 276.727 2 125.244 -250
1227 454.978 276.727 2 122.778 -250
1228 464.978 276.727 2 121.091 -250
1229 474.978 276.727 2 120.214 -82.5176
1230 484.978 276.727 2 120.166 -86.0236
1231 84.9784 286.727 2 410.972 -104.099
1232 94.9784 286.727 2 401.355 -102.042
1233 104.978 286.727 2 391.758 -126.293
1234 114.978 286.727 2 382.182 -127.136
1235 124.978 286.727 2 372.628 -143.709
1236 134.978 286.727 2 363.098 -250
1237 144.978 286.727 2 353.594 -250
1238 154.978 286.727 2 344.118 -250
1239 164.978 286.727 2 334.672 -250
1240 174.978 286.727 2 325.26 -98.7676
1241 184.978 286.727 2 315.884 -95.2457
1242 194.978 286.727 2 306.547 -96.8692
1243 204.978 286.727 2 297.253 -96.3941
1244 214.978 286.727 2 288.007 -94.1371
1245 224.978 286.727 2 278.812 -109.27
1246 234.978 286.727 2 269.675 -99.3553
1247 244.978 286.727 2 260.602 -250
1248 254.978 286.727 2 251.599 -250
1249 264.978 286.727 2 242.673 -250
1250 274.978 286.727 2 233.835 -98.1268
1251 284.978 286.727 2 225.094 -96.2183
1252 294.978 286.727 2 216.462 -250
1253 304.978 286.727 2 207.952 -250
1254 314.978 286.727 2 199.581 -250
1255 324.978 286.727 2 191.367 -250
1256 334.978 286.727 2 183.329 -250
1257 344.978 286.727 2 175.494 -250
1258 354.978 286.727 2 167.889 -250
1259 364.978 286.727 2 160.546 -250
1260 374.978 286.727 2 153.504 -250
1261 384.978 286.727 2 146.806 -250
1262 394.978 286.727 2 140.501 -250
1263 404.978 286.727 2 134.644 -250
1264 414.978 286.727 2 129.296 -250
1265 424.978 286.727 2 124.523 -250
1266 434.978 286.727 2 120.393 -250
1267 444.978 286.727 2 116.974 -250
1268 454.978 286.727 2 114.331 -250
1269 464.978 286.727 2 112.516 -250
1270 474.978 286.727 2 111.573 -85.6388
1271 484.978 286.727 2 111.521 -86.2963
1272 84.9784 296.727 2 408.772 -107.976
1273 94.9784 296.727 2 399.103 -121.97
1274 104.978 296.727 2 389.45 -123.514
1275 114.978 296.727 2 379.816 -131.669
1276 124.978 296.727 2 370.201 -145.036
1277 134.978 296.727 2 360.607 -250
1278 144.978 296.727 2 351.035 -250
1279 154.978 296.727 2 341.488 -250
1280 164.978 296.727 2 331.968 -250
1281 174.978 296.727 2 322.476 -97.0204
1282 184.978 296.727 2 313.017 -95.044
1283 194.978 296.727 2 303.592 -93.827
1284 204.978 296.727 2 294.205 -102.335
1285 214.978 296.727 2 284.859 -98.2307
1286 224.978 296.727 2 275.56 -98.1443
1287 234.978 296.727 2 266.312 -106.849
1288 244.978 296.727 2 257.119 -250
1289 254.978 296.727 2 247.99 -250
1290 264.978 296.727 2 238.93 -250
1291 274.978 296.727 2 229.947 -102.86
1292 284.978 296.727 2 221.053 -109.648
1293 294.978 296.727 2 212.256 -250
1294 304.978 296.727 2 203.571 -250
1295 314.978 296.727 2 195.012 -250
1296 324.978 296.727 2 186.596 -101.834
1297 334.978 296.727 2 178.344 -95.52
1298 344.978 296.727 2 170.28 -96.0074
1299 354.978 296.727 2 162.431 -102.763
1300 364.978 296.727 2 154.829 -108.638
1301 374.978 296.727 2 147.515 -100.085
1302 384.978 296.727 2 140.532 -124.973
1303 394.978 296.727 2 133.931 -109.138
1304 404.978 296.727 2 127.774 -112.904
1305 414.978 296.727 2 122.125 -118.716
1306 424.978 296.727 2 117.06 -112.507
1307 434.978 296.727 2 112.657 -250
1308 444.978 296.727 2 108.995 -250
1309 454.978 296.727 2 106.153 -250
1310 464.978 296.727 2 104.197 -250
1311 474.978 296.727 2 103.177 -83.7242
1312 484.978 296.727 2 103.121 -84.4897
1313 84.9784 306.727 2 406.807 -107.899
1314 94.9784 306.727 2 397.09 -104.083
1315 104.978 306.727 2 387.387 -117.531
1316 114.978 306.727 2 377.7 -124.119
1317 124.978 306.727 2 368.029 -142.342
1318 134.978 306.727 2 358.377 -250
1319 144.978 306.727 2 348.744 -250
1320 154.978 306.727 2 339.133 -250
1321 164.978 306.727 2 329.544 -250
1322 174.978 306.727 2 319.981 -93.8919
1323 184.978 306.727 2 310.446 -109.22
1324 194.978 306.727 2 300.94 -92.995
1325 204.978 306.727 2 291.468 -93.5837
1326 214.978 306.727 2 282.032 -91.7263
1327 224.978 306.727 2 272.636 -107.309
1328 234.978 306.727 2 263.285 -120.742
1329 244.978 306.727 2 253.983 -250
1330 254.978 306.727 2 244.736 -250
1331 264.978 306.727 2 235.551 -250
1332 274.978 306.727 2 226.435 -98.6618
1333 284.978 306.727 2 217.397 -114.169
1334 294.978 306.727 2 208.446 -250
1335 304.978 306.727 2 199.595 -250
1336 314.978 306.727 2 190.858 -250
1337 324.978 306.727 2 182.25 -103.326
1338 334.978 306.727 2 173.792 -250
1339 344.978 306.727 2 165.506 -250
1340 354.978 306.727 2 157.419 -250
1341 364.978 306.727 2 149.563 -103.978
1342 374.978 306.727 2 141.978 -250
1343 384.978 306.727 2 134.708 -250
1344 394.978 306.727 2 127.807 -250
1345 404.978 306.727 2 121.339 -250
1346 414.978 306.727 2 115.376 -250
1347 424.978 306.727 2 110 -250
1348 434.978 306.727 2 105.302 -250
1349 444.978 306.727 2 101.376 -250
1350 454.978 306.727 2 98.3133 -250
1351 464.978 306.727 2 96.1977 -250
1352 474.978 306.727 2 95.0919 -84.1181
1353 484.978 306.727 2 95.0313 -83.404
1354 84.9784 316.727 2 405.079 -92.9093
1355 94.9784 316.727 2 395.319 -91.9919
1356 104.978 316.727 2 385.572 -93.0068
1357 114.978 316.727 2 375.838 -92.2876
1358 124.978 316.727 2 366.118 -97.2169
1359 134.978 316.727 2 356.414 -250
1360 144.978 316.727 2 346.727 -250
1361 154.978 316.727 2 337.058 -250
1362 164.978 316.727 2 327.409 -250
1363 174.978 316.727 2 317.781 -93.9205
1364 184.978 316.727 2 308.178 -85.74
1365 194.978 316.727 2 298.6 -87.5187
1366 204.978 316.727 2 289.051 -91.1129
1367 214.978 316.727 2 279.533 -87.1562
1368 224.978 316.727 2 270.051 -96.839
1369 234.978 316.727 2 260.607 -110.537
1370 244.978 316.727 2 251.206 -250
1371 254.978 316.727 2 241.853 -250
1372 264.978 316.727 2 232.554 -250
1373 274.978 316.727 2 223.316 -84.8133
1374 284.978 316.727 2 214.146 -98.9305
1375 294.978 316.727 2 205.053 -250
1376 304.978 316.727 2 196.049 -250
1377 314.978 316.727 2 187.146 -250
1378 324.978 316.727 2 178.36 -94.3865
1379 334.978 316.727 2 169.708 -250
1380 344.978 316.727 2 161.212 -250
1381 354.978 316.727 2 152.898 -250
1382 364.978 316.727 2 144.797 -99.595
1383 374.978 316.727 2 136.948 -250
1384 384.978 316.727 2 129.395 -250
1385 394.978 316.727 2 122.195 -250
1386 404.978 316.727 2 115.413 -250
1387 414.978 316.727 2 109.127 -250
1388 424.978 316.727 2 103.427 -250
1389 434.978 316.727 2 98.4153 -250
1390 444.978 316.727 2 94.2022 -250
1391 454.978 316.727 2 90.8984 -250
1392 464.978 316.727 2 88.6059 -250
1393 474.978 316.727 2 87.4042 -86.1857
1394 484.978 316.727 2 87.3383 -87.4984
1395 84.9784 326.727 2 403.591 -102.294
1396 94.9784 326.727 2 393.795 -89.4589
1397 104.978 326.727 2 384.009 -93.0495
1398 114.978 326.727 2 374.234 -91.2875
1399 124.978 326.727 2 364.472 -88.8602
1400 134.978 326.727 2 354.723 -91.073
1401 144.978 326.727 2 344.988 -89.1658
1402 154.978 326.727 2 335.269 -91.6134
1403 164.978 326.727 2 325.567 -96.743
1404 174.978 326.727 2 315.883 -109.063
1405 184.978 326.727 2 306.22 -93.2295
1406 194.978 326.727 2 296.579 -89.2032
1407 204.978 326.727 2 286.963 -90.2451
1408 214.978 326.727 2 277.373 -87.9893
1409 224.978 326.727 2 267.814 -94.81
1410 234.978 326.727 2 258.288 -88.076
1411 244.978 326.727 2 248.8 -84.6537
1412 254.978 326.727 2 239.353 -84.5723
1413 264.978 326.727 2 229.953 -88.175
1414 274.978 326.727 2 220.606 -84.6408
1415 284.978 326.727 2 211.318 -82.6093
1416 294.978 326.727 2 202.099 -83.147
1417 304.978 326.727 2 192.957 -83.8647
1418 314.978 326.727 2 183.904 -87.5138
1419 324.978 326.727 2 174.955 -82.7783
1420 334.978 326.727 2 166.126 -93.2504
1421 344.978 326.727 2 157.436 -83.4104
1422 354.978 326.727 2 148.912 -82.2392
1423 364.978 326.727 2 140.582 -93.682
1424 374.978 326.727 2 132.483 -98.8256
1425 384.978 326.727 2 124.66 -84.8466
1426 394.978 326.727 2 117.169 -83.2037
1427 404.978 326.727 2 110.078 -83.2612
1428 414.978 326.727 2 103.468 -89.5049
1429 424.978 326.727 2 97.4377 -94.0065
1430 434.978 326.727 2 92.1009 -91.0728
1431 444.978 326.727 2 87.5846 -90.2335
1432 454.978 326.727 2 84.0211 -89.7197
1433 464.978 326.727 2 81.5354 -86.5069
1434 474.978 326.727 2 80.2279 -92.0276
1435 484.978 326.727 2 80.1561 -90.9633
1436 84.9784 336.727 2 402.347 -100.832
1437 94.9784 336.727 2 392.519 -115.348
1438 104.978 336.727 2 382.701 -101.629
1439 114.978 336.727 2 372.892 -103.521
1440 124.978 336.727 2 363.093 -109.52
1441 134.978 336.727 2 353.306 -116.107
1442 144.978 336.727 2 343.531 -112.136
1443 154.978 336.727 2 333.77 -99.2783
1444 164.978 336.727 2 324.023 -90.0384
1445 174.978 336.727 2 314.291 -85.8291
1446 184.978 336.727 2 304.578 -92.213
1447 194.978 336.727 2 294.883 -88.3511
1448 204.978 336.727 2 285.21 -87.5054
1449 214.978 336.727 2 275.559 -101.218
1450 224.978 336.727 2 265.935 -96.8049
1451 234.978 336.727 2 256.34 -100.21
1452 244.978 336.727 2 246.776 -104.023
1453 254.978 336.727 2 237.249 -100.594
1454 264.978 336.727 2 227.762 -91.951
1455 274.978 336.727 2 218.321 -90.1123
1456 284.978 336.727 2 208.931 -87.9833
1457 294.978 336.727 2 199.602 -84.6604
1458 304.978 336.727 2 190.34 -85.1598
1459 314.978 336.727 2 181.157 -83.1127
1460 324.978 336.727 2 172.065 -87.0755
1461 334.978 336.727 2 163.079 -85.2714
1462 344.978 336.727 2 154.218 -85.2673
1463 354.978 336.727 2 145.505 -79.6766
1464 364.978 336.727 2 136.968 -93.4252
1465 374.978 336.727 2 128.642 -92.5047
1466 384.978 336.727 2 120.57 -88.0116
1467 394.978 336.727 2 112.808 -86.5191
1468 404.978 336.727 2 105.424 -90.8501
1469 414.978 336.727 2 98.502 -93.3393
1470 424.978 336.727 2 92.1473 -96.1781
1471 434.978 336.727 2 86.4847 -82.191
1472 444.978 336.727 2 81.6583 -88.7844
1473 454.978 336.727 2 77.8239 -92.884
1474 464.978 336.727 2 75.1335 -91.2631
1475 474.978 336.727 2 73.7125 -95.0414
1476 484.978 336.727 2 73.6343 -97.9395
1477 84.9784 346.727 2 401.347 -109.402
1478 94.9784 346.727 2 391.495 -126.381
1479 104.978 346.727 2 381.65 -146.575
1480 114.978 346.727 2 371.813 -250
1481 124.978 346.727 2 361.986 -250
1482 134.978 346.727 2 352.168 -250
1483 144.978 346.727 2 342.36 -250
1484 154.978 346.727 2 332.564 -250
1485 164.978 346.727 2 322.781 -250
1486 174.978 346.727 2 313.011 -250
1487 184.978 346.727 2 303.257 -88.4968
1488 194.978 346.727 2 293.518 -93.1117
1489 204.978 346.727 2 283.798 -99.1236
1490 214.978 346.727 2 274.099 -99.4543
1491 224.978 346.727 2 264.421 -101.628
1492 234.978 346.727 2 254.768 -97.2529
1493 244.978 346.727 2 245.144 -250
1494 254.978 346.727 2 235.55 -250
1495 264.978 346.727 2 225.992 -250
1496 274.978 346.727 2 216.474 -87.5529
1497 284.978 346.727 2 207.001 -83.7057
1498 294.978 346.727 2 197.58 -94.3017
1499 304.978 346.727 2 188.219 -81.5571
1500 314.978 346.727 2 178.927 -83.5057
1501 324.978 346.727 2 169.715 -83.4087
1502 334.978 346.727 2 160.598 -81.5286
1503 344.978 346.727 2 151.592 -85.897
1504 354.978 346.727 2 142.719 -89.3622
1505 364.978 346.727 2 134.005 -88.2459
1506 374.978 346.727 2 125.482 -119.031
1507 384.978 346.727 2 117.193 -250
1508 394.978 346.727 2 109.191 -250
1509 404.978 346.727 2 101.544 -250
1510 414.978 346.727 2 94.338 -250
1511 424.978 346.727 2 87.682 -250
1512 434.978 346.727 2 81.7106 -250
1513 444.978 346.727 2 76.5839 -92.3041
1514 454.978 346.727 2 72.4816 -250
1515 464.978 346.727 2 69.585 -250
1516 474.978 346.727 2 68.0481 -95.5896
1517 484.978 346.727 2 67.9634 -97.3549
1518 84.9784 356.727 2 400.596 -142.849
1519 94.9784 356.727 2 390.724 -140.654
1520 104.978 356.727 2 380.859 -250
1521 114.978 356.727 2 371.002 -250
1522 124.978 356.727 2 361.152 -250
1523 134.978 356.727 2 351.311 -250
1524 144.978 356.727 2 341.479 -250
1525 154.978 356.727 2 331.657 -250
1526 164.978 356.727 2 321.846 -250
1527 174.978 356.727 2 312.047 -250
1528 184.978 356.727 2 302.261 -87.4229
1529 194.978 356.727 2 292.489 -95.3233
1530 204.978 356.727 2 282.734 -98.2215
1531 214.978 356.727 2 272.996 -101.602
1532 224.978 356.727 2 263.278 -98.7879
1533 234.978 356.727 2 253.582 -107.611
1534 244.978 356.727 2 243.911 -250
1535 254.978 356.727 2 234.267 -250
1536 264.978 356.727 2 224.654 -250
1537 274.978 356.727 2 215.077 -89.9624
1538 284.978 356.727 2 205.539 -81.7874
1539 294.978 356.727 2 196.048 -85.4066
1540 304.978 356.727 2 186.61 -86.4464
1541 314.978 356.727 2 177.234 -83.3414
1542 324.978 356.727 2 167.93 -84.6762
1543 334.978 356.727 2 158.71 -83.8165
1544 344.978 356.727 2 149.59 -90.2359
1545 354.978 356.727 2 140.591 -88.3133
1546 364.978 356.727 2 131.736 -84.8246
1547 374.978 356.727 2 123.056 -110.328
1548 384.978 356.727 2 114.592 -110.134
1549 394.978 356.727 2 106.394 -250
1550 404.978 356.727 2 98.5302 -250
1551 414.978 356.727 2 91.0861 -250
1552 424.978 356.727 2 84.1734 -250
1553 434.978 356.727 2 77.9335 -250
1554 444.978 356.727 2 72.5405 -93.1963
1555 454.978 356.727 2 68.1953 -250
1556 464.978 356.727 2 65.1082 -250
1557 474.978 356.727 2 63.4631 -97.1826
1558 484.978 356.727 2 63.3723 -101.813
1559 84.9784 366.727 2 400.092 -133.043
1560 94.9784 366.727 2 390.208 -153.357
1561 104.978 366.727 2 380.33 -250
1562 114.978 366.727 2 370.458 -250
1563 124.978 366.727 2 360.594 -250
1564 134.978 366.727 2 350.737 -250
1565 144.978 366.727 2 340.888 -250
1566 154.978 366.727 2 331.049 -250
1567 164.978 366.727 2 321.219 -250
1568 174.978 366.727 2 311.4 -250
1569 184.978 366.727 2 301.593 -118.093
1570 194.978 366.727 2 291.8 -250
1571 204.978 366.727 2 282.021 -250
1572 214.978 366.727 2 272.257 -250
1573 224.978 366.727 2 262.512 -250
1574 234.978 366.727 2 252.786 -250
1575 244.978 366.727 2 243.083 -250
1576 254.978 366.727 2 233.405 -250
1577 264.978 366.727 2 223.755 -250
1578 274.978 366.727 2 214.138 -85.0097
1579 284.978 366.727 2 204.557 -92.0936
1580 294.978 366.727 2 195.018 -91.9697
1581 304.978 366.727 2 185.527 -84.3535
1582 314.978 366.727 2 176.093 -81.3739
1583 324.978 366.727 2 166.725 -82.6746
1584 334.978 366.727 2 157.435 -87.8486
1585 344.978 366.727 2 148.237 -81.783
1586 354.978 366.727 2 139.15 -86.8069
1587 364.978 366.727 2 130.197 -90.974
1588 374.978 366.727 2 121.407 -102.973
1589 384.978 366.727 2 112.82 -121.251
1590 394.978 366.727 2 104.483 -250
1591 404.978 366.727 2 96.4635 -250
1592 414.978 366.727 2 88.8464 -250
1593 424.978 366.727 2 81.7446 -250
1594 434.978 366.727 2 75.3038 -250
1595 444.978 366.727 2 69.7075 -91.8621
1596 454.978 366.727 2 65.1738 -250
1597 464.978 366.727 2 61.9363 -250
1598 474.978 366.727 2 60.2045 -99.9625
1599 484.978 366.727 2 60.1088 -95.9339
1600 84.9784 376.727 2 399.838 -133.746
1601 94.9784 376.727 2 389.948 -135.834
1602 104.978 376.727 2 380.063 -250
1603 114.978 376.727 2 370.184 -250
1604 124.978 376.727 2 360.312 -250
1605 134.978 376.727 2 350.447 -250
1606 144.978 376.727 2 340.59 -250
1607 154.978 376.727 2 330.742 -250
1608 164.978 376.727 2 320.903 -250
1609 174.978 376.727 2 311.074 -250
1610 184.978 376.727 2 301.257 -125.512
1611 194.978 376.727 2 291.452 -250
1612 204.978 376.727 2 281.66 -250
1613 214.978 376.727 2 271.884 -250
1614 224.978 376.727 2 262.125 -250
1615 234.978 376.727 2 252.385 -250
1616 244.978 376.727 2 242.665 -250
1617 254.978 376.727 2 232.97 -250
1618 264.978 376.727 2 223.301 -250
1619 274.978 376.727 2 213.663 -93.3985
1620 284.978 376.727 2 204.06 -80.9227
1621 294.978 376.727 2 194.497 -82.7701
1622 304.978 376.727 2 184.979 -80.6774
1623 314.978 376.727 2 175.516 -80.5746
1624 324.978 376.727 2 166.116 -96.4212
1625 334.978 376.727 2 156.789 -84.1653
1626 344.978 376.727 2 147.551 -82.5332
1627 354.978 376.727 2 138.419 -85.6161
1628 364.978 376.727 2 129.415 -104.841
1629 374.978 376.727 2 120.569 -116.652
1630 384.978 376.727 2 111.916 -250
1631 394.978 376.727 2 103.507 -250
1632 404.978 376.727 2 95.4056 -250
1633 414.978 376.727 2 87.6967 -250
1634 424.978 376.727 2 80.4934 -250
1635 434.978 376.727 2 73.9437 -250
1636 444.978 376.727 2 68.236 -250
1637 454.978 376.727 2 63.5975 -250
1638 464.978 376.727 2 60.2754 -250
1639 474.978 376.727 2 58.4945 -106.866
1640 484.978 376.727 2 58.3959 -107.995
1641 84.9784 386.727 2 399.835 -115.68
1642 94.9784 386.727 2 389.944 -119.563
1643 104.978 386.727 2 380.059 -137.355
1644 114.978 386.727 2 370.18 -250
1645 124.978 386.727 2 360.308 -250
1646 134.978 386.727 2 350.443 -250
1647 144.978 386.727 2 340.586 -250
1648 154.978 386.727 2 330.737 -250
1649 164.978 386.727 2 320.898 -250
1650 174.978 386.727 2 311.069 -250
1651 184.978 386.727 2 301.252 -105.766
1652 194.978 386.727 2 291.447 -250
1653 204.978 386.727 2 281.655 -250
1654 214.978 386.727 2 271.879 -250
1655 224.978 386.727 2 262.119 -250
1656 234.978 386.727 2 252.379 -250
1657 244.978 386.727 2 242.659 -250
1658 254.978 386.727 2 232.964 -250
1659 264.978 386.727 2 223.295 -250
1660 274.978 386.727 2 213.656 -94.6916
1661 284.978 386.727 2 204.053 -88.7909
1662 294.978 386.727 2 194.489 -84.8631
1663 304.978 386.727 2 184.971 -85.6816
1664 314.978 386.727 2 175.508 -83.1709
1665 324.978 386.727 2 166.107 -84.8615
1666 334.978 386.727 2 156.78 -88.0882
1667 344.978 386.727 2 147.541 -87.7395
1668 354.978 386.727 2 138.408 -86.432
1669 364.978 386.727 2 129.404 -101.183
1670 374.978 386.727 2 120.556 -120.553
1671 384.978 386.727 2 111.903 -250
1672 394.978 386.727 2 103.493 -250
1673 404.978 386.727 2 95.39 -250
1674 414.978 386.727 2 87.6797 -250
1675 424.978 386.727 2 80.4749 -250
1676 434.978 386.727 2 73.9236 -250
1677 444.978 386.727 2 68.2142 -250
1678 454.978 386.727 2 63.574 -250
1679 464.978 386.727 2 60.2506 -250
1680 474.978 386.727 2 58.469 -111.637
1681 484.978 386.727 2 58.3704 -132.284
1682 84.9784 396.727 2 400.081 -94.6952
1683 94.9784 396.727 2 390.197 -89.9239
1684 104.978 396.727 2 380.318 -93.2269
1685 114.978 396.727 2 370.446 -91.1537
1686 124.978 396.727 2 360.581 -90.6847
1687 134.978 396.727 2 350.724 -91.7017
1688 144.978 396.727 2 340.875 -99.671
1689 154.978 396.727 2 331.035 -92.8329
1690 164.978 396.727 2 321.205 -91.4766
1691 174.978 396.727 2 311.386 -87.9433
1692 184.978 396.727 2 301.579 -93.3561
1693 194.978 396.727 2 291.784 -95.1835
1694 204.978 396.727 2 282.005 -111.741
1695 214.978 396.727 2 272.241 -94.461
1696 224.978 396.727 2 262.495 -88.1478
1697 234.978 396.727 2 252.769 -91.304
1698 244.978 396.727 2 243.065 -250
1699 254.978 396.727 2 233.386 -250
1700 264.978 396.727 2 223.735 -250
1701 274.978 396.727 2 214.117 -87.643
1702 284.978 396.727 2 204.535 -87.3734
1703 294.978 396.727 2 194.995 -82.6154
1704 304.978 396.727 2 185.503 -89.0807
1705 314.978 396.727 2 176.068 -87.8825
1706 324.978 396.727 2 166.699 -82.5557
1707 334.978 396.727 2 157.407 -84.0295
1708 344.978 396.727 2 148.207 -79.6071
1709 354.978 396.727 2 139.118 -81.7603
1710 364.978 396.727 2 130.163 -88.8582
1711 374.978 396.727 2 121.371 -117.379
1712 384.978 396.727 2 112.78 -250
1713 394.978 396.727 2 104.44 -250
1714 404.978 396.727 2 96.4171 -250
1715 414.978 396.727 2 88.7961 -250
1716 424.978 396.727 2 81.6898 -250
1717 434.978 396.727 2 75.2443 -250
1718 444.978 396.727 2 69.6433 -250
1719 454.978 396.727 2 65.1051 -250
1720 464.978 396.727 2 61.864 -250
1721 474.978 396.727 2 60.1302 -101.507
1722 484.978 396.727 2 60.0343 -100.47
1723 84.9784 406.727 2 400.577 -93.6315
1724 94.9784 406.727 2 390.705 -97.6616
1725 104.978 406.727 2 380.84 -91.5529
1726 114.978 406.727 2 370.982 -97.707
1727 124.978 406.727 2 361.131 -94.0075
1728 134.978 406.727 2 351.289 -104.888
1729 144.978 406.727 2 341.457 -86.1621
1730 154.978 406.727 2 331.634 -85.0481
1731 164.978 406.727 2 321.822 -89.4315
1732 174.978 406.727 2 312.023 -103.596
1733 184.978 406.727 2 302.236 -96.9232
1734 194.978 406.727 2 292.464 -95.4141
1735 204.978 406.727 2 282.708 -88.5902
1736 214.978 406.727 2 272.969 -85.3903
1737 224.978 406.727 2 263.25 -88.6224
1738 234.978 406.727 2 253.553 -87.4168
1739 244.978 406.727 2 243.88 -88.6851
1740 254.978 406.727 2 234.235 -91.4607
1741 264.978 406.727 2 224.621 -82.9082
1742 274.978 406.727 2 215.042 -96.2147
1743 284.978 406.727 2 205.503 -89.5062
1744 294.978 406.727 2 196.01 -88.0525
1745 304.978 406.727 2 186.57 -92.466
1746 314.978 406.727 2 177.192 -83.2106
1747 324.978 406.727 2 167.885 -88.548
1748 334.978 406.727 2 158.663 -81.5318
1749 344.978 406.727 2 149.541 -90.877
1750 354.978 406.727 2 140.538 -81.2979
1751 364.978 406.727 2 131.679 -84.955
1752 374.978 406.727 2 122.995 -82.9545
1753 384.978 406.727 2 114.527 -86.9833
1754 394.978 406.727 2 106.324 -79.608
1755 404.978 406.727 2 98.4545 -79.1522
1756 414.978 406.727 2 91.0042 -91.9371
1757 424.978 406.727 2 84.0848 -95.3477
1758 434.978 406.727 2 77.8378 -83.794
1759 444.978 406.727 2 72.4376 -84.1409
1760 454.978 406.727 2 68.0859 -92.7163
1761 464.978 406.727 2 64.9937 -91.7955
1762 474.978 406.727 2 63.3456 -102.186
1763 484.978 406.727 2 63.2546 -102.833
1764 84.9784 416.727 2 401.321 -91.3796
1765 94.9784 416.727 2 391.468 -97.9878
1766 104.978 416.727 2 381.623 -107.712
1767 114.978 416.727 2 371.785 -250
1768 124.978 416.727 2 361.957 -250
1769 134.978 416.727 2 352.138 -250
1770 144.978 416.727 2 342.33 -250
1771 154.978 416.727 2 332.533 -89.9658
1772 164.978 416.727 2 322.749 -85.5446
1773 174.978 416.727 2 312.978 -86.7068
1774 184.978 416.727 2 303.222 -95.3074
1775 194.978 416.727 2 293.483 -96.6266
1776 204.978 416.727 2 283.762 -92.0878
1777 214.978 416.727 2 274.06 -87.8951
1778 224.978 416.727 2 264.382 -83.5717
1779 234.978 416.727 2 254.728 -94.7384
1780 244.978 416.727 2 245.101 -83.6186
1781 254.978 416.727 2 235.506 -87.8535
1782 264.978 416.727 2 225.946 -88.4811
1783 274.978 416.727 2 216.426 -87.9153
1784 284.978 416.727 2 206.951 -87.9168
1785 294.978 416.727 2 197.527 -85.5833
1786 304.978 416.727 2 188.163 -81.73
1787 314.978 416.727 2 178.869 -92.8705
1788 324.978 416.727 2 169.654 -86.6102
1789 334.978 416.727 2 160.533 -80.3532
1790 344.978 416.727 2 151.524 -82.6682
1791 354.978 416.727 2 142.646 -82.4302
1792 364.978 416.727 2 133.927 -82.5292
1793 374.978 416.727 2 125.399 -94.076
1794 384.978 416.727 2 117.104 -79.1472
1795 394.978 416.727 2 109.095 -85.6866
1796 404.978 416.727 2 101.441 -86.3415
1797 414.978 416.727 2 94.2273 -87.0495
1798 424.978 416.727 2 87.5629 -82.2754
1799 434.978 416.727 2 81.5828 -85.9068
1800 444.978 416.727 2 76.4476 -87.1036
1801 454.978 416.727 2 72.3375 -83.9175
1802 464.978 416.727 2 69.4348 -86.9785
1803 474.978 416.727 2 67.8946 -94.2988
1804 484.978 416.727 2 67.8097 -91.8661
1805 84.9784 426.727 2 402.313 -128.874
1806 94.9784 426.727 2 392.485 -124.937
1807 104.978 426.727 2 382.665 -139.721
1808 114.978 426.727 2 372.856 -250
1809 124.978 426.727 2 363.056 -250
1810 134.978 426.727 2 353.268 -250
1811 144.978 426.727 2 343.492 -250
1812 154.978 426.727 2 333.729 -123.098
1813 164.978 426.727 2 323.981 -250
1814 174.978 426.727 2 314.249 -250
1815 184.978 426.727 2 304.534 -250
1816 194.978 426.727 2 294.838 -250
1817 204.978 426.727 2 285.163 -250
1818 214.978 426.727 2 275.511 -250
1819 224.978 426.727 2 265.885 -107.638
1820 234.978 426.727 2 256.287 -250
1821 244.978 426.727 2 246.722 -250
1822 254.978 426.727 2 237.192 -250
1823 264.978 426.727 2 227.703 -250
1824 274.978 426.727 2 218.259 -114.354
1825 284.978 426.727 2 208.867 -105.278
1826 294.978 426.727 2 199.534 -103.661
1827 304.978 426.727 2 190.27 -250
1828 314.978 426.727 2 181.083 -250
1829 324.978 426.727 2 171.987 -250
1830 334.978 426.727 2 162.997 -250
1831 344.978 426.727 2 154.131 -250
1832 354.978 426.727 2 145.413 -250
1833 364.978 426.727 2 136.87 -250
1834 374.978 426.727 2 128.537 -250
1835 384.978 426.727 2 120.459 -250
1836 394.978 426.727 2 112.689 -250
1837 404.978 426.727 2 105.296 -250
1838 414.978 426.727 2 98.3657 -250
1839 424.978 426.727 2 92.0015 -250
1840 434.978 426.727 2 86.3294 -250
1841 444.978 426.727 2 81.4939 -250
1842 454.978 426.727 2 77.6513 -250
1843 464.978 426.727 2 74.9547 -82.4612
1844 474.978 426.727 2 73.5302 -92.3776
1845 484.978 426.727 2 73.4519 -250
1846 84.9784 436.727 2 403.55 -132.662
1847 94.9784 436.727 2 393.753 -146.11
1848 104.978 436.727 2 383.966 -150.389
1849 114.978 436.727 2 374.19 -250
1850 124.978 436.727 2 364.427 -250
1851 134.978 436.727 2 354.676 -250
1852 144.978 436.727 2 344.94 -250
1853 154.978 436.727 2 335.22 -140.725
1854 164.978 436.727 2 325.516 -250
1855 174.978 436.727 2 315.831 -250
1856 184.978 436.727 2 306.166 -250
1857 194.978 436.727 2 296.524 -250
1858 204.978 436.727 2 286.905 -250
1859 214.978 436.727 2 277.314 -250
1860 224.978 436.727 2 267.753 -119.643
1861 234.978 436.727 2 258.225 -250
1862 244.978 436.727 2 248.734 -250
1863 254.978 436.727 2 239.285 -250
1864 264.978 436.727 2 229.882 -250
1865 274.978 436.727 2 220.531 -109.191
1866 284.978 436.727 2 211.241 -120.264
1867 294.978 436.727 2 202.017 -121.04
1868 304.978 436.727 2 192.872 -250
1869 314.978 436.727 2 183.815 -250
1870 324.978 436.727 2 174.861 -250
1871 334.978 436.727 2 166.027 -250
1872 344.978 436.727 2 157.332 -250
1873 354.978 436.727 2 148.802 -196.864
1874 364.978 436.727 2 140.465 -250
1875 374.978 436.727 2 132.359 -250
1876 384.978 436.727 2 124.529 -250
1877 394.978 436.727 2 117.029 -250
1878 404.978 436.727 2 109.929 -250
1879 414.978 436.727 2 103.309 -250
1880 424.978 436.727 2 97.2692 -250
1881 434.978 436.727 2 91.9227 -250
1882 444.978 436.727 2 87.3972 -250
1883 454.978 436.727 2 83.8257 -250
1884 464.978 436.727 2 81.3341 -86.4817
1885 474.978 436.727 2 80.0232 -91.1917
1886 484.978 436.727 2 79.9512 -250
1887 84.9784 446.727 2 405.031 -147.355
1888 94.9784 446.727 2 395.27 -142.132
1889 104.978 446.727 2 385.522 -153.711
1890 114.978 446.727 2 375.786 -250
1891 124.978 446.727 2 366.065 -250
1892 134.978 446.727 2 356.36 -250
1893 144.978 446.727 2 346.671 -250
1894 154.978 446.727 2 337 -133.607
1895 164.978 446.727 2 327.35 -250
1896 174.978 446.727 2 317.72 -250
1897 184.978 446.727 2 308.115 -250
1898 194.978 446.727 2 298.535 -250
1899 204.978 446.727 2 288.984 -250
1900 214.978 446.727 2 279.464 -250
1901 224.978 446.727 2 269.979 -135.269
1902 234.978 446.727 2 260.532 -250
1903 244.978 446.727 2 251.129 -250
1904 254.978 446.727 2 241.773 -250
1905 264.978 446.727 2 232.471 -250
1906 274.978 446.727 2 223.229 -120.921
1907 284.978 446.727 2 214.055 -126.295
1908 294.978 446.727 2 204.959 -124.121
1909 304.978 446.727 2 195.95 -250
1910 314.978 446.727 2 187.043 -250
1911 324.978 446.727 2 178.251 -250
1912 334.978 446.727 2 169.594 -250
1913 344.978 446.727 2 161.091 -250
1914 354.978 446.727 2 152.771 -250
1915 364.978 446.727 2 144.663 -250
1916 374.978 446.727 2 136.806 -250
1917 384.978 446.727 2 129.245 -250
1918 394.978 446.727 2 122.036 -250
1919 404.978 446.727 2 115.245 -250
1920 414.978 446.727 2 108.949 -250
1921 424.978 446.727 2 103.239 -250
1922 434.978 446.727 2 98.2181 -250
1923 444.978 446.727 2 93.9962 -250
1924 454.978 446.727 2 90.685 -250
1925 464.978 446.727 2 88.3869 -82.6638
1926 474.978 446.727 2 87.1822 -87.4369
1927 484.978 446.727 2 87.1161 -250
1928 84.9784 456.727 2 406.752 -148.255
1929 94.9784 456.727 2 397.033 -149.462
1930 104.978 456.727 2 387.329 -156.725
1931 114.978 456.727 2 377.641 -250
1932 124.978 456.727 2 367.969 -250
1933 134.978 456.727 2 358.315 -250
1934 144.978 456.727 2 348.68 -250
1935 154.978 456.727 2 339.067 -136.478
1936 164.978 456.727 2 329.477 -250
1937 174.978 456.727 2 319.911 -250
1938 184.978 456.727 2 310.374 -250
1939 194.978 456.727 2 300.866 -250
1940 204.978 456.727 2 291.391 -250
1941 214.978 456.727 2 281.953 -250
1942 224.978 456.727 2 272.554 -146.995
1943 234.978 456.727 2 263.2 -250
1944 244.978 456.727 2 253.895 -250
1945 254.978 456.727 2 244.645 -250
1946 264.978 456.727 2 235.456 -250
1947 274.978 456.727 2 226.336 -126.776
1948 284.978 456.727 2 217.294 -131.844
1949 294.978 456.727 2 208.339 -126.078
1950 304.978 456.727 2 199.483 -250
1951 314.978 456.727 2 190.741 -250
1952 324.978 456.727 2 182.128 -250
1953 334.978 456.727 2 173.663 -250
1954 344.978 456.727 2 165.371 -250
1955 354.978 456.727 2 157.277 -250
1956 364.978 456.727 2 149.414 -250
1957 374.978 456.727 2 141.82 -250
1958 384.978 456.727 2 134.541 -250
1959 394.978 456.727 2 127.632 -250
1960 404.978 456.727 2 121.154 -250
1961 414.978 456.727 2 115.182 -250
1962 424.978 456.727 2 109.797 -250
1963 434.978 456.727 2 105.09 -250
1964 444.978 456.727 2 101.155 -250
1965 454.978 456.727 2 98.0856 -250
1966 464.978 456.727 2 95.9649 -86.5244
1967 474.978 456.727 2 94.8565 -81.2865
1968 484.978 456.727 2 94.7957 -250
1969 84.9784 466.727 2 408.71 -138.819
1970 94.9784 466.727 2 399.039 -151.535
1971 104.978 466.727 2 389.385 -159.611
1972 114.978 466.727 2 379.749 -250
1973 124.978 466.727 2 370.132 -250
1974 134.978 466.727 2 360.536 -250
1975 144.978 466.727 2 350.963 -250
1976 154.978 466.727 2 341.414 -136.17
1977 164.978 466.727 2 331.891 -250
1978 174.978 466.727 2 322.398 -250
1979 184.978 466.727 2 312.936 -250
1980 194.978 466.727 2 303.508 -250
1981 204.978 466.727 2 294.119 -250
1982 214.978 466.727 2 284.77 -250
1983 224.978 466.727 2 275.468 -148.493
1984 234.978 466.727 2 266.216 -250
1985 244.978 466.727 2 257.021 -250
1986 254.978 466.727 2 247.887 -250
1987 264.978 466.727 2 238.823 -250
1988 274.978 466.727 2 229.837 -129.474
1989 284.978 466.727 2 220.938 -135.519
1990 294.978 466.727 2 212.137 -126.169
1991 304.978 466.727 2 203.447 -250
1992 314.978 466.727 2 194.882 -250
1993 324.978 466.727 2 186.461 -250
1994 334.978 466.727 2 178.202 -250
1995 344.978 466.727 2 170.131 -250
1996 354.978 466.727 2 162.274 -250
1997 364.978 466.727 2 154.666 -250
1998 374.978 466.727 2 147.343 -250
1999 384.978 466.727 2 140.351 -250
2000 394.978 466.727 2 133.742 -250
2001 404.978 466.727 2 127.575 -250
2002 414.978 466.727 2 121.918 -250
2003 424.978 466.727 2 116.843 -250
2004 434.978 466.727 2 112.431 -250
2005 444.978 466.727 2 108.763 -250
2006 454.978 466.727 2 105.914 -250
2007 464.978 466.727 2 103.953 -79.8477
2008 474.978 466.727 2 102.931 -81.7703
2009 484.978 466.727 2 102.875 -250
2010 84.9784 476.727 2 410.903 -131.397
2011 94.9784 476.727 2 401.285 -136.249
2012 104.978 476.727 2 391.686 -124.165
2013 114.978 476.727 2 382.108 -131.123
2014 124.978 476.727 2 372.552 -127.721
2015 134.978 476.727 2 363.02 -121.487
2016 144.978 476.727 2 353.514 -127.556
2017 154.978 476.727 2 344.035 -125.042
2018 164.978 476.727 2 334.588 -130.103
2019 174.978 476.727 2 325.173 -133.003
2020 184.978 476.727 2 315.794 -128.229
2021 194.978 476.727 2 306.454 -127.858
2022 204.978 476.727 2 297.158 -138.341
2023 214.978 476.727 2 287.908 -130.347
2024 224.978 476.727 2 278.711 -135.971
2025 234.978 476.727 2 269.57 -126.431
2026 244.978 476.727 2 260.493 -127.57
2027 254.978 476.727 2 251.486 -138.799
2028 264.978 476.727 2 242.557 -138.541
2029 274.978 476.727 2 233.714 -130.624
2030 284.978 476.727 2 224.968 -128.667
2031 294.978 476.727 2 216.331 -132.704
2032 304.978 476.727 2 207.816 -250
2033 314.978 476.727 2 199.439 -250
2034 324.978 476.727 2 191.219 -250
2035 334.978 476.727 2 183.175 -250
2036 344.978 476.727 2 175.333 -250
2037 354.978 476.727 2 167.72 -250
2038 364.978 476.727 2 160.37 -250
2039 374.978 476.727 2 153.32 -250
2040 384.978 476.727 2 146.613 -250
2041 394.978 476.727 2 140.299 -250
2042 404.978 476.727 2 134.434 -250
2043 414.978 476.727 2 129.077 -250
2044 424.978 476.727 2 124.296 -250
2045 434.978 476.727 2 120.158 -250
2046 444.978 476.727 2 116.732 -250
2047 454.978 476.727 2 114.083 -250
2048 464.978 476.727 2 112.264 -81.5504
2049 474.978 476.727 2 111.318 -82.7066
2050 484.978 476.727 2 111.267 -250
2051 84.9784 486.727 2 413.326 -122.999
2052 94.9784 486.727 2 403.765 -133.791
2053 104.978 486.727 2 394.227 -130.178
2054 114.978 486.727 2 384.712 -128.876
2055 124.978 486.727 2 375.223 -135.736
2056 134.978 486.727 2 365.76 -131.534
2057 144.978 486.727 2 356.327 -126.052
2058 154.978 486.727 2 346.926 -125.846
2059 164.978 486.727 2 337.559 -127.653
2060 174.978 486.727 2 328.229 -127.329
2061 184.978 486.727 2 318.94 -129.935
2062 194.978 486.727 2 309.696 -147.067
2063 204.978 486.727 2 300.499 -143.733
2064 214.978 486.727 2 291.356 -131.774
2065 224.978 486.727 2 282.271 -130.223
2066 234.978 486.727 2 273.249 -125.596
2067 244.978 486.727 2 264.299 -127.893
2068 254.978 486.727 2 255.426 -130.854
2069 264.978 486.727 2 246.639 -127.852
2070 274.978 486.727 2 237.948 -125.459
2071 284.978 486.727 2 229.364 -127.509
2072 294.978 486.727 2 220.898 -127.228
2073 304.978 486.727 2 212.567 -127.656
2074 314.978 486.727 2 204.385 -131.591
2075 324.978 486.727 2 196.371 -136.53
2076 334.978 486.727 2 188.547 -126.244
2077 344.978 486.727 2 180.938 -124.867
2078 354.978 486.727 2 173.571 -131.294
2079 364.978 486.727 2 166.48 -139.31
2080 374.978 486.727 2 159.7 -139.011
2081 384.978 486.727 2 153.273 -132.263
2082 394.978 486.727 2 147.245 -127.357
2083 404.978 486.727 2 141.667 -132.326
2084 414.978 486.727 2 136.594 -124.009
2085 424.978 486.727 2 132.085 -125.273
2086 434.978 486.727 2 128.199 -121.221
2087 444.978 486.727 2 124.993 -121.265
2088 454.978 486.727 2 122.523 -121.836
2089 464.978 486.727 2 120.832 -86.9927
2090 474.978 486.727 2 119.953 -87.0831
2091 484.978 486.727 2 119.905 -87.4527
2092 84.9784 496.727 2 415.975 -124.383
2093 94.9784 496.727 2 406.477 -160.253
2094 104.978 496.727 2 397.004 -250
2095 114.978 496.727 2 387.557 -250
2096 124.978 496.727 2 378.139 -250
2097 134.978 496.727 2 368.751 -250
2098 144.978 496.727 2 359.397 -250
2099 154.978 496.727 2 350.078 -250
2100 164.978 496.727 2 340.797 -250
2101 174.978 496.727 2 331.559 -250
2102 184.978 496.727 2 322.366 -250
2103 194.978 496.727 2 313.222 -250
2104 204.978 496.727 2 304.133 -123.203
2105 214.978 496.727 2 295.102 -132.971
2106 224.978 496.727 2 286.136 -125.784
2107 234.978 496.727 2 277.24 -250
2108 244.978 496.727 2 268.423 -250
2109 254.978 496.727 2 259.691 -250
2110 264.978 496.727 2 251.053 -250
2111 274.978 496.727 2 242.52 -130.646
2112 284.978 496.727 2 234.104 -136.868
2113 294.978 496.727 2 225.817 -132.702
2114 304.978 496.727 2 217.673 -120.702
2115 314.978 496.727 2 209.691 -142.577
2116 324.978 496.727 2 201.888 -121.685
2117 334.978 496.727 2 194.286 -124.955
2118 344.978 496.727 2 186.911 -121.476
2119 354.978 496.727 2 179.789 -125.493
2120 364.978 496.727 2 172.952 -127.495
2121 374.978 496.727 2 166.436 -125.891
2122 384.978 496.727 2 160.279 -127.9
2123 394.978 496.727 2 154.525 -142.99
2124 404.978 496.727 2 149.219 -130.853
2125 414.978 496.727 2 144.412 -129.072
2126 424.978 496.727 2 140.155 -125.993
2127 434.978 496.727 2 136.499 -130.492
2128 444.978 496.727 2 133.493 -121.786
2129 454.978 496.727 2 131.183 -114.731
2130 464.978 496.727 2 129.605 -83.6494
2131 474.978 496.727 2 128.786 -78.9724
2132 484.978 496.727 2 128.741 -79.6424
2133 84.9784 506.727 2 418.846 -159.041
2134 94.9784 506.727 2 409.415 -153.992
2135 104.978 506.727 2 400.011 -250
2136 114.978 506.727 2 390.637 -250
2137 124.978 506.727 2 381.295 -250
2138 134.978 506.727 2 371.987 -250
2139 144.978 506.727 2 362.716 -250
2140 154.978 506.727 2 353.485 -250
2141 164.978 506.727 2 344.296 -250
2142 174.978 506.727 2 335.154 -250
2143 184.978 506.727 2 326.063 -250
2144 194.978 506.727 2 317.026 -250
2145 204.978 506.727 2 308.048 -132.803
2146 214.978 506.727 2 299.136 -131.728
2147 224.978 506.727 2 290.294 -135.923
2148 234.978 506.727 2 281.53 -250
2149 244.978 506.727 2 272.851 -250
2150 254.978 506.727 2 264.265 -250
2151 264.978 506.727 2 255.783 -250
2152 274.978 506.727 2 247.413 -125.245
2153 284.978 506.727 2 239.169 -140.032
2154 294.978 506.727 2 231.063 -250
2155 304.978 506.727 2 223.111 -250
2156 314.978 506.727 2 215.33 -250
2157 324.978 506.727 2 207.739 -250
2158 334.978 506.727 2 200.36 -250
2159 344.978 506.727 2 193.216 -250
2160 354.978 506.727 2 186.336 -250
2161 364.978 506.727 2 179.749 -250
2162 374.978 506.727 2 173.488 -250
2163 384.978 506.727 2 167.59 -250
2164 394.978 506.727 2 162.096 -250
2165 404.978 506.727 2 157.046 -250
2166 414.978 506.727 2 152.486 -250
2167 424.978 506.727 2 148.46 -120.182
2168 434.978 506.727 2 145.014 -133.845
2169 444.978 506.727 2 142.188 -116.937
2170 454.978 506.727 2 140.021 -108.303
2171 464.978 506.727 2 138.544 -87.3287
2172 474.978 506.727 2 137.778 -77.2453
2173 484.978 506.727 2 137.736 -250
2174 84.9784 516.727 2 421.935 -142.614
2175 94.9784 516.727 2 412.574 -151.406
2176 104.978 516.727 2 403.244 -250
2177 114.978 516.727 2 393.947 -250
2178 124.978 516.727 2 384.686 -250
2179 134.978 516.727 2 375.462 -250
2180 144.978 516.727 2 366.279 -250
2181 154.978 516.727 2 357.139 -250
2182 164.978 516.727 2 348.047 -250
2183 174.978 516.727 2 339.006 -250
2184 184.978 516.727 2 330.021 -250
2185 194.978 516.727 2 321.096 -250
2186 204.978 516.727 2 312.235 -157.762
2187 214.978 516.727 2 303.446 -133.834
2188 224.978 516.727 2 294.733 -130.985
2189 234.978 516.727 2 286.105 -250
2190 244.978 516.727 2 277.569 -250
2191 254.978 516.727 2 269.134 -250
2192 264.978 516.727 2 260.81 -250
2193 274.978 516.727 2 252.607 -136.041
2194 284.978 516.727 2 244.538 -134.554
2195 294.978 516.727 2 236.616 -250
2196 304.978 516.727 2 228.857 -250
2197 314.978 516.727 2 221.278 -250
2198 324.978 516.727 2 213.899 -250
2199 334.978 516.727 2 206.739 -250
2200 344.978 516.727 2 199.824 -250
2201 354.978 516.727 2 193.179 -250
2202 364.978 516.727 2 186.833 -250
2203 374.978 516.727 2 180.818 -250
2204 384.978 516.727 2 175.167 -250
2205 394.978 516.727 2 169.918 -250
2206 404.978 516.727 2 165.108 -250
2207 414.978 516.727 2 160.776 -250
2208 424.978 516.727 2 156.963 -133.462
2209 434.978 516.727 2 153.707 -117.826
2210 444.978 516.727 2 151.044 -114.892
2211 454.978 516.727 2 149.006 -99.6754
2212 464.978 516.727 2 147.619 -84.3334
2213 474.978 516.727 2 146.901 -94.2201
2214 484.978 516.727 2 146.862 -250
2215 84.9784 526.727 2 425.236 -143.233
2216 94.9784 526.727 2 415.95 -148.682
2217 104.978 526.727 2 406.698 -250
2218 114.978 526.727 2 397.481 -250
2219 124.978 526.727 2 388.304 -250
2220 134.978 526.727 2 379.168 -250
2221 144.978 526.727 2 370.077 -250
2222 154.978 526.727 2 361.034 -250
2223 164.978 526.727 2 352.043 -250
2224 174.978 526.727 2 343.107 -250
2225 184.978 526.727 2 334.232 -250
2226 194.978 526.727 2 325.422 -250
2227 204.978 526.727 2 316.683 -142.621
2228 214.978 526.727 2 308.02 -135.871
2229 224.978 526.727 2 299.441 -138.779
2230 234.978 526.727 2 290.952 -250
2231 244.978 526.727 2 282.563 -250
2232 254.978 526.727 2 274.281 -250
2233 264.978 526.727 2 266.118 -250
2234 274.978 526.727 2 258.084 -134.888
2235 284.978 526.727 2 250.191 -138.485
2236 294.978 526.727 2 242.455 -250
2237 304.978 526.727 2 234.889 -250
2238 314.978 526.727 2 227.511 -250
2239 324.978 526.727 2 220.34 -250
2240 334.978 526.727 2 213.397 -250
2241 344.978 526.727 2 206.704 -250
2242 354.978 526.727 2 200.288 -250
2243 364.978 526.727 2 194.174 -250
2244 374.978 526.727 2 188.393 -250
2245 384.978 526.727 2 182.977 -250
2246 394.978 526.727 2 177.958 -250
2247 404.978 526.727 2 173.371 -250
2248 414.978 526.727 2 169.251 -250
2249 424.978 526.727 2 165.634 -130.282
2250 434.978 526.727 2 162.551 -117.018
2251 444.978 526.727 2 160.036 -117.361
2252 454.978 526.727 2 158.114 -91.062
2253 464.978 526.727 2 156.807 -83.042
2254 474.978 526.727 2 156.131 -82.5161
2255 484.978 526.727 2 156.094 -250
2256 84.9784 536.727 2 428.746 -149.126
2257 94.9784 536.727 2 419.537 -151.253
2258 104.978 536.727 2 410.366 -250
2259 114.978 536.727 2 401.234 -250
2260 124.978 536.727 2 392.144 -250
2261 134.978 536.727 2 383.1 -250
2262 144.978 536.727 2 374.104 -250
2263 154.978 536.727 2 365.161 -250
2264 164.978 536.727 2 356.274 -250
2265 174.978 536.727 2 347.447 -250
2266 184.978 536.727 2 338.686 -250
2267 194.978 536.727 2 329.995 -250
2268 204.978 536.727 2 321.38 -136.244
2269 214.978 536.727 2 312.847 -138.712
2270 224.978 536.727 2 304.404 -127.825
2271 234.978 536.727 2 296.058 -250
2272 244.978 536.727 2 287.817 -250
2273 254.978 536.727 2 279.691 -250
2274 264.978 536.727 2 271.691 -250
2275 274.978 536.727 2 263.826 -149.934
2276 284.978 536.727 2 256.111 -148.563
2277 294.978 536.727 2 248.558 -250
2278 304.978 536.727 2 241.184 -250
2279 314.978 536.727 2 234.005 -250
2280 324.978 536.727 2 227.039 -250
2281 334.978 536.727 2 220.307 -250
2282 344.978 536.727 2 213.831 -250
2283 354.978 536.727 2 207.635 -250
2284 364.978 536.727 2 201.744 -250
2285 374.978 536.727 2 196.186 -250
2286 384.978 536.727 2 190.991 -250
2287 394.978 536.727 2 186.188 -250
2288 404.978 536.727 2 181.809 -250
2289 414.978 536.727 2 177.885 -250
2290 424.978 536.727 2 174.446 -124.254
2291 434.978 536.727 2 171.523 -113.442
2292 444.978 536.727 2 169.14 -114.277
2293 454.978 536.727 2 167.323 -88.4541
2294 464.978 536.727 2 166.089 -87.5906
2295 474.978 536.727 2 165.451 -84.0863
2296 484.978 536.727 2 165.416 -250
2297 84.9784 546.727 2 432.458 -149.136
2298 94.9784 546.727 2 423.33 -154.373
2299 104.978 546.727 2 414.243 -250
2300 114.978 546.727 2 405.198 -250
2301 124.978 546.727 2 396.199 -250
2302 134.978 546.727 2 387.25 -250
2303 144.978 546.727 2 378.353 -250
2304 154.978 546.727 2 369.513 -250
2305 164.978 546.727 2 360.733 -250
2306 174.978 546.727 2 352.018 -250
2307 184.978 546.727 2 343.373 -250
2308 194.978 546.727 2 334.804 -250
2309 204.978 546.727 2 326.316 -137.193
2310 214.978 546.727 2 317.916 -131.907
2311 224.978 546.727 2 309.611 -129.471
2312 234.978 546.727 2 301.409 -250
2313 244.978 546.727 2 293.319 -250
2314 254.978 546.727 2 285.349 -250
2315 264.978 546.727 2 277.512 -250
2316 274.978 546.727 2 269.817 -144.591
2317 284.978 546.727 2 262.278 -142.159
2318 294.978 546.727 2 254.908 -250
2319 304.978 546.727 2 247.723 -250
2320 314.978 546.727 2 240.739 -250
2321 324.978 546.727 2 233.974 -250
2322 334.978 546.727 2 227.447 -250
2323 344.978 546.727 2 221.18 -250
2324 354.978 546.727 2 215.196 -250
2325 364.978 546.727 2 209.518 -250
2326 374.978 546.727 2 204.172 -250
2327 384.978 546.727 2 199.185 -250
2328 394.978 546.727 2 194.584 -250
2329 404.978 546.727 2 190.398 -250
2330 414.978 546.727 2 186.655 -250
2331 424.978 546.727 2 183.381 -127.687
2332 434.978 546.727 2 180.602 -114.265
2333 444.978 546.727 2 178.341 -100.869
2334 454.978 546.727 2 176.618 -85.0233
2335 464.978 546.727 2 175.449 -84.2314
2336 474.978 546.727 2 174.845 -78.543
2337 484.978 546.727 2 174.812 -250
2338 84.9784 556.727 2 436.368 -145.432
2339 94.9784 556.727 2 427.324 -153.765
2340 104.978 556.727 2 418.323 -191.109
2341 114.978 556.727 2 409.369 -190.949
2342 124.978 556.727 2 400.464 -191.029
2343 134.978 556.727 2 391.611 -191.303
2344 144.978 556.727 2 382.816 -191.875
2345 154.978 556.727 2 374.081 -192.799
2346 164.978 556.727 2 365.411 -194.034
2347 174.978 556.727 2 356.81 -195.293
2348 184.978 556.727 2 348.284 -195.772
2349 194.978 556.727 2 339.839 -137.732
2350 204.978 556.727 2 331.48 -137.256
2351 214.978 556.727 2 323.214 -137.004
2352 224.978 556.727 2 315.049 -136.105
2353 234.978 556.727 2 306.992 -133.088
2354 244.978 556.727 2 299.053 -189.059
2355 254.978 556.727 2 291.241 -137.931
2356 264.978 556.727 2 283.566 -142.828
2357 274.978 556.727 2 276.04 -134.142
2358 284.978 556.727 2 268.676 -141.219
2359 294.978 556.727 2 261.487 -135.992
2360 304.978 556.727 2 254.487 -142.596
2361 314.978 556.727 2 247.694 -155
2362 324.978 556.727 2 241.124 -149.75
2363 334.978 556.727 2 234.796 -147.397
2364 344.978 556.727 2 228.731 -157.614
2365 354.978 556.727 2 222.949 -153.995
2366 364.978 556.727 2 217.473 -186.389
2367 374.978 556.727 2 212.328 -141.289
2368 384.978 556.727 2 207.537 -152.995
2369 394.978 556.727 2 203.126 -140.308
2370 404.978 556.727 2 199.119 -155.885
2371 414.978 556.727 2 195.543 -124.894
2372 424.978 556.727 2 192.42 -122.786
2373 434.978 556.727 2 189.774 -116.988
2374 444.978 556.727 2 187.623 -101.795
2375 454.978 556.727 2 185.986 -86.2381
2376 464.978 556.727 2 184.877 -88.4544
2377 474.978 556.727 2 184.304 -82.5509
2378 484.978 556.727 2 184.273 -100.348
2379 84.9784 566.727 2 440.47 -150.957
2380 94.9784 566.727 2 431.512 -167.327
2381 104.978 566.727 2 422.6 -190.356
2382 114.978 566.727 2 413.739 -190.011
2383 124.978 566.727 2 404.93 -189.934
2384 134.978 566.727 2 396.177 -190.148
2385 144.978 566.727 2 387.486 -190.685
2386 154.978 566.727 2 378.858 -191.571
2387 164.978 566.727 2 370.3 -192.767
2388 174.978 566.727 2 361.816 -136.373
2389 184.978 566.727 2 353.41 -137.517
2390 194.978 566.727 2 345.091 -137.535
2391 204.978 566.727 2 336.862 -132.491
2392 214.978 566.727 2 328.732 -149.136
2393 224.978 566.727 2 320.707 -154.499
2394 234.978 566.727 2 312.796 -129.734
2395 244.978 566.727 2 305.008 -130.393
2396 254.978 566.727 2 297.352 -131.973
2397 264.978 566.727 2 289.839 -143.096
2398 274.978 566.727 2 282.481 -135.288
2399 284.978 566.727 2 275.289 -132.792
2400 294.978 566.727 2 268.276 -136.251
2401 304.978 566.727 2 261.459 -134.586
2402 314.978 566.727 2 254.851 -136.971
2403 324.978 566.727 2 248.471 -138.154
2404 334.978 566.727 2 242.335 -143.53
2405 344.978 566.727 2 236.463 -137.484
2406 354.978 566.727 2 230.875 -185.178
2407 364.978 566.727 2 225.592 -134.605
2408 374.978 566.727 2 220.636 -139.17
2409 384.978 566.727 2 216.029 -135.369
2410 394.978 566.727 2 211.795 -143.494
2411 404.978 566.727 2 207.956 -122.883
2412 414.978 566.727 2 204.534 -119.88
2413 424.978 566.727 2 201.55 -114.013
2414 434.978 566.727 2 199.025 -109.201
2415 444.978 566.727 2 196.976 -102.171
2416 454.978 566.727 2 195.417 -86.6562
2417 464.978 566.727 2 194.362 -87.1998
2418 474.978 566.727 2 193.817 -89.1261
2419 484.978 566.727 2 193.787 -92.2525
2420 84.9784 576.727 2 444.76 -163.241
2421 94.9784 576.727 2 435.889 -186.188
2422 104.978 576.727 2 427.069 -189.374
2423 114.978 576.727 2 418.302 -188.997
2424 124.978 576.727 2 409.591 -188.884
2425 134.978 576.727 2 400.941 -189.06
2426 144.978 576.727 2 392.355 -189.555
2427 154.978 576.727 2 383.837 -190.396
2428 164.978 576.727 2 375.392 -135.706
2429 174.978 576.727 2 367.025 -136.076
2430 184.978 576.727 2 358.742 -143.462
2431 194.978 576.727 2 350.549 -155.293
2432 204.978 576.727 2 342.451 -153.43
2433 214.978 576.727 2 334.457 -156.199
2434 224.978 576.727 2 326.573 -158.52
2435 234.978 576.727 2 318.808 -157.17
2436 244.978 576.727 2 311.17 -126.033
2437 254.978 576.727 2 303.67 -127.32
2438 264.978 576.727 2 296.317 -125.358
2439 274.978 576.727 2 289.123 -131.18
2440 284.978 576.727 2 282.101 -136.691
2441 294.978 576.727 2 275.262 -129.071
2442 304.978 576.727 2 268.622 -147.435
2443 314.978 576.727 2 262.195 -132.244
2444 324.978 576.727 2 255.998 -131.433
2445 334.978 576.727 2 250.046 -131.75
2446 344.978 576.727 2 244.36 -137.635
2447 354.978 576.727 2 238.956 -131.047
2448 364.978 576.727 2 233.856 -133.416
2449 374.978 576.727 2 229.079 -130.688
2450 384.978 576.727 2 224.646 -131.014
2451 394.978 576.727 2 220.577 -125.879
2452 404.978 576.727 2 216.893 -123.638
2453 414.978 576.727 2 213.614 -117.02
2454 424.978 576.727 2 210.759 -112.694
2455 434.978 576.727 2 208.346 -107.128
2456 444.978 576.727 2 206.389 -97.4866
2457 454.978 576.727 2 204.902 -86.7686
2458 464.978 576.727 2 203.896 -83.2598
2459 474.978 576.727 2 203.376 -85.395
2460 484.978 576.727 2 203.348 -85.1527
2461 84.9784 586.727 2 449.231 -163.921
2462 94.9784 586.727 2 440.451 -199.007
2463 104.978 586.727 2 431.723 -188.461
2464 114.978 586.727 2 423.053 -188.048
2465 124.978 586.727 2 414.442 -187.895
2466 134.978 586.727 2 405.895 -188.027
2467 144.978 586.727 2 397.416 -122.369
2468 154.978 586.727 2 389.008 -155.358
2469 164.978 586.727 2 380.678 -143.067
2470 174.978 586.727 2 372.431 -135.826
2471 184.978 586.727 2 364.271 -192.069
2472 194.978 586.727 2 356.204 -157.762
2473 204.978 586.727 2 348.238 -131.297
2474 214.978 586.727 2 340.38 -150.192
2475 224.978 586.727 2 332.636 -160.398
2476 234.978 586.727 2 325.016 -131.945
2477 244.978 586.727 2 317.528 -128.169
2478 254.978 586.727 2 310.181 -130.166
2479 264.978 586.727 2 302.987 -132.466
2480 274.978 586.727 2 295.955 -122.342
2481 284.978 586.727 2 289.098 -137.712
2482 294.978 586.727 2 282.429 -129.477
2483 304.978 586.727 2 275.962 -131.308
2484 314.978 586.727 2 269.71 -130.135
2485 324.978 586.727 2 263.689 -131.526
2486 334.978 586.727 2 257.915 -128.697
2487 344.978 586.727 2 252.406 -132.838
2488 354.978 586.727 2 247.178 -127.966
2489 364.978 586.727 2 242.251 -123.327
2490 374.978 586.727 2 237.643 -127.496
2491 384.978 586.727 2 233.372 -128.275
2492 394.978 586.727 2 229.458 -120.814
2493 404.978 586.727 2 225.919 -129.032
2494 414.978 586.727 2 222.774 -123.456
2495 424.978 586.727 2 220.038 -126.057
2496 434.978 586.727 2 217.727 -106.24
2497 444.978 586.727 2 215.855 -91.7738
2498 454.978 586.727 2 214.434 -88.7334
2499 464.978 586.727 2 213.473 -91.277
2500 474.978 586.727 2 212.977 -85.6576
2501 484.978 586.727 2 212.949 -88.9182
