# <Transmitter Set: Tx: 19 tx_ant_grid_80_m - Point 7> 
# <Receiver Set: Rx: 17 rx_ant_grid> 
# <X(m)> <Y(m)> <Z(m)> <Distance(m)> <PathGain(dB)>
1 84.9784 -13.2734 2 155.795 -88.6388
2 94.9784 -13.2734 2 149.869 -85.1219
3 104.978 -13.2734 2 144.392 -90.3496
4 114.978 -13.2734 2 139.419 -87.4457
5 124.978 -13.2734 2 135.004 -85.5483
6 134.978 -13.2734 2 131.204 -89.1501
7 144.978 -13.2734 2 128.074 -85.6686
8 154.978 -13.2734 2 125.664 -86.6144
9 164.978 -13.2734 2 124.016 -91.5938
10 174.978 -13.2734 2 123.16 -91.1292
11 184.978 -13.2734 2 123.113 -90.8857
12 194.978 -13.2734 2 123.877 -90.2805
13 204.978 -13.2734 2 125.435 -85.7105
14 214.978 -13.2734 2 127.759 -85.5962
15 224.978 -13.2734 2 130.808 -88.653
16 234.978 -13.2734 2 134.534 -85.234
17 244.978 -13.2734 2 138.881 -86.5397
18 254.978 -13.2734 2 143.793 -88.0789
19 264.978 -13.2734 2 149.214 -84.5056
20 274.978 -13.2734 2 155.091 -86.9949
21 284.978 -13.2734 2 161.375 -86.7496
22 294.978 -13.2734 2 168.019 -86.9319
23 304.978 -13.2734 2 174.982 -89.4298
24 314.978 -13.2734 2 182.228 -97.7132
25 324.978 -13.2734 2 189.725 -93.1586
26 334.978 -13.2734 2 197.444 -87.0002
27 344.978 -13.2734 2 205.36 -93.6568
28 354.978 -13.2734 2 213.451 -92.5249
29 364.978 -13.2734 2 221.697 -88.2151
30 374.978 -13.2734 2 230.083 -92.5029
31 384.978 -13.2734 2 238.593 -99.5776
32 394.978 -13.2734 2 247.215 -92.9218
33 404.978 -13.2734 2 255.937 -92.3682
34 414.978 -13.2734 2 264.749 -88.3669
35 424.978 -13.2734 2 273.643 -91.0858
36 434.978 -13.2734 2 282.611 -88.5443
37 444.978 -13.2734 2 291.646 -89.403
38 454.978 -13.2734 2 300.742 -92.0206
39 464.978 -13.2734 2 309.894 -91.0388
40 474.978 -13.2734 2 319.097 -102.82
41 484.978 -13.2734 2 328.346 -114.079
42 84.9784 -3.2734 2 149.897 -84.8697
43 94.9784 -3.2734 2 143.728 -87.9578
44 104.978 -3.2734 2 138.008 -90.3394
45 114.978 -3.2734 2 132.795 -86.0185
46 124.978 -3.2734 2 128.152 -122.107
47 134.978 -3.2734 2 124.143 -101.762
48 144.978 -3.2734 2 120.83 -85.0049
49 154.978 -3.2734 2 118.273 -92.3345
50 164.978 -3.2734 2 116.52 -87.9588
51 174.978 -3.2734 2 115.609 -85.9913
52 184.978 -3.2734 2 115.559 -83.1782
53 194.978 -3.2734 2 116.372 -105.63
54 204.978 -3.2734 2 118.029 -104.41
55 214.978 -3.2734 2 120.496 -106.068
56 224.978 -3.2734 2 123.725 -104.991
57 234.978 -3.2734 2 127.657 -105.069
58 244.978 -3.2734 2 132.23 -105.482
59 254.978 -3.2734 2 137.38 -108.336
60 264.978 -3.2734 2 143.045 -103.161
61 274.978 -3.2734 2 149.165 -112.648
62 284.978 -3.2734 2 155.688 -93.383
63 294.978 -3.2734 2 162.565 -107.806
64 304.978 -3.2734 2 169.752 -122.594
65 314.978 -3.2734 2 177.212 -120.117
66 324.978 -3.2734 2 184.913 -111.214
67 334.978 -3.2734 2 192.824 -124.237
68 344.978 -3.2734 2 200.922 -119.448
69 354.978 -3.2734 2 209.184 -122.313
70 364.978 -3.2734 2 217.593 -120.697
71 374.978 -3.2734 2 226.131 -133.815
72 384.978 -3.2734 2 234.784 -97.3729
73 394.978 -3.2734 2 243.541 -98.0962
74 404.978 -3.2734 2 252.39 -96.8936
75 414.978 -3.2734 2 261.322 -92.0883
76 424.978 -3.2734 2 270.329 -89.7165
77 434.978 -3.2734 2 279.403 -94.3907
78 444.978 -3.2734 2 288.539 -124.078
79 454.978 -3.2734 2 297.73 -140.545
80 464.978 -3.2734 2 306.971 -147.403
81 474.978 -3.2734 2 316.259 -116.059
82 484.978 -3.2734 2 325.589 -121.449
83 84.9784 6.7266 2 144.451 -89.9138
84 94.9784 6.7266 2 138.038 -90.5025
85 104.978 6.7266 2 132.072 -86.6522
86 114.978 6.7266 2 126.616 -85.8499
87 124.978 6.7266 2 121.738 -250
88 134.978 6.7266 2 117.51 -90.9923
89 144.978 6.7266 2 114.005 -86.919
90 154.978 6.7266 2 111.29 -88.2344
91 164.978 6.7266 2 109.426 -86.3489
92 174.978 6.7266 2 108.455 -90.597
93 184.978 6.7266 2 108.402 -86.8365
94 194.978 6.7266 2 109.268 -127.113
95 204.978 6.7266 2 111.031 -123.56
96 214.978 6.7266 2 113.65 -125.511
97 224.978 6.7266 2 117.068 -120.941
98 234.978 6.7266 2 121.216 -119.113
99 244.978 6.7266 2 126.023 -119.001
100 254.978 6.7266 2 131.417 -114.328
101 264.978 6.7266 2 137.327 -115.468
102 274.978 6.7266 2 143.692 -97.3481
103 284.978 6.7266 2 150.452 -93.0154
104 294.978 6.7266 2 157.557 -250
105 304.978 6.7266 2 164.963 -250
106 314.978 6.7266 2 172.63 -250
107 324.978 6.7266 2 180.526 -250
108 334.978 6.7266 2 188.622 -250
109 344.978 6.7266 2 196.893 -250
110 354.978 6.7266 2 205.317 -250
111 364.978 6.7266 2 213.878 -250
112 374.978 6.7266 2 222.558 -250
113 384.978 6.7266 2 231.345 -250
114 394.978 6.7266 2 240.227 -98.1343
115 404.978 6.7266 2 249.194 -96.5402
116 414.978 6.7266 2 258.236 -95.5123
117 424.978 6.7266 2 267.347 -87.9475
118 434.978 6.7266 2 276.519 -89.8469
119 444.978 6.7266 2 285.747 -250
120 454.978 6.7266 2 295.025 -250
121 464.978 6.7266 2 304.349 -250
122 474.978 6.7266 2 313.715 -116.564
123 484.978 6.7266 2 323.118 -119.533
124 84.9784 16.7266 2 139.51 -86.4422
125 94.9784 16.7266 2 132.859 -85.2515
126 104.978 16.7266 2 126.65 -84.9081
127 114.978 16.7266 2 120.949 -85.027
128 124.978 16.7266 2 115.832 -250
129 134.978 16.7266 2 111.38 -88.9285
130 144.978 16.7266 2 107.676 -94.9419
131 154.978 16.7266 2 104.798 -87.019
132 164.978 16.7266 2 102.815 -95.1785
133 174.978 16.7266 2 101.782 -88.3586
134 184.978 16.7266 2 101.725 -82.9142
135 194.978 16.7266 2 102.647 -250
136 204.978 16.7266 2 104.522 -250
137 214.978 16.7266 2 107.301 -250
138 224.978 16.7266 2 110.914 -250
139 234.978 16.7266 2 115.284 -250
140 244.978 16.7266 2 120.328 -250
141 254.978 16.7266 2 125.966 -250
142 264.978 16.7266 2 132.121 -119.521
143 274.978 16.7266 2 138.724 -121.856
144 284.978 16.7266 2 145.715 -97.1864
145 294.978 16.7266 2 153.04 -250
146 304.978 16.7266 2 160.654 -250
147 314.978 16.7266 2 168.518 -250
148 324.978 16.7266 2 176.598 -91.1873
149 334.978 16.7266 2 184.865 -87.9719
150 344.978 16.7266 2 193.297 -250
151 354.978 16.7266 2 201.872 -250
152 364.978 16.7266 2 210.572 -250
153 374.978 16.7266 2 219.384 -250
154 384.978 16.7266 2 228.293 -97.172
155 394.978 16.7266 2 237.289 -98.0619
156 404.978 16.7266 2 246.363 -95.6795
157 414.978 16.7266 2 255.506 -87.1165
158 424.978 16.7266 2 264.71 -87.4687
159 434.978 16.7266 2 273.971 -86.5654
160 444.978 16.7266 2 283.282 -250
161 454.978 16.7266 2 292.638 -250
162 464.978 16.7266 2 302.036 -250
163 474.978 16.7266 2 311.471 -119.764
164 484.978 16.7266 2 320.94 -120.164
165 84.9784 26.7266 2 135.13 -86.1399
166 94.9784 26.7266 2 128.252 -86.4188
167 104.978 26.7266 2 121.808 -86.2326
168 114.978 26.7266 2 115.869 -86.2013
169 124.978 26.7266 2 110.517 -86.2508
170 134.978 26.7266 2 105.842 -86.9661
171 144.978 26.7266 2 101.937 -89.9397
172 154.978 26.7266 2 98.8916 -126.166
173 164.978 26.7266 2 96.7886 -123.247
174 174.978 26.7266 2 95.6897 -90.9633
175 184.978 26.7266 2 95.6295 -87.651
176 194.978 26.7266 2 96.6099 -250
177 204.978 26.7266 2 98.6 -250
178 214.978 26.7266 2 101.54 -250
179 224.978 26.7266 2 105.351 -250
180 234.978 26.7266 2 109.943 -250
181 244.978 26.7266 2 115.221 -250
182 254.978 26.7266 2 121.097 -250
183 264.978 26.7266 2 127.487 -132.115
184 274.978 26.7266 2 134.318 -97.8054
185 284.978 26.7266 2 141.527 -93.1075
186 294.978 26.7266 2 149.058 -250
187 304.978 26.7266 2 156.865 -250
188 314.978 26.7266 2 164.91 -113.103
189 324.978 26.7266 2 173.158 -92.3652
190 334.978 26.7266 2 181.583 -84.5011
191 344.978 26.7266 2 190.16 -89.5244
192 354.978 26.7266 2 198.87 -85.7688
193 364.978 26.7266 2 207.696 -250
194 374.978 26.7266 2 216.624 -250
195 384.978 26.7266 2 225.643 -117.303
196 394.978 26.7266 2 234.741 -124.799
197 404.978 26.7266 2 243.909 -98.4353
198 414.978 26.7266 2 253.14 -100.382
199 424.978 26.7266 2 262.428 -96.2292
200 434.978 26.7266 2 271.767 -98.0039
201 444.978 26.7266 2 281.15 -91.4666
202 454.978 26.7266 2 290.575 -250
203 464.978 26.7266 2 300.037 -250
204 474.978 26.7266 2 309.533 -126.313
205 484.978 26.7266 2 319.06 -119.006
206 84.9784 36.7266 2 131.367 -88.7842
207 94.9784 36.7266 2 124.281 -91.1731
208 104.978 36.7266 2 117.619 -92.6891
209 114.978 36.7266 2 111.457 -89.0313
210 124.978 36.7266 2 105.883 -87.0461
211 134.978 36.7266 2 100.993 -87.264
212 144.978 36.7266 2 96.8921 -88.0215
213 154.978 36.7266 2 93.6833 -94.1487
214 164.978 36.7266 2 91.4606 -91.1267
215 174.978 36.7266 2 90.2969 -122.777
216 184.978 36.7266 2 90.2331 -116.88
217 194.978 36.7266 2 91.2715 -103.587
218 204.978 36.7266 2 93.3755 -104.008
219 214.978 36.7266 2 96.4752 -86.9026
220 224.978 36.7266 2 100.479 -250
221 234.978 36.7266 2 105.283 -250
222 244.978 36.7266 2 110.783 -250
223 254.978 36.7266 2 116.882 -250
224 264.978 36.7266 2 123.49 -134.334
225 274.978 36.7266 2 130.531 -89.9723
226 284.978 36.7266 2 137.938 -91.3631
227 294.978 36.7266 2 145.655 -250
228 304.978 36.7266 2 153.635 -250
229 314.978 36.7266 2 161.84 -109.077
230 324.978 36.7266 2 170.237 -103.206
231 334.978 36.7266 2 178.799 -110.656
232 344.978 36.7266 2 187.504 -105.511
233 354.978 36.7266 2 196.332 -100.918
234 364.978 36.7266 2 205.267 -96.2302
235 374.978 36.7266 2 214.297 -104.17
236 384.978 36.7266 2 223.409 -250
237 394.978 36.7266 2 232.594 -250
238 404.978 36.7266 2 241.844 -94.632
239 414.978 36.7266 2 251.152 -93.9957
240 424.978 36.7266 2 260.51 -97.7655
241 434.978 36.7266 2 269.915 -89.3106
242 444.978 36.7266 2 279.361 -91.1852
243 454.978 36.7266 2 288.844 -250
244 464.978 36.7266 2 298.361 -250
245 474.978 36.7266 2 307.909 -126.352
246 484.978 36.7266 2 317.485 -129.723
247 84.9784 46.7266 2 128.274 -86.4281
248 94.9784 46.7266 2 121.007 -85.1695
249 104.978 46.7266 2 114.154 -86.6794
250 114.978 46.7266 2 107.795 -93.8883
251 124.978 46.7266 2 102.02 -89.5132
252 134.978 46.7266 2 96.9362 -88.1859
253 144.978 46.7266 2 92.6558 -90.4775
254 154.978 46.7266 2 89.2949 -250
255 164.978 46.7266 2 86.9601 -250
256 174.978 46.7266 2 85.7353 -250
257 184.978 46.7266 2 85.6681 -250
258 194.978 46.7266 2 86.7612 -250
259 204.978 46.7266 2 88.9719 -122.562
260 214.978 46.7266 2 92.2197 -93.9485
261 224.978 46.7266 2 96.4 -89.2892
262 234.978 46.7266 2 101.397 -93.8423
263 244.978 46.7266 2 107.098 -100.015
264 254.978 46.7266 2 113.395 -94.0654
265 264.978 46.7266 2 120.195 -84.6018
266 274.978 46.7266 2 127.418 -82.0707
267 284.978 46.7266 2 134.996 -87.5473
268 294.978 46.7266 2 142.872 -250
269 304.978 46.7266 2 150.999 -250
270 314.978 46.7266 2 159.34 -250
271 324.978 46.7266 2 167.862 -250
272 334.978 46.7266 2 176.54 -250
273 344.978 46.7266 2 185.35 -250
274 354.978 46.7266 2 194.276 -250
275 364.978 46.7266 2 203.302 -93.3059
276 374.978 46.7266 2 212.415 -103.34
277 384.978 46.7266 2 221.605 -250
278 394.978 46.7266 2 230.862 -250
279 404.978 46.7266 2 240.178 -101.967
280 414.978 46.7266 2 249.548 -97.9379
281 424.978 46.7266 2 258.964 -102.685
282 434.978 46.7266 2 268.423 -91.9382
283 444.978 46.7266 2 277.92 -89.2227
284 454.978 46.7266 2 287.451 -250
285 464.978 46.7266 2 297.013 -250
286 474.978 46.7266 2 306.602 -116.005
287 484.978 46.7266 2 316.217 -119.627
288 84.9784 56.7266 2 125.902 -85.8349
289 94.9784 56.7266 2 118.489 -90.8042
290 104.978 56.7266 2 111.482 -89.3558
291 114.978 56.7266 2 104.96 -86.5914
292 124.978 56.7266 2 99.021 -95.9314
293 134.978 56.7266 2 93.7744 -90.1303
294 144.978 56.7266 2 89.3427 -91.8704
295 154.978 56.7266 2 85.8522 -250
296 164.978 56.7266 2 83.4211 -250
297 174.978 56.7266 2 82.1436 -250
298 184.978 56.7266 2 82.0734 -250
299 194.978 56.7266 2 83.2138 -250
300 204.978 56.7266 2 85.5162 -112.132
301 214.978 56.7266 2 88.8904 -94.0695
302 224.978 56.7266 2 93.22 -89.5401
303 234.978 56.7266 2 98.3792 -93.6576
304 244.978 56.7266 2 104.245 -88.8274
305 254.978 56.7266 2 110.704 -86.564
306 264.978 56.7266 2 117.66 -90.7599
307 274.978 56.7266 2 125.03 -86.0311
308 284.978 56.7266 2 132.744 -84.8873
309 294.978 56.7266 2 140.746 -250
310 304.978 56.7266 2 148.989 -250
311 314.978 56.7266 2 157.437 -250
312 324.978 56.7266 2 166.057 -250
313 334.978 56.7266 2 174.824 -250
314 344.978 56.7266 2 183.717 -250
315 354.978 56.7266 2 192.718 -250
316 364.978 56.7266 2 201.814 -103.163
317 374.978 56.7266 2 210.991 -98.7267
318 384.978 56.7266 2 220.24 -250
319 394.978 56.7266 2 229.552 -250
320 404.978 56.7266 2 238.92 -108.925
321 414.978 56.7266 2 248.337 -97.4399
322 424.978 56.7266 2 257.798 -92.374
323 434.978 56.7266 2 267.298 -89.5481
324 444.978 56.7266 2 276.833 -88.286
325 454.978 56.7266 2 286.4 -250
326 464.978 56.7266 2 295.996 -250
327 474.978 56.7266 2 305.617 -101.209
328 484.978 56.7266 2 315.263 -93.7175
329 84.9784 66.7266 2 124.291 -91.1401
330 94.9784 66.7266 2 116.776 -89.1381
331 104.978 66.7266 2 109.66 -85.9895
332 114.978 66.7266 2 103.023 -95.6263
333 124.978 66.7266 2 96.9648 -88.5415
334 134.978 66.7266 2 91.6005 -97.9041
335 144.978 66.7266 2 87.0582 -93.4921
336 154.978 66.7266 2 83.4723 -96.0306
337 164.978 66.7266 2 80.9698 -101.278
338 174.978 66.7266 2 79.6529 -113.015
339 184.978 66.7266 2 79.5806 -108.596
340 194.978 66.7266 2 80.7561 -101.639
341 204.978 66.7266 2 83.1266 -98.0606
342 214.978 66.7266 2 86.594 -93.0576
343 224.978 66.7266 2 91.0329 -95.9011
344 234.978 66.7266 2 96.3093 -89.6336
345 244.978 66.7266 2 102.294 -90.5788
346 254.978 66.7266 2 108.869 -87.9474
347 264.978 66.7266 2 115.935 -86.0378
348 274.978 66.7266 2 123.407 -92.8602
349 284.978 66.7266 2 131.217 -89.2211
350 294.978 66.7266 2 139.307 -86.4939
351 304.978 66.7266 2 147.631 -85.5673
352 314.978 66.7266 2 156.152 -87.1012
353 324.978 66.7266 2 164.839 -95.4318
354 334.978 66.7266 2 173.667 -88.7217
355 344.978 66.7266 2 182.616 -85.8987
356 354.978 66.7266 2 191.67 -88.5964
357 364.978 66.7266 2 200.813 -87.4905
358 374.978 66.7266 2 210.034 -88.3248
359 384.978 66.7266 2 219.323 -89.2564
360 394.978 66.7266 2 228.673 -88.3757
361 404.978 66.7266 2 238.075 -89.1349
362 414.978 66.7266 2 247.524 -91.2048
363 424.978 66.7266 2 257.015 -86.9419
364 434.978 66.7266 2 266.543 -90.1073
365 444.978 66.7266 2 276.104 -91.1019
366 454.978 66.7266 2 285.696 -90.7364
367 464.978 66.7266 2 295.314 -90.3285
368 474.978 66.7266 2 304.957 -91.4604
369 484.978 66.7266 2 314.623 -90.3385
370 84.9784 76.7266 2 123.472 -92.7665
371 94.9784 76.7266 2 115.904 -87.2019
372 104.978 76.7266 2 108.73 -88.7714
373 114.978 76.7266 2 102.033 -90.2908
374 124.978 76.7266 2 95.9124 -90.3653
375 134.978 76.7266 2 90.4858 -92.1369
376 144.978 76.7266 2 85.8846 -95.2849
377 154.978 76.7266 2 82.2474 -109.161
378 164.978 76.7266 2 79.7065 -155.679
379 174.978 76.7266 2 78.3684 -111.73
380 184.978 76.7266 2 78.2949 -115.922
381 194.978 76.7266 2 79.4894 -111.922
382 204.978 76.7266 2 81.8966 -106.493
383 214.978 76.7266 2 85.4139 -100.401
384 224.978 76.7266 2 89.9111 -89.4333
385 234.978 76.7266 2 95.2497 -104.84
386 244.978 76.7266 2 101.296 -100.314
387 254.978 76.7266 2 107.933 -104.923
388 264.978 76.7266 2 115.056 -98.5025
389 274.978 76.7266 2 122.582 -93.7292
390 284.978 76.7266 2 130.441 -90.9102
391 294.978 76.7266 2 138.576 -89.9817
392 304.978 76.7266 2 146.942 -87.3124
393 314.978 76.7266 2 155.5 -91.6621
394 324.978 76.7266 2 164.222 -89.3399
395 334.978 76.7266 2 173.082 -89.5619
396 344.978 76.7266 2 182.06 -85.7739
397 354.978 76.7266 2 191.139 -89.074
398 364.978 76.7266 2 200.307 -88.7897
399 374.978 76.7266 2 209.55 -88.1173
400 384.978 76.7266 2 218.86 -91.2032
401 394.978 76.7266 2 228.228 -85.963
402 404.978 76.7266 2 237.648 -89.2573
403 414.978 76.7266 2 247.114 -90.6659
404 424.978 76.7266 2 256.62 -91.0751
405 434.978 76.7266 2 266.162 -98.3642
406 444.978 76.7266 2 275.737 -122.485
407 454.978 76.7266 2 285.34 -121.38
408 464.978 76.7266 2 294.97 -126.045
409 474.978 76.7266 2 304.624 -121.028
410 484.978 76.7266 2 314.3 -116.822
411 84.9784 86.7266 2 123.46 -91.9851
412 94.9784 86.7266 2 115.891 -103.695
413 104.978 86.7266 2 108.716 -250
414 114.978 86.7266 2 102.018 -250
415 124.978 86.7266 2 95.8969 -250
416 134.978 86.7266 2 90.4693 -90.8612
417 144.978 86.7266 2 85.8672 -94.9261
418 154.978 86.7266 2 82.2293 -250
419 164.978 86.7266 2 79.6878 -250
420 174.978 86.7266 2 78.3494 -250
421 184.978 86.7266 2 78.2758 -118.912
422 194.978 86.7266 2 79.4707 -115.047
423 204.978 86.7266 2 81.8784 -109.261
424 214.978 86.7266 2 85.3964 -104.654
425 224.978 86.7266 2 89.8946 -250
426 234.978 86.7266 2 95.234 -250
427 244.978 86.7266 2 101.282 -250
428 254.978 86.7266 2 107.919 -119.21
429 264.978 86.7266 2 115.043 -109.194
430 274.978 86.7266 2 122.57 -97.9624
431 284.978 86.7266 2 130.43 -93.3629
432 294.978 86.7266 2 138.566 -93.2305
433 304.978 86.7266 2 146.932 -85.6746
434 314.978 86.7266 2 155.491 -93.9334
435 324.978 86.7266 2 164.213 -86.5789
436 334.978 86.7266 2 173.073 -90.8145
437 344.978 86.7266 2 182.052 -83.2626
438 354.978 86.7266 2 191.132 -89.94
439 364.978 86.7266 2 200.299 -86.8456
440 374.978 86.7266 2 209.543 -85.5265
441 384.978 86.7266 2 218.853 -250
442 394.978 86.7266 2 228.222 -250
443 404.978 86.7266 2 237.642 -250
444 414.978 86.7266 2 247.108 -111.395
445 424.978 86.7266 2 256.614 -104.707
446 434.978 86.7266 2 266.156 -101.939
447 444.978 86.7266 2 275.731 -250
448 454.978 86.7266 2 285.335 -250
449 464.978 86.7266 2 294.965 -250
450 474.978 86.7266 2 304.62 -107.294
451 484.978 86.7266 2 314.295 -115.521
452 84.9784 96.7266 2 124.255 -90.7372
453 94.9784 96.7266 2 116.738 -103.246
454 104.978 96.7266 2 109.619 -123.012
455 114.978 96.7266 2 102.979 -119.903
456 124.978 96.7266 2 96.9187 -86.5933
457 134.978 96.7266 2 91.5517 -98.8555
458 144.978 96.7266 2 87.0069 -93.4342
459 154.978 96.7266 2 83.4187 -250
460 164.978 96.7266 2 80.9145 -250
461 174.978 96.7266 2 79.5967 -250
462 184.978 96.7266 2 79.5244 -112.79
463 194.978 96.7266 2 80.7007 -250
464 204.978 96.7266 2 83.0728 -250
465 214.978 96.7266 2 86.5423 -250
466 224.978 96.7266 2 90.9838 -250
467 234.978 96.7266 2 96.2628 -250
468 244.978 96.7266 2 102.25 -250
469 254.978 96.7266 2 108.828 -250
470 264.978 96.7266 2 115.896 -250
471 274.978 96.7266 2 123.371 -114.054
472 284.978 96.7266 2 131.183 -100.974
473 294.978 96.7266 2 139.275 -86.7712
474 304.978 96.7266 2 147.601 -90.4367
475 314.978 96.7266 2 156.123 -87.7892
476 324.978 96.7266 2 164.812 -85.9642
477 334.978 96.7266 2 173.641 -88.2087
478 344.978 96.7266 2 182.592 -83.6179
479 354.978 96.7266 2 191.646 -95.3339
480 364.978 96.7266 2 200.79 -97.5228
481 374.978 96.7266 2 210.013 -85.5633
482 384.978 96.7266 2 219.303 -250
483 394.978 96.7266 2 228.653 -250
484 404.978 96.7266 2 238.056 -250
485 414.978 96.7266 2 247.506 -97.1911
486 424.978 96.7266 2 256.997 -98.7118
487 434.978 96.7266 2 266.526 -96.696
488 444.978 96.7266 2 276.088 -250
489 454.978 96.7266 2 285.68 -250
490 464.978 96.7266 2 295.299 -250
491 474.978 96.7266 2 304.943 -105.391
492 484.978 96.7266 2 314.609 -100.065
493 84.9784 106.727 2 125.842 -85.8931
494 94.9784 106.727 2 118.426 -90.661
495 104.978 106.727 2 111.415 -88.0657
496 114.978 106.727 2 104.889 -86.9112
497 124.978 106.727 2 98.9457 -100.296
498 134.978 106.727 2 93.6949 -88.9254
499 144.978 106.727 2 89.2592 -92.3625
500 154.978 106.727 2 85.7653 -250
501 164.978 106.727 2 83.3317 -250
502 174.978 106.727 2 82.0528 -250
503 184.978 106.727 2 81.9826 -109.684
504 194.978 106.727 2 83.1241 -250
505 204.978 106.727 2 85.429 -250
506 214.978 106.727 2 88.8065 -250
507 224.978 106.727 2 93.1401 -250
508 234.978 106.727 2 98.3034 -250
509 244.978 106.727 2 104.173 -250
510 254.978 106.727 2 110.637 -250
511 264.978 106.727 2 117.597 -250
512 274.978 106.727 2 124.97 -107.049
513 284.978 106.727 2 132.687 -107.153
514 294.978 106.727 2 140.693 -99.8129
515 304.978 106.727 2 148.939 -105.846
516 314.978 106.727 2 157.389 -84.5957
517 324.978 106.727 2 166.012 -82.5312
518 334.978 106.727 2 174.781 -83.7094
519 344.978 106.727 2 183.676 -84.0852
520 354.978 106.727 2 192.679 -83.6343
521 364.978 106.727 2 201.777 -89.3598
522 374.978 106.727 2 210.956 -101.69
523 384.978 106.727 2 220.206 -250
524 394.978 106.727 2 229.52 -250
525 404.978 106.727 2 238.889 -250
526 414.978 106.727 2 248.307 -112.375
527 424.978 106.727 2 257.769 -115.293
528 434.978 106.727 2 267.27 -102.29
529 444.978 106.727 2 276.806 -250
530 454.978 106.727 2 286.374 -250
531 464.978 106.727 2 295.971 -250
532 474.978 106.727 2 305.593 -119.658
533 484.978 106.727 2 315.239 -110.697
534 84.9784 116.727 2 128.193 -86.2783
535 94.9784 116.727 2 120.921 -85.664
536 104.978 116.727 2 114.063 -123.746
537 114.978 116.727 2 107.698 -250
538 124.978 116.727 2 101.918 -250
539 134.978 116.727 2 96.8285 -250
540 144.978 116.727 2 92.5431 -250
541 154.978 116.727 2 89.178 -250
542 164.978 116.727 2 86.8401 -250
543 174.978 116.727 2 85.6135 -250
544 184.978 116.727 2 85.5462 -100.614
545 194.978 116.727 2 86.6409 -250
546 204.978 116.727 2 88.8545 -250
547 214.978 116.727 2 92.1065 -250
548 224.978 116.727 2 96.2917 -250
549 234.978 116.727 2 101.294 -250
550 244.978 116.727 2 107 -250
551 254.978 116.727 2 113.303 -250
552 264.978 116.727 2 120.108 -250
553 274.978 116.727 2 127.336 -100.802
554 284.978 116.727 2 134.918 -98.8563
555 294.978 116.727 2 142.799 -93.9533
556 304.978 116.727 2 150.93 -93.2523
557 314.978 116.727 2 159.275 -83.9791
558 324.978 116.727 2 167.8 -250
559 334.978 116.727 2 176.481 -250
560 344.978 116.727 2 185.294 -250
561 354.978 116.727 2 194.222 -250
562 364.978 116.727 2 203.251 -250
563 374.978 116.727 2 212.366 -250
564 384.978 116.727 2 221.558 -250
565 394.978 116.727 2 230.817 -250
566 404.978 116.727 2 240.135 -250
567 414.978 116.727 2 249.506 -250
568 424.978 116.727 2 258.924 -116.911
569 434.978 116.727 2 268.384 -103.863
570 444.978 116.727 2 277.883 -250
571 454.978 116.727 2 287.415 -250
572 464.978 116.727 2 296.978 -250
573 474.978 116.727 2 306.568 -112.86
574 484.978 116.727 2 316.184 -110.992
575 84.9784 126.727 2 131.264 -88.9976
576 94.9784 126.727 2 124.173 -89.0112
577 104.978 126.727 2 117.505 -123.937
578 114.978 126.727 2 111.336 -250
579 124.978 126.727 2 105.756 -250
580 134.978 126.727 2 100.86 -250
581 144.978 126.727 2 96.7536 -250
582 154.978 126.727 2 93.54 -250
583 164.978 126.727 2 91.3138 -250
584 174.978 126.727 2 90.1482 -250
585 184.978 126.727 2 90.0843 -90.5892
586 194.978 126.727 2 91.1244 -114.514
587 204.978 126.727 2 93.2317 -111.416
588 214.978 126.727 2 96.336 -110.207
589 224.978 126.727 2 100.345 -250
590 234.978 126.727 2 105.155 -250
591 244.978 126.727 2 110.662 -250
592 254.978 126.727 2 116.767 -101.396
593 264.978 126.727 2 123.382 -95.7301
594 274.978 126.727 2 130.428 -96.8426
595 284.978 126.727 2 137.84 -95.9198
596 294.978 126.727 2 145.563 -93.0455
597 304.978 126.727 2 153.548 -101.698
598 314.978 126.727 2 161.757 -87.8905
599 324.978 126.727 2 170.159 -250
600 334.978 126.727 2 178.724 -250
601 344.978 126.727 2 187.432 -250
602 354.978 126.727 2 196.264 -250
603 364.978 126.727 2 205.202 -250
604 374.978 126.727 2 214.234 -250
605 384.978 126.727 2 223.349 -250
606 394.978 126.727 2 232.537 -250
607 404.978 126.727 2 241.789 -250
608 414.978 126.727 2 251.098 -250
609 424.978 126.727 2 260.459 -102.414
610 434.978 126.727 2 269.865 -107.671
611 444.978 126.727 2 279.313 -250
612 454.978 126.727 2 288.798 -250
613 464.978 126.727 2 298.316 -250
614 474.978 126.727 2 307.865 -112.437
615 484.978 126.727 2 317.442 -111.762
616 84.9784 136.727 2 135.009 -85.9603
617 94.9784 136.727 2 128.124 -87.0156
618 104.978 136.727 2 121.673 -87.1084
619 114.978 136.727 2 115.727 -88.1936
620 124.978 136.727 2 110.369 -107.586
621 134.978 136.727 2 105.687 -250
622 144.978 136.727 2 101.776 -250
623 154.978 136.727 2 98.7256 -250
624 164.978 136.727 2 96.619 -250
625 174.978 136.727 2 95.5181 -250
626 184.978 136.727 2 95.4578 -91.5675
627 194.978 136.727 2 96.44 -88.3818
628 204.978 136.727 2 98.4335 -98.2235
629 214.978 136.727 2 101.379 -95.0884
630 224.978 136.727 2 105.196 -250
631 234.978 136.727 2 109.793 -250
632 244.978 136.727 2 115.079 -250
633 254.978 136.727 2 120.961 -109.414
634 264.978 136.727 2 127.358 -95.9023
635 274.978 136.727 2 134.196 -100.418
636 284.978 136.727 2 141.411 -103.708
637 294.978 136.727 2 148.948 -91.5074
638 304.978 136.727 2 156.761 -88.7546
639 314.978 136.727 2 164.81 -89.2449
640 324.978 136.727 2 173.063 -250
641 334.978 136.727 2 181.492 -250
642 344.978 136.727 2 190.073 -250
643 354.978 136.727 2 198.787 -250
644 364.978 136.727 2 207.617 -250
645 374.978 136.727 2 216.549 -250
646 384.978 136.727 2 225.57 -250
647 394.978 136.727 2 234.671 -250
648 404.978 136.727 2 243.842 -250
649 414.978 136.727 2 253.076 -250
650 424.978 136.727 2 262.366 -110.171
651 434.978 136.727 2 271.706 -94.833
652 444.978 136.727 2 281.092 -250
653 454.978 136.727 2 290.519 -250
654 464.978 136.727 2 299.983 -250
655 474.978 136.727 2 309.481 -112.497
656 484.978 136.727 2 319.009 -121.735
657 84.9784 146.727 2 139.371 -86.2013
658 94.9784 146.727 2 132.714 -85.5314
659 104.978 146.727 2 126.496 -84.7182
660 114.978 146.727 2 120.788 -85.589
661 124.978 146.727 2 115.665 -96.9915
662 134.978 146.727 2 111.206 -97.2882
663 144.978 146.727 2 107.496 -93.928
664 154.978 146.727 2 104.612 -107.845
665 164.978 146.727 2 102.627 -120.411
666 174.978 146.727 2 101.591 -105.385
667 184.978 146.727 2 101.534 -87.1708
668 194.978 146.727 2 102.458 -91.0807
669 204.978 146.727 2 104.337 -89.0581
670 214.978 146.727 2 107.12 -87.6874
671 224.978 146.727 2 110.739 -86.595
672 234.978 146.727 2 115.116 -94.055
673 244.978 146.727 2 120.167 -99.9367
674 254.978 146.727 2 125.812 -95.7887
675 264.978 146.727 2 131.974 -88.9624
676 274.978 146.727 2 138.584 -84.7758
677 284.978 146.727 2 145.582 -91.8387
678 294.978 146.727 2 152.913 -91.8973
679 304.978 146.727 2 160.533 -85.558
680 314.978 146.727 2 168.403 -93.2018
681 324.978 146.727 2 176.488 -89.8875
682 334.978 146.727 2 184.761 -86.9638
683 344.978 146.727 2 193.197 -88.1807
684 354.978 146.727 2 201.776 -85.995
685 364.978 146.727 2 210.48 -89.3361
686 374.978 146.727 2 219.295 -88.9639
687 384.978 146.727 2 228.208 -92.408
688 394.978 146.727 2 237.207 -95.1624
689 404.978 146.727 2 246.284 -86.6225
690 414.978 146.727 2 255.43 -112.286
691 424.978 146.727 2 264.637 -101.33
692 434.978 146.727 2 273.9 -98.188
693 444.978 146.727 2 283.213 -120.496
694 454.978 146.727 2 292.572 -119.193
695 464.978 146.727 2 301.971 -116.189
696 474.978 146.727 2 311.408 -110.201
697 484.978 146.727 2 320.88 -94.2327
698 84.9784 156.727 2 144.296 -89.1999
699 94.9784 156.727 2 137.876 -89.9563
700 104.978 156.727 2 131.903 -87.208
701 114.978 156.727 2 126.439 -85.4005
702 124.978 156.727 2 121.554 -86.0499
703 134.978 156.727 2 117.319 -91.1705
704 144.978 156.727 2 113.808 -87.5435
705 154.978 156.727 2 111.089 -87.3028
706 164.978 156.727 2 109.221 -86.3184
707 174.978 156.727 2 108.249 -90.2687
708 184.978 156.727 2 108.195 -90.2502
709 194.978 156.727 2 109.063 -87.1691
710 204.978 156.727 2 110.83 -85.968
711 214.978 156.727 2 113.453 -88.2731
712 224.978 156.727 2 116.877 -87.4844
713 234.978 156.727 2 121.032 -84.4625
714 244.978 156.727 2 125.846 -112.138
715 254.978 156.727 2 131.246 -93.8583
716 264.978 156.727 2 137.164 -109.902
717 274.978 156.727 2 143.536 -89.9188
718 284.978 156.727 2 150.303 -85.9544
719 294.978 156.727 2 157.415 -85.3539
720 304.978 156.727 2 164.827 -89.8441
721 314.978 156.727 2 172.501 -90.6989
722 324.978 156.727 2 180.402 -86.2268
723 334.978 156.727 2 188.503 -86.4632
724 344.978 156.727 2 196.779 -87.1218
725 354.978 156.727 2 205.208 -86.5011
726 364.978 156.727 2 213.773 -100.418
727 374.978 156.727 2 222.458 -103.305
728 384.978 156.727 2 231.249 -107.126
729 394.978 156.727 2 240.134 -98.1075
730 404.978 156.727 2 249.104 -99.7534
731 414.978 156.727 2 258.15 -104.493
732 424.978 156.727 2 267.264 -101.388
733 434.978 156.727 2 276.439 -98.6437
734 444.978 156.727 2 285.669 -104.613
735 454.978 156.727 2 294.95 -122.033
736 464.978 156.727 2 304.276 -105.833
737 474.978 156.727 2 313.643 -108.716
738 484.978 156.727 2 323.049 -110.62
739 84.9784 166.727 2 149.728 -84.6324
740 94.9784 166.727 2 143.551 -88.3151
741 104.978 166.727 2 137.824 -91.441
742 114.978 166.727 2 132.604 -85.5803
743 124.978 166.727 2 127.955 -86.0875
744 134.978 166.727 2 123.939 -92.6272
745 144.978 166.727 2 120.621 -85.0844
746 154.978 166.727 2 118.058 -92.1336
747 164.978 166.727 2 116.303 -86.9849
748 174.978 166.727 2 115.39 -85.3292
749 184.978 166.727 2 115.34 -86.4716
750 194.978 166.727 2 116.154 -86.6697
751 204.978 166.727 2 117.814 -95.3306
752 214.978 166.727 2 120.286 -84.4878
753 224.978 166.727 2 123.52 -250
754 234.978 166.727 2 127.458 -96.9003
755 244.978 166.727 2 132.038 -250
756 254.978 166.727 2 137.196 -250
757 264.978 166.727 2 142.867 -250
758 274.978 166.727 2 148.995 -124.856
759 284.978 166.727 2 155.525 -93.8234
760 294.978 166.727 2 162.409 -250
761 304.978 166.727 2 169.603 -250
762 314.978 166.727 2 177.069 -250
763 324.978 166.727 2 184.776 -250
764 334.978 166.727 2 192.693 -250
765 344.978 166.727 2 200.796 -250
766 354.978 166.727 2 209.063 -98.884
767 364.978 166.727 2 217.476 -97.2956
768 374.978 166.727 2 226.019 -250
769 384.978 166.727 2 234.676 -110.276
770 394.978 166.727 2 243.437 -102.382
771 404.978 166.727 2 252.289 -93.9599
772 414.978 166.727 2 261.225 -95.2953
773 424.978 166.727 2 270.235 -93.4789
774 434.978 166.727 2 279.312 -100.866
775 444.978 166.727 2 288.451 -250
776 454.978 166.727 2 297.645 -250
777 464.978 166.727 2 306.889 -250
778 474.978 166.727 2 316.179 -124.196
779 484.978 166.727 2 325.511 -107.498
780 84.9784 176.727 2 155.613 -88.8391
781 94.9784 176.727 2 149.679 -85.8796
782 104.978 176.727 2 144.196 -90.3146
783 114.978 176.727 2 139.215 -84.4318
784 124.978 176.727 2 134.794 -85.4494
785 134.978 176.727 2 130.988 -90.4396
786 144.978 176.727 2 127.853 -85.6643
787 154.978 176.727 2 125.439 -86.6987
788 164.978 176.727 2 123.787 -92.8444
789 174.978 176.727 2 122.93 -89.4127
790 184.978 176.727 2 122.883 -88.8489
791 194.978 176.727 2 123.648 -94.3651
792 204.978 176.727 2 125.209 -86.0163
793 214.978 176.727 2 127.537 -85.178
794 224.978 176.727 2 130.592 -250
795 234.978 176.727 2 134.323 -90.3285
796 244.978 176.727 2 138.676 -250
797 254.978 176.727 2 143.595 -250
798 264.978 176.727 2 149.024 -250
799 274.978 176.727 2 154.908 -90.4899
800 284.978 176.727 2 161.199 -93.3385
801 294.978 176.727 2 167.85 -250
802 304.978 176.727 2 174.82 -250
803 314.978 176.727 2 182.073 -250
804 324.978 176.727 2 189.576 -250
805 334.978 176.727 2 197.301 -250
806 344.978 176.727 2 205.222 -250
807 354.978 176.727 2 213.318 -120.628
808 364.978 176.727 2 221.569 -112.009
809 374.978 176.727 2 229.96 -250
810 384.978 176.727 2 238.474 -98.1237
811 394.978 176.727 2 247.1 -93.381
812 404.978 176.727 2 255.826 -95.7485
813 414.978 176.727 2 264.642 -95.0726
814 424.978 176.727 2 273.539 -90.4022
815 434.978 176.727 2 282.511 -87.282
816 444.978 176.727 2 291.549 -250
817 454.978 176.727 2 300.648 -250
818 464.978 176.727 2 309.803 -250
819 474.978 176.727 2 319.008 -119.758
820 484.978 176.727 2 328.26 -124.517
821 84.9784 186.727 2 161.903 -88.4639
822 94.9784 186.727 2 156.208 -87.1385
823 104.978 186.727 2 150.962 -85.8752
824 114.978 186.727 2 146.212 -94.3296
825 124.978 186.727 2 142.008 -83.9877
826 134.978 186.727 2 138.401 -89.1132
827 144.978 186.727 2 135.438 -86.6069
828 154.978 186.727 2 133.161 -85.085
829 164.978 186.727 2 131.607 -88.0291
830 174.978 186.727 2 130.801 -90.8528
831 184.978 186.727 2 130.757 -93.6364
832 194.978 186.727 2 131.475 -89.9829
833 204.978 186.727 2 132.945 -84.1817
834 214.978 186.727 2 135.14 -86.1774
835 224.978 186.727 2 138.026 -250
836 234.978 186.727 2 141.562 -89.9438
837 244.978 186.727 2 145.699 -250
838 254.978 186.727 2 150.388 -250
839 264.978 186.727 2 155.58 -250
840 274.978 186.727 2 161.225 -93.1303
841 284.978 186.727 2 167.279 -89.2065
842 294.978 186.727 2 173.697 -101.277
843 304.978 186.727 2 180.441 -100.967
844 314.978 186.727 2 187.477 -100.895
845 324.978 186.727 2 194.772 -96.0248
846 334.978 186.727 2 202.298 -250
847 344.978 186.727 2 210.031 -250
848 354.978 186.727 2 217.948 -250
849 364.978 186.727 2 226.031 -250
850 374.978 186.727 2 234.262 -250
851 384.978 186.727 2 242.625 -95.6074
852 394.978 186.727 2 251.108 -97.6495
853 404.978 186.727 2 259.7 -98.2902
854 414.978 186.727 2 268.388 -99.6877
855 424.978 186.727 2 277.166 -96.6842
856 434.978 186.727 2 286.023 -98.0521
857 444.978 186.727 2 294.954 -250
858 454.978 186.727 2 303.951 -250
859 464.978 186.727 2 313.009 -250
860 474.978 186.727 2 322.123 -121.912
861 484.978 186.727 2 331.288 -144.421
862 84.9784 196.727 2 168.551 -85.9265
863 94.9784 196.727 2 163.089 -85.7657
864 104.978 196.727 2 158.071 -85.5629
865 114.978 196.727 2 153.541 -90.667
866 124.978 196.727 2 149.544 -86.5871
867 134.978 196.727 2 146.123 -90.47
868 144.978 196.727 2 143.319 -86.9664
869 154.978 196.727 2 141.17 -84.5889
870 164.978 196.727 2 139.704 -86.076
871 174.978 196.727 2 138.945 -87.0918
872 184.978 196.727 2 138.904 -86.1588
873 194.978 196.727 2 139.581 -88.2934
874 204.978 196.727 2 140.966 -84.6228
875 214.978 196.727 2 143.038 -86.2583
876 224.978 196.727 2 145.768 -250
877 234.978 196.727 2 149.12 -90.0809
878 244.978 196.727 2 153.053 -99.3056
879 254.978 196.727 2 157.524 -116.898
880 264.978 196.727 2 162.487 -93.7236
881 274.978 196.727 2 167.901 -95.2174
882 284.978 196.727 2 173.721 -101.232
883 294.978 196.727 2 179.91 -85.4078
884 304.978 196.727 2 186.43 -95.6256
885 314.978 196.727 2 193.247 -91.5719
886 324.978 196.727 2 200.332 -102.867
887 334.978 196.727 2 207.657 -250
888 344.978 196.727 2 215.198 -250
889 354.978 196.727 2 222.932 -101.622
890 364.978 196.727 2 230.84 -96.7485
891 374.978 196.727 2 238.905 -130.968
892 384.978 196.727 2 247.111 -101.422
893 394.978 196.727 2 255.446 -97.9328
894 404.978 196.727 2 263.896 -94.9859
895 414.978 196.727 2 272.451 -97.4958
896 424.978 196.727 2 281.101 -250
897 434.978 196.727 2 289.839 -250
898 444.978 196.727 2 298.655 -250
899 454.978 196.727 2 307.544 -250
900 464.978 196.727 2 316.499 -250
901 474.978 196.727 2 325.515 -126.221
902 484.978 196.727 2 334.587 -119.96
903 84.9784 206.727 2 175.518 -90.7591
904 94.9784 206.727 2 170.279 -85.0014
905 104.978 206.727 2 165.48 -89.7251
906 114.978 206.727 2 161.158 -118.414
907 124.978 206.727 2 157.354 -250
908 134.978 206.727 2 154.107 -90.104
909 144.978 206.727 2 151.451 -86.2175
910 154.978 206.727 2 149.418 -85.0555
911 164.978 206.727 2 148.035 -85.9481
912 174.978 206.727 2 147.319 -87.1324
913 184.978 206.727 2 147.28 -88.7219
914 194.978 206.727 2 147.918 -88.1074
915 204.978 206.727 2 149.226 -86.4453
916 214.978 206.727 2 151.185 -87.5755
917 224.978 206.727 2 153.77 -95.6033
918 234.978 206.727 2 156.951 -97.1082
919 244.978 206.727 2 160.693 -85.3145
920 254.978 206.727 2 164.957 -89.2897
921 264.978 206.727 2 169.703 -97.0702
922 274.978 206.727 2 174.893 -98.619
923 284.978 206.727 2 180.489 -97.5169
924 294.978 206.727 2 186.453 -85.8305
925 304.978 206.727 2 192.751 -87.922
926 314.978 206.727 2 199.353 -87.4962
927 324.978 206.727 2 206.228 -91.8956
928 334.978 206.727 2 213.351 -250
929 344.978 206.727 2 220.697 -250
930 354.978 206.727 2 228.244 -101.803
931 364.978 206.727 2 235.975 -99.1909
932 374.978 206.727 2 243.87 -97.0029
933 384.978 206.727 2 251.915 -97.2967
934 394.978 206.727 2 260.095 -131.834
935 404.978 206.727 2 268.399 -121.134
936 414.978 206.727 2 276.815 -106.915
937 424.978 206.727 2 285.333 -250
938 434.978 206.727 2 293.945 -250
939 444.978 206.727 2 302.641 -250
940 454.978 206.727 2 311.417 -250
941 464.978 206.727 2 320.264 -250
942 474.978 206.727 2 329.177 -118.019
943 484.978 206.727 2 338.151 -119.588
944 84.9784 216.727 2 182.766 -85.5542
945 94.9784 216.727 2 177.741 -89.166
946 104.978 216.727 2 173.149 -91.558
947 114.978 216.727 2 169.024 -124.126
948 124.978 216.727 2 165.401 -250
949 134.978 216.727 2 162.314 -86.6282
950 144.978 216.727 2 159.795 -84.7839
951 154.978 216.727 2 157.87 -85.2806
952 164.978 216.727 2 156.561 -87.807
953 174.978 216.727 2 155.884 -88.1131
954 184.978 216.727 2 155.847 -87.1285
955 194.978 216.727 2 156.451 -86.3021
956 204.978 216.727 2 157.687 -85.2767
957 214.978 216.727 2 159.542 -82.815
958 224.978 216.727 2 161.995 -85.3908
959 234.978 216.727 2 165.017 -96.2437
960 244.978 216.727 2 168.58 -88.0102
961 254.978 216.727 2 172.649 -84.0038
962 264.978 216.727 2 177.19 -89.0191
963 274.978 216.727 2 182.167 -86.8391
964 284.978 216.727 2 187.545 -88.8382
965 294.978 216.727 2 193.292 -250
966 304.978 216.727 2 199.374 -250
967 314.978 216.727 2 205.763 -250
968 324.978 216.727 2 212.431 -250
969 334.978 216.727 2 219.353 -250
970 344.978 216.727 2 226.504 -250
971 354.978 216.727 2 233.864 -95.0805
972 364.978 216.727 2 241.415 -100.291
973 374.978 216.727 2 249.138 -109.509
974 384.978 216.727 2 257.017 -103.784
975 394.978 216.727 2 265.041 -104.329
976 404.978 216.727 2 273.194 -115.8
977 414.978 216.727 2 281.467 -121.59
978 424.978 216.727 2 289.848 -250
979 434.978 216.727 2 298.329 -250
980 444.978 216.727 2 306.902 -250
981 454.978 216.727 2 315.559 -250
982 464.978 216.727 2 324.293 -250
983 474.978 216.727 2 333.098 -116.057
984 484.978 216.727 2 341.969 -117.146
985 84.9784 226.727 2 190.264 -89.8225
986 94.9784 226.727 2 185.443 -86.8873
987 104.978 226.727 2 181.046 -250
988 114.978 226.727 2 177.104 -250
989 124.978 226.727 2 173.65 -250
990 134.978 226.727 2 170.713 -82.2697
991 144.978 226.727 2 168.319 -87.752
992 154.978 226.727 2 166.493 -86.0845
993 164.978 226.727 2 165.253 -91.5557
994 174.978 226.727 2 164.611 -90.828
995 184.978 226.727 2 164.576 -89.4663
996 194.978 226.727 2 165.148 -91.507
997 204.978 226.727 2 166.32 -89.504
998 214.978 226.727 2 168.08 -86.7986
999 224.978 226.727 2 170.409 -85.7821
1000 234.978 226.727 2 173.285 -89.0729
1001 244.978 226.727 2 176.681 -86.1425
1002 254.978 226.727 2 180.568 -85.4206
1003 264.978 226.727 2 184.914 -87.2941
1004 274.978 226.727 2 189.688 -87.6928
1005 284.978 226.727 2 194.859 -83.8695
1006 294.978 226.727 2 200.396 -250
1007 304.978 226.727 2 206.27 -250
1008 314.978 226.727 2 212.451 -250
1009 324.978 226.727 2 218.916 -250
1010 334.978 226.727 2 225.638 -250
1011 344.978 226.727 2 232.596 -250
1012 354.978 226.727 2 239.77 -102.01
1013 364.978 226.727 2 247.14 -108.181
1014 374.978 226.727 2 254.689 -99.692
1015 384.978 226.727 2 262.402 -119.244
1016 394.978 226.727 2 270.266 -108.839
1017 404.978 226.727 2 278.266 -122.11
1018 414.978 226.727 2 286.392 -114.904
1019 424.978 226.727 2 294.634 -250
1020 434.978 226.727 2 302.981 -250
1021 444.978 226.727 2 311.426 -250
1022 454.978 226.727 2 319.96 -250
1023 464.978 226.727 2 328.577 -250
1024 474.978 226.727 2 337.27 -122.116
1025 484.978 226.727 2 346.034 -117.017
1026 84.9784 236.727 2 197.984 -86.4477
1027 94.9784 236.727 2 193.355 -99.4914
1028 104.978 236.727 2 189.142 -117.321
1029 114.978 236.727 2 185.373 -115.772
1030 124.978 236.727 2 182.076 -250
1031 134.978 236.727 2 179.276 -82.256
1032 144.978 236.727 2 176.998 -91.9636
1033 154.978 236.727 2 175.262 -87.2472
1034 164.978 236.727 2 174.085 -93.655
1035 174.978 236.727 2 173.476 -88.2377
1036 184.978 236.727 2 173.443 -87.7282
1037 194.978 236.727 2 173.985 -90.0961
1038 204.978 236.727 2 175.098 -92.394
1039 214.978 236.727 2 176.771 -90.2676
1040 224.978 236.727 2 178.987 -87.4927
1041 234.978 236.727 2 181.727 -88.0557
1042 244.978 236.727 2 184.968 -84.8884
1043 254.978 236.727 2 188.684 -86.5121
1044 264.978 236.727 2 192.848 -89.2155
1045 274.978 236.727 2 197.43 -85.9108
1046 284.978 236.727 2 202.404 -92.1767
1047 294.978 236.727 2 207.739 -250
1048 304.978 236.727 2 213.411 -250
1049 314.978 236.727 2 219.392 -250
1050 324.978 236.727 2 225.657 -250
1051 334.978 236.727 2 232.184 -250
1052 344.978 236.727 2 238.952 -250
1053 354.978 236.727 2 245.94 -99.4241
1054 364.978 236.727 2 253.131 -114.559
1055 374.978 236.727 2 260.506 -113.236
1056 384.978 236.727 2 268.052 -104.512
1057 394.978 236.727 2 275.754 -111.624
1058 404.978 236.727 2 283.6 -123.474
1059 414.978 236.727 2 291.578 -250
1060 424.978 236.727 2 299.676 -250
1061 434.978 236.727 2 307.887 -250
1062 444.978 236.727 2 316.201 -250
1063 454.978 236.727 2 324.61 -250
1064 464.978 236.727 2 333.106 -250
1065 474.978 236.727 2 341.685 -135.087
1066 484.978 236.727 2 350.338 -113.516
1067 84.9784 246.727 2 205.899 -90.0073
1068 94.9784 246.727 2 201.452 -124.686
1069 104.978 246.727 2 197.412 -110.881
1070 114.978 246.727 2 193.804 -108.446
1071 124.978 246.727 2 190.653 -106.459
1072 134.978 246.727 2 187.981 -88.7246
1073 144.978 246.727 2 185.81 -87.6853
1074 154.978 246.727 2 184.157 -84.3852
1075 164.978 246.727 2 183.037 -84.4406
1076 174.978 246.727 2 182.458 -85.4419
1077 184.978 246.727 2 182.426 -86.6371
1078 194.978 246.727 2 182.942 -85.315
1079 204.978 246.727 2 184.001 -86.3323
1080 214.978 246.727 2 185.593 -86.4808
1081 224.978 246.727 2 187.705 -88.3626
1082 234.978 246.727 2 190.32 -91.2047
1083 244.978 246.727 2 193.417 -86.9476
1084 254.978 246.727 2 196.974 -92.3886
1085 264.978 246.727 2 200.966 -94.2861
1086 274.978 246.727 2 205.367 -91.1123
1087 284.978 246.727 2 210.153 -86.3001
1088 294.978 246.727 2 215.297 -86.1693
1089 304.978 246.727 2 220.774 -96.748
1090 314.978 246.727 2 226.561 -91.1133
1091 324.978 246.727 2 232.633 -102.711
1092 334.978 246.727 2 238.97 -98.5115
1093 344.978 246.727 2 245.551 -97.3533
1094 354.978 246.727 2 252.356 -97.1363
1095 364.978 246.727 2 259.369 -100.187
1096 374.978 246.727 2 266.572 -111.412
1097 384.978 246.727 2 273.951 -109.533
1098 394.978 246.727 2 281.492 -107.29
1099 404.978 246.727 2 289.182 -121.377
1100 414.978 246.727 2 297.009 -107.389
1101 424.978 246.727 2 304.964 -106.261
1102 434.978 246.727 2 313.036 -98.5669
1103 444.978 246.727 2 321.216 -93.1745
1104 454.978 246.727 2 329.497 -101.022
1105 464.978 246.727 2 337.871 -100.271
1106 474.978 246.727 2 346.331 -105.145
1107 484.978 246.727 2 354.872 -102.049
1108 84.9784 256.727 2 213.99 -87.7752
1109 94.9784 256.727 2 209.714 -100.808
1110 104.978 256.727 2 205.836 -104.08
1111 114.978 256.727 2 202.378 -106.825
1112 124.978 256.727 2 199.363 -102.593
1113 134.978 256.727 2 196.81 -87.3821
1114 144.978 256.727 2 194.737 -85.0365
1115 154.978 256.727 2 193.16 -84.6559
1116 164.978 256.727 2 192.092 -85.1252
1117 174.978 256.727 2 191.541 -89.7337
1118 184.978 256.727 2 191.511 -88.4419
1119 194.978 256.727 2 192.002 -87.986
1120 204.978 256.727 2 193.011 -86.5614
1121 214.978 256.727 2 194.53 -87.8119
1122 224.978 256.727 2 196.546 -87.2557
1123 234.978 256.727 2 199.045 -87.1741
1124 244.978 256.727 2 202.008 -89.6899
1125 254.978 256.727 2 205.416 -88.2558
1126 264.978 256.727 2 209.247 -87.1837
1127 274.978 256.727 2 213.478 -86.4833
1128 284.978 256.727 2 218.085 -89.4743
1129 294.978 256.727 2 223.046 -91.5464
1130 304.978 256.727 2 228.338 -91.3016
1131 314.978 256.727 2 233.937 -110.92
1132 324.978 256.727 2 239.823 -96.5147
1133 334.978 256.727 2 245.975 -101.097
1134 344.978 256.727 2 252.373 -98.1727
1135 354.978 256.727 2 258.999 -102.31
1136 364.978 256.727 2 265.837 -93.1417
1137 374.978 256.727 2 272.869 -96.4898
1138 384.978 256.727 2 280.082 -99.5422
1139 394.978 256.727 2 287.462 -112.747
1140 404.978 256.727 2 294.997 -110.792
1141 414.978 256.727 2 302.674 -107.296
1142 424.978 256.727 2 310.483 -100.922
1143 434.978 256.727 2 318.416 -106.527
1144 444.978 256.727 2 326.461 -96.6288
1145 454.978 256.727 2 334.612 -97.9957
1146 464.978 256.727 2 342.861 -97.2263
1147 474.978 256.727 2 351.201 -96.0871
1148 484.978 256.727 2 359.626 -109.234
1149 84.9784 266.727 2 222.235 -89.1242
1150 94.9784 266.727 2 218.122 -92.6905
1151 104.978 266.727 2 214.396 -101.637
1152 114.978 266.727 2 211.078 -97.1042
1153 124.978 266.727 2 208.189 -91.7932
1154 134.978 266.727 2 205.745 -250
1155 144.978 266.727 2 203.763 -250
1156 154.978 266.727 2 202.257 -250
1157 164.978 266.727 2 201.237 -250
1158 174.978 266.727 2 200.711 -89.611
1159 184.978 266.727 2 200.682 -89.5609
1160 194.978 266.727 2 201.151 -87.3026
1161 204.978 266.727 2 202.115 -91.5004
1162 214.978 266.727 2 203.565 -92.826
1163 224.978 266.727 2 205.493 -90.834
1164 234.978 266.727 2 207.884 -87.5747
1165 244.978 266.727 2 210.723 -250
1166 254.978 266.727 2 213.993 -250
1167 264.978 266.727 2 217.672 -250
1168 274.978 266.727 2 221.743 -95.6076
1169 284.978 266.727 2 226.182 -88.897
1170 294.978 266.727 2 230.969 -250
1171 304.978 266.727 2 236.083 -250
1172 314.978 266.727 2 241.503 -250
1173 324.978 266.727 2 247.209 -250
1174 334.978 266.727 2 253.181 -250
1175 344.978 266.727 2 259.402 -250
1176 354.978 266.727 2 265.853 -250
1177 364.978 266.727 2 272.518 -250
1178 374.978 266.727 2 279.383 -250
1179 384.978 266.727 2 286.432 -250
1180 394.978 266.727 2 293.652 -250
1181 404.978 266.727 2 301.032 -250
1182 414.978 266.727 2 308.559 -250
1183 424.978 266.727 2 316.223 -250
1184 434.978 266.727 2 324.015 -250
1185 444.978 266.727 2 331.925 -250
1186 454.978 266.727 2 339.945 -250
1187 464.978 266.727 2 348.067 -250
1188 474.978 266.727 2 356.286 -139.067
1189 484.978 266.727 2 364.593 -96.5571
1190 84.9784 276.727 2 230.62 -86.377
1191 94.9784 276.727 2 226.659 -90.0013
1192 104.978 276.727 2 223.075 -86.2708
1193 114.978 276.727 2 219.889 -89.7456
1194 124.978 276.727 2 217.116 -102.192
1195 134.978 276.727 2 214.774 -250
1196 144.978 276.727 2 212.877 -250
1197 154.978 276.727 2 211.436 -250
1198 164.978 276.727 2 210.46 -250
1199 174.978 276.727 2 209.957 -86.4823
1200 184.978 276.727 2 209.93 -87.4093
1201 194.978 276.727 2 210.378 -87.3027
1202 204.978 276.727 2 211.299 -85.6914
1203 214.978 276.727 2 212.687 -85.9737
1204 224.978 276.727 2 214.533 -88.7125
1205 234.978 276.727 2 216.825 -86.5633
1206 244.978 276.727 2 219.548 -250
1207 254.978 276.727 2 222.688 -250
1208 264.978 276.727 2 226.226 -250
1209 274.978 276.727 2 230.145 -105.482
1210 284.978 276.727 2 234.425 -87.2277
1211 294.978 276.727 2 239.048 -250
1212 304.978 276.727 2 243.992 -250
1213 314.978 276.727 2 249.24 -250
1214 324.978 276.727 2 254.773 -250
1215 334.978 276.727 2 260.572 -250
1216 344.978 276.727 2 266.62 -250
1217 354.978 276.727 2 272.9 -250
1218 364.978 276.727 2 279.398 -250
1219 374.978 276.727 2 286.097 -250
1220 384.978 276.727 2 292.985 -250
1221 394.978 276.727 2 300.048 -250
1222 404.978 276.727 2 307.274 -250
1223 414.978 276.727 2 314.651 -250
1224 424.978 276.727 2 322.171 -250
1225 434.978 276.727 2 329.822 -250
1226 444.978 276.727 2 337.596 -250
1227 454.978 276.727 2 345.484 -250
1228 464.978 276.727 2 353.48 -250
1229 474.978 276.727 2 361.575 -106.76
1230 484.978 276.727 2 369.763 -104.111
1231 84.9784 286.727 2 239.129 -92.6245
1232 94.9784 286.727 2 235.311 -88.2038
1233 104.978 286.727 2 231.861 -88.8528
1234 114.978 286.727 2 228.797 -86.1986
1235 124.978 286.727 2 226.134 -120.481
1236 134.978 286.727 2 223.886 -250
1237 144.978 286.727 2 222.067 -250
1238 154.978 286.727 2 220.685 -250
1239 164.978 286.727 2 219.751 -250
1240 174.978 286.727 2 219.269 -88.1315
1241 184.978 286.727 2 219.243 -87.6175
1242 194.978 286.727 2 219.672 -87.9374
1243 204.978 286.727 2 220.555 -91.2856
1244 214.978 286.727 2 221.885 -91.3392
1245 224.978 286.727 2 223.655 -88.4159
1246 234.978 286.727 2 225.854 -84.112
1247 244.978 286.727 2 228.47 -250
1248 254.978 286.727 2 231.488 -250
1249 264.978 286.727 2 234.894 -250
1250 274.978 286.727 2 238.671 -104.929
1251 284.978 286.727 2 242.801 -97.6018
1252 294.978 286.727 2 247.267 -250
1253 304.978 286.727 2 252.05 -250
1254 314.978 286.727 2 257.134 -250
1255 324.978 286.727 2 262.5 -250
1256 334.978 286.727 2 268.132 -250
1257 344.978 286.727 2 274.013 -250
1258 354.978 286.727 2 280.128 -250
1259 364.978 286.727 2 286.461 -250
1260 374.978 286.727 2 292.999 -250
1261 384.978 286.727 2 299.728 -250
1262 394.978 286.727 2 306.636 -250
1263 404.978 286.727 2 313.71 -250
1264 414.978 286.727 2 320.94 -250
1265 424.978 286.727 2 328.315 -250
1266 434.978 286.727 2 335.827 -250
1267 444.978 286.727 2 343.465 -250
1268 454.978 286.727 2 351.221 -250
1269 464.978 286.727 2 359.089 -250
1270 474.978 286.727 2 367.061 -104.32
1271 484.978 286.727 2 375.129 -127.021
1272 84.9784 296.727 2 247.749 -89.443
1273 94.9784 296.727 2 244.066 -91.0676
1274 104.978 296.727 2 240.742 -88.4105
1275 114.978 296.727 2 237.792 -90.6527
1276 124.978 296.727 2 235.231 -101.749
1277 134.978 296.727 2 233.071 -250
1278 144.978 296.727 2 231.324 -250
1279 154.978 296.727 2 229.998 -250
1280 164.978 296.727 2 229.102 -250
1281 174.978 296.727 2 228.639 -98.0611
1282 184.978 296.727 2 228.614 -85.9501
1283 194.978 296.727 2 229.026 -89.0389
1284 204.978 296.727 2 229.873 -86.1587
1285 214.978 296.727 2 231.149 -85.9348
1286 224.978 296.727 2 232.848 -87.1424
1287 234.978 296.727 2 234.961 -83.5512
1288 244.978 296.727 2 237.477 -250
1289 254.978 296.727 2 240.383 -250
1290 264.978 296.727 2 243.664 -250
1291 274.978 296.727 2 247.307 -92.2927
1292 284.978 296.727 2 251.295 -92.1725
1293 294.978 296.727 2 255.613 -250
1294 304.978 296.727 2 260.243 -250
1295 314.978 296.727 2 265.169 -250
1296 324.978 296.727 2 270.376 -127.859
1297 334.978 296.727 2 275.847 -124.841
1298 344.978 296.727 2 281.567 -131.684
1299 354.978 296.727 2 287.522 -136.603
1300 364.978 296.727 2 293.696 -106.534
1301 374.978 296.727 2 300.076 -110.848
1302 384.978 296.727 2 306.65 -122.067
1303 394.978 296.727 2 313.405 -126.842
1304 404.978 296.727 2 320.33 -134.299
1305 414.978 296.727 2 327.413 -131.345
1306 424.978 296.727 2 334.646 -130.278
1307 434.978 296.727 2 342.018 -250
1308 444.978 296.727 2 349.521 -250
1309 454.978 296.727 2 357.146 -250
1310 464.978 296.727 2 364.886 -250
1311 474.978 296.727 2 372.734 -110.054
1312 484.978 296.727 2 380.682 -108.23
1313 84.9784 306.727 2 256.47 -90.7928
1314 94.9784 306.727 2 252.913 -87.2706
1315 104.978 306.727 2 249.707 -91.1232
1316 114.978 306.727 2 246.865 -87.855
1317 124.978 306.727 2 244.398 -98.2368
1318 134.978 306.727 2 242.32 -250
1319 144.978 306.727 2 240.64 -250
1320 154.978 306.727 2 239.366 -250
1321 164.978 306.727 2 238.505 -250
1322 174.978 306.727 2 238.061 -93.4656
1323 184.978 306.727 2 238.037 -88.6881
1324 194.978 306.727 2 238.432 -89.0228
1325 204.978 306.727 2 239.246 -89.7678
1326 214.978 306.727 2 240.472 -89.5995
1327 224.978 306.727 2 242.106 -90.5186
1328 234.978 306.727 2 244.139 -86.4358
1329 244.978 306.727 2 246.561 -250
1330 254.978 306.727 2 249.361 -250
1331 264.978 306.727 2 252.526 -250
1332 274.978 306.727 2 256.043 -89.3417
1333 284.978 306.727 2 259.897 -94.8868
1334 294.978 306.727 2 264.074 -250
1335 304.978 306.727 2 268.558 -250
1336 314.978 306.727 2 273.335 -250
1337 324.978 306.727 2 278.389 -118.501
1338 334.978 306.727 2 283.705 -250
1339 344.978 306.727 2 289.27 -250
1340 354.978 306.727 2 295.069 -250
1341 364.978 306.727 2 301.088 -106.819
1342 374.978 306.727 2 307.315 -250
1343 384.978 306.727 2 313.737 -250
1344 394.978 306.727 2 320.343 -250
1345 404.978 306.727 2 327.121 -250
1346 414.978 306.727 2 334.061 -250
1347 424.978 306.727 2 341.153 -250
1348 434.978 306.727 2 348.387 -250
1349 444.978 306.727 2 355.756 -250
1350 454.978 306.727 2 363.25 -250
1351 464.978 306.727 2 370.863 -250
1352 474.978 306.727 2 378.586 -116.3
1353 484.978 306.727 2 386.414 -108.417
1354 84.9784 316.727 2 265.28 -91.868
1355 94.9784 316.727 2 261.844 -88.5174
1356 104.978 316.727 2 258.748 -88.7743
1357 114.978 316.727 2 256.006 -89.4931
1358 124.978 316.727 2 253.629 -103.45
1359 134.978 316.727 2 251.627 -250
1360 144.978 316.727 2 250.009 -250
1361 154.978 316.727 2 248.783 -250
1362 164.978 316.727 2 247.955 -250
1363 174.978 316.727 2 247.528 -96.4927
1364 184.978 316.727 2 247.505 -87.8532
1365 194.978 316.727 2 247.885 -89.3002
1366 204.978 316.727 2 248.667 -89.175
1367 214.978 316.727 2 249.848 -88.1984
1368 224.978 316.727 2 251.421 -88.4813
1369 234.978 316.727 2 253.379 -89.5364
1370 244.978 316.727 2 255.714 -250
1371 254.978 316.727 2 258.414 -250
1372 264.978 316.727 2 261.47 -250
1373 274.978 316.727 2 264.868 -99.2001
1374 284.978 316.727 2 268.595 -96.8148
1375 294.978 316.727 2 272.639 -250
1376 304.978 316.727 2 276.984 -250
1377 314.978 316.727 2 281.618 -250
1378 324.978 316.727 2 286.526 -115.811
1379 334.978 316.727 2 291.695 -250
1380 344.978 316.727 2 297.11 -250
1381 354.978 316.727 2 302.759 -250
1382 364.978 316.727 2 308.628 -96.1024
1383 374.978 316.727 2 314.706 -250
1384 384.978 316.727 2 320.98 -250
1385 394.978 316.727 2 327.44 -250
1386 404.978 316.727 2 334.074 -250
1387 414.978 316.727 2 340.872 -250
1388 424.978 316.727 2 347.825 -250
1389 434.978 316.727 2 354.923 -250
1390 444.978 316.727 2 362.159 -250
1391 454.978 316.727 2 369.523 -250
1392 464.978 316.727 2 377.009 -250
1393 474.978 316.727 2 384.61 -119.907
1394 484.978 316.727 2 392.317 -109.534
1395 84.9784 326.727 2 274.173 -91.8642
1396 94.9784 326.727 2 270.849 -88.3184
1397 104.978 326.727 2 267.858 -91.2166
1398 114.978 326.727 2 265.21 -90.7154
1399 124.978 326.727 2 262.916 -118.217
1400 134.978 326.727 2 260.985 -106.543
1401 144.978 326.727 2 259.426 -106.918
1402 154.978 326.727 2 258.244 -104.277
1403 164.978 326.727 2 257.446 -111.552
1404 174.978 326.727 2 257.035 -101.497
1405 184.978 326.727 2 257.013 -87.1391
1406 194.978 326.727 2 257.379 -88.08
1407 204.978 326.727 2 258.133 -88.7039
1408 214.978 326.727 2 259.27 -93.0469
1409 224.978 326.727 2 260.786 -88.9485
1410 234.978 326.727 2 262.675 -110.317
1411 244.978 326.727 2 264.927 -101.5
1412 254.978 326.727 2 267.535 -111.752
1413 264.978 326.727 2 270.487 -117.11
1414 274.978 326.727 2 273.773 -107.456
1415 284.978 326.727 2 277.381 -90.3675
1416 294.978 326.727 2 281.299 -97.0271
1417 304.978 326.727 2 285.512 -122.826
1418 314.978 326.727 2 290.01 -115.036
1419 324.978 326.727 2 294.778 -122.798
1420 334.978 326.727 2 299.805 -110.631
1421 344.978 326.727 2 305.076 -106.897
1422 354.978 326.727 2 310.58 -94.8453
1423 364.978 326.727 2 316.304 -102.889
1424 374.978 326.727 2 322.237 -96.4413
1425 384.978 326.727 2 328.367 -96.7306
1426 394.978 326.727 2 334.684 -112.126
1427 404.978 326.727 2 341.178 -113.653
1428 414.978 326.727 2 347.837 -107.022
1429 424.978 326.727 2 354.654 -111.3
1430 434.978 326.727 2 361.618 -110.36
1431 444.978 326.727 2 368.722 -116.056
1432 454.978 326.727 2 375.958 -107.692
1433 464.978 326.727 2 383.318 -109.714
1434 474.978 326.727 2 390.796 -119.333
1435 484.978 326.727 2 398.384 -108.143
1436 84.9784 336.727 2 283.139 -91.0523
1437 94.9784 336.727 2 279.922 -89.442
1438 104.978 336.727 2 277.028 -89.3968
1439 114.978 336.727 2 274.469 -88.1789
1440 124.978 336.727 2 272.253 -118.504
1441 134.978 336.727 2 270.389 -107.558
1442 144.978 336.727 2 268.884 -105.522
1443 154.978 336.727 2 267.745 -105.633
1444 164.978 336.727 2 266.975 -107.24
1445 174.978 336.727 2 266.578 -94.1251
1446 184.978 336.727 2 266.557 -88.3502
1447 194.978 336.727 2 266.91 -91.7331
1448 204.978 336.727 2 267.637 -93.8128
1449 214.978 336.727 2 268.734 -87.6332
1450 224.978 336.727 2 270.197 -88.1059
1451 234.978 336.727 2 272.02 -88.4164
1452 244.978 336.727 2 274.196 -94.7522
1453 254.978 336.727 2 276.716 -104.735
1454 264.978 336.727 2 279.572 -98.0339
1455 274.978 336.727 2 282.752 -97.5192
1456 284.978 336.727 2 286.247 -101.439
1457 294.978 336.727 2 290.045 -88.0442
1458 304.978 336.727 2 294.133 -107.26
1459 314.978 336.727 2 298.501 -106.2
1460 324.978 336.727 2 303.136 -120.815
1461 334.978 336.727 2 308.026 -97.886
1462 344.978 336.727 2 313.159 -100.987
1463 354.978 336.727 2 318.523 -103.438
1464 364.978 336.727 2 324.107 -100.041
1465 374.978 336.727 2 329.9 -98.3018
1466 384.978 336.727 2 335.89 -97.1077
1467 394.978 336.727 2 342.068 -108.198
1468 404.978 336.727 2 348.424 -113.02
1469 414.978 336.727 2 354.947 -109.468
1470 424.978 336.727 2 361.63 -106.017
1471 434.978 336.727 2 368.463 -101.583
1472 444.978 336.727 2 375.437 -116.181
1473 454.978 336.727 2 382.546 -103.116
1474 464.978 336.727 2 389.782 -106.491
1475 474.978 336.727 2 397.138 -102.353
1476 484.978 336.727 2 404.607 -107.94
1477 84.9784 346.727 2 292.172 -90.2222
1478 94.9784 346.727 2 289.056 -89.443
1479 104.978 346.727 2 286.255 -90.3037
1480 114.978 346.727 2 283.778 -250
1481 124.978 346.727 2 281.636 -250
1482 134.978 346.727 2 279.834 -250
1483 144.978 346.727 2 278.38 -250
1484 154.978 346.727 2 277.28 -250
1485 164.978 346.727 2 276.537 -250
1486 174.978 346.727 2 276.154 -250
1487 184.978 346.727 2 276.133 -90.5076
1488 194.978 346.727 2 276.474 -87.2566
1489 204.978 346.727 2 277.176 -91.584
1490 214.978 346.727 2 278.236 -93.5178
1491 224.978 346.727 2 279.649 -89.8772
1492 234.978 346.727 2 281.411 -87.0212
1493 244.978 346.727 2 283.515 -250
1494 254.978 346.727 2 285.953 -250
1495 264.978 346.727 2 288.717 -250
1496 274.978 346.727 2 291.798 -102.874
1497 284.978 346.727 2 295.185 -101.425
1498 294.978 346.727 2 298.869 -89.2016
1499 304.978 346.727 2 302.839 -107.204
1500 314.978 346.727 2 307.083 -105.485
1501 324.978 346.727 2 311.59 -106.972
1502 334.978 346.727 2 316.349 -97.8975
1503 344.978 346.727 2 321.349 -100.761
1504 354.978 346.727 2 326.579 -101.293
1505 364.978 346.727 2 332.028 -103.479
1506 374.978 346.727 2 337.684 -94.9587
1507 384.978 346.727 2 343.539 -250
1508 394.978 346.727 2 349.582 -250
1509 404.978 346.727 2 355.804 -250
1510 414.978 346.727 2 362.194 -250
1511 424.978 346.727 2 368.745 -250
1512 434.978 346.727 2 375.449 -250
1513 444.978 346.727 2 382.296 -105.193
1514 454.978 346.727 2 389.28 -250
1515 464.978 346.727 2 396.393 -250
1516 474.978 346.727 2 403.628 -118.544
1517 484.978 346.727 2 410.979 -104.814
1518 84.9784 356.727 2 301.267 -94.639
1519 94.9784 356.727 2 298.245 -89.6695
1520 104.978 356.727 2 295.531 -250
1521 114.978 356.727 2 293.133 -250
1522 124.978 356.727 2 291.06 -250
1523 134.978 356.727 2 289.317 -250
1524 144.978 356.727 2 287.911 -250
1525 154.978 356.727 2 286.847 -250
1526 164.978 356.727 2 286.129 -250
1527 174.978 356.727 2 285.759 -250
1528 184.978 356.727 2 285.739 -90.3821
1529 194.978 356.727 2 286.068 -88.7651
1530 204.978 356.727 2 286.747 -87.3315
1531 214.978 356.727 2 287.771 -87.2337
1532 224.978 356.727 2 289.138 -92.1858
1533 234.978 356.727 2 290.842 -87.076
1534 244.978 356.727 2 292.878 -250
1535 254.978 356.727 2 295.239 -250
1536 264.978 356.727 2 297.917 -250
1537 274.978 356.727 2 300.904 -108.942
1538 284.978 356.727 2 304.19 -101.285
1539 294.978 356.727 2 307.766 -89.4318
1540 304.978 356.727 2 311.622 -88.8683
1541 314.978 356.727 2 315.748 -97.6066
1542 324.978 356.727 2 320.133 -95.4688
1543 334.978 356.727 2 324.767 -106.328
1544 344.978 356.727 2 329.64 -92.0633
1545 354.978 356.727 2 334.74 -108.74
1546 364.978 356.727 2 340.058 -99.2796
1547 374.978 356.727 2 345.583 -106.075
1548 384.978 356.727 2 351.306 -92.2507
1549 394.978 356.727 2 357.218 -250
1550 404.978 356.727 2 363.309 -250
1551 414.978 356.727 2 369.57 -250
1552 424.978 356.727 2 375.992 -250
1553 434.978 356.727 2 382.569 -250
1554 444.978 356.727 2 389.291 -118.213
1555 454.978 356.727 2 396.151 -250
1556 464.978 356.727 2 403.143 -250
1557 474.978 356.727 2 410.259 -109.508
1558 484.978 356.727 2 417.494 -102.64
1559 84.9784 366.727 2 310.417 -88.1292
1560 94.9784 366.727 2 307.485 -91.5418
1561 104.978 366.727 2 304.854 -250
1562 114.978 366.727 2 302.53 -250
1563 124.978 366.727 2 300.521 -250
1564 134.978 366.727 2 298.833 -250
1565 144.978 366.727 2 297.472 -250
1566 154.978 366.727 2 296.443 -250
1567 164.978 366.727 2 295.748 -250
1568 174.978 366.727 2 295.39 -250
1569 184.978 366.727 2 295.37 -97.7058
1570 194.978 366.727 2 295.689 -250
1571 204.978 366.727 2 296.345 -250
1572 214.978 366.727 2 297.337 -250
1573 224.978 366.727 2 298.66 -250
1574 234.978 366.727 2 300.31 -250
1575 244.978 366.727 2 302.282 -250
1576 254.978 366.727 2 304.57 -250
1577 264.978 366.727 2 307.167 -250
1578 274.978 366.727 2 310.064 -103.323
1579 284.978 366.727 2 313.255 -102.815
1580 294.978 366.727 2 316.728 -89.7712
1581 304.978 366.727 2 320.477 -90.1667
1582 314.978 366.727 2 324.49 -89.946
1583 324.978 366.727 2 328.759 -90.6843
1584 334.978 366.727 2 333.273 -89.5253
1585 344.978 366.727 2 338.023 -91.6365
1586 354.978 366.727 2 342.998 -92.0736
1587 364.978 366.727 2 348.19 -86.6315
1588 374.978 366.727 2 353.588 -95.375
1589 384.978 366.727 2 359.184 -91.4368
1590 394.978 366.727 2 364.968 -250
1591 404.978 366.727 2 370.932 -250
1592 414.978 366.727 2 377.066 -250
1593 424.978 366.727 2 383.363 -250
1594 434.978 366.727 2 389.815 -250
1595 444.978 366.727 2 396.414 -116.307
1596 454.978 366.727 2 403.153 -250
1597 464.978 366.727 2 410.026 -250
1598 474.978 366.727 2 417.025 -110.137
1599 484.978 366.727 2 424.144 -108.125
1600 84.9784 376.727 2 319.618 -89.1754
1601 94.9784 376.727 2 316.772 -97.7126
1602 104.978 376.727 2 314.218 -250
1603 114.978 376.727 2 311.964 -250
1604 124.978 376.727 2 310.016 -250
1605 134.978 376.727 2 308.38 -250
1606 144.978 376.727 2 307.061 -250
1607 154.978 376.727 2 306.064 -250
1608 164.978 376.727 2 305.391 -250
1609 174.978 376.727 2 305.045 -250
1610 184.978 376.727 2 305.026 -94.6935
1611 194.978 376.727 2 305.334 -250
1612 204.978 376.727 2 305.97 -250
1613 214.978 376.727 2 306.93 -250
1614 224.978 376.727 2 308.212 -250
1615 234.978 376.727 2 309.811 -250
1616 244.978 376.727 2 311.723 -250
1617 254.978 376.727 2 313.943 -250
1618 264.978 376.727 2 316.462 -250
1619 274.978 376.727 2 319.276 -109.105
1620 284.978 376.727 2 322.375 -98.9124
1621 294.978 376.727 2 325.751 -91.2515
1622 304.978 376.727 2 329.397 -90.8775
1623 314.978 376.727 2 333.303 -91.9335
1624 324.978 376.727 2 337.46 -94.3361
1625 334.978 376.727 2 341.859 -94.5777
1626 344.978 376.727 2 346.491 -90.8408
1627 354.978 376.727 2 351.347 -89.5861
1628 364.978 376.727 2 356.417 -91.3124
1629 374.978 376.727 2 361.693 -104.954
1630 384.978 376.727 2 367.165 -250
1631 394.978 376.727 2 372.825 -250
1632 404.978 376.727 2 378.665 -250
1633 414.978 376.727 2 384.676 -250
1634 424.978 376.727 2 390.851 -250
1635 434.978 376.727 2 397.181 -250
1636 444.978 376.727 2 403.66 -250
1637 454.978 376.727 2 410.28 -250
1638 464.978 376.727 2 417.035 -250
1639 474.978 376.727 2 423.918 -98.5027
1640 484.978 376.727 2 430.924 -109.231
1641 84.9784 386.727 2 328.866 -90.1425
1642 94.9784 386.727 2 326.1 -102.322
1643 104.978 386.727 2 323.62 -118.975
1644 114.978 386.727 2 321.432 -250
1645 124.978 386.727 2 319.541 -250
1646 134.978 386.727 2 317.955 -250
1647 144.978 386.727 2 316.676 -250
1648 154.978 386.727 2 315.709 -250
1649 164.978 386.727 2 315.057 -250
1650 174.978 386.727 2 314.721 -250
1651 184.978 386.727 2 314.702 -101.074
1652 194.978 386.727 2 315.002 -250
1653 204.978 386.727 2 315.618 -250
1654 214.978 386.727 2 316.549 -250
1655 224.978 386.727 2 317.792 -250
1656 234.978 386.727 2 319.343 -250
1657 244.978 386.727 2 321.199 -250
1658 254.978 386.727 2 323.353 -250
1659 264.978 386.727 2 325.8 -250
1660 274.978 386.727 2 328.533 -95.6718
1661 284.978 386.727 2 331.546 -100.929
1662 294.978 386.727 2 334.83 -92.4054
1663 304.978 386.727 2 338.378 -91.727
1664 314.978 386.727 2 342.181 -87.9908
1665 324.978 386.727 2 346.232 -89.4107
1666 334.978 386.727 2 350.521 -96.6624
1667 344.978 386.727 2 355.04 -89.5374
1668 354.978 386.727 2 359.78 -89.0348
1669 364.978 386.727 2 364.733 -96.5745
1670 374.978 386.727 2 369.89 -89.6794
1671 384.978 386.727 2 375.243 -250
1672 394.978 386.727 2 380.783 -250
1673 404.978 386.727 2 386.503 -250
1674 414.978 386.727 2 392.394 -250
1675 424.978 386.727 2 398.449 -250
1676 434.978 386.727 2 404.66 -250
1677 444.978 386.727 2 411.021 -250
1678 454.978 386.727 2 417.524 -250
1679 464.978 386.727 2 424.164 -250
1680 474.978 386.727 2 430.933 -96.8614
1681 484.978 386.727 2 437.827 -98.2847
1682 84.9784 396.727 2 338.157 -90.8094
1683 94.9784 396.727 2 335.467 -114.732
1684 104.978 396.727 2 333.057 -120.682
1685 114.978 396.727 2 330.931 -129.181
1686 124.978 396.727 2 329.095 -122.903
1687 134.978 396.727 2 327.555 -129.389
1688 144.978 396.727 2 326.314 -128.461
1689 154.978 396.727 2 325.376 -101.58
1690 164.978 396.727 2 324.743 -118.889
1691 174.978 396.727 2 324.417 -122.742
1692 184.978 396.727 2 324.399 -96.117
1693 194.978 396.727 2 324.689 -99.9651
1694 204.978 396.727 2 325.287 -103.231
1695 214.978 396.727 2 326.19 -97.9902
1696 224.978 396.727 2 327.397 -114.301
1697 234.978 396.727 2 328.903 -108.512
1698 244.978 396.727 2 330.705 -250
1699 254.978 396.727 2 332.797 -250
1700 264.978 396.727 2 335.175 -250
1701 274.978 396.727 2 337.833 -103.51
1702 284.978 396.727 2 340.763 -104.624
1703 294.978 396.727 2 343.959 -91.5358
1704 304.978 396.727 2 347.414 -91.5004
1705 314.978 396.727 2 351.12 -90.371
1706 324.978 396.727 2 355.068 -89.6548
1707 334.978 396.727 2 359.252 -95.2395
1708 344.978 396.727 2 363.662 -97.0928
1709 354.978 396.727 2 368.292 -93.5952
1710 364.978 396.727 2 373.132 -93.8247
1711 374.978 396.727 2 378.174 -86.4778
1712 384.978 396.727 2 383.411 -250
1713 394.978 396.727 2 388.835 -250
1714 404.978 396.727 2 394.438 -250
1715 414.978 396.727 2 400.212 -250
1716 424.978 396.727 2 406.151 -250
1717 434.978 396.727 2 412.246 -250
1718 444.978 396.727 2 418.492 -250
1719 454.978 396.727 2 424.881 -250
1720 464.978 396.727 2 431.407 -250
1721 474.978 396.727 2 438.065 -94.4207
1722 484.978 396.727 2 444.847 -101.745
1723 84.9784 406.727 2 347.487 -91.1678
1724 94.9784 406.727 2 344.87 -112.761
1725 104.978 406.727 2 342.526 -127.96
1726 114.978 406.727 2 340.459 -126.09
1727 124.978 406.727 2 338.675 -128.895
1728 134.978 406.727 2 337.178 -120.14
1729 144.978 406.727 2 335.973 -120.568
1730 154.978 406.727 2 335.062 -99.9116
1731 164.978 406.727 2 334.447 -120.125
1732 174.978 406.727 2 334.131 -118.499
1733 184.978 406.727 2 334.113 -91.6376
1734 194.978 406.727 2 334.395 -105.896
1735 204.978 406.727 2 334.976 -100.372
1736 214.978 406.727 2 335.853 -105.898
1737 224.978 406.727 2 337.025 -105.819
1738 234.978 406.727 2 338.488 -96.6876
1739 244.978 406.727 2 340.239 -94.6538
1740 254.978 406.727 2 342.273 -107.239
1741 264.978 406.727 2 344.586 -103.492
1742 274.978 406.727 2 347.171 -113.939
1743 284.978 406.727 2 350.024 -98.4477
1744 294.978 406.727 2 353.136 -92.1275
1745 304.978 406.727 2 356.502 -93.5649
1746 314.978 406.727 2 360.114 -96.4764
1747 324.978 406.727 2 363.965 -97.8001
1748 334.978 406.727 2 368.047 -91.1379
1749 344.978 406.727 2 372.354 -89.2897
1750 354.978 406.727 2 376.876 -112.251
1751 364.978 406.727 2 381.608 -94.2867
1752 374.978 406.727 2 386.54 -92.1473
1753 384.978 406.727 2 391.665 -96.5324
1754 394.978 406.727 2 396.976 -97.2036
1755 404.978 406.727 2 402.465 -100.009
1756 414.978 406.727 2 408.126 -104.936
1757 424.978 406.727 2 413.951 -112.549
1758 434.978 406.727 2 419.933 -99.318
1759 444.978 406.727 2 426.066 -103.256
1760 454.978 406.727 2 432.343 -124.331
1761 464.978 406.727 2 438.759 -98.9602
1762 474.978 406.727 2 445.306 -97.6846
1763 484.978 406.727 2 451.98 -102.917
1764 84.9784 416.727 2 356.853 -101.643
1765 94.9784 416.727 2 354.305 -117.9
1766 104.978 416.727 2 352.024 -129.056
1767 114.978 416.727 2 350.013 -250
1768 124.978 416.727 2 348.278 -250
1769 134.978 416.727 2 346.823 -250
1770 144.978 416.727 2 345.651 -250
1771 154.978 416.727 2 344.766 -101.941
1772 164.978 416.727 2 344.168 -118.771
1773 174.978 416.727 2 343.861 -131.761
1774 184.978 416.727 2 343.844 -89.5998
1775 194.978 416.727 2 344.118 -106.16
1776 204.978 416.727 2 344.682 -108.616
1777 214.978 416.727 2 345.535 -111.207
1778 224.978 416.727 2 346.674 -110.417
1779 234.978 416.727 2 348.096 -101.872
1780 244.978 416.727 2 349.799 -93.2548
1781 254.978 416.727 2 351.778 -109.07
1782 264.978 416.727 2 354.029 -105.983
1783 274.978 416.727 2 356.546 -108.63
1784 284.978 416.727 2 359.324 -99.7927
1785 294.978 416.727 2 362.356 -92.0107
1786 304.978 416.727 2 365.637 -90.699
1787 314.978 416.727 2 369.16 -91.7787
1788 324.978 416.727 2 372.918 -93.9076
1789 334.978 416.727 2 376.903 -88.8314
1790 344.978 416.727 2 381.109 -91.9757
1791 354.978 416.727 2 385.529 -96.2322
1792 364.978 416.727 2 390.156 -98.6919
1793 374.978 416.727 2 394.981 -90.3349
1794 384.978 416.727 2 399.998 -89.687
1795 394.978 416.727 2 405.2 -103.057
1796 404.978 416.727 2 410.579 -101.929
1797 414.978 416.727 2 416.13 -102.727
1798 424.978 416.727 2 421.844 -103.866
1799 434.978 416.727 2 427.716 -108.473
1800 444.978 416.727 2 433.739 -104.201
1801 454.978 416.727 2 439.907 -99.7454
1802 464.978 416.727 2 446.213 -97.9152
1803 474.978 416.727 2 452.653 -101.436
1804 484.978 416.727 2 459.22 -102.993
1805 84.9784 426.727 2 366.253 -126.798
1806 94.9784 426.727 2 363.771 -116.088
1807 104.978 426.727 2 361.549 -116.615
1808 114.978 426.727 2 359.592 -250
1809 124.978 426.727 2 357.903 -250
1810 134.978 426.727 2 356.487 -250
1811 144.978 426.727 2 355.347 -250
1812 154.978 426.727 2 354.486 -108.315
1813 164.978 426.727 2 353.905 -250
1814 174.978 426.727 2 353.606 -250
1815 184.978 426.727 2 353.59 -250
1816 194.978 426.727 2 353.856 -250
1817 204.978 426.727 2 354.405 -250
1818 214.978 426.727 2 355.234 -250
1819 224.978 426.727 2 356.342 -109.747
1820 234.978 426.727 2 357.726 -250
1821 244.978 426.727 2 359.384 -250
1822 254.978 426.727 2 361.31 -250
1823 264.978 426.727 2 363.502 -250
1824 274.978 426.727 2 365.954 -110.353
1825 284.978 426.727 2 368.66 -99.8725
1826 294.978 426.727 2 371.617 -93.2157
1827 304.978 426.727 2 374.817 -250
1828 314.978 426.727 2 378.254 -250
1829 324.978 426.727 2 381.922 -250
1830 334.978 426.727 2 385.815 -250
1831 344.978 426.727 2 389.925 -250
1832 354.978 426.727 2 394.246 -250
1833 364.978 426.727 2 398.771 -250
1834 374.978 426.727 2 403.493 -250
1835 384.978 426.727 2 408.406 -250
1836 394.978 426.727 2 413.502 -250
1837 404.978 426.727 2 418.775 -250
1838 414.978 426.727 2 424.218 -250
1839 424.978 426.727 2 429.825 -250
1840 434.978 426.727 2 435.589 -250
1841 444.978 426.727 2 441.505 -250
1842 454.978 426.727 2 447.565 -250
1843 464.978 426.727 2 453.766 -103.718
1844 474.978 426.727 2 460.1 -107.837
1845 484.978 426.727 2 466.562 -250
1846 84.9784 436.727 2 375.683 -125.06
1847 94.9784 436.727 2 373.265 -107.64
1848 104.978 436.727 2 371.1 -120.851
1849 114.978 436.727 2 369.193 -250
1850 124.978 436.727 2 367.548 -250
1851 134.978 436.727 2 366.17 -250
1852 144.978 436.727 2 365.06 -250
1853 154.978 436.727 2 364.222 -108.64
1854 164.978 436.727 2 363.656 -250
1855 174.978 436.727 2 363.365 -250
1856 184.978 436.727 2 363.349 -250
1857 194.978 436.727 2 363.609 -250
1858 204.978 436.727 2 364.142 -250
1859 214.978 436.727 2 364.95 -250
1860 224.978 436.727 2 366.028 -96.7249
1861 234.978 436.727 2 367.376 -250
1862 244.978 436.727 2 368.99 -250
1863 254.978 436.727 2 370.867 -250
1864 264.978 436.727 2 373.002 -250
1865 274.978 436.727 2 375.392 -103.827
1866 284.978 436.727 2 378.031 -97.1793
1867 294.978 436.727 2 380.915 -90.5461
1868 304.978 436.727 2 384.037 -250
1869 314.978 436.727 2 387.393 -250
1870 324.978 436.727 2 390.975 -250
1871 334.978 436.727 2 394.778 -250
1872 344.978 436.727 2 398.796 -250
1873 354.978 436.727 2 403.022 -250
1874 364.978 436.727 2 407.45 -250
1875 374.978 436.727 2 412.073 -250
1876 384.978 436.727 2 416.884 -250
1877 394.978 436.727 2 421.878 -250
1878 404.978 436.727 2 427.047 -250
1879 414.978 436.727 2 432.386 -250
1880 424.978 436.727 2 437.888 -250
1881 434.978 436.727 2 443.548 -250
1882 444.978 436.727 2 449.359 -250
1883 454.978 436.727 2 455.315 -250
1884 464.978 436.727 2 461.411 -115.698
1885 474.978 436.727 2 467.642 -105.966
1886 484.978 436.727 2 474.001 -250
1887 84.9784 446.727 2 385.143 -105.828
1888 94.9784 446.727 2 382.784 -128.798
1889 104.978 446.727 2 380.673 -113.496
1890 114.978 446.727 2 378.814 -250
1891 124.978 446.727 2 377.212 -250
1892 134.978 446.727 2 375.869 -250
1893 144.978 446.727 2 374.788 -250
1894 154.978 446.727 2 373.971 -102.915
1895 164.978 446.727 2 373.42 -250
1896 174.978 446.727 2 373.137 -250
1897 184.978 446.727 2 373.122 -250
1898 194.978 446.727 2 373.374 -250
1899 204.978 446.727 2 373.894 -250
1900 214.978 446.727 2 374.68 -250
1901 224.978 446.727 2 375.731 -89.727
1902 234.978 446.727 2 377.044 -250
1903 244.978 446.727 2 378.617 -250
1904 254.978 446.727 2 380.446 -250
1905 264.978 446.727 2 382.528 -250
1906 274.978 446.727 2 384.859 -116.143
1907 284.978 446.727 2 387.433 -94.8691
1908 294.978 446.727 2 390.247 -95.9055
1909 304.978 446.727 2 393.296 -250
1910 314.978 446.727 2 396.573 -250
1911 324.978 446.727 2 400.073 -250
1912 334.978 446.727 2 403.791 -250
1913 344.978 446.727 2 407.72 -250
1914 354.978 446.727 2 411.854 -250
1915 364.978 446.727 2 416.188 -250
1916 374.978 446.727 2 420.715 -250
1917 384.978 446.727 2 425.429 -250
1918 394.978 446.727 2 430.323 -250
1919 404.978 446.727 2 435.392 -250
1920 414.978 446.727 2 440.63 -250
1921 424.978 446.727 2 446.031 -250
1922 434.978 446.727 2 451.588 -250
1923 444.978 446.727 2 457.297 -250
1924 454.978 446.727 2 463.151 -250
1925 464.978 446.727 2 469.145 -101.183
1926 474.978 446.727 2 475.274 -104.199
1927 484.978 446.727 2 481.533 -250
1928 84.9784 456.727 2 394.629 -107.999
1929 94.9784 456.727 2 392.327 -125.139
1930 104.978 456.727 2 390.268 -118.847
1931 114.978 456.727 2 388.455 -250
1932 124.978 456.727 2 386.893 -250
1933 134.978 456.727 2 385.583 -250
1934 144.978 456.727 2 384.529 -250
1935 154.978 456.727 2 383.733 -95.4187
1936 164.978 456.727 2 383.197 -250
1937 174.978 456.727 2 382.921 -250
1938 184.978 456.727 2 382.906 -250
1939 194.978 456.727 2 383.152 -250
1940 204.978 456.727 2 383.658 -250
1941 214.978 456.727 2 384.425 -250
1942 224.978 456.727 2 385.449 -99.1317
1943 234.978 456.727 2 386.729 -250
1944 244.978 456.727 2 388.262 -250
1945 254.978 456.727 2 390.046 -250
1946 264.978 456.727 2 392.077 -250
1947 274.978 456.727 2 394.352 -121.043
1948 284.978 456.727 2 396.865 -91.5041
1949 294.978 456.727 2 399.612 -95.2367
1950 304.978 456.727 2 402.59 -250
1951 314.978 456.727 2 405.792 -250
1952 324.978 456.727 2 409.213 -250
1953 334.978 456.727 2 412.849 -250
1954 344.978 456.727 2 416.692 -250
1955 354.978 456.727 2 420.739 -250
1956 364.978 456.727 2 424.982 -250
1957 374.978 456.727 2 429.416 -250
1958 384.978 456.727 2 434.035 -250
1959 394.978 456.727 2 438.834 -250
1960 404.978 456.727 2 443.806 -250
1961 414.978 456.727 2 448.945 -250
1962 424.978 456.727 2 454.247 -250
1963 434.978 456.727 2 459.705 -250
1964 444.978 456.727 2 465.314 -250
1965 454.978 456.727 2 471.069 -250
1966 464.978 456.727 2 476.964 -99.871
1967 474.978 456.727 2 482.994 -102.303
1968 484.978 456.727 2 489.154 -250
1969 84.9784 466.727 2 404.14 -102.637
1970 94.9784 466.727 2 401.892 -105.188
1971 104.978 466.727 2 399.882 -135.459
1972 114.978 466.727 2 398.114 -250
1973 124.978 466.727 2 396.589 -250
1974 134.978 466.727 2 395.312 -250
1975 144.978 466.727 2 394.284 -250
1976 154.978 466.727 2 393.508 -96.2168
1977 164.978 466.727 2 392.985 -250
1978 174.978 466.727 2 392.715 -250
1979 184.978 466.727 2 392.701 -250
1980 194.978 466.727 2 392.941 -250
1981 204.978 466.727 2 393.435 -250
1982 214.978 466.727 2 394.182 -250
1983 224.978 466.727 2 395.181 -108.616
1984 234.978 466.727 2 396.429 -250
1985 244.978 466.727 2 397.925 -250
1986 254.978 466.727 2 399.666 -250
1987 264.978 466.727 2 401.649 -250
1988 274.978 466.727 2 403.869 -111.945
1989 284.978 466.727 2 406.323 -104.362
1990 294.978 466.727 2 409.007 -98.1952
1991 304.978 466.727 2 411.917 -250
1992 314.978 466.727 2 415.047 -250
1993 324.978 466.727 2 418.393 -250
1994 334.978 466.727 2 421.949 -250
1995 344.978 466.727 2 425.711 -250
1996 354.978 466.727 2 429.672 -250
1997 364.978 466.727 2 433.828 -250
1998 374.978 466.727 2 438.172 -250
1999 384.978 466.727 2 442.7 -250
2000 394.978 466.727 2 447.406 -250
2001 404.978 466.727 2 452.284 -250
2002 414.978 466.727 2 457.328 -250
2003 424.978 466.727 2 462.534 -250
2004 434.978 466.727 2 467.895 -250
2005 444.978 466.727 2 473.407 -250
2006 454.978 466.727 2 479.065 -250
2007 464.978 466.727 2 484.862 -102.236
2008 474.978 466.727 2 490.795 -107.029
2009 484.978 466.727 2 496.858 -250
2010 84.9784 476.727 2 413.674 -96.7491
2011 94.9784 476.727 2 411.478 -109.14
2012 104.978 476.727 2 409.516 -127.796
2013 114.978 476.727 2 407.788 -134.413
2014 124.978 476.727 2 406.3 -145.952
2015 134.978 476.727 2 405.054 -133.565
2016 144.978 476.727 2 404.051 -123.516
2017 154.978 476.727 2 403.293 -93.3957
2018 164.978 476.727 2 402.783 -118.621
2019 174.978 476.727 2 402.52 -127.931
2020 184.978 476.727 2 402.506 -133.652
2021 194.978 476.727 2 402.74 -142.653
2022 204.978 476.727 2 403.222 -129.487
2023 214.978 476.727 2 403.951 -131.565
2024 224.978 476.727 2 404.926 -100.209
2025 234.978 476.727 2 406.144 -102.803
2026 244.978 476.727 2 407.605 -122.769
2027 254.978 476.727 2 409.305 -121.067
2028 264.978 476.727 2 411.24 -128.207
2029 274.978 476.727 2 413.409 -116.234
2030 284.978 476.727 2 415.807 -93.2161
2031 294.978 476.727 2 418.431 -96.1325
2032 304.978 476.727 2 421.275 -250
2033 314.978 476.727 2 424.336 -250
2034 324.978 476.727 2 427.609 -250
2035 334.978 476.727 2 431.089 -250
2036 344.978 476.727 2 434.772 -250
2037 354.978 476.727 2 438.651 -250
2038 364.978 476.727 2 442.723 -250
2039 374.978 476.727 2 446.981 -250
2040 384.978 476.727 2 451.421 -250
2041 394.978 476.727 2 456.036 -250
2042 404.978 476.727 2 460.823 -250
2043 414.978 476.727 2 465.775 -250
2044 424.978 476.727 2 470.887 -250
2045 434.978 476.727 2 476.154 -250
2046 444.978 476.727 2 481.572 -250
2047 454.978 476.727 2 487.134 -250
2048 464.978 476.727 2 492.837 -113.448
2049 474.978 476.727 2 498.675 -103.656
2050 484.978 476.727 2 504.644 -250
2051 84.9784 486.727 2 423.229 -91.8865
2052 94.9784 486.727 2 421.084 -102.843
2053 104.978 486.727 2 419.166 -133.049
2054 114.978 486.727 2 417.479 -131.963
2055 124.978 486.727 2 416.025 -127.447
2056 134.978 486.727 2 414.808 -132.737
2057 144.978 486.727 2 413.828 -106.509
2058 154.978 486.727 2 413.089 -105.945
2059 164.978 486.727 2 412.59 -118.175
2060 174.978 486.727 2 412.334 -131.242
2061 184.978 486.727 2 412.32 -131.067
2062 194.978 486.727 2 412.549 -128.963
2063 204.978 486.727 2 413.019 -136.785
2064 214.978 486.727 2 413.731 -134.056
2065 224.978 486.727 2 414.683 -103.286
2066 234.978 486.727 2 415.873 -94.5849
2067 244.978 486.727 2 417.299 -124.401
2068 254.978 486.727 2 418.96 -120.742
2069 264.978 486.727 2 420.851 -119.599
2070 274.978 486.727 2 422.971 -100.358
2071 284.978 486.727 2 425.315 -96.0426
2072 294.978 486.727 2 427.88 -93.1975
2073 304.978 486.727 2 430.662 -105.923
2074 314.978 486.727 2 433.657 -124.247
2075 324.978 486.727 2 436.86 -136.434
2076 334.978 486.727 2 440.267 -136.163
2077 344.978 486.727 2 443.873 -135.436
2078 354.978 486.727 2 447.674 -138.264
2079 364.978 486.727 2 451.664 -149.132
2080 374.978 486.727 2 455.839 -143.758
2081 384.978 486.727 2 460.193 -142.056
2082 394.978 486.727 2 464.721 -140.851
2083 404.978 486.727 2 469.419 -142.856
2084 414.978 486.727 2 474.281 -146.481
2085 424.978 486.727 2 479.303 -145.919
2086 434.978 486.727 2 484.479 -144.003
2087 444.978 486.727 2 489.804 -148.94
2088 454.978 486.727 2 495.275 -153.974
2089 464.978 486.727 2 500.885 -119.162
2090 474.978 486.727 2 506.63 -124.975
2091 484.978 486.727 2 512.506 -106.102
2092 84.9784 496.727 2 432.805 -92.8334
2093 94.9784 496.727 2 430.707 -101.928
2094 104.978 496.727 2 428.832 -250
2095 114.978 496.727 2 427.183 -250
2096 124.978 496.727 2 425.763 -250
2097 134.978 496.727 2 424.573 -250
2098 144.978 496.727 2 423.616 -250
2099 154.978 496.727 2 422.894 -250
2100 164.978 496.727 2 422.407 -250
2101 174.978 496.727 2 422.157 -250
2102 184.978 496.727 2 422.143 -250
2103 194.978 496.727 2 422.366 -250
2104 204.978 496.727 2 422.826 -130.365
2105 214.978 496.727 2 423.521 -132.488
2106 224.978 496.727 2 424.451 -97.2613
2107 234.978 496.727 2 425.614 -250
2108 244.978 496.727 2 427.008 -250
2109 254.978 496.727 2 428.631 -250
2110 264.978 496.727 2 430.48 -250
2111 274.978 496.727 2 432.552 -95.0195
2112 284.978 496.727 2 434.844 -95.0907
2113 294.978 496.727 2 437.354 -93.2144
2114 304.978 496.727 2 440.076 -96.89
2115 314.978 496.727 2 443.007 -112.839
2116 324.978 496.727 2 446.143 -123.065
2117 334.978 496.727 2 449.48 -133.635
2118 344.978 496.727 2 453.013 -141.328
2119 354.978 496.727 2 456.737 -142.534
2120 364.978 496.727 2 460.649 -155.582
2121 374.978 496.727 2 464.743 -145.091
2122 384.978 496.727 2 469.014 -160.98
2123 394.978 496.727 2 473.459 -150.108
2124 404.978 496.727 2 478.071 -152.791
2125 414.978 496.727 2 482.846 -146.192
2126 424.978 496.727 2 487.779 -142.43
2127 434.978 496.727 2 492.866 -149.466
2128 444.978 496.727 2 498.102 -143.166
2129 454.978 496.727 2 503.482 -121.953
2130 464.978 496.727 2 509.001 -106.569
2131 474.978 496.727 2 514.656 -124.635
2132 484.978 496.727 2 520.441 -103.006
2133 84.9784 506.727 2 442.399 -93.0078
2134 94.9784 506.727 2 440.347 -102.423
2135 104.978 506.727 2 438.513 -250
2136 114.978 506.727 2 436.901 -250
2137 124.978 506.727 2 435.512 -250
2138 134.978 506.727 2 434.349 -250
2139 144.978 506.727 2 433.414 -250
2140 154.978 506.727 2 432.708 -250
2141 164.978 506.727 2 432.232 -250
2142 174.978 506.727 2 431.988 -250
2143 184.978 506.727 2 431.974 -250
2144 194.978 506.727 2 432.193 -250
2145 204.978 506.727 2 432.642 -124.923
2146 214.978 506.727 2 433.321 -111.816
2147 224.978 506.727 2 434.23 -95.5333
2148 234.978 506.727 2 435.367 -250
2149 244.978 506.727 2 436.73 -250
2150 254.978 506.727 2 438.316 -250
2151 264.978 506.727 2 440.125 -250
2152 274.978 506.727 2 442.152 -95.7787
2153 284.978 506.727 2 444.395 -94.7485
2154 294.978 506.727 2 446.85 -250
2155 304.978 506.727 2 449.515 -250
2156 314.978 506.727 2 452.385 -250
2157 324.978 506.727 2 455.457 -250
2158 334.978 506.727 2 458.726 -250
2159 344.978 506.727 2 462.188 -250
2160 354.978 506.727 2 465.839 -250
2161 364.978 506.727 2 469.675 -250
2162 374.978 506.727 2 473.691 -250
2163 384.978 506.727 2 477.882 -250
2164 394.978 506.727 2 482.245 -250
2165 404.978 506.727 2 486.774 -250
2166 414.978 506.727 2 491.464 -250
2167 424.978 506.727 2 496.312 -174.701
2168 434.978 506.727 2 501.312 -142.021
2169 444.978 506.727 2 506.461 -125.767
2170 454.978 506.727 2 511.753 -108.991
2171 464.978 506.727 2 517.184 -123.175
2172 474.978 506.727 2 522.75 -143.069
2173 484.978 506.727 2 528.447 -250
2174 84.9784 516.727 2 452.011 -90.7784
2175 94.9784 516.727 2 450.003 -101.621
2176 104.978 516.727 2 448.209 -250
2177 114.978 516.727 2 446.631 -250
2178 124.978 516.727 2 445.273 -250
2179 134.978 516.727 2 444.136 -250
2180 144.978 516.727 2 443.221 -250
2181 154.978 516.727 2 442.531 -250
2182 164.978 516.727 2 442.066 -250
2183 174.978 516.727 2 441.826 -250
2184 184.978 516.727 2 441.813 -250
2185 194.978 516.727 2 442.026 -250
2186 204.978 516.727 2 442.466 -145.659
2187 214.978 516.727 2 443.13 -110.256
2188 224.978 516.727 2 444.019 -93.8266
2189 234.978 516.727 2 445.131 -250
2190 244.978 516.727 2 446.464 -250
2191 254.978 516.727 2 448.016 -250
2192 264.978 516.727 2 449.785 -250
2193 274.978 516.727 2 451.769 -95.5423
2194 284.978 516.727 2 453.964 -104.644
2195 294.978 516.727 2 456.368 -250
2196 304.978 516.727 2 458.978 -250
2197 314.978 516.727 2 461.789 -250
2198 324.978 516.727 2 464.799 -250
2199 334.978 516.727 2 468.002 -250
2200 344.978 516.727 2 471.396 -250
2201 354.978 516.727 2 474.977 -250
2202 364.978 516.727 2 478.74 -250
2203 374.978 516.727 2 482.68 -250
2204 384.978 516.727 2 486.794 -250
2205 394.978 516.727 2 491.077 -250
2206 404.978 516.727 2 495.525 -250
2207 414.978 516.727 2 500.134 -250
2208 424.978 516.727 2 504.898 -147.261
2209 434.978 516.727 2 509.815 -129.075
2210 444.978 516.727 2 514.878 -111.472
2211 454.978 516.727 2 520.085 -109.993
2212 464.978 516.727 2 525.43 -129.467
2213 474.978 516.727 2 530.909 -121.763
2214 484.978 516.727 2 536.52 -250
2215 84.9784 526.727 2 461.64 -93.5101
2216 94.9784 526.727 2 459.673 -108.78
2217 104.978 526.727 2 457.917 -250
2218 114.978 526.727 2 456.373 -250
2219 124.978 526.727 2 455.044 -250
2220 134.978 526.727 2 453.931 -250
2221 144.978 526.727 2 453.036 -250
2222 154.978 526.727 2 452.361 -250
2223 164.978 526.727 2 451.906 -250
2224 174.978 526.727 2 451.672 -250
2225 184.978 526.727 2 451.659 -250
2226 194.978 526.727 2 451.868 -250
2227 204.978 526.727 2 452.297 -129.752
2228 214.978 526.727 2 452.947 -108.868
2229 224.978 526.727 2 453.817 -91.6938
2230 234.978 526.727 2 454.905 -250
2231 244.978 526.727 2 456.209 -250
2232 254.978 526.727 2 457.728 -250
2233 264.978 526.727 2 459.46 -250
2234 274.978 526.727 2 461.402 -94.0039
2235 284.978 526.727 2 463.552 -107.733
2236 294.978 526.727 2 465.907 -250
2237 304.978 526.727 2 468.463 -250
2238 314.978 526.727 2 471.218 -250
2239 324.978 526.727 2 474.167 -250
2240 334.978 526.727 2 477.308 -250
2241 344.978 526.727 2 480.637 -250
2242 354.978 526.727 2 484.149 -250
2243 364.978 526.727 2 487.841 -250
2244 374.978 526.727 2 491.708 -250
2245 384.978 526.727 2 495.747 -250
2246 394.978 526.727 2 499.954 -250
2247 404.978 526.727 2 504.324 -250
2248 414.978 526.727 2 508.853 -250
2249 424.978 526.727 2 513.536 -133.38
2250 434.978 526.727 2 518.371 -119.975
2251 444.978 526.727 2 523.351 -109.66
2252 454.978 526.727 2 528.474 -133.154
2253 464.978 526.727 2 533.735 -119.253
2254 474.978 526.727 2 539.131 -133.966
2255 484.978 526.727 2 544.656 -250
2256 84.9784 536.727 2 471.283 -92.4826
2257 94.9784 536.727 2 469.358 -108.436
2258 104.978 536.727 2 467.638 -250
2259 114.978 536.727 2 466.126 -250
2260 124.978 536.727 2 464.825 -250
2261 134.978 536.727 2 463.735 -250
2262 144.978 536.727 2 462.86 -250
2263 154.978 536.727 2 462.199 -250
2264 164.978 536.727 2 461.753 -250
2265 174.978 536.727 2 461.524 -250
2266 184.978 536.727 2 461.512 -250
2267 194.978 536.727 2 461.716 -250
2268 204.978 536.727 2 462.136 -127.595
2269 214.978 536.727 2 462.772 -107.733
2270 224.978 536.727 2 463.624 -97.0765
2271 234.978 536.727 2 464.688 -250
2272 244.978 536.727 2 465.965 -250
2273 254.978 536.727 2 467.453 -250
2274 264.978 536.727 2 469.149 -250
2275 274.978 536.727 2 471.051 -95.6987
2276 284.978 536.727 2 473.157 -111.079
2277 294.978 536.727 2 475.464 -250
2278 304.978 536.727 2 477.969 -250
2279 314.978 536.727 2 480.67 -250
2280 324.978 536.727 2 483.561 -250
2281 334.978 536.727 2 486.642 -250
2282 344.978 536.727 2 489.907 -250
2283 354.978 536.727 2 493.353 -250
2284 364.978 536.727 2 496.976 -250
2285 374.978 536.727 2 500.774 -250
2286 384.978 536.727 2 504.74 -250
2287 394.978 536.727 2 508.872 -250
2288 404.978 536.727 2 513.166 -250
2289 414.978 536.727 2 517.618 -250
2290 424.978 536.727 2 522.223 -117.73
2291 434.978 536.727 2 526.977 -113.414
2292 444.978 536.727 2 531.877 -147.548
2293 454.978 536.727 2 536.919 -116.879
2294 464.978 536.727 2 542.098 -124.998
2295 474.978 536.727 2 547.411 -128.391
2296 484.978 536.727 2 552.854 -250
2297 84.9784 546.727 2 480.942 -91.5476
2298 94.9784 546.727 2 479.055 -130.086
2299 104.978 546.727 2 477.37 -250
2300 114.978 546.727 2 475.889 -250
2301 124.978 546.727 2 474.615 -250
2302 134.978 546.727 2 473.548 -250
2303 144.978 546.727 2 472.69 -250
2304 154.978 546.727 2 472.043 -250
2305 164.978 546.727 2 471.607 -250
2306 174.978 546.727 2 471.383 -250
2307 184.978 546.727 2 471.37 -250
2308 194.978 546.727 2 471.57 -250
2309 204.978 546.727 2 471.982 -122.18
2310 214.978 546.727 2 472.605 -104.821
2311 224.978 546.727 2 473.438 -98.745
2312 234.978 546.727 2 474.481 -250
2313 244.978 546.727 2 475.732 -250
2314 254.978 546.727 2 477.189 -250
2315 264.978 546.727 2 478.851 -250
2316 274.978 546.727 2 480.714 -95.9479
2317 284.978 546.727 2 482.778 -115.023
2318 294.978 546.727 2 485.039 -250
2319 304.978 546.727 2 487.495 -250
2320 314.978 546.727 2 490.143 -250
2321 324.978 546.727 2 492.979 -250
2322 334.978 546.727 2 496.001 -250
2323 344.978 546.727 2 499.205 -250
2324 354.978 546.727 2 502.587 -250
2325 364.978 546.727 2 506.145 -250
2326 374.978 546.727 2 509.874 -250
2327 384.978 546.727 2 513.77 -250
2328 394.978 546.727 2 517.83 -250
2329 404.978 546.727 2 522.05 -250
2330 414.978 546.727 2 526.427 -250
2331 424.978 546.727 2 530.955 -113.131
2332 434.978 546.727 2 535.632 -129.87
2333 444.978 546.727 2 540.454 -138.286
2334 454.978 546.727 2 545.416 -132.536
2335 464.978 546.727 2 550.516 -130.585
2336 474.978 546.727 2 555.748 -140.702
2337 484.978 546.727 2 561.11 -250
2338 84.9784 556.727 2 490.614 -93.2743
2339 94.9784 556.727 2 488.764 -185.82
2340 104.978 556.727 2 487.113 -155.482
2341 114.978 556.727 2 485.662 -157.035
2342 124.978 556.727 2 484.413 -159.36
2343 134.978 556.727 2 483.368 -162.227
2344 144.978 556.727 2 482.528 -161.86
2345 154.978 556.727 2 481.894 -167.891
2346 164.978 556.727 2 481.467 -168.262
2347 174.978 556.727 2 481.247 -160.399
2348 184.978 556.727 2 481.235 -160.173
2349 194.978 556.727 2 481.431 -158.517
2350 204.978 556.727 2 481.834 -115.622
2351 214.978 556.727 2 482.444 -102.187
2352 224.978 556.727 2 483.261 -93.5952
2353 234.978 556.727 2 484.282 -140.603
2354 244.978 556.727 2 485.508 -147.243
2355 254.978 556.727 2 486.936 -150.273
2356 264.978 556.727 2 488.564 -124.767
2357 274.978 556.727 2 490.391 -99.9976
2358 284.978 556.727 2 492.414 -110.098
2359 294.978 556.727 2 494.631 -135.559
2360 304.978 556.727 2 497.04 -158.091
2361 314.978 556.727 2 499.637 -162.733
2362 324.978 556.727 2 502.42 -163.376
2363 334.978 556.727 2 505.385 -167.485
2364 344.978 556.727 2 508.53 -162.791
2365 354.978 556.727 2 511.851 -165.979
2366 364.978 556.727 2 515.344 -169.836
2367 374.978 556.727 2 519.007 -169.488
2368 384.978 556.727 2 522.835 -165.04
2369 394.978 556.727 2 526.825 -179.421
2370 404.978 556.727 2 530.974 -180.416
2371 414.978 556.727 2 535.278 -165.571
2372 424.978 556.727 2 539.732 -126.382
2373 434.978 556.727 2 544.334 -122.196
2374 444.978 556.727 2 549.079 -132.62
2375 454.978 556.727 2 553.964 -128.131
2376 464.978 556.727 2 558.985 -132.203
2377 474.978 556.727 2 564.139 -138.778
2378 484.978 556.727 2 569.422 -143.655
2379 84.9784 566.727 2 500.299 -93.9162
2380 94.9784 566.727 2 498.485 -167.377
2381 104.978 566.727 2 496.866 -143.142
2382 114.978 566.727 2 495.444 -143.47
2383 124.978 566.727 2 494.22 -144.111
2384 134.978 566.727 2 493.195 -146.893
2385 144.978 566.727 2 492.372 -149.562
2386 154.978 566.727 2 491.75 -149.196
2387 164.978 566.727 2 491.332 -150.204
2388 174.978 566.727 2 491.117 -153.111
2389 184.978 566.727 2 491.105 -148.243
2390 194.978 566.727 2 491.297 -129.279
2391 204.978 566.727 2 491.692 -116.368
2392 214.978 566.727 2 492.29 -101.047
2393 224.978 566.727 2 493.09 -101.367
2394 234.978 566.727 2 494.091 -135.562
2395 244.978 566.727 2 495.293 -139.597
2396 254.978 566.727 2 496.692 -131.923
2397 264.978 566.727 2 498.289 -97.3455
2398 274.978 566.727 2 500.08 -98.9747
2399 284.978 566.727 2 502.065 -100.544
2400 294.978 566.727 2 504.239 -134.166
2401 304.978 566.727 2 506.602 -138.807
2402 314.978 566.727 2 509.151 -154.892
2403 324.978 566.727 2 511.882 -158.01
2404 334.978 566.727 2 514.792 -159.514
2405 344.978 566.727 2 517.88 -158.951
2406 354.978 566.727 2 521.141 -163.504
2407 364.978 566.727 2 524.573 -167.22
2408 374.978 566.727 2 528.172 -164.384
2409 384.978 566.727 2 531.934 -167.335
2410 394.978 566.727 2 535.856 -156.79
2411 404.978 566.727 2 539.936 -157.003
2412 414.978 566.727 2 544.168 -114.701
2413 424.978 566.727 2 548.55 -127.858
2414 434.978 566.727 2 553.079 -121.168
2415 444.978 566.727 2 557.75 -138.224
2416 454.978 566.727 2 562.559 -140.347
2417 464.978 566.727 2 567.505 -136.163
2418 474.978 566.727 2 572.582 -127.272
2419 484.978 566.727 2 577.788 -132.254
2420 84.9784 576.727 2 509.996 -93.0557
2421 94.9784 576.727 2 508.217 -119.092
2422 104.978 576.727 2 506.629 -137.902
2423 114.978 576.727 2 505.234 -137.729
2424 124.978 576.727 2 504.034 -138.653
2425 134.978 576.727 2 503.029 -140.664
2426 144.978 576.727 2 502.222 -142.187
2427 154.978 576.727 2 501.613 -146.034
2428 164.978 576.727 2 501.203 -146.328
2429 174.978 576.727 2 500.992 -142.826
2430 184.978 576.727 2 500.98 -143.001
2431 194.978 576.727 2 501.168 -125.415
2432 204.978 576.727 2 501.556 -117.306
2433 214.978 576.727 2 502.142 -101.663
2434 224.978 576.727 2 502.926 -95.6495
2435 234.978 576.727 2 503.908 -111.133
2436 244.978 576.727 2 505.086 -128.003
2437 254.978 576.727 2 506.459 -117.967
2438 264.978 576.727 2 508.024 -104.79
2439 274.978 576.727 2 509.782 -98.9228
2440 284.978 576.727 2 511.728 -101.429
2441 294.978 576.727 2 513.862 -114.382
2442 304.978 576.727 2 516.181 -137.611
2443 314.978 576.727 2 518.682 -142.241
2444 324.978 576.727 2 521.363 -156.429
2445 334.978 576.727 2 524.222 -155.934
2446 344.978 576.727 2 527.254 -157.867
2447 354.978 576.727 2 530.458 -161.903
2448 364.978 576.727 2 533.829 -162.357
2449 374.978 576.727 2 537.366 -167.246
2450 384.978 576.727 2 541.064 -159.834
2451 394.978 576.727 2 544.921 -152.223
2452 404.978 576.727 2 548.933 -113.152
2453 414.978 576.727 2 553.097 -142.817
2454 424.978 576.727 2 557.409 -116.14
2455 434.978 576.727 2 561.866 -132.45
2456 444.978 576.727 2 566.464 -132.668
2457 454.978 576.727 2 571.201 -132.281
2458 464.978 576.727 2 576.072 -135.709
2459 474.978 576.727 2 581.074 -130.082
2460 484.978 576.727 2 586.204 -132.201
2461 84.9784 586.727 2 519.705 -96.3345
2462 94.9784 586.727 2 517.959 -121.042
2463 104.978 586.727 2 516.401 -137.638
2464 114.978 586.727 2 515.033 -140.388
2465 124.978 586.727 2 513.855 -140.163
2466 134.978 586.727 2 512.87 -140.233
2467 144.978 586.727 2 512.078 -138.541
2468 154.978 586.727 2 511.481 -137.18
2469 164.978 586.727 2 511.078 -139.101
2470 174.978 586.727 2 510.871 -135.217
2471 184.978 586.727 2 510.86 -128.192
2472 194.978 586.727 2 511.045 -121.454
2473 204.978 586.727 2 511.424 -125.086
2474 214.978 586.727 2 511.999 -100.513
2475 224.978 586.727 2 512.769 -96.7488
2476 234.978 586.727 2 513.732 -113.436
2477 244.978 586.727 2 514.887 -119.898
2478 254.978 586.727 2 516.234 -102.905
2479 264.978 586.727 2 517.77 -110.202
2480 274.978 586.727 2 519.494 -110.254
2481 284.978 586.727 2 521.405 -100.253
2482 294.978 586.727 2 523.499 -109.801
2483 304.978 586.727 2 525.775 -138.645
2484 314.978 586.727 2 528.231 -138.741
2485 324.978 586.727 2 530.864 -139.416
2486 334.978 586.727 2 533.671 -152.081
2487 344.978 586.727 2 536.65 -155.374
2488 354.978 586.727 2 539.798 -157.477
2489 364.978 586.727 2 543.112 -156.093
2490 374.978 586.727 2 546.589 -163.548
2491 384.978 586.727 2 550.225 -151.085
2492 394.978 586.727 2 554.018 -112.44
2493 404.978 586.727 2 557.965 -139.438
2494 414.978 586.727 2 562.061 -120.219
2495 424.978 586.727 2 566.305 -125.05
2496 434.978 586.727 2 570.693 -130.321
2497 444.978 586.727 2 575.22 -130.579
2498 454.978 586.727 2 579.885 -115.848
2499 464.978 586.727 2 584.684 -127.327
2500 474.978 586.727 2 589.613 -140.041
2501 484.978 586.727 2 594.67 -135.571
