# <Transmitter Set: Tx: 19 tx_ant_grid_80_m - Point 19> 
# <Receiver Set: Rx: 17 rx_ant_grid> 
# <X(m)> <Y(m)> <Z(m)> <Distance(m)> <PathGain(dB)>
1 84.9784 -13.2734 2 424.926 -94.4787
2 94.9784 -13.2734 2 418.032 -94.8675
3 104.978 -13.2734 2 411.265 -108.038
4 114.978 -13.2734 2 404.633 -116.268
5 124.978 -13.2734 2 398.141 -91.9559
6 134.978 -13.2734 2 391.796 -92.6065
7 144.978 -13.2734 2 385.607 -88.6663
8 154.978 -13.2734 2 379.581 -102.536
9 164.978 -13.2734 2 373.724 -127.324
10 174.978 -13.2734 2 368.047 -120.431
11 184.978 -13.2734 2 362.556 -123.858
12 194.978 -13.2734 2 357.261 -129.493
13 204.978 -13.2734 2 352.17 -126.988
14 214.978 -13.2734 2 347.293 -125.066
15 224.978 -13.2734 2 342.638 -126.128
16 234.978 -13.2734 2 338.215 -122.147
17 244.978 -13.2734 2 334.033 -122.046
18 254.978 -13.2734 2 330.1 -90.2753
19 264.978 -13.2734 2 326.427 -90.7697
20 274.978 -13.2734 2 323.022 -89.0053
21 284.978 -13.2734 2 319.893 -94.1029
22 294.978 -13.2734 2 317.049 -110.811
23 304.978 -13.2734 2 314.498 -111.923
24 314.978 -13.2734 2 312.245 -105.945
25 324.978 -13.2734 2 310.299 -110.967
26 334.978 -13.2734 2 308.665 -123.748
27 344.978 -13.2734 2 307.348 -92.4642
28 354.978 -13.2734 2 306.351 -108.146
29 364.978 -13.2734 2 305.679 -120.916
30 374.978 -13.2734 2 305.333 -120.965
31 384.978 -13.2734 2 305.314 -96.5981
32 394.978 -13.2734 2 305.622 -96.8618
33 404.978 -13.2734 2 306.257 -95.0484
34 414.978 -13.2734 2 307.217 -100.504
35 424.978 -13.2734 2 308.497 -93.6562
36 434.978 -13.2734 2 310.095 -100.672
37 444.978 -13.2734 2 312.006 -115.056
38 454.978 -13.2734 2 314.223 -131.022
39 464.978 -13.2734 2 316.74 -131.345
40 474.978 -13.2734 2 319.551 -92.7409
41 484.978 -13.2734 2 322.647 -93.6333
42 84.9784 -3.2734 2 418.042 -93.053
43 94.9784 -3.2734 2 411.032 -94.4068
44 104.978 -3.2734 2 404.149 -105.552
45 114.978 -3.2734 2 397.397 -119.215
46 124.978 -3.2734 2 390.785 -125.466
47 134.978 -3.2734 2 384.32 -92.1174
48 144.978 -3.2734 2 378.008 -90.79
49 154.978 -3.2734 2 371.858 -91.6896
50 164.978 -3.2734 2 365.878 -115.638
51 174.978 -3.2734 2 360.077 -124.382
52 184.978 -3.2734 2 354.463 -130.517
53 194.978 -3.2734 2 349.045 -130.63
54 204.978 -3.2734 2 343.833 -129.389
55 214.978 -3.2734 2 338.835 -128.194
56 224.978 -3.2734 2 334.063 -130.668
57 234.978 -3.2734 2 329.524 -121.259
58 244.978 -3.2734 2 325.23 -121.19
59 254.978 -3.2734 2 321.19 -109.24
60 264.978 -3.2734 2 317.414 -91.421
61 274.978 -3.2734 2 313.911 -88.5722
62 284.978 -3.2734 2 310.691 -97.5039
63 294.978 -3.2734 2 307.762 -145.623
64 304.978 -3.2734 2 305.132 -140.45
65 314.978 -3.2734 2 302.81 -129.434
66 324.978 -3.2734 2 300.803 -133.895
67 334.978 -3.2734 2 299.117 -149.875
68 344.978 -3.2734 2 297.758 -99.8299
69 354.978 -3.2734 2 296.729 -130.76
70 364.978 -3.2734 2 296.035 -150.499
71 374.978 -3.2734 2 295.677 -142.155
72 384.978 -3.2734 2 295.658 -127.299
73 394.978 -3.2734 2 295.976 -96.6641
74 404.978 -3.2734 2 296.632 -98.9225
75 414.978 -3.2734 2 297.622 -101.57
76 424.978 -3.2734 2 298.944 -100.191
77 434.978 -3.2734 2 300.593 -86.8065
78 444.978 -3.2734 2 302.563 -161.688
79 454.978 -3.2734 2 304.849 -154.008
80 464.978 -3.2734 2 307.443 -152.941
81 474.978 -3.2734 2 310.338 -89.5551
82 484.978 -3.2734 2 313.526 -93.7801
83 84.9784 6.7266 2 411.286 -92.0941
84 94.9784 6.7266 2 404.159 -93.5019
85 104.978 6.7266 2 397.156 -90.7545
86 114.978 6.7266 2 390.284 -107.858
87 124.978 6.7266 2 383.549 -250
88 134.978 6.7266 2 376.96 -96.8203
89 144.978 6.7266 2 370.523 -123.304
90 154.978 6.7266 2 364.246 -107.136
91 164.978 6.7266 2 358.14 -110.921
92 174.978 6.7266 2 352.211 -134.019
93 184.978 6.7266 2 346.469 -135.449
94 194.978 6.7266 2 340.924 -137.253
95 204.978 6.7266 2 335.586 -137.695
96 214.978 6.7266 2 330.464 -133.201
97 224.978 6.7266 2 325.569 -141.907
98 234.978 6.7266 2 320.91 -134.366
99 244.978 6.7266 2 316.499 -131.903
100 254.978 6.7266 2 312.346 -123.767
101 264.978 6.7266 2 308.462 -90.3305
102 274.978 6.7266 2 304.856 -85.7124
103 284.978 6.7266 2 301.539 -99.0746
104 294.978 6.7266 2 298.52 -250
105 304.978 6.7266 2 295.809 -250
106 314.978 6.7266 2 293.413 -250
107 324.978 6.7266 2 291.341 -250
108 334.978 6.7266 2 289.6 -250
109 344.978 6.7266 2 288.196 -250
110 354.978 6.7266 2 287.133 -250
111 364.978 6.7266 2 286.415 -250
112 374.978 6.7266 2 286.046 -250
113 384.978 6.7266 2 286.025 -250
114 394.978 6.7266 2 286.355 -96.0591
115 404.978 6.7266 2 287.032 -94.2267
116 414.978 6.7266 2 288.056 -100.91
117 424.978 6.7266 2 289.421 -105.273
118 434.978 6.7266 2 291.124 -84.4699
119 444.978 6.7266 2 293.158 -250
120 454.978 6.7266 2 295.516 -250
121 464.978 6.7266 2 298.192 -250
122 474.978 6.7266 2 301.176 -94.0574
123 484.978 6.7266 2 304.459 -95.8991
124 84.9784 16.7266 2 404.664 -91.5298
125 94.9784 16.7266 2 397.419 -92.8151
126 104.978 16.7266 2 390.295 -91.2043
127 114.978 16.7266 2 383.3 -95.2568
128 124.978 16.7266 2 376.44 -250
129 134.978 16.7266 2 369.724 -110.946
130 144.978 16.7266 2 363.158 -121.447
131 154.978 16.7266 2 356.753 -129.904
132 164.978 16.7266 2 350.515 -114.792
133 174.978 16.7266 2 344.455 -147.445
134 184.978 16.7266 2 338.582 -133.463
135 194.978 16.7266 2 332.906 -250
136 204.978 16.7266 2 327.437 -250
137 214.978 16.7266 2 322.185 -250
138 224.978 16.7266 2 317.162 -250
139 234.978 16.7266 2 312.379 -250
140 244.978 16.7266 2 307.846 -250
141 254.978 16.7266 2 303.574 -250
142 264.978 16.7266 2 299.576 -86.138
143 274.978 16.7266 2 295.862 -88.6168
144 284.978 16.7266 2 292.443 -102.239
145 294.978 16.7266 2 289.329 -250
146 304.978 16.7266 2 286.531 -250
147 314.978 16.7266 2 284.057 -250
148 324.978 16.7266 2 281.916 -101.628
149 334.978 16.7266 2 280.116 -103.618
150 344.978 16.7266 2 278.664 -250
151 354.978 16.7266 2 277.565 -250
152 364.978 16.7266 2 276.822 -250
153 374.978 16.7266 2 276.44 -250
154 384.978 16.7266 2 276.419 -111.951
155 394.978 16.7266 2 276.76 -110.591
156 404.978 16.7266 2 277.461 -95.3137
157 414.978 16.7266 2 278.519 -95.9619
158 424.978 16.7266 2 279.931 -101.867
159 434.978 16.7266 2 281.691 -89.5828
160 444.978 16.7266 2 283.793 -250
161 454.978 16.7266 2 286.229 -250
162 464.978 16.7266 2 288.99 -250
163 474.978 16.7266 2 292.068 -94.1225
164 484.978 16.7266 2 295.453 -93.2102
165 84.9784 26.7266 2 398.184 -90.6022
166 94.9784 26.7266 2 390.818 -92.9837
167 104.978 26.7266 2 383.572 -91.1711
168 114.978 26.7266 2 376.451 -94.4467
169 124.978 26.7266 2 369.465 -102.138
170 134.978 26.7266 2 362.619 -128.164
171 144.978 26.7266 2 355.923 -140.378
172 154.978 26.7266 2 349.385 -130.273
173 164.978 26.7266 2 343.013 -161.818
174 174.978 26.7266 2 336.818 -117.566
175 184.978 26.7266 2 330.81 -139.17
176 194.978 26.7266 2 324.998 -250
177 204.978 26.7266 2 319.393 -250
178 214.978 26.7266 2 314.007 -250
179 224.978 26.7266 2 308.851 -250
180 234.978 26.7266 2 303.936 -250
181 244.978 26.7266 2 299.276 -250
182 254.978 26.7266 2 294.88 -250
183 264.978 26.7266 2 290.763 -85.3243
184 274.978 26.7266 2 286.934 -89.9754
185 284.978 26.7266 2 283.407 -99.8981
186 294.978 26.7266 2 280.193 -250
187 304.978 26.7266 2 277.303 -250
188 314.978 26.7266 2 274.746 -94.3841
189 324.978 26.7266 2 272.532 -100.602
190 334.978 26.7266 2 270.67 -97.3073
191 344.978 26.7266 2 269.167 -118.242
192 354.978 26.7266 2 268.028 -115.618
193 364.978 26.7266 2 267.26 -250
194 374.978 26.7266 2 266.864 -250
195 384.978 26.7266 2 266.842 -136.132
196 394.978 26.7266 2 267.195 -130.097
197 404.978 26.7266 2 267.921 -105.378
198 414.978 26.7266 2 269.017 -93.5182
199 424.978 26.7266 2 270.478 -103.401
200 434.978 26.7266 2 272.3 -89.2294
201 444.978 26.7266 2 274.473 -88.9518
202 454.978 26.7266 2 276.991 -250
203 464.978 26.7266 2 279.844 -250
204 474.978 26.7266 2 283.021 -101.389
205 484.978 26.7266 2 286.513 -92.4808
206 84.9784 36.7266 2 391.851 -91.1248
207 94.9784 36.7266 2 384.364 -92.5552
208 104.978 36.7266 2 376.994 -91.0354
209 114.978 36.7266 2 369.747 -96.3099
210 124.978 36.7266 2 362.631 -107.54
211 134.978 36.7266 2 355.654 -115.856
212 144.978 36.7266 2 348.824 -129.161
213 154.978 36.7266 2 342.15 -124.593
214 164.978 36.7266 2 335.641 -129.089
215 174.978 36.7266 2 329.308 -140.377
216 184.978 36.7266 2 323.159 -146.561
217 194.978 36.7266 2 317.207 -130.571
218 204.978 36.7266 2 311.463 -113.305
219 214.978 36.7266 2 305.937 -110.4
220 224.978 36.7266 2 300.643 -250
221 234.978 36.7266 2 295.592 -250
222 244.978 36.7266 2 290.797 -250
223 254.978 36.7266 2 286.271 -250
224 264.978 36.7266 2 282.028 -85.2397
225 274.978 36.7266 2 278.08 -89.6772
226 284.978 36.7266 2 274.439 -111.681
227 294.978 36.7266 2 271.119 -250
228 304.978 36.7266 2 268.13 -250
229 314.978 36.7266 2 265.485 -99.8232
230 324.978 36.7266 2 263.193 -102.832
231 334.978 36.7266 2 261.265 -107.064
232 344.978 36.7266 2 259.707 -110.78
233 354.978 36.7266 2 258.527 -108.639
234 364.978 36.7266 2 257.73 -98.2566
235 374.978 36.7266 2 257.319 -95.3398
236 384.978 36.7266 2 257.297 -250
237 394.978 36.7266 2 257.663 -250
238 404.978 36.7266 2 258.416 -111.603
239 414.978 36.7266 2 259.552 -100.836
240 424.978 36.7266 2 261.066 -91.733
241 434.978 36.7266 2 262.953 -95.6683
242 444.978 36.7266 2 265.203 -83.9991
243 454.978 36.7266 2 267.808 -250
244 464.978 36.7266 2 270.757 -250
245 474.978 36.7266 2 274.04 -105.151
246 484.978 36.7266 2 277.644 -89.6287
247 84.9784 46.7266 2 385.674 -91.6158
248 94.9784 46.7266 2 378.064 -91.9368
249 104.978 46.7266 2 370.569 -93.6414
250 114.978 46.7266 2 363.194 -105.718
251 124.978 46.7266 2 355.947 -119.086
252 134.978 46.7266 2 348.836 -110.147
253 144.978 46.7266 2 341.87 -111.298
254 154.978 46.7266 2 335.058 -250
255 164.978 46.7266 2 328.408 -250
256 174.978 46.7266 2 321.932 -250
257 184.978 46.7266 2 315.641 -250
258 194.978 46.7266 2 309.544 -250
259 204.978 46.7266 2 303.654 -120.896
260 214.978 46.7266 2 297.984 -105.086
261 224.978 46.7266 2 292.546 -107.968
262 234.978 46.7266 2 287.352 -115.04
263 244.978 46.7266 2 282.418 -94.4698
264 254.978 46.7266 2 277.756 -88.0859
265 264.978 46.7266 2 273.38 -90.341
266 274.978 46.7266 2 269.305 -91.4129
267 284.978 46.7266 2 265.544 -90.9113
268 294.978 46.7266 2 262.111 -250
269 304.978 46.7266 2 259.019 -250
270 314.978 46.7266 2 256.28 -250
271 324.978 46.7266 2 253.905 -250
272 334.978 46.7266 2 251.905 -250
273 344.978 46.7266 2 250.289 -250
274 354.978 46.7266 2 249.065 -250
275 364.978 46.7266 2 248.237 -100.295
276 374.978 46.7266 2 247.811 -96.4426
277 384.978 46.7266 2 247.788 -250
278 394.978 46.7266 2 248.168 -250
279 404.978 46.7266 2 248.949 -116.717
280 414.978 46.7266 2 250.128 -114.648
281 424.978 46.7266 2 251.699 -114.024
282 434.978 46.7266 2 253.655 -99.6086
283 444.978 46.7266 2 255.987 -86.8197
284 454.978 46.7266 2 258.685 -250
285 464.978 46.7266 2 261.737 -250
286 474.978 46.7266 2 265.132 -92.4682
287 484.978 46.7266 2 268.856 -94.3515
288 84.9784 56.7266 2 379.659 -96.9242
289 94.9784 56.7266 2 371.927 -96.8303
290 104.978 56.7266 2 364.305 -93.3696
291 114.978 56.7266 2 356.801 -104.419
292 124.978 56.7266 2 349.421 -114.828
293 134.978 56.7266 2 342.175 -98.3709
294 144.978 56.7266 2 335.07 -105.4
295 154.978 56.7266 2 328.117 -250
296 164.978 56.7266 2 321.324 -250
297 174.978 56.7266 2 314.702 -250
298 184.978 56.7266 2 308.263 -250
299 194.978 56.7266 2 302.017 -250
300 204.978 56.7266 2 295.978 -115.291
301 214.978 56.7266 2 290.158 -103.185
302 224.978 56.7266 2 284.57 -99.6559
303 234.978 56.7266 2 279.228 -95.5203
304 244.978 56.7266 2 274.148 -99.154
305 254.978 56.7266 2 269.343 -91.4192
306 264.978 56.7266 2 264.828 -90.4196
307 274.978 56.7266 2 260.619 -88.9951
308 284.978 56.7266 2 256.731 -89.2826
309 294.978 56.7266 2 253.178 -250
310 304.978 56.7266 2 249.976 -250
311 314.978 56.7266 2 247.136 -250
312 324.978 56.7266 2 244.673 -250
313 334.978 56.7266 2 242.597 -250
314 344.978 56.7266 2 240.919 -250
315 354.978 56.7266 2 239.646 -250
316 364.978 56.7266 2 238.786 -97.0111
317 374.978 56.7266 2 238.343 -96.5166
318 384.978 56.7266 2 238.318 -250
319 394.978 56.7266 2 238.714 -250
320 404.978 56.7266 2 239.526 -122.341
321 414.978 56.7266 2 240.751 -117.344
322 424.978 56.7266 2 242.383 -105.848
323 434.978 56.7266 2 244.414 -101.839
324 444.978 56.7266 2 246.833 -90.3904
325 454.978 56.7266 2 249.63 -250
326 464.978 56.7266 2 252.791 -250
327 474.978 56.7266 2 256.305 -93.6421
328 484.978 56.7266 2 260.155 -100.055
329 84.9784 66.7266 2 373.816 -112.381
330 94.9784 66.7266 2 365.96 -113.464
331 104.978 66.7266 2 358.211 -110.809
332 114.978 66.7266 2 350.576 -134.614
333 124.978 66.7266 2 343.063 -116.774
334 134.978 66.7266 2 335.679 -119.846
335 144.978 66.7266 2 328.434 -121.482
336 154.978 66.7266 2 321.337 -102.712
337 164.978 66.7266 2 314.398 -109.173
338 174.978 66.7266 2 307.627 -113.27
339 184.978 66.7266 2 301.037 -111.623
340 194.978 66.7266 2 294.638 -112.508
341 204.978 66.7266 2 288.444 -130.227
342 214.978 66.7266 2 282.469 -99.0974
343 224.978 66.7266 2 276.725 -101.811
344 234.978 66.7266 2 271.23 -101.783
345 244.978 66.7266 2 265.996 -98.1664
346 254.978 66.7266 2 261.041 -103.672
347 264.978 66.7266 2 256.38 -88.7588
348 274.978 66.7266 2 252.031 -88.4955
349 284.978 66.7266 2 248.008 -88.992
350 294.978 66.7266 2 244.328 -93.3371
351 304.978 66.7266 2 241.008 -100.444
352 314.978 66.7266 2 238.062 -113.492
353 324.978 66.7266 2 235.503 -117.593
354 334.978 66.7266 2 233.346 -114.91
355 344.978 66.7266 2 231.6 -118.861
356 354.978 66.7266 2 230.276 -119.78
357 364.978 66.7266 2 229.381 -105.692
358 374.978 66.7266 2 228.92 -113.706
359 384.978 66.7266 2 228.895 -123.889
360 394.978 66.7266 2 229.306 -141.742
361 404.978 66.7266 2 230.151 -127.379
362 414.978 66.7266 2 231.426 -114.571
363 424.978 66.7266 2 233.124 -110.867
364 434.978 66.7266 2 235.234 -89.8421
365 444.978 66.7266 2 237.747 -99.3495
366 454.978 66.7266 2 240.649 -117.842
367 464.978 66.7266 2 243.927 -105.189
368 474.978 66.7266 2 247.566 -92.9927
369 484.978 66.7266 2 251.55 -90.4316
370 84.9784 76.7266 2 368.151 -110.192
371 94.9784 76.7266 2 360.172 -123.025
372 104.978 76.7266 2 352.296 -130.079
373 114.978 76.7266 2 344.53 -116.944
374 124.978 76.7266 2 336.882 -129.05
375 134.978 76.7266 2 329.359 -114.528
376 144.978 76.7266 2 321.972 -111.32
377 154.978 76.7266 2 314.729 -107.462
378 164.978 76.7266 2 307.641 -112.289
379 174.978 76.7266 2 300.718 -118.358
380 184.978 76.7266 2 293.973 -111.399
381 194.978 76.7266 2 287.417 -107.898
382 204.978 76.7266 2 281.064 -97.7595
383 214.978 76.7266 2 274.928 -97.1988
384 224.978 76.7266 2 269.024 -94.0219
385 234.978 76.7266 2 263.368 -95.4179
386 244.978 76.7266 2 257.975 -93.9247
387 254.978 76.7266 2 252.863 -115.401
388 264.978 76.7266 2 248.048 -87.4706
389 274.978 76.7266 2 243.55 -89.7093
390 284.978 76.7266 2 239.384 -87.9173
391 294.978 76.7266 2 235.57 -90.9386
392 304.978 76.7266 2 232.125 -97.8223
393 314.978 76.7266 2 229.064 -102.509
394 324.978 76.7266 2 226.404 -109.312
395 334.978 76.7266 2 224.159 -113.632
396 344.978 76.7266 2 222.342 -113.075
397 354.978 76.7266 2 220.962 -113.765
398 364.978 76.7266 2 220.029 -110.718
399 374.978 76.7266 2 219.548 -112.384
400 384.978 76.7266 2 219.522 -135.777
401 394.978 76.7266 2 219.95 -138.953
402 404.978 76.7266 2 220.832 -117.369
403 414.978 76.7266 2 222.16 -116.473
404 424.978 76.7266 2 223.928 -107.416
405 434.978 76.7266 2 226.124 -87.0576
406 444.978 76.7266 2 228.737 -105.755
407 454.978 76.7266 2 231.752 -94.1854
408 464.978 76.7266 2 235.154 -96.3999
409 474.978 76.7266 2 238.927 -92.7324
410 484.978 76.7266 2 243.053 -93.2142
411 84.9784 86.7266 2 362.674 -90.93
412 94.9784 86.7266 2 354.571 -123.741
413 104.978 86.7266 2 346.568 -250
414 114.978 86.7266 2 338.671 -250
415 124.978 86.7266 2 330.887 -250
416 134.978 86.7266 2 323.225 -114.721
417 144.978 86.7266 2 315.695 -115.498
418 154.978 86.7266 2 308.304 -250
419 164.978 86.7266 2 301.065 -250
420 174.978 86.7266 2 293.987 -250
421 184.978 86.7266 2 287.084 -115.659
422 194.978 86.7266 2 280.367 -99.6711
423 204.978 86.7266 2 273.85 -101.092
424 214.978 86.7266 2 267.549 -96.7747
425 224.978 86.7266 2 261.479 -250
426 234.978 86.7266 2 255.655 -250
427 244.978 86.7266 2 250.096 -250
428 254.978 86.7266 2 244.819 -123.323
429 264.978 86.7266 2 239.844 -116.919
430 274.978 86.7266 2 235.188 -89.2095
431 284.978 86.7266 2 230.872 -83.6779
432 294.978 86.7266 2 226.915 -92.2925
433 304.978 86.7266 2 223.336 -110.162
434 314.978 86.7266 2 220.153 -110.15
435 324.978 86.7266 2 217.384 -111.547
436 334.978 86.7266 2 215.045 -108.104
437 344.978 86.7266 2 213.15 -109.658
438 354.978 86.7266 2 211.71 -109.203
439 364.978 86.7266 2 210.736 -117.82
440 374.978 86.7266 2 210.234 -118.563
441 384.978 86.7266 2 210.206 -250
442 394.978 86.7266 2 210.654 -250
443 404.978 86.7266 2 211.574 -250
444 414.978 86.7266 2 212.961 -135.049
445 424.978 86.7266 2 214.804 -114.061
446 434.978 86.7266 2 217.092 -92.6039
447 444.978 86.7266 2 219.813 -250
448 454.978 86.7266 2 222.949 -250
449 464.978 86.7266 2 226.483 -250
450 474.978 86.7266 2 230.398 -89.4801
451 484.978 86.7266 2 234.673 -94.4802
452 84.9784 96.7266 2 357.392 -103.318
453 94.9784 96.7266 2 349.167 -102.796
454 104.978 96.7266 2 341.037 -115.877
455 114.978 96.7266 2 333.009 -110.076
456 124.978 96.7266 2 325.09 -114.921
457 134.978 96.7266 2 317.288 -107.604
458 144.978 96.7266 2 309.613 -145.809
459 154.978 96.7266 2 302.074 -250
460 164.978 96.7266 2 294.681 -250
461 174.978 96.7266 2 287.447 -250
462 184.978 96.7266 2 280.382 -111.384
463 194.978 96.7266 2 273.501 -250
464 204.978 96.7266 2 266.817 -250
465 214.978 96.7266 2 260.345 -250
466 224.978 96.7266 2 254.102 -250
467 234.978 96.7266 2 248.106 -250
468 244.978 96.7266 2 242.374 -250
469 254.978 96.7266 2 236.925 -250
470 264.978 96.7266 2 231.78 -250
471 274.978 96.7266 2 226.959 -86.8147
472 284.978 96.7266 2 222.484 -84.7743
473 294.978 96.7266 2 218.374 -90.1284
474 304.978 96.7266 2 214.653 -110.891
475 314.978 96.7266 2 211.339 -118.495
476 324.978 96.7266 2 208.453 -116.278
477 334.978 96.7266 2 206.013 -124.178
478 344.978 96.7266 2 204.034 -122.556
479 354.978 96.7266 2 202.53 -129.624
480 364.978 96.7266 2 201.511 -119.892
481 374.978 96.7266 2 200.986 -121.185
482 384.978 96.7266 2 200.957 -250
483 394.978 96.7266 2 201.426 -250
484 404.978 96.7266 2 202.388 -250
485 414.978 96.7266 2 203.836 -122.995
486 424.978 96.7266 2 205.761 -99.1719
487 434.978 96.7266 2 208.149 -90.9833
488 444.978 96.7266 2 210.985 -250
489 454.978 96.7266 2 214.25 -250
490 464.978 96.7266 2 217.926 -250
491 474.978 96.7266 2 221.991 -92.142
492 484.978 96.7266 2 226.426 -93.018
493 84.9784 106.727 2 352.316 -100.209
494 94.9784 106.727 2 343.969 -103.027
495 104.978 106.727 2 335.713 -101.925
496 114.978 106.727 2 327.554 -129.697
497 124.978 106.727 2 319.5 -110.062
498 134.978 106.727 2 311.559 -114.49
499 144.978 106.727 2 303.739 -101.069
500 154.978 106.727 2 296.05 -250
501 164.978 106.727 2 288.503 -250
502 174.978 106.727 2 281.11 -250
503 184.978 106.727 2 273.882 -98.3719
504 194.978 106.727 2 266.833 -250
505 204.978 106.727 2 259.977 -250
506 214.978 106.727 2 253.331 -250
507 224.978 106.727 2 246.911 -250
508 234.978 106.727 2 240.735 -250
509 244.978 106.727 2 234.823 -250
510 254.978 106.727 2 229.195 -250
511 264.978 106.727 2 223.873 -250
512 274.978 106.727 2 218.878 -97.5737
513 284.978 106.727 2 214.233 -100.938
514 294.978 106.727 2 209.963 -101.995
515 304.978 106.727 2 206.09 -118.174
516 314.978 106.727 2 202.636 -128.978
517 324.978 106.727 2 199.624 -130.332
518 334.978 106.727 2 197.075 -144.4
519 344.978 106.727 2 195.005 -144.443
520 354.978 106.727 2 193.43 -138.898
521 364.978 106.727 2 192.364 -126.369
522 374.978 106.727 2 191.813 -123.39
523 384.978 106.727 2 191.783 -250
524 394.978 106.727 2 192.274 -250
525 404.978 106.727 2 193.281 -250
526 414.978 106.727 2 194.798 -111.045
527 424.978 106.727 2 196.811 -105.973
528 434.978 106.727 2 199.307 -83.3644
529 444.978 106.727 2 202.266 -250
530 454.978 106.727 2 205.67 -250
531 464.978 106.727 2 209.496 -250
532 474.978 106.727 2 213.722 -104.591
533 484.978 106.727 2 218.325 -96.6827
534 84.9784 116.727 2 347.453 -95.3029
535 94.9784 116.727 2 338.986 -108.463
536 104.978 116.727 2 330.606 -144.134
537 114.978 116.727 2 322.318 -250
538 124.978 116.727 2 314.129 -250
539 134.978 116.727 2 306.049 -250
540 144.978 116.727 2 298.084 -250
541 154.978 116.727 2 290.246 -250
542 164.978 116.727 2 282.544 -250
543 174.978 116.727 2 274.99 -250
544 184.978 116.727 2 267.597 -90.6844
545 194.978 116.727 2 260.378 -250
546 204.978 116.727 2 253.348 -250
547 214.978 116.727 2 246.523 -250
548 224.978 116.727 2 239.921 -250
549 234.978 116.727 2 233.561 -250
550 244.978 116.727 2 227.462 -250
551 254.978 116.727 2 221.647 -250
552 264.978 116.727 2 216.139 -250
553 274.978 116.727 2 210.961 -115.519
554 284.978 116.727 2 206.138 -109.557
555 294.978 116.727 2 201.696 -101.028
556 304.978 116.727 2 197.661 -106.237
557 314.978 116.727 2 194.058 -128.695
558 324.978 116.727 2 190.911 -250
559 334.978 116.727 2 188.243 -250
560 344.978 116.727 2 186.075 -250
561 354.978 116.727 2 184.424 -250
562 364.978 116.727 2 183.305 -250
563 374.978 116.727 2 182.727 -250
564 384.978 116.727 2 182.696 -250
565 394.978 116.727 2 183.211 -250
566 404.978 116.727 2 184.268 -250
567 414.978 116.727 2 185.858 -250
568 424.978 116.727 2 187.967 -93.9935
569 434.978 116.727 2 190.579 -86.8676
570 444.978 116.727 2 193.672 -250
571 454.978 116.727 2 197.224 -250
572 464.978 116.727 2 201.21 -250
573 474.978 116.727 2 205.607 -126.412
574 484.978 116.727 2 210.387 -103.78
575 84.9784 126.727 2 342.812 -91.5983
576 94.9784 126.727 2 334.229 -90.6114
577 104.978 126.727 2 325.726 -121.079
578 114.978 126.727 2 317.31 -250
579 124.978 126.727 2 308.989 -250
580 134.978 126.727 2 300.77 -250
581 144.978 126.727 2 292.662 -250
582 154.978 126.727 2 284.675 -250
583 164.978 126.727 2 276.818 -250
584 174.978 126.727 2 269.103 -250
585 184.978 126.727 2 261.544 -89.0164
586 194.978 126.727 2 254.153 -88.9775
587 204.978 126.727 2 246.946 -93.2954
588 214.978 126.727 2 239.939 -102.687
589 224.978 126.727 2 233.15 -250
590 234.978 126.727 2 226.6 -250
591 244.978 126.727 2 220.309 -250
592 254.978 126.727 2 214.3 -92.3003
593 264.978 126.727 2 208.598 -97.987
594 274.978 126.727 2 203.228 -108.119
595 284.978 126.727 2 198.217 -114.981
596 294.978 126.727 2 193.594 -113.063
597 304.978 126.727 2 189.386 -105.904
598 314.978 126.727 2 185.622 -121.17
599 324.978 126.727 2 182.329 -250
600 334.978 126.727 2 179.534 -250
601 344.978 126.727 2 177.259 -250
602 354.978 126.727 2 175.526 -250
603 364.978 126.727 2 174.35 -250
604 374.978 126.727 2 173.742 -250
605 384.978 126.727 2 173.709 -250
606 394.978 126.727 2 174.251 -250
607 404.978 126.727 2 175.362 -250
608 414.978 126.727 2 177.032 -250
609 424.978 126.727 2 179.245 -88.0853
610 434.978 126.727 2 181.981 -85.5622
611 444.978 126.727 2 185.218 -250
612 454.978 126.727 2 188.929 -250
613 464.978 126.727 2 193.087 -250
614 474.978 126.727 2 197.664 -119.154
615 484.978 126.727 2 202.632 -104.656
616 84.9784 136.727 2 338.404 -91.3969
617 94.9784 136.727 2 329.706 -91.8984
618 104.978 136.727 2 321.083 -88.875
619 114.978 136.727 2 312.542 -90.7182
620 124.978 136.727 2 304.091 -89.442
621 134.978 136.727 2 295.736 -250
622 144.978 136.727 2 287.486 -250
623 154.978 136.727 2 279.351 -250
624 164.978 136.727 2 271.34 -250
625 174.978 136.727 2 263.465 -250
626 184.978 136.727 2 255.739 -85.477
627 194.978 136.727 2 248.175 -88.3574
628 204.978 136.727 2 240.789 -88.1219
629 214.978 136.727 2 233.597 -95.3502
630 224.978 136.727 2 226.619 -250
631 234.978 136.727 2 219.874 -250
632 244.978 136.727 2 213.385 -250
633 254.978 136.727 2 207.175 -96.7753
634 264.978 136.727 2 201.271 -100.84
635 274.978 136.727 2 195.7 -100.183
636 284.978 136.727 2 190.491 -105.688
637 294.978 136.727 2 185.676 -107.762
638 304.978 136.727 2 181.284 -101.678
639 314.978 136.727 2 177.348 -103.684
640 324.978 136.727 2 173.899 -250
641 334.978 136.727 2 170.966 -250
642 344.978 136.727 2 168.576 -250
643 354.978 136.727 2 166.752 -250
644 364.978 136.727 2 165.514 -250
645 374.978 136.727 2 164.874 -250
646 384.978 136.727 2 164.839 -250
647 394.978 136.727 2 165.41 -250
648 404.978 136.727 2 166.58 -250
649 414.978 136.727 2 168.337 -250
650 424.978 136.727 2 170.663 -83.3652
651 434.978 136.727 2 173.535 -87.4707
652 444.978 136.727 2 176.926 -250
653 454.978 136.727 2 180.807 -250
654 464.978 136.727 2 185.148 -250
655 474.978 136.727 2 189.916 -109.573
656 484.978 136.727 2 195.081 -133.114
657 84.9784 146.727 2 334.237 -92.049
658 94.9784 146.727 2 325.427 -90.9316
659 104.978 146.727 2 316.688 -91.039
660 114.978 146.727 2 308.026 -90.6072
661 124.978 146.727 2 299.447 -88.2675
662 134.978 146.727 2 290.958 -94.2575
663 144.978 146.727 2 282.569 -93.1056
664 154.978 146.727 2 274.288 -85.7457
665 164.978 146.727 2 266.124 -87.9655
666 174.978 146.727 2 258.091 -90.7038
667 184.978 146.727 2 250.198 -88.4857
668 194.978 146.727 2 242.462 -86.4496
669 204.978 146.727 2 234.896 -108.157
670 214.978 146.727 2 227.518 -91.7968
671 224.978 146.727 2 220.348 -93.7757
672 234.978 146.727 2 213.405 -91.3802
673 244.978 146.727 2 206.713 -94.863
674 254.978 146.727 2 200.296 -98.0286
675 264.978 146.727 2 194.183 -101.842
676 274.978 146.727 2 188.403 -95.6118
677 284.978 146.727 2 182.986 -97.6424
678 294.978 146.727 2 177.968 -104.782
679 304.978 146.727 2 173.381 -114.766
680 314.978 146.727 2 169.262 -112.446
681 324.978 146.727 2 165.644 -109.423
682 334.978 146.727 2 162.562 -109.64
683 344.978 146.727 2 160.047 -103.801
684 354.978 146.727 2 158.125 -103.243
685 364.978 146.727 2 156.818 -98.9998
686 374.978 146.727 2 156.142 -108.074
687 384.978 146.727 2 156.105 -84.9058
688 394.978 146.727 2 156.708 -83.8398
689 404.978 146.727 2 157.942 -83.4217
690 414.978 146.727 2 159.795 -82.9739
691 424.978 146.727 2 162.243 -91.424
692 434.978 146.727 2 165.261 -86.127
693 444.978 146.727 2 168.819 -86.4226
694 454.978 146.727 2 172.882 -92.5061
695 464.978 146.727 2 177.417 -89.7141
696 474.978 146.727 2 182.387 -100.483
697 484.978 146.727 2 187.76 -97.4372
698 84.9784 156.727 2 330.32 -91.0935
699 94.9784 156.727 2 321.403 -89.7515
700 104.978 156.727 2 312.551 -86.0524
701 114.978 156.727 2 303.771 -95.6732
702 124.978 156.727 2 295.068 -91.7766
703 134.978 156.727 2 286.45 -86.1458
704 144.978 156.727 2 277.925 -87.113
705 154.978 156.727 2 269.501 -89.3205
706 164.978 156.727 2 261.188 -87.7387
707 174.978 156.727 2 252.998 -87.4373
708 184.978 156.727 2 244.941 -89.1667
709 194.978 156.727 2 237.033 -87.4435
710 204.978 156.727 2 229.288 -99.2926
711 214.978 156.727 2 221.724 -95.6023
712 224.978 156.727 2 214.36 -90.7353
713 234.978 156.727 2 207.216 -121.282
714 244.978 156.727 2 200.318 -93.0836
715 254.978 156.727 2 193.689 -115.911
716 264.978 156.727 2 187.361 -97.942
717 274.978 156.727 2 181.363 -97.6435
718 284.978 156.727 2 175.73 -95.6985
719 294.978 156.727 2 170.498 -106.584
720 304.978 156.727 2 165.705 -123.349
721 314.978 156.727 2 161.389 -116.352
722 324.978 156.727 2 157.591 -109.335
723 334.978 156.727 2 154.348 -111.428
724 344.978 156.727 2 151.697 -95.3415
725 354.978 156.727 2 149.668 -96.6668
726 364.978 156.727 2 148.287 -99.6728
727 374.978 156.727 2 147.572 -109.948
728 384.978 156.727 2 147.533 -86.7262
729 394.978 156.727 2 148.17 -88.3012
730 404.978 156.727 2 149.475 -83.9048
731 414.978 156.727 2 151.431 -86.4539
732 424.978 156.727 2 154.012 -82.7622
733 434.978 156.727 2 157.189 -88.308
734 444.978 156.727 2 160.925 -97.435
735 454.978 156.727 2 165.182 -90.7754
736 464.978 156.727 2 169.923 -114.753
737 474.978 156.727 2 175.106 -107.37
738 484.978 156.727 2 180.695 -116.538
739 84.9784 166.727 2 326.663 -91.6057
740 94.9784 166.727 2 317.643 -91.3485
741 104.978 166.727 2 308.683 -90.2738
742 114.978 166.727 2 299.79 -93.6704
743 124.978 166.727 2 290.968 -88.154
744 134.978 166.727 2 282.225 -87.5252
745 144.978 166.727 2 273.568 -88.5698
746 154.978 166.727 2 265.005 -88.8168
747 164.978 166.727 2 256.547 -87.1155
748 174.978 166.727 2 248.203 -89.4531
749 184.978 166.727 2 239.986 -89.1417
750 194.978 166.727 2 231.909 -84.7943
751 204.978 166.727 2 223.987 -94.9295
752 214.978 166.727 2 216.238 -100.099
753 224.978 166.727 2 208.68 -250
754 234.978 166.727 2 201.335 -117.672
755 244.978 166.727 2 194.227 -250
756 254.978 166.727 2 187.384 -250
757 264.978 166.727 2 180.834 -250
758 274.978 166.727 2 174.613 -90.5619
759 284.978 166.727 2 168.754 -88.6018
760 294.978 166.727 2 163.299 -250
761 304.978 166.727 2 158.288 -250
762 314.978 166.727 2 153.764 -250
763 324.978 166.727 2 149.773 -250
764 334.978 166.727 2 146.357 -250
765 344.978 166.727 2 143.558 -250
766 354.978 166.727 2 141.412 -97.3139
767 364.978 166.727 2 139.95 -100.307
768 374.978 166.727 2 139.192 -250
769 384.978 166.727 2 139.151 -86.0253
770 394.978 166.727 2 139.826 -88.8931
771 404.978 166.727 2 141.209 -87.7122
772 414.978 166.727 2 143.277 -88.1683
773 424.978 166.727 2 146.003 -90.7515
774 434.978 166.727 2 149.35 -93.6622
775 444.978 166.727 2 153.277 -250
776 454.978 166.727 2 157.741 -250
777 464.978 166.727 2 162.698 -250
778 474.978 166.727 2 168.105 -103.842
779 484.978 166.727 2 173.919 -99.4009
780 84.9784 176.727 2 323.273 -91.1937
781 94.9784 176.727 2 314.156 -90.5482
782 104.978 176.727 2 305.094 -91.1928
783 114.978 176.727 2 296.093 -90.5882
784 124.978 176.727 2 287.157 -87.5278
785 134.978 176.727 2 278.295 -87.6325
786 144.978 176.727 2 269.511 -96.3926
787 154.978 176.727 2 260.816 -91.4284
788 164.978 176.727 2 252.217 -87.6194
789 174.978 176.727 2 243.725 -90.7836
790 184.978 176.727 2 235.351 -84.6437
791 194.978 176.727 2 227.11 -89.4422
792 204.978 176.727 2 219.014 -114.431
793 214.978 176.727 2 211.082 -123.156
794 224.978 176.727 2 203.333 -250
795 234.978 176.727 2 195.787 -129.85
796 244.978 176.727 2 188.471 -250
797 254.978 176.727 2 181.41 -250
798 264.978 176.727 2 174.637 -250
799 274.978 176.727 2 168.186 -87.1302
800 284.978 176.727 2 162.096 -87.4352
801 294.978 176.727 2 156.408 -250
802 304.978 176.727 2 151.169 -250
803 314.978 176.727 2 146.426 -250
804 324.978 176.727 2 142.229 -250
805 334.978 176.727 2 138.627 -250
806 344.978 176.727 2 135.669 -250
807 354.978 176.727 2 133.396 -88.5255
808 364.978 176.727 2 131.844 -104.014
809 374.978 176.727 2 131.04 -250
810 384.978 176.727 2 130.996 -86.9812
811 394.978 176.727 2 131.713 -87.6898
812 404.978 176.727 2 133.18 -83.4451
813 414.978 176.727 2 135.371 -83.8978
814 424.978 176.727 2 138.253 -97.879
815 434.978 176.727 2 141.783 -109.642
816 444.978 176.727 2 145.914 -250
817 454.978 176.727 2 150.596 -250
818 464.978 176.727 2 155.781 -250
819 474.978 176.727 2 161.419 -98.4209
820 484.978 176.727 2 167.466 -97.6352
821 84.9784 186.727 2 320.16 -113.739
822 94.9784 186.727 2 310.952 -101.174
823 104.978 186.727 2 301.794 -89.2873
824 114.978 186.727 2 292.691 -89.6666
825 124.978 186.727 2 283.648 -90.1451
826 134.978 186.727 2 274.672 -90.1237
827 144.978 186.727 2 265.769 -89.0436
828 154.978 186.727 2 256.947 -87.8805
829 164.978 186.727 2 248.214 -90.4339
830 174.978 186.727 2 239.58 -84.7142
831 184.978 186.727 2 231.057 -92.074
832 194.978 186.727 2 222.656 -98.089
833 204.978 186.727 2 214.393 -102.086
834 214.978 186.727 2 206.283 -111.58
835 224.978 186.727 2 198.346 -250
836 234.978 186.727 2 190.603 -89.9849
837 244.978 186.727 2 183.08 -250
838 254.978 186.727 2 175.803 -250
839 264.978 186.727 2 168.805 -250
840 274.978 186.727 2 162.122 -109.436
841 284.978 186.727 2 155.795 -101.955
842 294.978 186.727 2 149.869 -110.781
843 304.978 186.727 2 144.392 -106.863
844 314.978 186.727 2 139.419 -135.083
845 324.978 186.727 2 135.004 -126.166
846 334.978 186.727 2 131.204 -250
847 344.978 186.727 2 128.074 -250
848 354.978 186.727 2 125.664 -250
849 364.978 186.727 2 124.016 -250
850 374.978 186.727 2 123.16 -250
851 384.978 186.727 2 123.113 -90.0725
852 394.978 186.727 2 123.877 -91.8967
853 404.978 186.727 2 125.435 -86.5102
854 414.978 186.727 2 127.759 -87.615
855 424.978 186.727 2 130.808 -95.0969
856 434.978 186.727 2 134.534 -95.5324
857 444.978 186.727 2 138.881 -250
858 454.978 186.727 2 143.793 -250
859 464.978 186.727 2 149.214 -250
860 474.978 186.727 2 155.091 -98.6175
861 484.978 186.727 2 161.375 -97.6667
862 84.9784 196.727 2 317.332 -128.943
863 94.9784 196.727 2 308.039 -117.031
864 104.978 196.727 2 298.792 -111.154
865 114.978 196.727 2 289.594 -107.687
866 124.978 196.727 2 280.452 -103.127
867 134.978 196.727 2 271.37 -91.4522
868 144.978 196.727 2 262.355 -90.0391
869 154.978 196.727 2 253.414 -88.6199
870 164.978 196.727 2 244.555 -88.9165
871 174.978 196.727 2 235.788 -91.6559
872 184.978 196.727 2 227.122 -91.0822
873 194.978 196.727 2 218.57 -89.0844
874 204.978 196.727 2 210.146 -86.5023
875 214.978 196.727 2 201.866 -88.1138
876 224.978 196.727 2 193.748 -250
877 234.978 196.727 2 185.814 -92.9243
878 244.978 196.727 2 178.088 -84.9196
879 254.978 196.727 2 170.598 -89.5545
880 264.978 196.727 2 163.377 -106.85
881 274.978 196.727 2 156.463 -113.038
882 284.978 196.727 2 149.897 -92.6192
883 294.978 196.727 2 143.728 -92.5593
884 304.978 196.727 2 138.008 -100.364
885 314.978 196.727 2 132.795 -120.782
886 324.978 196.727 2 128.152 -129.369
887 334.978 196.727 2 124.143 -250
888 344.978 196.727 2 120.83 -250
889 354.978 196.727 2 118.273 -87.2242
890 364.978 196.727 2 116.52 -85.5021
891 374.978 196.727 2 115.609 -87.7963
892 384.978 196.727 2 115.559 -82.9843
893 394.978 196.727 2 116.372 -84.5816
894 404.978 196.727 2 118.029 -89.2723
895 414.978 196.727 2 120.496 -83.2611
896 424.978 196.727 2 123.725 -250
897 434.978 196.727 2 127.657 -250
898 444.978 196.727 2 132.23 -250
899 454.978 196.727 2 137.38 -250
900 464.978 196.727 2 143.045 -250
901 474.978 196.727 2 149.165 -104.269
902 484.978 196.727 2 155.688 -99.9405
903 84.9784 206.727 2 314.796 -120.687
904 94.9784 206.727 2 305.426 -112.372
905 104.978 206.727 2 296.097 -123.084
906 114.978 206.727 2 286.813 -154.547
907 124.978 206.727 2 277.58 -250
908 134.978 206.727 2 268.401 -94.5768
909 144.978 206.727 2 259.282 -87.7741
910 154.978 206.727 2 250.232 -87.7899
911 164.978 206.727 2 241.256 -87.9518
912 174.978 206.727 2 232.364 -86.7274
913 184.978 206.727 2 223.565 -88.7563
914 194.978 206.727 2 214.872 -87.7581
915 204.978 206.727 2 206.297 -89.6266
916 214.978 206.727 2 197.855 -90.1024
917 224.978 206.727 2 189.566 -92.1791
918 234.978 206.727 2 181.449 -84.2265
919 244.978 206.727 2 173.529 -88.649
920 254.978 206.727 2 165.833 -102.56
921 264.978 206.727 2 158.396 -117.953
922 274.978 206.727 2 151.254 -104.934
923 284.978 206.727 2 144.451 -91.7611
924 294.978 206.727 2 138.038 -98.613
925 304.978 206.727 2 132.072 -107.759
926 314.978 206.727 2 126.616 -117.945
927 324.978 206.727 2 121.738 -135.029
928 334.978 206.727 2 117.51 -250
929 344.978 206.727 2 114.005 -250
930 354.978 206.727 2 111.29 -84.8452
931 364.978 206.727 2 109.426 -84.5168
932 374.978 206.727 2 108.455 -88.9578
933 384.978 206.727 2 108.402 -89.0389
934 394.978 206.727 2 109.268 -87.9863
935 404.978 206.727 2 111.031 -84.9623
936 414.978 206.727 2 113.65 -97.1637
937 424.978 206.727 2 117.068 -250
938 434.978 206.727 2 121.216 -250
939 444.978 206.727 2 126.023 -250
940 454.978 206.727 2 131.417 -250
941 464.978 206.727 2 137.327 -250
942 474.978 206.727 2 143.692 -104.456
943 484.978 206.727 2 150.452 -108.859
944 84.9784 216.727 2 312.56 -116.805
945 94.9784 216.727 2 303.12 -117.357
946 104.978 216.727 2 293.718 -154.75
947 114.978 216.727 2 284.357 -250
948 124.978 216.727 2 275.041 -250
949 134.978 216.727 2 265.774 -88.7101
950 144.978 216.727 2 256.563 -85.9112
951 154.978 216.727 2 247.412 -87.1833
952 164.978 216.727 2 238.33 -88.5273
953 174.978 216.727 2 229.325 -87.5427
954 184.978 216.727 2 220.405 -91.3255
955 194.978 216.727 2 211.582 -87.2148
956 204.978 216.727 2 202.868 -90.7997
957 214.978 216.727 2 194.278 -86.2142
958 224.978 216.727 2 185.829 -88.2631
959 234.978 216.727 2 177.541 -89.1636
960 244.978 216.727 2 169.438 -85.718
961 254.978 216.727 2 161.548 -95.6896
962 264.978 216.727 2 153.903 -104.666
963 274.978 216.727 2 146.542 -91.6777
964 284.978 216.727 2 139.51 -96.1041
965 294.978 216.727 2 132.859 -250
966 304.978 216.727 2 126.65 -250
967 314.978 216.727 2 120.949 -250
968 324.978 216.727 2 115.832 -250
969 334.978 216.727 2 111.38 -250
970 344.978 216.727 2 107.676 -250
971 354.978 216.727 2 104.798 -83.973
972 364.978 216.727 2 102.815 -84.5086
973 374.978 216.727 2 101.782 -87.0757
974 384.978 216.727 2 101.725 -88.5619
975 394.978 216.727 2 102.647 -94.5828
976 404.978 216.727 2 104.522 -88.3183
977 414.978 216.727 2 107.301 -92.9113
978 424.978 216.727 2 110.914 -250
979 434.978 216.727 2 115.284 -250
980 444.978 216.727 2 120.328 -250
981 454.978 216.727 2 125.966 -250
982 464.978 216.727 2 132.121 -250
983 474.978 216.727 2 138.724 -98.5939
984 484.978 216.727 2 145.715 -97.9128
985 84.9784 226.727 2 310.629 -118.648
986 94.9784 226.727 2 301.13 -130.786
987 104.978 226.727 2 291.663 -250
988 114.978 226.727 2 282.234 -250
989 124.978 226.727 2 272.845 -250
990 134.978 226.727 2 263.501 -86.8626
991 144.978 226.727 2 254.207 -91.7332
992 154.978 226.727 2 244.969 -90.4644
993 164.978 226.727 2 235.793 -86.7169
994 174.978 226.727 2 226.687 -90.0857
995 184.978 226.727 2 217.659 -88.4628
996 194.978 226.727 2 208.72 -87.8993
997 204.978 226.727 2 199.881 -87.9968
998 214.978 226.727 2 191.156 -88.9496
999 224.978 226.727 2 182.563 -85.8646
1000 234.978 226.727 2 174.12 -89.3086
1001 244.978 226.727 2 165.85 -89.1156
1002 254.978 226.727 2 157.781 -84.9073
1003 264.978 226.727 2 149.944 -89.5966
1004 274.978 226.727 2 142.379 -97.758
1005 284.978 226.727 2 135.13 -116.829
1006 294.978 226.727 2 128.252 -250
1007 304.978 226.727 2 121.808 -250
1008 314.978 226.727 2 115.869 -250
1009 324.978 226.727 2 110.517 -250
1010 334.978 226.727 2 105.842 -250
1011 344.978 226.727 2 101.937 -250
1012 354.978 226.727 2 98.8916 -87.9462
1013 364.978 226.727 2 96.7886 -87.7791
1014 374.978 226.727 2 95.6897 -88.1418
1015 384.978 226.727 2 95.6295 -94.1989
1016 394.978 226.727 2 96.6099 -88.1383
1017 404.978 226.727 2 98.6 -88.7127
1018 414.978 226.727 2 101.54 -92.4705
1019 424.978 226.727 2 105.351 -250
1020 434.978 226.727 2 109.943 -250
1021 444.978 226.727 2 115.221 -250
1022 454.978 226.727 2 121.097 -250
1023 464.978 226.727 2 127.487 -250
1024 474.978 226.727 2 134.318 -116.619
1025 484.978 226.727 2 141.527 -102.51
1026 84.9784 236.727 2 309.011 -90.7672
1027 94.9784 236.727 2 299.46 -88.999
1028 104.978 236.727 2 289.939 -97.1716
1029 114.978 236.727 2 280.451 -119.363
1030 124.978 236.727 2 271.001 -250
1031 134.978 236.727 2 261.591 -88.9208
1032 144.978 236.727 2 252.227 -88.5819
1033 154.978 236.727 2 242.913 -90.5517
1034 164.978 236.727 2 233.657 -87.8221
1035 174.978 236.727 2 224.464 -90.0285
1036 184.978 236.727 2 215.342 -87.4461
1037 194.978 236.727 2 206.303 -89.9287
1038 204.978 236.727 2 197.356 -87.1548
1039 214.978 236.727 2 188.515 -90.0892
1040 224.978 236.727 2 179.795 -86.4587
1041 234.978 236.727 2 171.216 -85.7739
1042 244.978 236.727 2 162.798 -88.7215
1043 254.978 236.727 2 154.57 -91.3012
1044 264.978 236.727 2 146.561 -87.8523
1045 274.978 236.727 2 138.812 -90.4014
1046 284.978 236.727 2 131.367 -102.645
1047 294.978 236.727 2 124.281 -250
1048 304.978 236.727 2 117.619 -250
1049 314.978 236.727 2 111.457 -250
1050 324.978 236.727 2 105.883 -250
1051 334.978 236.727 2 100.993 -250
1052 344.978 236.727 2 96.8921 -250
1053 354.978 236.727 2 93.6833 -86.8262
1054 364.978 236.727 2 91.4606 -92.5473
1055 374.978 236.727 2 90.2969 -91.424
1056 384.978 236.727 2 90.2331 -91.7091
1057 394.978 236.727 2 91.2715 -97.2066
1058 404.978 236.727 2 93.3755 -93.6196
1059 414.978 236.727 2 96.4752 -250
1060 424.978 236.727 2 100.479 -250
1061 434.978 236.727 2 105.283 -250
1062 444.978 236.727 2 110.783 -250
1063 454.978 236.727 2 116.882 -250
1064 464.978 236.727 2 123.49 -250
1065 474.978 236.727 2 130.531 -96.5111
1066 484.978 236.727 2 137.938 -94.2745
1067 84.9784 246.727 2 307.709 -86.8428
1068 94.9784 246.727 2 298.116 -92.0648
1069 104.978 246.727 2 288.551 -90.1389
1070 114.978 246.727 2 279.016 -90.2495
1071 124.978 246.727 2 269.515 -90.2557
1072 134.978 246.727 2 260.052 -88.241
1073 144.978 246.727 2 250.63 -88.2771
1074 154.978 246.727 2 241.255 -90.6615
1075 164.978 246.727 2 231.932 -87.1535
1076 174.978 246.727 2 222.668 -90.4223
1077 184.978 246.727 2 213.47 -86.7127
1078 194.978 246.727 2 204.347 -90.1463
1079 204.978 246.727 2 195.311 -86.2225
1080 214.978 246.727 2 186.373 -89.0049
1081 224.978 246.727 2 177.548 -88.9043
1082 234.978 246.727 2 168.854 -85.1291
1083 244.978 246.727 2 160.313 -85.1756
1084 254.978 246.727 2 151.95 -87.0248
1085 264.978 246.727 2 143.796 -87.9303
1086 274.978 246.727 2 135.889 -87.0073
1087 284.978 246.727 2 128.274 -87.1227
1088 294.978 246.727 2 121.007 -83.7454
1089 304.978 246.727 2 114.154 -87.2744
1090 314.978 246.727 2 107.795 -88.4516
1091 324.978 246.727 2 102.02 -87.1301
1092 334.978 246.727 2 96.9362 -92.3495
1093 344.978 246.727 2 92.6558 -87.5902
1094 354.978 246.727 2 89.2949 -92.3246
1095 364.978 246.727 2 86.9601 -92.4731
1096 374.978 246.727 2 85.7353 -97.401
1097 384.978 246.727 2 85.6681 -97.984
1098 394.978 246.727 2 86.7612 -93.7173
1099 404.978 246.727 2 88.9719 -94.1997
1100 414.978 246.727 2 92.2197 -94.235
1101 424.978 246.727 2 96.4 -88.6303
1102 434.978 246.727 2 101.397 -87.0279
1103 444.978 246.727 2 107.098 -93.6589
1104 454.978 246.727 2 113.395 -84.8847
1105 464.978 246.727 2 120.195 -82.1421
1106 474.978 246.727 2 127.418 -88.2379
1107 484.978 246.727 2 134.996 -86.1009
1108 84.9784 256.727 2 306.727 -102.27
1109 94.9784 256.727 2 297.103 -113.161
1110 104.978 256.727 2 287.504 -115.477
1111 114.978 256.727 2 277.933 -112.783
1112 124.978 256.727 2 268.394 -118.07
1113 134.978 256.727 2 258.89 -120.426
1114 144.978 256.727 2 249.424 -112.821
1115 154.978 256.727 2 240.002 -108.693
1116 164.978 256.727 2 230.628 -95.806
1117 174.978 256.727 2 221.31 -91.3345
1118 184.978 256.727 2 212.053 -89.5377
1119 194.978 256.727 2 202.867 -90.9124
1120 204.978 256.727 2 193.761 -86.8491
1121 214.978 256.727 2 184.748 -100.641
1122 224.978 256.727 2 175.842 -103.511
1123 234.978 256.727 2 167.059 -104.716
1124 244.978 256.727 2 158.421 -112.581
1125 254.978 256.727 2 149.953 -100.575
1126 264.978 256.727 2 141.684 -83.5296
1127 274.978 256.727 2 133.652 -91.295
1128 284.978 256.727 2 125.902 -93.3072
1129 294.978 256.727 2 118.489 -88.7414
1130 304.978 256.727 2 111.482 -93.5612
1131 314.978 256.727 2 104.96 -99.6066
1132 324.978 256.727 2 99.021 -94.1991
1133 334.978 256.727 2 93.7744 -91.2881
1134 344.978 256.727 2 89.3427 -101.737
1135 354.978 256.727 2 85.8522 -107.155
1136 364.978 256.727 2 83.4211 -105.221
1137 374.978 256.727 2 82.1436 -107.302
1138 384.978 256.727 2 82.0734 -115.929
1139 394.978 256.727 2 83.2138 -112.976
1140 404.978 256.727 2 85.5162 -109.084
1141 414.978 256.727 2 88.8904 -107.923
1142 424.978 256.727 2 93.22 -100.911
1143 434.978 256.727 2 98.3792 -94.2513
1144 444.978 256.727 2 104.245 -98.7582
1145 454.978 256.727 2 110.704 -92.7293
1146 464.978 256.727 2 117.66 -92.5242
1147 474.978 256.727 2 125.03 -86.7275
1148 484.978 256.727 2 132.744 -88.1643
1149 84.9784 266.727 2 306.07 -103.094
1150 94.9784 266.727 2 296.424 -110.055
1151 104.978 266.727 2 286.802 -115.072
1152 114.978 266.727 2 277.208 -117.52
1153 124.978 266.727 2 267.643 -129.672
1154 134.978 266.727 2 258.11 -250
1155 144.978 266.727 2 248.615 -250
1156 154.978 266.727 2 239.161 -250
1157 164.978 266.727 2 229.753 -250
1158 174.978 266.727 2 220.397 -90.422
1159 184.978 266.727 2 211.101 -85.5448
1160 194.978 266.727 2 201.871 -91.262
1161 204.978 266.727 2 192.718 -87.6948
1162 214.978 266.727 2 183.654 -98.9549
1163 224.978 266.727 2 174.692 -109.74
1164 234.978 266.727 2 165.849 -114.726
1165 244.978 266.727 2 157.144 -250
1166 254.978 266.727 2 148.603 -250
1167 264.978 266.727 2 140.254 -250
1168 274.978 266.727 2 132.135 -106.858
1169 284.978 266.727 2 124.291 -98.6834
1170 294.978 266.727 2 116.776 -250
1171 304.978 266.727 2 109.66 -250
1172 314.978 266.727 2 103.023 -250
1173 324.978 266.727 2 96.9648 -250
1174 334.978 266.727 2 91.6005 -250
1175 344.978 266.727 2 87.0582 -250
1176 354.978 266.727 2 83.4723 -250
1177 364.978 266.727 2 80.9698 -250
1178 374.978 266.727 2 79.6529 -250
1179 384.978 266.727 2 79.5806 -250
1180 394.978 266.727 2 80.7561 -250
1181 404.978 266.727 2 83.1266 -250
1182 414.978 266.727 2 86.594 -250
1183 424.978 266.727 2 91.0329 -250
1184 434.978 266.727 2 96.3093 -250
1185 444.978 266.727 2 102.294 -250
1186 454.978 266.727 2 108.869 -250
1187 464.978 266.727 2 115.935 -250
1188 474.978 266.727 2 123.407 -99.6395
1189 484.978 266.727 2 131.217 -104.566
1190 84.9784 276.727 2 305.738 -103.256
1191 94.9784 276.727 2 296.081 -111.014
1192 104.978 276.727 2 286.448 -122.841
1193 114.978 276.727 2 276.841 -126.395
1194 124.978 276.727 2 267.263 -132.768
1195 134.978 276.727 2 257.717 -250
1196 144.978 276.727 2 248.207 -250
1197 154.978 276.727 2 238.736 -250
1198 164.978 276.727 2 229.311 -250
1199 174.978 276.727 2 219.936 -88.8054
1200 184.978 276.727 2 210.619 -90.3457
1201 194.978 276.727 2 201.368 -90.087
1202 204.978 276.727 2 192.191 -87.968
1203 214.978 276.727 2 183.101 -99.7346
1204 224.978 276.727 2 174.11 -118.81
1205 234.978 276.727 2 165.236 -116.604
1206 244.978 276.727 2 156.497 -250
1207 254.978 276.727 2 147.918 -250
1208 264.978 276.727 2 139.529 -250
1209 274.978 276.727 2 131.365 -92.9528
1210 284.978 276.727 2 123.472 -103.591
1211 294.978 276.727 2 115.904 -250
1212 304.978 276.727 2 108.73 -250
1213 314.978 276.727 2 102.033 -250
1214 324.978 276.727 2 95.9124 -250
1215 334.978 276.727 2 90.4858 -250
1216 344.978 276.727 2 85.8846 -250
1217 354.978 276.727 2 82.2474 -250
1218 364.978 276.727 2 79.7065 -250
1219 374.978 276.727 2 78.3684 -250
1220 384.978 276.727 2 78.2949 -250
1221 394.978 276.727 2 79.4894 -250
1222 404.978 276.727 2 81.8966 -250
1223 414.978 276.727 2 85.4139 -250
1224 424.978 276.727 2 89.9111 -250
1225 434.978 276.727 2 95.2497 -250
1226 444.978 276.727 2 101.296 -250
1227 454.978 276.727 2 107.933 -250
1228 464.978 276.727 2 115.056 -250
1229 474.978 276.727 2 122.582 -105.256
1230 484.978 276.727 2 130.441 -101.27
1231 84.9784 286.727 2 305.733 -103.24
1232 94.9784 286.727 2 296.076 -113.062
1233 104.978 286.727 2 286.443 -118.599
1234 114.978 286.727 2 276.836 -122.179
1235 124.978 286.727 2 267.257 -139.763
1236 134.978 286.727 2 257.711 -250
1237 144.978 286.727 2 248.201 -250
1238 154.978 286.727 2 238.73 -250
1239 164.978 286.727 2 229.304 -250
1240 174.978 286.727 2 219.929 -88.9916
1241 184.978 286.727 2 210.612 -89.9658
1242 194.978 286.727 2 201.36 -90.2243
1243 204.978 286.727 2 192.183 -87.9293
1244 214.978 286.727 2 183.093 -98.142
1245 224.978 286.727 2 174.102 -118.054
1246 234.978 286.727 2 165.227 -116.193
1247 244.978 286.727 2 156.488 -250
1248 254.978 286.727 2 147.908 -250
1249 264.978 286.727 2 139.518 -250
1250 274.978 286.727 2 131.354 -88.3381
1251 284.978 286.727 2 123.46 -97.3889
1252 294.978 286.727 2 115.891 -250
1253 304.978 286.727 2 108.716 -250
1254 314.978 286.727 2 102.018 -250
1255 324.978 286.727 2 95.8969 -250
1256 334.978 286.727 2 90.4693 -250
1257 344.978 286.727 2 85.8672 -250
1258 354.978 286.727 2 82.2293 -250
1259 364.978 286.727 2 79.6878 -250
1260 374.978 286.727 2 78.3494 -250
1261 384.978 286.727 2 78.2758 -250
1262 394.978 286.727 2 79.4707 -250
1263 404.978 286.727 2 81.8784 -250
1264 414.978 286.727 2 85.3964 -250
1265 424.978 286.727 2 89.8946 -250
1266 434.978 286.727 2 95.234 -250
1267 444.978 286.727 2 101.282 -250
1268 454.978 286.727 2 107.919 -250
1269 464.978 286.727 2 115.043 -250
1270 474.978 286.727 2 122.57 -96.304
1271 484.978 286.727 2 130.43 -99.6696
1272 84.9784 296.727 2 306.055 -103.848
1273 94.9784 296.727 2 296.409 -111.542
1274 104.978 296.727 2 286.787 -118.683
1275 114.978 296.727 2 277.191 -122.22
1276 124.978 296.727 2 267.626 -140.524
1277 134.978 296.727 2 258.093 -250
1278 144.978 296.727 2 248.597 -250
1279 154.978 296.727 2 239.142 -250
1280 164.978 296.727 2 229.734 -250
1281 174.978 296.727 2 220.377 -89.9618
1282 184.978 296.727 2 211.079 -85.5908
1283 194.978 296.727 2 201.849 -91.0865
1284 204.978 296.727 2 192.695 -87.1806
1285 214.978 296.727 2 183.63 -102.239
1286 224.978 296.727 2 174.667 -108.819
1287 234.978 296.727 2 165.822 -121.756
1288 244.978 296.727 2 157.116 -250
1289 254.978 296.727 2 148.573 -250
1290 264.978 296.727 2 140.222 -250
1291 274.978 296.727 2 132.102 -85.4205
1292 284.978 296.727 2 124.255 -97.2948
1293 294.978 296.727 2 116.738 -250
1294 304.978 296.727 2 109.619 -250
1295 314.978 296.727 2 102.979 -250
1296 324.978 296.727 2 96.9187 -87.8631
1297 334.978 296.727 2 91.5517 -96.328
1298 344.978 296.727 2 87.0069 -92.8532
1299 354.978 296.727 2 83.4187 -97.7214
1300 364.978 296.727 2 80.9145 -95.7546
1301 374.978 296.727 2 79.5967 -115.268
1302 384.978 296.727 2 79.5244 -116.521
1303 394.978 296.727 2 80.7007 -100.512
1304 404.978 296.727 2 83.0728 -94.3532
1305 414.978 296.727 2 86.5423 -89.8555
1306 424.978 296.727 2 90.9838 -92.6576
1307 434.978 296.727 2 96.2628 -250
1308 444.978 296.727 2 102.25 -250
1309 454.978 296.727 2 108.828 -250
1310 464.978 296.727 2 115.896 -250
1311 474.978 296.727 2 123.371 -98.3614
1312 484.978 296.727 2 131.183 -92.8826
1313 84.9784 306.727 2 306.703 -104.229
1314 94.9784 306.727 2 297.078 -112.244
1315 104.978 306.727 2 287.478 -119.235
1316 114.978 306.727 2 277.907 -123.402
1317 124.978 306.727 2 268.367 -142.143
1318 134.978 306.727 2 258.861 -250
1319 144.978 306.727 2 249.394 -250
1320 154.978 306.727 2 239.971 -250
1321 164.978 306.727 2 230.596 -250
1322 174.978 306.727 2 221.276 -93.8745
1323 184.978 306.727 2 212.018 -90.2898
1324 194.978 306.727 2 202.83 -91.5909
1325 204.978 306.727 2 193.723 -86.1789
1326 214.978 306.727 2 184.708 -95.7362
1327 224.978 306.727 2 175.799 -111.342
1328 234.978 306.727 2 167.015 -123.336
1329 244.978 306.727 2 158.374 -250
1330 254.978 306.727 2 149.903 -250
1331 264.978 306.727 2 141.631 -250
1332 274.978 306.727 2 133.596 -97.7943
1333 284.978 306.727 2 125.842 -92.4723
1334 294.978 306.727 2 118.426 -250
1335 304.978 306.727 2 111.415 -250
1336 314.978 306.727 2 104.889 -250
1337 324.978 306.727 2 98.9457 -102.1
1338 334.978 306.727 2 93.6949 -250
1339 344.978 306.727 2 89.2592 -250
1340 354.978 306.727 2 85.7653 -250
1341 364.978 306.727 2 83.3317 -96.2455
1342 374.978 306.727 2 82.0528 -250
1343 384.978 306.727 2 81.9826 -250
1344 394.978 306.727 2 83.1241 -250
1345 404.978 306.727 2 85.429 -250
1346 414.978 306.727 2 88.8065 -250
1347 424.978 306.727 2 93.1401 -250
1348 434.978 306.727 2 98.3034 -250
1349 444.978 306.727 2 104.173 -250
1350 454.978 306.727 2 110.637 -250
1351 464.978 306.727 2 117.597 -250
1352 474.978 306.727 2 124.97 -98.8914
1353 484.978 306.727 2 132.687 -89.9019
1354 84.9784 316.727 2 307.675 -118.867
1355 94.9784 316.727 2 298.081 -109.189
1356 104.978 316.727 2 288.515 -104.357
1357 114.978 316.727 2 278.979 -109.026
1358 124.978 316.727 2 269.477 -113.039
1359 134.978 316.727 2 260.012 -250
1360 144.978 316.727 2 250.588 -250
1361 154.978 316.727 2 241.212 -250
1362 164.978 316.727 2 231.887 -250
1363 174.978 316.727 2 222.621 -94.21
1364 184.978 316.727 2 213.421 -90.5246
1365 194.978 316.727 2 204.296 -92.5929
1366 204.978 316.727 2 195.257 -85.6765
1367 214.978 316.727 2 186.317 -95.2223
1368 224.978 316.727 2 177.489 -109.343
1369 234.978 316.727 2 168.793 -109.809
1370 244.978 316.727 2 160.248 -250
1371 254.978 316.727 2 151.881 -250
1372 264.978 316.727 2 143.723 -250
1373 274.978 316.727 2 135.812 -85.0625
1374 284.978 316.727 2 128.193 -97.4933
1375 294.978 316.727 2 120.921 -250
1376 304.978 316.727 2 114.063 -250
1377 314.978 316.727 2 107.698 -250
1378 324.978 316.727 2 101.918 -93.8123
1379 334.978 316.727 2 96.8285 -250
1380 344.978 316.727 2 92.5431 -250
1381 354.978 316.727 2 89.178 -250
1382 364.978 316.727 2 86.8401 -96.7413
1383 374.978 316.727 2 85.6135 -250
1384 384.978 316.727 2 85.5462 -250
1385 394.978 316.727 2 86.6409 -250
1386 404.978 316.727 2 88.8545 -250
1387 414.978 316.727 2 92.1065 -250
1388 424.978 316.727 2 96.2917 -250
1389 434.978 316.727 2 101.294 -250
1390 444.978 316.727 2 107 -250
1391 454.978 316.727 2 113.303 -250
1392 464.978 316.727 2 120.108 -250
1393 474.978 316.727 2 127.336 -99.2068
1394 484.978 316.727 2 134.918 -97.4085
1395 84.9784 326.727 2 308.967 -106.079
1396 94.9784 326.727 2 299.415 -87.0982
1397 104.978 326.727 2 289.893 -87.7606
1398 114.978 326.727 2 280.404 -87.4984
1399 124.978 326.727 2 270.951 -94.4958
1400 134.978 326.727 2 261.54 -85.2719
1401 144.978 326.727 2 252.174 -89.1122
1402 154.978 326.727 2 242.858 -90.5331
1403 164.978 326.727 2 233.599 -87.4152
1404 174.978 326.727 2 224.404 -89.9215
1405 184.978 326.727 2 215.28 -87.0111
1406 194.978 326.727 2 206.238 -89.6648
1407 204.978 326.727 2 197.288 -88.3153
1408 214.978 326.727 2 188.444 -99.1082
1409 224.978 326.727 2 179.721 -102.852
1410 234.978 326.727 2 171.137 -96.9836
1411 244.978 326.727 2 162.716 -102.311
1412 254.978 326.727 2 154.483 -101.161
1413 264.978 326.727 2 146.47 -89.4333
1414 274.978 326.727 2 138.715 -88.1513
1415 284.978 326.727 2 131.264 -95.1737
1416 294.978 326.727 2 124.173 -92.3752
1417 304.978 326.727 2 117.505 -94.7518
1418 314.978 326.727 2 111.336 -90.5997
1419 324.978 326.727 2 105.756 -93.2631
1420 334.978 326.727 2 100.86 -91.9244
1421 344.978 326.727 2 96.7536 -92.0139
1422 354.978 326.727 2 93.54 -99.8994
1423 364.978 326.727 2 91.3138 -96.1496
1424 374.978 326.727 2 90.1482 -93.2155
1425 384.978 326.727 2 90.0843 -96.6571
1426 394.978 326.727 2 91.1244 -110.793
1427 404.978 326.727 2 93.2317 -117.489
1428 414.978 326.727 2 96.336 -105.702
1429 424.978 326.727 2 100.345 -102.801
1430 434.978 326.727 2 105.155 -102.65
1431 444.978 326.727 2 110.662 -95.5619
1432 454.978 326.727 2 116.767 -96.1763
1433 464.978 326.727 2 123.382 -90.3753
1434 474.978 326.727 2 130.428 -93.7929
1435 484.978 326.727 2 137.84 -95.741
1436 84.9784 336.727 2 310.576 -90.5081
1437 94.9784 336.727 2 301.075 -91.4065
1438 104.978 336.727 2 291.607 -87.085
1439 114.978 336.727 2 282.176 -98.7885
1440 124.978 336.727 2 272.785 -85.3271
1441 134.978 336.727 2 263.439 -97.7786
1442 144.978 336.727 2 254.143 -83.6825
1443 154.978 336.727 2 244.902 -95.4457
1444 164.978 336.727 2 235.724 -84.6318
1445 174.978 336.727 2 226.614 -88.2016
1446 184.978 336.727 2 217.583 -88.7529
1447 194.978 336.727 2 208.641 -88.5197
1448 204.978 336.727 2 199.799 -87.3635
1449 214.978 336.727 2 191.071 -88.707
1450 224.978 336.727 2 182.473 -85.6098
1451 234.978 336.727 2 174.026 -89.236
1452 244.978 336.727 2 165.751 -84.2852
1453 254.978 336.727 2 157.677 -89.4837
1454 264.978 336.727 2 149.835 -80.7848
1455 274.978 336.727 2 142.263 -88.8084
1456 284.978 336.727 2 135.009 -85.2782
1457 294.978 336.727 2 128.124 -85.8961
1458 304.978 336.727 2 121.673 -84.7716
1459 314.978 336.727 2 115.727 -86.1242
1460 324.978 336.727 2 110.369 -83.973
1461 334.978 336.727 2 105.687 -85.2889
1462 344.978 336.727 2 101.776 -84.6113
1463 354.978 336.727 2 98.7256 -101.387
1464 364.978 336.727 2 96.619 -85.0273
1465 374.978 336.727 2 95.5181 -95.9736
1466 384.978 336.727 2 95.4578 -99.8235
1467 394.978 336.727 2 96.44 -88.3582
1468 404.978 336.727 2 98.4335 -96.658
1469 414.978 336.727 2 101.379 -86.9147
1470 424.978 336.727 2 105.196 -86.6883
1471 434.978 336.727 2 109.793 -83.6522
1472 444.978 336.727 2 115.079 -83.9133
1473 454.978 336.727 2 120.961 -83.8968
1474 464.978 336.727 2 127.358 -84.9286
1475 474.978 336.727 2 134.196 -87.8457
1476 484.978 336.727 2 141.411 -82.9995
1477 84.9784 346.727 2 312.498 -111.028
1478 94.9784 346.727 2 303.056 -117.801
1479 104.978 346.727 2 293.652 -130.967
1480 114.978 346.727 2 284.289 -250
1481 124.978 346.727 2 274.97 -250
1482 134.978 346.727 2 265.701 -250
1483 144.978 346.727 2 256.487 -250
1484 154.978 346.727 2 247.334 -250
1485 164.978 346.727 2 238.249 -250
1486 174.978 346.727 2 229.24 -250
1487 184.978 346.727 2 220.317 -87.0927
1488 194.978 346.727 2 211.49 -86.7165
1489 204.978 346.727 2 202.772 -89.9598
1490 214.978 346.727 2 194.178 -87.2928
1491 224.978 346.727 2 185.724 -94.3103
1492 234.978 346.727 2 177.432 -108.091
1493 244.978 346.727 2 169.324 -250
1494 254.978 346.727 2 161.428 -250
1495 264.978 346.727 2 153.777 -250
1496 274.978 346.727 2 146.41 -85.5833
1497 284.978 346.727 2 139.371 -83.1983
1498 294.978 346.727 2 132.714 -89.1088
1499 304.978 346.727 2 126.496 -87.4074
1500 314.978 346.727 2 120.788 -88.3281
1501 324.978 346.727 2 115.665 -85.0529
1502 334.978 346.727 2 111.206 -86.3857
1503 344.978 346.727 2 107.496 -93.6587
1504 354.978 346.727 2 104.612 -91.1516
1505 364.978 346.727 2 102.627 -91.0343
1506 374.978 346.727 2 101.591 -86.7331
1507 384.978 346.727 2 101.534 -250
1508 394.978 346.727 2 102.458 -250
1509 404.978 346.727 2 104.337 -250
1510 414.978 346.727 2 107.12 -250
1511 424.978 346.727 2 110.739 -250
1512 434.978 346.727 2 115.116 -250
1513 444.978 346.727 2 120.167 -85.3338
1514 454.978 346.727 2 125.812 -250
1515 464.978 346.727 2 131.974 -250
1516 474.978 346.727 2 138.584 -115.506
1517 484.978 346.727 2 145.582 -95.2674
1518 84.9784 356.727 2 314.725 -120.373
1519 94.9784 356.727 2 305.353 -122.766
1520 104.978 356.727 2 296.022 -250
1521 114.978 356.727 2 286.735 -250
1522 124.978 356.727 2 277.499 -250
1523 134.978 356.727 2 268.317 -250
1524 144.978 356.727 2 259.196 -250
1525 154.978 356.727 2 250.142 -250
1526 164.978 356.727 2 241.163 -250
1527 174.978 356.727 2 232.267 -250
1528 184.978 356.727 2 223.465 -93.9865
1529 194.978 356.727 2 214.767 -84.9684
1530 204.978 356.727 2 206.188 -85.4022
1531 214.978 356.727 2 197.742 -83.1741
1532 224.978 356.727 2 189.448 -95.5326
1533 234.978 356.727 2 181.326 -93.1693
1534 244.978 356.727 2 173.4 -250
1535 254.978 356.727 2 165.698 -250
1536 264.978 356.727 2 158.254 -250
1537 274.978 356.727 2 151.106 -81.2003
1538 284.978 356.727 2 144.296 -89.9957
1539 294.978 356.727 2 137.876 -88.124
1540 304.978 356.727 2 131.903 -85.1711
1541 314.978 356.727 2 126.439 -85.2254
1542 324.978 356.727 2 121.554 -84.0845
1543 334.978 356.727 2 117.319 -89.6684
1544 344.978 356.727 2 113.808 -84.4345
1545 354.978 356.727 2 111.089 -87.4632
1546 364.978 356.727 2 109.221 -85.1653
1547 374.978 356.727 2 108.249 -87.7858
1548 384.978 356.727 2 108.195 -99.5006
1549 394.978 356.727 2 109.063 -250
1550 404.978 356.727 2 110.83 -250
1551 414.978 356.727 2 113.453 -250
1552 424.978 356.727 2 116.877 -250
1553 434.978 356.727 2 121.032 -250
1554 444.978 356.727 2 125.846 -95.3495
1555 454.978 356.727 2 131.246 -250
1556 464.978 356.727 2 137.164 -250
1557 474.978 356.727 2 143.536 -93.9031
1558 484.978 356.727 2 150.303 -84.9813
1559 84.9784 366.727 2 317.252 -132.572
1560 94.9784 366.727 2 307.957 -142.691
1561 104.978 366.727 2 298.707 -250
1562 114.978 366.727 2 289.507 -250
1563 124.978 366.727 2 280.362 -250
1564 134.978 366.727 2 271.277 -250
1565 144.978 366.727 2 262.259 -250
1566 154.978 366.727 2 253.314 -250
1567 164.978 366.727 2 244.452 -250
1568 174.978 366.727 2 235.68 -250
1569 184.978 366.727 2 227.01 -99.9881
1570 194.978 366.727 2 218.454 -250
1571 204.978 366.727 2 210.025 -250
1572 214.978 366.727 2 201.74 -250
1573 224.978 366.727 2 193.617 -250
1574 234.978 366.727 2 185.677 -250
1575 244.978 366.727 2 177.945 -250
1576 254.978 366.727 2 170.449 -250
1577 264.978 366.727 2 163.222 -250
1578 274.978 366.727 2 156.301 -90.5721
1579 284.978 366.727 2 149.728 -83.7811
1580 294.978 366.727 2 143.551 -90.7246
1581 304.978 366.727 2 137.824 -95.681
1582 314.978 366.727 2 132.604 -87.9247
1583 324.978 366.727 2 127.955 -84.3523
1584 334.978 366.727 2 123.939 -94.3291
1585 344.978 366.727 2 120.621 -83.5379
1586 354.978 366.727 2 118.058 -98.1914
1587 364.978 366.727 2 116.303 -89.3737
1588 374.978 366.727 2 115.39 -87.1742
1589 384.978 366.727 2 115.34 -91.9111
1590 394.978 366.727 2 116.154 -250
1591 404.978 366.727 2 117.814 -250
1592 414.978 366.727 2 120.286 -250
1593 424.978 366.727 2 123.52 -250
1594 434.978 366.727 2 127.458 -250
1595 444.978 366.727 2 132.038 -95.4912
1596 454.978 366.727 2 137.196 -250
1597 464.978 366.727 2 142.867 -250
1598 474.978 366.727 2 148.995 -92.5737
1599 484.978 366.727 2 155.525 -86.2527
1600 84.9784 376.727 2 320.072 -116.696
1601 94.9784 376.727 2 310.861 -137.776
1602 104.978 376.727 2 301.7 -250
1603 114.978 376.727 2 292.594 -250
1604 124.978 376.727 2 283.548 -250
1605 134.978 376.727 2 274.569 -250
1606 144.978 376.727 2 265.663 -250
1607 154.978 376.727 2 256.837 -250
1608 164.978 376.727 2 248.1 -250
1609 174.978 376.727 2 239.462 -250
1610 184.978 376.727 2 230.934 -98.1346
1611 194.978 376.727 2 222.529 -250
1612 204.978 376.727 2 214.261 -250
1613 214.978 376.727 2 206.146 -250
1614 224.978 376.727 2 198.203 -250
1615 234.978 376.727 2 190.455 -250
1616 244.978 376.727 2 182.925 -250
1617 254.978 376.727 2 175.642 -250
1618 264.978 376.727 2 168.637 -250
1619 274.978 376.727 2 161.947 -91.836
1620 284.978 376.727 2 155.613 -82.8661
1621 294.978 376.727 2 149.679 -83.2946
1622 304.978 376.727 2 144.196 -86.3605
1623 314.978 376.727 2 139.215 -85.9988
1624 324.978 376.727 2 134.794 -87.8285
1625 334.978 376.727 2 130.988 -93.1446
1626 344.978 376.727 2 127.853 -87.3037
1627 354.978 376.727 2 125.439 -84.0096
1628 364.978 376.727 2 123.787 -87.9451
1629 374.978 376.727 2 122.93 -101.348
1630 384.978 376.727 2 122.883 -250
1631 394.978 376.727 2 123.648 -250
1632 404.978 376.727 2 125.209 -250
1633 414.978 376.727 2 127.537 -250
1634 424.978 376.727 2 130.592 -250
1635 434.978 376.727 2 134.323 -250
1636 444.978 376.727 2 138.676 -250
1637 454.978 376.727 2 143.595 -250
1638 464.978 376.727 2 149.024 -250
1639 474.978 376.727 2 154.908 -93.681
1640 484.978 376.727 2 161.199 -93.5245
1641 84.9784 386.727 2 323.176 -98.7586
1642 94.9784 386.727 2 314.056 -94.3846
1643 104.978 386.727 2 304.991 -136.6
1644 114.978 386.727 2 295.987 -250
1645 124.978 386.727 2 287.048 -250
1646 134.978 386.727 2 278.182 -250
1647 144.978 386.727 2 269.395 -250
1648 154.978 386.727 2 260.696 -250
1649 164.978 386.727 2 252.093 -250
1650 174.978 386.727 2 243.596 -250
1651 184.978 386.727 2 235.218 -107.127
1652 194.978 386.727 2 226.972 -250
1653 204.978 386.727 2 218.871 -250
1654 214.978 386.727 2 210.934 -250
1655 224.978 386.727 2 203.179 -250
1656 234.978 386.727 2 195.627 -250
1657 244.978 386.727 2 188.304 -250
1658 254.978 386.727 2 181.237 -250
1659 264.978 386.727 2 174.458 -250
1660 274.978 386.727 2 168 -89.2805
1661 284.978 386.727 2 161.903 -86.212
1662 294.978 386.727 2 156.208 -90.0205
1663 304.978 386.727 2 150.962 -88.4339
1664 314.978 386.727 2 146.212 -92.3404
1665 324.978 386.727 2 142.008 -85.7868
1666 334.978 386.727 2 138.401 -86.8697
1667 344.978 386.727 2 135.438 -89.0847
1668 354.978 386.727 2 133.161 -86.2749
1669 364.978 386.727 2 131.607 -87.3485
1670 374.978 386.727 2 130.801 -86.7483
1671 384.978 386.727 2 130.757 -250
1672 394.978 386.727 2 131.475 -250
1673 404.978 386.727 2 132.945 -250
1674 414.978 386.727 2 135.14 -250
1675 424.978 386.727 2 138.026 -250
1676 434.978 386.727 2 141.562 -250
1677 444.978 386.727 2 145.699 -250
1678 454.978 386.727 2 150.388 -250
1679 464.978 386.727 2 155.58 -250
1680 474.978 386.727 2 161.225 -95.4687
1681 484.978 386.727 2 167.279 -85.6188
1682 84.9784 396.727 2 326.558 -98.0449
1683 94.9784 396.727 2 317.535 -94.5263
1684 104.978 396.727 2 308.572 -101.698
1685 114.978 396.727 2 299.675 -91.8583
1686 124.978 396.727 2 290.85 -106.973
1687 134.978 396.727 2 282.103 -101.442
1688 144.978 396.727 2 273.442 -103.039
1689 154.978 396.727 2 264.876 -99.7753
1690 164.978 396.727 2 256.413 -95.0649
1691 174.978 396.727 2 248.065 -93.635
1692 184.978 396.727 2 239.843 -99.1285
1693 194.978 396.727 2 231.761 -90.791
1694 204.978 396.727 2 223.834 -96.115
1695 214.978 396.727 2 216.079 -91.3539
1696 224.978 396.727 2 208.515 -91.6638
1697 234.978 396.727 2 201.164 -90.1246
1698 244.978 396.727 2 194.05 -250
1699 254.978 396.727 2 187.201 -250
1700 264.978 396.727 2 180.645 -250
1701 274.978 396.727 2 174.416 -85.0756
1702 284.978 396.727 2 168.551 -82.4492
1703 294.978 396.727 2 163.089 -90.1809
1704 304.978 396.727 2 158.071 -84.4592
1705 314.978 396.727 2 153.541 -95.4195
1706 324.978 396.727 2 149.544 -85.9264
1707 334.978 396.727 2 146.123 -94.0941
1708 344.978 396.727 2 143.319 -86.6199
1709 354.978 396.727 2 141.17 -83.7592
1710 364.978 396.727 2 139.704 -87.4513
1711 374.978 396.727 2 138.945 -84.2623
1712 384.978 396.727 2 138.904 -250
1713 394.978 396.727 2 139.581 -250
1714 404.978 396.727 2 140.966 -250
1715 414.978 396.727 2 143.038 -250
1716 424.978 396.727 2 145.768 -250
1717 434.978 396.727 2 149.12 -250
1718 444.978 396.727 2 153.053 -250
1719 454.978 396.727 2 157.524 -250
1720 464.978 396.727 2 162.487 -250
1721 474.978 396.727 2 167.901 -90.0039
1722 484.978 396.727 2 173.721 -86.5894
1723 84.9784 406.727 2 330.207 -132.632
1724 94.9784 406.727 2 321.287 -114.221
1725 104.978 406.727 2 312.432 -108.272
1726 114.978 406.727 2 303.648 -100.427
1727 124.978 406.727 2 294.942 -105.596
1728 134.978 406.727 2 286.32 -99.4185
1729 144.978 406.727 2 277.791 -96.9102
1730 154.978 406.727 2 269.363 -91.2869
1731 164.978 406.727 2 261.045 -101.058
1732 174.978 406.727 2 252.85 -91.0799
1733 184.978 406.727 2 244.789 -94.8252
1734 194.978 406.727 2 236.876 -97.8226
1735 204.978 406.727 2 229.126 -92.5143
1736 214.978 406.727 2 221.556 -90.1481
1737 224.978 406.727 2 214.186 -86.7588
1738 234.978 406.727 2 207.036 -89.4513
1739 244.978 406.727 2 200.131 -96.1805
1740 254.978 406.727 2 193.497 -94.5637
1741 264.978 406.727 2 187.162 -88.288
1742 274.978 406.727 2 181.157 -85.9587
1743 284.978 406.727 2 175.518 -92.2265
1744 294.978 406.727 2 170.279 -86.3534
1745 304.978 406.727 2 165.48 -86.2292
1746 314.978 406.727 2 161.158 -86.631
1747 324.978 406.727 2 157.354 -86.5374
1748 334.978 406.727 2 154.107 -88.9484
1749 344.978 406.727 2 151.451 -84.0169
1750 354.978 406.727 2 149.418 -82.5799
1751 364.978 406.727 2 148.035 -89.3772
1752 374.978 406.727 2 147.319 -86.7635
1753 384.978 406.727 2 147.28 -92.7579
1754 394.978 406.727 2 147.918 -94.5022
1755 404.978 406.727 2 149.226 -91.0415
1756 414.978 406.727 2 151.185 -92.3567
1757 424.978 406.727 2 153.77 -95.5136
1758 434.978 406.727 2 156.951 -98.0112
1759 444.978 406.727 2 160.693 -95.16
1760 454.978 406.727 2 164.957 -97.2085
1761 464.978 406.727 2 169.703 -93.8529
1762 474.978 406.727 2 174.893 -93.2683
1763 484.978 406.727 2 180.489 -88.94
1764 84.9784 416.727 2 334.117 -113.306
1765 94.9784 416.727 2 325.303 -113.558
1766 104.978 416.727 2 316.561 -100.975
1767 114.978 416.727 2 307.895 -250
1768 124.978 416.727 2 299.312 -250
1769 134.978 416.727 2 290.82 -250
1770 144.978 416.727 2 282.427 -250
1771 154.978 416.727 2 274.141 -90.7852
1772 164.978 416.727 2 265.973 -87.6454
1773 174.978 416.727 2 257.935 -84.1625
1774 184.978 416.727 2 250.037 -85.2106
1775 194.978 416.727 2 242.296 -86.7092
1776 204.978 416.727 2 234.725 -91.8133
1777 214.978 416.727 2 227.341 -85.3913
1778 224.978 416.727 2 220.165 -87.6235
1779 234.978 416.727 2 213.216 -85.4434
1780 244.978 416.727 2 206.518 -85.3814
1781 254.978 416.727 2 200.095 -88.4999
1782 264.978 416.727 2 193.976 -83.9037
1783 274.978 416.727 2 188.189 -90.4429
1784 284.978 416.727 2 182.766 -86.0192
1785 294.978 416.727 2 177.741 -88.1693
1786 304.978 416.727 2 173.149 -84.992
1787 314.978 416.727 2 169.024 -86.0264
1788 324.978 416.727 2 165.401 -87.8188
1789 334.978 416.727 2 162.314 -89.1803
1790 344.978 416.727 2 159.795 -83.6166
1791 354.978 416.727 2 157.87 -88.271
1792 364.978 416.727 2 156.561 -83.7791
1793 374.978 416.727 2 155.884 -92.471
1794 384.978 416.727 2 155.847 -84.1319
1795 394.978 416.727 2 156.451 -85.059
1796 404.978 416.727 2 157.687 -87.5679
1797 414.978 416.727 2 159.542 -91.006
1798 424.978 416.727 2 161.995 -88.9331
1799 434.978 416.727 2 165.017 -93.7886
1800 444.978 416.727 2 168.58 -91.348
1801 454.978 416.727 2 172.649 -102.117
1802 464.978 416.727 2 177.19 -94.5745
1803 474.978 416.727 2 182.167 -103.685
1804 484.978 416.727 2 187.545 -88.454
1805 84.9784 426.727 2 338.276 -98.008
1806 94.9784 426.727 2 329.575 -100.943
1807 104.978 426.727 2 320.948 -138.235
1808 114.978 426.727 2 312.404 -250
1809 124.978 426.727 2 303.949 -250
1810 134.978 426.727 2 295.59 -250
1811 144.978 426.727 2 287.336 -250
1812 154.978 426.727 2 279.196 -95.109
1813 164.978 426.727 2 271.18 -250
1814 174.978 426.727 2 263.301 -250
1815 184.978 426.727 2 255.569 -250
1816 194.978 426.727 2 248 -250
1817 204.978 426.727 2 240.609 -250
1818 214.978 426.727 2 233.412 -250
1819 224.978 426.727 2 226.428 -87.358
1820 234.978 426.727 2 219.677 -250
1821 244.978 426.727 2 213.182 -250
1822 254.978 426.727 2 206.966 -250
1823 264.978 426.727 2 201.056 -250
1824 274.978 426.727 2 195.479 -92.9093
1825 284.978 426.727 2 190.264 -89.7743
1826 294.978 426.727 2 185.443 -92.114
1827 304.978 426.727 2 181.046 -250
1828 314.978 426.727 2 177.104 -250
1829 324.978 426.727 2 173.65 -250
1830 334.978 426.727 2 170.713 -250
1831 344.978 426.727 2 168.319 -250
1832 354.978 426.727 2 166.493 -250
1833 364.978 426.727 2 165.253 -250
1834 374.978 426.727 2 164.611 -250
1835 384.978 426.727 2 164.576 -250
1836 394.978 426.727 2 165.148 -250
1837 404.978 426.727 2 166.32 -250
1838 414.978 426.727 2 168.08 -250
1839 424.978 426.727 2 170.409 -250
1840 434.978 426.727 2 173.285 -250
1841 444.978 426.727 2 176.681 -250
1842 454.978 426.727 2 180.568 -250
1843 464.978 426.727 2 184.914 -106.127
1844 474.978 426.727 2 189.688 -90.0979
1845 484.978 426.727 2 194.859 -250
1846 84.9784 436.727 2 342.678 -120.908
1847 94.9784 436.727 2 334.09 -128.965
1848 104.978 436.727 2 325.584 -142.924
1849 114.978 436.727 2 317.165 -250
1850 124.978 436.727 2 308.84 -250
1851 134.978 436.727 2 300.617 -250
1852 144.978 436.727 2 292.504 -250
1853 154.978 436.727 2 284.512 -99.9338
1854 164.978 436.727 2 276.651 -250
1855 174.978 436.727 2 268.932 -250
1856 184.978 436.727 2 261.367 -250
1857 194.978 436.727 2 253.971 -250
1858 204.978 436.727 2 246.758 -250
1859 214.978 436.727 2 239.746 -250
1860 224.978 436.727 2 232.952 -99.3102
1861 234.978 436.727 2 226.396 -250
1862 244.978 436.727 2 220.099 -250
1863 254.978 436.727 2 214.084 -250
1864 264.978 436.727 2 208.376 -250
1865 274.978 436.727 2 203 -90.3872
1866 284.978 436.727 2 197.984 -86.1592
1867 294.978 436.727 2 193.355 -110.092
1868 304.978 436.727 2 189.142 -250
1869 314.978 436.727 2 185.373 -250
1870 324.978 436.727 2 182.076 -250
1871 334.978 436.727 2 179.276 -250
1872 344.978 436.727 2 176.998 -250
1873 354.978 436.727 2 175.262 -250
1874 364.978 436.727 2 174.085 -250
1875 374.978 436.727 2 173.476 -250
1876 384.978 436.727 2 173.443 -250
1877 394.978 436.727 2 173.985 -250
1878 404.978 436.727 2 175.098 -250
1879 414.978 436.727 2 176.771 -250
1880 424.978 436.727 2 178.987 -250
1881 434.978 436.727 2 181.727 -250
1882 444.978 436.727 2 184.968 -250
1883 454.978 436.727 2 188.684 -250
1884 464.978 436.727 2 192.848 -115.916
1885 474.978 436.727 2 197.43 -87.5307
1886 484.978 436.727 2 202.404 -250
1887 84.9784 446.727 2 347.311 -121.557
1888 94.9784 446.727 2 338.841 -133.153
1889 104.978 446.727 2 330.457 -138.334
1890 114.978 446.727 2 322.165 -250
1891 124.978 446.727 2 313.973 -250
1892 134.978 446.727 2 305.888 -250
1893 144.978 446.727 2 297.919 -250
1894 154.978 446.727 2 290.076 -116.159
1895 164.978 446.727 2 282.37 -250
1896 174.978 446.727 2 274.811 -250
1897 184.978 446.727 2 267.413 -250
1898 194.978 446.727 2 260.189 -250
1899 204.978 446.727 2 253.154 -250
1900 214.978 446.727 2 246.323 -250
1901 224.978 446.727 2 239.716 -97.95
1902 234.978 446.727 2 233.35 -250
1903 244.978 446.727 2 227.246 -250
1904 254.978 446.727 2 221.425 -250
1905 264.978 446.727 2 215.911 -250
1906 274.978 446.727 2 210.728 -84.5725
1907 284.978 446.727 2 205.899 -96.6073
1908 294.978 446.727 2 201.452 -109.286
1909 304.978 446.727 2 197.412 -250
1910 314.978 446.727 2 193.804 -250
1911 324.978 446.727 2 190.653 -250
1912 334.978 446.727 2 187.981 -250
1913 344.978 446.727 2 185.81 -250
1914 354.978 446.727 2 184.157 -250
1915 364.978 446.727 2 183.037 -250
1916 374.978 446.727 2 182.458 -250
1917 384.978 446.727 2 182.426 -250
1918 394.978 446.727 2 182.942 -250
1919 404.978 446.727 2 184.001 -250
1920 414.978 446.727 2 185.593 -250
1921 424.978 446.727 2 187.705 -250
1922 434.978 446.727 2 190.32 -250
1923 444.978 446.727 2 193.417 -250
1924 454.978 446.727 2 196.974 -250
1925 464.978 446.727 2 200.966 -93.4987
1926 474.978 446.727 2 205.367 -90.609
1927 484.978 446.727 2 210.153 -250
1928 84.9784 456.727 2 352.168 -121.61
1929 94.9784 456.727 2 343.817 -128.213
1930 104.978 456.727 2 335.558 -134.433
1931 114.978 456.727 2 327.395 -250
1932 124.978 456.727 2 319.337 -250
1933 134.978 456.727 2 311.391 -250
1934 144.978 456.727 2 303.567 -250
1935 154.978 456.727 2 295.874 -112.802
1936 164.978 456.727 2 288.322 -250
1937 174.978 456.727 2 280.924 -250
1938 184.978 456.727 2 273.691 -250
1939 194.978 456.727 2 266.637 -250
1940 204.978 456.727 2 259.776 -250
1941 214.978 456.727 2 253.125 -250
1942 224.978 456.727 2 246.7 -104.723
1943 234.978 456.727 2 240.519 -250
1944 244.978 456.727 2 234.601 -250
1945 254.978 456.727 2 228.968 -250
1946 264.978 456.727 2 223.64 -250
1947 274.978 456.727 2 218.639 -88.8366
1948 284.978 456.727 2 213.99 -91.9008
1949 294.978 456.727 2 209.714 -91.6968
1950 304.978 456.727 2 205.836 -250
1951 314.978 456.727 2 202.378 -250
1952 324.978 456.727 2 199.363 -250
1953 334.978 456.727 2 196.81 -250
1954 344.978 456.727 2 194.737 -250
1955 354.978 456.727 2 193.16 -250
1956 364.978 456.727 2 192.092 -250
1957 374.978 456.727 2 191.541 -250
1958 384.978 456.727 2 191.511 -250
1959 394.978 456.727 2 192.002 -250
1960 404.978 456.727 2 193.011 -250
1961 414.978 456.727 2 194.53 -250
1962 424.978 456.727 2 196.546 -250
1963 434.978 456.727 2 199.045 -250
1964 444.978 456.727 2 202.008 -250
1965 454.978 456.727 2 205.416 -250
1966 464.978 456.727 2 209.247 -97.2151
1967 474.978 456.727 2 213.478 -94.0808
1968 484.978 456.727 2 218.085 -250
1969 84.9784 466.727 2 357.238 -125.057
1970 94.9784 466.727 2 349.009 -127.253
1971 104.978 466.727 2 340.875 -144.634
1972 114.978 466.727 2 332.843 -250
1973 124.978 466.727 2 324.92 -250
1974 134.978 466.727 2 317.114 -250
1975 144.978 466.727 2 309.435 -250
1976 154.978 466.727 2 301.891 -133.69
1977 164.978 466.727 2 294.494 -250
1978 174.978 466.727 2 287.255 -250
1979 184.978 466.727 2 280.185 -250
1980 194.978 466.727 2 273.299 -250
1981 204.978 466.727 2 266.61 -250
1982 214.978 466.727 2 260.133 -250
1983 224.978 466.727 2 253.885 -114.938
1984 234.978 466.727 2 247.883 -250
1985 244.978 466.727 2 242.146 -250
1986 254.978 466.727 2 236.692 -250
1987 264.978 466.727 2 231.542 -250
1988 274.978 466.727 2 226.716 -89.0513
1989 284.978 466.727 2 222.235 -92.1787
1990 294.978 466.727 2 218.122 -93.0002
1991 304.978 466.727 2 214.396 -250
1992 314.978 466.727 2 211.078 -250
1993 324.978 466.727 2 208.189 -250
1994 334.978 466.727 2 205.745 -250
1995 344.978 466.727 2 203.763 -250
1996 354.978 466.727 2 202.257 -250
1997 364.978 466.727 2 201.237 -250
1998 374.978 466.727 2 200.711 -250
1999 384.978 466.727 2 200.682 -250
2000 394.978 466.727 2 201.151 -250
2001 404.978 466.727 2 202.115 -250
2002 414.978 466.727 2 203.565 -250
2003 424.978 466.727 2 205.493 -250
2004 434.978 466.727 2 207.884 -250
2005 444.978 466.727 2 210.723 -250
2006 454.978 466.727 2 213.993 -250
2007 464.978 466.727 2 217.672 -89.8696
2008 474.978 466.727 2 221.743 -89.7765
2009 484.978 466.727 2 226.182 -250
2010 84.9784 476.727 2 362.513 -123.132
2011 94.9784 476.727 2 354.407 -127.092
2012 104.978 476.727 2 346.4 -130.269
2013 114.978 476.727 2 338.499 -130.4
2014 124.978 476.727 2 330.711 -141.881
2015 134.978 476.727 2 323.046 -137.23
2016 144.978 476.727 2 315.511 -130.875
2017 154.978 476.727 2 308.116 -133.228
2018 164.978 476.727 2 300.872 -128.099
2019 174.978 476.727 2 293.79 -126.039
2020 184.978 476.727 2 286.881 -123.649
2021 194.978 476.727 2 280.159 -141.239
2022 204.978 476.727 2 273.638 -149.514
2023 214.978 476.727 2 267.332 -136.523
2024 224.978 476.727 2 261.256 -110.617
2025 234.978 476.727 2 255.428 -126.31
2026 244.978 476.727 2 249.863 -123.572
2027 254.978 476.727 2 244.582 -117.701
2028 264.978 476.727 2 239.601 -111.616
2029 274.978 476.727 2 234.941 -99.6475
2030 284.978 476.727 2 230.62 -94.5055
2031 294.978 476.727 2 226.659 -99.9286
2032 304.978 476.727 2 223.075 -250
2033 314.978 476.727 2 219.889 -250
2034 324.978 476.727 2 217.116 -250
2035 334.978 476.727 2 214.774 -250
2036 344.978 476.727 2 212.877 -250
2037 354.978 476.727 2 211.436 -250
2038 364.978 476.727 2 210.46 -250
2039 374.978 476.727 2 209.957 -250
2040 384.978 476.727 2 209.93 -250
2041 394.978 476.727 2 210.378 -250
2042 404.978 476.727 2 211.299 -250
2043 414.978 476.727 2 212.687 -250
2044 424.978 476.727 2 214.533 -250
2045 434.978 476.727 2 216.825 -250
2046 444.978 476.727 2 219.548 -250
2047 454.978 476.727 2 222.688 -250
2048 464.978 476.727 2 226.226 -94.3931
2049 474.978 476.727 2 230.145 -102.594
2050 484.978 476.727 2 234.425 -250
2051 84.9784 486.727 2 367.985 -142.217
2052 94.9784 486.727 2 360.002 -126.186
2053 104.978 486.727 2 352.122 -124.321
2054 114.978 486.727 2 344.352 -132.182
2055 124.978 486.727 2 336.7 -139.316
2056 134.978 486.727 2 329.174 -131.485
2057 144.978 486.727 2 321.782 -125.75
2058 154.978 486.727 2 314.535 -123.883
2059 164.978 486.727 2 307.442 -136.649
2060 174.978 486.727 2 300.515 -133.225
2061 184.978 486.727 2 293.765 -131.843
2062 194.978 486.727 2 287.204 -117.876
2063 204.978 486.727 2 280.847 -143.217
2064 214.978 486.727 2 274.706 -111.906
2065 224.978 486.727 2 268.797 -136.068
2066 234.978 486.727 2 263.135 -114.789
2067 244.978 486.727 2 257.738 -111.715
2068 254.978 486.727 2 252.621 -108.399
2069 264.978 486.727 2 247.802 -104.092
2070 274.978 486.727 2 243.299 -110.006
2071 284.978 486.727 2 239.129 -89.7976
2072 294.978 486.727 2 235.311 -98.1722
2073 304.978 486.727 2 231.861 -97.1122
2074 314.978 486.727 2 228.797 -98.3836
2075 324.978 486.727 2 226.134 -119.142
2076 334.978 486.727 2 223.886 -132.182
2077 344.978 486.727 2 222.067 -139.725
2078 354.978 486.727 2 220.685 -147.108
2079 364.978 486.727 2 219.751 -155.299
2080 374.978 486.727 2 219.269 -149.114
2081 384.978 486.727 2 219.243 -147.13
2082 394.978 486.727 2 219.672 -138.861
2083 404.978 486.727 2 220.555 -145.364
2084 414.978 486.727 2 221.885 -144.965
2085 424.978 486.727 2 223.655 -144.663
2086 434.978 486.727 2 225.854 -155.527
2087 444.978 486.727 2 228.47 -156.145
2088 454.978 486.727 2 231.488 -163.205
2089 464.978 486.727 2 234.894 -92.2971
2090 474.978 486.727 2 238.671 -95.8672
2091 484.978 486.727 2 242.801 -97.5492
2092 84.9784 496.727 2 373.644 -125.831
2093 94.9784 496.727 2 365.785 -128.609
2094 104.978 496.727 2 358.032 -250
2095 114.978 496.727 2 350.393 -250
2096 124.978 496.727 2 342.876 -250
2097 134.978 496.727 2 335.488 -250
2098 144.978 496.727 2 328.239 -250
2099 154.978 496.727 2 321.138 -250
2100 164.978 496.727 2 314.194 -250
2101 174.978 496.727 2 307.419 -250
2102 184.978 496.727 2 300.824 -250
2103 194.978 496.727 2 294.42 -250
2104 204.978 496.727 2 288.222 -112.582
2105 214.978 496.727 2 282.242 -122.442
2106 224.978 496.727 2 276.494 -115.433
2107 234.978 496.727 2 270.993 -250
2108 244.978 496.727 2 265.755 -250
2109 254.978 496.727 2 260.795 -250
2110 264.978 496.727 2 256.13 -250
2111 274.978 496.727 2 251.776 -114.507
2112 284.978 496.727 2 247.749 -116.763
2113 294.978 496.727 2 244.066 -90.4936
2114 304.978 496.727 2 240.742 -92.7833
2115 314.978 496.727 2 237.792 -107.176
2116 324.978 496.727 2 235.231 -121.013
2117 334.978 496.727 2 233.071 -132.602
2118 344.978 496.727 2 231.324 -137.468
2119 354.978 496.727 2 229.998 -143.22
2120 364.978 496.727 2 229.102 -141.776
2121 374.978 496.727 2 228.639 -142.271
2122 384.978 496.727 2 228.614 -142.742
2123 394.978 496.727 2 229.026 -142.47
2124 404.978 496.727 2 229.873 -143.725
2125 414.978 496.727 2 231.149 -143.454
2126 424.978 496.727 2 232.848 -140.659
2127 434.978 496.727 2 234.961 -144.504
2128 444.978 496.727 2 237.477 -142.36
2129 454.978 496.727 2 240.383 -94.8842
2130 464.978 496.727 2 243.664 -109.215
2131 474.978 496.727 2 247.307 -98.9924
2132 484.978 496.727 2 251.295 -99.8489
2133 84.9784 506.727 2 379.483 -131.652
2134 94.9784 506.727 2 371.747 -145.48
2135 104.978 506.727 2 364.121 -250
2136 114.978 506.727 2 356.613 -250
2137 124.978 506.727 2 349.229 -250
2138 134.978 506.727 2 341.979 -250
2139 144.978 506.727 2 334.87 -250
2140 154.978 506.727 2 327.912 -250
2141 164.978 506.727 2 321.115 -250
2142 174.978 506.727 2 314.489 -250
2143 184.978 506.727 2 308.045 -250
2144 194.978 506.727 2 301.795 -250
2145 204.978 506.727 2 295.751 -112.969
2146 214.978 506.727 2 289.926 -126.4
2147 224.978 506.727 2 284.334 -135.792
2148 234.978 506.727 2 278.988 -250
2149 244.978 506.727 2 273.903 -250
2150 254.978 506.727 2 269.093 -250
2151 264.978 506.727 2 264.575 -250
2152 274.978 506.727 2 260.362 -113.588
2153 284.978 506.727 2 256.47 -119.737
2154 294.978 506.727 2 252.913 -250
2155 304.978 506.727 2 249.707 -250
2156 314.978 506.727 2 246.865 -250
2157 324.978 506.727 2 244.398 -250
2158 334.978 506.727 2 242.32 -250
2159 344.978 506.727 2 240.64 -250
2160 354.978 506.727 2 239.366 -250
2161 364.978 506.727 2 238.505 -250
2162 374.978 506.727 2 238.061 -250
2163 384.978 506.727 2 238.037 -250
2164 394.978 506.727 2 238.432 -250
2165 404.978 506.727 2 239.246 -250
2166 414.978 506.727 2 240.472 -250
2167 424.978 506.727 2 242.106 -143.364
2168 434.978 506.727 2 244.139 -152.428
2169 444.978 506.727 2 246.561 -127.632
2170 454.978 506.727 2 249.361 -97.7116
2171 464.978 506.727 2 252.526 -102.982
2172 474.978 506.727 2 256.043 -115.325
2173 484.978 506.727 2 259.897 -250
2174 84.9784 516.727 2 385.492 -162.482
2175 94.9784 516.727 2 377.879 -143.104
2176 104.978 516.727 2 370.38 -250
2177 114.978 516.727 2 363.001 -250
2178 124.978 516.727 2 355.75 -250
2179 134.978 516.727 2 348.635 -250
2180 144.978 516.727 2 341.665 -250
2181 154.978 516.727 2 334.848 -250
2182 164.978 516.727 2 328.195 -250
2183 174.978 516.727 2 321.715 -250
2184 184.978 516.727 2 315.419 -250
2185 194.978 516.727 2 309.318 -250
2186 204.978 516.727 2 303.424 -119.113
2187 214.978 516.727 2 297.749 -106.709
2188 224.978 516.727 2 292.306 -128.659
2189 234.978 516.727 2 287.109 -250
2190 244.978 516.727 2 282.17 -250
2191 254.978 516.727 2 277.504 -250
2192 264.978 516.727 2 273.124 -250
2193 274.978 516.727 2 269.045 -111.674
2194 284.978 516.727 2 265.28 -100.058
2195 294.978 516.727 2 261.844 -250
2196 304.978 516.727 2 258.748 -250
2197 314.978 516.727 2 256.006 -250
2198 324.978 516.727 2 253.629 -250
2199 334.978 516.727 2 251.627 -250
2200 344.978 516.727 2 250.009 -250
2201 354.978 516.727 2 248.783 -250
2202 364.978 516.727 2 247.955 -250
2203 374.978 516.727 2 247.528 -250
2204 384.978 516.727 2 247.505 -250
2205 394.978 516.727 2 247.885 -250
2206 404.978 516.727 2 248.667 -250
2207 414.978 516.727 2 249.848 -250
2208 424.978 516.727 2 251.421 -141.737
2209 434.978 516.727 2 253.379 -127.308
2210 444.978 516.727 2 255.714 -92.5433
2211 454.978 516.727 2 258.414 -105.823
2212 464.978 516.727 2 261.47 -113.572
2213 474.978 516.727 2 264.868 -103.635
2214 484.978 516.727 2 268.595 -250
2215 84.9784 526.727 2 391.665 -142.043
2216 94.9784 526.727 2 384.174 -139.848
2217 104.978 526.727 2 376.8 -250
2218 114.978 526.727 2 369.549 -250
2219 124.978 526.727 2 362.429 -250
2220 134.978 526.727 2 355.448 -250
2221 144.978 526.727 2 348.614 -250
2222 154.978 526.727 2 341.936 -250
2223 164.978 526.727 2 335.424 -250
2224 174.978 526.727 2 329.086 -250
2225 184.978 526.727 2 322.933 -250
2226 194.978 526.727 2 316.977 -250
2227 204.978 526.727 2 311.228 -110.142
2228 214.978 526.727 2 305.698 -113.379
2229 224.978 526.727 2 300.399 -104.039
2230 234.978 526.727 2 295.344 -250
2231 244.978 526.727 2 290.546 -250
2232 254.978 526.727 2 286.016 -250
2233 264.978 526.727 2 281.769 -250
2234 274.978 526.727 2 277.817 -116.308
2235 284.978 526.727 2 274.173 -115.511
2236 294.978 526.727 2 270.849 -250
2237 304.978 526.727 2 267.858 -250
2238 314.978 526.727 2 265.21 -250
2239 324.978 526.727 2 262.916 -250
2240 334.978 526.727 2 260.985 -250
2241 344.978 526.727 2 259.426 -250
2242 354.978 526.727 2 258.244 -250
2243 364.978 526.727 2 257.446 -250
2244 374.978 526.727 2 257.035 -250
2245 384.978 526.727 2 257.013 -250
2246 394.978 526.727 2 257.379 -250
2247 404.978 526.727 2 258.133 -250
2248 414.978 526.727 2 259.27 -250
2249 424.978 526.727 2 260.786 -133.646
2250 434.978 526.727 2 262.675 -113.262
2251 444.978 526.727 2 264.927 -101.097
2252 454.978 526.727 2 267.535 -115.091
2253 464.978 526.727 2 270.487 -119.33
2254 474.978 526.727 2 273.773 -102.817
2255 484.978 526.727 2 277.381 -250
2256 84.9784 536.727 2 397.993 -134.312
2257 94.9784 536.727 2 390.623 -143.09
2258 104.978 536.727 2 383.373 -250
2259 114.978 536.727 2 376.249 -250
2260 124.978 536.727 2 369.259 -250
2261 134.978 536.727 2 362.409 -250
2262 144.978 536.727 2 355.709 -250
2263 154.978 536.727 2 349.167 -250
2264 164.978 536.727 2 342.791 -250
2265 174.978 536.727 2 336.592 -250
2266 184.978 536.727 2 330.58 -250
2267 194.978 536.727 2 324.764 -250
2268 204.978 536.727 2 319.155 -115.514
2269 214.978 536.727 2 313.765 -110.067
2270 224.978 536.727 2 308.605 -112.598
2271 234.978 536.727 2 303.686 -250
2272 244.978 536.727 2 299.021 -250
2273 254.978 536.727 2 294.622 -250
2274 264.978 536.727 2 290.501 -250
2275 274.978 536.727 2 286.669 -103.828
2276 284.978 536.727 2 283.139 -123.257
2277 294.978 536.727 2 279.922 -250
2278 304.978 536.727 2 277.028 -250
2279 314.978 536.727 2 274.469 -250
2280 324.978 536.727 2 272.253 -250
2281 334.978 536.727 2 270.389 -250
2282 344.978 536.727 2 268.884 -250
2283 354.978 536.727 2 267.745 -250
2284 364.978 536.727 2 266.975 -250
2285 374.978 536.727 2 266.578 -250
2286 384.978 536.727 2 266.557 -250
2287 394.978 536.727 2 266.91 -250
2288 404.978 536.727 2 267.637 -250
2289 414.978 536.727 2 268.734 -250
2290 424.978 536.727 2 270.197 -134.213
2291 434.978 536.727 2 272.02 -94.2857
2292 444.978 536.727 2 274.196 -104.281
2293 454.978 536.727 2 276.716 -112.488
2294 464.978 536.727 2 279.572 -102.787
2295 474.978 536.727 2 282.752 -119.039
2296 484.978 536.727 2 286.247 -250
2297 84.9784 546.727 2 404.469 -134.151
2298 94.9784 546.727 2 397.22 -145.007
2299 104.978 546.727 2 390.092 -250
2300 114.978 546.727 2 383.093 -250
2301 124.978 546.727 2 376.23 -250
2302 134.978 546.727 2 369.51 -250
2303 144.978 546.727 2 362.941 -250
2304 154.978 546.727 2 356.531 -250
2305 164.978 546.727 2 350.29 -250
2306 174.978 546.727 2 344.226 -250
2307 184.978 546.727 2 338.349 -250
2308 194.978 546.727 2 332.669 -250
2309 204.978 546.727 2 327.196 -106.231
2310 214.978 546.727 2 321.94 -109.765
2311 224.978 546.727 2 316.913 -112.29
2312 234.978 546.727 2 312.126 -250
2313 244.978 546.727 2 307.589 -250
2314 254.978 546.727 2 303.314 -250
2315 264.978 546.727 2 299.312 -250
2316 274.978 546.727 2 295.595 -121.878
2317 284.978 546.727 2 292.172 -119.652
2318 294.978 546.727 2 289.056 -250
2319 304.978 546.727 2 286.255 -250
2320 314.978 546.727 2 283.778 -250
2321 324.978 546.727 2 281.636 -250
2322 334.978 546.727 2 279.834 -250
2323 344.978 546.727 2 278.38 -250
2324 354.978 546.727 2 277.28 -250
2325 364.978 546.727 2 276.537 -250
2326 374.978 546.727 2 276.154 -250
2327 384.978 546.727 2 276.133 -250
2328 394.978 546.727 2 276.474 -250
2329 404.978 546.727 2 277.176 -250
2330 414.978 546.727 2 278.236 -250
2331 424.978 546.727 2 279.649 -95.4016
2332 434.978 546.727 2 281.411 -105.321
2333 444.978 546.727 2 283.515 -109.756
2334 454.978 546.727 2 285.953 -103.933
2335 464.978 546.727 2 288.717 -103.392
2336 474.978 546.727 2 291.798 -119.112
2337 484.978 546.727 2 295.185 -250
2338 84.9784 556.727 2 411.087 -136.681
2339 94.9784 556.727 2 403.956 -134.617
2340 104.978 556.727 2 396.95 -146.566
2341 114.978 556.727 2 390.074 -142.968
2342 124.978 556.727 2 383.335 -147.479
2343 134.978 556.727 2 376.742 -151.418
2344 144.978 556.727 2 370.301 -141.087
2345 154.978 556.727 2 364.021 -139.76
2346 164.978 556.727 2 357.911 -152.785
2347 174.978 556.727 2 351.978 -135.606
2348 184.978 556.727 2 346.233 -131.738
2349 194.978 556.727 2 340.684 -152.861
2350 204.978 556.727 2 335.342 -102.5
2351 214.978 556.727 2 330.216 -99.8459
2352 224.978 556.727 2 325.317 -119.694
2353 234.978 556.727 2 320.655 -105.617
2354 244.978 556.727 2 316.24 -133.397
2355 254.978 556.727 2 312.084 -147.067
2356 264.978 556.727 2 308.196 -110.2
2357 274.978 556.727 2 304.587 -119.405
2358 284.978 556.727 2 301.267 -116.914
2359 294.978 556.727 2 298.245 -128.219
2360 304.978 556.727 2 295.531 -150.597
2361 314.978 556.727 2 293.133 -158.024
2362 324.978 556.727 2 291.06 -150.92
2363 334.978 556.727 2 289.317 -151.436
2364 344.978 556.727 2 287.911 -164.346
2365 354.978 556.727 2 286.847 -156.914
2366 364.978 556.727 2 286.129 -160.734
2367 374.978 556.727 2 285.759 -146.206
2368 384.978 556.727 2 285.739 -149.286
2369 394.978 556.727 2 286.068 -149.217
2370 404.978 556.727 2 286.747 -144.083
2371 414.978 556.727 2 287.771 -160.59
2372 424.978 556.727 2 289.138 -97.893
2373 434.978 556.727 2 290.842 -106.37
2374 444.978 556.727 2 292.878 -109.997
2375 454.978 556.727 2 295.239 -102.168
2376 464.978 556.727 2 297.917 -126.318
2377 474.978 556.727 2 300.904 -119.508
2378 484.978 556.727 2 304.19 -135.43
2379 84.9784 566.727 2 417.839 -135.035
2380 94.9784 566.727 2 410.826 -132.37
2381 104.978 566.727 2 403.938 -136.161
2382 114.978 566.727 2 397.183 -136.708
2383 124.978 566.727 2 390.568 -132.99
2384 134.978 566.727 2 384.098 -134.904
2385 144.978 566.727 2 377.783 -131.311
2386 154.978 566.727 2 371.63 -130.787
2387 164.978 566.727 2 365.646 -134.694
2388 174.978 566.727 2 359.841 -132.836
2389 184.978 566.727 2 354.223 -119.814
2390 194.978 566.727 2 348.801 -95.667
2391 204.978 566.727 2 343.585 -104.034
2392 214.978 566.727 2 338.584 -94.9906
2393 224.978 566.727 2 333.808 -97.5966
2394 234.978 566.727 2 329.266 -96.5137
2395 244.978 566.727 2 324.969 -114.277
2396 254.978 566.727 2 320.926 -102.691
2397 264.978 566.727 2 317.146 -113.779
2398 274.978 566.727 2 313.64 -109.557
2399 284.978 566.727 2 310.417 -108.072
2400 294.978 566.727 2 307.485 -115.504
2401 304.978 566.727 2 304.854 -117.113
2402 314.978 566.727 2 302.53 -137.484
2403 324.978 566.727 2 300.521 -135.951
2404 334.978 566.727 2 298.833 -152.312
2405 344.978 566.727 2 297.472 -140.797
2406 354.978 566.727 2 296.443 -141.986
2407 364.978 566.727 2 295.748 -143.925
2408 374.978 566.727 2 295.39 -145.295
2409 384.978 566.727 2 295.37 -147.541
2410 394.978 566.727 2 295.689 -142.68
2411 404.978 566.727 2 296.345 -150.13
2412 414.978 566.727 2 297.337 -93.9406
2413 424.978 566.727 2 298.66 -106.288
2414 434.978 566.727 2 300.31 -109.647
2415 444.978 566.727 2 302.282 -104.183
2416 454.978 566.727 2 304.57 -104.187
2417 464.978 566.727 2 307.167 -120.509
2418 474.978 566.727 2 310.064 -133.102
2419 484.978 566.727 2 313.255 -126.503
2420 84.9784 576.727 2 424.719 -127.042
2421 94.9784 576.727 2 417.821 -133.059
2422 104.978 576.727 2 411.051 -131.392
2423 114.978 576.727 2 404.415 -134.218
2424 124.978 576.727 2 397.92 -127.521
2425 134.978 576.727 2 391.572 -144.71
2426 144.978 576.727 2 385.379 -136.655
2427 154.978 576.727 2 379.349 -125.143
2428 164.978 576.727 2 373.489 -129.688
2429 174.978 576.727 2 367.808 -122.202
2430 184.978 576.727 2 362.313 -100.628
2431 194.978 576.727 2 357.015 -96.1333
2432 204.978 576.727 2 351.92 -99.5541
2433 214.978 576.727 2 347.04 -98.3411
2434 224.978 576.727 2 342.381 -95.5029
2435 234.978 576.727 2 337.955 -95.295
2436 244.978 576.727 2 333.769 -97.2555
2437 254.978 576.727 2 329.834 -103.298
2438 264.978 576.727 2 326.158 -112.368
2439 274.978 576.727 2 322.75 -119.624
2440 284.978 576.727 2 319.618 -130.275
2441 294.978 576.727 2 316.772 -115.772
2442 304.978 576.727 2 314.218 -119.363
2443 314.978 576.727 2 311.964 -111.946
2444 324.978 576.727 2 310.016 -134.803
2445 334.978 576.727 2 308.38 -145.367
2446 344.978 576.727 2 307.061 -135.27
2447 354.978 576.727 2 306.064 -135.976
2448 364.978 576.727 2 305.391 -138.758
2449 374.978 576.727 2 305.045 -131.677
2450 384.978 576.727 2 305.026 -132.607
2451 394.978 576.727 2 305.334 -133.195
2452 404.978 576.727 2 305.97 -113.738
2453 414.978 576.727 2 306.93 -98.9634
2454 424.978 576.727 2 308.212 -107.533
2455 434.978 576.727 2 309.811 -103.725
2456 444.978 576.727 2 311.723 -106.479
2457 454.978 576.727 2 313.943 -117.819
2458 464.978 576.727 2 316.462 -125.064
2459 474.978 576.727 2 319.276 -120.153
2460 484.978 576.727 2 322.375 -117.446
2461 84.9784 586.727 2 431.721 -126.684
2462 94.9784 586.727 2 424.937 -136.799
2463 104.978 586.727 2 418.282 -130.909
2464 114.978 586.727 2 411.763 -130.147
2465 124.978 586.727 2 405.385 -134.041
2466 134.978 586.727 2 399.156 -127.595
2467 144.978 586.727 2 393.083 -127.297
2468 154.978 586.727 2 387.173 -123.233
2469 164.978 586.727 2 381.433 -121.666
2470 174.978 586.727 2 375.872 -110.692
2471 184.978 586.727 2 370.497 -91.4025
2472 194.978 586.727 2 365.317 -100.425
2473 204.978 586.727 2 360.34 -99.3028
2474 214.978 586.727 2 355.575 -110.854
2475 224.978 586.727 2 351.03 -96.419
2476 234.978 586.727 2 346.714 -97.5308
2477 244.978 586.727 2 342.635 -97.6677
2478 254.978 586.727 2 338.803 -92.4061
2479 264.978 586.727 2 335.225 -122.518
2480 274.978 586.727 2 331.91 -121.108
2481 284.978 586.727 2 328.866 -127.558
2482 294.978 586.727 2 326.1 -118.756
2483 304.978 586.727 2 323.62 -119.402
2484 314.978 586.727 2 321.432 -114.265
2485 324.978 586.727 2 319.541 -117.691
2486 334.978 586.727 2 317.955 -135.618
2487 344.978 586.727 2 316.676 -137.892
2488 354.978 586.727 2 315.709 -132.194
2489 364.978 586.727 2 315.057 -131.764
2490 374.978 586.727 2 314.721 -129.995
2491 384.978 586.727 2 314.702 -130.165
2492 394.978 586.727 2 315.002 -128.522
2493 404.978 586.727 2 315.618 -94.9876
2494 414.978 586.727 2 316.549 -99.9405
2495 424.978 586.727 2 317.792 -109.298
2496 434.978 586.727 2 319.343 -105.174
2497 444.978 586.727 2 321.199 -122.553
2498 454.978 586.727 2 323.353 -119.112
2499 464.978 586.727 2 325.8 -128.704
2500 474.978 586.727 2 328.533 -117.572
2501 484.978 586.727 2 331.546 -118.355
