# <Transmitter Set: Tx: 20 tx_ant_grid_60_m - Point 13> 
# <Receiver Set: Rx: 17 rx_ant_grid> 
# <X(m)> <Y(m)> <Z(m)> <Distance(m)> <PathGain(dB)>
1 84.9784 -13.2734 2 282.307 -89.4078
2 94.9784 -13.2734 2 275.473 -88.2233
3 104.978 -13.2734 2 268.838 -101.319
4 114.978 -13.2734 2 262.417 -111.698
5 124.978 -13.2734 2 256.225 -90.0007
6 134.978 -13.2734 2 250.279 -89.057
7 144.978 -13.2734 2 244.598 -94.0438
8 154.978 -13.2734 2 239.2 -91.2962
9 164.978 -13.2734 2 234.105 -125.622
10 174.978 -13.2734 2 229.333 -126.702
11 184.978 -13.2734 2 224.904 -112.015
12 194.978 -13.2734 2 220.84 -105.946
13 204.978 -13.2734 2 217.161 -103.17
14 214.978 -13.2734 2 213.886 -115.154
15 224.978 -13.2734 2 211.035 -114.541
16 234.978 -13.2734 2 208.625 -113.568
17 244.978 -13.2734 2 206.671 -114.386
18 254.978 -13.2734 2 205.186 -113.438
19 264.978 -13.2734 2 204.181 -89.8233
20 274.978 -13.2734 2 203.662 -87.7313
21 284.978 -13.2734 2 203.634 -88.8676
22 294.978 -13.2734 2 204.096 -115.77
23 304.978 -13.2734 2 205.046 -104.205
24 314.978 -13.2734 2 206.476 -105.359
25 324.978 -13.2734 2 208.376 -102.791
26 334.978 -13.2734 2 210.735 -139.499
27 344.978 -13.2734 2 213.536 -108.96
28 354.978 -13.2734 2 216.763 -107.75
29 364.978 -13.2734 2 220.396 -93.2419
30 374.978 -13.2734 2 224.417 -124.045
31 384.978 -13.2734 2 228.805 -99.1672
32 394.978 -13.2734 2 233.538 -95.2011
33 404.978 -13.2734 2 238.597 -93.2953
34 414.978 -13.2734 2 243.961 -87.4728
35 424.978 -13.2734 2 249.611 -84.6956
36 434.978 -13.2734 2 255.527 -87.9746
37 444.978 -13.2734 2 261.692 -89.3396
38 454.978 -13.2734 2 268.088 -115.176
39 464.978 -13.2734 2 274.699 -109.538
40 474.978 -13.2734 2 281.51 -120.624
41 484.978 -13.2734 2 288.507 -123.208
42 84.9784 -3.2734 2 275.489 -89.933
43 94.9784 -3.2734 2 268.482 -89.4245
44 104.978 -3.2734 2 261.67 -93.9022
45 114.978 -3.2734 2 255.068 -118.243
46 124.978 -3.2734 2 248.693 -121.901
47 134.978 -3.2734 2 242.562 -87.2674
48 144.978 -3.2734 2 236.696 -88.9205
49 154.978 -3.2734 2 231.114 -87.7402
50 164.978 -3.2734 2 225.836 -103.567
51 174.978 -3.2734 2 220.886 -118.976
52 184.978 -3.2734 2 216.284 -122.577
53 194.978 -3.2734 2 212.055 -120.946
54 204.978 -3.2734 2 208.221 -125.729
55 214.978 -3.2734 2 204.803 -118.576
56 224.978 -3.2734 2 201.824 -119.555
57 234.978 -3.2734 2 199.302 -122.262
58 244.978 -3.2734 2 197.256 -122.828
59 254.978 -3.2734 2 195.7 -113.652
60 264.978 -3.2734 2 194.645 -85.5815
61 274.978 -3.2734 2 194.101 -86.3242
62 284.978 -3.2734 2 194.072 -85.863
63 294.978 -3.2734 2 194.557 -138.758
64 304.978 -3.2734 2 195.552 -147.434
65 314.978 -3.2734 2 197.051 -134.9
66 324.978 -3.2734 2 199.042 -138.927
67 334.978 -3.2734 2 201.51 -133.258
68 344.978 -3.2734 2 204.437 -97.8131
69 354.978 -3.2734 2 207.806 -145.713
70 364.978 -3.2734 2 211.593 -139.159
71 374.978 -3.2734 2 215.778 -138.585
72 384.978 -3.2734 2 220.337 -143.175
73 394.978 -3.2734 2 225.249 -97.8171
74 404.978 -3.2734 2 230.49 -96.003
75 414.978 -3.2734 2 236.038 -94.9511
76 424.978 -3.2734 2 241.873 -99.9561
77 434.978 -3.2734 2 247.974 -89.1411
78 444.978 -3.2734 2 254.322 -139.447
79 454.978 -3.2734 2 260.898 -147.321
80 464.978 -3.2734 2 267.687 -146.087
81 474.978 -3.2734 2 274.672 -108.408
82 484.978 -3.2734 2 281.839 -112.862
83 84.9784 6.7266 2 268.87 -90.1512
84 94.9784 6.7266 2 261.686 -89.1194
85 104.978 6.7266 2 254.692 -89.8944
86 114.978 6.7266 2 247.904 -103.216
87 124.978 6.7266 2 241.34 -250
88 134.978 6.7266 2 235.018 -90.0571
89 144.978 6.7266 2 228.959 -93.2037
90 154.978 6.7266 2 223.183 -92.6382
91 164.978 6.7266 2 217.713 -92.7846
92 174.978 6.7266 2 212.573 -124.95
93 184.978 6.7266 2 207.788 -127.636
94 194.978 6.7266 2 203.382 -139.088
95 204.978 6.7266 2 199.381 -129.317
96 214.978 6.7266 2 195.81 -135.325
97 224.978 6.7266 2 192.691 -133.308
98 234.978 6.7266 2 190.048 -132.297
99 244.978 6.7266 2 187.901 -124.878
100 254.978 6.7266 2 186.267 -123.501
101 264.978 6.7266 2 185.159 -85.0475
102 274.978 6.7266 2 184.587 -88.3067
103 284.978 6.7266 2 184.556 -87.8268
104 294.978 6.7266 2 185.066 -250
105 304.978 6.7266 2 186.112 -250
106 314.978 6.7266 2 187.686 -250
107 324.978 6.7266 2 189.775 -250
108 334.978 6.7266 2 192.362 -250
109 344.978 6.7266 2 195.427 -250
110 354.978 6.7266 2 198.948 -250
111 364.978 6.7266 2 202.901 -250
112 374.978 6.7266 2 207.261 -250
113 384.978 6.7266 2 212.004 -250
114 394.978 6.7266 2 217.104 -101.296
115 404.978 6.7266 2 222.537 -102.061
116 414.978 6.7266 2 228.278 -107.228
117 424.978 6.7266 2 234.306 -97.0913
118 434.978 6.7266 2 240.599 -91.5391
119 444.978 6.7266 2 247.137 -250
120 454.978 6.7266 2 253.9 -250
121 464.978 6.7266 2 260.871 -250
122 474.978 6.7266 2 268.033 -113.096
123 484.978 6.7266 2 275.373 -121.966
124 84.9784 16.7266 2 262.466 -89.2124
125 94.9784 16.7266 2 255.101 -89.6404
126 104.978 16.7266 2 247.922 -88.3883
127 114.978 16.7266 2 240.943 -88.7156
128 124.978 16.7266 2 234.184 -250
129 134.978 16.7266 2 227.663 -93.0031
130 144.978 16.7266 2 221.402 -109.379
131 154.978 16.7266 2 215.424 -109.645
132 164.978 16.7266 2 209.752 -108.396
133 174.978 16.7266 2 204.413 -106.4
134 184.978 16.7266 2 199.432 -131.944
135 194.978 16.7266 2 194.837 -250
136 204.978 16.7266 2 190.657 -250
137 214.978 16.7266 2 186.918 -250
138 224.978 16.7266 2 183.649 -250
139 234.978 16.7266 2 180.874 -250
140 244.978 16.7266 2 178.617 -250
141 254.978 16.7266 2 176.896 -250
142 264.978 16.7266 2 175.729 -89.1823
143 274.978 16.7266 2 175.127 -84.8648
144 284.978 16.7266 2 175.094 -85.3292
145 294.978 16.7266 2 175.631 -250
146 304.978 16.7266 2 176.734 -250
147 314.978 16.7266 2 178.391 -250
148 324.978 16.7266 2 180.587 -97.05
149 334.978 16.7266 2 183.304 -87.8994
150 344.978 16.7266 2 186.517 -250
151 354.978 16.7266 2 190.203 -250
152 364.978 16.7266 2 194.334 -250
153 374.978 16.7266 2 198.882 -250
154 384.978 16.7266 2 203.82 -92.6377
155 394.978 16.7266 2 209.12 -107.077
156 404.978 16.7266 2 214.755 -108.402
157 414.978 16.7266 2 220.699 -106.489
158 424.978 16.7266 2 226.928 -97.1172
159 434.978 16.7266 2 233.42 -88.1168
160 444.978 16.7266 2 240.153 -250
161 454.978 16.7266 2 247.107 -250
162 464.978 16.7266 2 254.265 -250
163 474.978 16.7266 2 261.608 -105.838
164 484.978 16.7266 2 269.123 -112.238
165 84.9784 26.7266 2 256.291 -88.558
166 94.9784 26.7266 2 248.744 -89.0991
167 104.978 26.7266 2 241.375 -88.5229
168 114.978 26.7266 2 234.202 -86.1101
169 124.978 26.7266 2 227.242 -88.3632
170 134.978 26.7266 2 220.517 -92.0891
171 144.978 26.7266 2 214.047 -128.397
172 154.978 26.7266 2 207.857 -123.875
173 164.978 26.7266 2 201.973 -138.324
174 174.978 26.7266 2 196.422 -120.345
175 184.978 26.7266 2 191.233 -135.139
176 194.978 26.7266 2 186.436 -250
177 204.978 26.7266 2 182.063 -250
178 214.978 26.7266 2 178.144 -250
179 224.978 26.7266 2 174.711 -250
180 234.978 26.7266 2 171.792 -250
181 244.978 26.7266 2 169.413 -250
182 254.978 26.7266 2 167.599 -250
183 264.978 26.7266 2 166.367 -91.4739
184 274.978 26.7266 2 165.73 -86.2889
185 284.978 26.7266 2 165.695 -87.7065
186 294.978 26.7266 2 166.263 -250
187 304.978 26.7266 2 167.427 -250
188 314.978 26.7266 2 169.175 -92.5712
189 324.978 26.7266 2 171.49 -106.551
190 334.978 26.7266 2 174.348 -91.7103
191 344.978 26.7266 2 177.724 -105.072
192 354.978 26.7266 2 181.588 -100.689
193 364.978 26.7266 2 185.91 -250
194 374.978 26.7266 2 190.66 -250
195 384.978 26.7266 2 195.805 -118.024
196 394.978 26.7266 2 201.316 -101.341
197 404.978 26.7266 2 207.163 -119.46
198 414.978 26.7266 2 213.319 -103.715
199 424.978 26.7266 2 219.758 -98.3545
200 434.978 26.7266 2 226.455 -92.8544
201 444.978 26.7266 2 233.389 -99.5463
202 454.978 26.7266 2 240.539 -250
203 464.978 26.7266 2 247.886 -250
204 474.978 26.7266 2 255.413 -111.579
205 484.978 26.7266 2 263.105 -108.683
206 84.9784 36.7266 2 250.364 -89.0901
207 94.9784 36.7266 2 242.633 -88.3145
208 104.978 36.7266 2 235.073 -89.1604
209 114.978 36.7266 2 227.701 -86.6807
210 124.978 36.7266 2 220.536 -86.5087
211 134.978 36.7266 2 213.599 -92.1282
212 144.978 36.7266 2 206.913 -110.258
213 154.978 36.7266 2 200.503 -110.367
214 164.978 36.7266 2 194.397 -127.096
215 174.978 36.7266 2 188.623 -136.715
216 184.978 36.7266 2 183.213 -118.13
217 194.978 36.7266 2 178.201 -114.109
218 204.978 36.7266 2 173.62 -100.56
219 214.978 36.7266 2 169.506 -108.939
220 224.978 36.7266 2 165.894 -250
221 234.978 36.7266 2 162.817 -250
222 244.978 36.7266 2 160.306 -250
223 254.978 36.7266 2 158.387 -250
224 264.978 36.7266 2 157.082 -90.2502
225 274.978 36.7266 2 156.408 -84.3834
226 284.978 36.7266 2 156.371 -85.8254
227 294.978 36.7266 2 156.972 -250
228 304.978 36.7266 2 158.205 -250
229 314.978 36.7266 2 160.054 -93.8936
230 324.978 36.7266 2 162.498 -101.655
231 334.978 36.7266 2 165.512 -95.7784
232 344.978 36.7266 2 169.064 -96.9387
233 354.978 36.7266 2 173.122 -97.4188
234 364.978 36.7266 2 177.65 -94.8631
235 374.978 36.7266 2 182.615 -94.7283
236 384.978 36.7266 2 187.98 -250
237 394.978 36.7266 2 193.714 -250
238 404.978 36.7266 2 199.784 -104.892
239 414.978 36.7266 2 206.16 -102.447
240 424.978 36.7266 2 212.816 -92.2882
241 434.978 36.7266 2 219.725 -105.98
242 444.978 36.7266 2 226.865 -106.065
243 454.978 36.7266 2 234.214 -250
244 464.978 36.7266 2 241.753 -250
245 474.978 36.7266 2 249.465 -111.791
246 484.978 36.7266 2 257.335 -102.286
247 84.9784 46.7266 2 244.702 -89.1125
248 94.9784 46.7266 2 236.786 -87.6964
249 104.978 46.7266 2 229.033 -89.4496
250 114.978 46.7266 2 221.46 -87.7641
251 124.978 46.7266 2 214.087 -88.5357
252 134.978 46.7266 2 206.934 -92.5648
253 144.978 46.7266 2 200.025 -101.135
254 154.978 46.7266 2 193.387 -250
255 164.978 46.7266 2 187.048 -250
256 174.978 46.7266 2 181.04 -250
257 184.978 46.7266 2 175.397 -250
258 194.978 46.7266 2 170.154 -250
259 204.978 46.7266 2 165.351 -107.372
260 214.978 46.7266 2 161.026 -111.994
261 224.978 46.7266 2 157.219 -102.344
262 234.978 46.7266 2 153.969 -105.815
263 244.978 46.7266 2 151.311 -97.0611
264 254.978 46.7266 2 149.276 -94.6283
265 264.978 46.7266 2 147.891 -97.1528
266 274.978 46.7266 2 147.175 -82.8932
267 284.978 46.7266 2 147.135 -82.5618
268 294.978 46.7266 2 147.775 -250
269 304.978 46.7266 2 149.083 -250
270 314.978 46.7266 2 151.044 -250
271 324.978 46.7266 2 153.632 -250
272 334.978 46.7266 2 156.816 -250
273 344.978 46.7266 2 160.561 -250
274 354.978 46.7266 2 164.828 -250
275 364.978 46.7266 2 169.578 -103.827
276 374.978 46.7266 2 174.772 -81.536
277 384.978 46.7266 2 180.371 -250
278 394.978 46.7266 2 186.339 -250
279 404.978 46.7266 2 192.641 -95.1611
280 414.978 46.7266 2 199.246 -88.7672
281 424.978 46.7266 2 206.125 -98.0287
282 434.978 46.7266 2 213.251 -105.841
283 444.978 46.7266 2 220.6 -117.57
284 454.978 46.7266 2 228.151 -250
285 464.978 46.7266 2 235.885 -250
286 474.978 46.7266 2 243.783 -108.767
287 484.978 46.7266 2 251.83 -110.881
288 84.9784 56.7266 2 239.325 -88.9352
289 94.9784 56.7266 2 231.224 -87.0018
290 104.978 56.7266 2 223.278 -88.8959
291 114.978 56.7266 2 215.503 -89.4271
292 124.978 56.7266 2 207.919 -104.428
293 134.978 56.7266 2 200.546 -98.436
294 144.978 56.7266 2 193.409 -102.673
295 154.978 56.7266 2 186.536 -250
296 164.978 56.7266 2 179.956 -250
297 174.978 56.7266 2 173.703 -250
298 184.978 56.7266 2 167.813 -250
299 194.978 56.7266 2 162.325 -250
300 204.978 56.7266 2 157.283 -94.5196
301 214.978 56.7266 2 152.73 -105.658
302 224.978 56.7266 2 148.711 -101.368
303 234.978 56.7266 2 145.27 -95.4962
304 244.978 56.7266 2 142.45 -89.0442
305 254.978 56.7266 2 140.287 -93.0857
306 264.978 56.7266 2 138.812 -101.967
307 274.978 56.7266 2 138.048 -83.6664
308 284.978 56.7266 2 138.007 -84.0922
309 294.978 56.7266 2 138.688 -250
310 304.978 56.7266 2 140.082 -250
311 314.978 56.7266 2 142.166 -250
312 324.978 56.7266 2 144.913 -250
313 334.978 56.7266 2 148.284 -250
314 344.978 56.7266 2 152.239 -250
315 354.978 56.7266 2 156.733 -250
316 364.978 56.7266 2 161.721 -102.484
317 374.978 56.7266 2 167.159 -109.431
318 384.978 56.7266 2 173.005 -250
319 394.978 56.7266 2 179.218 -250
320 404.978 56.7266 2 185.762 -93.7506
321 414.978 56.7266 2 192.604 -95.5521
322 424.978 56.7266 2 199.711 -100.209
323 434.978 56.7266 2 207.058 -94.6529
324 444.978 56.7266 2 214.62 -105.274
325 454.978 56.7266 2 222.374 -250
326 464.978 56.7266 2 230.301 -250
327 474.978 56.7266 2 238.384 -113.456
328 484.978 56.7266 2 246.608 -119.747
329 84.9784 66.7266 2 234.25 -103.216
330 94.9784 66.7266 2 225.968 -103.864
331 104.978 66.7266 2 217.831 -120.917
332 114.978 66.7266 2 209.854 -87.9669
333 124.978 66.7266 2 202.057 -99.0265
334 134.978 66.7266 2 194.462 -116.444
335 144.978 66.7266 2 187.094 -110.025
336 154.978 66.7266 2 179.979 -109.619
337 164.978 66.7266 2 173.15 -105.53
338 174.978 66.7266 2 166.642 -116.405
339 184.978 66.7266 2 160.493 -106.638
340 194.978 66.7266 2 154.747 -103.364
341 204.978 66.7266 2 149.449 -93.2152
342 214.978 66.7266 2 144.65 -94.524
343 224.978 66.7266 2 140.399 -100.527
344 234.978 66.7266 2 136.75 -93.1321
345 244.978 66.7266 2 133.75 -95.9307
346 254.978 66.7266 2 131.444 -95.0513
347 264.978 66.7266 2 129.869 -109.269
348 274.978 66.7266 2 129.052 -83.7627
349 284.978 66.7266 2 129.007 -84.9148
350 294.978 66.7266 2 129.736 -87.1265
351 304.978 66.7266 2 131.224 -85.3453
352 314.978 66.7266 2 133.448 -87.7837
353 324.978 66.7266 2 136.37 -84.0822
354 334.978 66.7266 2 139.947 -86.4237
355 344.978 66.7266 2 144.131 -92.0339
356 354.978 66.7266 2 148.87 -97.3563
357 364.978 66.7266 2 154.113 -96.65
358 374.978 66.7266 2 159.81 -96.9086
359 384.978 66.7266 2 165.915 -98.3767
360 394.978 66.7266 2 172.384 -92.7372
361 404.978 66.7266 2 179.178 -90.1656
362 414.978 66.7266 2 186.261 -103.097
363 424.978 66.7266 2 193.602 -108.505
364 434.978 66.7266 2 201.172 -102.764
365 444.978 66.7266 2 208.946 -111.686
366 454.978 66.7266 2 216.903 -99.5684
367 464.978 66.7266 2 225.023 -99.0648
368 474.978 66.7266 2 233.29 -109.546
369 484.978 66.7266 2 241.687 -111.355
370 84.9784 76.7266 2 229.5 -107.328
371 94.9784 76.7266 2 221.04 -114.348
372 104.978 76.7266 2 212.714 -103.397
373 114.978 76.7266 2 204.538 -104.851
374 124.978 76.7266 2 196.53 -111.026
375 134.978 76.7266 2 188.713 -104.691
376 144.978 76.7266 2 181.111 -102.752
377 154.978 76.7266 2 173.752 -94.8156
378 164.978 76.7266 2 166.668 -101.014
379 174.978 76.7266 2 159.896 -99.2853
380 184.978 76.7266 2 153.477 -96.8227
381 194.978 76.7266 2 147.457 -110.782
382 204.978 76.7266 2 141.887 -105.145
383 214.978 76.7266 2 136.823 -94.238
384 224.978 76.7266 2 132.322 -94.5495
385 234.978 76.7266 2 128.443 -90.6286
386 244.978 76.7266 2 125.244 -90.9541
387 254.978 76.7266 2 122.778 -96.0905
388 264.978 76.7266 2 121.091 -123.101
389 274.978 76.7266 2 120.214 -83.8232
390 284.978 76.7266 2 120.166 -82.5242
391 294.978 76.7266 2 120.948 -80.8815
392 304.978 76.7266 2 122.543 -90.1817
393 314.978 76.7266 2 124.921 -90.3481
394 324.978 76.7266 2 128.038 -81.3074
395 334.978 76.7266 2 131.842 -86.8145
396 344.978 76.7266 2 136.275 -91.0817
397 354.978 76.7266 2 141.277 -89.227
398 364.978 76.7266 2 146.792 -90.9147
399 374.978 76.7266 2 152.762 -108.992
400 384.978 76.7266 2 159.137 -102.036
401 394.978 76.7266 2 165.871 -97.5606
402 404.978 76.7266 2 172.921 -106.565
403 414.978 76.7266 2 180.25 -93.0192
404 424.978 76.7266 2 187.826 -103.596
405 434.978 76.7266 2 195.62 -105.722
406 444.978 76.7266 2 203.607 -128.217
407 454.978 76.7266 2 211.764 -127.755
408 464.978 76.7266 2 220.074 -134.906
409 474.978 76.7266 2 228.519 -109.467
410 484.978 76.7266 2 237.086 -114.901
411 84.9784 86.7266 2 225.094 -104.605
412 94.9784 86.7266 2 216.462 -116.934
413 104.978 86.7266 2 207.952 -250
414 114.978 86.7266 2 199.581 -250
415 124.978 86.7266 2 191.367 -250
416 134.978 86.7266 2 183.329 -114.472
417 144.978 86.7266 2 175.494 -111.416
418 154.978 86.7266 2 167.889 -250
419 164.978 86.7266 2 160.546 -250
420 174.978 86.7266 2 153.504 -250
421 184.978 86.7266 2 146.806 -98.6311
422 194.978 86.7266 2 140.501 -94.3848
423 204.978 86.7266 2 134.644 -107.891
424 214.978 86.7266 2 129.296 -98.0262
425 224.978 86.7266 2 124.523 -250
426 234.978 86.7266 2 120.393 -250
427 244.978 86.7266 2 116.974 -250
428 254.978 86.7266 2 114.331 -97.7486
429 264.978 86.7266 2 112.516 -118.148
430 274.978 86.7266 2 111.573 -81.7762
431 284.978 86.7266 2 111.521 -83.389
432 294.978 86.7266 2 112.363 -77.9812
433 304.978 86.7266 2 114.078 -83.9691
434 314.978 86.7266 2 116.629 -87.4187
435 324.978 86.7266 2 119.962 -81.9313
436 334.978 86.7266 2 124.013 -100.302
437 344.978 86.7266 2 128.716 -99.9005
438 354.978 86.7266 2 134.001 -100.016
439 364.978 86.7266 2 139.803 -107.614
440 374.978 86.7266 2 146.059 -99.5666
441 384.978 86.7266 2 152.715 -250
442 394.978 86.7266 2 159.719 -250
443 404.978 86.7266 2 167.029 -250
444 414.978 86.7266 2 174.606 -119.026
445 424.978 86.7266 2 182.416 -100.783
446 434.978 86.7266 2 190.431 -113.933
447 444.978 86.7266 2 198.627 -250
448 454.978 86.7266 2 206.981 -250
449 464.978 86.7266 2 215.475 -250
450 474.978 86.7266 2 224.094 -107.284
451 484.978 86.7266 2 232.823 -112.377
452 84.9784 96.7266 2 221.053 -89.4361
453 94.9784 96.7266 2 212.256 -89.1966
454 104.978 96.7266 2 203.571 -92.3647
455 114.978 96.7266 2 195.012 -92.0713
456 124.978 96.7266 2 186.596 -99.3959
457 134.978 96.7266 2 178.344 -98.6714
458 144.978 96.7266 2 170.28 -114.919
459 154.978 96.7266 2 162.431 -250
460 164.978 96.7266 2 154.829 -250
461 174.978 96.7266 2 147.515 -250
462 184.978 96.7266 2 140.532 -124.022
463 194.978 96.7266 2 133.931 -250
464 204.978 96.7266 2 127.774 -250
465 214.978 96.7266 2 122.125 -250
466 224.978 96.7266 2 117.06 -250
467 234.978 96.7266 2 112.657 -250
468 244.978 96.7266 2 108.995 -250
469 254.978 96.7266 2 106.153 -250
470 264.978 96.7266 2 104.197 -250
471 274.978 96.7266 2 103.177 -83.0662
472 284.978 96.7266 2 103.121 -89.363
473 294.978 96.7266 2 104.031 -80.0359
474 304.978 96.7266 2 105.882 -84.7752
475 314.978 96.7266 2 108.625 -87.4063
476 324.978 96.7266 2 112.196 -98.8999
477 334.978 96.7266 2 116.518 -109.324
478 344.978 96.7266 2 121.511 -110.917
479 354.978 96.7266 2 127.096 -108.93
480 364.978 96.7266 2 133.198 -115.327
481 374.978 96.7266 2 139.751 -121.056
482 384.978 96.7266 2 146.693 -250
483 394.978 96.7266 2 153.972 -250
484 404.978 96.7266 2 161.542 -250
485 414.978 96.7266 2 169.364 -112.721
486 424.978 96.7266 2 177.405 -112.473
487 434.978 96.7266 2 185.637 -109.13
488 444.978 96.7266 2 194.035 -250
489 454.978 96.7266 2 202.579 -250
490 464.978 96.7266 2 211.25 -250
491 474.978 96.7266 2 220.034 -100.608
492 484.978 96.7266 2 228.918 -118.676
493 84.9784 106.727 2 217.397 -93.9098
494 94.9784 106.727 2 208.446 -93.2916
495 104.978 106.727 2 199.595 -100.19
496 114.978 106.727 2 190.858 -107.908
497 124.978 106.727 2 182.25 -116.884
498 134.978 106.727 2 173.792 -125.018
499 144.978 106.727 2 165.506 -117.111
500 154.978 106.727 2 157.419 -250
501 164.978 106.727 2 149.563 -250
502 174.978 106.727 2 141.978 -250
503 184.978 106.727 2 134.708 -94.406
504 194.978 106.727 2 127.807 -250
505 204.978 106.727 2 121.339 -250
506 214.978 106.727 2 115.376 -250
507 224.978 106.727 2 110 -250
508 234.978 106.727 2 105.302 -250
509 244.978 106.727 2 101.376 -250
510 254.978 106.727 2 98.3133 -250
511 264.978 106.727 2 96.1977 -250
512 274.978 106.727 2 95.0919 -78.6653
513 284.978 106.727 2 95.0313 -82.2166
514 294.978 106.727 2 96.0179 -80.683
515 304.978 106.727 2 98.02 -95.0229
516 314.978 106.727 2 100.977 -86.9539
517 324.978 106.727 2 104.809 -127.163
518 334.978 106.727 2 109.423 -119.085
519 344.978 106.727 2 114.725 -116.331
520 354.978 106.727 2 120.625 -122.128
521 364.978 106.727 2 127.039 -120.83
522 374.978 106.727 2 133.893 -116.661
523 384.978 106.727 2 141.123 -250
524 394.978 106.727 2 148.675 -250
525 404.978 106.727 2 156.502 -250
526 414.978 106.727 2 164.564 -119.119
527 424.978 106.727 2 172.829 -121.085
528 434.978 106.727 2 181.268 -104.596
529 444.978 106.727 2 189.86 -250
530 454.978 106.727 2 198.583 -250
531 464.978 106.727 2 207.421 -250
532 474.978 106.727 2 216.361 -113.477
533 484.978 106.727 2 225.39 -109.508
534 84.9784 116.727 2 214.146 -96.6162
535 94.9784 116.727 2 205.053 -108.677
536 104.978 116.727 2 196.049 -131.684
537 114.978 116.727 2 187.146 -250
538 124.978 116.727 2 178.36 -250
539 134.978 116.727 2 169.708 -250
540 144.978 116.727 2 161.212 -250
541 154.978 116.727 2 152.898 -250
542 164.978 116.727 2 144.797 -250
543 174.978 116.727 2 136.948 -250
544 184.978 116.727 2 129.395 -93.7855
545 194.978 116.727 2 122.195 -250
546 204.978 116.727 2 115.413 -250
547 214.978 116.727 2 109.127 -250
548 224.978 116.727 2 103.427 -250
549 234.978 116.727 2 98.4153 -250
550 244.978 116.727 2 94.2022 -250
551 254.978 116.727 2 90.8984 -250
552 264.978 116.727 2 88.6059 -250
553 274.978 116.727 2 87.4042 -89.1478
554 284.978 116.727 2 87.3383 -85.5
555 294.978 116.727 2 88.4107 -90.1519
556 304.978 116.727 2 90.5811 -79.3235
557 314.978 116.727 2 93.7732 -86.6344
558 324.978 116.727 2 97.8872 -250
559 334.978 116.727 2 102.812 -250
560 344.978 116.727 2 108.438 -250
561 354.978 116.727 2 114.662 -250
562 364.978 116.727 2 121.391 -250
563 374.978 116.727 2 128.547 -250
564 384.978 116.727 2 136.062 -250
565 394.978 116.727 2 143.879 -250
566 404.978 116.727 2 151.953 -250
567 414.978 116.727 2 160.244 -250
568 424.978 116.727 2 168.721 -137.921
569 434.978 116.727 2 177.356 -110.11
570 444.978 116.727 2 186.128 -250
571 454.978 116.727 2 195.018 -250
572 464.978 116.727 2 204.011 -250
573 474.978 116.727 2 213.094 -120.149
574 484.978 116.727 2 222.256 -114.245
575 84.9784 126.727 2 211.318 -86.0691
576 94.9784 126.727 2 202.099 -92.6982
577 104.978 126.727 2 192.957 -143.164
578 114.978 126.727 2 183.904 -250
579 124.978 126.727 2 174.955 -250
580 134.978 126.727 2 166.126 -250
581 144.978 126.727 2 157.436 -250
582 154.978 126.727 2 148.912 -250
583 164.978 126.727 2 140.582 -250
584 174.978 126.727 2 132.483 -250
585 184.978 126.727 2 124.66 -84.3705
586 194.978 126.727 2 117.169 -82.4418
587 204.978 126.727 2 110.078 -83.9244
588 214.978 126.727 2 103.468 -104.861
589 224.978 126.727 2 97.4377 -250
590 234.978 126.727 2 92.1009 -250
591 244.978 126.727 2 87.5846 -250
592 254.978 126.727 2 84.0211 -94.2265
593 264.978 126.727 2 81.5354 -81.5228
594 274.978 126.727 2 80.2279 -89.7019
595 284.978 126.727 2 80.1561 -90.0681
596 294.978 126.727 2 81.3233 -85.2042
597 304.978 126.727 2 83.6777 -91.7377
598 314.978 126.727 2 87.1231 -82.9174
599 324.978 126.727 2 91.5365 -250
600 334.978 126.727 2 96.7854 -250
601 344.978 126.727 2 102.742 -250
602 354.978 126.727 2 109.29 -250
603 364.978 126.727 2 116.331 -250
604 374.978 126.727 2 123.779 -250
605 384.978 126.727 2 131.567 -250
606 394.978 126.727 2 139.636 -250
607 404.978 126.727 2 147.942 -250
608 414.978 126.727 2 156.446 -250
609 424.978 126.727 2 165.117 -103.79
610 434.978 126.727 2 173.932 -97.3126
611 444.978 126.727 2 182.868 -250
612 454.978 126.727 2 191.909 -250
613 464.978 126.727 2 201.041 -250
614 474.978 126.727 2 210.253 -110.662
615 484.978 126.727 2 219.533 -104.713
616 84.9784 136.727 2 208.931 -87.46
617 94.9784 136.727 2 199.602 -93.2689
618 104.978 136.727 2 190.34 -85.3924
619 114.978 136.727 2 181.157 -86.7131
620 124.978 136.727 2 172.065 -100.291
621 134.978 136.727 2 163.079 -250
622 144.978 136.727 2 154.218 -250
623 154.978 136.727 2 145.505 -250
624 164.978 136.727 2 136.968 -250
625 174.978 136.727 2 128.642 -250
626 184.978 136.727 2 120.57 -81.1192
627 194.978 136.727 2 112.808 -82.8153
628 204.978 136.727 2 105.424 -82.2843
629 214.978 136.727 2 98.502 -84.6492
630 224.978 136.727 2 92.1473 -250
631 234.978 136.727 2 86.4847 -250
632 244.978 136.727 2 81.6583 -250
633 254.978 136.727 2 77.8239 -81.5369
634 264.978 136.727 2 75.1335 -85.5282
635 274.978 136.727 2 73.7125 -96.287
636 284.978 136.727 2 73.6343 -94.1027
637 294.978 136.727 2 74.9032 -85.2991
638 304.978 136.727 2 77.4531 -88.399
639 314.978 136.727 2 81.1632 -86.9307
640 324.978 136.727 2 85.8833 -250
641 334.978 136.727 2 91.4572 -250
642 344.978 136.727 2 97.739 -250
643 354.978 136.727 2 104.601 -250
644 364.978 136.727 2 111.937 -250
645 374.978 136.727 2 119.659 -250
646 384.978 136.727 2 127.698 -250
647 394.978 136.727 2 135.997 -250
648 404.978 136.727 2 144.512 -250
649 414.978 136.727 2 153.207 -250
650 424.978 136.727 2 162.052 -113.649
651 434.978 136.727 2 171.024 -84.6288
652 444.978 136.727 2 180.105 -250
653 454.978 136.727 2 189.278 -250
654 464.978 136.727 2 198.531 -175.489
655 474.978 136.727 2 207.854 -116.786
656 484.978 136.727 2 217.236 -87.506
657 84.9784 146.727 2 207.001 -87.1325
658 94.9784 146.727 2 197.58 -87.389
659 104.978 146.727 2 188.219 -82.2743
660 114.978 146.727 2 178.927 -93.1738
661 124.978 146.727 2 169.715 -83.5893
662 134.978 146.727 2 160.598 -82.1595
663 144.978 146.727 2 151.592 -83.3784
664 154.978 146.727 2 142.719 -85.4409
665 164.978 146.727 2 134.005 -86.0562
666 174.978 146.727 2 125.482 -81.449
667 184.978 146.727 2 117.193 -81.9334
668 194.978 146.727 2 109.191 -91.4437
669 204.978 146.727 2 101.544 -83.4253
670 214.978 146.727 2 94.338 -80.3139
671 224.978 146.727 2 87.682 -84.0056
672 234.978 146.727 2 81.7106 -83.8674
673 244.978 146.727 2 76.5839 -89.9825
674 254.978 146.727 2 72.4816 -82.1234
675 264.978 146.727 2 69.585 -94.7666
676 274.978 146.727 2 68.0481 -104.91
677 284.978 146.727 2 67.9634 -90.3494
678 294.978 146.727 2 69.3362 -87.6664
679 304.978 146.727 2 72.0832 -93.5153
680 314.978 146.727 2 76.0557 -97.7656
681 324.978 146.727 2 81.0738 -105.276
682 334.978 146.727 2 86.9565 -88.3617
683 344.978 146.727 2 93.541 -86.9064
684 354.978 146.727 2 100.69 -82.9949
685 364.978 146.727 2 108.291 -83.3768
686 374.978 146.727 2 116.256 -87.5666
687 384.978 146.727 2 124.514 -89.6331
688 394.978 146.727 2 133.013 -87.5703
689 404.978 146.727 2 141.707 -90.3754
690 414.978 146.727 2 150.563 -81.6943
691 424.978 146.727 2 159.555 -86.2785
692 434.978 146.727 2 168.66 -85.2596
693 444.978 146.727 2 177.862 -99.6077
694 454.978 146.727 2 187.145 -92.553
695 464.978 146.727 2 196.499 -86.1744
696 474.978 146.727 2 205.913 -82.0892
697 484.978 146.727 2 215.38 -81.1702
698 84.9784 156.727 2 205.539 -87.8588
699 94.9784 156.727 2 196.048 -86.7731
700 104.978 156.727 2 186.61 -87.1909
701 114.978 156.727 2 177.234 -85.3495
702 124.978 156.727 2 167.93 -88.4597
703 134.978 156.727 2 158.71 -85.0073
704 144.978 156.727 2 149.59 -84.8939
705 154.978 156.727 2 140.591 -85.9184
706 164.978 156.727 2 131.736 -92.7256
707 174.978 156.727 2 123.056 -84.9456
708 184.978 156.727 2 114.592 -90.1561
709 194.978 156.727 2 106.394 -82.6775
710 204.978 156.727 2 98.5302 -81.4191
711 214.978 156.727 2 91.0861 -91.0178
712 224.978 156.727 2 84.1734 -89.4468
713 234.978 156.727 2 77.9335 -95.8231
714 244.978 156.727 2 72.5405 -92.264
715 254.978 156.727 2 68.1953 -102.734
716 264.978 156.727 2 65.1082 -93.8948
717 274.978 156.727 2 63.4631 -96.1633
718 284.978 156.727 2 63.3723 -89.8372
719 294.978 156.727 2 64.8424 -93.2329
720 304.978 156.727 2 67.7718 -109.993
721 314.978 156.727 2 71.9826 -113.384
722 324.978 156.727 2 77.2656 -107.581
723 334.978 156.727 2 83.4174 -88.6764
724 344.978 156.727 2 90.2604 -90.5099
725 354.978 156.727 2 97.6495 -90.5161
726 364.978 156.727 2 105.47 -87.4519
727 374.978 156.727 2 113.633 -84.3746
728 384.978 156.727 2 122.069 -86.6364
729 394.978 156.727 2 130.726 -99.4671
730 404.978 156.727 2 139.563 -89.2639
731 414.978 156.727 2 148.547 -87.1128
732 424.978 156.727 2 157.654 -86.5908
733 434.978 156.727 2 166.863 -86.2071
734 444.978 156.727 2 176.158 -87.5305
735 454.978 156.727 2 185.527 -89.4226
736 464.978 156.727 2 194.958 -92.4832
737 474.978 156.727 2 204.444 -90.9744
738 484.978 156.727 2 213.976 -97.4581
739 84.9784 166.727 2 204.557 -88.1341
740 94.9784 166.727 2 195.018 -86.5181
741 104.978 166.727 2 185.527 -87.028
742 114.978 166.727 2 176.093 -85.083
743 124.978 166.727 2 166.725 -87.0301
744 134.978 166.727 2 157.435 -84.2326
745 144.978 166.727 2 148.237 -84.1264
746 154.978 166.727 2 139.15 -82.9583
747 164.978 166.727 2 130.197 -85.2172
748 174.978 166.727 2 121.407 -84.5897
749 184.978 166.727 2 112.82 -82.8003
750 194.978 166.727 2 104.483 -81.9125
751 204.978 166.727 2 96.4635 -85.8032
752 214.978 166.727 2 88.8464 -113.794
753 224.978 166.727 2 81.7446 -250
754 234.978 166.727 2 75.3038 -118.773
755 244.978 166.727 2 69.7075 -250
756 254.978 166.727 2 65.1738 -250
757 264.978 166.727 2 61.9363 -250
758 274.978 166.727 2 60.2045 -96.9456
759 284.978 166.727 2 60.1088 -99.0464
760 294.978 166.727 2 61.6567 -250
761 304.978 166.727 2 64.7305 -250
762 314.978 166.727 2 69.1268 -250
763 324.978 166.727 2 74.6123 -250
764 334.978 166.727 2 80.9659 -250
765 344.978 166.727 2 87.9998 -250
766 354.978 166.727 2 95.5638 -110.936
767 364.978 166.727 2 103.542 -86.1144
768 374.978 166.727 2 111.845 -250
769 384.978 166.727 2 120.407 -93.2997
770 394.978 166.727 2 129.176 -84.7595
771 404.978 166.727 2 138.112 -94.9903
772 414.978 166.727 2 147.185 -91.647
773 424.978 166.727 2 156.371 -84.8211
774 434.978 166.727 2 165.651 -90.9355
775 444.978 166.727 2 175.011 -250
776 454.978 166.727 2 184.438 -250
777 464.978 166.727 2 193.922 -250
778 474.978 166.727 2 203.456 -100.886
779 484.978 166.727 2 213.032 -116.434
780 84.9784 176.727 2 204.06 -87.6016
781 94.9784 176.727 2 194.497 -86.1372
782 104.978 176.727 2 184.979 -87.3366
783 114.978 176.727 2 175.516 -85.0713
784 124.978 176.727 2 166.116 -87.3264
785 134.978 176.727 2 156.789 -85.0273
786 144.978 176.727 2 147.551 -83.7123
787 154.978 176.727 2 138.419 -84.4591
788 164.978 176.727 2 129.415 -85.0493
789 174.978 176.727 2 120.569 -83.9852
790 184.978 176.727 2 111.916 -82.2701
791 194.978 176.727 2 103.507 -86.8646
792 204.978 176.727 2 95.4056 -82.8556
793 214.978 176.727 2 87.6967 -104.094
794 224.978 176.727 2 80.4934 -250
795 234.978 176.727 2 73.9437 -120.505
796 244.978 176.727 2 68.236 -250
797 254.978 176.727 2 63.5975 -250
798 264.978 176.727 2 60.2754 -250
799 274.978 176.727 2 58.4945 -103.632
800 284.978 176.727 2 58.3959 -102.772
801 294.978 176.727 2 59.9881 -250
802 304.978 176.727 2 63.1431 -250
803 314.978 176.727 2 67.6427 -250
804 324.978 176.727 2 73.2394 -250
805 334.978 176.727 2 79.7026 -250
806 344.978 176.727 2 86.8388 -250
807 354.978 176.727 2 94.4958 -107.961
808 364.978 176.727 2 102.557 -113.449
809 374.978 176.727 2 110.934 -250
810 384.978 176.727 2 119.561 -94.9284
811 394.978 176.727 2 128.388 -99.1157
812 404.978 176.727 2 137.375 -93.3664
813 414.978 176.727 2 146.494 -98.8989
814 424.978 176.727 2 155.72 -93.7571
815 434.978 176.727 2 165.037 -95.2582
816 444.978 176.727 2 174.43 -250
817 454.978 176.727 2 183.887 -250
818 464.978 176.727 2 193.398 -250
819 474.978 176.727 2 202.956 -114.879
820 484.978 176.727 2 212.555 -114.948
821 84.9784 186.727 2 204.053 -88.3284
822 94.9784 186.727 2 194.489 -86.7252
823 104.978 186.727 2 184.971 -87.7714
824 114.978 186.727 2 175.508 -85.0388
825 124.978 186.727 2 166.107 -87.6134
826 134.978 186.727 2 156.78 -84.7556
827 144.978 186.727 2 147.541 -83.9466
828 154.978 186.727 2 138.408 -83.8291
829 164.978 186.727 2 129.404 -85.4801
830 174.978 186.727 2 120.556 -83.6584
831 184.978 186.727 2 111.903 -81.8764
832 194.978 186.727 2 103.493 -86.8322
833 204.978 186.727 2 95.39 -83.4058
834 214.978 186.727 2 87.6797 -116.675
835 224.978 186.727 2 80.4749 -250
836 234.978 186.727 2 73.9236 -123.123
837 244.978 186.727 2 68.2142 -250
838 254.978 186.727 2 63.574 -250
839 264.978 186.727 2 60.2506 -250
840 274.978 186.727 2 58.469 -112.577
841 284.978 186.727 2 58.3704 -113.902
842 294.978 186.727 2 59.9632 -105.6
843 304.978 186.727 2 63.1195 -100.89
844 314.978 186.727 2 67.6206 -96.5064
845 324.978 186.727 2 73.2191 -96.6092
846 334.978 186.727 2 79.6838 -250
847 344.978 186.727 2 86.8216 -250
848 354.978 186.727 2 94.48 -250
849 364.978 186.727 2 102.542 -250
850 374.978 186.727 2 110.921 -250
851 384.978 186.727 2 119.549 -91.2989
852 394.978 186.727 2 128.376 -102.584
853 404.978 186.727 2 137.364 -93.4009
854 414.978 186.727 2 146.483 -93.1294
855 424.978 186.727 2 155.711 -97.2095
856 434.978 186.727 2 165.028 -100.322
857 444.978 186.727 2 174.421 -250
858 454.978 186.727 2 183.878 -250
859 464.978 186.727 2 193.39 -250
860 474.978 186.727 2 202.949 -114.129
861 484.978 186.727 2 212.548 -114.973
862 84.9784 196.727 2 204.535 -86.1228
863 94.9784 196.727 2 194.995 -84.7179
864 104.978 196.727 2 185.503 -83.8607
865 114.978 196.727 2 176.068 -81.2701
866 124.978 196.727 2 166.699 -90.1285
867 134.978 196.727 2 157.407 -84.7319
868 144.978 196.727 2 148.207 -83.5913
869 154.978 196.727 2 139.118 -84.7605
870 164.978 196.727 2 130.163 -86.4927
871 174.978 196.727 2 121.371 -85.3539
872 184.978 196.727 2 112.78 -82.762
873 194.978 196.727 2 104.44 -84.0197
874 204.978 196.727 2 96.4171 -86.581
875 214.978 196.727 2 88.7961 -111.773
876 224.978 196.727 2 81.6898 -250
877 234.978 196.727 2 75.2443 -85.2397
878 244.978 196.727 2 69.6433 -88.2381
879 254.978 196.727 2 65.1051 -92.7314
880 264.978 196.727 2 61.864 -95.5639
881 274.978 196.727 2 60.1302 -100.704
882 284.978 196.727 2 60.0343 -98.7591
883 294.978 196.727 2 61.5841 -92.957
884 304.978 196.727 2 64.6613 -99.4665
885 314.978 196.727 2 69.0621 -89.2115
886 324.978 196.727 2 74.5523 -91.7824
887 334.978 196.727 2 80.9107 -250
888 344.978 196.727 2 87.9489 -250
889 354.978 196.727 2 95.517 -109.475
890 364.978 196.727 2 103.499 -108.985
891 374.978 196.727 2 111.805 -95.7745
892 384.978 196.727 2 120.37 -95.3533
893 394.978 196.727 2 129.141 -92.5715
894 404.978 196.727 2 138.079 -95.4868
895 414.978 196.727 2 147.154 -101.735
896 424.978 196.727 2 156.342 -250
897 434.978 196.727 2 165.624 -250
898 444.978 196.727 2 174.985 -250
899 454.978 196.727 2 184.413 -250
900 464.978 196.727 2 193.899 -250
901 474.978 196.727 2 203.434 -118.512
902 484.978 196.727 2 213.011 -118.475
903 84.9784 206.727 2 205.503 -102.163
904 94.9784 206.727 2 196.01 -115.204
905 104.978 206.727 2 186.57 -119.314
906 114.978 206.727 2 177.192 -152.333
907 124.978 206.727 2 167.885 -250
908 134.978 206.727 2 158.663 -87.6439
909 144.978 206.727 2 149.541 -82.7674
910 154.978 206.727 2 140.538 -88.0514
911 164.978 206.727 2 131.679 -83.8589
912 174.978 206.727 2 122.995 -87.1394
913 184.978 206.727 2 114.527 -85.991
914 194.978 206.727 2 106.324 -83.2571
915 204.978 206.727 2 98.4545 -85.3262
916 214.978 206.727 2 91.0042 -83.2221
917 224.978 206.727 2 84.0848 -91.7315
918 234.978 206.727 2 77.8378 -86.214
919 244.978 206.727 2 72.4376 -85.3435
920 254.978 206.727 2 68.0859 -96.5101
921 264.978 206.727 2 64.9937 -92.0128
922 274.978 206.727 2 63.3456 -100.301
923 284.978 206.727 2 63.2546 -102.532
924 294.978 206.727 2 64.7273 -89.3412
925 304.978 206.727 2 67.6617 -91.139
926 314.978 206.727 2 71.879 -88.8756
927 324.978 206.727 2 77.1691 -80.6018
928 334.978 206.727 2 83.328 -250
929 344.978 206.727 2 90.1778 -250
930 354.978 206.727 2 97.5731 -95.5018
931 364.978 206.727 2 105.399 -100.492
932 374.978 206.727 2 113.567 -92.292
933 384.978 206.727 2 122.008 -97.7949
934 394.978 206.727 2 130.669 -95.6899
935 404.978 206.727 2 139.51 -91.2446
936 414.978 206.727 2 148.497 -94.1466
937 424.978 206.727 2 157.607 -250
938 434.978 206.727 2 166.818 -250
939 444.978 206.727 2 176.116 -250
940 454.978 206.727 2 185.487 -250
941 464.978 206.727 2 194.92 -250
942 474.978 206.727 2 204.407 -109.222
943 484.978 206.727 2 213.941 -134.972
944 84.9784 216.727 2 206.951 -106.275
945 94.9784 216.727 2 197.527 -111.507
946 104.978 216.727 2 188.163 -121.395
947 114.978 216.727 2 178.869 -153.694
948 124.978 216.727 2 169.654 -250
949 134.978 216.727 2 160.533 -84.3144
950 144.978 216.727 2 151.524 -84.7398
951 154.978 216.727 2 142.646 -84.8539
952 164.978 216.727 2 133.927 -87.8031
953 174.978 216.727 2 125.399 -83.8803
954 184.978 216.727 2 117.104 -84.7943
955 194.978 216.727 2 109.095 -88.1287
956 204.978 216.727 2 101.441 -84.664
957 214.978 216.727 2 94.2273 -82.2704
958 224.978 216.727 2 87.5629 -88.0202
959 234.978 216.727 2 81.5828 -84.3266
960 244.978 216.727 2 76.4476 -89.3949
961 254.978 216.727 2 72.3375 -85.7133
962 264.978 216.727 2 69.4348 -86.516
963 274.978 216.727 2 67.8946 -98.3569
964 284.978 216.727 2 67.8097 -92.3838
965 294.978 216.727 2 69.1856 -250
966 304.978 216.727 2 71.9383 -250
967 314.978 216.727 2 75.9184 -250
968 324.978 216.727 2 80.945 -250
969 334.978 216.727 2 86.8365 -250
970 344.978 216.727 2 93.4294 -250
971 354.978 216.727 2 100.586 -99.4264
972 364.978 216.727 2 108.194 -92.2365
973 374.978 216.727 2 116.166 -92.0926
974 384.978 216.727 2 124.431 -99.0755
975 394.978 216.727 2 132.934 -96.0452
976 404.978 216.727 2 141.633 -106.128
977 414.978 216.727 2 150.494 -82.3969
978 424.978 216.727 2 159.49 -250
979 434.978 216.727 2 168.598 -250
980 444.978 216.727 2 177.803 -250
981 454.978 216.727 2 187.089 -250
982 464.978 216.727 2 196.446 -250
983 474.978 216.727 2 205.862 -111.576
984 484.978 216.727 2 215.332 -115.023
985 84.9784 226.727 2 208.867 -110.126
986 94.9784 226.727 2 199.534 -115.464
987 104.978 226.727 2 190.27 -250
988 114.978 226.727 2 181.083 -250
989 124.978 226.727 2 171.987 -250
990 134.978 226.727 2 162.997 -83.6432
991 144.978 226.727 2 154.131 -84.6698
992 154.978 226.727 2 145.413 -82.7339
993 164.978 226.727 2 136.87 -85.0603
994 174.978 226.727 2 128.537 -83.1554
995 184.978 226.727 2 120.459 -82.5681
996 194.978 226.727 2 112.689 -83.0413
997 204.978 226.727 2 105.296 -81.9585
998 214.978 226.727 2 98.3657 -86.3466
999 224.978 226.727 2 92.0015 -87.9129
1000 234.978 226.727 2 86.3294 -83.0824
1001 244.978 226.727 2 81.4939 -84.57
1002 254.978 226.727 2 77.6513 -87.6094
1003 264.978 226.727 2 74.9547 -85.3763
1004 274.978 226.727 2 73.5302 -90.3748
1005 284.978 226.727 2 73.4519 -90.8661
1006 294.978 226.727 2 74.7239 -250
1007 304.978 226.727 2 77.2796 -250
1008 314.978 226.727 2 80.9977 -250
1009 324.978 226.727 2 85.7269 -250
1010 334.978 226.727 2 91.3104 -250
1011 344.978 226.727 2 97.6016 -250
1012 354.978 226.727 2 104.473 -93.5302
1013 364.978 226.727 2 111.817 -96.6557
1014 374.978 226.727 2 119.547 -93.6447
1015 384.978 226.727 2 127.593 -94.6214
1016 394.978 226.727 2 135.899 -97.1599
1017 404.978 226.727 2 144.419 -84.5101
1018 414.978 226.727 2 153.119 -83.6698
1019 424.978 226.727 2 161.969 -250
1020 434.978 226.727 2 170.946 -250
1021 444.978 226.727 2 180.03 -250
1022 454.978 226.727 2 189.207 -250
1023 464.978 226.727 2 198.464 -250
1024 474.978 226.727 2 207.789 -108.709
1025 484.978 226.727 2 217.175 -108.635
1026 84.9784 236.727 2 211.241 -110.22
1027 94.9784 236.727 2 202.017 -95.3155
1028 104.978 236.727 2 192.872 -93.8274
1029 114.978 236.727 2 183.815 -130.998
1030 124.978 236.727 2 174.861 -250
1031 134.978 236.727 2 166.027 -88.9952
1032 144.978 236.727 2 157.332 -81.9812
1033 154.978 236.727 2 148.802 -87.1821
1034 164.978 236.727 2 140.465 -84.7225
1035 174.978 236.727 2 132.359 -91.0336
1036 184.978 236.727 2 124.529 -84.9074
1037 194.978 236.727 2 117.029 -85.9259
1038 204.978 236.727 2 109.929 -86.5747
1039 214.978 236.727 2 103.309 -87.1163
1040 224.978 236.727 2 97.2692 -89.2296
1041 234.978 236.727 2 91.9227 -89.5923
1042 244.978 236.727 2 87.3972 -85.7151
1043 254.978 236.727 2 83.8257 -93.5123
1044 264.978 236.727 2 81.3341 -85.6543
1045 274.978 236.727 2 80.0232 -90.8936
1046 284.978 236.727 2 79.9512 -88.9774
1047 294.978 236.727 2 81.1214 -250
1048 304.978 236.727 2 83.4815 -250
1049 314.978 236.727 2 86.9347 -250
1050 324.978 236.727 2 91.3571 -250
1051 334.978 236.727 2 96.6158 -250
1052 344.978 236.727 2 102.582 -250
1053 354.978 236.727 2 109.14 -92.5528
1054 364.978 236.727 2 116.19 -95.5641
1055 374.978 236.727 2 123.647 -90.0693
1056 384.978 236.727 2 131.442 -88.0806
1057 394.978 236.727 2 139.519 -89.6707
1058 404.978 236.727 2 147.831 -87.1814
1059 414.978 236.727 2 156.341 -250
1060 424.978 236.727 2 165.018 -250
1061 434.978 236.727 2 173.837 -250
1062 444.978 236.727 2 182.778 -250
1063 454.978 236.727 2 191.824 -250
1064 464.978 236.727 2 200.96 -250
1065 474.978 236.727 2 210.175 -112.631
1066 484.978 236.727 2 219.458 -98.7651
1067 84.9784 246.727 2 214.055 -114.659
1068 94.9784 246.727 2 204.959 -113.42
1069 104.978 246.727 2 195.95 -108.561
1070 114.978 246.727 2 187.043 -88.1725
1071 124.978 246.727 2 178.251 -90.9605
1072 134.978 246.727 2 169.594 -82.7524
1073 144.978 246.727 2 161.091 -82.0362
1074 154.978 246.727 2 152.771 -82.6542
1075 164.978 246.727 2 144.663 -86.1416
1076 174.978 246.727 2 136.806 -82.8399
1077 184.978 246.727 2 129.245 -85.6887
1078 194.978 246.727 2 122.036 -86.039
1079 204.978 246.727 2 115.245 -85.8628
1080 214.978 246.727 2 108.949 -85.424
1081 224.978 246.727 2 103.239 -88.3005
1082 234.978 246.727 2 98.2181 -86.2125
1083 244.978 246.727 2 93.9962 -81.2439
1084 254.978 246.727 2 90.685 -81.0164
1085 264.978 246.727 2 88.3869 -86.0318
1086 274.978 246.727 2 87.1822 -87.2748
1087 284.978 246.727 2 87.1161 -80.4432
1088 294.978 246.727 2 88.1913 -105.977
1089 304.978 246.727 2 90.3669 -97.7509
1090 314.978 246.727 2 93.5664 -101.709
1091 324.978 246.727 2 97.689 -109.303
1092 334.978 246.727 2 102.624 -92.1964
1093 344.978 246.727 2 108.259 -93.4921
1094 354.978 246.727 2 114.493 -93.1606
1095 364.978 246.727 2 121.231 -92.2278
1096 374.978 246.727 2 128.396 -103.585
1097 384.978 246.727 2 135.919 -92.6404
1098 394.978 246.727 2 143.745 -98.0949
1099 404.978 246.727 2 151.826 -87.8648
1100 414.978 246.727 2 160.123 -89.6925
1101 424.978 246.727 2 168.606 -87.316
1102 434.978 246.727 2 177.247 -87.1525
1103 444.978 246.727 2 186.024 -96.7816
1104 454.978 246.727 2 194.919 -88.6183
1105 464.978 246.727 2 203.916 -86.8061
1106 474.978 246.727 2 213.003 -97.9288
1107 484.978 246.727 2 222.169 -105.113
1108 84.9784 256.727 2 217.294 -89.9953
1109 94.9784 256.727 2 208.339 -87.2252
1110 104.978 256.727 2 199.483 -87.4855
1111 114.978 256.727 2 190.741 -86.5274
1112 124.978 256.727 2 182.128 -88.903
1113 134.978 256.727 2 173.663 -92.9527
1114 144.978 256.727 2 165.371 -85.6563
1115 154.978 256.727 2 157.277 -80.5961
1116 164.978 256.727 2 149.414 -89.6462
1117 174.978 256.727 2 141.82 -88.1202
1118 184.978 256.727 2 134.541 -85.4793
1119 194.978 256.727 2 127.632 -82.548
1120 204.978 256.727 2 121.154 -85.8674
1121 214.978 256.727 2 115.182 -88.0666
1122 224.978 256.727 2 109.797 -85.4005
1123 234.978 256.727 2 105.09 -82.1938
1124 244.978 256.727 2 101.155 -89.3223
1125 254.978 256.727 2 98.0856 -86.0028
1126 264.978 256.727 2 95.9649 -81.0542
1127 274.978 256.727 2 94.8565 -82.342
1128 284.978 256.727 2 94.7957 -85.1004
1129 294.978 256.727 2 95.7847 -81.6787
1130 304.978 256.727 2 97.7916 -103.916
1131 314.978 256.727 2 100.756 -114.289
1132 324.978 256.727 2 104.595 -102.205
1133 334.978 256.727 2 109.218 -99.8068
1134 344.978 256.727 2 114.53 -89.5798
1135 354.978 256.727 2 120.439 -96.5508
1136 364.978 256.727 2 126.862 -92.4929
1137 374.978 256.727 2 133.726 -94.2272
1138 384.978 256.727 2 140.965 -100.603
1139 394.978 256.727 2 148.525 -106.221
1140 404.978 256.727 2 156.359 -90.1705
1141 414.978 256.727 2 164.428 -81.1567
1142 424.978 256.727 2 172.699 -80.3799
1143 434.978 256.727 2 181.145 -99.0352
1144 444.978 256.727 2 189.742 -92.0188
1145 454.978 256.727 2 198.47 -94.4271
1146 464.978 256.727 2 207.314 -102.972
1147 474.978 256.727 2 216.258 -94.4425
1148 484.978 256.727 2 225.291 -98.3433
1149 84.9784 266.727 2 220.938 -89.4896
1150 94.9784 266.727 2 212.137 -87.7415
1151 104.978 266.727 2 203.447 -88.6445
1152 114.978 266.727 2 194.882 -105.324
1153 124.978 266.727 2 186.461 -126.997
1154 134.978 266.727 2 178.202 -250
1155 144.978 266.727 2 170.131 -250
1156 154.978 266.727 2 162.274 -250
1157 164.978 266.727 2 154.666 -250
1158 174.978 266.727 2 147.343 -82.2622
1159 184.978 266.727 2 140.351 -90.8459
1160 194.978 266.727 2 133.742 -85.2819
1161 204.978 266.727 2 127.575 -82.7739
1162 214.978 266.727 2 121.918 -85.3279
1163 224.978 266.727 2 116.843 -85.7957
1164 234.978 266.727 2 112.431 -81.6632
1165 244.978 266.727 2 108.763 -250
1166 254.978 266.727 2 105.914 -250
1167 264.978 266.727 2 103.953 -250
1168 274.978 266.727 2 102.931 -88.8776
1169 284.978 266.727 2 102.875 -84.774
1170 294.978 266.727 2 103.787 -250
1171 304.978 266.727 2 105.642 -250
1172 314.978 266.727 2 108.391 -250
1173 324.978 266.727 2 111.97 -250
1174 334.978 266.727 2 116.3 -250
1175 344.978 266.727 2 121.302 -250
1176 354.978 266.727 2 126.896 -250
1177 364.978 266.727 2 133.008 -250
1178 374.978 266.727 2 139.569 -250
1179 384.978 266.727 2 146.52 -250
1180 394.978 266.727 2 153.807 -250
1181 404.978 266.727 2 161.385 -250
1182 414.978 266.727 2 169.214 -250
1183 424.978 266.727 2 177.263 -250
1184 434.978 266.727 2 185.501 -250
1185 444.978 266.727 2 193.905 -250
1186 454.978 266.727 2 202.454 -250
1187 464.978 266.727 2 211.13 -250
1188 474.978 266.727 2 219.919 -111.144
1189 484.978 266.727 2 228.808 -98.5771
1190 84.9784 276.727 2 224.968 -90.3772
1191 94.9784 276.727 2 216.331 -108.276
1192 104.978 276.727 2 207.816 -112.879
1193 114.978 276.727 2 199.439 -112.96
1194 124.978 276.727 2 191.219 -122.089
1195 134.978 276.727 2 183.175 -250
1196 144.978 276.727 2 175.333 -250
1197 154.978 276.727 2 167.72 -250
1198 164.978 276.727 2 160.37 -250
1199 174.978 276.727 2 153.32 -89.8406
1200 184.978 276.727 2 146.613 -84.7985
1201 194.978 276.727 2 140.299 -86.5055
1202 204.978 276.727 2 134.434 -84.4541
1203 214.978 276.727 2 129.077 -86.4194
1204 224.978 276.727 2 124.296 -85.9515
1205 234.978 276.727 2 120.158 -98.8057
1206 244.978 276.727 2 116.732 -250
1207 254.978 276.727 2 114.083 -250
1208 264.978 276.727 2 112.264 -250
1209 274.978 276.727 2 111.318 -84.7247
1210 284.978 276.727 2 111.267 -78.5814
1211 294.978 276.727 2 112.11 -250
1212 304.978 276.727 2 113.83 -250
1213 314.978 276.727 2 116.386 -250
1214 324.978 276.727 2 119.726 -250
1215 334.978 276.727 2 123.785 -250
1216 344.978 276.727 2 128.496 -250
1217 354.978 276.727 2 133.79 -250
1218 364.978 276.727 2 139.6 -250
1219 374.978 276.727 2 145.865 -250
1220 384.978 276.727 2 152.529 -250
1221 394.978 276.727 2 159.542 -250
1222 404.978 276.727 2 166.859 -250
1223 414.978 276.727 2 174.444 -250
1224 424.978 276.727 2 182.261 -250
1225 434.978 276.727 2 190.283 -250
1226 444.978 276.727 2 198.484 -250
1227 454.978 276.727 2 206.844 -250
1228 464.978 276.727 2 215.344 -250
1229 474.978 276.727 2 223.967 -97.9496
1230 484.978 276.727 2 232.701 -113.868
1231 84.9784 286.727 2 229.364 -88.084
1232 94.9784 286.727 2 220.898 -93.2897
1233 104.978 286.727 2 212.567 -108.819
1234 114.978 286.727 2 204.385 -119.535
1235 124.978 286.727 2 196.371 -130.307
1236 134.978 286.727 2 188.547 -250
1237 144.978 286.727 2 180.938 -250
1238 154.978 286.727 2 173.571 -250
1239 164.978 286.727 2 166.48 -250
1240 174.978 286.727 2 159.7 -88.6886
1241 184.978 286.727 2 153.273 -83.5201
1242 194.978 286.727 2 147.245 -80.1799
1243 204.978 286.727 2 141.667 -88.306
1244 214.978 286.727 2 136.594 -82.2028
1245 224.978 286.727 2 132.085 -91.3854
1246 234.978 286.727 2 128.199 -107.095
1247 244.978 286.727 2 124.993 -250
1248 254.978 286.727 2 122.523 -250
1249 264.978 286.727 2 120.832 -250
1250 274.978 286.727 2 119.953 -80.1307
1251 284.978 286.727 2 119.905 -82.4938
1252 294.978 286.727 2 120.689 -250
1253 304.978 286.727 2 122.288 -250
1254 314.978 286.727 2 124.671 -250
1255 324.978 286.727 2 127.794 -250
1256 334.978 286.727 2 131.604 -250
1257 344.978 286.727 2 136.045 -250
1258 354.978 286.727 2 141.056 -250
1259 364.978 286.727 2 146.578 -250
1260 374.978 286.727 2 152.557 -250
1261 384.978 286.727 2 158.941 -250
1262 394.978 286.727 2 165.682 -250
1263 404.978 286.727 2 172.74 -250
1264 414.978 286.727 2 180.077 -250
1265 424.978 286.727 2 187.659 -250
1266 434.978 286.727 2 195.46 -250
1267 444.978 286.727 2 203.453 -250
1268 454.978 286.727 2 211.616 -250
1269 464.978 286.727 2 219.932 -250
1270 474.978 286.727 2 228.382 -108.637
1271 484.978 286.727 2 236.953 -119.222
1272 84.9784 296.727 2 234.104 -90.7847
1273 94.9784 296.727 2 225.817 -93.3702
1274 104.978 296.727 2 217.673 -98.2621
1275 114.978 296.727 2 209.691 -112.704
1276 124.978 296.727 2 201.888 -127.432
1277 134.978 296.727 2 194.286 -250
1278 144.978 296.727 2 186.911 -250
1279 154.978 296.727 2 179.789 -250
1280 164.978 296.727 2 172.952 -250
1281 174.978 296.727 2 166.436 -89.4059
1282 184.978 296.727 2 160.279 -81.728
1283 194.978 296.727 2 154.525 -85.5542
1284 204.978 296.727 2 149.219 -83.6105
1285 214.978 296.727 2 144.412 -86.4621
1286 224.978 296.727 2 140.155 -88.4061
1287 234.978 296.727 2 136.499 -99.8139
1288 244.978 296.727 2 133.493 -250
1289 254.978 296.727 2 131.183 -250
1290 264.978 296.727 2 129.605 -250
1291 274.978 296.727 2 128.786 -81.0704
1292 284.978 296.727 2 128.741 -83.7025
1293 294.978 296.727 2 129.471 -250
1294 304.978 296.727 2 130.963 -250
1295 314.978 296.727 2 133.191 -250
1296 324.978 296.727 2 136.118 -100.193
1297 334.978 296.727 2 139.702 -126.654
1298 344.978 296.727 2 143.893 -121.561
1299 354.978 296.727 2 148.639 -114.198
1300 364.978 296.727 2 153.89 -107.433
1301 374.978 296.727 2 159.595 -122.303
1302 384.978 296.727 2 165.708 -117.218
1303 394.978 296.727 2 172.185 -120.293
1304 404.978 296.727 2 178.986 -124.038
1305 414.978 296.727 2 186.077 -129.092
1306 424.978 296.727 2 193.425 -125.378
1307 434.978 296.727 2 201.001 -250
1308 444.978 296.727 2 208.782 -250
1309 454.978 296.727 2 216.745 -250
1310 464.978 296.727 2 224.871 -250
1311 474.978 296.727 2 233.143 -109.119
1312 484.978 296.727 2 241.545 -107.924
1313 84.9784 306.727 2 239.169 -93.8092
1314 94.9784 306.727 2 231.063 -94.3473
1315 104.978 306.727 2 223.111 -96.9589
1316 114.978 306.727 2 215.33 -95.5452
1317 124.978 306.727 2 207.739 -126.262
1318 134.978 306.727 2 200.36 -250
1319 144.978 306.727 2 193.216 -250
1320 154.978 306.727 2 186.336 -250
1321 164.978 306.727 2 179.749 -250
1322 174.978 306.727 2 173.488 -84.8688
1323 184.978 306.727 2 167.59 -84.4978
1324 194.978 306.727 2 162.096 -83.0923
1325 204.978 306.727 2 157.046 -84.5245
1326 214.978 306.727 2 152.486 -88.52
1327 224.978 306.727 2 148.46 -85.7944
1328 234.978 306.727 2 145.014 -97.9272
1329 244.978 306.727 2 142.188 -250
1330 254.978 306.727 2 140.021 -250
1331 264.978 306.727 2 138.544 -250
1332 274.978 306.727 2 137.778 -82.5711
1333 284.978 306.727 2 137.736 -85.4685
1334 294.978 306.727 2 138.419 -250
1335 304.978 306.727 2 139.815 -250
1336 314.978 306.727 2 141.904 -250
1337 324.978 306.727 2 144.656 -98.4408
1338 334.978 306.727 2 148.033 -250
1339 344.978 306.727 2 151.994 -250
1340 354.978 306.727 2 156.495 -250
1341 364.978 306.727 2 161.491 -101.502
1342 374.978 306.727 2 166.936 -250
1343 384.978 306.727 2 172.789 -250
1344 394.978 306.727 2 179.01 -250
1345 404.978 306.727 2 185.562 -250
1346 414.978 306.727 2 192.41 -250
1347 424.978 306.727 2 199.525 -250
1348 434.978 306.727 2 206.878 -250
1349 444.978 306.727 2 214.446 -250
1350 454.978 306.727 2 222.206 -250
1351 464.978 306.727 2 230.139 -250
1352 474.978 306.727 2 238.228 -117.098
1353 484.978 306.727 2 246.457 -104.148
1354 84.9784 316.727 2 244.538 -92.4034
1355 94.9784 316.727 2 236.616 -104.687
1356 104.978 316.727 2 228.857 -95.7707
1357 114.978 316.727 2 221.278 -100.766
1358 124.978 316.727 2 213.899 -96.7485
1359 134.978 316.727 2 206.739 -250
1360 144.978 316.727 2 199.824 -250
1361 154.978 316.727 2 193.179 -250
1362 164.978 316.727 2 186.833 -250
1363 174.978 316.727 2 180.818 -84.0844
1364 184.978 316.727 2 175.167 -91.4389
1365 194.978 316.727 2 169.918 -83.9424
1366 204.978 316.727 2 165.108 -85.6583
1367 214.978 316.727 2 160.776 -84.5942
1368 224.978 316.727 2 156.963 -85.7778
1369 234.978 316.727 2 153.707 -106.276
1370 244.978 316.727 2 151.044 -250
1371 254.978 316.727 2 149.006 -250
1372 264.978 316.727 2 147.619 -250
1373 274.978 316.727 2 146.901 -85.2292
1374 284.978 316.727 2 146.862 -83.8781
1375 294.978 316.727 2 147.502 -250
1376 304.978 316.727 2 148.813 -250
1377 314.978 316.727 2 150.777 -250
1378 324.978 316.727 2 153.37 -98.0736
1379 334.978 316.727 2 156.559 -250
1380 344.978 316.727 2 160.31 -250
1381 354.978 316.727 2 164.583 -250
1382 364.978 316.727 2 169.34 -94.4305
1383 374.978 316.727 2 174.541 -250
1384 384.978 316.727 2 180.148 -250
1385 394.978 316.727 2 186.123 -250
1386 404.978 316.727 2 192.432 -250
1387 414.978 316.727 2 199.044 -250
1388 424.978 316.727 2 205.93 -250
1389 434.978 316.727 2 213.062 -250
1390 444.978 316.727 2 220.418 -250
1391 454.978 316.727 2 227.975 -250
1392 464.978 316.727 2 235.714 -250
1393 474.978 316.727 2 243.618 -113.01
1394 484.978 316.727 2 251.67 -108.393
1395 84.9784 326.727 2 250.191 -94.5278
1396 94.9784 326.727 2 242.455 -104.962
1397 104.978 326.727 2 234.889 -99.8213
1398 114.978 326.727 2 227.511 -100.809
1399 124.978 326.727 2 220.34 -109.716
1400 134.978 326.727 2 213.397 -96.3813
1401 144.978 326.727 2 206.704 -99.2266
1402 154.978 326.727 2 200.288 -91.2081
1403 164.978 326.727 2 194.174 -96.7316
1404 174.978 326.727 2 188.393 -84.6087
1405 184.978 326.727 2 182.977 -82.5579
1406 194.978 326.727 2 177.958 -85.9358
1407 204.978 326.727 2 173.371 -82.5519
1408 214.978 326.727 2 169.251 -86.4958
1409 224.978 326.727 2 165.634 -90.9501
1410 234.978 326.727 2 162.551 -101.853
1411 244.978 326.727 2 160.036 -96.6229
1412 254.978 326.727 2 158.114 -112.236
1413 264.978 326.727 2 156.807 -106.302
1414 274.978 326.727 2 156.131 -89.6954
1415 284.978 326.727 2 156.094 -86.4606
1416 294.978 326.727 2 156.697 -102.371
1417 304.978 326.727 2 157.931 -102.858
1418 314.978 326.727 2 159.784 -97.5631
1419 324.978 326.727 2 162.232 -95.0172
1420 334.978 326.727 2 165.251 -104.432
1421 344.978 326.727 2 168.808 -94.2861
1422 354.978 326.727 2 172.872 -102.213
1423 364.978 326.727 2 177.407 -94.3652
1424 374.978 326.727 2 182.378 -102.791
1425 384.978 326.727 2 187.75 -97.1664
1426 394.978 326.727 2 193.491 -107.532
1427 404.978 326.727 2 199.567 -106.006
1428 414.978 326.727 2 205.951 -95.2448
1429 424.978 326.727 2 212.613 -99.6008
1430 434.978 326.727 2 219.528 -106.949
1431 444.978 326.727 2 226.674 -114.76
1432 454.978 326.727 2 234.029 -101.287
1433 464.978 326.727 2 241.574 -104.295
1434 474.978 326.727 2 249.292 -107.749
1435 484.978 326.727 2 257.167 -104.134
1436 84.9784 336.727 2 256.111 -93.2013
1437 94.9784 336.727 2 248.558 -102.792
1438 104.978 336.727 2 241.184 -113.991
1439 114.978 336.727 2 234.005 -103.854
1440 124.978 336.727 2 227.039 -98.0772
1441 134.978 336.727 2 220.307 -107.331
1442 144.978 336.727 2 213.831 -98.5024
1443 154.978 336.727 2 207.635 -95.2978
1444 164.978 336.727 2 201.744 -89.6114
1445 174.978 336.727 2 196.186 -89.3132
1446 184.978 336.727 2 190.991 -83.8882
1447 194.978 336.727 2 186.188 -88.8634
1448 204.978 336.727 2 181.809 -88.2315
1449 214.978 336.727 2 177.885 -84.1153
1450 224.978 336.727 2 174.446 -85.1841
1451 234.978 336.727 2 171.523 -104.417
1452 244.978 336.727 2 169.14 -110.212
1453 254.978 336.727 2 167.323 -108.259
1454 264.978 336.727 2 166.089 -104.252
1455 274.978 336.727 2 165.451 -94.6345
1456 284.978 336.727 2 165.416 -85.9655
1457 294.978 336.727 2 165.985 -104.123
1458 304.978 336.727 2 167.151 -100.72
1459 314.978 336.727 2 168.902 -101.29
1460 324.978 336.727 2 171.22 -98.7282
1461 334.978 336.727 2 174.083 -98.9391
1462 344.978 336.727 2 177.463 -96.0739
1463 354.978 336.727 2 181.333 -94.0796
1464 364.978 336.727 2 185.662 -92.8966
1465 374.978 336.727 2 190.417 -87.6403
1466 384.978 336.727 2 195.569 -94.319
1467 394.978 336.727 2 201.086 -112.798
1468 404.978 336.727 2 206.94 -115.45
1469 414.978 336.727 2 213.102 -109.387
1470 424.978 336.727 2 219.548 -112.599
1471 434.978 336.727 2 226.251 -109.929
1472 444.978 336.727 2 233.191 -105.223
1473 454.978 336.727 2 240.347 -106.351
1474 464.978 336.727 2 247.7 -106.977
1475 474.978 336.727 2 255.232 -96.0844
1476 484.978 336.727 2 262.93 -104.187
1477 84.9784 346.727 2 262.278 -92.7063
1478 94.9784 346.727 2 254.908 -101.81
1479 104.978 346.727 2 247.723 -111.966
1480 114.978 346.727 2 240.739 -250
1481 124.978 346.727 2 233.974 -250
1482 134.978 346.727 2 227.447 -250
1483 144.978 346.727 2 221.18 -250
1484 154.978 346.727 2 215.196 -250
1485 164.978 346.727 2 209.518 -250
1486 174.978 346.727 2 204.172 -250
1487 184.978 346.727 2 199.185 -86.5236
1488 194.978 346.727 2 194.584 -85.0348
1489 204.978 346.727 2 190.398 -85.5038
1490 214.978 346.727 2 186.655 -90.7367
1491 224.978 346.727 2 183.381 -92.2438
1492 234.978 346.727 2 180.602 -94.6345
1493 244.978 346.727 2 178.341 -250
1494 254.978 346.727 2 176.618 -250
1495 264.978 346.727 2 175.449 -250
1496 274.978 346.727 2 174.845 -83.9892
1497 284.978 346.727 2 174.812 -85.9414
1498 294.978 346.727 2 175.351 -100.097
1499 304.978 346.727 2 176.455 -96.3791
1500 314.978 346.727 2 178.115 -96.9446
1501 324.978 346.727 2 180.315 -94.8832
1502 334.978 346.727 2 183.035 -89.1918
1503 344.978 346.727 2 186.253 -94.1589
1504 354.978 346.727 2 189.944 -94.7139
1505 364.978 346.727 2 194.081 -93.5414
1506 374.978 346.727 2 198.635 -92.9846
1507 384.978 346.727 2 203.579 -250
1508 394.978 346.727 2 208.884 -250
1509 404.978 346.727 2 214.525 -250
1510 414.978 346.727 2 220.476 -250
1511 424.978 346.727 2 226.712 -250
1512 434.978 346.727 2 233.209 -250
1513 444.978 346.727 2 239.948 -104.416
1514 454.978 346.727 2 246.908 -250
1515 464.978 346.727 2 254.071 -250
1516 474.978 346.727 2 261.42 -108.961
1517 484.978 346.727 2 268.941 -100.4
1518 84.9784 356.727 2 268.676 -92.7065
1519 94.9784 356.727 2 261.487 -109.233
1520 104.978 356.727 2 254.487 -250
1521 114.978 356.727 2 247.694 -250
1522 124.978 356.727 2 241.124 -250
1523 134.978 356.727 2 234.796 -250
1524 144.978 356.727 2 228.731 -250
1525 154.978 356.727 2 222.949 -250
1526 164.978 356.727 2 217.473 -250
1527 174.978 356.727 2 212.328 -250
1528 184.978 356.727 2 207.537 -90.66
1529 194.978 356.727 2 203.126 -90.0112
1530 204.978 356.727 2 199.119 -94.4903
1531 214.978 356.727 2 195.543 -90.782
1532 224.978 356.727 2 192.42 -88.2178
1533 234.978 356.727 2 189.774 -92.2978
1534 244.978 356.727 2 187.623 -250
1535 254.978 356.727 2 185.986 -250
1536 264.978 356.727 2 184.877 -250
1537 274.978 356.727 2 184.304 -87.4562
1538 284.978 356.727 2 184.273 -86.9793
1539 294.978 356.727 2 184.783 -84.7408
1540 304.978 356.727 2 185.832 -86.305
1541 314.978 356.727 2 187.408 -84.8209
1542 324.978 356.727 2 189.5 -83.7586
1543 334.978 356.727 2 192.091 -87.4414
1544 344.978 356.727 2 195.16 -85.2627
1545 354.978 356.727 2 198.685 -84.0062
1546 364.978 356.727 2 202.643 -85.5728
1547 374.978 356.727 2 207.009 -87.2323
1548 384.978 356.727 2 211.758 -92.4503
1549 394.978 356.727 2 216.863 -250
1550 404.978 356.727 2 222.302 -250
1551 414.978 356.727 2 228.05 -250
1552 424.978 356.727 2 234.084 -250
1553 434.978 356.727 2 240.382 -250
1554 444.978 356.727 2 246.925 -96.4988
1555 454.978 356.727 2 253.694 -250
1556 464.978 356.727 2 260.67 -250
1557 474.978 356.727 2 267.839 -105.425
1558 484.978 356.727 2 275.184 -107.83
1559 84.9784 366.727 2 275.289 -106.036
1560 94.9784 366.727 2 268.276 -142.243
1561 104.978 366.727 2 261.459 -250
1562 114.978 366.727 2 254.851 -250
1563 124.978 366.727 2 248.471 -250
1564 134.978 366.727 2 242.335 -250
1565 144.978 366.727 2 236.463 -250
1566 154.978 366.727 2 230.875 -250
1567 164.978 366.727 2 225.592 -250
1568 174.978 366.727 2 220.636 -250
1569 184.978 366.727 2 216.029 -91.6111
1570 194.978 366.727 2 211.795 -250
1571 204.978 366.727 2 207.956 -250
1572 214.978 366.727 2 204.534 -250
1573 224.978 366.727 2 201.55 -250
1574 234.978 366.727 2 199.025 -250
1575 244.978 366.727 2 196.976 -250
1576 254.978 366.727 2 195.417 -250
1577 264.978 366.727 2 194.362 -250
1578 274.978 366.727 2 193.817 -87.5475
1579 284.978 366.727 2 193.787 -85.265
1580 294.978 366.727 2 194.273 -86.8337
1581 304.978 366.727 2 195.27 -88.5072
1582 314.978 366.727 2 196.771 -91.5991
1583 324.978 366.727 2 198.765 -94.613
1584 334.978 366.727 2 201.236 -89.5682
1585 344.978 366.727 2 204.167 -86.2406
1586 354.978 366.727 2 207.54 -91.1477
1587 364.978 366.727 2 211.332 -91.6813
1588 374.978 366.727 2 215.522 -94.5124
1589 384.978 366.727 2 220.087 -89.7533
1590 394.978 366.727 2 225.004 -250
1591 404.978 366.727 2 230.25 -250
1592 414.978 366.727 2 235.804 -250
1593 424.978 366.727 2 241.645 -250
1594 434.978 366.727 2 247.751 -250
1595 444.978 366.727 2 254.105 -101.593
1596 454.978 366.727 2 260.687 -250
1597 464.978 366.727 2 267.481 -250
1598 474.978 366.727 2 274.471 -100.402
1599 484.978 366.727 2 281.644 -98.3197
1600 84.9784 376.727 2 282.101 -120.143
1601 94.9784 376.727 2 275.262 -115.217
1602 104.978 376.727 2 268.622 -250
1603 114.978 376.727 2 262.195 -250
1604 124.978 376.727 2 255.998 -250
1605 134.978 376.727 2 250.046 -250
1606 144.978 376.727 2 244.36 -250
1607 154.978 376.727 2 238.956 -250
1608 164.978 376.727 2 233.856 -250
1609 174.978 376.727 2 229.079 -250
1610 184.978 376.727 2 224.646 -92.8898
1611 194.978 376.727 2 220.577 -250
1612 204.978 376.727 2 216.893 -250
1613 214.978 376.727 2 213.614 -250
1614 224.978 376.727 2 210.759 -250
1615 234.978 376.727 2 208.346 -250
1616 244.978 376.727 2 206.389 -250
1617 254.978 376.727 2 204.902 -250
1618 264.978 376.727 2 203.896 -250
1619 274.978 376.727 2 203.376 -88.9376
1620 284.978 376.727 2 203.348 -86.7143
1621 294.978 376.727 2 203.811 -87.722
1622 304.978 376.727 2 204.762 -89.9075
1623 314.978 376.727 2 206.194 -92.2953
1624 324.978 376.727 2 208.097 -88.7954
1625 334.978 376.727 2 210.459 -84.9213
1626 344.978 376.727 2 213.264 -84.9289
1627 354.978 376.727 2 216.494 -88.5494
1628 364.978 376.727 2 220.132 -90.9527
1629 374.978 376.727 2 224.158 -105.534
1630 384.978 376.727 2 228.55 -250
1631 394.978 376.727 2 233.289 -250
1632 404.978 376.727 2 238.353 -250
1633 414.978 376.727 2 243.723 -250
1634 424.978 376.727 2 249.378 -250
1635 434.978 376.727 2 255.299 -250
1636 444.978 376.727 2 261.469 -250
1637 454.978 376.727 2 267.871 -250
1638 464.978 376.727 2 274.487 -250
1639 474.978 376.727 2 281.303 -95.5112
1640 484.978 376.727 2 288.306 -106.727
1641 84.9784 386.727 2 289.098 -115.412
1642 94.9784 386.727 2 282.429 -116.111
1643 104.978 386.727 2 275.962 -118.867
1644 114.978 386.727 2 269.71 -250
1645 124.978 386.727 2 263.689 -250
1646 134.978 386.727 2 257.915 -250
1647 144.978 386.727 2 252.406 -250
1648 154.978 386.727 2 247.178 -250
1649 164.978 386.727 2 242.251 -250
1650 174.978 386.727 2 237.643 -250
1651 184.978 386.727 2 233.372 -87.4637
1652 194.978 386.727 2 229.458 -250
1653 204.978 386.727 2 225.919 -250
1654 214.978 386.727 2 222.774 -250
1655 224.978 386.727 2 220.038 -250
1656 234.978 386.727 2 217.727 -250
1657 244.978 386.727 2 215.855 -250
1658 254.978 386.727 2 214.434 -250
1659 264.978 386.727 2 213.473 -250
1660 274.978 386.727 2 212.977 -87.7784
1661 284.978 386.727 2 212.949 -85.6087
1662 294.978 386.727 2 213.392 -89.5621
1663 304.978 386.727 2 214.3 -86.5861
1664 314.978 386.727 2 215.669 -87.8616
1665 324.978 386.727 2 217.489 -92.6599
1666 334.978 386.727 2 219.75 -86.6512
1667 344.978 386.727 2 222.437 -85.7482
1668 354.978 386.727 2 225.537 -86.1921
1669 364.978 386.727 2 229.031 -86.3432
1670 374.978 386.727 2 232.903 -81.9283
1671 384.978 386.727 2 237.134 -250
1672 394.978 386.727 2 241.704 -250
1673 404.978 386.727 2 246.595 -250
1674 414.978 386.727 2 251.789 -250
1675 424.978 386.727 2 257.267 -250
1676 434.978 386.727 2 263.011 -250
1677 444.978 386.727 2 269.004 -250
1678 454.978 386.727 2 275.23 -250
1679 464.978 386.727 2 281.674 -250
1680 474.978 386.727 2 288.32 -97.5174
1681 484.978 386.727 2 295.156 -93.8984
1682 84.9784 396.727 2 296.268 -121.859
1683 94.9784 396.727 2 289.764 -125.034
1684 104.978 396.727 2 283.464 -131.757
1685 114.978 396.727 2 277.381 -130.861
1686 124.978 396.727 2 271.53 -120.185
1687 134.978 396.727 2 265.927 -120.817
1688 144.978 396.727 2 260.587 -134.491
1689 154.978 396.727 2 255.527 -106.163
1690 164.978 396.727 2 250.764 -93.0446
1691 174.978 396.727 2 246.315 -93.8787
1692 184.978 396.727 2 242.198 -94.5177
1693 194.978 396.727 2 238.429 -94.4153
1694 204.978 396.727 2 235.025 -93.7545
1695 214.978 396.727 2 232.002 -92.1491
1696 224.978 396.727 2 229.377 -106.82
1697 234.978 396.727 2 227.161 -93.6545
1698 244.978 396.727 2 225.368 -250
1699 254.978 396.727 2 224.007 -250
1700 264.978 396.727 2 223.086 -250
1701 274.978 396.727 2 222.612 -89.2759
1702 284.978 396.727 2 222.586 -87.0242
1703 294.978 396.727 2 223.009 -86.9177
1704 304.978 396.727 2 223.878 -85.5774
1705 314.978 396.727 2 225.189 -86.4247
1706 324.978 396.727 2 226.933 -88.5542
1707 334.978 396.727 2 229.1 -86.3757
1708 344.978 396.727 2 231.679 -90.7946
1709 354.978 396.727 2 234.657 -90.3029
1710 364.978 396.727 2 238.018 -82.4084
1711 374.978 396.727 2 241.745 -90.2623
1712 384.978 396.727 2 245.824 -250
1713 394.978 396.727 2 250.235 -250
1714 404.978 396.727 2 254.963 -250
1715 414.978 396.727 2 259.99 -250
1716 424.978 396.727 2 265.298 -250
1717 434.978 396.727 2 270.872 -250
1718 444.978 396.727 2 276.695 -250
1719 454.978 396.727 2 282.752 -250
1720 464.978 396.727 2 289.028 -250
1721 474.978 396.727 2 295.509 -90.583
1722 484.978 396.727 2 302.182 -98.7519
1723 84.9784 406.727 2 303.598 -141.597
1724 94.9784 406.727 2 297.255 -119.535
1725 104.978 406.727 2 291.117 -130.908
1726 114.978 406.727 2 285.197 -136.031
1727 124.978 406.727 2 279.51 -132.151
1728 134.978 406.727 2 274.07 -117.951
1729 144.978 406.727 2 268.892 -113.209
1730 154.978 406.727 2 263.991 -103.274
1731 164.978 406.727 2 259.383 -99.8853
1732 174.978 406.727 2 255.085 -95.3564
1733 184.978 406.727 2 251.111 -99.7393
1734 194.978 406.727 2 247.478 -97.3361
1735 204.978 406.727 2 244.2 -95.4199
1736 214.978 406.727 2 241.293 -105.588
1737 224.978 406.727 2 238.769 -106.428
1738 234.978 406.727 2 236.641 -90.3775
1739 244.978 406.727 2 234.92 -93.4991
1740 254.978 406.727 2 233.615 -99.8668
1741 264.978 406.727 2 232.733 -107.602
1742 274.978 406.727 2 232.278 -88.8385
1743 284.978 406.727 2 232.253 -89.0165
1744 294.978 406.727 2 232.659 -87.4697
1745 304.978 406.727 2 233.492 -91.8514
1746 314.978 406.727 2 234.749 -90.3554
1747 324.978 406.727 2 236.422 -86.9394
1748 334.978 406.727 2 238.504 -85.6198
1749 344.978 406.727 2 240.982 -85.8517
1750 354.978 406.727 2 243.846 -89.2126
1751 364.978 406.727 2 247.082 -90.2627
1752 374.978 406.727 2 250.675 -88.5517
1753 384.978 406.727 2 254.61 -95.8448
1754 394.978 406.727 2 258.872 -96.8676
1755 404.978 406.727 2 263.445 -109.186
1756 414.978 406.727 2 268.313 -107.023
1757 424.978 406.727 2 273.46 -96.5895
1758 434.978 406.727 2 278.87 -99.0952
1759 444.978 406.727 2 284.53 -98.7704
1760 454.978 406.727 2 290.423 -103.998
1761 464.978 406.727 2 296.537 -94.2535
1762 474.978 406.727 2 302.858 -90.2968
1763 484.978 406.727 2 309.372 -102.753
1764 84.9784 416.727 2 311.077 -123.812
1765 94.9784 416.727 2 304.889 -130.708
1766 104.978 416.727 2 298.908 -124.503
1767 114.978 416.727 2 293.146 -250
1768 124.978 416.727 2 287.616 -250
1769 134.978 416.727 2 282.332 -250
1770 144.978 416.727 2 277.308 -250
1771 154.978 416.727 2 272.559 -109.959
1772 164.978 416.727 2 268.098 -100.024
1773 174.978 416.727 2 263.942 -120.39
1774 184.978 416.727 2 260.103 -101.237
1775 194.978 416.727 2 256.597 -93.4191
1776 204.978 416.727 2 253.438 -101.223
1777 214.978 416.727 2 250.637 -104.814
1778 224.978 416.727 2 248.209 -109.421
1779 234.978 416.727 2 246.163 -86.9268
1780 244.978 416.727 2 244.509 -93.8203
1781 254.978 416.727 2 243.255 -108.107
1782 264.978 416.727 2 242.408 -107.109
1783 274.978 416.727 2 241.971 -88.4463
1784 284.978 416.727 2 241.947 -88.0436
1785 294.978 416.727 2 242.337 -87.5699
1786 304.978 416.727 2 243.137 -86.4907
1787 314.978 416.727 2 244.344 -86.5602
1788 324.978 416.727 2 245.952 -91.5692
1789 334.978 416.727 2 247.954 -85.3265
1790 344.978 416.727 2 250.339 -92.2847
1791 354.978 416.727 2 253.097 -86.2584
1792 364.978 416.727 2 256.216 -83.6748
1793 374.978 416.727 2 259.682 -89.3438
1794 384.978 416.727 2 263.483 -96.7831
1795 394.978 416.727 2 267.604 -101.777
1796 404.978 416.727 2 272.03 -102.659
1797 414.978 416.727 2 276.747 -100.162
1798 424.978 416.727 2 281.74 -112.147
1799 434.978 416.727 2 286.994 -105.9
1800 444.978 416.727 2 292.497 -99.6724
1801 454.978 416.727 2 298.233 -99.613
1802 464.978 416.727 2 304.189 -94.7081
1803 474.978 416.727 2 310.354 -102.715
1804 484.978 416.727 2 316.715 -103.821
1805 84.9784 426.727 2 318.694 -114.677
1806 94.9784 426.727 2 312.657 -121.663
1807 104.978 426.727 2 306.827 -125.687
1808 114.978 426.727 2 301.216 -250
1809 124.978 426.727 2 295.838 -250
1810 134.978 426.727 2 290.703 -250
1811 144.978 426.727 2 285.827 -250
1812 154.978 426.727 2 281.221 -104.574
1813 164.978 426.727 2 276.9 -250
1814 174.978 426.727 2 272.878 -250
1815 184.978 426.727 2 269.167 -250
1816 194.978 426.727 2 265.78 -250
1817 204.978 426.727 2 262.731 -250
1818 214.978 426.727 2 260.031 -250
1819 224.978 426.727 2 257.691 -100.951
1820 234.978 426.727 2 255.721 -250
1821 244.978 426.727 2 254.129 -250
1822 254.978 426.727 2 252.923 -250
1823 264.978 426.727 2 252.108 -250
1824 274.978 426.727 2 251.688 -87.6061
1825 284.978 426.727 2 251.666 -89.2324
1826 294.978 426.727 2 252.04 -88.7134
1827 304.978 426.727 2 252.809 -250
1828 314.978 426.727 2 253.97 -250
1829 324.978 426.727 2 255.518 -250
1830 334.978 426.727 2 257.445 -250
1831 344.978 426.727 2 259.743 -250
1832 354.978 426.727 2 262.402 -250
1833 364.978 426.727 2 265.412 -250
1834 374.978 426.727 2 268.76 -250
1835 384.978 426.727 2 272.434 -250
1836 394.978 426.727 2 276.422 -250
1837 404.978 426.727 2 280.709 -250
1838 414.978 426.727 2 285.282 -250
1839 424.978 426.727 2 290.128 -250
1840 434.978 426.727 2 295.233 -250
1841 444.978 426.727 2 300.585 -250
1842 454.978 426.727 2 306.169 -250
1843 464.978 426.727 2 311.975 -99.5401
1844 474.978 426.727 2 317.989 -102.41
1845 484.978 426.727 2 324.199 -250
1846 84.9784 436.727 2 326.44 -131.215
1847 94.9784 436.727 2 320.549 -113.92
1848 104.978 436.727 2 314.865 -144.671
1849 114.978 436.727 2 309.4 -250
1850 124.978 436.727 2 304.166 -250
1851 134.978 436.727 2 299.174 -250
1852 144.978 436.727 2 294.438 -250
1853 154.978 436.727 2 289.969 -100.04
1854 164.978 436.727 2 285.781 -250
1855 174.978 436.727 2 281.885 -250
1856 184.978 436.727 2 278.294 -250
1857 194.978 436.727 2 275.02 -250
1858 204.978 436.727 2 272.075 -250
1859 214.978 436.727 2 269.468 -250
1860 224.978 436.727 2 267.211 -92.4687
1861 234.978 436.727 2 265.311 -250
1862 244.978 436.727 2 263.778 -250
1863 254.978 436.727 2 262.616 -250
1864 264.978 436.727 2 261.831 -250
1865 274.978 436.727 2 261.427 -88.0439
1866 284.978 436.727 2 261.405 -89.2606
1867 294.978 436.727 2 261.765 -88.9976
1868 304.978 436.727 2 262.506 -250
1869 314.978 436.727 2 263.625 -250
1870 324.978 436.727 2 265.116 -250
1871 334.978 436.727 2 266.974 -250
1872 344.978 436.727 2 269.19 -250
1873 354.978 436.727 2 271.757 -250
1874 364.978 436.727 2 274.664 -250
1875 374.978 436.727 2 277.901 -250
1876 384.978 436.727 2 281.456 -250
1877 394.978 436.727 2 285.317 -250
1878 404.978 436.727 2 289.473 -250
1879 414.978 436.727 2 293.91 -250
1880 424.978 436.727 2 298.616 -250
1881 434.978 436.727 2 303.578 -250
1882 444.978 436.727 2 308.785 -250
1883 454.978 436.727 2 314.224 -250
1884 464.978 436.727 2 319.883 -117.937
1885 474.978 436.727 2 325.751 -100.368
1886 484.978 436.727 2 331.817 -250
1887 84.9784 446.727 2 334.305 -119.668
1888 94.9784 446.727 2 328.555 -130.866
1889 104.978 446.727 2 323.012 -131.357
1890 114.978 446.727 2 317.688 -250
1891 124.978 446.727 2 312.592 -250
1892 134.978 446.727 2 307.737 -250
1893 144.978 446.727 2 303.135 -250
1894 154.978 446.727 2 298.796 -105.801
1895 164.978 446.727 2 294.733 -250
1896 174.978 446.727 2 290.958 -250
1897 184.978 446.727 2 287.48 -250
1898 194.978 446.727 2 284.312 -250
1899 204.978 446.727 2 281.464 -250
1900 214.978 446.727 2 278.945 -250
1901 224.978 446.727 2 276.765 -84.9005
1902 234.978 446.727 2 274.931 -250
1903 244.978 446.727 2 273.451 -250
1904 254.978 446.727 2 272.331 -250
1905 264.978 446.727 2 271.574 -250
1906 274.978 446.727 2 271.185 -87.9158
1907 284.978 446.727 2 271.163 -89.5136
1908 294.978 446.727 2 271.511 -88.318
1909 304.978 446.727 2 272.225 -250
1910 314.978 446.727 2 273.304 -250
1911 324.978 446.727 2 274.743 -250
1912 334.978 446.727 2 276.536 -250
1913 344.978 446.727 2 278.676 -250
1914 354.978 446.727 2 281.156 -250
1915 364.978 446.727 2 283.967 -250
1916 374.978 446.727 2 287.099 -250
1917 384.978 446.727 2 290.542 -250
1918 394.978 446.727 2 294.284 -250
1919 404.978 446.727 2 298.314 -250
1920 414.978 446.727 2 302.622 -250
1921 424.978 446.727 2 307.194 -250
1922 434.978 446.727 2 312.021 -250
1923 444.978 446.727 2 317.089 -250
1924 454.978 446.727 2 322.388 -250
1925 464.978 446.727 2 327.906 -102.961
1926 474.978 446.727 2 333.633 -99.7767
1927 484.978 446.727 2 339.557 -250
1928 84.9784 456.727 2 342.282 -109.491
1929 94.9784 456.727 2 336.668 -132.135
1930 104.978 456.727 2 331.261 -130.98
1931 114.978 456.727 2 326.071 -250
1932 124.978 456.727 2 321.109 -250
1933 134.978 456.727 2 316.385 -250
1934 144.978 456.727 2 311.91 -250
1935 154.978 456.727 2 307.695 -106.08
1936 164.978 456.727 2 303.751 -250
1937 174.978 456.727 2 300.089 -250
1938 184.978 456.727 2 296.718 -250
1939 194.978 456.727 2 293.65 -250
1940 204.978 456.727 2 290.893 -250
1941 214.978 456.727 2 288.457 -250
1942 224.978 456.727 2 286.349 -95.8156
1943 234.978 456.727 2 284.577 -250
1944 244.978 456.727 2 283.148 -250
1945 254.978 456.727 2 282.066 -250
1946 264.978 456.727 2 281.335 -250
1947 274.978 456.727 2 280.959 -88.6776
1948 284.978 456.727 2 280.939 -88.7606
1949 294.978 456.727 2 281.274 -85.8808
1950 304.978 456.727 2 281.964 -250
1951 314.978 456.727 2 283.005 -250
1952 324.978 456.727 2 284.395 -250
1953 334.978 456.727 2 286.128 -250
1954 344.978 456.727 2 288.197 -250
1955 354.978 456.727 2 290.596 -250
1956 364.978 456.727 2 293.316 -250
1957 374.978 456.727 2 296.349 -250
1958 384.978 456.727 2 299.686 -250
1959 394.978 456.727 2 303.315 -250
1960 404.978 456.727 2 307.227 -250
1961 414.978 456.727 2 311.411 -250
1962 424.978 456.727 2 315.857 -250
1963 434.978 456.727 2 320.552 -250
1964 444.978 456.727 2 325.488 -250
1965 454.978 456.727 2 330.652 -250
1966 464.978 456.727 2 336.035 -91.7338
1967 474.978 456.727 2 341.625 -93.6976
1968 484.978 456.727 2 347.414 -250
1969 84.9784 466.727 2 350.363 -123.197
1970 94.9784 466.727 2 344.88 -121.162
1971 104.978 466.727 2 339.604 -129.597
1972 114.978 466.727 2 334.544 -250
1973 124.978 466.727 2 329.709 -250
1974 134.978 466.727 2 325.11 -250
1975 144.978 466.727 2 320.757 -250
1976 154.978 466.727 2 316.66 -113.26
1977 164.978 466.727 2 312.829 -250
1978 174.978 466.727 2 309.274 -250
1979 184.978 466.727 2 306.005 -250
1980 194.978 466.727 2 303.03 -250
1981 204.978 466.727 2 300.359 -250
1982 214.978 466.727 2 298 -250
1983 224.978 466.727 2 295.961 -92.3105
1984 234.978 466.727 2 294.247 -250
1985 244.978 466.727 2 292.865 -250
1986 254.978 466.727 2 291.819 -250
1987 264.978 466.727 2 291.113 -250
1988 274.978 466.727 2 290.749 -89.043
1989 284.978 466.727 2 290.729 -90.0036
1990 294.978 466.727 2 291.053 -83.9774
1991 304.978 466.727 2 291.72 -250
1992 314.978 466.727 2 292.727 -250
1993 324.978 466.727 2 294.071 -250
1994 334.978 466.727 2 295.747 -250
1995 344.978 466.727 2 297.749 -250
1996 354.978 466.727 2 300.072 -250
1997 364.978 466.727 2 302.707 -250
1998 374.978 466.727 2 305.647 -250
1999 384.978 466.727 2 308.883 -250
2000 394.978 466.727 2 312.405 -250
2001 404.978 466.727 2 316.205 -250
2002 414.978 466.727 2 320.272 -250
2003 424.978 466.727 2 324.596 -250
2004 434.978 466.727 2 329.167 -250
2005 444.978 466.727 2 333.975 -250
2006 454.978 466.727 2 339.01 -250
2007 464.978 466.727 2 344.262 -100.768
2008 474.978 466.727 2 349.721 -97.8126
2009 484.978 466.727 2 355.378 -250
2010 84.9784 476.727 2 358.54 -119.691
2011 94.9784 476.727 2 353.185 -123.503
2012 104.978 476.727 2 348.034 -139.378
2013 114.978 476.727 2 343.098 -128.992
2014 124.978 476.727 2 338.386 -117.121
2015 134.978 476.727 2 333.906 -111.239
2016 144.978 476.727 2 329.669 -105.348
2017 154.978 476.727 2 325.684 -111.048
2018 164.978 476.727 2 321.961 -134.679
2019 174.978 476.727 2 318.508 -117.963
2020 184.978 476.727 2 315.334 -138.088
2021 194.978 476.727 2 312.449 -131.921
2022 204.978 476.727 2 309.859 -132.995
2023 214.978 476.727 2 307.573 -128.927
2024 224.978 476.727 2 305.597 -93.9904
2025 234.978 476.727 2 303.938 -98.8244
2026 244.978 476.727 2 302.6 -111.243
2027 254.978 476.727 2 301.588 -116.877
2028 264.978 476.727 2 300.905 -130.379
2029 274.978 476.727 2 300.553 -90.1255
2030 284.978 476.727 2 300.534 -90.1149
2031 294.978 476.727 2 300.847 -84.468
2032 304.978 476.727 2 301.492 -250
2033 314.978 476.727 2 302.467 -250
2034 324.978 476.727 2 303.767 -250
2035 334.978 476.727 2 305.39 -250
2036 344.978 476.727 2 307.33 -250
2037 354.978 476.727 2 309.58 -250
2038 364.978 476.727 2 312.135 -250
2039 374.978 476.727 2 314.987 -250
2040 384.978 476.727 2 318.128 -250
2041 394.978 476.727 2 321.549 -250
2042 404.978 476.727 2 325.242 -250
2043 414.978 476.727 2 329.197 -250
2044 424.978 476.727 2 333.406 -250
2045 434.978 476.727 2 337.858 -250
2046 444.978 476.727 2 342.544 -250
2047 454.978 476.727 2 347.455 -250
2048 464.978 476.727 2 352.581 -97.3759
2049 474.978 476.727 2 357.913 -101.96
2050 484.978 476.727 2 363.442 -250
2051 84.9784 486.727 2 366.808 -121.136
2052 94.9784 486.727 2 361.575 -127.705
2053 104.978 486.727 2 356.546 -123.486
2054 114.978 486.727 2 351.729 -128.981
2055 124.978 486.727 2 347.134 -119.596
2056 134.978 486.727 2 342.769 -117.218
2057 144.978 486.727 2 338.643 -115.475
2058 154.978 486.727 2 334.765 -106.242
2059 164.978 486.727 2 331.143 -107.067
2060 174.978 486.727 2 327.787 -113.331
2061 184.978 486.727 2 324.704 -120.658
2062 194.978 486.727 2 321.903 -129.803
2063 204.978 486.727 2 319.39 -129.794
2064 214.978 486.727 2 317.172 -115.357
2065 224.978 486.727 2 315.257 -93.784
2066 234.978 486.727 2 313.648 -93.4938
2067 244.978 486.727 2 312.352 -108.741
2068 254.978 486.727 2 311.372 -117.229
2069 264.978 486.727 2 310.71 -123.151
2070 274.978 486.727 2 310.369 -92.1509
2071 284.978 486.727 2 310.351 -91.1978
2072 294.978 486.727 2 310.654 -96.5328
2073 304.978 486.727 2 311.279 -113.914
2074 314.978 486.727 2 312.223 -128.63
2075 324.978 486.727 2 313.483 -138.587
2076 334.978 486.727 2 315.056 -147.644
2077 344.978 486.727 2 316.936 -145.176
2078 354.978 486.727 2 319.119 -145.326
2079 364.978 486.727 2 321.598 -150.87
2080 374.978 486.727 2 324.367 -156.774
2081 384.978 486.727 2 327.418 -162.039
2082 394.978 486.727 2 330.743 -150.92
2083 404.978 486.727 2 334.334 -148.677
2084 414.978 486.727 2 338.183 -153.489
2085 424.978 486.727 2 342.281 -163.088
2086 434.978 486.727 2 346.619 -155.506
2087 444.978 486.727 2 351.189 -159.383
2088 454.978 486.727 2 355.98 -154.788
2089 464.978 486.727 2 360.985 -124.226
2090 474.978 486.727 2 366.195 -100.252
2091 484.978 486.727 2 371.601 -104.485
2092 84.9784 496.727 2 375.16 -122.184
2093 94.9784 496.727 2 370.045 -120.944
2094 104.978 496.727 2 365.133 -250
2095 114.978 496.727 2 360.431 -250
2096 124.978 496.727 2 355.948 -250
2097 134.978 496.727 2 351.692 -250
2098 144.978 496.727 2 347.672 -250
2099 154.978 496.727 2 343.896 -250
2100 164.978 496.727 2 340.372 -250
2101 174.978 496.727 2 337.107 -250
2102 184.978 496.727 2 334.111 -250
2103 194.978 496.727 2 331.389 -250
2104 204.978 496.727 2 328.948 -126.195
2105 214.978 496.727 2 326.796 -104.492
2106 224.978 496.727 2 324.937 -94.9067
2107 234.978 496.727 2 323.376 -250
2108 244.978 496.727 2 322.119 -250
2109 254.978 496.727 2 321.169 -250
2110 264.978 496.727 2 320.527 -250
2111 274.978 496.727 2 320.197 -93.814
2112 284.978 496.727 2 320.179 -93.6073
2113 294.978 496.727 2 320.473 -85.7228
2114 304.978 496.727 2 321.079 -113.174
2115 314.978 496.727 2 321.994 -128.014
2116 324.978 496.727 2 323.216 -136.539
2117 334.978 496.727 2 324.742 -138.263
2118 344.978 496.727 2 326.566 -149.311
2119 354.978 496.727 2 328.685 -143.821
2120 364.978 496.727 2 331.093 -147.404
2121 374.978 496.727 2 333.783 -145.947
2122 384.978 496.727 2 336.748 -146.145
2123 394.978 496.727 2 339.982 -146.588
2124 404.978 496.727 2 343.477 -164.748
2125 414.978 496.727 2 347.225 -153.854
2126 424.978 496.727 2 351.217 -148.22
2127 434.978 496.727 2 355.446 -152.144
2128 444.978 496.727 2 359.903 -145.359
2129 454.978 496.727 2 364.58 -114.614
2130 464.978 496.727 2 369.469 -108.198
2131 474.978 496.727 2 374.561 -111.024
2132 484.978 496.727 2 379.848 -100.499
2133 84.9784 506.727 2 383.591 -123.845
2134 94.9784 506.727 2 378.59 -125.374
2135 104.978 506.727 2 373.79 -250
2136 114.978 506.727 2 369.198 -250
2137 124.978 506.727 2 364.823 -250
2138 134.978 506.727 2 360.672 -250
2139 144.978 506.727 2 356.753 -250
2140 154.978 506.727 2 353.074 -250
2141 164.978 506.727 2 349.643 -250
2142 174.978 506.727 2 346.466 -250
2143 184.978 506.727 2 343.55 -250
2144 194.978 506.727 2 340.904 -250
2145 204.978 506.727 2 338.532 -121.799
2146 214.978 506.727 2 336.441 -94.9904
2147 224.978 506.727 2 334.635 -106.735
2148 234.978 506.727 2 333.121 -250
2149 244.978 506.727 2 331.9 -250
2150 254.978 506.727 2 330.978 -250
2151 264.978 506.727 2 330.355 -250
2152 274.978 506.727 2 330.035 -92.5095
2153 284.978 506.727 2 330.018 -91.4903
2154 294.978 506.727 2 330.303 -250
2155 304.978 506.727 2 330.891 -250
2156 314.978 506.727 2 331.779 -250
2157 324.978 506.727 2 332.965 -250
2158 334.978 506.727 2 334.446 -250
2159 344.978 506.727 2 336.218 -250
2160 354.978 506.727 2 338.277 -250
2161 364.978 506.727 2 340.616 -250
2162 374.978 506.727 2 343.232 -250
2163 384.978 506.727 2 346.116 -250
2164 394.978 506.727 2 349.264 -250
2165 404.978 506.727 2 352.666 -250
2166 414.978 506.727 2 356.317 -250
2167 424.978 506.727 2 360.209 -185.923
2168 434.978 506.727 2 364.334 -141.545
2169 444.978 506.727 2 368.683 -127.98
2170 454.978 506.727 2 373.25 -107.219
2171 464.978 506.727 2 378.027 -104.429
2172 474.978 506.727 2 383.005 -125.849
2173 484.978 506.727 2 388.177 -250
2174 84.9784 516.727 2 392.096 -132.761
2175 94.9784 516.727 2 387.205 -140.307
2176 104.978 516.727 2 382.513 -250
2177 114.978 516.727 2 378.027 -250
2178 124.978 516.727 2 373.755 -250
2179 134.978 516.727 2 369.705 -250
2180 144.978 516.727 2 365.882 -250
2181 154.978 516.727 2 362.296 -250
2182 164.978 516.727 2 358.953 -250
2183 174.978 516.727 2 355.859 -250
2184 184.978 516.727 2 353.021 -250
2185 194.978 516.727 2 350.446 -250
2186 204.978 516.727 2 348.139 -110.746
2187 214.978 516.727 2 346.106 -99.923
2188 224.978 516.727 2 344.351 -108.139
2189 234.978 516.727 2 342.879 -250
2190 244.978 516.727 2 341.694 -250
2191 254.978 516.727 2 340.798 -250
2192 264.978 516.727 2 340.194 -250
2193 274.978 516.727 2 339.883 -91.8286
2194 284.978 516.727 2 339.866 -89.4817
2195 294.978 516.727 2 340.143 -250
2196 304.978 516.727 2 340.713 -250
2197 314.978 516.727 2 341.576 -250
2198 324.978 516.727 2 342.728 -250
2199 334.978 516.727 2 344.167 -250
2200 344.978 516.727 2 345.89 -250
2201 354.978 516.727 2 347.891 -250
2202 364.978 516.727 2 350.166 -250
2203 374.978 516.727 2 352.711 -250
2204 384.978 516.727 2 355.519 -250
2205 394.978 516.727 2 358.583 -250
2206 404.978 516.727 2 361.898 -250
2207 414.978 516.727 2 365.457 -250
2208 424.978 516.727 2 369.253 -144.289
2209 434.978 516.727 2 373.277 -129.911
2210 444.978 516.727 2 377.524 -111.275
2211 454.978 516.727 2 381.985 -106.386
2212 464.978 516.727 2 386.654 -127.016
2213 474.978 516.727 2 391.523 -104.873
2214 484.978 516.727 2 396.583 -250
2215 84.9784 526.727 2 400.67 -119.865
2216 94.9784 526.727 2 395.885 -137.57
2217 104.978 526.727 2 391.297 -250
2218 114.978 526.727 2 386.913 -250
2219 124.978 526.727 2 382.74 -250
2220 134.978 526.727 2 378.786 -250
2221 144.978 526.727 2 375.056 -250
2222 154.978 526.727 2 371.558 -250
2223 164.978 526.727 2 368.299 -250
2224 174.978 526.727 2 365.284 -250
2225 184.978 526.727 2 362.52 -250
2226 194.978 526.727 2 360.013 -250
2227 204.978 526.727 2 357.768 -109.57
2228 214.978 526.727 2 355.79 -99.7752
2229 224.978 526.727 2 354.083 -102.861
2230 234.978 526.727 2 352.652 -250
2231 244.978 526.727 2 351.499 -250
2232 254.978 526.727 2 350.628 -250
2233 264.978 526.727 2 350.041 -250
2234 274.978 526.727 2 349.739 -91.3855
2235 284.978 526.727 2 349.722 -89.5867
2236 294.978 526.727 2 349.992 -250
2237 304.978 526.727 2 350.546 -250
2238 314.978 526.727 2 351.385 -250
2239 324.978 526.727 2 352.505 -250
2240 334.978 526.727 2 353.904 -250
2241 344.978 526.727 2 355.579 -250
2242 354.978 526.727 2 357.526 -250
2243 364.978 526.727 2 359.741 -250
2244 374.978 526.727 2 362.218 -250
2245 384.978 526.727 2 364.953 -250
2246 394.978 526.727 2 367.939 -250
2247 404.978 526.727 2 371.17 -250
2248 414.978 526.727 2 374.641 -250
2249 424.978 526.727 2 378.344 -131.247
2250 434.978 526.727 2 382.273 -111.095
2251 444.978 526.727 2 386.421 -105.741
2252 454.978 526.727 2 390.781 -119.068
2253 464.978 526.727 2 395.346 -104.626
2254 474.978 526.727 2 400.109 -120.639
2255 484.978 526.727 2 405.062 -250
2256 84.9784 536.727 2 409.308 -134.047
2257 94.9784 536.727 2 404.625 -138.943
2258 104.978 536.727 2 400.138 -250
2259 114.978 536.727 2 395.852 -250
2260 124.978 536.727 2 391.774 -250
2261 134.978 536.727 2 387.912 -250
2262 144.978 536.727 2 384.271 -250
2263 154.978 536.727 2 380.858 -250
2264 164.978 536.727 2 377.678 -250
2265 174.978 536.727 2 374.739 -250
2266 184.978 536.727 2 372.046 -250
2267 194.978 536.727 2 369.603 -250
2268 204.978 536.727 2 367.417 -106.116
2269 214.978 536.727 2 365.491 -114.677
2270 224.978 536.727 2 363.829 -96.1425
2271 234.978 536.727 2 362.437 -250
2272 244.978 536.727 2 361.315 -250
2273 254.978 536.727 2 360.468 -250
2274 264.978 536.727 2 359.897 -250
2275 274.978 536.727 2 359.603 -91.8687
2276 284.978 536.727 2 359.587 -94.4398
2277 294.978 536.727 2 359.849 -250
2278 304.978 536.727 2 360.388 -250
2279 314.978 536.727 2 361.204 -250
2280 324.978 536.727 2 362.294 -250
2281 334.978 536.727 2 363.655 -250
2282 344.978 536.727 2 365.286 -250
2283 354.978 536.727 2 367.181 -250
2284 364.978 536.727 2 369.338 -250
2285 374.978 536.727 2 371.751 -250
2286 384.978 536.727 2 374.416 -250
2287 394.978 536.727 2 377.328 -250
2288 404.978 536.727 2 380.479 -250
2289 414.978 536.727 2 383.866 -250
2290 424.978 536.727 2 387.481 -123.091
2291 434.978 536.727 2 391.318 -108.927
2292 444.978 536.727 2 395.371 -124.927
2293 454.978 536.727 2 399.634 -125.085
2294 464.978 536.727 2 404.098 -112.346
2295 474.978 536.727 2 408.759 -135.145
2296 484.978 536.727 2 413.609 -250
2297 84.9784 546.727 2 418.007 -133.312
2298 94.9784 546.727 2 413.423 -131.812
2299 104.978 546.727 2 409.032 -250
2300 114.978 546.727 2 404.84 -250
2301 124.978 546.727 2 400.854 -250
2302 134.978 546.727 2 397.08 -250
2303 144.978 546.727 2 393.524 -250
2304 154.978 546.727 2 390.192 -250
2305 164.978 546.727 2 387.089 -250
2306 174.978 546.727 2 384.222 -250
2307 184.978 546.727 2 381.595 -250
2308 194.978 546.727 2 379.214 -250
2309 204.978 546.727 2 377.083 -103.61
2310 214.978 546.727 2 375.207 -102.085
2311 224.978 546.727 2 373.589 -96.353
2312 234.978 546.727 2 372.233 -250
2313 244.978 546.727 2 371.141 -250
2314 254.978 546.727 2 370.317 -250
2315 264.978 546.727 2 369.76 -250
2316 274.978 546.727 2 369.474 -94.7293
2317 284.978 546.727 2 369.459 -90.411
2318 294.978 546.727 2 369.714 -250
2319 304.978 546.727 2 370.239 -250
2320 314.978 546.727 2 371.033 -250
2321 324.978 546.727 2 372.094 -250
2322 334.978 546.727 2 373.42 -250
2323 344.978 546.727 2 375.008 -250
2324 354.978 546.727 2 376.854 -250
2325 364.978 546.727 2 378.956 -250
2326 374.978 546.727 2 381.308 -250
2327 384.978 546.727 2 383.907 -250
2328 394.978 546.727 2 386.747 -250
2329 404.978 546.727 2 389.822 -250
2330 414.978 546.727 2 393.129 -250
2331 424.978 546.727 2 396.659 -111.987
2332 434.978 546.727 2 400.409 -118.746
2333 444.978 546.727 2 404.37 -127.219
2334 454.978 546.727 2 408.539 -111.928
2335 464.978 546.727 2 412.907 -137.952
2336 474.978 546.727 2 417.47 -125.052
2337 484.978 546.727 2 422.22 -250
2338 84.9784 556.727 2 426.764 -133.575
2339 94.9784 556.727 2 422.274 -138.49
2340 104.978 556.727 2 417.976 -151.936
2341 114.978 556.727 2 413.875 -153.78
2342 124.978 556.727 2 409.977 -161.02
2343 134.978 556.727 2 406.288 -156.135
2344 144.978 556.727 2 402.813 -154.038
2345 154.978 556.727 2 399.558 -156.579
2346 164.978 556.727 2 396.529 -163.039
2347 174.978 556.727 2 393.73 -160.604
2348 184.978 556.727 2 391.167 -157.498
2349 194.978 556.727 2 388.845 -151.106
2350 204.978 556.727 2 386.767 -100.848
2351 214.978 556.727 2 384.938 -115.8
2352 224.978 556.727 2 383.361 -97.3117
2353 234.978 556.727 2 382.04 -139.184
2354 244.978 556.727 2 380.976 -190.053
2355 254.978 556.727 2 380.173 -171.55
2356 264.978 556.727 2 379.631 -133.39
2357 274.978 556.727 2 379.352 -94.9839
2358 284.978 556.727 2 379.337 -92.971
2359 294.978 556.727 2 379.586 -128.253
2360 304.978 556.727 2 380.097 -150.93
2361 314.978 556.727 2 380.87 -161.046
2362 324.978 556.727 2 381.904 -163.833
2363 334.978 556.727 2 383.196 -166.907
2364 344.978 556.727 2 384.744 -169.146
2365 354.978 556.727 2 386.544 -170.818
2366 364.978 556.727 2 388.593 -173.836
2367 374.978 556.727 2 390.888 -195.537
2368 384.978 556.727 2 393.423 -194.125
2369 394.978 556.727 2 396.195 -220.826
2370 404.978 556.727 2 399.197 -250
2371 414.978 556.727 2 402.426 -173.946
2372 424.978 556.727 2 405.876 -109.992
2373 434.978 556.727 2 409.541 -119.267
2374 444.978 556.727 2 413.416 -108.97
2375 454.978 556.727 2 417.494 -119.489
2376 464.978 556.727 2 421.769 -143.3
2377 474.978 556.727 2 426.237 -130.118
2378 484.978 556.727 2 430.89 -146.196
2379 84.9784 566.727 2 435.573 -131.051
2380 94.9784 566.727 2 431.176 -142.082
2381 104.978 566.727 2 426.967 -142.358
2382 114.978 566.727 2 422.953 -145.973
2383 124.978 566.727 2 419.14 -149.4
2384 134.978 566.727 2 415.532 -143.716
2385 144.978 566.727 2 412.135 -143.261
2386 154.978 566.727 2 408.954 -147.479
2387 164.978 566.727 2 405.995 -150.105
2388 174.978 566.727 2 403.262 -145.002
2389 184.978 566.727 2 400.761 -142.272
2390 194.978 566.727 2 398.494 -122.928
2391 204.978 566.727 2 396.467 -96.3807
2392 214.978 566.727 2 394.683 -105.255
2393 224.978 566.727 2 393.145 -95.1952
2394 234.978 566.727 2 391.856 -109.835
2395 244.978 566.727 2 390.819 -136.954
2396 254.978 566.727 2 390.036 -141.16
2397 264.978 566.727 2 389.508 -117.373
2398 274.978 566.727 2 389.237 -96.1776
2399 284.978 566.727 2 389.222 -93.3511
2400 294.978 566.727 2 389.464 -128.363
2401 304.978 566.727 2 389.963 -134.349
2402 314.978 566.727 2 390.716 -153.215
2403 324.978 566.727 2 391.724 -157.841
2404 334.978 566.727 2 392.984 -160.197
2405 344.978 566.727 2 394.493 -162.769
2406 354.978 566.727 2 396.249 -164.632
2407 364.978 566.727 2 398.248 -167.138
2408 374.978 566.727 2 400.487 -170.412
2409 384.978 566.727 2 402.962 -169.464
2410 394.978 566.727 2 405.669 -174.777
2411 404.978 566.727 2 408.602 -178.928
2412 414.978 566.727 2 411.757 -110.751
2413 424.978 566.727 2 415.13 -128.926
2414 434.978 566.727 2 418.714 -107.591
2415 444.978 566.727 2 422.504 -118.324
2416 454.978 566.727 2 426.495 -126.472
2417 464.978 566.727 2 430.681 -130.357
2418 474.978 566.727 2 435.057 -142.544
2419 484.978 566.727 2 439.617 -156.054
2420 84.9784 576.727 2 444.434 -129.932
2421 94.9784 576.727 2 440.125 -138.511
2422 104.978 576.727 2 436.002 -141.624
2423 114.978 576.727 2 432.072 -144.201
2424 124.978 576.727 2 428.34 -139.237
2425 134.978 576.727 2 424.81 -138.01
2426 144.978 576.727 2 421.488 -139.221
2427 154.978 576.727 2 418.378 -147.38
2428 164.978 576.727 2 415.487 -141.69
2429 174.978 576.727 2 412.817 -138.749
2430 184.978 576.727 2 410.373 -137.086
2431 194.978 576.727 2 408.16 -113.952
2432 204.978 576.727 2 406.181 -103.94
2433 214.978 576.727 2 404.44 -99.7642
2434 224.978 576.727 2 402.939 -100.483
2435 234.978 576.727 2 401.682 -112.171
2436 244.978 576.727 2 400.671 -131.81
2437 254.978 576.727 2 399.907 -135.994
2438 264.978 576.727 2 399.392 -116.84
2439 274.978 576.727 2 399.127 -95.7478
2440 284.978 576.727 2 399.113 -95.4639
2441 294.978 576.727 2 399.349 -112.354
2442 304.978 576.727 2 399.835 -135.58
2443 314.978 576.727 2 400.57 -133.914
2444 324.978 576.727 2 401.553 -151.212
2445 334.978 576.727 2 402.782 -156.532
2446 344.978 576.727 2 404.255 -159.123
2447 354.978 576.727 2 405.968 -161.642
2448 364.978 576.727 2 407.92 -162.892
2449 374.978 576.727 2 410.106 -168.074
2450 384.978 576.727 2 412.524 -171.573
2451 394.978 576.727 2 415.168 -171.903
2452 404.978 576.727 2 418.034 -108.397
2453 414.978 576.727 2 421.119 -124.877
2454 424.978 576.727 2 424.417 -124.795
2455 434.978 576.727 2 427.923 -116.061
2456 444.978 576.727 2 431.632 -117.009
2457 454.978 576.727 2 435.54 -129.349
2458 464.978 576.727 2 439.64 -129.283
2459 474.978 576.727 2 443.928 -142.585
2460 484.978 576.727 2 448.398 -135.312
2461 84.9784 586.727 2 453.341 -130.789
2462 94.9784 586.727 2 449.118 -131.168
2463 104.978 586.727 2 445.079 -135.126
2464 114.978 586.727 2 441.23 -135.388
2465 124.978 586.727 2 437.575 -140.186
2466 134.978 586.727 2 434.121 -140.071
2467 144.978 586.727 2 430.87 -136.769
2468 154.978 586.727 2 427.829 -136.807
2469 164.978 586.727 2 425.001 -135.016
2470 174.978 586.727 2 422.391 -137.016
2471 184.978 586.727 2 420.004 -122.338
2472 194.978 586.727 2 417.841 -101.388
2473 204.978 586.727 2 415.909 -108.804
2474 214.978 586.727 2 414.208 -92.3689
2475 224.978 586.727 2 412.743 -109.353
2476 234.978 586.727 2 411.516 -109.47
2477 244.978 586.727 2 410.529 -133.974
2478 254.978 586.727 2 409.783 -122.197
2479 264.978 586.727 2 409.281 -121.679
2480 274.978 586.727 2 409.022 -94.2939
2481 284.978 586.727 2 409.008 -93.011
2482 294.978 586.727 2 409.239 -111.277
2483 304.978 586.727 2 409.713 -128.213
2484 314.978 586.727 2 410.431 -131.091
2485 324.978 586.727 2 411.39 -137.66
2486 334.978 586.727 2 412.59 -153.842
2487 344.978 586.727 2 414.027 -154.686
2488 354.978 586.727 2 415.701 -159.774
2489 364.978 586.727 2 417.607 -162.708
2490 374.978 586.727 2 419.743 -165.74
2491 384.978 586.727 2 422.105 -168.59
2492 394.978 586.727 2 424.689 -107.226
2493 404.978 586.727 2 427.492 -119.564
2494 414.978 586.727 2 430.509 -127.889
2495 424.978 586.727 2 433.736 -109.513
2496 434.978 586.727 2 437.167 -121.091
2497 444.978 586.727 2 440.799 -137.383
2498 454.978 586.727 2 444.626 -124.249
2499 464.978 586.727 2 448.643 -137.163
2500 474.978 586.727 2 452.845 -132.325
2501 484.978 586.727 2 457.228 -136.04
