# <Transmitter Set: Tx: 19 tx_ant_grid_80_m - Point 22> 
# <Receiver Set: Rx: 17 rx_ant_grid> 
# <X(m)> <Y(m)> <Z(m)> <Distance(m)> <PathGain(dB)>
1 84.9784 -13.2734 2 413.958 -93.0565
2 94.9784 -13.2734 2 411.765 -92.7419
3 104.978 -13.2734 2 409.803 -92.2698
4 114.978 -13.2734 2 408.077 -92.5267
5 124.978 -13.2734 2 406.59 -126.809
6 134.978 -13.2734 2 405.344 -90.0304
7 144.978 -13.2734 2 404.342 -92.5763
8 154.978 -13.2734 2 403.585 -92.5594
9 164.978 -13.2734 2 403.075 -92.7794
10 174.978 -13.2734 2 402.812 -97.1576
11 184.978 -13.2734 2 402.798 -98.6302
12 194.978 -13.2734 2 403.032 -128.221
13 204.978 -13.2734 2 403.514 -128.195
14 214.978 -13.2734 2 404.242 -127.994
15 224.978 -13.2734 2 405.216 -127.081
16 234.978 -13.2734 2 406.434 -126.485
17 244.978 -13.2734 2 407.894 -127.696
18 254.978 -13.2734 2 409.592 -103.366
19 264.978 -13.2734 2 411.527 -113.533
20 274.978 -13.2734 2 413.694 -127.832
21 284.978 -13.2734 2 416.09 -94.9843
22 294.978 -13.2734 2 418.712 -100.597
23 304.978 -13.2734 2 421.554 -122.45
24 314.978 -13.2734 2 424.614 -112.853
25 324.978 -13.2734 2 427.884 -150.656
26 334.978 -13.2734 2 431.362 -126.91
27 344.978 -13.2734 2 435.043 -121.764
28 354.978 -13.2734 2 438.92 -122.387
29 364.978 -13.2734 2 442.989 -111.062
30 374.978 -13.2734 2 447.244 -126.888
31 384.978 -13.2734 2 451.681 -123.249
32 394.978 -13.2734 2 456.294 -118.757
33 404.978 -13.2734 2 461.078 -109.398
34 414.978 -13.2734 2 466.027 -106.968
35 424.978 -13.2734 2 471.137 -103.714
36 434.978 -13.2734 2 476.402 -103.711
37 444.978 -13.2734 2 481.816 -130.491
38 454.978 -13.2734 2 487.376 -138.827
39 464.978 -13.2734 2 493.076 -106.157
40 474.978 -13.2734 2 498.911 -114.683
41 484.978 -13.2734 2 504.877 -124.486
42 84.9784 -3.2734 2 404.424 -92.1773
43 94.9784 -3.2734 2 402.178 -91.8379
44 104.978 -3.2734 2 400.169 -91.5216
45 114.978 -3.2734 2 398.402 -92.1189
46 124.978 -3.2734 2 396.878 -141.933
47 134.978 -3.2734 2 395.602 -91.4912
48 144.978 -3.2734 2 394.575 -91.4924
49 154.978 -3.2734 2 393.799 -102.239
50 164.978 -3.2734 2 393.277 -102.322
51 174.978 -3.2734 2 393.008 -101.068
52 184.978 -3.2734 2 392.993 -107.39
53 194.978 -3.2734 2 393.233 -133.441
54 204.978 -3.2734 2 393.726 -134.194
55 214.978 -3.2734 2 394.473 -133.135
56 224.978 -3.2734 2 395.471 -132.092
57 234.978 -3.2734 2 396.719 -131.601
58 244.978 -3.2734 2 398.214 -132.493
59 254.978 -3.2734 2 399.953 -114.878
60 264.978 -3.2734 2 401.934 -108.515
61 274.978 -3.2734 2 404.153 -105.103
62 284.978 -3.2734 2 406.606 -104.917
63 294.978 -3.2734 2 409.288 -158.218
64 304.978 -3.2734 2 412.196 -154.695
65 314.978 -3.2734 2 415.324 -158.284
66 324.978 -3.2734 2 418.667 -164.903
67 334.978 -3.2734 2 422.221 -149.151
68 344.978 -3.2734 2 425.98 -123.474
69 354.978 -3.2734 2 429.939 -151.192
70 364.978 -3.2734 2 434.092 -154.133
71 374.978 -3.2734 2 438.434 -147.875
72 384.978 -3.2734 2 442.959 -137.414
73 394.978 -3.2734 2 447.662 -125.013
74 404.978 -3.2734 2 452.537 -122.276
75 414.978 -3.2734 2 457.579 -106.191
76 424.978 -3.2734 2 462.782 -113.493
77 434.978 -3.2734 2 468.14 -102.857
78 444.978 -3.2734 2 473.65 -157.377
79 454.978 -3.2734 2 479.304 -163.513
80 464.978 -3.2734 2 485.099 -158.963
81 474.978 -3.2734 2 491.029 -109.302
82 484.978 -3.2734 2 497.089 -113.187
83 84.9784 6.7266 2 394.912 -92.0603
84 94.9784 6.7266 2 392.612 -92.0069
85 104.978 6.7266 2 390.554 -92.1485
86 114.978 6.7266 2 388.743 -91.156
87 124.978 6.7266 2 387.181 -250
88 134.978 6.7266 2 385.873 -92.0065
89 144.978 6.7266 2 384.82 -92.3624
90 154.978 6.7266 2 384.025 -111.629
91 164.978 6.7266 2 383.489 -113.215
92 174.978 6.7266 2 383.213 -109.52
93 184.978 6.7266 2 383.198 -111.314
94 194.978 6.7266 2 383.443 -140.897
95 204.978 6.7266 2 383.95 -141.196
96 214.978 6.7266 2 384.715 -141.717
97 224.978 6.7266 2 385.739 -142.846
98 234.978 6.7266 2 387.018 -145.408
99 244.978 6.7266 2 388.55 -146.037
100 254.978 6.7266 2 390.333 -137.249
101 264.978 6.7266 2 392.362 -96.0429
102 274.978 6.7266 2 394.635 -115.094
103 284.978 6.7266 2 397.146 -116.303
104 294.978 6.7266 2 399.892 -250
105 304.978 6.7266 2 402.867 -250
106 314.978 6.7266 2 406.067 -250
107 324.978 6.7266 2 409.486 -250
108 334.978 6.7266 2 413.119 -250
109 344.978 6.7266 2 416.961 -250
110 354.978 6.7266 2 421.004 -250
111 364.978 6.7266 2 425.245 -250
112 374.978 6.7266 2 429.676 -250
113 384.978 6.7266 2 434.293 -250
114 394.978 6.7266 2 439.088 -109.819
115 404.978 6.7266 2 444.057 -111.051
116 414.978 6.7266 2 449.194 -121.154
117 424.978 6.7266 2 454.493 -103.177
118 434.978 6.7266 2 459.948 -102.792
119 444.978 6.7266 2 465.554 -250
120 454.978 6.7266 2 471.306 -250
121 464.978 6.7266 2 477.198 -250
122 474.978 6.7266 2 483.225 -124.984
123 484.978 6.7266 2 489.382 -112.302
124 84.9784 16.7266 2 385.425 -91.7926
125 94.9784 16.7266 2 383.068 -92.0241
126 104.978 16.7266 2 380.959 -92.1051
127 114.978 16.7266 2 379.102 -93.233
128 124.978 16.7266 2 377.5 -250
129 134.978 16.7266 2 376.158 -91.476
130 144.978 16.7266 2 375.078 -92.6128
131 154.978 16.7266 2 374.262 -120.406
132 164.978 16.7266 2 373.712 -121.251
133 174.978 16.7266 2 373.429 -106.021
134 184.978 16.7266 2 373.413 -121.457
135 194.978 16.7266 2 373.665 -250
136 204.978 16.7266 2 374.185 -250
137 214.978 16.7266 2 374.97 -250
138 224.978 16.7266 2 376.02 -250
139 234.978 16.7266 2 377.333 -250
140 244.978 16.7266 2 378.904 -250
141 254.978 16.7266 2 380.732 -250
142 264.978 16.7266 2 382.812 -91.6076
143 274.978 16.7266 2 385.141 -107.223
144 284.978 16.7266 2 387.714 -106.289
145 294.978 16.7266 2 390.526 -250
146 304.978 16.7266 2 393.572 -250
147 314.978 16.7266 2 396.847 -250
148 324.978 16.7266 2 400.345 -113.485
149 334.978 16.7266 2 404.06 -114.267
150 344.978 16.7266 2 407.987 -250
151 354.978 16.7266 2 412.118 -250
152 364.978 16.7266 2 416.449 -250
153 374.978 16.7266 2 420.973 -250
154 384.978 16.7266 2 425.684 -119.316
155 394.978 16.7266 2 430.576 -97.9352
156 404.978 16.7266 2 435.642 -114.037
157 414.978 16.7266 2 440.877 -104.431
158 424.978 16.7266 2 446.275 -108.962
159 434.978 16.7266 2 451.829 -118.965
160 444.978 16.7266 2 457.535 -250
161 454.978 16.7266 2 463.386 -250
162 464.978 16.7266 2 469.377 -250
163 474.978 16.7266 2 475.503 -129.36
164 484.978 16.7266 2 481.759 -119.151
165 84.9784 26.7266 2 375.965 -92.4306
166 94.9784 26.7266 2 373.548 -91.2858
167 104.978 26.7266 2 371.385 -91.3936
168 114.978 26.7266 2 369.479 -92.4246
169 124.978 26.7266 2 367.836 -96.4536
170 134.978 26.7266 2 366.459 -91.8366
171 144.978 26.7266 2 365.35 -93.3424
172 154.978 26.7266 2 364.512 -132.602
173 164.978 26.7266 2 363.947 -134.349
174 174.978 26.7266 2 363.656 -128.05
175 184.978 26.7266 2 363.641 -120.308
176 194.978 26.7266 2 363.9 -250
177 204.978 26.7266 2 364.433 -250
178 214.978 26.7266 2 365.239 -250
179 224.978 26.7266 2 366.317 -250
180 234.978 26.7266 2 367.664 -250
181 244.978 26.7266 2 369.277 -250
182 254.978 26.7266 2 371.152 -250
183 264.978 26.7266 2 373.286 -92.0707
184 274.978 26.7266 2 375.674 -114.176
185 284.978 26.7266 2 378.311 -108.627
186 294.978 26.7266 2 381.193 -250
187 304.978 26.7266 2 384.313 -250
188 314.978 26.7266 2 387.666 -100.19
189 324.978 26.7266 2 391.246 -107.173
190 334.978 26.7266 2 395.046 -108.794
191 344.978 26.7266 2 399.062 -106.877
192 354.978 26.7266 2 403.285 -118.843
193 364.978 26.7266 2 407.71 -250
194 374.978 26.7266 2 412.329 -250
195 384.978 26.7266 2 417.138 -121.806
196 394.978 26.7266 2 422.129 -144.054
197 404.978 26.7266 2 427.295 -115.259
198 414.978 26.7266 2 432.631 -114.476
199 424.978 26.7266 2 438.13 -106.22
200 434.978 26.7266 2 443.787 -104.569
201 444.978 26.7266 2 449.594 -110.69
202 454.978 26.7266 2 455.547 -250
203 464.978 26.7266 2 461.64 -250
204 474.978 26.7266 2 467.868 -111.563
205 484.978 26.7266 2 474.225 -123.106
206 84.9784 36.7266 2 366.533 -92.4206
207 94.9784 36.7266 2 364.054 -90.9811
208 104.978 36.7266 2 361.834 -90.772
209 114.978 36.7266 2 359.878 -91.2952
210 124.978 36.7266 2 358.191 -95.5612
211 134.978 36.7266 2 356.776 -91.9252
212 144.978 36.7266 2 355.637 -93.1103
213 154.978 36.7266 2 354.776 -129.37
214 164.978 36.7266 2 354.196 -146.898
215 174.978 36.7266 2 353.897 -173.646
216 184.978 36.7266 2 353.881 -170.001
217 194.978 36.7266 2 354.147 -125.179
218 204.978 36.7266 2 354.695 -128.34
219 214.978 36.7266 2 355.523 -107.917
220 224.978 36.7266 2 356.631 -250
221 234.978 36.7266 2 358.014 -250
222 244.978 36.7266 2 359.67 -250
223 254.978 36.7266 2 361.595 -250
224 264.978 36.7266 2 363.785 -88.6572
225 274.978 36.7266 2 366.235 -95.3429
226 284.978 36.7266 2 368.939 -115.114
227 294.978 36.7266 2 371.893 -250
228 304.978 36.7266 2 375.091 -250
229 314.978 36.7266 2 378.526 -116.782
230 324.978 36.7266 2 382.191 -103.284
231 334.978 36.7266 2 386.081 -101.368
232 344.978 36.7266 2 390.189 -103.871
233 354.978 36.7266 2 394.507 -113.411
234 364.978 36.7266 2 399.029 -127.484
235 374.978 36.7266 2 403.748 -121.014
236 384.978 36.7266 2 408.658 -250
237 394.978 36.7266 2 413.751 -250
238 404.978 36.7266 2 419.02 -107.464
239 414.978 36.7266 2 424.46 -106.896
240 424.978 36.7266 2 430.064 -106.683
241 434.978 36.7266 2 435.825 -126.339
242 444.978 36.7266 2 441.737 -121.275
243 454.978 36.7266 2 447.795 -250
244 464.978 36.7266 2 453.992 -250
245 474.978 36.7266 2 460.323 -116.155
246 484.978 36.7266 2 466.783 -124.522
247 84.9784 46.7266 2 357.133 -91.6139
248 94.9784 46.7266 2 354.587 -96.1592
249 104.978 46.7266 2 352.308 -96.3661
250 114.978 46.7266 2 350.299 -96.2398
251 124.978 46.7266 2 348.565 -92.167
252 134.978 46.7266 2 347.111 -92.1166
253 144.978 46.7266 2 345.94 -93.0385
254 154.978 46.7266 2 345.055 -250
255 164.978 46.7266 2 344.458 -250
256 174.978 46.7266 2 344.151 -250
257 184.978 46.7266 2 344.134 -250
258 194.978 46.7266 2 344.408 -250
259 204.978 46.7266 2 344.972 -114.93
260 214.978 46.7266 2 345.824 -108.56
261 224.978 46.7266 2 346.962 -119.212
262 234.978 46.7266 2 348.383 -105.574
263 244.978 46.7266 2 350.085 -125.496
264 254.978 46.7266 2 352.062 -122.279
265 264.978 46.7266 2 354.311 -100.215
266 274.978 46.7266 2 356.826 -100.815
267 284.978 46.7266 2 359.602 -109.304
268 294.978 46.7266 2 362.632 -250
269 304.978 46.7266 2 365.91 -250
270 314.978 46.7266 2 369.43 -250
271 324.978 46.7266 2 373.185 -250
272 334.978 46.7266 2 377.168 -250
273 344.978 46.7266 2 381.371 -250
274 354.978 46.7266 2 385.788 -250
275 364.978 46.7266 2 390.412 -116.048
276 374.978 46.7266 2 395.234 -118.208
277 384.978 46.7266 2 400.248 -250
278 394.978 46.7266 2 405.446 -250
279 404.978 46.7266 2 410.822 -134.035
280 414.978 46.7266 2 416.37 -107.546
281 424.978 46.7266 2 422.081 -113.689
282 434.978 46.7266 2 427.949 -115.62
283 444.978 46.7266 2 433.969 -130.812
284 454.978 46.7266 2 440.133 -250
285 464.978 46.7266 2 446.437 -250
286 474.978 46.7266 2 452.874 -126.824
287 484.978 46.7266 2 459.438 -126.891
288 84.9784 56.7266 2 347.765 -90.873
289 94.9784 56.7266 2 345.151 -103.324
290 104.978 56.7266 2 342.808 -110.069
291 114.978 56.7266 2 340.743 -109.028
292 124.978 56.7266 2 338.961 -104.62
293 134.978 56.7266 2 337.466 -90.3353
294 144.978 56.7266 2 336.261 -92.5554
295 154.978 56.7266 2 335.351 -250
296 164.978 56.7266 2 334.737 -250
297 174.978 56.7266 2 334.42 -250
298 184.978 56.7266 2 334.403 -250
299 194.978 56.7266 2 334.685 -250
300 204.978 56.7266 2 335.265 -105.852
301 214.978 56.7266 2 336.141 -107.644
302 224.978 56.7266 2 337.312 -108.744
303 234.978 56.7266 2 338.774 -112.001
304 244.978 56.7266 2 340.524 -124.38
305 254.978 56.7266 2 342.556 -111.177
306 264.978 56.7266 2 344.867 -111.655
307 274.978 56.7266 2 347.45 -101.201
308 284.978 56.7266 2 350.3 -106.202
309 294.978 56.7266 2 353.41 -250
310 304.978 56.7266 2 356.773 -250
311 314.978 56.7266 2 360.383 -250
312 324.978 56.7266 2 364.231 -250
313 334.978 56.7266 2 368.311 -250
314 344.978 56.7266 2 372.614 -250
315 354.978 56.7266 2 377.134 -250
316 364.978 56.7266 2 381.861 -120.775
317 374.978 56.7266 2 386.79 -117.745
318 384.978 56.7266 2 391.912 -250
319 394.978 56.7266 2 397.22 -250
320 404.978 56.7266 2 402.706 -112.757
321 414.978 56.7266 2 408.363 -115.992
322 424.978 56.7266 2 414.185 -110.077
323 434.978 56.7266 2 420.164 -121.403
324 444.978 56.7266 2 426.293 -121.531
325 454.978 56.7266 2 432.567 -250
326 464.978 56.7266 2 438.979 -250
327 474.978 56.7266 2 445.524 -126.378
328 484.978 56.7266 2 452.195 -124.18
329 84.9784 66.7266 2 338.434 -91.3057
330 94.9784 66.7266 2 335.747 -103.206
331 104.978 66.7266 2 333.339 -123.787
332 114.978 66.7266 2 331.215 -125.897
333 124.978 66.7266 2 329.381 -95.9692
334 134.978 66.7266 2 327.842 -99.6127
335 144.978 66.7266 2 326.602 -93.4858
336 154.978 66.7266 2 325.664 -126.88
337 164.978 66.7266 2 325.032 -122.779
338 174.978 66.7266 2 324.706 -116.333
339 184.978 66.7266 2 324.688 -92.5185
340 194.978 66.7266 2 324.978 -102.817
341 204.978 66.7266 2 325.576 -109.506
342 214.978 66.7266 2 326.478 -108.709
343 224.978 66.7266 2 327.683 -117.99
344 234.978 66.7266 2 329.188 -115.609
345 244.978 66.7266 2 330.989 -115.835
346 254.978 66.7266 2 333.079 -115.35
347 264.978 66.7266 2 335.455 -113.084
348 274.978 66.7266 2 338.111 -111.135
349 284.978 66.7266 2 341.039 -114.93
350 294.978 66.7266 2 344.232 -89.7693
351 304.978 66.7266 2 347.684 -94.3245
352 314.978 66.7266 2 351.387 -93.7251
353 324.978 66.7266 2 355.333 -97.2666
354 334.978 66.7266 2 359.513 -93.4773
355 344.978 66.7266 2 363.921 -105.328
356 354.978 66.7266 2 368.547 -114.219
357 364.978 66.7266 2 373.383 -110.701
358 374.978 66.7266 2 378.423 -124.575
359 384.978 66.7266 2 383.656 -103.931
360 394.978 66.7266 2 389.077 -121.405
361 404.978 66.7266 2 394.676 -130.167
362 414.978 66.7266 2 400.447 -113.849
363 424.978 66.7266 2 406.382 -113.649
364 434.978 66.7266 2 412.474 -106.79
365 444.978 66.7266 2 418.716 -108.372
366 454.978 66.7266 2 425.102 -109.167
367 464.978 66.7266 2 431.625 -111.748
368 474.978 66.7266 2 438.279 -112.317
369 484.978 66.7266 2 445.058 -112.224
370 84.9784 76.7266 2 329.142 -91.5137
371 94.9784 76.7266 2 326.379 -91.9303
372 104.978 76.7266 2 323.901 -140.003
373 114.978 76.7266 2 321.714 -113.357
374 124.978 76.7266 2 319.826 -100.726
375 134.978 76.7266 2 318.241 -104.614
376 144.978 76.7266 2 316.963 -104.853
377 154.978 76.7266 2 315.997 -123.495
378 164.978 76.7266 2 315.345 -118.743
379 174.978 76.7266 2 315.01 -128.873
380 184.978 76.7266 2 314.991 -90.7359
381 194.978 76.7266 2 315.29 -107.76
382 204.978 76.7266 2 315.906 -114.156
383 214.978 76.7266 2 316.836 -106.417
384 224.978 76.7266 2 318.078 -113.374
385 234.978 76.7266 2 319.628 -118.147
386 244.978 76.7266 2 321.482 -116.998
387 254.978 76.7266 2 323.634 -118.899
388 264.978 76.7266 2 326.079 -118.294
389 274.978 76.7266 2 328.81 -122.122
390 284.978 76.7266 2 331.82 -106.84
391 294.978 76.7266 2 335.101 -91.3158
392 304.978 76.7266 2 338.646 -89.5128
393 314.978 76.7266 2 342.447 -90.849
394 324.978 76.7266 2 346.494 -89.6203
395 334.978 76.7266 2 350.78 -96.4015
396 344.978 76.7266 2 355.296 -99.6309
397 354.978 76.7266 2 360.033 -116.757
398 364.978 76.7266 2 364.982 -115.563
399 374.978 76.7266 2 370.136 -120.695
400 384.978 76.7266 2 375.485 -114.679
401 394.978 76.7266 2 381.022 -122.59
402 404.978 76.7266 2 386.738 -122.576
403 414.978 76.7266 2 392.625 -117.84
404 424.978 76.7266 2 398.677 -110.801
405 434.978 76.7266 2 404.885 -101.312
406 444.978 76.7266 2 411.242 -107.166
407 454.978 76.7266 2 417.742 -119.975
408 464.978 76.7266 2 424.378 -128.514
409 474.978 76.7266 2 431.144 -127.193
410 484.978 76.7266 2 438.034 -110.701
411 84.9784 86.7266 2 319.893 -90.9553
412 94.9784 86.7266 2 317.049 -92.4201
413 104.978 86.7266 2 314.498 -250
414 114.978 86.7266 2 312.245 -250
415 124.978 86.7266 2 310.299 -250
416 134.978 86.7266 2 308.665 -107.114
417 144.978 86.7266 2 307.348 -111.576
418 154.978 86.7266 2 306.351 -250
419 164.978 86.7266 2 305.679 -250
420 174.978 86.7266 2 305.333 -250
421 184.978 86.7266 2 305.314 -90.8049
422 194.978 86.7266 2 305.622 -112.941
423 204.978 86.7266 2 306.257 -107.656
424 214.978 86.7266 2 307.217 -100.839
425 224.978 86.7266 2 308.497 -250
426 234.978 86.7266 2 310.095 -250
427 244.978 86.7266 2 312.006 -250
428 254.978 86.7266 2 314.223 -115.298
429 264.978 86.7266 2 316.74 -116.425
430 274.978 86.7266 2 319.551 -112.514
431 284.978 86.7266 2 322.647 -101.337
432 294.978 86.7266 2 326.021 -91.7645
433 304.978 86.7266 2 329.664 -92.3113
434 314.978 86.7266 2 333.567 -89.6591
435 324.978 86.7266 2 337.721 -91.2714
436 334.978 86.7266 2 342.117 -99.4019
437 344.978 86.7266 2 346.745 -98.4007
438 354.978 86.7266 2 351.597 -99.2357
439 364.978 86.7266 2 356.664 -102.475
440 374.978 86.7266 2 361.936 -120.924
441 384.978 86.7266 2 367.405 -250
442 394.978 86.7266 2 373.061 -250
443 404.978 86.7266 2 378.897 -250
444 414.978 86.7266 2 384.905 -110.082
445 424.978 86.7266 2 391.076 -108.267
446 434.978 86.7266 2 397.402 -124.366
447 444.978 86.7266 2 403.878 -250
448 454.978 86.7266 2 410.494 -250
449 464.978 86.7266 2 417.246 -250
450 474.978 86.7266 2 424.126 -115.469
451 484.978 86.7266 2 431.128 -120.352
452 84.9784 96.7266 2 310.691 -90.5747
453 94.9784 96.7266 2 307.762 -90.9929
454 104.978 96.7266 2 305.132 -104.133
455 114.978 96.7266 2 302.81 -109.824
456 124.978 96.7266 2 300.803 -124.278
457 134.978 96.7266 2 299.117 -127.157
458 144.978 96.7266 2 297.758 -112.996
459 154.978 96.7266 2 296.729 -250
460 164.978 96.7266 2 296.035 -250
461 174.978 96.7266 2 295.677 -250
462 184.978 96.7266 2 295.658 -89.763
463 194.978 96.7266 2 295.976 -250
464 204.978 96.7266 2 296.632 -250
465 214.978 96.7266 2 297.622 -250
466 224.978 96.7266 2 298.944 -250
467 234.978 96.7266 2 300.593 -250
468 244.978 96.7266 2 302.563 -250
469 254.978 96.7266 2 304.849 -250
470 264.978 96.7266 2 307.443 -250
471 274.978 96.7266 2 310.338 -99.1922
472 284.978 96.7266 2 313.526 -94.13
473 294.978 96.7266 2 316.997 -91.6389
474 304.978 96.7266 2 320.742 -89.406
475 314.978 96.7266 2 324.752 -91.8029
476 324.978 96.7266 2 329.017 -116.182
477 334.978 96.7266 2 333.528 -98.2897
478 344.978 96.7266 2 338.274 -97.9047
479 354.978 96.7266 2 343.246 -99.4045
480 364.978 96.7266 2 348.434 -110.072
481 374.978 96.7266 2 353.829 -123.197
482 384.978 96.7266 2 359.421 -250
483 394.978 96.7266 2 365.201 -250
484 404.978 96.7266 2 371.161 -250
485 414.978 96.7266 2 377.291 -99.6421
486 424.978 96.7266 2 383.585 -125.65
487 434.978 96.7266 2 390.033 -119.287
488 444.978 96.7266 2 396.628 -250
489 454.978 96.7266 2 403.364 -250
490 464.978 96.7266 2 410.233 -250
491 474.978 96.7266 2 417.228 -121.281
492 484.978 96.7266 2 424.344 -121.381
493 84.9784 106.727 2 301.539 -90.9757
494 94.9784 106.727 2 298.52 -90.6178
495 104.978 106.727 2 295.809 -109.346
496 114.978 106.727 2 293.413 -103.022
497 124.978 106.727 2 291.341 -105.139
498 134.978 106.727 2 289.6 -114.746
499 144.978 106.727 2 288.196 -128.087
500 154.978 106.727 2 287.133 -250
501 164.978 106.727 2 286.415 -250
502 174.978 106.727 2 286.046 -250
503 184.978 106.727 2 286.025 -90.5943
504 194.978 106.727 2 286.355 -250
505 204.978 106.727 2 287.032 -250
506 214.978 106.727 2 288.056 -250
507 224.978 106.727 2 289.421 -250
508 234.978 106.727 2 291.124 -250
509 244.978 106.727 2 293.158 -250
510 254.978 106.727 2 295.516 -250
511 264.978 106.727 2 298.192 -250
512 274.978 106.727 2 301.176 -106.88
513 284.978 106.727 2 304.459 -89.0167
514 294.978 106.727 2 308.032 -91.4635
515 304.978 106.727 2 311.885 -90.5224
516 314.978 106.727 2 316.008 -91.1766
517 324.978 106.727 2 320.389 -116.983
518 334.978 106.727 2 325.02 -104.78
519 344.978 106.727 2 329.888 -110.724
520 354.978 106.727 2 334.985 -109.457
521 364.978 106.727 2 340.299 -117.355
522 374.978 106.727 2 345.82 -132.407
523 384.978 106.727 2 351.54 -250
524 394.978 106.727 2 357.447 -250
525 404.978 106.727 2 363.534 -250
526 414.978 106.727 2 369.791 -117.886
527 424.978 106.727 2 376.21 -116.041
528 434.978 106.727 2 382.783 -108.804
529 444.978 106.727 2 389.501 -250
530 454.978 106.727 2 396.358 -250
531 464.978 106.727 2 403.346 -250
532 474.978 106.727 2 410.459 -135.84
533 484.978 106.727 2 417.69 -118.465
534 84.9784 116.727 2 292.443 -90.6207
535 94.9784 116.727 2 289.329 -88.822
536 104.978 116.727 2 286.531 -96.1739
537 114.978 116.727 2 284.057 -250
538 124.978 116.727 2 281.916 -250
539 134.978 116.727 2 280.116 -250
540 144.978 116.727 2 278.664 -250
541 154.978 116.727 2 277.565 -250
542 164.978 116.727 2 276.822 -250
543 174.978 116.727 2 276.44 -250
544 184.978 116.727 2 276.419 -90.3893
545 194.978 116.727 2 276.76 -250
546 204.978 116.727 2 277.461 -250
547 214.978 116.727 2 278.519 -250
548 224.978 116.727 2 279.931 -250
549 234.978 116.727 2 281.691 -250
550 244.978 116.727 2 283.793 -250
551 254.978 116.727 2 286.229 -250
552 264.978 116.727 2 288.99 -250
553 274.978 116.727 2 292.068 -100.354
554 284.978 116.727 2 295.453 -96.0387
555 294.978 116.727 2 299.134 -90.765
556 304.978 116.727 2 303.1 -90.4115
557 314.978 116.727 2 307.34 -95.4057
558 324.978 116.727 2 311.843 -250
559 334.978 116.727 2 316.599 -250
560 344.978 116.727 2 321.595 -250
561 354.978 116.727 2 326.821 -250
562 364.978 116.727 2 332.265 -250
563 374.978 116.727 2 337.918 -250
564 384.978 116.727 2 343.769 -250
565 394.978 116.727 2 349.808 -250
566 404.978 116.727 2 356.026 -250
567 414.978 116.727 2 362.412 -250
568 424.978 116.727 2 368.96 -102.025
569 434.978 116.727 2 375.659 -105.751
570 444.978 116.727 2 382.502 -250
571 454.978 116.727 2 389.483 -250
572 464.978 116.727 2 396.592 -250
573 474.978 116.727 2 403.824 -129.038
574 484.978 116.727 2 411.172 -122.32
575 84.9784 126.727 2 283.407 -89.6158
576 94.9784 126.727 2 280.193 -88.1158
577 104.978 126.727 2 277.303 -88.9894
578 114.978 126.727 2 274.746 -250
579 124.978 126.727 2 272.532 -250
580 134.978 126.727 2 270.67 -250
581 144.978 126.727 2 269.167 -250
582 154.978 126.727 2 268.028 -250
583 164.978 126.727 2 267.26 -250
584 174.978 126.727 2 266.864 -250
585 184.978 126.727 2 266.842 -92.5238
586 194.978 126.727 2 267.195 -95.553
587 204.978 126.727 2 267.921 -90.3131
588 214.978 126.727 2 269.017 -89.2925
589 224.978 126.727 2 270.478 -250
590 234.978 126.727 2 272.3 -250
591 244.978 126.727 2 274.473 -250
592 254.978 126.727 2 276.991 -104.421
593 264.978 126.727 2 279.844 -102.452
594 274.978 126.727 2 283.021 -93.5434
595 284.978 126.727 2 286.513 -99.3692
596 294.978 126.727 2 290.307 -89.6527
597 304.978 126.727 2 294.392 -88.9728
598 314.978 126.727 2 298.756 -110.798
599 324.978 126.727 2 303.387 -250
600 334.978 126.727 2 308.272 -250
601 344.978 126.727 2 313.401 -250
602 354.978 126.727 2 318.761 -250
603 364.978 126.727 2 324.341 -250
604 374.978 126.727 2 330.13 -250
605 384.978 126.727 2 336.116 -250
606 394.978 126.727 2 342.29 -250
607 404.978 126.727 2 348.642 -250
608 414.978 126.727 2 355.162 -250
609 424.978 126.727 2 361.84 -115.747
610 434.978 126.727 2 368.669 -113.535
611 444.978 126.727 2 375.64 -250
612 454.978 126.727 2 382.745 -250
613 464.978 126.727 2 389.977 -250
614 474.978 126.727 2 397.329 -120.706
615 484.978 126.727 2 404.795 -106.703
616 84.9784 136.727 2 274.439 -90.3264
617 94.9784 136.727 2 271.119 -90.6257
618 104.978 136.727 2 268.13 -92.7636
619 114.978 136.727 2 265.485 -92.5768
620 124.978 136.727 2 263.193 -88.3875
621 134.978 136.727 2 261.265 -250
622 144.978 136.727 2 259.707 -250
623 154.978 136.727 2 258.527 -250
624 164.978 136.727 2 257.73 -250
625 174.978 136.727 2 257.319 -250
626 184.978 136.727 2 257.297 -88.1718
627 194.978 136.727 2 257.663 -89.3302
628 204.978 136.727 2 258.416 -86.0693
629 214.978 136.727 2 259.552 -86.2698
630 224.978 136.727 2 261.066 -250
631 234.978 136.727 2 262.953 -250
632 244.978 136.727 2 265.203 -250
633 254.978 136.727 2 267.808 -99.7072
634 264.978 136.727 2 270.757 -100.39
635 274.978 136.727 2 274.04 -91.4374
636 284.978 136.727 2 277.644 -99.8839
637 294.978 136.727 2 281.558 -89.1478
638 304.978 136.727 2 285.768 -93.1407
639 314.978 136.727 2 290.262 -112.604
640 324.978 136.727 2 295.026 -250
641 334.978 136.727 2 300.048 -250
642 344.978 136.727 2 305.315 -250
643 354.978 136.727 2 310.815 -250
644 364.978 136.727 2 316.535 -250
645 374.978 136.727 2 322.464 -250
646 384.978 136.727 2 328.59 -250
647 394.978 136.727 2 334.903 -250
648 404.978 136.727 2 341.392 -250
649 414.978 136.727 2 348.047 -250
650 424.978 136.727 2 354.859 -110.866
651 434.978 136.727 2 361.82 -135.195
652 444.978 136.727 2 368.92 -250
653 454.978 136.727 2 376.152 -250
654 464.978 136.727 2 383.509 -250
655 474.978 136.727 2 390.983 -135.938
656 484.978 136.727 2 398.568 -107.555
657 84.9784 146.727 2 265.544 -90.6989
658 94.9784 146.727 2 262.111 -89.4171
659 104.978 146.727 2 259.019 -90.864
660 114.978 146.727 2 256.28 -87.7764
661 124.978 146.727 2 253.905 -89.01
662 134.978 146.727 2 251.905 -87.2796
663 144.978 146.727 2 250.289 -86.6204
664 154.978 146.727 2 249.065 -88.2961
665 164.978 146.727 2 248.237 -93.9248
666 174.978 146.727 2 247.811 -89.3423
667 184.978 146.727 2 247.788 -89.6632
668 194.978 146.727 2 248.168 -88.9135
669 204.978 146.727 2 248.949 -88.8414
670 214.978 146.727 2 250.128 -88.2888
671 224.978 146.727 2 251.699 -94.0984
672 234.978 146.727 2 253.655 -104.877
673 244.978 146.727 2 255.987 -97.8054
674 254.978 146.727 2 258.685 -100.105
675 264.978 146.727 2 261.737 -98.1917
676 274.978 146.727 2 265.132 -97.759
677 284.978 146.727 2 268.856 -94.2628
678 294.978 146.727 2 272.896 -91.0808
679 304.978 146.727 2 277.237 -117.657
680 314.978 146.727 2 281.867 -125.127
681 324.978 146.727 2 286.771 -115.466
682 334.978 146.727 2 291.935 -112.663
683 344.978 146.727 2 297.346 -111.47
684 354.978 146.727 2 302.99 -106.419
685 364.978 146.727 2 308.855 -111.574
686 374.978 146.727 2 314.928 -112.905
687 384.978 146.727 2 321.198 -107.714
688 394.978 146.727 2 327.653 -108.265
689 404.978 146.727 2 334.283 -96.6696
690 414.978 146.727 2 341.077 -98.1433
691 424.978 146.727 2 348.026 -99.753
692 434.978 146.727 2 355.121 -99.135
693 444.978 146.727 2 362.352 -89.8811
694 454.978 146.727 2 369.713 -90.5406
695 464.978 146.727 2 377.195 -96.9449
696 474.978 146.727 2 384.792 -98.1933
697 484.978 146.727 2 392.496 -123.947
698 84.9784 156.727 2 256.731 -88.3071
699 94.9784 156.727 2 253.178 -89.1077
700 104.978 156.727 2 249.976 -89.6223
701 114.978 156.727 2 247.136 -88.1757
702 124.978 156.727 2 244.673 -91.0274
703 134.978 156.727 2 242.597 -90.9205
704 144.978 156.727 2 240.919 -87.4064
705 154.978 156.727 2 239.646 -87.291
706 164.978 156.727 2 238.786 -89.1631
707 174.978 156.727 2 238.343 -87.3284
708 184.978 156.727 2 238.318 -89.0341
709 194.978 156.727 2 238.714 -87.4569
710 204.978 156.727 2 239.526 -91.7424
711 214.978 156.727 2 240.751 -87.5278
712 224.978 156.727 2 242.383 -96.9825
713 234.978 156.727 2 244.414 -92.6674
714 244.978 156.727 2 246.833 -94.7694
715 254.978 156.727 2 249.63 -102.293
716 264.978 156.727 2 252.791 -96.6495
717 274.978 156.727 2 256.305 -97.4668
718 284.978 156.727 2 260.155 -101.116
719 294.978 156.727 2 264.327 -92.4372
720 304.978 156.727 2 268.807 -118.531
721 314.978 156.727 2 273.58 -126.027
722 324.978 156.727 2 278.63 -124.653
723 334.978 156.727 2 283.942 -117.892
724 344.978 156.727 2 289.502 -119.314
725 354.978 156.727 2 295.296 -105.797
726 364.978 156.727 2 301.311 -104.697
727 374.978 156.727 2 307.533 -108.64
728 384.978 156.727 2 313.951 -108.25
729 394.978 156.727 2 320.552 -108.004
730 404.978 156.727 2 327.326 -105.17
731 414.978 156.727 2 334.262 -102.377
732 424.978 156.727 2 341.349 -106.915
733 434.978 156.727 2 348.58 -91.0617
734 444.978 156.727 2 355.944 -114.463
735 454.978 156.727 2 363.435 -122.886
736 464.978 156.727 2 371.043 -91.9744
737 474.978 156.727 2 378.763 -97.8383
738 484.978 156.727 2 386.588 -101.101
739 84.9784 166.727 2 248.008 -89.3206
740 94.9784 166.727 2 244.328 -90.7693
741 104.978 166.727 2 241.008 -97.6011
742 114.978 166.727 2 238.062 -101.609
743 124.978 166.727 2 235.503 -89.612
744 134.978 166.727 2 233.346 -86.8644
745 144.978 166.727 2 231.6 -85.6054
746 154.978 166.727 2 230.276 -89.8774
747 164.978 166.727 2 229.381 -88.6824
748 174.978 166.727 2 228.92 -89.4703
749 184.978 166.727 2 228.895 -88.0846
750 194.978 166.727 2 229.306 -91.3408
751 204.978 166.727 2 230.151 -88.2317
752 214.978 166.727 2 231.426 -84.7181
753 224.978 166.727 2 233.124 -250
754 234.978 166.727 2 235.234 -96.3898
755 244.978 166.727 2 237.747 -250
756 254.978 166.727 2 240.649 -250
757 264.978 166.727 2 243.927 -250
758 274.978 166.727 2 247.566 -111.781
759 284.978 166.727 2 251.55 -89.6722
760 294.978 166.727 2 255.863 -250
761 304.978 166.727 2 260.489 -250
762 314.978 166.727 2 265.411 -250
763 324.978 166.727 2 270.613 -250
764 334.978 166.727 2 276.08 -250
765 344.978 166.727 2 281.795 -250
766 354.978 166.727 2 287.744 -99.6305
767 364.978 166.727 2 293.914 -126.455
768 374.978 166.727 2 300.29 -250
769 384.978 166.727 2 306.859 -99.1402
770 394.978 166.727 2 313.609 -104.991
771 404.978 166.727 2 320.53 -102.084
772 414.978 166.727 2 327.609 -102.181
773 424.978 166.727 2 334.838 -105.039
774 434.978 166.727 2 342.206 -91.5435
775 444.978 166.727 2 349.704 -250
776 454.978 166.727 2 357.326 -250
777 464.978 166.727 2 365.062 -250
778 474.978 166.727 2 372.906 -123.531
779 484.978 166.727 2 380.851 -97.8119
780 84.9784 176.727 2 239.384 -89.4245
781 94.9784 176.727 2 235.57 -87.6058
782 104.978 176.727 2 232.125 -102.504
783 114.978 176.727 2 229.064 -120.793
784 124.978 176.727 2 226.404 -105.352
785 134.978 176.727 2 224.159 -89.1547
786 144.978 176.727 2 222.342 -93.0222
787 154.978 176.727 2 220.962 -90.1805
788 164.978 176.727 2 220.029 -93.5367
789 174.978 176.727 2 219.548 -92.537
790 184.978 176.727 2 219.522 -89.5497
791 194.978 176.727 2 219.95 -87.5839
792 204.978 176.727 2 220.832 -88.3067
793 214.978 176.727 2 222.16 -88.7248
794 224.978 176.727 2 223.928 -250
795 234.978 176.727 2 226.124 -98.1974
796 244.978 176.727 2 228.737 -250
797 254.978 176.727 2 231.752 -250
798 264.978 176.727 2 235.154 -250
799 274.978 176.727 2 238.927 -110.664
800 284.978 176.727 2 243.053 -88.7717
801 294.978 176.727 2 247.514 -250
802 304.978 176.727 2 252.292 -250
803 314.978 176.727 2 257.371 -250
804 324.978 176.727 2 262.733 -250
805 334.978 176.727 2 268.36 -250
806 344.978 176.727 2 274.236 -250
807 354.978 176.727 2 280.346 -123.527
808 364.978 176.727 2 286.675 -112.714
809 374.978 176.727 2 293.208 -250
810 384.978 176.727 2 299.932 -95.7741
811 394.978 176.727 2 306.835 -99.238
812 404.978 176.727 2 313.905 -103.602
813 414.978 176.727 2 321.131 -107.917
814 424.978 176.727 2 328.502 -105.405
815 434.978 176.727 2 336.009 -91.6896
816 444.978 176.727 2 343.643 -250
817 454.978 176.727 2 351.395 -250
818 464.978 176.727 2 359.259 -250
819 474.978 176.727 2 367.227 -102.194
820 484.978 176.727 2 375.292 -104.507
821 84.9784 186.727 2 230.872 -88.2526
822 94.9784 186.727 2 226.915 -98.9589
823 104.978 186.727 2 223.336 -125.704
824 114.978 186.727 2 220.153 -117.821
825 124.978 186.727 2 217.384 -124.346
826 134.978 186.727 2 215.045 -86.1715
827 144.978 186.727 2 213.15 -87.1111
828 154.978 186.727 2 211.71 -87.502
829 164.978 186.727 2 210.736 -85.9005
830 174.978 186.727 2 210.234 -86.301
831 184.978 186.727 2 210.206 -87.6828
832 194.978 186.727 2 210.654 -86.7314
833 204.978 186.727 2 211.574 -89.1106
834 214.978 186.727 2 212.961 -90.7996
835 224.978 186.727 2 214.804 -250
836 234.978 186.727 2 217.092 -107.996
837 244.978 186.727 2 219.813 -250
838 254.978 186.727 2 222.949 -250
839 264.978 186.727 2 226.483 -250
840 274.978 186.727 2 230.398 -86.0039
841 284.978 186.727 2 234.673 -91.2139
842 294.978 186.727 2 239.291 -87.5089
843 304.978 186.727 2 244.23 -87.7534
844 314.978 186.727 2 249.473 -102.422
845 324.978 186.727 2 255.001 -99.2591
846 334.978 186.727 2 260.795 -250
847 344.978 186.727 2 266.838 -250
848 354.978 186.727 2 273.113 -250
849 364.978 186.727 2 279.606 -250
850 374.978 186.727 2 286.3 -250
851 384.978 186.727 2 293.183 -99.382
852 394.978 186.727 2 300.241 -96.7416
853 404.978 186.727 2 307.463 -95.7978
854 414.978 186.727 2 314.836 -108.002
855 424.978 186.727 2 322.351 -88.2563
856 434.978 186.727 2 329.998 -115.362
857 444.978 186.727 2 337.768 -250
858 454.978 186.727 2 345.653 -250
859 464.978 186.727 2 353.644 -250
860 474.978 186.727 2 361.736 -113.575
861 484.978 186.727 2 369.921 -119.498
862 84.9784 196.727 2 222.484 -89.7462
863 94.9784 196.727 2 218.374 -110.858
864 104.978 196.727 2 214.653 -110.093
865 114.978 196.727 2 211.339 -156.485
866 124.978 196.727 2 208.453 -117.574
867 134.978 196.727 2 206.013 -86.0361
868 144.978 196.727 2 204.034 -88.9959
869 154.978 196.727 2 202.53 -89.7689
870 164.978 196.727 2 201.511 -89.7215
871 174.978 196.727 2 200.986 -87.9683
872 184.978 196.727 2 200.957 -88.5919
873 194.978 196.727 2 201.426 -87.3408
874 204.978 196.727 2 202.388 -87.3838
875 214.978 196.727 2 203.836 -87.5474
876 224.978 196.727 2 205.761 -250
877 234.978 196.727 2 208.149 -88.1284
878 244.978 196.727 2 210.985 -86.9835
879 254.978 196.727 2 214.25 -84.0347
880 264.978 196.727 2 217.926 -89.2508
881 274.978 196.727 2 221.991 -83.8158
882 284.978 196.727 2 226.426 -87.133
883 294.978 196.727 2 231.208 -84.8144
884 304.978 196.727 2 236.317 -100.087
885 314.978 196.727 2 241.731 -94.6461
886 324.978 196.727 2 247.432 -103.131
887 334.978 196.727 2 253.399 -250
888 344.978 196.727 2 259.614 -250
889 354.978 196.727 2 266.06 -98.965
890 364.978 196.727 2 272.72 -106.069
891 374.978 196.727 2 279.58 -94.0141
892 384.978 196.727 2 286.624 -95.7395
893 394.978 196.727 2 293.84 -98.8442
894 404.978 196.727 2 301.215 -93.3109
895 414.978 196.727 2 308.737 -87.6913
896 424.978 196.727 2 316.397 -250
897 434.978 196.727 2 324.185 -250
898 444.978 196.727 2 332.091 -250
899 454.978 196.727 2 340.107 -250
900 464.978 196.727 2 348.226 -250
901 474.978 196.727 2 356.44 -128.34
902 484.978 196.727 2 364.744 -131.696
903 84.9784 206.727 2 214.233 -86.875
904 94.9784 206.727 2 209.963 -105.169
905 104.978 206.727 2 206.09 -117.622
906 114.978 206.727 2 202.636 -250
907 124.978 206.727 2 199.624 -250
908 134.978 206.727 2 197.075 -82.1225
909 144.978 206.727 2 195.005 -85.9874
910 154.978 206.727 2 193.43 -87.2401
911 164.978 206.727 2 192.364 -87.6385
912 174.978 206.727 2 191.813 -88.4252
913 184.978 206.727 2 191.783 -88.5696
914 194.978 206.727 2 192.274 -88.6201
915 204.978 206.727 2 193.281 -88.2003
916 214.978 206.727 2 194.798 -84.7215
917 224.978 206.727 2 196.811 -86.5722
918 234.978 206.727 2 199.307 -86.3771
919 244.978 206.727 2 202.266 -89.6034
920 254.978 206.727 2 205.67 -91.2527
921 264.978 206.727 2 209.496 -88.9818
922 274.978 206.727 2 213.722 -82.601
923 284.978 206.727 2 218.325 -91.6031
924 294.978 206.727 2 223.28 -93.0292
925 304.978 206.727 2 228.566 -104.261
926 314.978 206.727 2 234.16 -99.9021
927 324.978 206.727 2 240.041 -96.9645
928 334.978 206.727 2 246.187 -250
929 344.978 206.727 2 252.58 -250
930 354.978 206.727 2 259.201 -96.9672
931 364.978 206.727 2 266.033 -96.1294
932 374.978 206.727 2 273.06 -107.433
933 384.978 206.727 2 280.268 -110.148
934 394.978 206.727 2 287.644 -92.9578
935 404.978 206.727 2 295.173 -91.1358
936 414.978 206.727 2 302.846 -88.4536
937 424.978 206.727 2 310.651 -250
938 434.978 206.727 2 318.579 -250
939 444.978 206.727 2 326.621 -250
940 454.978 206.727 2 334.768 -250
941 464.978 206.727 2 343.014 -250
942 474.978 206.727 2 351.35 -146.648
943 484.978 206.727 2 359.771 -118.593
944 84.9784 216.727 2 206.138 -89.5721
945 94.9784 216.727 2 201.696 -96.2018
946 104.978 216.727 2 197.661 -130.031
947 114.978 216.727 2 194.058 -250
948 124.978 216.727 2 190.911 -250
949 134.978 216.727 2 188.243 -103.42
950 144.978 216.727 2 186.075 -88.9765
951 154.978 216.727 2 184.424 -87.2084
952 164.978 216.727 2 183.305 -86.5154
953 174.978 216.727 2 182.727 -85.8358
954 184.978 216.727 2 182.696 -85.8789
955 194.978 216.727 2 183.211 -85.3696
956 204.978 216.727 2 184.268 -85.9095
957 214.978 216.727 2 185.858 -89.4337
958 224.978 216.727 2 187.967 -90.9189
959 234.978 216.727 2 190.579 -87.3777
960 244.978 216.727 2 193.672 -86.662
961 254.978 216.727 2 197.224 -86.1013
962 264.978 216.727 2 201.21 -86.1215
963 274.978 216.727 2 205.607 -89.5004
964 284.978 216.727 2 210.387 -85.3109
965 294.978 216.727 2 215.525 -250
966 304.978 216.727 2 220.997 -250
967 314.978 216.727 2 226.778 -250
968 324.978 216.727 2 232.844 -250
969 334.978 216.727 2 239.176 -250
970 344.978 216.727 2 245.751 -250
971 354.978 216.727 2 252.551 -121.306
972 364.978 216.727 2 259.558 -105.314
973 374.978 216.727 2 266.756 -95.4529
974 384.978 216.727 2 274.13 -87.7826
975 394.978 216.727 2 281.666 -89.3736
976 404.978 216.727 2 289.352 -86.2011
977 414.978 216.727 2 297.175 -87.7079
978 424.978 216.727 2 305.125 -250
979 434.978 216.727 2 313.193 -250
980 444.978 216.727 2 321.369 -250
981 454.978 216.727 2 329.646 -250
982 464.978 216.727 2 338.017 -250
983 474.978 216.727 2 346.473 -119.323
984 484.978 216.727 2 355.01 -113.879
985 84.9784 226.727 2 198.217 -86.6492
986 94.9784 226.727 2 193.594 -86.6426
987 104.978 226.727 2 189.386 -250
988 114.978 226.727 2 185.622 -250
989 124.978 226.727 2 182.329 -250
990 134.978 226.727 2 179.534 -84.3502
991 144.978 226.727 2 177.259 -89.4975
992 154.978 226.727 2 175.526 -89.1412
993 164.978 226.727 2 174.35 -88.2033
994 174.978 226.727 2 173.742 -89.0117
995 184.978 226.727 2 173.709 -88.0816
996 194.978 226.727 2 174.251 -89.4726
997 204.978 226.727 2 175.362 -90.9731
998 214.978 226.727 2 177.032 -88.9906
999 224.978 226.727 2 179.245 -86.2146
1000 234.978 226.727 2 181.981 -86.8478
1001 244.978 226.727 2 185.218 -87.6294
1002 254.978 226.727 2 188.929 -89.1151
1003 264.978 226.727 2 193.087 -88.3217
1004 274.978 226.727 2 197.664 -86.8814
1005 284.978 226.727 2 202.632 -88.9989
1006 294.978 226.727 2 207.962 -250
1007 304.978 226.727 2 213.627 -250
1008 314.978 226.727 2 219.602 -250
1009 324.978 226.727 2 225.862 -250
1010 334.978 226.727 2 232.383 -250
1011 344.978 226.727 2 239.145 -250
1012 354.978 226.727 2 246.128 -120.101
1013 364.978 226.727 2 253.313 -109.169
1014 374.978 226.727 2 260.684 -90.0325
1015 384.978 226.727 2 268.225 -84.3913
1016 394.978 226.727 2 275.922 -89.5114
1017 404.978 226.727 2 283.763 -88.2128
1018 414.978 226.727 2 291.736 -87.1927
1019 424.978 226.727 2 299.831 -250
1020 434.978 226.727 2 308.037 -250
1021 444.978 226.727 2 316.347 -250
1022 454.978 226.727 2 324.752 -250
1023 464.978 226.727 2 333.245 -250
1024 474.978 226.727 2 341.82 -107.629
1025 484.978 226.727 2 350.47 -119.238
1026 84.9784 236.727 2 190.491 -89.6836
1027 94.9784 236.727 2 185.676 -87.5788
1028 104.978 236.727 2 181.284 -83.3547
1029 114.978 236.727 2 177.348 -90.7757
1030 124.978 236.727 2 173.899 -250
1031 134.978 236.727 2 170.966 -102.143
1032 144.978 236.727 2 168.576 -103.381
1033 154.978 236.727 2 166.752 -105.016
1034 164.978 236.727 2 165.514 -105.665
1035 174.978 236.727 2 164.874 -88.5236
1036 184.978 236.727 2 164.839 -90.2536
1037 194.978 236.727 2 165.41 -89.6606
1038 204.978 236.727 2 166.58 -87.5724
1039 214.978 236.727 2 168.337 -85.2965
1040 224.978 236.727 2 170.663 -86.6616
1041 234.978 236.727 2 173.535 -88.5962
1042 244.978 236.727 2 176.926 -89.941
1043 254.978 236.727 2 180.807 -99.9166
1044 264.978 236.727 2 185.148 -95.3979
1045 274.978 236.727 2 189.916 -97.7578
1046 284.978 236.727 2 195.081 -99.4525
1047 294.978 236.727 2 200.612 -250
1048 304.978 236.727 2 206.479 -250
1049 314.978 236.727 2 212.655 -250
1050 324.978 236.727 2 219.113 -250
1051 334.978 236.727 2 225.83 -250
1052 344.978 236.727 2 232.782 -250
1053 354.978 236.727 2 239.95 -126.079
1054 364.978 236.727 2 247.315 -98.1588
1055 374.978 236.727 2 254.859 -103.625
1056 384.978 236.727 2 262.567 -96.1508
1057 394.978 236.727 2 270.426 -102.541
1058 404.978 236.727 2 278.421 -101.066
1059 414.978 236.727 2 286.543 -250
1060 424.978 236.727 2 294.78 -250
1061 434.978 236.727 2 303.124 -250
1062 444.978 236.727 2 311.564 -250
1063 454.978 236.727 2 320.095 -250
1064 464.978 236.727 2 328.709 -250
1065 474.978 236.727 2 337.399 -122.708
1066 484.978 236.727 2 346.159 -105.907
1067 84.9784 246.727 2 182.986 -85.9559
1068 94.9784 246.727 2 177.968 -88.7422
1069 104.978 246.727 2 173.381 -89.9256
1070 114.978 246.727 2 169.262 -86.5816
1071 124.978 246.727 2 165.644 -98.7711
1072 134.978 246.727 2 162.562 -116.889
1073 144.978 246.727 2 160.047 -117.354
1074 154.978 246.727 2 158.125 -115.505
1075 164.978 246.727 2 156.818 -116.483
1076 174.978 246.727 2 156.142 -84.2233
1077 184.978 246.727 2 156.105 -87.7258
1078 194.978 246.727 2 156.708 -86.844
1079 204.978 246.727 2 157.942 -85.2236
1080 214.978 246.727 2 159.795 -84.8618
1081 224.978 246.727 2 162.243 -88.1987
1082 234.978 246.727 2 165.261 -90.1401
1083 244.978 246.727 2 168.819 -86.017
1084 254.978 246.727 2 172.882 -112.053
1085 264.978 246.727 2 177.417 -95.7954
1086 274.978 246.727 2 182.387 -96.0581
1087 284.978 246.727 2 187.76 -111.796
1088 294.978 246.727 2 193.5 -87.1236
1089 304.978 246.727 2 199.576 -87.1079
1090 314.978 246.727 2 205.959 -93.5532
1091 324.978 246.727 2 212.621 -102.919
1092 334.978 246.727 2 219.536 -103.712
1093 344.978 246.727 2 226.682 -98.8083
1094 354.978 246.727 2 234.036 -99.6024
1095 364.978 246.727 2 241.581 -98.5272
1096 374.978 246.727 2 249.299 -98.9787
1097 384.978 246.727 2 257.174 -96.8775
1098 394.978 246.727 2 265.192 -104.664
1099 404.978 246.727 2 273.341 -109.036
1100 414.978 246.727 2 281.61 -112.65
1101 424.978 246.727 2 289.987 -108.818
1102 434.978 246.727 2 298.464 -102.73
1103 444.978 246.727 2 307.033 -105.937
1104 454.978 246.727 2 315.686 -115.026
1105 464.978 246.727 2 324.417 -106.548
1106 474.978 246.727 2 333.219 -110.892
1107 484.978 246.727 2 342.087 -101.541
1108 84.9784 256.727 2 175.73 -90.0335
1109 94.9784 256.727 2 170.498 -84.241
1110 104.978 256.727 2 165.705 -93.9781
1111 114.978 256.727 2 161.389 -86.7854
1112 124.978 256.727 2 157.591 -95.7983
1113 134.978 256.727 2 154.348 -122.897
1114 144.978 256.727 2 151.697 -122.245
1115 154.978 256.727 2 149.668 -125.565
1116 164.978 256.727 2 148.287 -129.979
1117 174.978 256.727 2 147.572 -84.2993
1118 184.978 256.727 2 147.533 -86.6111
1119 194.978 256.727 2 148.17 -85.8703
1120 204.978 256.727 2 149.475 -85.0353
1121 214.978 256.727 2 151.431 -86.2948
1122 224.978 256.727 2 154.012 -91.4103
1123 234.978 256.727 2 157.189 -82.431
1124 244.978 256.727 2 160.925 -109.29
1125 254.978 256.727 2 165.182 -109.955
1126 264.978 256.727 2 169.923 -125.426
1127 274.978 256.727 2 175.106 -92.6746
1128 284.978 256.727 2 180.695 -93.8853
1129 294.978 256.727 2 186.653 -86.3311
1130 304.978 256.727 2 192.945 -101.503
1131 314.978 256.727 2 199.54 -94.4236
1132 324.978 256.727 2 206.409 -91.8114
1133 334.978 256.727 2 213.525 -96.4405
1134 344.978 256.727 2 220.866 -89.8547
1135 354.978 256.727 2 228.408 -99.1286
1136 364.978 256.727 2 236.132 -91.4672
1137 374.978 256.727 2 244.023 -96.8928
1138 384.978 256.727 2 252.063 -105.083
1139 394.978 256.727 2 260.238 -114.481
1140 404.978 256.727 2 268.538 -116.561
1141 414.978 256.727 2 276.949 -113.013
1142 424.978 256.727 2 285.464 -107.303
1143 434.978 256.727 2 294.071 -100.334
1144 444.978 256.727 2 302.765 -115.878
1145 454.978 256.727 2 311.536 -97.8194
1146 464.978 256.727 2 320.38 -104.609
1147 474.978 256.727 2 329.29 -101.777
1148 484.978 256.727 2 338.261 -112.532
1149 84.9784 266.727 2 168.754 -85.6071
1150 94.9784 266.727 2 163.299 -91.3508
1151 104.978 266.727 2 158.288 -85.3055
1152 114.978 266.727 2 153.764 -87.3665
1153 124.978 266.727 2 149.773 -103.051
1154 134.978 266.727 2 146.357 -250
1155 144.978 266.727 2 143.558 -250
1156 154.978 266.727 2 141.412 -250
1157 164.978 266.727 2 139.95 -250
1158 174.978 266.727 2 139.192 -86.5308
1159 184.978 266.727 2 139.151 -87.4549
1160 194.978 266.727 2 139.826 -85.8394
1161 204.978 266.727 2 141.209 -84.7477
1162 214.978 266.727 2 143.277 -86.9081
1163 224.978 266.727 2 146.003 -90.7131
1164 234.978 266.727 2 149.35 -83.1338
1165 244.978 266.727 2 153.277 -250
1166 254.978 266.727 2 157.741 -250
1167 264.978 266.727 2 162.698 -250
1168 274.978 266.727 2 168.105 -91.6065
1169 284.978 266.727 2 173.919 -92.9678
1170 294.978 266.727 2 180.1 -250
1171 304.978 266.727 2 186.614 -250
1172 314.978 266.727 2 193.425 -250
1173 324.978 266.727 2 200.503 -250
1174 334.978 266.727 2 207.822 -250
1175 344.978 266.727 2 215.357 -250
1176 354.978 266.727 2 223.085 -250
1177 364.978 266.727 2 230.988 -250
1178 374.978 266.727 2 239.048 -250
1179 384.978 266.727 2 247.25 -250
1180 394.978 266.727 2 255.58 -250
1181 404.978 266.727 2 264.026 -250
1182 414.978 266.727 2 272.577 -250
1183 424.978 266.727 2 281.223 -250
1184 434.978 266.727 2 289.957 -250
1185 444.978 266.727 2 298.77 -250
1186 454.978 266.727 2 307.655 -250
1187 464.978 266.727 2 316.608 -250
1188 474.978 266.727 2 325.621 -122.736
1189 484.978 266.727 2 334.69 -102.057
1190 84.9784 276.727 2 162.096 -87.6445
1191 94.9784 276.727 2 156.408 -87.7954
1192 104.978 276.727 2 151.169 -85.3385
1193 114.978 276.727 2 146.426 -87.4494
1194 124.978 276.727 2 142.229 -113.967
1195 134.978 276.727 2 138.627 -250
1196 144.978 276.727 2 135.669 -250
1197 154.978 276.727 2 133.396 -250
1198 164.978 276.727 2 131.844 -250
1199 174.978 276.727 2 131.04 -94.1435
1200 184.978 276.727 2 130.996 -90.1629
1201 194.978 276.727 2 131.713 -87.4075
1202 204.978 276.727 2 133.18 -84.8891
1203 214.978 276.727 2 135.371 -86.7336
1204 224.978 276.727 2 138.253 -90.5425
1205 234.978 276.727 2 141.783 -82.0121
1206 244.978 276.727 2 145.914 -250
1207 254.978 276.727 2 150.596 -250
1208 264.978 276.727 2 155.781 -250
1209 274.978 276.727 2 161.419 -108.472
1210 284.978 276.727 2 167.466 -93.6573
1211 294.978 276.727 2 173.877 -250
1212 304.978 276.727 2 180.615 -250
1213 314.978 276.727 2 187.644 -250
1214 324.978 276.727 2 194.932 -250
1215 334.978 276.727 2 202.453 -250
1216 344.978 276.727 2 210.18 -250
1217 354.978 276.727 2 218.092 -250
1218 364.978 276.727 2 226.169 -250
1219 374.978 276.727 2 234.395 -250
1220 384.978 276.727 2 242.754 -250
1221 394.978 276.727 2 251.233 -250
1222 404.978 276.727 2 259.82 -250
1223 414.978 276.727 2 268.505 -250
1224 424.978 276.727 2 277.279 -250
1225 434.978 276.727 2 286.133 -250
1226 444.978 276.727 2 295.06 -250
1227 454.978 276.727 2 304.054 -250
1228 464.978 276.727 2 313.109 -250
1229 474.978 276.727 2 322.22 -100.306
1230 484.978 276.727 2 331.383 -124.971
1231 84.9784 286.727 2 155.795 -88.5241
1232 94.9784 286.727 2 149.869 -84.7574
1233 104.978 286.727 2 144.392 -90.0196
1234 114.978 286.727 2 139.419 -85.4834
1235 124.978 286.727 2 135.004 -113.069
1236 134.978 286.727 2 131.204 -250
1237 144.978 286.727 2 128.074 -250
1238 154.978 286.727 2 125.664 -250
1239 164.978 286.727 2 124.016 -250
1240 174.978 286.727 2 123.16 -93.0335
1241 184.978 286.727 2 123.113 -91.0916
1242 194.978 286.727 2 123.877 -92.7203
1243 204.978 286.727 2 125.435 -86.8187
1244 214.978 286.727 2 127.759 -85.5602
1245 224.978 286.727 2 130.808 -90.8818
1246 234.978 286.727 2 134.534 -81.388
1247 244.978 286.727 2 138.881 -250
1248 254.978 286.727 2 143.793 -250
1249 264.978 286.727 2 149.214 -250
1250 274.978 286.727 2 155.091 -100.947
1251 284.978 286.727 2 161.375 -92.5244
1252 294.978 286.727 2 168.019 -250
1253 304.978 286.727 2 174.982 -250
1254 314.978 286.727 2 182.228 -250
1255 324.978 286.727 2 189.725 -250
1256 334.978 286.727 2 197.444 -250
1257 344.978 286.727 2 205.36 -250
1258 354.978 286.727 2 213.451 -250
1259 364.978 286.727 2 221.697 -250
1260 374.978 286.727 2 230.083 -250
1261 384.978 286.727 2 238.593 -250
1262 394.978 286.727 2 247.215 -250
1263 404.978 286.727 2 255.937 -250
1264 414.978 286.727 2 264.749 -250
1265 424.978 286.727 2 273.643 -250
1266 434.978 286.727 2 282.611 -250
1267 444.978 286.727 2 291.646 -250
1268 454.978 286.727 2 300.742 -250
1269 464.978 286.727 2 309.894 -250
1270 474.978 286.727 2 319.097 -112.231
1271 484.978 286.727 2 328.346 -116.658
1272 84.9784 296.727 2 149.897 -85.0109
1273 94.9784 296.727 2 143.728 -88.0997
1274 104.978 296.727 2 138.008 -91.0962
1275 114.978 296.727 2 132.795 -84.8997
1276 124.978 296.727 2 128.152 -114.461
1277 134.978 296.727 2 124.143 -250
1278 144.978 296.727 2 120.83 -250
1279 154.978 296.727 2 118.273 -250
1280 164.978 296.727 2 116.52 -250
1281 174.978 296.727 2 115.609 -88.6075
1282 184.978 296.727 2 115.559 -85.4781
1283 194.978 296.727 2 116.372 -87.5197
1284 204.978 296.727 2 118.029 -92.8121
1285 214.978 296.727 2 120.496 -85.1616
1286 224.978 296.727 2 123.725 -90.9987
1287 234.978 296.727 2 127.657 -83.0449
1288 244.978 296.727 2 132.23 -250
1289 254.978 296.727 2 137.38 -250
1290 264.978 296.727 2 143.045 -250
1291 274.978 296.727 2 149.165 -97.5738
1292 284.978 296.727 2 155.688 -97.6168
1293 294.978 296.727 2 162.565 -250
1294 304.978 296.727 2 169.752 -250
1295 314.978 296.727 2 177.212 -250
1296 324.978 296.727 2 184.913 -104.443
1297 334.978 296.727 2 192.824 -96.38
1298 344.978 296.727 2 200.922 -101.881
1299 354.978 296.727 2 209.184 -90.7154
1300 364.978 296.727 2 217.593 -91.3389
1301 374.978 296.727 2 226.131 -89.9691
1302 384.978 296.727 2 234.784 -90.9281
1303 394.978 296.727 2 243.541 -90.6202
1304 404.978 296.727 2 252.39 -98.4328
1305 414.978 296.727 2 261.322 -100.828
1306 424.978 296.727 2 270.329 -92.8395
1307 434.978 296.727 2 279.403 -250
1308 444.978 296.727 2 288.539 -250
1309 454.978 296.727 2 297.73 -250
1310 464.978 296.727 2 306.971 -250
1311 474.978 296.727 2 316.259 -115.347
1312 484.978 296.727 2 325.589 -114.268
1313 84.9784 306.727 2 144.451 -90.0955
1314 94.9784 306.727 2 138.038 -90.126
1315 104.978 306.727 2 132.072 -86.7385
1316 114.978 306.727 2 126.616 -84.9896
1317 124.978 306.727 2 121.738 -114.279
1318 134.978 306.727 2 117.51 -250
1319 144.978 306.727 2 114.005 -250
1320 154.978 306.727 2 111.29 -250
1321 164.978 306.727 2 109.426 -250
1322 174.978 306.727 2 108.455 -88.2959
1323 184.978 306.727 2 108.402 -90.2076
1324 194.978 306.727 2 109.268 -86.7345
1325 204.978 306.727 2 111.031 -87.4459
1326 214.978 306.727 2 113.65 -88.5617
1327 224.978 306.727 2 117.068 -89.1315
1328 234.978 306.727 2 121.216 -90.1917
1329 244.978 306.727 2 126.023 -250
1330 254.978 306.727 2 131.417 -250
1331 264.978 306.727 2 137.327 -250
1332 274.978 306.727 2 143.692 -101.353
1333 284.978 306.727 2 150.452 -91.8411
1334 294.978 306.727 2 157.557 -250
1335 304.978 306.727 2 164.963 -250
1336 314.978 306.727 2 172.63 -250
1337 324.978 306.727 2 180.526 -103.403
1338 334.978 306.727 2 188.622 -250
1339 344.978 306.727 2 196.893 -250
1340 354.978 306.727 2 205.317 -250
1341 364.978 306.727 2 213.878 -117.991
1342 374.978 306.727 2 222.558 -250
1343 384.978 306.727 2 231.345 -250
1344 394.978 306.727 2 240.227 -250
1345 404.978 306.727 2 249.194 -250
1346 414.978 306.727 2 258.236 -250
1347 424.978 306.727 2 267.347 -250
1348 434.978 306.727 2 276.519 -250
1349 444.978 306.727 2 285.747 -250
1350 454.978 306.727 2 295.025 -250
1351 464.978 306.727 2 304.349 -250
1352 474.978 306.727 2 313.715 -108.467
1353 484.978 306.727 2 323.118 -114.356
1354 84.9784 316.727 2 139.51 -86.4312
1355 94.9784 316.727 2 132.859 -85.2988
1356 104.978 316.727 2 126.65 -84.4952
1357 114.978 316.727 2 120.949 -84.8002
1358 124.978 316.727 2 115.832 -86.6489
1359 134.978 316.727 2 111.38 -250
1360 144.978 316.727 2 107.676 -250
1361 154.978 316.727 2 104.798 -250
1362 164.978 316.727 2 102.815 -250
1363 174.978 316.727 2 101.782 -88.4201
1364 184.978 316.727 2 101.725 -88.2143
1365 194.978 316.727 2 102.647 -93.3642
1366 204.978 316.727 2 104.522 -87.5888
1367 214.978 316.727 2 107.301 -93.7285
1368 224.978 316.727 2 110.914 -87.0322
1369 234.978 316.727 2 115.284 -84.7128
1370 244.978 316.727 2 120.328 -250
1371 254.978 316.727 2 125.966 -250
1372 264.978 316.727 2 132.121 -250
1373 274.978 316.727 2 138.724 -110.331
1374 284.978 316.727 2 145.715 -88.7002
1375 294.978 316.727 2 153.04 -250
1376 304.978 316.727 2 160.654 -250
1377 314.978 316.727 2 168.518 -250
1378 324.978 316.727 2 176.598 -98.0559
1379 334.978 316.727 2 184.865 -250
1380 344.978 316.727 2 193.297 -250
1381 354.978 316.727 2 201.872 -250
1382 364.978 316.727 2 210.572 -109.769
1383 374.978 316.727 2 219.384 -250
1384 384.978 316.727 2 228.293 -250
1385 394.978 316.727 2 237.289 -250
1386 404.978 316.727 2 246.363 -250
1387 414.978 316.727 2 255.506 -250
1388 424.978 316.727 2 264.71 -250
1389 434.978 316.727 2 273.971 -250
1390 444.978 316.727 2 283.282 -250
1391 454.978 316.727 2 292.638 -250
1392 464.978 316.727 2 302.036 -250
1393 474.978 316.727 2 311.471 -102.335
1394 484.978 316.727 2 320.94 -109.627
1395 84.9784 326.727 2 135.13 -87.7215
1396 94.9784 326.727 2 128.252 -99.8444
1397 104.978 326.727 2 121.808 -101.438
1398 114.978 326.727 2 115.869 -101.61
1399 124.978 326.727 2 110.517 -96.2069
1400 134.978 326.727 2 105.842 -98.8494
1401 144.978 326.727 2 101.937 -105.577
1402 154.978 326.727 2 98.8916 -94.8463
1403 164.978 326.727 2 96.7886 -111.79
1404 174.978 326.727 2 95.6897 -100.093
1405 184.978 326.727 2 95.6295 -93.476
1406 194.978 326.727 2 96.6099 -88.3848
1407 204.978 326.727 2 98.6 -95.1014
1408 214.978 326.727 2 101.54 -87.8777
1409 224.978 326.727 2 105.351 -86.6815
1410 234.978 326.727 2 109.943 -85.4869
1411 244.978 326.727 2 115.221 -86.2624
1412 254.978 326.727 2 121.097 -81.7218
1413 264.978 326.727 2 127.487 -81.4827
1414 274.978 326.727 2 134.318 -81.7746
1415 284.978 326.727 2 141.527 -84.9921
1416 294.978 326.727 2 149.058 -84.8822
1417 304.978 326.727 2 156.865 -88.9884
1418 314.978 326.727 2 164.91 -85.3877
1419 324.978 326.727 2 173.158 -90.4201
1420 334.978 326.727 2 181.583 -83.7362
1421 344.978 326.727 2 190.16 -96.0154
1422 354.978 326.727 2 198.87 -89.5762
1423 364.978 326.727 2 207.696 -86.4968
1424 374.978 326.727 2 216.624 -86.2309
1425 384.978 326.727 2 225.643 -84.4877
1426 394.978 326.727 2 234.741 -85.0381
1427 404.978 326.727 2 243.909 -94.2879
1428 414.978 326.727 2 253.14 -90.3355
1429 424.978 326.727 2 262.428 -84.5019
1430 434.978 326.727 2 271.767 -88.7377
1431 444.978 326.727 2 281.15 -93.4721
1432 454.978 326.727 2 290.575 -106.31
1433 464.978 326.727 2 300.037 -86.3052
1434 474.978 326.727 2 309.533 -89.4029
1435 484.978 326.727 2 319.06 -93.3391
1436 84.9784 336.727 2 131.367 -88.9911
1437 94.9784 336.727 2 124.281 -105.453
1438 104.978 336.727 2 117.619 -125.374
1439 114.978 336.727 2 111.457 -121.394
1440 124.978 336.727 2 105.883 -112.537
1441 134.978 336.727 2 100.993 -121.148
1442 144.978 336.727 2 96.8921 -115.613
1443 154.978 336.727 2 93.6833 -124.721
1444 164.978 336.727 2 91.4606 -116.716
1445 174.978 336.727 2 90.2969 -122.025
1446 184.978 336.727 2 90.2331 -91.7228
1447 194.978 336.727 2 91.2715 -97.7355
1448 204.978 336.727 2 93.3755 -89.2641
1449 214.978 336.727 2 96.4752 -88.8028
1450 224.978 336.727 2 100.479 -87.9781
1451 234.978 336.727 2 105.283 -87.5818
1452 244.978 336.727 2 110.783 -86.295
1453 254.978 336.727 2 116.882 -112.501
1454 264.978 336.727 2 123.49 -109.774
1455 274.978 336.727 2 130.531 -102.902
1456 284.978 336.727 2 137.938 -95.3343
1457 294.978 336.727 2 145.655 -91.3432
1458 304.978 336.727 2 153.635 -90.4389
1459 314.978 336.727 2 161.84 -87.2757
1460 324.978 336.727 2 170.237 -85.4507
1461 334.978 336.727 2 178.799 -87.5933
1462 344.978 336.727 2 187.504 -89.0009
1463 354.978 336.727 2 196.332 -85.7626
1464 364.978 336.727 2 205.267 -89.6717
1465 374.978 336.727 2 214.297 -87.0785
1466 384.978 336.727 2 223.409 -90.3643
1467 394.978 336.727 2 232.594 -87.2239
1468 404.978 336.727 2 241.844 -90.4098
1469 414.978 336.727 2 251.152 -93.8649
1470 424.978 336.727 2 260.51 -97.621
1471 434.978 336.727 2 269.915 -97.1709
1472 444.978 336.727 2 279.361 -98.4973
1473 454.978 336.727 2 288.844 -103.216
1474 464.978 336.727 2 298.361 -95.8066
1475 474.978 336.727 2 307.909 -103.66
1476 484.978 336.727 2 317.485 -104.04
1477 84.9784 346.727 2 128.274 -98.3483
1478 94.9784 346.727 2 121.007 -109.191
1479 104.978 346.727 2 114.154 -122.273
1480 114.978 346.727 2 107.795 -250
1481 124.978 346.727 2 102.02 -250
1482 134.978 346.727 2 96.9362 -250
1483 144.978 346.727 2 92.6558 -250
1484 154.978 346.727 2 89.2949 -250
1485 164.978 346.727 2 86.9601 -250
1486 174.978 346.727 2 85.7353 -250
1487 184.978 346.727 2 85.6681 -97.406
1488 194.978 346.727 2 86.7612 -93.1492
1489 204.978 346.727 2 88.9719 -93.6923
1490 214.978 346.727 2 92.2197 -93.0161
1491 224.978 346.727 2 96.4 -89.3461
1492 234.978 346.727 2 101.397 -85.1895
1493 244.978 346.727 2 107.098 -250
1494 254.978 346.727 2 113.395 -250
1495 264.978 346.727 2 120.195 -250
1496 274.978 346.727 2 127.418 -124.021
1497 284.978 346.727 2 134.996 -97.397
1498 294.978 346.727 2 142.872 -85.9393
1499 304.978 346.727 2 150.999 -85.5531
1500 314.978 346.727 2 159.34 -85.0264
1501 324.978 346.727 2 167.862 -86.1734
1502 334.978 346.727 2 176.54 -89.8833
1503 344.978 346.727 2 185.35 -87.4274
1504 354.978 346.727 2 194.276 -87.909
1505 364.978 346.727 2 203.302 -87.6752
1506 374.978 346.727 2 212.415 -84.7357
1507 384.978 346.727 2 221.605 -250
1508 394.978 346.727 2 230.862 -250
1509 404.978 346.727 2 240.178 -250
1510 414.978 346.727 2 249.548 -250
1511 424.978 346.727 2 258.964 -250
1512 434.978 346.727 2 268.423 -250
1513 444.978 346.727 2 277.92 -119.986
1514 454.978 346.727 2 287.451 -250
1515 464.978 346.727 2 297.013 -250
1516 474.978 346.727 2 306.602 -98.6708
1517 484.978 346.727 2 316.217 -108.051
1518 84.9784 356.727 2 125.902 -113.707
1519 94.9784 356.727 2 118.489 -121.28
1520 104.978 356.727 2 111.482 -250
1521 114.978 356.727 2 104.96 -250
1522 124.978 356.727 2 99.021 -250
1523 134.978 356.727 2 93.7744 -250
1524 144.978 356.727 2 89.3427 -250
1525 154.978 356.727 2 85.8522 -250
1526 164.978 356.727 2 83.4211 -250
1527 174.978 356.727 2 82.1436 -250
1528 184.978 356.727 2 82.0734 -108.381
1529 194.978 356.727 2 83.2138 -98.4253
1530 204.978 356.727 2 85.5162 -96.8753
1531 214.978 356.727 2 88.8904 -93.8676
1532 224.978 356.727 2 93.22 -90.8595
1533 234.978 356.727 2 98.3792 -95.6847
1534 244.978 356.727 2 104.245 -250
1535 254.978 356.727 2 110.704 -250
1536 264.978 356.727 2 117.66 -250
1537 274.978 356.727 2 125.03 -126.742
1538 284.978 356.727 2 132.744 -96.2459
1539 294.978 356.727 2 140.746 -84.9852
1540 304.978 356.727 2 148.989 -84.9348
1541 314.978 356.727 2 157.437 -85.9949
1542 324.978 356.727 2 166.057 -88.7911
1543 334.978 356.727 2 174.824 -90.0751
1544 344.978 356.727 2 183.717 -85.9707
1545 354.978 356.727 2 192.718 -86.9077
1546 364.978 356.727 2 201.814 -90.5816
1547 374.978 356.727 2 210.991 -85.5861
1548 384.978 356.727 2 220.24 -88.0337
1549 394.978 356.727 2 229.552 -250
1550 404.978 356.727 2 238.92 -250
1551 414.978 356.727 2 248.337 -250
1552 424.978 356.727 2 257.798 -250
1553 434.978 356.727 2 267.298 -250
1554 444.978 356.727 2 276.833 -128.084
1555 454.978 356.727 2 286.4 -250
1556 464.978 356.727 2 295.996 -250
1557 474.978 356.727 2 305.617 -96.3422
1558 484.978 356.727 2 315.263 -102.476
1559 84.9784 366.727 2 124.291 -112.126
1560 94.9784 366.727 2 116.776 -125.703
1561 104.978 366.727 2 109.66 -250
1562 114.978 366.727 2 103.023 -250
1563 124.978 366.727 2 96.9648 -250
1564 134.978 366.727 2 91.6005 -250
1565 144.978 366.727 2 87.0582 -250
1566 154.978 366.727 2 83.4723 -250
1567 164.978 366.727 2 80.9698 -250
1568 174.978 366.727 2 79.6529 -250
1569 184.978 366.727 2 79.5806 -120.657
1570 194.978 366.727 2 80.7561 -250
1571 204.978 366.727 2 83.1266 -250
1572 214.978 366.727 2 86.594 -250
1573 224.978 366.727 2 91.0329 -250
1574 234.978 366.727 2 96.3093 -250
1575 244.978 366.727 2 102.294 -250
1576 254.978 366.727 2 108.869 -250
1577 264.978 366.727 2 115.935 -250
1578 274.978 366.727 2 123.407 -122.713
1579 284.978 366.727 2 131.217 -94.9848
1580 294.978 366.727 2 139.307 -86.8173
1581 304.978 366.727 2 147.631 -86.6541
1582 314.978 366.727 2 156.152 -88.1588
1583 324.978 366.727 2 164.839 -90.0903
1584 334.978 366.727 2 173.667 -88.5134
1585 344.978 366.727 2 182.616 -86.0916
1586 354.978 366.727 2 191.67 -87.6046
1587 364.978 366.727 2 200.813 -86.1426
1588 374.978 366.727 2 210.034 -90.8561
1589 384.978 366.727 2 219.323 -86.7989
1590 394.978 366.727 2 228.673 -250
1591 404.978 366.727 2 238.075 -250
1592 414.978 366.727 2 247.524 -250
1593 424.978 366.727 2 257.015 -250
1594 434.978 366.727 2 266.543 -250
1595 444.978 366.727 2 276.104 -108.236
1596 454.978 366.727 2 285.696 -250
1597 464.978 366.727 2 295.314 -250
1598 474.978 366.727 2 304.957 -96.6453
1599 484.978 366.727 2 314.623 -106.834
1600 84.9784 376.727 2 123.472 -89.0294
1601 94.9784 376.727 2 115.904 -126.17
1602 104.978 376.727 2 108.73 -250
1603 114.978 376.727 2 102.033 -250
1604 124.978 376.727 2 95.9124 -250
1605 134.978 376.727 2 90.4858 -250
1606 144.978 376.727 2 85.8846 -250
1607 154.978 376.727 2 82.2474 -250
1608 164.978 376.727 2 79.7065 -250
1609 174.978 376.727 2 78.3684 -250
1610 184.978 376.727 2 78.2949 -129.283
1611 194.978 376.727 2 79.4894 -250
1612 204.978 376.727 2 81.8966 -250
1613 214.978 376.727 2 85.4139 -250
1614 224.978 376.727 2 89.9111 -250
1615 234.978 376.727 2 95.2497 -250
1616 244.978 376.727 2 101.296 -250
1617 254.978 376.727 2 107.933 -250
1618 264.978 376.727 2 115.056 -250
1619 274.978 376.727 2 122.582 -120.657
1620 284.978 376.727 2 130.441 -93.3113
1621 294.978 376.727 2 138.576 -88.9884
1622 304.978 376.727 2 146.942 -88.2253
1623 314.978 376.727 2 155.5 -89.4554
1624 324.978 376.727 2 164.222 -90.8713
1625 334.978 376.727 2 173.082 -87.7159
1626 344.978 376.727 2 182.06 -85.8667
1627 354.978 376.727 2 191.139 -88.3898
1628 364.978 376.727 2 200.307 -86.2087
1629 374.978 376.727 2 209.55 -90.3129
1630 384.978 376.727 2 218.86 -250
1631 394.978 376.727 2 228.228 -250
1632 404.978 376.727 2 237.648 -250
1633 414.978 376.727 2 247.114 -250
1634 424.978 376.727 2 256.62 -250
1635 434.978 376.727 2 266.162 -250
1636 444.978 376.727 2 275.737 -250
1637 454.978 376.727 2 285.34 -250
1638 464.978 376.727 2 294.97 -250
1639 474.978 376.727 2 304.624 -105.706
1640 484.978 376.727 2 314.3 -109.468
1641 84.9784 386.727 2 123.46 -89.1098
1642 94.9784 386.727 2 115.891 -109.725
1643 104.978 386.727 2 108.716 -126.984
1644 114.978 386.727 2 102.018 -250
1645 124.978 386.727 2 95.8969 -250
1646 134.978 386.727 2 90.4693 -250
1647 144.978 386.727 2 85.8672 -250
1648 154.978 386.727 2 82.2293 -250
1649 164.978 386.727 2 79.6878 -250
1650 174.978 386.727 2 78.3494 -250
1651 184.978 386.727 2 78.2758 -110.977
1652 194.978 386.727 2 79.4707 -250
1653 204.978 386.727 2 81.8784 -250
1654 214.978 386.727 2 85.3964 -250
1655 224.978 386.727 2 89.8946 -250
1656 234.978 386.727 2 95.234 -250
1657 244.978 386.727 2 101.282 -250
1658 254.978 386.727 2 107.919 -250
1659 264.978 386.727 2 115.043 -250
1660 274.978 386.727 2 122.57 -117.078
1661 284.978 386.727 2 130.43 -92.0276
1662 294.978 386.727 2 138.566 -88.7955
1663 304.978 386.727 2 146.932 -88.2159
1664 314.978 386.727 2 155.491 -88.7841
1665 324.978 386.727 2 164.213 -91.4972
1666 334.978 386.727 2 173.073 -87.6064
1667 344.978 386.727 2 182.052 -85.6718
1668 354.978 386.727 2 191.132 -88.9039
1669 364.978 386.727 2 200.299 -86.3565
1670 374.978 386.727 2 209.543 -89.9605
1671 384.978 386.727 2 218.853 -250
1672 394.978 386.727 2 228.222 -250
1673 404.978 386.727 2 237.642 -250
1674 414.978 386.727 2 247.108 -250
1675 424.978 386.727 2 256.614 -250
1676 434.978 386.727 2 266.156 -250
1677 444.978 386.727 2 275.731 -250
1678 454.978 386.727 2 285.335 -250
1679 464.978 386.727 2 294.965 -250
1680 474.978 386.727 2 304.62 -99.3997
1681 484.978 386.727 2 314.295 -109.247
1682 84.9784 396.727 2 124.255 -88.8587
1683 94.9784 396.727 2 116.738 -106.971
1684 104.978 396.727 2 109.619 -109.253
1685 114.978 396.727 2 102.979 -104.859
1686 124.978 396.727 2 96.9187 -116.894
1687 134.978 396.727 2 91.5517 -112.783
1688 144.978 396.727 2 87.0069 -126.299
1689 154.978 396.727 2 83.4187 -106.542
1690 164.978 396.727 2 80.9145 -115.563
1691 174.978 396.727 2 79.5967 -102.089
1692 184.978 396.727 2 79.5244 -104.58
1693 194.978 396.727 2 80.7007 -99.4157
1694 204.978 396.727 2 83.0728 -93.862
1695 214.978 396.727 2 86.5423 -95.8339
1696 224.978 396.727 2 90.9838 -98.2547
1697 234.978 396.727 2 96.2628 -87.8914
1698 244.978 396.727 2 102.25 -250
1699 254.978 396.727 2 108.828 -250
1700 264.978 396.727 2 115.896 -250
1701 274.978 396.727 2 123.371 -113.098
1702 284.978 396.727 2 131.183 -90.8486
1703 294.978 396.727 2 139.275 -86.7932
1704 304.978 396.727 2 147.601 -86.0066
1705 314.978 396.727 2 156.123 -87.3007
1706 324.978 396.727 2 164.812 -90.0831
1707 334.978 396.727 2 173.641 -88.1899
1708 344.978 396.727 2 182.592 -85.3647
1709 354.978 396.727 2 191.646 -87.0464
1710 364.978 396.727 2 200.79 -86.6896
1711 374.978 396.727 2 210.013 -87.9256
1712 384.978 396.727 2 219.303 -250
1713 394.978 396.727 2 228.653 -250
1714 404.978 396.727 2 238.056 -250
1715 414.978 396.727 2 247.506 -250
1716 424.978 396.727 2 256.997 -250
1717 434.978 396.727 2 266.526 -250
1718 444.978 396.727 2 276.088 -250
1719 454.978 396.727 2 285.68 -250
1720 464.978 396.727 2 295.299 -250
1721 474.978 396.727 2 304.943 -103.259
1722 484.978 396.727 2 314.609 -101.147
1723 84.9784 406.727 2 125.842 -85.898
1724 94.9784 406.727 2 118.426 -89.6097
1725 104.978 406.727 2 111.415 -85.59
1726 114.978 406.727 2 104.889 -94.3271
1727 124.978 406.727 2 98.9457 -88.3241
1728 134.978 406.727 2 93.6949 -93.9036
1729 144.978 406.727 2 89.2592 -93.1795
1730 154.978 406.727 2 85.7653 -95.6517
1731 164.978 406.727 2 83.3317 -95.2916
1732 174.978 406.727 2 82.0528 -104.482
1733 184.978 406.727 2 81.9826 -103.091
1734 194.978 406.727 2 83.1241 -102.236
1735 204.978 406.727 2 85.429 -97.0694
1736 214.978 406.727 2 88.8065 -92.6131
1737 224.978 406.727 2 93.1401 -87.7268
1738 234.978 406.727 2 98.3034 -91.6196
1739 244.978 406.727 2 104.173 -88.0521
1740 254.978 406.727 2 110.637 -92.5887
1741 264.978 406.727 2 117.597 -85.7412
1742 274.978 406.727 2 124.97 -83.3966
1743 284.978 406.727 2 132.687 -81.4106
1744 294.978 406.727 2 140.693 -91.5871
1745 304.978 406.727 2 148.939 -84.4588
1746 314.978 406.727 2 157.389 -85.9341
1747 324.978 406.727 2 166.012 -89.0934
1748 334.978 406.727 2 174.781 -89.1182
1749 344.978 406.727 2 183.676 -84.654
1750 354.978 406.727 2 192.679 -85.2065
1751 364.978 406.727 2 201.777 -97.8116
1752 374.978 406.727 2 210.956 -102.952
1753 384.978 406.727 2 220.206 -87.6718
1754 394.978 406.727 2 229.52 -82.954
1755 404.978 406.727 2 238.889 -92.5896
1756 414.978 406.727 2 248.307 -88.1393
1757 424.978 406.727 2 257.769 -84.3391
1758 434.978 406.727 2 267.27 -105.994
1759 444.978 406.727 2 276.806 -86.2061
1760 454.978 406.727 2 286.374 -90.7281
1761 464.978 406.727 2 295.971 -83.4086
1762 474.978 406.727 2 305.593 -86.6887
1763 484.978 406.727 2 315.239 -85.7023
1764 84.9784 416.727 2 128.193 -85.78
1765 94.9784 416.727 2 120.921 -84.7474
1766 104.978 416.727 2 114.063 -87.3135
1767 114.978 416.727 2 107.698 -250
1768 124.978 416.727 2 101.918 -250
1769 134.978 416.727 2 96.8285 -250
1770 144.978 416.727 2 92.5431 -250
1771 154.978 416.727 2 89.178 -91.3739
1772 164.978 416.727 2 86.8401 -93.5995
1773 174.978 416.727 2 85.6135 -97.8391
1774 184.978 416.727 2 85.5462 -96.6417
1775 194.978 416.727 2 86.6409 -92.7723
1776 204.978 416.727 2 88.8545 -93.013
1777 214.978 416.727 2 92.1065 -91.6606
1778 224.978 416.727 2 96.2917 -89.4322
1779 234.978 416.727 2 101.294 -87.998
1780 244.978 416.727 2 107 -109.111
1781 254.978 416.727 2 113.303 -85.3947
1782 264.978 416.727 2 120.108 -88.4217
1783 274.978 416.727 2 127.336 -86.82
1784 284.978 416.727 2 134.918 -86.4682
1785 294.978 416.727 2 142.799 -85.7029
1786 304.978 416.727 2 150.93 -80.1596
1787 314.978 416.727 2 159.275 -98.9803
1788 324.978 416.727 2 167.8 -81.0567
1789 334.978 416.727 2 176.481 -93.8261
1790 344.978 416.727 2 185.294 -85.8541
1791 354.978 416.727 2 194.222 -81.2459
1792 364.978 416.727 2 203.251 -92.7755
1793 374.978 416.727 2 212.366 -90.022
1794 384.978 416.727 2 221.558 -85.4402
1795 394.978 416.727 2 230.817 -82.375
1796 404.978 416.727 2 240.135 -89.0285
1797 414.978 416.727 2 249.506 -112.029
1798 424.978 416.727 2 258.924 -89.1057
1799 434.978 416.727 2 268.384 -85.8435
1800 444.978 416.727 2 277.883 -84.342
1801 454.978 416.727 2 287.415 -84.9056
1802 464.978 416.727 2 296.978 -87.2499
1803 474.978 416.727 2 306.568 -93.6682
1804 484.978 416.727 2 316.184 -97.3043
1805 84.9784 426.727 2 131.264 -89.5605
1806 94.9784 426.727 2 124.173 -102.248
1807 104.978 426.727 2 117.505 -127.527
1808 114.978 426.727 2 111.336 -250
1809 124.978 426.727 2 105.756 -250
1810 134.978 426.727 2 100.86 -250
1811 144.978 426.727 2 96.7536 -250
1812 154.978 426.727 2 93.54 -89.4972
1813 164.978 426.727 2 91.3138 -250
1814 174.978 426.727 2 90.1482 -250
1815 184.978 426.727 2 90.0843 -250
1816 194.978 426.727 2 91.1244 -250
1817 204.978 426.727 2 93.2317 -250
1818 214.978 426.727 2 96.336 -250
1819 224.978 426.727 2 100.345 -108.359
1820 234.978 426.727 2 105.155 -250
1821 244.978 426.727 2 110.662 -250
1822 254.978 426.727 2 116.767 -250
1823 264.978 426.727 2 123.382 -250
1824 274.978 426.727 2 130.428 -92.4128
1825 284.978 426.727 2 137.84 -99.5373
1826 294.978 426.727 2 145.563 -95.4513
1827 304.978 426.727 2 153.548 -250
1828 314.978 426.727 2 161.757 -250
1829 324.978 426.727 2 170.159 -250
1830 334.978 426.727 2 178.724 -250
1831 344.978 426.727 2 187.432 -250
1832 354.978 426.727 2 196.264 -250
1833 364.978 426.727 2 205.202 -250
1834 374.978 426.727 2 214.234 -250
1835 384.978 426.727 2 223.349 -250
1836 394.978 426.727 2 232.537 -250
1837 404.978 426.727 2 241.789 -250
1838 414.978 426.727 2 251.098 -250
1839 424.978 426.727 2 260.459 -250
1840 434.978 426.727 2 269.865 -250
1841 444.978 426.727 2 279.313 -250
1842 454.978 426.727 2 288.798 -250
1843 464.978 426.727 2 298.316 -121.156
1844 474.978 426.727 2 307.865 -110.29
1845 484.978 426.727 2 317.442 -250
1846 84.9784 436.727 2 135.009 -86.5511
1847 94.9784 436.727 2 128.124 -106.017
1848 104.978 436.727 2 121.673 -124.03
1849 114.978 436.727 2 115.727 -250
1850 124.978 436.727 2 110.369 -250
1851 134.978 436.727 2 105.687 -250
1852 144.978 436.727 2 101.776 -250
1853 154.978 436.727 2 98.7256 -88.2989
1854 164.978 436.727 2 96.619 -250
1855 174.978 436.727 2 95.5181 -250
1856 184.978 436.727 2 95.4578 -250
1857 194.978 436.727 2 96.44 -250
1858 204.978 436.727 2 98.4335 -250
1859 214.978 436.727 2 101.379 -250
1860 224.978 436.727 2 105.196 -96.5185
1861 234.978 436.727 2 109.793 -250
1862 244.978 436.727 2 115.079 -250
1863 254.978 436.727 2 120.961 -250
1864 264.978 436.727 2 127.358 -250
1865 274.978 436.727 2 134.196 -94.7749
1866 284.978 436.727 2 141.411 -97.3172
1867 294.978 436.727 2 148.948 -97.1954
1868 304.978 436.727 2 156.761 -250
1869 314.978 436.727 2 164.81 -250
1870 324.978 436.727 2 173.063 -250
1871 334.978 436.727 2 181.492 -250
1872 344.978 436.727 2 190.073 -250
1873 354.978 436.727 2 198.787 -250
1874 364.978 436.727 2 207.617 -250
1875 374.978 436.727 2 216.549 -250
1876 384.978 436.727 2 225.57 -250
1877 394.978 436.727 2 234.671 -250
1878 404.978 436.727 2 243.842 -250
1879 414.978 436.727 2 253.076 -250
1880 424.978 436.727 2 262.366 -250
1881 434.978 436.727 2 271.706 -250
1882 444.978 436.727 2 281.092 -250
1883 454.978 436.727 2 290.519 -250
1884 464.978 436.727 2 299.983 -127.41
1885 474.978 436.727 2 309.481 -128.019
1886 484.978 436.727 2 319.009 -250
1887 84.9784 446.727 2 139.371 -85.5969
1888 94.9784 446.727 2 132.714 -92.8316
1889 104.978 446.727 2 126.496 -119.693
1890 114.978 446.727 2 120.788 -250
1891 124.978 446.727 2 115.665 -250
1892 134.978 446.727 2 111.206 -250
1893 144.978 446.727 2 107.496 -250
1894 154.978 446.727 2 104.612 -100.038
1895 164.978 446.727 2 102.627 -250
1896 174.978 446.727 2 101.591 -250
1897 184.978 446.727 2 101.534 -250
1898 194.978 446.727 2 102.458 -250
1899 204.978 446.727 2 104.337 -250
1900 214.978 446.727 2 107.12 -250
1901 224.978 446.727 2 110.739 -102.415
1902 234.978 446.727 2 115.116 -250
1903 244.978 446.727 2 120.167 -250
1904 254.978 446.727 2 125.812 -250
1905 264.978 446.727 2 131.974 -250
1906 274.978 446.727 2 138.584 -91.164
1907 284.978 446.727 2 145.582 -106.706
1908 294.978 446.727 2 152.913 -109.22
1909 304.978 446.727 2 160.533 -250
1910 314.978 446.727 2 168.403 -250
1911 324.978 446.727 2 176.488 -250
1912 334.978 446.727 2 184.761 -250
1913 344.978 446.727 2 193.197 -250
1914 354.978 446.727 2 201.776 -250
1915 364.978 446.727 2 210.48 -250
1916 374.978 446.727 2 219.295 -250
1917 384.978 446.727 2 228.208 -250
1918 394.978 446.727 2 237.207 -250
1919 404.978 446.727 2 246.284 -250
1920 414.978 446.727 2 255.43 -250
1921 424.978 446.727 2 264.637 -250
1922 434.978 446.727 2 273.9 -250
1923 444.978 446.727 2 283.213 -250
1924 454.978 446.727 2 292.572 -250
1925 464.978 446.727 2 301.971 -123.412
1926 474.978 446.727 2 311.408 -129.173
1927 484.978 446.727 2 320.88 -250
1928 84.9784 456.727 2 144.296 -88.6626
1929 94.9784 456.727 2 137.876 -94.2716
1930 104.978 456.727 2 131.903 -120.407
1931 114.978 456.727 2 126.439 -250
1932 124.978 456.727 2 121.554 -250
1933 134.978 456.727 2 117.319 -250
1934 144.978 456.727 2 113.808 -250
1935 154.978 456.727 2 111.089 -90.455
1936 164.978 456.727 2 109.221 -250
1937 174.978 456.727 2 108.249 -250
1938 184.978 456.727 2 108.195 -250
1939 194.978 456.727 2 109.063 -250
1940 204.978 456.727 2 110.83 -250
1941 214.978 456.727 2 113.453 -250
1942 224.978 456.727 2 116.877 -101.509
1943 234.978 456.727 2 121.032 -250
1944 244.978 456.727 2 125.846 -250
1945 254.978 456.727 2 131.246 -250
1946 264.978 456.727 2 137.164 -250
1947 274.978 456.727 2 143.536 -91.3332
1948 284.978 456.727 2 150.303 -103.837
1949 294.978 456.727 2 157.415 -99.4516
1950 304.978 456.727 2 164.827 -250
1951 314.978 456.727 2 172.501 -250
1952 324.978 456.727 2 180.402 -250
1953 334.978 456.727 2 188.503 -250
1954 344.978 456.727 2 196.779 -250
1955 354.978 456.727 2 205.208 -250
1956 364.978 456.727 2 213.773 -250
1957 374.978 456.727 2 222.458 -250
1958 384.978 456.727 2 231.249 -250
1959 394.978 456.727 2 240.134 -250
1960 404.978 456.727 2 249.104 -250
1961 414.978 456.727 2 258.15 -250
1962 424.978 456.727 2 267.264 -250
1963 434.978 456.727 2 276.439 -250
1964 444.978 456.727 2 285.669 -250
1965 454.978 456.727 2 294.95 -250
1966 464.978 456.727 2 304.276 -140.657
1967 474.978 456.727 2 313.643 -134.266
1968 484.978 456.727 2 323.049 -250
1969 84.9784 466.727 2 149.728 -86.4319
1970 94.9784 466.727 2 143.551 -94.0228
1971 104.978 466.727 2 137.824 -95.9013
1972 114.978 466.727 2 132.604 -250
1973 124.978 466.727 2 127.955 -250
1974 134.978 466.727 2 123.939 -250
1975 144.978 466.727 2 120.621 -250
1976 154.978 466.727 2 118.058 -87.3554
1977 164.978 466.727 2 116.303 -250
1978 174.978 466.727 2 115.39 -250
1979 184.978 466.727 2 115.34 -250
1980 194.978 466.727 2 116.154 -250
1981 204.978 466.727 2 117.814 -250
1982 214.978 466.727 2 120.286 -250
1983 224.978 466.727 2 123.52 -99.6953
1984 234.978 466.727 2 127.458 -250
1985 244.978 466.727 2 132.038 -250
1986 254.978 466.727 2 137.196 -250
1987 264.978 466.727 2 142.867 -250
1988 274.978 466.727 2 148.995 -92.092
1989 284.978 466.727 2 155.525 -96.7985
1990 294.978 466.727 2 162.409 -106.558
1991 304.978 466.727 2 169.603 -250
1992 314.978 466.727 2 177.069 -250
1993 324.978 466.727 2 184.776 -250
1994 334.978 466.727 2 192.693 -250
1995 344.978 466.727 2 200.796 -250
1996 354.978 466.727 2 209.063 -250
1997 364.978 466.727 2 217.476 -250
1998 374.978 466.727 2 226.019 -250
1999 384.978 466.727 2 234.676 -250
2000 394.978 466.727 2 243.437 -250
2001 404.978 466.727 2 252.289 -250
2002 414.978 466.727 2 261.225 -250
2003 424.978 466.727 2 270.235 -250
2004 434.978 466.727 2 279.312 -250
2005 444.978 466.727 2 288.451 -250
2006 454.978 466.727 2 297.645 -250
2007 464.978 466.727 2 306.889 -137.629
2008 474.978 466.727 2 316.179 -137.101
2009 484.978 466.727 2 325.511 -250
2010 84.9784 476.727 2 155.613 -89.0082
2011 94.9784 476.727 2 149.679 -94.1003
2012 104.978 476.727 2 144.196 -94.1709
2013 114.978 476.727 2 139.215 -96.2954
2014 124.978 476.727 2 134.794 -94.8061
2015 134.978 476.727 2 130.988 -90.4715
2016 144.978 476.727 2 127.853 -97.4399
2017 154.978 476.727 2 125.439 -86.4003
2018 164.978 476.727 2 123.787 -101.773
2019 174.978 476.727 2 122.93 -110.672
2020 184.978 476.727 2 122.883 -108.084
2021 194.978 476.727 2 123.648 -105.794
2022 204.978 476.727 2 125.209 -102.957
2023 214.978 476.727 2 127.537 -101.681
2024 224.978 476.727 2 130.592 -110.564
2025 234.978 476.727 2 134.323 -98.2134
2026 244.978 476.727 2 138.676 -107.715
2027 254.978 476.727 2 143.595 -92.074
2028 264.978 476.727 2 149.024 -93.9538
2029 274.978 476.727 2 154.908 -91.9678
2030 284.978 476.727 2 161.199 -95.103
2031 294.978 476.727 2 167.85 -100.683
2032 304.978 476.727 2 174.82 -250
2033 314.978 476.727 2 182.073 -250
2034 324.978 476.727 2 189.576 -250
2035 334.978 476.727 2 197.301 -250
2036 344.978 476.727 2 205.222 -250
2037 354.978 476.727 2 213.318 -250
2038 364.978 476.727 2 221.569 -250
2039 374.978 476.727 2 229.96 -250
2040 384.978 476.727 2 238.474 -250
2041 394.978 476.727 2 247.1 -250
2042 404.978 476.727 2 255.826 -250
2043 414.978 476.727 2 264.642 -250
2044 424.978 476.727 2 273.539 -250
2045 434.978 476.727 2 282.511 -250
2046 444.978 476.727 2 291.549 -250
2047 454.978 476.727 2 300.648 -250
2048 464.978 476.727 2 309.803 -139.023
2049 474.978 476.727 2 319.008 -148.877
2050 484.978 476.727 2 328.26 -250
2051 84.9784 486.727 2 161.903 -87.4048
2052 94.9784 486.727 2 156.208 -108.464
2053 104.978 486.727 2 150.962 -99.5892
2054 114.978 486.727 2 146.212 -105.931
2055 124.978 486.727 2 142.008 -97.8409
2056 134.978 486.727 2 138.401 -98.2143
2057 144.978 486.727 2 135.438 -93.4013
2058 154.978 486.727 2 133.161 -91.3796
2059 164.978 486.727 2 131.607 -120.847
2060 174.978 486.727 2 130.801 -118.732
2061 184.978 486.727 2 130.757 -112.212
2062 194.978 486.727 2 131.475 -112.51
2063 204.978 486.727 2 132.945 -117.072
2064 214.978 486.727 2 135.14 -95.0674
2065 224.978 486.727 2 138.026 -99.5281
2066 234.978 486.727 2 141.562 -96.9852
2067 244.978 486.727 2 145.699 -93.3432
2068 254.978 486.727 2 150.388 -91.4144
2069 264.978 486.727 2 155.58 -94.1004
2070 274.978 486.727 2 161.225 -92.2851
2071 284.978 486.727 2 167.279 -95.7171
2072 294.978 486.727 2 173.697 -107.317
2073 304.978 486.727 2 180.441 -97.8562
2074 314.978 486.727 2 187.477 -95.6345
2075 324.978 486.727 2 194.772 -93.7246
2076 334.978 486.727 2 202.298 -94.9717
2077 344.978 486.727 2 210.031 -100.515
2078 354.978 486.727 2 217.948 -106.981
2079 364.978 486.727 2 226.031 -107.361
2080 374.978 486.727 2 234.262 -107.759
2081 384.978 486.727 2 242.625 -107.292
2082 394.978 486.727 2 251.108 -112.379
2083 404.978 486.727 2 259.7 -116.572
2084 414.978 486.727 2 268.388 -118.105
2085 424.978 486.727 2 277.166 -123.01
2086 434.978 486.727 2 286.023 -122.201
2087 444.978 486.727 2 294.954 -132.693
2088 454.978 486.727 2 303.951 -122.684
2089 464.978 486.727 2 313.009 -128.496
2090 474.978 486.727 2 322.123 -130.783
2091 484.978 486.727 2 331.288 -137.812
2092 84.9784 496.727 2 168.551 -86.0392
2093 94.9784 496.727 2 163.089 -102.032
2094 104.978 496.727 2 158.071 -250
2095 114.978 496.727 2 153.541 -250
2096 124.978 496.727 2 149.544 -250
2097 134.978 496.727 2 146.123 -250
2098 144.978 496.727 2 143.319 -250
2099 154.978 496.727 2 141.17 -250
2100 164.978 496.727 2 139.704 -250
2101 174.978 496.727 2 138.945 -250
2102 184.978 496.727 2 138.904 -250
2103 194.978 496.727 2 139.581 -250
2104 204.978 496.727 2 140.966 -113.813
2105 214.978 496.727 2 143.038 -96.9235
2106 224.978 496.727 2 145.768 -103.561
2107 234.978 496.727 2 149.12 -250
2108 244.978 496.727 2 153.053 -250
2109 254.978 496.727 2 157.524 -250
2110 264.978 496.727 2 162.487 -250
2111 274.978 496.727 2 167.901 -95.4277
2112 284.978 496.727 2 173.721 -116.365
2113 294.978 496.727 2 179.91 -112.471
2114 304.978 496.727 2 186.43 -115.046
2115 314.978 496.727 2 193.247 -89.6111
2116 324.978 496.727 2 200.332 -95.9877
2117 334.978 496.727 2 207.657 -99.5877
2118 344.978 496.727 2 215.198 -96.0602
2119 354.978 496.727 2 222.932 -96.8455
2120 364.978 496.727 2 230.84 -100.872
2121 374.978 496.727 2 238.905 -112.307
2122 384.978 496.727 2 247.111 -105.051
2123 394.978 496.727 2 255.446 -117.453
2124 404.978 496.727 2 263.896 -113.343
2125 414.978 496.727 2 272.451 -118.758
2126 424.978 496.727 2 281.101 -128.285
2127 434.978 496.727 2 289.839 -132.5
2128 444.978 496.727 2 298.655 -124.651
2129 454.978 496.727 2 307.544 -125.425
2130 464.978 496.727 2 316.499 -124.954
2131 474.978 496.727 2 325.515 -130.402
2132 484.978 496.727 2 334.587 -127.678
2133 84.9784 506.727 2 175.518 -88.6583
2134 94.9784 506.727 2 170.279 -95.3008
2135 104.978 506.727 2 165.48 -250
2136 114.978 506.727 2 161.158 -250
2137 124.978 506.727 2 157.354 -250
2138 134.978 506.727 2 154.107 -250
2139 144.978 506.727 2 151.451 -250
2140 154.978 506.727 2 149.418 -250
2141 164.978 506.727 2 148.035 -250
2142 174.978 506.727 2 147.319 -250
2143 184.978 506.727 2 147.28 -250
2144 194.978 506.727 2 147.918 -250
2145 204.978 506.727 2 149.226 -105.614
2146 214.978 506.727 2 151.185 -103.556
2147 224.978 506.727 2 153.77 -114.046
2148 234.978 506.727 2 156.951 -250
2149 244.978 506.727 2 160.693 -250
2150 254.978 506.727 2 164.957 -250
2151 264.978 506.727 2 169.703 -250
2152 274.978 506.727 2 174.893 -98.5175
2153 284.978 506.727 2 180.489 -100.705
2154 294.978 506.727 2 186.453 -250
2155 304.978 506.727 2 192.751 -250
2156 314.978 506.727 2 199.353 -250
2157 324.978 506.727 2 206.228 -250
2158 334.978 506.727 2 213.351 -250
2159 344.978 506.727 2 220.697 -250
2160 354.978 506.727 2 228.244 -250
2161 364.978 506.727 2 235.975 -250
2162 374.978 506.727 2 243.87 -250
2163 384.978 506.727 2 251.915 -250
2164 394.978 506.727 2 260.095 -250
2165 404.978 506.727 2 268.399 -250
2166 414.978 506.727 2 276.815 -250
2167 424.978 506.727 2 285.333 -157.679
2168 434.978 506.727 2 293.945 -138.882
2169 444.978 506.727 2 302.641 -127.843
2170 454.978 506.727 2 311.417 -124.446
2171 464.978 506.727 2 320.264 -122.711
2172 474.978 506.727 2 329.177 -128.828
2173 484.978 506.727 2 338.151 -250
2174 84.9784 516.727 2 182.766 -85.903
2175 94.9784 516.727 2 177.741 -115.461
2176 104.978 516.727 2 173.149 -250
2177 114.978 516.727 2 169.024 -250
2178 124.978 516.727 2 165.401 -250
2179 134.978 516.727 2 162.314 -250
2180 144.978 516.727 2 159.795 -250
2181 154.978 516.727 2 157.87 -250
2182 164.978 516.727 2 156.561 -250
2183 174.978 516.727 2 155.884 -250
2184 184.978 516.727 2 155.847 -250
2185 194.978 516.727 2 156.451 -250
2186 204.978 516.727 2 157.687 -114.239
2187 214.978 516.727 2 159.542 -104.07
2188 224.978 516.727 2 161.995 -100.45
2189 234.978 516.727 2 165.017 -250
2190 244.978 516.727 2 168.58 -250
2191 254.978 516.727 2 172.649 -250
2192 264.978 516.727 2 177.19 -250
2193 274.978 516.727 2 182.167 -91.4347
2194 284.978 516.727 2 187.545 -86.2364
2195 294.978 516.727 2 193.292 -250
2196 304.978 516.727 2 199.374 -250
2197 314.978 516.727 2 205.763 -250
2198 324.978 516.727 2 212.431 -250
2199 334.978 516.727 2 219.353 -250
2200 344.978 516.727 2 226.504 -250
2201 354.978 516.727 2 233.864 -250
2202 364.978 516.727 2 241.415 -250
2203 374.978 516.727 2 249.138 -250
2204 384.978 516.727 2 257.017 -250
2205 394.978 516.727 2 265.041 -250
2206 404.978 516.727 2 273.194 -250
2207 414.978 516.727 2 281.467 -250
2208 424.978 516.727 2 289.848 -138.607
2209 434.978 516.727 2 298.329 -135.15
2210 444.978 516.727 2 306.902 -133.274
2211 454.978 516.727 2 315.559 -119.67
2212 464.978 516.727 2 324.293 -121.621
2213 474.978 516.727 2 333.098 -117.398
2214 484.978 516.727 2 341.969 -250
2215 84.9784 526.727 2 190.264 -107.967
2216 94.9784 526.727 2 185.443 -122.432
2217 104.978 526.727 2 181.046 -250
2218 114.978 526.727 2 177.104 -250
2219 124.978 526.727 2 173.65 -250
2220 134.978 526.727 2 170.713 -250
2221 144.978 526.727 2 168.319 -250
2222 154.978 526.727 2 166.493 -250
2223 164.978 526.727 2 165.253 -250
2224 174.978 526.727 2 164.611 -250
2225 184.978 526.727 2 164.576 -250
2226 194.978 526.727 2 165.148 -250
2227 204.978 526.727 2 166.32 -124.8
2228 214.978 526.727 2 168.08 -104.846
2229 224.978 526.727 2 170.409 -100.902
2230 234.978 526.727 2 173.285 -250
2231 244.978 526.727 2 176.681 -250
2232 254.978 526.727 2 180.568 -250
2233 264.978 526.727 2 184.914 -250
2234 274.978 526.727 2 189.688 -93.8855
2235 284.978 526.727 2 194.859 -95.3082
2236 294.978 526.727 2 200.396 -250
2237 304.978 526.727 2 206.27 -250
2238 314.978 526.727 2 212.451 -250
2239 324.978 526.727 2 218.916 -250
2240 334.978 526.727 2 225.638 -250
2241 344.978 526.727 2 232.596 -250
2242 354.978 526.727 2 239.77 -250
2243 364.978 526.727 2 247.14 -250
2244 374.978 526.727 2 254.689 -250
2245 384.978 526.727 2 262.402 -250
2246 394.978 526.727 2 270.266 -250
2247 404.978 526.727 2 278.266 -250
2248 414.978 526.727 2 286.392 -250
2249 424.978 526.727 2 294.634 -130.785
2250 434.978 526.727 2 302.981 -141.182
2251 444.978 526.727 2 311.426 -122.213
2252 454.978 526.727 2 319.96 -129.649
2253 464.978 526.727 2 328.577 -124.36
2254 474.978 526.727 2 337.27 -119.435
2255 484.978 526.727 2 346.034 -250
2256 84.9784 536.727 2 197.984 -115.498
2257 94.9784 536.727 2 193.355 -137.288
2258 104.978 536.727 2 189.142 -250
2259 114.978 536.727 2 185.373 -250
2260 124.978 536.727 2 182.076 -250
2261 134.978 536.727 2 179.276 -250
2262 144.978 536.727 2 176.998 -250
2263 154.978 536.727 2 175.262 -250
2264 164.978 536.727 2 174.085 -250
2265 174.978 536.727 2 173.476 -250
2266 184.978 536.727 2 173.443 -250
2267 194.978 536.727 2 173.985 -250
2268 204.978 536.727 2 175.098 -121.74
2269 214.978 536.727 2 176.771 -106.564
2270 224.978 536.727 2 178.987 -100.247
2271 234.978 536.727 2 181.727 -250
2272 244.978 536.727 2 184.968 -250
2273 254.978 536.727 2 188.684 -250
2274 264.978 536.727 2 192.848 -250
2275 274.978 536.727 2 197.43 -89.6319
2276 284.978 536.727 2 202.404 -93.2796
2277 294.978 536.727 2 207.739 -250
2278 304.978 536.727 2 213.411 -250
2279 314.978 536.727 2 219.392 -250
2280 324.978 536.727 2 225.657 -250
2281 334.978 536.727 2 232.184 -250
2282 344.978 536.727 2 238.952 -250
2283 354.978 536.727 2 245.94 -250
2284 364.978 536.727 2 253.131 -250
2285 374.978 536.727 2 260.506 -250
2286 384.978 536.727 2 268.052 -250
2287 394.978 536.727 2 275.754 -250
2288 404.978 536.727 2 283.6 -250
2289 414.978 536.727 2 291.578 -250
2290 424.978 536.727 2 299.676 -124.852
2291 434.978 536.727 2 307.887 -131.504
2292 444.978 536.727 2 316.201 -127.437
2293 454.978 536.727 2 324.61 -126.211
2294 464.978 536.727 2 333.106 -135.152
2295 474.978 536.727 2 341.685 -143.09
2296 484.978 536.727 2 350.338 -250
2297 84.9784 546.727 2 205.899 -114.925
2298 94.9784 546.727 2 201.452 -122.704
2299 104.978 546.727 2 197.412 -250
2300 114.978 546.727 2 193.804 -250
2301 124.978 546.727 2 190.653 -250
2302 134.978 546.727 2 187.981 -250
2303 144.978 546.727 2 185.81 -250
2304 154.978 546.727 2 184.157 -250
2305 164.978 546.727 2 183.037 -250
2306 174.978 546.727 2 182.458 -250
2307 184.978 546.727 2 182.426 -250
2308 194.978 546.727 2 182.942 -250
2309 204.978 546.727 2 184.001 -121.962
2310 214.978 546.727 2 185.593 -91.0536
2311 224.978 546.727 2 187.705 -88.9711
2312 234.978 546.727 2 190.32 -250
2313 244.978 546.727 2 193.417 -250
2314 254.978 546.727 2 196.974 -250
2315 264.978 546.727 2 200.966 -250
2316 274.978 546.727 2 205.367 -90.6179
2317 284.978 546.727 2 210.153 -96.6082
2318 294.978 546.727 2 215.297 -250
2319 304.978 546.727 2 220.774 -250
2320 314.978 546.727 2 226.561 -250
2321 324.978 546.727 2 232.633 -250
2322 334.978 546.727 2 238.97 -250
2323 344.978 546.727 2 245.551 -250
2324 354.978 546.727 2 252.356 -250
2325 364.978 546.727 2 259.369 -250
2326 374.978 546.727 2 266.572 -250
2327 384.978 546.727 2 273.951 -250
2328 394.978 546.727 2 281.492 -250
2329 404.978 546.727 2 289.182 -250
2330 414.978 546.727 2 297.009 -250
2331 424.978 546.727 2 304.964 -129.827
2332 434.978 546.727 2 313.036 -130.325
2333 444.978 546.727 2 321.216 -132.852
2334 454.978 546.727 2 329.497 -129.899
2335 464.978 546.727 2 337.871 -125.377
2336 474.978 546.727 2 346.331 -128.219
2337 484.978 546.727 2 354.872 -250
2338 84.9784 556.727 2 213.99 -115.094
2339 94.9784 556.727 2 209.714 -124.876
2340 104.978 556.727 2 205.836 -141.69
2341 114.978 556.727 2 202.378 -142.151
2342 124.978 556.727 2 199.363 -144.549
2343 134.978 556.727 2 196.81 -141.598
2344 144.978 556.727 2 194.737 -140.073
2345 154.978 556.727 2 193.16 -143.087
2346 164.978 556.727 2 192.092 -145.271
2347 174.978 556.727 2 191.541 -150.024
2348 184.978 556.727 2 191.511 -156.337
2349 194.978 556.727 2 192.002 -125.596
2350 204.978 556.727 2 193.011 -115.478
2351 214.978 556.727 2 194.53 -91.2533
2352 224.978 556.727 2 196.546 -87.2355
2353 234.978 556.727 2 199.045 -98.3447
2354 244.978 556.727 2 202.008 -127.477
2355 254.978 556.727 2 205.416 -131.152
2356 264.978 556.727 2 209.247 -93.3089
2357 274.978 556.727 2 213.478 -88.9542
2358 284.978 556.727 2 218.085 -100.428
2359 294.978 556.727 2 223.046 -87.9295
2360 304.978 556.727 2 228.338 -119.915
2361 314.978 556.727 2 233.937 -125.217
2362 324.978 556.727 2 239.823 -131.464
2363 334.978 556.727 2 245.975 -135.127
2364 344.978 556.727 2 252.373 -137.571
2365 354.978 556.727 2 258.999 -140.781
2366 364.978 556.727 2 265.837 -143.478
2367 374.978 556.727 2 272.869 -145.365
2368 384.978 556.727 2 280.082 -147.066
2369 394.978 556.727 2 287.462 -144.445
2370 404.978 556.727 2 294.997 -143.422
2371 414.978 556.727 2 302.674 -122.882
2372 424.978 556.727 2 310.483 -137.516
2373 434.978 556.727 2 318.416 -131.039
2374 444.978 556.727 2 326.461 -134.489
2375 454.978 556.727 2 334.612 -131.868
2376 464.978 556.727 2 342.861 -124.443
2377 474.978 556.727 2 351.201 -125.455
2378 484.978 556.727 2 359.626 -125.918
2379 84.9784 566.727 2 222.235 -124.258
2380 94.9784 566.727 2 218.122 -125.855
2381 104.978 566.727 2 214.396 -133.691
2382 114.978 566.727 2 211.078 -128.499
2383 124.978 566.727 2 208.189 -135.636
2384 134.978 566.727 2 205.745 -129.655
2385 144.978 566.727 2 203.763 -128.932
2386 154.978 566.727 2 202.257 -133.914
2387 164.978 566.727 2 201.237 -139.094
2388 174.978 566.727 2 200.711 -137.185
2389 184.978 566.727 2 200.682 -114.63
2390 194.978 566.727 2 201.151 -126.981
2391 204.978 566.727 2 202.115 -113.314
2392 214.978 566.727 2 203.565 -94.8105
2393 224.978 566.727 2 205.493 -82.9586
2394 234.978 566.727 2 207.884 -85.9948
2395 244.978 566.727 2 210.723 -105.556
2396 254.978 566.727 2 213.993 -106.648
2397 264.978 566.727 2 217.672 -94.7827
2398 274.978 566.727 2 221.743 -91.3017
2399 284.978 566.727 2 226.182 -95.4209
2400 294.978 566.727 2 230.969 -89.0044
2401 304.978 566.727 2 236.083 -101.939
2402 314.978 566.727 2 241.503 -121.009
2403 324.978 566.727 2 247.209 -124.26
2404 334.978 566.727 2 253.181 -125.518
2405 344.978 566.727 2 259.402 -141.368
2406 354.978 566.727 2 265.853 -131.152
2407 364.978 566.727 2 272.518 -134.783
2408 374.978 566.727 2 279.383 -139.577
2409 384.978 566.727 2 286.432 -120.773
2410 394.978 566.727 2 293.652 -123.477
2411 404.978 566.727 2 301.032 -122.169
2412 414.978 566.727 2 308.559 -130.948
2413 424.978 566.727 2 316.223 -128.565
2414 434.978 566.727 2 324.015 -133.068
2415 444.978 566.727 2 331.925 -123.298
2416 454.978 566.727 2 339.945 -126.533
2417 464.978 566.727 2 348.067 -120.047
2418 474.978 566.727 2 356.286 -128.277
2419 484.978 566.727 2 364.593 -124.488
2420 84.9784 576.727 2 230.62 -118.05
2421 94.9784 576.727 2 226.659 -128.278
2422 104.978 576.727 2 223.075 -123.425
2423 114.978 576.727 2 219.889 -125.453
2424 124.978 576.727 2 217.116 -129.869
2425 134.978 576.727 2 214.774 -123.926
2426 144.978 576.727 2 212.877 -123.487
2427 154.978 576.727 2 211.436 -128.95
2428 164.978 576.727 2 210.46 -131.705
2429 174.978 576.727 2 209.957 -95.8197
2430 184.978 576.727 2 209.93 -138.787
2431 194.978 576.727 2 210.378 -119.648
2432 204.978 576.727 2 211.299 -119.588
2433 214.978 576.727 2 212.687 -91.8375
2434 224.978 576.727 2 214.533 -92.4971
2435 234.978 576.727 2 216.825 -91.2267
2436 244.978 576.727 2 219.548 -104.936
2437 254.978 576.727 2 222.688 -93.6481
2438 264.978 576.727 2 226.226 -94.0048
2439 274.978 576.727 2 230.145 -108.029
2440 284.978 576.727 2 234.425 -98.2702
2441 294.978 576.727 2 239.048 -89.7202
2442 304.978 576.727 2 243.992 -90.8297
2443 314.978 576.727 2 249.24 -110.056
2444 324.978 576.727 2 254.773 -124.177
2445 334.978 576.727 2 260.572 -128.584
2446 344.978 576.727 2 266.62 -121.729
2447 354.978 576.727 2 272.9 -126.416
2448 364.978 576.727 2 279.398 -116.423
2449 374.978 576.727 2 286.097 -120.79
2450 384.978 576.727 2 292.985 -120.015
2451 394.978 576.727 2 300.048 -130.314
2452 404.978 576.727 2 307.274 -127.853
2453 414.978 576.727 2 314.651 -128.328
2454 424.978 576.727 2 322.171 -124.103
2455 434.978 576.727 2 329.822 -122.315
2456 444.978 576.727 2 337.596 -123.144
2457 454.978 576.727 2 345.484 -124.686
2458 464.978 576.727 2 353.48 -133.084
2459 474.978 576.727 2 361.575 -124.774
2460 484.978 576.727 2 369.763 -121.306
2461 84.9784 586.727 2 239.129 -115.274
2462 94.9784 586.727 2 235.311 -116.861
2463 104.978 586.727 2 231.861 -125.765
2464 114.978 586.727 2 228.797 -123.243
2465 124.978 586.727 2 226.134 -120.198
2466 134.978 586.727 2 223.886 -121.771
2467 144.978 586.727 2 222.067 -127.849
2468 154.978 586.727 2 220.685 -115.569
2469 164.978 586.727 2 219.751 -97.7504
2470 174.978 586.727 2 219.269 -109.289
2471 184.978 586.727 2 219.243 -111.552
2472 194.978 586.727 2 219.672 -117.939
2473 204.978 586.727 2 220.555 -111.553
2474 214.978 586.727 2 221.885 -93.6431
2475 224.978 586.727 2 223.655 -89.4125
2476 234.978 586.727 2 225.854 -89.2237
2477 244.978 586.727 2 228.47 -98.6121
2478 254.978 586.727 2 231.488 -93.4441
2479 264.978 586.727 2 234.894 -97.6524
2480 274.978 586.727 2 238.671 -102.759
2481 284.978 586.727 2 242.801 -103.964
2482 294.978 586.727 2 247.267 -87.6296
2483 304.978 586.727 2 252.05 -88.1011
2484 314.978 586.727 2 257.134 -88.2204
2485 324.978 586.727 2 262.5 -114.097
2486 334.978 586.727 2 268.132 -116.314
2487 344.978 586.727 2 274.013 -113.457
2488 354.978 586.727 2 280.128 -114.825
2489 364.978 586.727 2 286.461 -115.864
2490 374.978 586.727 2 292.999 -114.288
2491 384.978 586.727 2 299.728 -134.575
2492 394.978 586.727 2 306.636 -137.606
2493 404.978 586.727 2 313.71 -117.072
2494 414.978 586.727 2 320.94 -122.43
2495 424.978 586.727 2 328.315 -125.196
2496 434.978 586.727 2 335.827 -122.844
2497 444.978 586.727 2 343.465 -125.55
2498 454.978 586.727 2 351.221 -123.642
2499 464.978 586.727 2 359.089 -126.801
2500 474.978 586.727 2 367.061 -126.763
2501 484.978 586.727 2 375.129 -126.067
