# <Transmitter Set: Tx: 19 tx_ant_grid_80_m - Point 1> 
# <Receiver Set: Rx: 17 rx_ant_grid> 
# <X(m)> <Y(m)> <Z(m)> <Distance(m)> <PathGain(dB)>
1 84.9784 -13.2734 2 78.2758 -123.922
2 94.9784 -13.2734 2 79.4707 -115.09
3 104.978 -13.2734 2 81.8784 -106.518
4 114.978 -13.2734 2 85.3964 -100.812
5 124.978 -13.2734 2 89.8946 -91.1757
6 134.978 -13.2734 2 95.234 -96.9237
7 144.978 -13.2734 2 101.282 -87.4269
8 154.978 -13.2734 2 107.919 -93.4575
9 164.978 -13.2734 2 115.043 -85.4686
10 174.978 -13.2734 2 122.57 -88.6237
11 184.978 -13.2734 2 130.43 -91.9124
12 194.978 -13.2734 2 138.566 -88.7786
13 204.978 -13.2734 2 146.932 -88.2312
14 214.978 -13.2734 2 155.491 -89.4469
15 224.978 -13.2734 2 164.213 -90.6105
16 234.978 -13.2734 2 173.073 -87.5263
17 244.978 -13.2734 2 182.052 -85.8118
18 254.978 -13.2734 2 191.132 -89.1784
19 264.978 -13.2734 2 200.299 -87.8671
20 274.978 -13.2734 2 209.543 -87.5725
21 284.978 -13.2734 2 218.853 -89.0422
22 294.978 -13.2734 2 228.222 -88.0251
23 304.978 -13.2734 2 237.642 -88.9586
24 314.978 -13.2734 2 247.108 -89.8948
25 324.978 -13.2734 2 256.614 -88.5653
26 334.978 -13.2734 2 266.156 -90.6463
27 344.978 -13.2734 2 275.731 -90.5599
28 354.978 -13.2734 2 285.335 -89.4678
29 364.978 -13.2734 2 294.965 -90.6259
30 374.978 -13.2734 2 304.62 -90.7791
31 384.978 -13.2734 2 314.295 -90.3106
32 394.978 -13.2734 2 323.991 -90.8362
33 404.978 -13.2734 2 333.704 -90.7331
34 414.978 -13.2734 2 343.434 -90.9627
35 424.978 -13.2734 2 353.179 -92.2795
36 434.978 -13.2734 2 362.938 -92.041
37 444.978 -13.2734 2 372.71 -92.3621
38 454.978 -13.2734 2 382.493 -92.0319
39 464.978 -13.2734 2 392.287 -91.545
40 474.978 -13.2734 2 402.092 -92.5104
41 484.978 -13.2734 2 411.906 -92.6591
42 84.9784 -3.2734 2 79.5244 -114.184
43 94.9784 -3.2734 2 80.7007 -102.504
44 104.978 -3.2734 2 83.0728 -98.367
45 114.978 -3.2734 2 86.5423 -93.3684
46 124.978 -3.2734 2 90.9838 -96.294
47 134.978 -3.2734 2 96.2628 -90.6049
48 144.978 -3.2734 2 102.25 -90.7257
49 154.978 -3.2734 2 108.828 -88.1405
50 164.978 -3.2734 2 115.896 -86.0327
51 174.978 -3.2734 2 123.371 -92.0537
52 184.978 -3.2734 2 131.183 -89.2686
53 194.978 -3.2734 2 139.275 -86.9309
54 204.978 -3.2734 2 147.601 -86.8084
55 214.978 -3.2734 2 156.123 -87.8863
56 224.978 -3.2734 2 164.812 -90.5384
57 234.978 -3.2734 2 173.641 -88.7152
58 244.978 -3.2734 2 182.592 -85.6791
59 254.978 -3.2734 2 191.646 -88.5874
60 264.978 -3.2734 2 200.79 -88.3178
61 274.978 -3.2734 2 210.013 -87.2864
62 284.978 -3.2734 2 219.303 -88.4431
63 294.978 -3.2734 2 228.653 -87.292
64 304.978 -3.2734 2 238.056 -87.1908
65 314.978 -3.2734 2 247.506 -90.0852
66 324.978 -3.2734 2 256.997 -89.952
67 334.978 -3.2734 2 266.526 -90.9383
68 344.978 -3.2734 2 276.088 -88.3695
69 354.978 -3.2734 2 285.68 -87.7875
70 364.978 -3.2734 2 295.299 -90.2003
71 374.978 -3.2734 2 304.943 -85.0502
72 384.978 -3.2734 2 314.609 -88.5462
73 394.978 -3.2734 2 324.295 -89.3043
74 404.978 -3.2734 2 333.999 -90.8765
75 414.978 -3.2734 2 343.721 -90.744
76 424.978 -3.2734 2 353.458 -90.9805
77 434.978 -3.2734 2 363.209 -92.8106
78 444.978 -3.2734 2 372.974 -90.1741
79 454.978 -3.2734 2 382.751 -96.9668
80 464.978 -3.2734 2 392.538 -98.5608
81 474.978 -3.2734 2 402.337 -100.865
82 484.978 -3.2734 2 412.145 -92.3682
83 84.9784 6.7266 2 81.9826 -107.624
84 94.9784 6.7266 2 83.1241 -97.9955
85 104.978 6.7266 2 85.429 -99.8702
86 114.978 6.7266 2 88.8065 -94.8538
87 124.978 6.7266 2 93.1401 -250
88 134.978 6.7266 2 98.3034 -99.7236
89 144.978 6.7266 2 104.173 -89.2455
90 154.978 6.7266 2 110.637 -86.2069
91 164.978 6.7266 2 117.597 -92.4126
92 174.978 6.7266 2 124.97 -88.4301
93 184.978 6.7266 2 132.687 -85.7344
94 194.978 6.7266 2 140.693 -84.8768
95 204.978 6.7266 2 148.939 -85.1992
96 214.978 6.7266 2 157.389 -86.0277
97 224.978 6.7266 2 166.012 -92.5598
98 234.978 6.7266 2 174.781 -88.0674
99 244.978 6.7266 2 183.676 -81.5818
100 254.978 6.7266 2 192.679 -81.5492
101 264.978 6.7266 2 201.777 -84.1602
102 274.978 6.7266 2 210.956 -81.7037
103 284.978 6.7266 2 220.206 -88.6746
104 294.978 6.7266 2 229.52 -250
105 304.978 6.7266 2 238.889 -250
106 314.978 6.7266 2 248.307 -250
107 324.978 6.7266 2 257.769 -250
108 334.978 6.7266 2 267.27 -250
109 344.978 6.7266 2 276.806 -250
110 354.978 6.7266 2 286.374 -250
111 364.978 6.7266 2 295.971 -250
112 374.978 6.7266 2 305.593 -250
113 384.978 6.7266 2 315.239 -250
114 394.978 6.7266 2 324.906 -97.9582
115 404.978 6.7266 2 334.593 -97.2565
116 414.978 6.7266 2 344.298 -96.378
117 424.978 6.7266 2 354.019 -96.5076
118 434.978 6.7266 2 363.755 -88.0216
119 444.978 6.7266 2 373.506 -250
120 454.978 6.7266 2 383.269 -250
121 464.978 6.7266 2 393.044 -250
122 474.978 6.7266 2 402.83 -127.422
123 484.978 6.7266 2 412.626 -122.622
124 84.9784 16.7266 2 85.5462 -98.6682
125 94.9784 16.7266 2 86.6409 -93.2592
126 104.978 16.7266 2 88.8545 -94.6371
127 114.978 16.7266 2 92.1065 -94.2138
128 124.978 16.7266 2 96.2917 -250
129 134.978 16.7266 2 101.294 -98.6737
130 144.978 16.7266 2 107 -91.8682
131 154.978 16.7266 2 113.303 -89.9857
132 164.978 16.7266 2 120.108 -85.9101
133 174.978 16.7266 2 127.336 -84.7669
134 184.978 16.7266 2 134.918 -88.6247
135 194.978 16.7266 2 142.799 -250
136 204.978 16.7266 2 150.93 -250
137 214.978 16.7266 2 159.275 -250
138 224.978 16.7266 2 167.8 -250
139 234.978 16.7266 2 176.481 -250
140 244.978 16.7266 2 185.294 -250
141 254.978 16.7266 2 194.222 -250
142 264.978 16.7266 2 203.251 -99.6144
143 274.978 16.7266 2 212.366 -95.8943
144 284.978 16.7266 2 221.558 -90.6565
145 294.978 16.7266 2 230.817 -250
146 304.978 16.7266 2 240.135 -250
147 314.978 16.7266 2 249.506 -250
148 324.978 16.7266 2 258.924 -101.324
149 334.978 16.7266 2 268.384 -95.63
150 344.978 16.7266 2 277.883 -250
151 354.978 16.7266 2 287.415 -250
152 364.978 16.7266 2 296.978 -250
153 374.978 16.7266 2 306.568 -250
154 384.978 16.7266 2 316.184 -99.5855
155 394.978 16.7266 2 325.824 -101.853
156 404.978 16.7266 2 335.484 -99.9469
157 414.978 16.7266 2 345.164 -100.867
158 424.978 16.7266 2 354.861 -96.7859
159 434.978 16.7266 2 364.575 -87.3562
160 444.978 16.7266 2 374.304 -250
161 454.978 16.7266 2 384.047 -250
162 464.978 16.7266 2 393.803 -250
163 474.978 16.7266 2 403.57 -136.924
164 484.978 16.7266 2 413.349 -133.052
165 84.9784 26.7266 2 90.0843 -91.1892
166 94.9784 26.7266 2 91.1244 -97.4034
167 104.978 26.7266 2 93.2317 -89.4761
168 114.978 26.7266 2 96.336 -89.438
169 124.978 26.7266 2 100.345 -88.2464
170 134.978 26.7266 2 105.155 -86.8974
171 144.978 26.7266 2 110.662 -86.6083
172 154.978 26.7266 2 116.767 -87.8215
173 164.978 26.7266 2 123.382 -94.8709
174 174.978 26.7266 2 130.428 -87.2384
175 184.978 26.7266 2 137.84 -94.4676
176 194.978 26.7266 2 145.563 -250
177 204.978 26.7266 2 153.548 -250
178 214.978 26.7266 2 161.757 -250
179 224.978 26.7266 2 170.159 -250
180 234.978 26.7266 2 178.724 -250
181 244.978 26.7266 2 187.432 -250
182 254.978 26.7266 2 196.264 -250
183 264.978 26.7266 2 205.202 -110.091
184 274.978 26.7266 2 214.234 -136.193
185 284.978 26.7266 2 223.349 -114.285
186 294.978 26.7266 2 232.537 -250
187 304.978 26.7266 2 241.789 -250
188 314.978 26.7266 2 251.098 -109.388
189 324.978 26.7266 2 260.459 -98.4198
190 334.978 26.7266 2 269.865 -98.2994
191 344.978 26.7266 2 279.313 -88.359
192 354.978 26.7266 2 288.798 -89.6586
193 364.978 26.7266 2 298.316 -250
194 374.978 26.7266 2 307.865 -250
195 384.978 26.7266 2 317.442 -96.5649
196 394.978 26.7266 2 327.045 -99.7939
197 404.978 26.7266 2 336.67 -95.9669
198 414.978 26.7266 2 346.316 -95.6598
199 424.978 26.7266 2 355.983 -93.067
200 434.978 26.7266 2 365.667 -89.9328
201 444.978 26.7266 2 375.367 -94.7453
202 454.978 26.7266 2 385.083 -250
203 464.978 26.7266 2 394.813 -250
204 474.978 26.7266 2 404.557 -128.692
205 484.978 26.7266 2 414.312 -138.877
206 84.9784 36.7266 2 95.4578 -95.1652
207 94.9784 36.7266 2 96.44 -88.9877
208 104.978 36.7266 2 98.4335 -93.8295
209 114.978 36.7266 2 101.379 -87.6282
210 124.978 36.7266 2 105.196 -86.3774
211 134.978 36.7266 2 109.793 -85.9047
212 144.978 36.7266 2 115.079 -82.1669
213 154.978 36.7266 2 120.961 -97.6161
214 164.978 36.7266 2 127.358 -94.6396
215 174.978 36.7266 2 134.196 -94.8226
216 184.978 36.7266 2 141.411 -89.8553
217 194.978 36.7266 2 148.948 -87.0063
218 204.978 36.7266 2 156.761 -91.3965
219 214.978 36.7266 2 164.81 -117.008
220 224.978 36.7266 2 173.063 -250
221 234.978 36.7266 2 181.492 -250
222 244.978 36.7266 2 190.073 -250
223 254.978 36.7266 2 198.787 -250
224 264.978 36.7266 2 207.617 -109.882
225 274.978 36.7266 2 216.549 -108.007
226 284.978 36.7266 2 225.57 -124.573
227 294.978 36.7266 2 234.671 -250
228 304.978 36.7266 2 243.842 -250
229 314.978 36.7266 2 253.076 -113.982
230 324.978 36.7266 2 262.366 -105.022
231 334.978 36.7266 2 271.706 -100.855
232 344.978 36.7266 2 281.092 -88.0799
233 354.978 36.7266 2 290.519 -94.7838
234 364.978 36.7266 2 299.983 -87.9975
235 374.978 36.7266 2 309.481 -88.4154
236 384.978 36.7266 2 319.009 -250
237 394.978 36.7266 2 328.565 -250
238 404.978 36.7266 2 338.147 -107.39
239 414.978 36.7266 2 347.753 -101.018
240 424.978 36.7266 2 357.38 -97.7716
241 434.978 36.7266 2 367.027 -95.6337
242 444.978 36.7266 2 376.693 -106.653
243 454.978 36.7266 2 386.376 -250
244 464.978 36.7266 2 396.074 -250
245 474.978 36.7266 2 405.787 -126.414
246 484.978 36.7266 2 415.514 -143.739
247 84.9784 46.7266 2 101.534 -87.8652
248 94.9784 46.7266 2 102.458 -92.0892
249 104.978 46.7266 2 104.337 -88.2551
250 114.978 46.7266 2 107.12 -92.5124
251 124.978 46.7266 2 110.739 -86.8723
252 134.978 46.7266 2 115.116 -85.3117
253 144.978 46.7266 2 120.167 -85.6595
254 154.978 46.7266 2 125.812 -250
255 164.978 46.7266 2 131.974 -250
256 174.978 46.7266 2 138.584 -250
257 184.978 46.7266 2 145.582 -250
258 194.978 46.7266 2 152.913 -250
259 204.978 46.7266 2 160.533 -109.671
260 214.978 46.7266 2 168.403 -117.205
261 224.978 46.7266 2 176.488 -105.783
262 234.978 46.7266 2 184.761 -104.639
263 244.978 46.7266 2 193.197 -103.432
264 254.978 46.7266 2 201.776 -103.09
265 264.978 46.7266 2 210.48 -102.889
266 274.978 46.7266 2 219.295 -92.7154
267 284.978 46.7266 2 228.208 -88.8272
268 294.978 46.7266 2 237.207 -250
269 304.978 46.7266 2 246.284 -250
270 314.978 46.7266 2 255.43 -250
271 324.978 46.7266 2 264.637 -250
272 334.978 46.7266 2 273.9 -250
273 344.978 46.7266 2 283.213 -250
274 354.978 46.7266 2 292.572 -250
275 364.978 46.7266 2 301.971 -104.092
276 374.978 46.7266 2 311.408 -101.466
277 384.978 46.7266 2 320.88 -250
278 394.978 46.7266 2 330.382 -250
279 404.978 46.7266 2 339.913 -104.056
280 414.978 46.7266 2 349.47 -97.3628
281 424.978 46.7266 2 359.051 -96.6984
282 434.978 46.7266 2 368.654 -104.789
283 444.978 46.7266 2 378.278 -105.731
284 454.978 46.7266 2 387.921 -250
285 464.978 46.7266 2 397.582 -150.484
286 474.978 46.7266 2 407.259 -113.358
287 484.978 46.7266 2 416.951 -119.107
288 84.9784 56.7266 2 108.195 -91.4528
289 94.9784 56.7266 2 109.063 -87.3324
290 104.978 56.7266 2 110.83 -86.9204
291 114.978 56.7266 2 113.453 -89.4436
292 124.978 56.7266 2 116.877 -89.3716
293 134.978 56.7266 2 121.032 -85.0403
294 144.978 56.7266 2 125.846 -85.4038
295 154.978 56.7266 2 131.246 -250
296 164.978 56.7266 2 137.164 -250
297 174.978 56.7266 2 143.536 -250
298 184.978 56.7266 2 150.303 -250
299 194.978 56.7266 2 157.415 -250
300 204.978 56.7266 2 164.827 -108.91
301 214.978 56.7266 2 172.501 -108.05
302 224.978 56.7266 2 180.402 -87.4948
303 234.978 56.7266 2 188.503 -85.3817
304 244.978 56.7266 2 196.779 -88.4634
305 254.978 56.7266 2 205.208 -85.937
306 264.978 56.7266 2 213.773 -91.6756
307 274.978 56.7266 2 222.458 -89.052
308 284.978 56.7266 2 231.249 -91.9149
309 294.978 56.7266 2 240.134 -250
310 304.978 56.7266 2 249.104 -250
311 314.978 56.7266 2 258.15 -250
312 324.978 56.7266 2 267.264 -250
313 334.978 56.7266 2 276.439 -250
314 344.978 56.7266 2 285.669 -250
315 354.978 56.7266 2 294.95 -250
316 364.978 56.7266 2 304.276 -103.057
317 374.978 56.7266 2 313.643 -103.914
318 384.978 56.7266 2 323.049 -250
319 394.978 56.7266 2 332.489 -250
320 404.978 56.7266 2 341.961 -97.7374
321 414.978 56.7266 2 351.463 -97.793
322 424.978 56.7266 2 360.991 -91.9651
323 434.978 56.7266 2 370.544 -97.9837
324 444.978 56.7266 2 380.12 -108.432
325 454.978 56.7266 2 389.718 -250
326 464.978 56.7266 2 399.335 -250
327 474.978 56.7266 2 408.971 -123.937
328 484.978 56.7266 2 418.623 -102.719
329 84.9784 66.7266 2 115.34 -85.1069
330 94.9784 66.7266 2 116.154 -86.6361
331 104.978 66.7266 2 117.814 -93.141
332 114.978 66.7266 2 120.286 -84.4602
333 124.978 66.7266 2 123.52 -94.2718
334 134.978 66.7266 2 127.458 -84.2608
335 144.978 66.7266 2 132.038 -84.8727
336 154.978 66.7266 2 137.196 -91.319
337 164.978 66.7266 2 142.867 -97.4503
338 174.978 66.7266 2 148.995 -102.007
339 184.978 66.7266 2 155.525 -87.8906
340 194.978 66.7266 2 162.409 -97.274
341 204.978 66.7266 2 169.603 -99.0698
342 214.978 66.7266 2 177.069 -100.631
343 224.978 66.7266 2 184.776 -88.371
344 234.978 66.7266 2 192.693 -87.9493
345 244.978 66.7266 2 200.796 -83.0736
346 254.978 66.7266 2 209.063 -87.9356
347 264.978 66.7266 2 217.476 -85.0418
348 274.978 66.7266 2 226.019 -89.7575
349 284.978 66.7266 2 234.676 -86.5432
350 294.978 66.7266 2 243.437 -89.0984
351 304.978 66.7266 2 252.289 -97.4053
352 314.978 66.7266 2 261.225 -99.7733
353 324.978 66.7266 2 270.235 -93.6111
354 334.978 66.7266 2 279.312 -99.1745
355 344.978 66.7266 2 288.451 -92.0138
356 354.978 66.7266 2 297.645 -98.0462
357 364.978 66.7266 2 306.889 -100.573
358 374.978 66.7266 2 316.179 -99.9703
359 384.978 66.7266 2 325.511 -98.8359
360 394.978 66.7266 2 334.882 -99.0039
361 404.978 66.7266 2 344.289 -89.7739
362 414.978 66.7266 2 353.728 -106.294
363 424.978 66.7266 2 363.196 -98.5353
364 434.978 66.7266 2 372.693 -93.7288
365 444.978 66.7266 2 382.215 -96.3053
366 454.978 66.7266 2 391.762 -91.3869
367 464.978 66.7266 2 401.33 -92.8475
368 474.978 66.7266 2 410.919 -96.2663
369 484.978 66.7266 2 420.527 -99.7252
370 84.9784 76.7266 2 122.883 -90.7479
371 94.9784 76.7266 2 123.648 -93.483
372 104.978 76.7266 2 125.209 -84.3724
373 114.978 76.7266 2 127.537 -83.7312
374 124.978 76.7266 2 130.592 -91.363
375 134.978 76.7266 2 134.323 -85.1489
376 144.978 76.7266 2 138.676 -88.7644
377 154.978 76.7266 2 143.595 -87.9074
378 164.978 76.7266 2 149.024 -82.6754
379 174.978 76.7266 2 154.908 -85.9077
380 184.978 76.7266 2 161.199 -88.2904
381 194.978 76.7266 2 167.85 -84.331
382 204.978 76.7266 2 174.82 -91.6269
383 214.978 76.7266 2 182.073 -83.9009
384 224.978 76.7266 2 189.576 -85.398
385 234.978 76.7266 2 197.301 -92.2285
386 244.978 76.7266 2 205.222 -89.4698
387 254.978 76.7266 2 213.318 -85.9645
388 264.978 76.7266 2 221.569 -89.32
389 274.978 76.7266 2 229.96 -86.6625
390 284.978 76.7266 2 238.474 -88.3841
391 294.978 76.7266 2 247.1 -89.4671
392 304.978 76.7266 2 255.826 -87.7101
393 314.978 76.7266 2 264.642 -89.2705
394 324.978 76.7266 2 273.539 -88.8959
395 334.978 76.7266 2 282.511 -91.9377
396 344.978 76.7266 2 291.549 -89.7624
397 354.978 76.7266 2 300.648 -91.3548
398 364.978 76.7266 2 309.803 -89.6424
399 374.978 76.7266 2 319.008 -91.5142
400 384.978 76.7266 2 328.26 -93.9841
401 394.978 76.7266 2 337.555 -101.048
402 404.978 76.7266 2 346.889 -90.9007
403 414.978 76.7266 2 356.259 -87.2329
404 424.978 76.7266 2 365.662 -92.2999
405 434.978 76.7266 2 375.096 -91.7349
406 444.978 76.7266 2 384.559 -101.768
407 454.978 76.7266 2 394.048 -99.4567
408 464.978 76.7266 2 403.562 -104.151
409 474.978 76.7266 2 413.099 -89.8503
410 484.978 76.7266 2 422.658 -93.0664
411 84.9784 86.7266 2 130.757 -91.0331
412 94.9784 86.7266 2 131.475 -88.589
413 104.978 86.7266 2 132.945 -250
414 114.978 86.7266 2 135.14 -250
415 124.978 86.7266 2 138.026 -250
416 134.978 86.7266 2 141.562 -96.4437
417 144.978 86.7266 2 145.699 -89.1133
418 154.978 86.7266 2 150.388 -250
419 164.978 86.7266 2 155.58 -250
420 174.978 86.7266 2 161.225 -250
421 184.978 86.7266 2 167.279 -101.268
422 194.978 86.7266 2 173.697 -88.9752
423 204.978 86.7266 2 180.441 -83.9254
424 214.978 86.7266 2 187.477 -88.2245
425 224.978 86.7266 2 194.772 -250
426 234.978 86.7266 2 202.298 -250
427 244.978 86.7266 2 210.031 -250
428 254.978 86.7266 2 217.948 -108.064
429 264.978 86.7266 2 226.031 -101.845
430 274.978 86.7266 2 234.262 -88.0216
431 284.978 86.7266 2 242.625 -88.1075
432 294.978 86.7266 2 251.108 -88.6954
433 304.978 86.7266 2 259.7 -87.5984
434 314.978 86.7266 2 268.388 -87.784
435 324.978 86.7266 2 277.166 -89.2856
436 334.978 86.7266 2 286.023 -91.0425
437 344.978 86.7266 2 294.954 -93.6945
438 354.978 86.7266 2 303.951 -92.5586
439 364.978 86.7266 2 313.009 -90.2965
440 374.978 86.7266 2 322.123 -84.8218
441 384.978 86.7266 2 331.288 -250
442 394.978 86.7266 2 340.5 -250
443 404.978 86.7266 2 349.755 -250
444 414.978 86.7266 2 359.05 -98.5451
445 424.978 86.7266 2 368.383 -100.125
446 434.978 86.7266 2 377.749 -101.963
447 444.978 86.7266 2 387.147 -250
448 454.978 86.7266 2 396.574 -250
449 464.978 86.7266 2 406.029 -250
450 474.978 86.7266 2 415.509 -106.278
451 484.978 86.7266 2 425.014 -118.531
452 84.9784 96.7266 2 138.904 -87.9356
453 94.9784 96.7266 2 139.581 -86.4452
454 104.978 96.7266 2 140.966 -127.277
455 114.978 96.7266 2 143.038 -98.7977
456 124.978 96.7266 2 145.768 -92.2076
457 134.978 96.7266 2 149.12 -103.935
458 144.978 96.7266 2 153.053 -84.8503
459 154.978 96.7266 2 157.524 -250
460 164.978 96.7266 2 162.487 -250
461 174.978 96.7266 2 167.901 -250
462 184.978 96.7266 2 173.721 -119.235
463 194.978 96.7266 2 179.91 -250
464 204.978 96.7266 2 186.43 -250
465 214.978 96.7266 2 193.247 -250
466 224.978 96.7266 2 200.332 -250
467 234.978 96.7266 2 207.657 -250
468 244.978 96.7266 2 215.198 -250
469 254.978 96.7266 2 222.932 -250
470 264.978 96.7266 2 230.84 -250
471 274.978 96.7266 2 238.905 -112.385
472 284.978 96.7266 2 247.111 -91.3988
473 294.978 96.7266 2 255.446 -88.2876
474 304.978 96.7266 2 263.896 -89.6302
475 314.978 96.7266 2 272.451 -90.9413
476 324.978 96.7266 2 281.101 -90.5184
477 334.978 96.7266 2 289.839 -93.389
478 344.978 96.7266 2 298.655 -85.8977
479 354.978 96.7266 2 307.544 -89.2464
480 364.978 96.7266 2 316.499 -86.2356
481 374.978 96.7266 2 325.515 -90.2873
482 384.978 96.7266 2 334.587 -250
483 394.978 96.7266 2 343.711 -250
484 404.978 96.7266 2 352.882 -250
485 414.978 96.7266 2 362.097 -115.981
486 424.978 96.7266 2 371.353 -109.334
487 434.978 96.7266 2 380.646 -110.384
488 444.978 96.7266 2 389.974 -250
489 454.978 96.7266 2 399.335 -250
490 464.978 96.7266 2 408.726 -250
491 474.978 96.7266 2 418.145 -109.625
492 484.978 96.7266 2 427.59 -121.562
493 84.9784 106.727 2 147.28 -87.3203
494 94.9784 106.727 2 147.918 -86.1983
495 104.978 106.727 2 149.226 -96.9137
496 114.978 106.727 2 151.185 -95.1431
497 124.978 106.727 2 153.77 -97.153
498 134.978 106.727 2 156.951 -87.7582
499 144.978 106.727 2 160.693 -86.9886
500 154.978 106.727 2 164.957 -250
501 164.978 106.727 2 169.703 -250
502 174.978 106.727 2 174.893 -250
503 184.978 106.727 2 180.489 -107.914
504 194.978 106.727 2 186.453 -250
505 204.978 106.727 2 192.751 -250
506 214.978 106.727 2 199.353 -250
507 224.978 106.727 2 206.228 -250
508 234.978 106.727 2 213.351 -250
509 244.978 106.727 2 220.697 -250
510 254.978 106.727 2 228.244 -250
511 264.978 106.727 2 235.975 -250
512 274.978 106.727 2 243.87 -104.276
513 284.978 106.727 2 251.915 -109.765
514 294.978 106.727 2 260.095 -100.202
515 304.978 106.727 2 268.399 -95.2437
516 314.978 106.727 2 276.815 -94.3521
517 324.978 106.727 2 285.333 -83.7267
518 334.978 106.727 2 293.945 -89.1174
519 344.978 106.727 2 302.641 -98.8545
520 354.978 106.727 2 311.417 -85.6762
521 364.978 106.727 2 320.264 -86.2646
522 374.978 106.727 2 329.177 -86.1879
523 384.978 106.727 2 338.151 -250
524 394.978 106.727 2 347.18 -250
525 404.978 106.727 2 356.262 -250
526 414.978 106.727 2 365.392 -119.589
527 424.978 106.727 2 374.566 -120.27
528 434.978 106.727 2 383.781 -110.081
529 444.978 106.727 2 393.035 -250
530 454.978 106.727 2 402.325 -250
531 464.978 106.727 2 411.647 -250
532 474.978 106.727 2 421.001 -120.529
533 484.978 106.727 2 430.384 -112.114
534 84.9784 116.727 2 155.847 -88.7127
535 94.9784 116.727 2 156.451 -87.4452
536 104.978 116.727 2 157.687 -85.8326
537 114.978 116.727 2 159.542 -250
538 124.978 116.727 2 161.995 -250
539 134.978 116.727 2 165.017 -250
540 144.978 116.727 2 168.58 -250
541 154.978 116.727 2 172.649 -250
542 164.978 116.727 2 177.19 -250
543 174.978 116.727 2 182.167 -250
544 184.978 116.727 2 187.545 -98.9131
545 194.978 116.727 2 193.292 -250
546 204.978 116.727 2 199.374 -250
547 214.978 116.727 2 205.763 -250
548 224.978 116.727 2 212.431 -250
549 234.978 116.727 2 219.353 -250
550 244.978 116.727 2 226.504 -250
551 254.978 116.727 2 233.864 -250
552 264.978 116.727 2 241.415 -250
553 274.978 116.727 2 249.138 -102.44
554 284.978 116.727 2 257.017 -98.1674
555 294.978 116.727 2 265.041 -108.88
556 304.978 116.727 2 273.194 -105.026
557 314.978 116.727 2 281.467 -91.2252
558 324.978 116.727 2 289.848 -250
559 334.978 116.727 2 298.329 -250
560 344.978 116.727 2 306.902 -250
561 354.978 116.727 2 315.559 -250
562 364.978 116.727 2 324.293 -250
563 374.978 116.727 2 333.098 -250
564 384.978 116.727 2 341.969 -250
565 394.978 116.727 2 350.901 -250
566 404.978 116.727 2 359.889 -250
567 414.978 116.727 2 368.929 -250
568 424.978 116.727 2 378.017 -124.454
569 434.978 116.727 2 387.15 -128.778
570 444.978 116.727 2 396.325 -250
571 454.978 116.727 2 405.539 -250
572 464.978 116.727 2 414.79 -250
573 474.978 116.727 2 424.074 -121.407
574 484.978 116.727 2 433.391 -124.516
575 84.9784 126.727 2 164.576 -90.6235
576 94.9784 126.727 2 165.148 -90.3642
577 104.978 126.727 2 166.32 -82.735
578 114.978 126.727 2 168.08 -250
579 124.978 126.727 2 170.409 -250
580 134.978 126.727 2 173.285 -250
581 144.978 126.727 2 176.681 -250
582 154.978 126.727 2 180.568 -250
583 164.978 126.727 2 184.914 -250
584 174.978 126.727 2 189.688 -250
585 184.978 126.727 2 194.859 -104.47
586 194.978 126.727 2 200.396 -98.6318
587 204.978 126.727 2 206.27 -102.4
588 214.978 126.727 2 212.451 -115.543
589 224.978 126.727 2 218.916 -250
590 234.978 126.727 2 225.638 -250
591 244.978 126.727 2 232.596 -250
592 254.978 126.727 2 239.77 -113.463
593 264.978 126.727 2 247.14 -102.225
594 274.978 126.727 2 254.689 -112.665
595 284.978 126.727 2 262.402 -97.6305
596 294.978 126.727 2 270.266 -101.001
597 304.978 126.727 2 278.266 -96.3067
598 314.978 126.727 2 286.392 -108.222
599 324.978 126.727 2 294.634 -250
600 334.978 126.727 2 302.981 -250
601 344.978 126.727 2 311.426 -250
602 354.978 126.727 2 319.96 -250
603 364.978 126.727 2 328.577 -250
604 374.978 126.727 2 337.27 -250
605 384.978 126.727 2 346.034 -250
606 394.978 126.727 2 354.864 -250
607 404.978 126.727 2 363.754 -250
608 414.978 126.727 2 372.7 -250
609 424.978 126.727 2 381.699 -128.197
610 434.978 126.727 2 390.746 -118.989
611 444.978 126.727 2 399.838 -250
612 454.978 126.727 2 408.973 -250
613 464.978 126.727 2 418.148 -250
614 474.978 126.727 2 427.36 -127.846
615 484.978 126.727 2 436.606 -125.719
616 84.9784 136.727 2 173.443 -88.0546
617 94.9784 136.727 2 173.985 -88.9227
618 104.978 136.727 2 175.098 -88.1396
619 114.978 136.727 2 176.771 -112.275
620 124.978 136.727 2 178.987 -88.0436
621 134.978 136.727 2 181.727 -250
622 144.978 136.727 2 184.968 -250
623 154.978 136.727 2 188.684 -250
624 164.978 136.727 2 192.848 -250
625 174.978 136.727 2 197.43 -250
626 184.978 136.727 2 202.404 -97.6694
627 194.978 136.727 2 207.739 -110.026
628 204.978 136.727 2 213.411 -115.97
629 214.978 136.727 2 219.392 -101.848
630 224.978 136.727 2 225.657 -250
631 234.978 136.727 2 232.184 -250
632 244.978 136.727 2 238.952 -250
633 254.978 136.727 2 245.94 -100.208
634 264.978 136.727 2 253.131 -99.6039
635 274.978 136.727 2 260.506 -97.2826
636 284.978 136.727 2 268.052 -94.67
637 294.978 136.727 2 275.754 -100.403
638 304.978 136.727 2 283.6 -112.28
639 314.978 136.727 2 291.578 -110.812
640 324.978 136.727 2 299.676 -250
641 334.978 136.727 2 307.887 -250
642 344.978 136.727 2 316.201 -250
643 354.978 136.727 2 324.61 -250
644 364.978 136.727 2 333.106 -250
645 374.978 136.727 2 341.685 -250
646 384.978 136.727 2 350.338 -250
647 394.978 136.727 2 359.062 -250
648 404.978 136.727 2 367.85 -250
649 414.978 136.727 2 376.699 -250
650 424.978 136.727 2 385.604 -128.724
651 434.978 136.727 2 394.562 -108.906
652 444.978 136.727 2 403.569 -250
653 454.978 136.727 2 412.621 -250
654 464.978 136.727 2 421.716 -250
655 474.978 136.727 2 430.852 -131.498
656 484.978 136.727 2 440.025 -122.41
657 84.9784 146.727 2 182.426 -85.7909
658 94.9784 146.727 2 182.942 -86.0006
659 104.978 146.727 2 184.001 -86.1426
660 114.978 146.727 2 185.593 -88.1743
661 124.978 146.727 2 187.705 -89.6038
662 134.978 146.727 2 190.32 -110.192
663 144.978 146.727 2 193.417 -121.21
664 154.978 146.727 2 196.974 -111.155
665 164.978 146.727 2 200.966 -114.306
666 174.978 146.727 2 205.367 -131.333
667 184.978 146.727 2 210.153 -114.478
668 194.978 146.727 2 215.297 -99.2885
669 204.978 146.727 2 220.774 -89.6371
670 214.978 146.727 2 226.561 -98.514
671 224.978 146.727 2 232.633 -102.677
672 234.978 146.727 2 238.97 -110.026
673 244.978 146.727 2 245.551 -99.2494
674 254.978 146.727 2 252.356 -98.8169
675 264.978 146.727 2 259.369 -97.5997
676 274.978 146.727 2 266.572 -96.1163
677 284.978 146.727 2 273.951 -104.351
678 294.978 146.727 2 281.492 -105.784
679 304.978 146.727 2 289.182 -107.917
680 314.978 146.727 2 297.009 -103.288
681 324.978 146.727 2 304.964 -104.748
682 334.978 146.727 2 313.036 -105.098
683 344.978 146.727 2 321.216 -95.7002
684 354.978 146.727 2 329.497 -106.045
685 364.978 146.727 2 337.871 -92.218
686 374.978 146.727 2 346.331 -101.321
687 384.978 146.727 2 354.872 -101.365
688 394.978 146.727 2 363.486 -108.215
689 404.978 146.727 2 372.17 -107.63
690 414.978 146.727 2 380.919 -106.956
691 424.978 146.727 2 389.728 -114.315
692 434.978 146.727 2 398.593 -117.279
693 444.978 146.727 2 407.51 -125.298
694 454.978 146.727 2 416.477 -121.042
695 464.978 146.727 2 425.49 -122.216
696 474.978 146.727 2 434.546 -113.985
697 484.978 146.727 2 443.643 -122.08
698 84.9784 156.727 2 191.511 -88.7327
699 94.9784 156.727 2 192.002 -88.3862
700 104.978 156.727 2 193.011 -87.4537
701 114.978 156.727 2 194.53 -86.025
702 124.978 156.727 2 196.546 -84.0309
703 134.978 156.727 2 199.045 -90.2033
704 144.978 156.727 2 202.008 -89.1198
705 154.978 156.727 2 205.416 -103.852
706 164.978 156.727 2 209.247 -105.745
707 174.978 156.727 2 213.478 -118.635
708 184.978 156.727 2 218.085 -114.055
709 194.978 156.727 2 223.046 -105.098
710 204.978 156.727 2 228.338 -86.2125
711 214.978 156.727 2 233.937 -89.0682
712 224.978 156.727 2 239.823 -101.832
713 234.978 156.727 2 245.975 -99.0608
714 244.978 156.727 2 252.373 -95.045
715 254.978 156.727 2 258.999 -94.3325
716 264.978 156.727 2 265.837 -100.337
717 274.978 156.727 2 272.869 -97.5186
718 284.978 156.727 2 280.082 -101.069
719 294.978 156.727 2 287.462 -119.942
720 304.978 156.727 2 294.997 -109.89
721 314.978 156.727 2 302.674 -114.085
722 324.978 156.727 2 310.483 -104.286
723 334.978 156.727 2 318.416 -103.731
724 344.978 156.727 2 326.461 -97.5042
725 354.978 156.727 2 334.612 -107.021
726 364.978 156.727 2 342.861 -101.755
727 374.978 156.727 2 351.201 -98.5866
728 384.978 156.727 2 359.626 -101.253
729 394.978 156.727 2 368.13 -103.664
730 404.978 156.727 2 376.707 -104.911
731 414.978 156.727 2 385.352 -112.851
732 424.978 156.727 2 394.062 -106.948
733 434.978 156.727 2 402.832 -108.462
734 444.978 156.727 2 411.657 -112.973
735 454.978 156.727 2 420.536 -120.912
736 464.978 156.727 2 429.463 -135.3
737 474.978 156.727 2 438.437 -123.457
738 484.978 156.727 2 447.455 -114.141
739 84.9784 166.727 2 200.682 -88.346
740 94.9784 166.727 2 201.151 -88.4852
741 104.978 166.727 2 202.115 -88.8723
742 114.978 166.727 2 203.565 -90.2383
743 124.978 166.727 2 205.493 -88.4363
744 134.978 166.727 2 207.884 -93.0152
745 144.978 166.727 2 210.723 -87.8857
746 154.978 166.727 2 213.993 -86.9959
747 164.978 166.727 2 217.672 -86.6057
748 174.978 166.727 2 221.743 -107.698
749 184.978 166.727 2 226.182 -104.845
750 194.978 166.727 2 230.969 -103.253
751 204.978 166.727 2 236.083 -88.0521
752 214.978 166.727 2 241.503 -89.4737
753 224.978 166.727 2 247.209 -250
754 234.978 166.727 2 253.181 -112.419
755 244.978 166.727 2 259.402 -250
756 254.978 166.727 2 265.853 -250
757 264.978 166.727 2 272.518 -250
758 274.978 166.727 2 279.383 -94.0683
759 284.978 166.727 2 286.432 -101.931
760 294.978 166.727 2 293.652 -250
761 304.978 166.727 2 301.032 -250
762 314.978 166.727 2 308.559 -250
763 324.978 166.727 2 316.223 -250
764 334.978 166.727 2 324.015 -250
765 344.978 166.727 2 331.925 -250
766 354.978 166.727 2 339.945 -118.914
767 364.978 166.727 2 348.067 -108.283
768 374.978 166.727 2 356.286 -250
769 384.978 166.727 2 364.593 -120.421
770 394.978 166.727 2 372.983 -94.9192
771 404.978 166.727 2 381.451 -96.4088
772 414.978 166.727 2 389.991 -101.824
773 424.978 166.727 2 398.6 -106.774
774 434.978 166.727 2 407.272 -119.596
775 444.978 166.727 2 416.003 -250
776 454.978 166.727 2 424.791 -250
777 464.978 166.727 2 433.631 -250
778 474.978 166.727 2 442.52 -124.274
779 484.978 166.727 2 451.456 -123.061
780 84.9784 176.727 2 209.93 -87.3706
781 94.9784 176.727 2 210.378 -87.2962
782 104.978 176.727 2 211.299 -86.5387
783 114.978 176.727 2 212.687 -87.1398
784 124.978 176.727 2 214.533 -88.9066
785 134.978 176.727 2 216.825 -92.5406
786 144.978 176.727 2 219.548 -91.0981
787 154.978 176.727 2 222.688 -90.9396
788 164.978 176.727 2 226.226 -89.5887
789 174.978 176.727 2 230.145 -86.5344
790 184.978 176.727 2 234.425 -85.0112
791 194.978 176.727 2 239.048 -87.4631
792 204.978 176.727 2 243.992 -88.8206
793 214.978 176.727 2 249.24 -84.2609
794 224.978 176.727 2 254.773 -250
795 234.978 176.727 2 260.572 -111.531
796 244.978 176.727 2 266.62 -250
797 254.978 176.727 2 272.9 -250
798 264.978 176.727 2 279.398 -250
799 274.978 176.727 2 286.097 -118.3
800 284.978 176.727 2 292.985 -118.7
801 294.978 176.727 2 300.048 -250
802 304.978 176.727 2 307.274 -250
803 314.978 176.727 2 314.651 -250
804 324.978 176.727 2 322.171 -250
805 334.978 176.727 2 329.822 -250
806 344.978 176.727 2 337.596 -250
807 354.978 176.727 2 345.484 -103.766
808 364.978 176.727 2 353.48 -115.696
809 374.978 176.727 2 361.575 -250
810 384.978 176.727 2 369.763 -103.171
811 394.978 176.727 2 378.039 -101.764
812 404.978 176.727 2 386.396 -102.768
813 414.978 176.727 2 394.83 -100.905
814 424.978 176.727 2 403.335 -104.993
815 434.978 176.727 2 411.907 -110.361
816 444.978 176.727 2 420.542 -250
817 454.978 176.727 2 429.237 -250
818 464.978 176.727 2 437.987 -250
819 474.978 176.727 2 446.79 -131.455
820 484.978 176.727 2 455.642 -129.348
821 84.9784 186.727 2 219.243 -88.6662
822 94.9784 186.727 2 219.672 -89.7916
823 104.978 186.727 2 220.555 -90.39
824 114.978 186.727 2 221.885 -90.6467
825 124.978 186.727 2 223.655 -94.4192
826 134.978 186.727 2 225.854 -86.0458
827 144.978 186.727 2 228.47 -88.6186
828 154.978 186.727 2 231.488 -87.1033
829 164.978 186.727 2 234.894 -88.8972
830 174.978 186.727 2 238.671 -85.9071
831 184.978 186.727 2 242.801 -90.6073
832 194.978 186.727 2 247.267 -90.1059
833 204.978 186.727 2 252.05 -86.6811
834 214.978 186.727 2 257.134 -84.3638
835 224.978 186.727 2 262.5 -250
836 234.978 186.727 2 268.132 -120.161
837 244.978 186.727 2 274.013 -250
838 254.978 186.727 2 280.128 -250
839 264.978 186.727 2 286.461 -250
840 274.978 186.727 2 292.999 -99.593
841 284.978 186.727 2 299.728 -104.617
842 294.978 186.727 2 306.636 -108.39
843 304.978 186.727 2 313.71 -114.342
844 314.978 186.727 2 320.94 -98.6408
845 324.978 186.727 2 328.315 -103.426
846 334.978 186.727 2 335.827 -250
847 344.978 186.727 2 343.465 -250
848 354.978 186.727 2 351.221 -250
849 364.978 186.727 2 359.089 -250
850 374.978 186.727 2 367.061 -250
851 384.978 186.727 2 375.129 -122.198
852 394.978 186.727 2 383.289 -117.361
853 404.978 186.727 2 391.534 -109.359
854 414.978 186.727 2 399.859 -120.829
855 424.978 186.727 2 408.26 -100.365
856 434.978 186.727 2 416.731 -105.931
857 444.978 186.727 2 425.268 -250
858 454.978 186.727 2 433.868 -250
859 464.978 186.727 2 442.527 -171.94
860 474.978 186.727 2 451.241 -130.459
861 484.978 186.727 2 460.007 -121.969
862 84.9784 196.727 2 228.614 -88.2272
863 94.9784 196.727 2 229.026 -88.1369
864 104.978 196.727 2 229.873 -87.541
865 114.978 196.727 2 231.149 -87.0576
866 124.978 196.727 2 232.848 -90.2917
867 134.978 196.727 2 234.961 -87.9249
868 144.978 196.727 2 237.477 -89.4412
869 154.978 196.727 2 240.383 -89.4192
870 164.978 196.727 2 243.664 -88.357
871 174.978 196.727 2 247.307 -90.752
872 184.978 196.727 2 251.295 -88.6494
873 194.978 196.727 2 255.613 -87.7368
874 204.978 196.727 2 260.243 -87.8616
875 214.978 196.727 2 265.169 -85.4706
876 224.978 196.727 2 270.376 -250
877 234.978 196.727 2 275.847 -102.933
878 244.978 196.727 2 281.567 -106.411
879 254.978 196.727 2 287.522 -99.9777
880 264.978 196.727 2 293.696 -98.2372
881 274.978 196.727 2 300.076 -106.616
882 284.978 196.727 2 306.65 -99.3515
883 294.978 196.727 2 313.405 -102.243
884 304.978 196.727 2 320.33 -107.479
885 314.978 196.727 2 327.413 -102.093
886 324.978 196.727 2 334.646 -99.8281
887 334.978 196.727 2 342.018 -250
888 344.978 196.727 2 349.521 -250
889 354.978 196.727 2 357.146 -133.916
890 364.978 196.727 2 364.886 -121.887
891 374.978 196.727 2 372.734 -125.687
892 384.978 196.727 2 380.682 -112.102
893 394.978 196.727 2 388.725 -126.836
894 404.978 196.727 2 396.858 -106.653
895 414.978 196.727 2 405.073 -110.531
896 424.978 196.727 2 413.368 -250
897 434.978 196.727 2 421.736 -250
898 444.978 196.727 2 430.174 -250
899 454.978 196.727 2 438.678 -250
900 464.978 196.727 2 447.244 -250
901 474.978 196.727 2 455.868 -130.976
902 484.978 196.727 2 464.547 -122.013
903 84.9784 206.727 2 238.037 -89.1148
904 94.9784 206.727 2 238.432 -89.2017
905 104.978 206.727 2 239.246 -90.0352
906 114.978 206.727 2 240.472 -90.0645
907 124.978 206.727 2 242.106 -250
908 134.978 206.727 2 244.139 -98.3505
909 144.978 206.727 2 246.561 -89.8578
910 154.978 206.727 2 249.361 -93.5192
911 164.978 206.727 2 252.526 -90.5875
912 174.978 206.727 2 256.043 -86.8764
913 184.978 206.727 2 259.897 -87.0693
914 194.978 206.727 2 264.074 -90.1208
915 204.978 206.727 2 268.558 -87.481
916 214.978 206.727 2 273.335 -87.4703
917 224.978 206.727 2 278.389 -93.0052
918 234.978 206.727 2 283.705 -103.937
919 244.978 206.727 2 289.27 -109.921
920 254.978 206.727 2 295.069 -105.941
921 264.978 206.727 2 301.088 -98.9917
922 274.978 206.727 2 307.315 -97.2782
923 284.978 206.727 2 313.737 -105.065
924 294.978 206.727 2 320.343 -99.0994
925 304.978 206.727 2 327.121 -100.256
926 314.978 206.727 2 334.061 -105.003
927 324.978 206.727 2 341.153 -98.2051
928 334.978 206.727 2 348.387 -250
929 344.978 206.727 2 355.756 -250
930 354.978 206.727 2 363.25 -124.104
931 364.978 206.727 2 370.863 -109.15
932 374.978 206.727 2 378.586 -110.731
933 384.978 206.727 2 386.414 -118.39
934 394.978 206.727 2 394.341 -106.851
935 404.978 206.727 2 402.359 -112.217
936 414.978 206.727 2 410.465 -115.042
937 424.978 206.727 2 418.652 -250
938 434.978 206.727 2 426.917 -250
939 444.978 206.727 2 435.255 -250
940 454.978 206.727 2 443.661 -250
941 464.978 206.727 2 452.133 -250
942 474.978 206.727 2 460.665 -140.931
943 484.978 206.727 2 469.256 -117.544
944 84.9784 216.727 2 247.505 -89.6128
945 94.9784 216.727 2 247.885 -89.9118
946 104.978 216.727 2 248.667 -86.2284
947 114.978 216.727 2 249.848 -85.4103
948 124.978 216.727 2 251.421 -250
949 134.978 216.727 2 253.379 -108.276
950 144.978 216.727 2 255.714 -86.7938
951 154.978 216.727 2 258.414 -86.946
952 164.978 216.727 2 261.47 -90.0676
953 174.978 216.727 2 264.868 -91.8882
954 184.978 216.727 2 268.595 -88.3523
955 194.978 216.727 2 272.639 -89.7167
956 204.978 216.727 2 276.984 -90.0389
957 214.978 216.727 2 281.618 -90.1097
958 224.978 216.727 2 286.526 -88.2271
959 234.978 216.727 2 291.695 -97.5617
960 244.978 216.727 2 297.11 -95.0353
961 254.978 216.727 2 302.759 -109.24
962 264.978 216.727 2 308.628 -101.77
963 274.978 216.727 2 314.706 -94.5229
964 284.978 216.727 2 320.98 -93.2934
965 294.978 216.727 2 327.44 -250
966 304.978 216.727 2 334.074 -250
967 314.978 216.727 2 340.872 -250
968 324.978 216.727 2 347.825 -250
969 334.978 216.727 2 354.923 -250
970 344.978 216.727 2 362.159 -250
971 354.978 216.727 2 369.523 -112.588
972 364.978 216.727 2 377.009 -102.552
973 374.978 216.727 2 384.61 -102.237
974 384.978 216.727 2 392.317 -118.096
975 394.978 216.727 2 400.127 -118.067
976 404.978 216.727 2 408.032 -114.917
977 414.978 216.727 2 416.027 -121.767
978 424.978 216.727 2 424.107 -250
979 434.978 216.727 2 432.268 -250
980 444.978 216.727 2 440.504 -250
981 454.978 216.727 2 448.812 -250
982 464.978 216.727 2 457.188 -250
983 474.978 216.727 2 465.628 -118.74
984 484.978 216.727 2 474.128 -121.784
985 84.9784 226.727 2 257.013 -88.5337
986 94.9784 226.727 2 257.379 -88.1185
987 104.978 226.727 2 258.133 -250
988 114.978 226.727 2 259.27 -250
989 124.978 226.727 2 260.786 -250
990 134.978 226.727 2 262.675 -118.51
991 144.978 226.727 2 264.927 -88.2345
992 154.978 226.727 2 267.535 -94.6893
993 164.978 226.727 2 270.487 -90.5365
994 174.978 226.727 2 273.773 -89.9781
995 184.978 226.727 2 277.381 -89.3934
996 194.978 226.727 2 281.299 -88.6116
997 204.978 226.727 2 285.512 -92.8148
998 214.978 226.727 2 290.01 -90.8763
999 224.978 226.727 2 294.778 -90.41
1000 234.978 226.727 2 299.805 -101.427
1001 244.978 226.727 2 305.076 -95.9636
1002 254.978 226.727 2 310.58 -102.491
1003 264.978 226.727 2 316.304 -87.3181
1004 274.978 226.727 2 322.237 -93.5554
1005 284.978 226.727 2 328.367 -97.2404
1006 294.978 226.727 2 334.684 -250
1007 304.978 226.727 2 341.178 -250
1008 314.978 226.727 2 347.837 -250
1009 324.978 226.727 2 354.654 -250
1010 334.978 226.727 2 361.618 -250
1011 344.978 226.727 2 368.722 -250
1012 354.978 226.727 2 375.958 -101.248
1013 364.978 226.727 2 383.318 -109.813
1014 374.978 226.727 2 390.796 -104.31
1015 384.978 226.727 2 398.384 -102.521
1016 394.978 226.727 2 406.077 -118.243
1017 404.978 226.727 2 413.868 -123.973
1018 414.978 226.727 2 421.753 -134.305
1019 424.978 226.727 2 429.725 -250
1020 434.978 226.727 2 437.781 -250
1021 444.978 226.727 2 445.916 -250
1022 454.978 226.727 2 454.125 -250
1023 464.978 226.727 2 462.404 -250
1024 474.978 226.727 2 470.751 -116.072
1025 484.978 226.727 2 479.161 -114.543
1026 84.9784 236.727 2 266.557 -90.1644
1027 94.9784 236.727 2 266.91 -90.6841
1028 104.978 236.727 2 267.637 -105.975
1029 114.978 236.727 2 268.734 -114.08
1030 124.978 236.727 2 270.197 -250
1031 134.978 236.727 2 272.02 -118.618
1032 144.978 236.727 2 274.196 -87.134
1033 154.978 236.727 2 276.716 -93.9953
1034 164.978 236.727 2 279.572 -90.0047
1035 174.978 236.727 2 282.752 -90.8999
1036 184.978 236.727 2 286.247 -89.4723
1037 194.978 236.727 2 290.045 -91.6894
1038 204.978 236.727 2 294.133 -88.7309
1039 214.978 236.727 2 298.501 -91.8367
1040 224.978 236.727 2 303.136 -94.3608
1041 234.978 236.727 2 308.026 -93.2289
1042 244.978 236.727 2 313.159 -89.1191
1043 254.978 236.727 2 318.523 -88.8503
1044 264.978 236.727 2 324.107 -93.0319
1045 274.978 236.727 2 329.9 -91.9571
1046 284.978 236.727 2 335.89 -90.5439
1047 294.978 236.727 2 342.068 -250
1048 304.978 236.727 2 348.424 -250
1049 314.978 236.727 2 354.947 -250
1050 324.978 236.727 2 361.63 -250
1051 334.978 236.727 2 368.463 -250
1052 344.978 236.727 2 375.437 -250
1053 354.978 236.727 2 382.546 -113.814
1054 364.978 236.727 2 389.782 -103.518
1055 374.978 236.727 2 397.138 -104.8
1056 384.978 236.727 2 404.607 -103.087
1057 394.978 236.727 2 412.184 -109.545
1058 404.978 236.727 2 419.862 -113.94
1059 414.978 236.727 2 427.636 -250
1060 424.978 236.727 2 435.501 -250
1061 434.978 236.727 2 443.452 -250
1062 444.978 236.727 2 451.484 -250
1063 454.978 236.727 2 459.594 -250
1064 464.978 236.727 2 467.777 -250
1065 474.978 236.727 2 476.029 -133.289
1066 484.978 236.727 2 484.347 -109.144
1067 84.9784 246.727 2 276.133 -89.787
1068 94.9784 246.727 2 276.474 -90.0233
1069 104.978 246.727 2 277.176 -87.9528
1070 114.978 246.727 2 278.236 -101.735
1071 124.978 246.727 2 279.649 -92.6485
1072 134.978 246.727 2 281.411 -111.852
1073 144.978 246.727 2 283.515 -90.8502
1074 154.978 246.727 2 285.953 -92.417
1075 164.978 246.727 2 288.717 -86.8242
1076 174.978 246.727 2 291.798 -93.1889
1077 184.978 246.727 2 295.185 -90.7983
1078 194.978 246.727 2 298.869 -91.8322
1079 204.978 246.727 2 302.839 -92.9734
1080 214.978 246.727 2 307.083 -88.3075
1081 224.978 246.727 2 311.59 -88.5448
1082 234.978 246.727 2 316.349 -90.9533
1083 244.978 246.727 2 321.349 -89.2051
1084 254.978 246.727 2 326.579 -90.4741
1085 264.978 246.727 2 332.028 -87.6577
1086 274.978 246.727 2 337.684 -91.0438
1087 284.978 246.727 2 343.539 -86.2076
1088 294.978 246.727 2 349.582 -90.1001
1089 304.978 246.727 2 355.804 -110.132
1090 314.978 246.727 2 362.194 -102.862
1091 324.978 246.727 2 368.745 -102.386
1092 334.978 246.727 2 375.449 -114.023
1093 344.978 246.727 2 382.296 -118.31
1094 354.978 246.727 2 389.28 -111.999
1095 364.978 246.727 2 396.393 -119.446
1096 374.978 246.727 2 403.628 -124.574
1097 384.978 246.727 2 410.979 -107.152
1098 394.978 246.727 2 418.441 -105.038
1099 404.978 246.727 2 426.006 -111.067
1100 414.978 246.727 2 433.67 -121.674
1101 424.978 246.727 2 441.427 -124.153
1102 434.978 246.727 2 449.273 -132.652
1103 444.978 246.727 2 457.203 -115.689
1104 454.978 246.727 2 465.213 -117.609
1105 464.978 246.727 2 473.299 -117.276
1106 474.978 246.727 2 481.457 -110.777
1107 484.978 246.727 2 489.682 -112.165
1108 84.9784 256.727 2 285.739 -89.1826
1109 94.9784 256.727 2 286.068 -90.3184
1110 104.978 256.727 2 286.747 -91.413
1111 114.978 256.727 2 287.771 -103.665
1112 124.978 256.727 2 289.138 -98.1324
1113 134.978 256.727 2 290.842 -124.922
1114 144.978 256.727 2 292.878 -93.7538
1115 154.978 256.727 2 295.239 -90.3539
1116 164.978 256.727 2 297.917 -88.9605
1117 174.978 256.727 2 300.904 -91.5082
1118 184.978 256.727 2 304.19 -91.9523
1119 194.978 256.727 2 307.766 -87.925
1120 204.978 256.727 2 311.622 -95.1587
1121 214.978 256.727 2 315.748 -91.7065
1122 224.978 256.727 2 320.133 -92.8902
1123 234.978 256.727 2 324.767 -91.4738
1124 244.978 256.727 2 329.64 -88.075
1125 254.978 256.727 2 334.74 -98.2391
1126 264.978 256.727 2 340.058 -84.5053
1127 274.978 256.727 2 345.583 -93.8904
1128 284.978 256.727 2 351.306 -91.5829
1129 294.978 256.727 2 357.218 -90.0925
1130 304.978 256.727 2 363.309 -94.3295
1131 314.978 256.727 2 369.57 -100.795
1132 324.978 256.727 2 375.992 -101.393
1133 334.978 256.727 2 382.569 -102.551
1134 344.978 256.727 2 389.291 -120.411
1135 354.978 256.727 2 396.151 -111.708
1136 364.978 256.727 2 403.143 -118.423
1137 374.978 256.727 2 410.259 -128.918
1138 384.978 256.727 2 417.494 -121.686
1139 394.978 256.727 2 424.841 -120.21
1140 404.978 256.727 2 432.294 -113.632
1141 414.978 256.727 2 439.848 -112.036
1142 424.978 256.727 2 447.499 -128.049
1143 434.978 256.727 2 455.24 -121.401
1144 444.978 256.727 2 463.068 -126.861
1145 454.978 256.727 2 470.978 -113.502
1146 464.978 256.727 2 478.967 -110.509
1147 474.978 256.727 2 487.029 -112.038
1148 484.978 256.727 2 495.162 -116.76
1149 84.9784 266.727 2 295.37 -90.5465
1150 94.9784 266.727 2 295.689 -90.5842
1151 104.978 266.727 2 296.345 -90.653
1152 114.978 266.727 2 297.337 -98.831
1153 124.978 266.727 2 298.66 -111.719
1154 134.978 266.727 2 300.31 -250
1155 144.978 266.727 2 302.282 -250
1156 154.978 266.727 2 304.57 -250
1157 164.978 266.727 2 307.167 -250
1158 174.978 266.727 2 310.064 -101.864
1159 184.978 266.727 2 313.255 -91.3393
1160 194.978 266.727 2 316.728 -88.2065
1161 204.978 266.727 2 320.477 -88.0573
1162 214.978 266.727 2 324.49 -89.8188
1163 224.978 266.727 2 328.759 -89.4337
1164 234.978 266.727 2 333.273 -92.4463
1165 244.978 266.727 2 338.023 -250
1166 254.978 266.727 2 342.998 -250
1167 264.978 266.727 2 348.19 -250
1168 274.978 266.727 2 353.588 -95.2859
1169 284.978 266.727 2 359.184 -93.9304
1170 294.978 266.727 2 364.968 -250
1171 304.978 266.727 2 370.932 -250
1172 314.978 266.727 2 377.066 -250
1173 324.978 266.727 2 383.363 -250
1174 334.978 266.727 2 389.815 -250
1175 344.978 266.727 2 396.414 -250
1176 354.978 266.727 2 403.153 -250
1177 364.978 266.727 2 410.026 -250
1178 374.978 266.727 2 417.025 -250
1179 384.978 266.727 2 424.144 -250
1180 394.978 266.727 2 431.378 -250
1181 404.978 266.727 2 438.72 -250
1182 414.978 266.727 2 446.165 -250
1183 424.978 266.727 2 453.709 -250
1184 434.978 266.727 2 461.346 -250
1185 444.978 266.727 2 469.072 -250
1186 454.978 266.727 2 476.883 -250
1187 464.978 266.727 2 484.774 -250
1188 474.978 266.727 2 492.742 -125.796
1189 484.978 266.727 2 500.782 -107.42
1190 84.9784 276.727 2 305.026 -91.0364
1191 94.9784 276.727 2 305.334 -91.4003
1192 104.978 276.727 2 305.97 -89.8609
1193 114.978 276.727 2 306.93 -102.965
1194 124.978 276.727 2 308.212 -105.928
1195 134.978 276.727 2 309.811 -250
1196 144.978 276.727 2 311.723 -250
1197 154.978 276.727 2 313.943 -250
1198 164.978 276.727 2 316.462 -250
1199 174.978 276.727 2 319.276 -111.92
1200 184.978 276.727 2 322.375 -87.2477
1201 194.978 276.727 2 325.751 -88.5826
1202 204.978 276.727 2 329.397 -90.7158
1203 214.978 276.727 2 333.303 -89.989
1204 224.978 276.727 2 337.46 -91.0938
1205 234.978 276.727 2 341.859 -93.6655
1206 244.978 276.727 2 346.491 -250
1207 254.978 276.727 2 351.347 -250
1208 264.978 276.727 2 356.417 -250
1209 274.978 276.727 2 361.693 -105.188
1210 284.978 276.727 2 367.165 -101.094
1211 294.978 276.727 2 372.825 -250
1212 304.978 276.727 2 378.665 -250
1213 314.978 276.727 2 384.676 -250
1214 324.978 276.727 2 390.851 -250
1215 334.978 276.727 2 397.181 -250
1216 344.978 276.727 2 403.66 -250
1217 354.978 276.727 2 410.28 -250
1218 364.978 276.727 2 417.035 -250
1219 374.978 276.727 2 423.918 -250
1220 384.978 276.727 2 430.924 -250
1221 394.978 276.727 2 438.045 -250
1222 404.978 276.727 2 445.278 -250
1223 414.978 276.727 2 452.615 -250
1224 424.978 276.727 2 460.053 -250
1225 434.978 276.727 2 467.587 -250
1226 444.978 276.727 2 475.212 -250
1227 454.978 276.727 2 482.923 -250
1228 464.978 276.727 2 490.717 -250
1229 474.978 276.727 2 498.589 -111.514
1230 484.978 276.727 2 506.537 -112.244
1231 84.9784 286.727 2 314.702 -90.6718
1232 94.9784 286.727 2 315.002 -89.7894
1233 104.978 286.727 2 315.618 -90.3728
1234 114.978 286.727 2 316.549 -103.916
1235 124.978 286.727 2 317.792 -91.5451
1236 134.978 286.727 2 319.343 -250
1237 144.978 286.727 2 321.199 -250
1238 154.978 286.727 2 323.353 -250
1239 164.978 286.727 2 325.8 -250
1240 174.978 286.727 2 328.533 -113.975
1241 184.978 286.727 2 331.546 -91.949
1242 194.978 286.727 2 334.83 -92.093
1243 204.978 286.727 2 338.378 -90.1734
1244 214.978 286.727 2 342.181 -90.9748
1245 224.978 286.727 2 346.232 -87.8277
1246 234.978 286.727 2 350.521 -90.3653
1247 244.978 286.727 2 355.04 -250
1248 254.978 286.727 2 359.78 -250
1249 264.978 286.727 2 364.733 -250
1250 274.978 286.727 2 369.89 -103.21
1251 284.978 286.727 2 375.243 -95.0771
1252 294.978 286.727 2 380.783 -250
1253 304.978 286.727 2 386.503 -250
1254 314.978 286.727 2 392.394 -250
1255 324.978 286.727 2 398.449 -250
1256 334.978 286.727 2 404.66 -250
1257 344.978 286.727 2 411.021 -250
1258 354.978 286.727 2 417.524 -250
1259 364.978 286.727 2 424.164 -250
1260 374.978 286.727 2 430.933 -250
1261 384.978 286.727 2 437.827 -250
1262 394.978 286.727 2 444.838 -250
1263 404.978 286.727 2 451.961 -250
1264 414.978 286.727 2 459.192 -250
1265 424.978 286.727 2 466.526 -250
1266 434.978 286.727 2 473.956 -250
1267 444.978 286.727 2 481.48 -250
1268 454.978 286.727 2 489.093 -250
1269 464.978 286.727 2 496.79 -250
1270 474.978 286.727 2 504.568 -116.706
1271 484.978 286.727 2 512.423 -118.552
1272 84.9784 296.727 2 324.399 -90.8563
1273 94.9784 296.727 2 324.689 -90.7199
1274 104.978 296.727 2 325.287 -94.2409
1275 114.978 296.727 2 326.19 -89.6166
1276 124.978 296.727 2 327.397 -87.304
1277 134.978 296.727 2 328.903 -250
1278 144.978 296.727 2 330.705 -250
1279 154.978 296.727 2 332.797 -250
1280 164.978 296.727 2 335.175 -250
1281 174.978 296.727 2 337.833 -111.115
1282 184.978 296.727 2 340.763 -106.681
1283 194.978 296.727 2 343.959 -91.3944
1284 204.978 296.727 2 347.414 -91.3174
1285 214.978 296.727 2 351.12 -90.1843
1286 224.978 296.727 2 355.068 -88.5415
1287 234.978 296.727 2 359.252 -90.2895
1288 244.978 296.727 2 363.662 -250
1289 254.978 296.727 2 368.292 -250
1290 264.978 296.727 2 373.132 -250
1291 274.978 296.727 2 378.174 -103.821
1292 284.978 296.727 2 383.411 -95.5026
1293 294.978 296.727 2 388.835 -250
1294 304.978 296.727 2 394.438 -250
1295 314.978 296.727 2 400.212 -250
1296 324.978 296.727 2 406.151 -125.084
1297 334.978 296.727 2 412.246 -133.094
1298 344.978 296.727 2 418.492 -144.209
1299 354.978 296.727 2 424.881 -134.283
1300 364.978 296.727 2 431.407 -111.015
1301 374.978 296.727 2 438.065 -132.164
1302 384.978 296.727 2 444.847 -130.372
1303 394.978 296.727 2 451.75 -133.141
1304 404.978 296.727 2 458.766 -141.698
1305 414.978 296.727 2 465.891 -131.587
1306 424.978 296.727 2 473.121 -142.081
1307 434.978 296.727 2 480.449 -250
1308 444.978 296.727 2 487.873 -250
1309 454.978 296.727 2 495.387 -250
1310 464.978 296.727 2 502.988 -250
1311 474.978 296.727 2 510.672 -112.406
1312 484.978 296.727 2 518.434 -119.299
1313 84.9784 306.727 2 334.113 -90.8643
1314 94.9784 306.727 2 334.395 -90.8051
1315 104.978 306.727 2 334.976 -91.1076
1316 114.978 306.727 2 335.853 -91.7849
1317 124.978 306.727 2 337.025 -84.3131
1318 134.978 306.727 2 338.488 -250
1319 144.978 306.727 2 340.239 -250
1320 154.978 306.727 2 342.273 -250
1321 164.978 306.727 2 344.586 -250
1322 174.978 306.727 2 347.171 -123.966
1323 184.978 306.727 2 350.024 -103.394
1324 194.978 306.727 2 353.136 -91.9505
1325 204.978 306.727 2 356.502 -93.8115
1326 214.978 306.727 2 360.114 -109.707
1327 224.978 306.727 2 363.965 -98.2249
1328 234.978 306.727 2 368.047 -90.5151
1329 244.978 306.727 2 372.354 -250
1330 254.978 306.727 2 376.876 -250
1331 264.978 306.727 2 381.608 -250
1332 274.978 306.727 2 386.54 -93.5755
1333 284.978 306.727 2 391.665 -111.321
1334 294.978 306.727 2 396.976 -250
1335 304.978 306.727 2 402.465 -250
1336 314.978 306.727 2 408.126 -250
1337 324.978 306.727 2 413.951 -127.412
1338 334.978 306.727 2 419.933 -250
1339 344.978 306.727 2 426.066 -250
1340 354.978 306.727 2 432.343 -250
1341 364.978 306.727 2 438.759 -112.017
1342 374.978 306.727 2 445.306 -250
1343 384.978 306.727 2 451.98 -250
1344 394.978 306.727 2 458.775 -250
1345 404.978 306.727 2 465.686 -250
1346 414.978 306.727 2 472.707 -250
1347 424.978 306.727 2 479.833 -250
1348 434.978 306.727 2 487.061 -250
1349 444.978 306.727 2 494.386 -250
1350 454.978 306.727 2 501.802 -250
1351 464.978 306.727 2 509.307 -250
1352 474.978 306.727 2 516.897 -119.884
1353 484.978 306.727 2 524.567 -116.811
1354 84.9784 316.727 2 343.844 -90.9377
1355 94.9784 316.727 2 344.118 -91.3045
1356 104.978 316.727 2 344.682 -89.4607
1357 114.978 316.727 2 345.535 -93.8568
1358 124.978 316.727 2 346.674 -88.6107
1359 134.978 316.727 2 348.096 -250
1360 144.978 316.727 2 349.799 -250
1361 154.978 316.727 2 351.778 -250
1362 164.978 316.727 2 354.029 -250
1363 174.978 316.727 2 356.546 -113.114
1364 184.978 316.727 2 359.324 -106.794
1365 194.978 316.727 2 362.356 -92.5222
1366 204.978 316.727 2 365.637 -95.0831
1367 214.978 316.727 2 369.16 -90.3994
1368 224.978 316.727 2 372.918 -86.9613
1369 234.978 316.727 2 376.903 -88.3832
1370 244.978 316.727 2 381.109 -250
1371 254.978 316.727 2 385.529 -250
1372 264.978 316.727 2 390.156 -250
1373 274.978 316.727 2 394.981 -100.025
1374 284.978 316.727 2 399.998 -105.133
1375 294.978 316.727 2 405.2 -250
1376 304.978 316.727 2 410.579 -250
1377 314.978 316.727 2 416.13 -250
1378 324.978 316.727 2 421.844 -118.106
1379 334.978 316.727 2 427.716 -250
1380 344.978 316.727 2 433.739 -250
1381 354.978 316.727 2 439.907 -250
1382 364.978 316.727 2 446.213 -113.58
1383 374.978 316.727 2 452.653 -250
1384 384.978 316.727 2 459.22 -250
1385 394.978 316.727 2 465.91 -250
1386 404.978 316.727 2 472.716 -250
1387 414.978 316.727 2 479.634 -250
1388 424.978 316.727 2 486.659 -250
1389 434.978 316.727 2 493.787 -250
1390 444.978 316.727 2 501.013 -250
1391 454.978 316.727 2 508.333 -250
1392 464.978 316.727 2 515.743 -250
1393 474.978 316.727 2 523.239 -116.206
1394 484.978 316.727 2 530.818 -122.842
1395 84.9784 326.727 2 353.59 -91.5477
1396 94.9784 326.727 2 353.856 -91.6421
1397 104.978 326.727 2 354.405 -95.1725
1398 114.978 326.727 2 355.234 -88.7903
1399 124.978 326.727 2 356.342 -111.3
1400 134.978 326.727 2 357.726 -108.856
1401 144.978 326.727 2 359.384 -120.633
1402 154.978 326.727 2 361.31 -110.543
1403 164.978 326.727 2 363.502 -132.281
1404 174.978 326.727 2 365.954 -114.979
1405 184.978 326.727 2 368.66 -108.768
1406 194.978 326.727 2 371.617 -91.0125
1407 204.978 326.727 2 374.817 -91.5944
1408 214.978 326.727 2 378.254 -92.4236
1409 224.978 326.727 2 381.922 -95.3636
1410 234.978 326.727 2 385.815 -90.9589
1411 244.978 326.727 2 389.925 -101.303
1412 254.978 326.727 2 394.246 -99.5668
1413 264.978 326.727 2 398.771 -118.808
1414 274.978 326.727 2 403.493 -110.769
1415 284.978 326.727 2 408.406 -103.982
1416 294.978 326.727 2 413.502 -103.297
1417 304.978 326.727 2 418.775 -99.2011
1418 314.978 326.727 2 424.218 -105.758
1419 324.978 326.727 2 429.825 -121.423
1420 334.978 326.727 2 435.589 -124.534
1421 344.978 326.727 2 441.505 -116.171
1422 354.978 326.727 2 447.565 -99.0032
1423 364.978 326.727 2 453.766 -101.567
1424 374.978 326.727 2 460.1 -100.969
1425 384.978 326.727 2 466.562 -102.953
1426 394.978 326.727 2 473.148 -118.31
1427 404.978 326.727 2 479.851 -122.713
1428 414.978 326.727 2 486.668 -109.17
1429 424.978 326.727 2 493.593 -117.217
1430 434.978 326.727 2 500.622 -114.508
1431 444.978 326.727 2 507.751 -122.754
1432 454.978 326.727 2 514.975 -126.546
1433 464.978 326.727 2 522.291 -106.517
1434 474.978 326.727 2 529.695 -117.779
1435 484.978 326.727 2 537.182 -117.568
1436 84.9784 336.727 2 363.349 -92.656
1437 94.9784 336.727 2 363.609 -92.134
1438 104.978 336.727 2 364.142 -90.323
1439 114.978 336.727 2 364.95 -92.1814
1440 124.978 336.727 2 366.028 -92.3093
1441 134.978 336.727 2 367.376 -114.509
1442 144.978 336.727 2 368.99 -114.021
1443 154.978 336.727 2 370.867 -111.297
1444 164.978 336.727 2 373.002 -111.988
1445 174.978 336.727 2 375.392 -113.386
1446 184.978 336.727 2 378.031 -113.832
1447 194.978 336.727 2 380.915 -93.6091
1448 204.978 336.727 2 384.037 -90.234
1449 214.978 336.727 2 387.393 -106.264
1450 224.978 336.727 2 390.975 -89.8364
1451 234.978 336.727 2 394.778 -89.6769
1452 244.978 336.727 2 398.796 -92.5082
1453 254.978 336.727 2 403.022 -105.751
1454 264.978 336.727 2 407.45 -97.6956
1455 274.978 336.727 2 412.073 -104.338
1456 284.978 336.727 2 416.884 -108.674
1457 294.978 336.727 2 421.878 -101.97
1458 304.978 336.727 2 427.047 -100.495
1459 314.978 336.727 2 432.386 -107.48
1460 324.978 336.727 2 437.888 -111.561
1461 334.978 336.727 2 443.548 -124.11
1462 344.978 336.727 2 449.359 -107.841
1463 354.978 336.727 2 455.315 -98.3535
1464 364.978 336.727 2 461.411 -106.386
1465 374.978 336.727 2 467.642 -110.781
1466 384.978 336.727 2 474.001 -100.32
1467 394.978 336.727 2 480.485 -113.01
1468 404.978 336.727 2 487.087 -110.885
1469 414.978 336.727 2 493.804 -120.885
1470 424.978 336.727 2 500.631 -113.588
1471 434.978 336.727 2 507.562 -110.658
1472 444.978 336.727 2 514.595 -113.198
1473 454.978 336.727 2 521.725 -115.02
1474 464.978 336.727 2 528.947 -111.276
1475 474.978 336.727 2 536.259 -116.791
1476 484.978 336.727 2 543.656 -125.287
1477 84.9784 346.727 2 373.122 -92.4802
1478 94.9784 346.727 2 373.374 -92.3394
1479 104.978 346.727 2 373.894 -91.0422
1480 114.978 346.727 2 374.68 -250
1481 124.978 346.727 2 375.731 -250
1482 134.978 346.727 2 377.044 -250
1483 144.978 346.727 2 378.617 -250
1484 154.978 346.727 2 380.446 -250
1485 164.978 346.727 2 382.528 -250
1486 174.978 346.727 2 384.859 -250
1487 184.978 346.727 2 387.433 -113.667
1488 194.978 346.727 2 390.247 -94.8506
1489 204.978 346.727 2 393.296 -91.1179
1490 214.978 346.727 2 396.573 -87.8489
1491 224.978 346.727 2 400.073 -88.5968
1492 234.978 346.727 2 403.791 -91.2069
1493 244.978 346.727 2 407.72 -250
1494 254.978 346.727 2 411.854 -250
1495 264.978 346.727 2 416.188 -250
1496 274.978 346.727 2 420.715 -105.246
1497 284.978 346.727 2 425.429 -113.084
1498 294.978 346.727 2 430.323 -93.9238
1499 304.978 346.727 2 435.392 -97.6467
1500 314.978 346.727 2 440.63 -107.318
1501 324.978 346.727 2 446.031 -110.608
1502 334.978 346.727 2 451.588 -115.857
1503 344.978 346.727 2 457.297 -100.953
1504 354.978 346.727 2 463.151 -98.6925
1505 364.978 346.727 2 469.145 -108.714
1506 374.978 346.727 2 475.274 -98.2461
1507 384.978 346.727 2 481.533 -250
1508 394.978 346.727 2 487.917 -250
1509 404.978 346.727 2 494.42 -250
1510 414.978 346.727 2 501.039 -250
1511 424.978 346.727 2 507.768 -250
1512 434.978 346.727 2 514.603 -250
1513 444.978 346.727 2 521.541 -114.455
1514 454.978 346.727 2 528.577 -250
1515 464.978 346.727 2 535.707 -250
1516 474.978 346.727 2 542.928 -121.914
1517 484.978 346.727 2 550.235 -110.278
1518 84.9784 356.727 2 382.906 -91.8572
1519 94.9784 356.727 2 383.152 -92.4127
1520 104.978 356.727 2 383.658 -250
1521 114.978 356.727 2 384.425 -250
1522 124.978 356.727 2 385.449 -250
1523 134.978 356.727 2 386.729 -250
1524 144.978 356.727 2 388.262 -250
1525 154.978 356.727 2 390.046 -250
1526 164.978 356.727 2 392.077 -250
1527 174.978 356.727 2 394.352 -250
1528 184.978 356.727 2 396.865 -108.469
1529 194.978 356.727 2 399.612 -93.0196
1530 204.978 356.727 2 402.59 -89.3434
1531 214.978 356.727 2 405.792 -89.9239
1532 224.978 356.727 2 409.213 -97.257
1533 234.978 356.727 2 412.849 -96.4113
1534 244.978 356.727 2 416.692 -250
1535 254.978 356.727 2 420.739 -250
1536 264.978 356.727 2 424.982 -250
1537 274.978 356.727 2 429.416 -109.581
1538 284.978 356.727 2 434.035 -110.302
1539 294.978 356.727 2 438.834 -101.788
1540 304.978 356.727 2 443.806 -101.74
1541 314.978 356.727 2 448.945 -123.797
1542 324.978 356.727 2 454.247 -103.541
1543 334.978 356.727 2 459.705 -101.665
1544 344.978 356.727 2 465.314 -100.221
1545 354.978 356.727 2 471.069 -95.944
1546 364.978 356.727 2 476.964 -102.941
1547 374.978 356.727 2 482.994 -99.725
1548 384.978 356.727 2 489.154 -98.9216
1549 394.978 356.727 2 495.439 -250
1550 404.978 356.727 2 501.845 -250
1551 414.978 356.727 2 508.367 -250
1552 424.978 356.727 2 515 -250
1553 434.978 356.727 2 521.741 -250
1554 444.978 356.727 2 528.585 -114.967
1555 454.978 356.727 2 535.528 -250
1556 464.978 356.727 2 542.567 -250
1557 474.978 356.727 2 549.698 -110.688
1558 484.978 356.727 2 556.917 -117.659
1559 84.9784 366.727 2 392.701 -91.3019
1560 94.9784 366.727 2 392.941 -91.8479
1561 104.978 366.727 2 393.435 -250
1562 114.978 366.727 2 394.182 -250
1563 124.978 366.727 2 395.181 -250
1564 134.978 366.727 2 396.429 -250
1565 144.978 366.727 2 397.925 -250
1566 154.978 366.727 2 399.666 -250
1567 164.978 366.727 2 401.649 -250
1568 174.978 366.727 2 403.869 -250
1569 184.978 366.727 2 406.323 -96.9289
1570 194.978 366.727 2 409.007 -250
1571 204.978 366.727 2 411.917 -250
1572 214.978 366.727 2 415.047 -250
1573 224.978 366.727 2 418.393 -250
1574 234.978 366.727 2 421.949 -250
1575 244.978 366.727 2 425.711 -250
1576 254.978 366.727 2 429.672 -250
1577 264.978 366.727 2 433.828 -250
1578 274.978 366.727 2 438.172 -114.993
1579 284.978 366.727 2 442.7 -101.868
1580 294.978 366.727 2 447.406 -104.21
1581 304.978 366.727 2 452.284 -102.961
1582 314.978 366.727 2 457.328 -99.022
1583 324.978 366.727 2 462.534 -102.392
1584 334.978 366.727 2 467.895 -101.264
1585 344.978 366.727 2 473.407 -104.358
1586 354.978 366.727 2 479.065 -109.374
1587 364.978 366.727 2 484.862 -92.87
1588 374.978 366.727 2 490.795 -103.614
1589 384.978 366.727 2 496.858 -93.2863
1590 394.978 366.727 2 503.047 -250
1591 404.978 366.727 2 509.358 -250
1592 414.978 366.727 2 515.785 -250
1593 424.978 366.727 2 522.324 -250
1594 434.978 366.727 2 528.971 -250
1595 444.978 366.727 2 535.723 -126.565
1596 454.978 366.727 2 542.575 -250
1597 464.978 366.727 2 549.524 -250
1598 474.978 366.727 2 556.565 -109.707
1599 484.978 366.727 2 563.696 -117.789
1600 84.9784 376.727 2 402.506 -91.916
1601 94.9784 376.727 2 402.74 -93.0544
1602 104.978 376.727 2 403.222 -250
1603 114.978 376.727 2 403.951 -250
1604 124.978 376.727 2 404.926 -250
1605 134.978 376.727 2 406.144 -250
1606 144.978 376.727 2 407.605 -250
1607 154.978 376.727 2 409.305 -250
1608 164.978 376.727 2 411.24 -250
1609 174.978 376.727 2 413.409 -250
1610 184.978 376.727 2 415.807 -129.231
1611 194.978 376.727 2 418.431 -250
1612 204.978 376.727 2 421.275 -250
1613 214.978 376.727 2 424.336 -250
1614 224.978 376.727 2 427.609 -250
1615 234.978 376.727 2 431.089 -250
1616 244.978 376.727 2 434.772 -250
1617 254.978 376.727 2 438.651 -250
1618 264.978 376.727 2 442.723 -250
1619 274.978 376.727 2 446.981 -129.103
1620 284.978 376.727 2 451.421 -105.064
1621 294.978 376.727 2 456.036 -103.866
1622 304.978 376.727 2 460.823 -101.693
1623 314.978 376.727 2 465.775 -100.202
1624 324.978 376.727 2 470.887 -96.9755
1625 334.978 376.727 2 476.154 -97.9287
1626 344.978 376.727 2 481.572 -93.1834
1627 354.978 376.727 2 487.134 -93.0151
1628 364.978 376.727 2 492.837 -93.5747
1629 374.978 376.727 2 498.675 -93.3264
1630 384.978 376.727 2 504.644 -250
1631 394.978 376.727 2 510.738 -250
1632 404.978 376.727 2 516.955 -250
1633 414.978 376.727 2 523.288 -250
1634 424.978 376.727 2 529.735 -250
1635 434.978 376.727 2 536.291 -250
1636 444.978 376.727 2 542.951 -250
1637 454.978 376.727 2 549.713 -250
1638 464.978 376.727 2 556.573 -250
1639 474.978 376.727 2 563.526 -108.846
1640 484.978 376.727 2 570.57 -109.294
1641 84.9784 386.727 2 412.32 -93.003
1642 94.9784 386.727 2 412.549 -91.6366
1643 104.978 386.727 2 413.019 -114.439
1644 114.978 386.727 2 413.731 -250
1645 124.978 386.727 2 414.683 -250
1646 134.978 386.727 2 415.873 -250
1647 144.978 386.727 2 417.299 -250
1648 154.978 386.727 2 418.96 -250
1649 164.978 386.727 2 420.851 -250
1650 174.978 386.727 2 422.971 -250
1651 184.978 386.727 2 425.315 -111.562
1652 194.978 386.727 2 427.88 -250
1653 204.978 386.727 2 430.662 -250
1654 214.978 386.727 2 433.657 -250
1655 224.978 386.727 2 436.86 -250
1656 234.978 386.727 2 440.267 -250
1657 244.978 386.727 2 443.873 -250
1658 254.978 386.727 2 447.674 -250
1659 264.978 386.727 2 451.664 -250
1660 274.978 386.727 2 455.839 -110.453
1661 284.978 386.727 2 460.193 -117.506
1662 294.978 386.727 2 464.721 -110.303
1663 304.978 386.727 2 469.419 -95.7594
1664 314.978 386.727 2 474.281 -95.1676
1665 324.978 386.727 2 479.303 -91.7529
1666 334.978 386.727 2 484.479 -91.9179
1667 344.978 386.727 2 489.804 -93.7345
1668 354.978 386.727 2 495.275 -107.835
1669 364.978 386.727 2 500.885 -90.1359
1670 374.978 386.727 2 506.63 -96.1233
1671 384.978 386.727 2 512.506 -250
1672 394.978 386.727 2 518.508 -250
1673 404.978 386.727 2 524.633 -250
1674 414.978 386.727 2 530.875 -250
1675 424.978 386.727 2 537.23 -250
1676 434.978 386.727 2 543.695 -250
1677 444.978 386.727 2 550.266 -250
1678 454.978 386.727 2 556.94 -250
1679 464.978 386.727 2 563.711 -250
1680 474.978 386.727 2 570.577 -115.986
1681 484.978 386.727 2 577.535 -106.296
1682 84.9784 396.727 2 422.143 -94.2043
1683 94.9784 396.727 2 422.366 -94.2685
1684 104.978 396.727 2 422.826 -110.032
1685 114.978 396.727 2 423.521 -121.103
1686 124.978 396.727 2 424.451 -131.373
1687 134.978 396.727 2 425.614 -134.306
1688 144.978 396.727 2 427.008 -119.427
1689 154.978 396.727 2 428.631 -109.059
1690 164.978 396.727 2 430.48 -114.828
1691 174.978 396.727 2 432.552 -121.981
1692 184.978 396.727 2 434.844 -127.06
1693 194.978 396.727 2 437.354 -115.471
1694 204.978 396.727 2 440.076 -136.83
1695 214.978 396.727 2 443.007 -115.229
1696 224.978 396.727 2 446.143 -102.44
1697 234.978 396.727 2 449.48 -93.9029
1698 244.978 396.727 2 453.013 -250
1699 254.978 396.727 2 456.737 -250
1700 264.978 396.727 2 460.649 -250
1701 274.978 396.727 2 464.743 -112.911
1702 284.978 396.727 2 469.014 -115.159
1703 294.978 396.727 2 473.459 -114.565
1704 304.978 396.727 2 478.071 -96.7479
1705 314.978 396.727 2 482.846 -92.9278
1706 324.978 396.727 2 487.779 -98.2262
1707 334.978 396.727 2 492.866 -92.1327
1708 344.978 396.727 2 498.102 -97.911
1709 354.978 396.727 2 503.482 -90.7815
1710 364.978 396.727 2 509.001 -94.1984
1711 374.978 396.727 2 514.656 -101.926
1712 384.978 396.727 2 520.441 -250
1713 394.978 396.727 2 526.353 -250
1714 404.978 396.727 2 532.387 -250
1715 414.978 396.727 2 538.539 -250
1716 424.978 396.727 2 544.806 -250
1717 434.978 396.727 2 551.182 -250
1718 444.978 396.727 2 557.665 -250
1719 454.978 396.727 2 564.251 -250
1720 464.978 396.727 2 570.935 -250
1721 474.978 396.727 2 577.716 -105.709
1722 484.978 396.727 2 584.589 -107.876
1723 84.9784 406.727 2 431.974 -93.9283
1724 94.9784 406.727 2 432.193 -93.6935
1725 104.978 406.727 2 432.642 -111.914
1726 114.978 406.727 2 433.321 -118.646
1727 124.978 406.727 2 434.23 -135.129
1728 134.978 406.727 2 435.367 -131.305
1729 144.978 406.727 2 436.73 -122.714
1730 154.978 406.727 2 438.316 -108.32
1731 164.978 406.727 2 440.125 -110.916
1732 174.978 406.727 2 442.152 -95.8775
1733 184.978 406.727 2 444.395 -116.509
1734 194.978 406.727 2 446.85 -122.877
1735 204.978 406.727 2 449.515 -116.161
1736 214.978 406.727 2 452.385 -104.655
1737 224.978 406.727 2 455.457 -108.726
1738 234.978 406.727 2 458.726 -105.694
1739 244.978 406.727 2 462.188 -97.7201
1740 254.978 406.727 2 465.839 -124.731
1741 264.978 406.727 2 469.675 -103.201
1742 274.978 406.727 2 473.691 -107.155
1743 284.978 406.727 2 477.882 -107.028
1744 294.978 406.727 2 482.245 -104.631
1745 304.978 406.727 2 486.774 -95.1753
1746 314.978 406.727 2 491.464 -90.7557
1747 324.978 406.727 2 496.312 -94.0873
1748 334.978 406.727 2 501.312 -95.7798
1749 344.978 406.727 2 506.461 -95.0004
1750 354.978 406.727 2 511.753 -90.6168
1751 364.978 406.727 2 517.184 -96.533
1752 374.978 406.727 2 522.75 -94.842
1753 384.978 406.727 2 528.447 -99.6016
1754 394.978 406.727 2 534.27 -97.9349
1755 404.978 406.727 2 540.216 -106.819
1756 414.978 406.727 2 546.28 -109.187
1757 424.978 406.727 2 552.458 -109.332
1758 434.978 406.727 2 558.747 -115.45
1759 444.978 406.727 2 565.144 -107.552
1760 454.978 406.727 2 571.643 -118.78
1761 464.978 406.727 2 578.242 -100.924
1762 474.978 406.727 2 584.938 -102.578
1763 484.978 406.727 2 591.727 -104.347
1764 84.9784 416.727 2 441.813 -93.3516
1765 94.9784 416.727 2 442.026 -95.1407
1766 104.978 416.727 2 442.466 -106.766
1767 114.978 416.727 2 443.13 -250
1768 124.978 416.727 2 444.019 -250
1769 134.978 416.727 2 445.131 -250
1770 144.978 416.727 2 446.464 -250
1771 154.978 416.727 2 448.016 -104.134
1772 164.978 416.727 2 449.785 -118.005
1773 174.978 416.727 2 451.769 -100.638
1774 184.978 416.727 2 453.964 -133.519
1775 194.978 416.727 2 456.368 -141.71
1776 204.978 416.727 2 458.978 -120.014
1777 214.978 416.727 2 461.789 -109.173
1778 224.978 416.727 2 464.799 -111.624
1779 234.978 416.727 2 468.002 -100.492
1780 244.978 416.727 2 471.396 -118.362
1781 254.978 416.727 2 474.977 -106.019
1782 264.978 416.727 2 478.74 -106.268
1783 274.978 416.727 2 482.68 -110.1
1784 284.978 416.727 2 486.794 -114.212
1785 294.978 416.727 2 491.077 -108.217
1786 304.978 416.727 2 495.525 -101.913
1787 314.978 416.727 2 500.134 -95.1899
1788 324.978 416.727 2 504.898 -94.0377
1789 334.978 416.727 2 509.815 -100.215
1790 344.978 416.727 2 514.878 -97.3771
1791 354.978 416.727 2 520.085 -92.2513
1792 364.978 416.727 2 525.43 -91.8687
1793 374.978 416.727 2 530.909 -91.6668
1794 384.978 416.727 2 536.52 -91.6435
1795 394.978 416.727 2 542.256 -103.546
1796 404.978 416.727 2 548.115 -102.113
1797 414.978 416.727 2 554.093 -102.226
1798 424.978 416.727 2 560.185 -100.943
1799 434.978 416.727 2 566.388 -110.409
1800 444.978 416.727 2 572.699 -110.008
1801 454.978 416.727 2 579.114 -97.3465
1802 464.978 416.727 2 585.629 -104.233
1803 474.978 416.727 2 592.241 -114.237
1804 484.978 416.727 2 598.948 -104.526
1805 84.9784 426.727 2 451.659 -93.3932
1806 94.9784 426.727 2 451.868 -91.4489
1807 104.978 426.727 2 452.297 -99.4233
1808 114.978 426.727 2 452.947 -250
1809 124.978 426.727 2 453.817 -250
1810 134.978 426.727 2 454.905 -250
1811 144.978 426.727 2 456.209 -250
1812 154.978 426.727 2 457.728 -102.603
1813 164.978 426.727 2 459.46 -250
1814 174.978 426.727 2 461.402 -250
1815 184.978 426.727 2 463.552 -250
1816 194.978 426.727 2 465.907 -250
1817 204.978 426.727 2 468.463 -250
1818 214.978 426.727 2 471.218 -250
1819 224.978 426.727 2 474.167 -96.2231
1820 234.978 426.727 2 477.308 -250
1821 244.978 426.727 2 480.637 -250
1822 254.978 426.727 2 484.149 -250
1823 264.978 426.727 2 487.841 -250
1824 274.978 426.727 2 491.708 -107.16
1825 284.978 426.727 2 495.747 -109.745
1826 294.978 426.727 2 499.954 -111.252
1827 304.978 426.727 2 504.324 -250
1828 314.978 426.727 2 508.853 -250
1829 324.978 426.727 2 513.536 -250
1830 334.978 426.727 2 518.371 -250
1831 344.978 426.727 2 523.351 -250
1832 354.978 426.727 2 528.474 -250
1833 364.978 426.727 2 533.735 -250
1834 374.978 426.727 2 539.131 -250
1835 384.978 426.727 2 544.656 -250
1836 394.978 426.727 2 550.308 -250
1837 404.978 426.727 2 556.082 -250
1838 414.978 426.727 2 561.975 -250
1839 424.978 426.727 2 567.983 -250
1840 434.978 426.727 2 574.102 -250
1841 444.978 426.727 2 580.329 -250
1842 454.978 426.727 2 586.66 -250
1843 464.978 426.727 2 593.092 -108.972
1844 474.978 426.727 2 599.622 -111.743
1845 484.978 426.727 2 606.247 -250
1846 84.9784 436.727 2 461.512 -92.5745
1847 94.9784 436.727 2 461.716 -91.044
1848 104.978 436.727 2 462.136 -95.9882
1849 114.978 436.727 2 462.772 -250
1850 124.978 436.727 2 463.624 -250
1851 134.978 436.727 2 464.688 -250
1852 144.978 436.727 2 465.965 -250
1853 154.978 436.727 2 467.453 -104.646
1854 164.978 436.727 2 469.149 -250
1855 174.978 436.727 2 471.051 -250
1856 184.978 436.727 2 473.157 -250
1857 194.978 436.727 2 475.464 -250
1858 204.978 436.727 2 477.969 -250
1859 214.978 436.727 2 480.67 -250
1860 224.978 436.727 2 483.561 -96.3651
1861 234.978 436.727 2 486.642 -250
1862 244.978 436.727 2 489.907 -250
1863 254.978 436.727 2 493.353 -250
1864 264.978 436.727 2 496.976 -250
1865 274.978 436.727 2 500.774 -122.032
1866 284.978 436.727 2 504.74 -105.036
1867 294.978 436.727 2 508.872 -95.0993
1868 304.978 436.727 2 513.166 -250
1869 314.978 436.727 2 517.618 -250
1870 324.978 436.727 2 522.223 -250
1871 334.978 436.727 2 526.977 -250
1872 344.978 436.727 2 531.877 -250
1873 354.978 436.727 2 536.919 -250
1874 364.978 436.727 2 542.098 -250
1875 374.978 436.727 2 547.411 -250
1876 384.978 436.727 2 552.854 -250
1877 394.978 436.727 2 558.423 -250
1878 404.978 436.727 2 564.114 -250
1879 414.978 436.727 2 569.924 -250
1880 424.978 436.727 2 575.848 -250
1881 434.978 436.727 2 581.885 -250
1882 444.978 436.727 2 588.029 -250
1883 454.978 436.727 2 594.278 -250
1884 464.978 436.727 2 600.629 -123.941
1885 474.978 436.727 2 607.078 -110.339
1886 484.978 436.727 2 613.622 -250
1887 84.9784 446.727 2 471.37 -92.6739
1888 94.9784 446.727 2 471.57 -96.7751
1889 104.978 446.727 2 471.982 -96.8211
1890 114.978 446.727 2 472.605 -250
1891 124.978 446.727 2 473.438 -250
1892 134.978 446.727 2 474.481 -250
1893 144.978 446.727 2 475.732 -250
1894 154.978 446.727 2 477.189 -110.729
1895 164.978 446.727 2 478.851 -250
1896 174.978 446.727 2 480.714 -250
1897 184.978 446.727 2 482.778 -250
1898 194.978 446.727 2 485.039 -250
1899 204.978 446.727 2 487.495 -250
1900 214.978 446.727 2 490.143 -250
1901 224.978 446.727 2 492.979 -109.662
1902 234.978 446.727 2 496.001 -250
1903 244.978 446.727 2 499.205 -250
1904 254.978 446.727 2 502.587 -250
1905 264.978 446.727 2 506.145 -250
1906 274.978 446.727 2 509.874 -117.133
1907 284.978 446.727 2 513.77 -102.859
1908 294.978 446.727 2 517.83 -95.526
1909 304.978 446.727 2 522.05 -250
1910 314.978 446.727 2 526.427 -250
1911 324.978 446.727 2 530.955 -250
1912 334.978 446.727 2 535.632 -250
1913 344.978 446.727 2 540.454 -250
1914 354.978 446.727 2 545.416 -250
1915 364.978 446.727 2 550.516 -250
1916 374.978 446.727 2 555.748 -250
1917 384.978 446.727 2 561.11 -250
1918 394.978 446.727 2 566.598 -250
1919 404.978 446.727 2 572.207 -250
1920 414.978 446.727 2 577.936 -250
1921 424.978 446.727 2 583.779 -250
1922 434.978 446.727 2 589.735 -250
1923 444.978 446.727 2 595.798 -250
1924 454.978 446.727 2 601.967 -250
1925 464.978 446.727 2 608.237 -116.176
1926 474.978 446.727 2 614.606 -111.526
1927 484.978 446.727 2 621.071 -250
1928 84.9784 456.727 2 481.235 -92.9184
1929 94.9784 456.727 2 481.431 -95.1154
1930 104.978 456.727 2 481.834 -95.4715
1931 114.978 456.727 2 482.444 -250
1932 124.978 456.727 2 483.261 -250
1933 134.978 456.727 2 484.282 -250
1934 144.978 456.727 2 485.508 -250
1935 154.978 456.727 2 486.936 -120.919
1936 164.978 456.727 2 488.564 -250
1937 174.978 456.727 2 490.391 -250
1938 184.978 456.727 2 492.414 -250
1939 194.978 456.727 2 494.631 -250
1940 204.978 456.727 2 497.04 -250
1941 214.978 456.727 2 499.637 -250
1942 224.978 456.727 2 502.42 -98.7869
1943 234.978 456.727 2 505.385 -250
1944 244.978 456.727 2 508.53 -250
1945 254.978 456.727 2 511.851 -250
1946 264.978 456.727 2 515.344 -250
1947 274.978 456.727 2 519.007 -109.887
1948 284.978 456.727 2 522.835 -98.9345
1949 294.978 456.727 2 526.825 -94.6466
1950 304.978 456.727 2 530.974 -250
1951 314.978 456.727 2 535.278 -250
1952 324.978 456.727 2 539.732 -250
1953 334.978 456.727 2 544.334 -250
1954 344.978 456.727 2 549.079 -250
1955 354.978 456.727 2 553.964 -250
1956 364.978 456.727 2 558.985 -250
1957 374.978 456.727 2 564.139 -250
1958 384.978 456.727 2 569.422 -250
1959 394.978 456.727 2 574.83 -250
1960 404.978 456.727 2 580.361 -250
1961 414.978 456.727 2 586.009 -250
1962 424.978 456.727 2 591.773 -250
1963 434.978 456.727 2 597.649 -250
1964 444.978 456.727 2 603.633 -250
1965 454.978 456.727 2 609.722 -250
1966 464.978 456.727 2 615.913 -104.708
1967 474.978 456.727 2 622.204 -112.745
1968 484.978 456.727 2 628.591 -250
1969 84.9784 466.727 2 491.105 -93.9683
1970 94.9784 466.727 2 491.297 -92.7774
1971 104.978 466.727 2 491.692 -98.7468
1972 114.978 466.727 2 492.29 -250
1973 124.978 466.727 2 493.09 -250
1974 134.978 466.727 2 494.091 -250
1975 144.978 466.727 2 495.293 -250
1976 154.978 466.727 2 496.692 -115.354
1977 164.978 466.727 2 498.289 -250
1978 174.978 466.727 2 500.08 -250
1979 184.978 466.727 2 502.065 -250
1980 194.978 466.727 2 504.239 -250
1981 204.978 466.727 2 506.602 -250
1982 214.978 466.727 2 509.151 -250
1983 224.978 466.727 2 511.882 -95.7965
1984 234.978 466.727 2 514.792 -250
1985 244.978 466.727 2 517.88 -250
1986 254.978 466.727 2 521.141 -250
1987 264.978 466.727 2 524.573 -250
1988 274.978 466.727 2 528.172 -106.36
1989 284.978 466.727 2 531.934 -98.3908
1990 294.978 466.727 2 535.856 -91.9754
1991 304.978 466.727 2 539.936 -250
1992 314.978 466.727 2 544.168 -250
1993 324.978 466.727 2 548.55 -250
1994 334.978 466.727 2 553.079 -250
1995 344.978 466.727 2 557.75 -250
1996 354.978 466.727 2 562.559 -250
1997 364.978 466.727 2 567.505 -250
1998 374.978 466.727 2 572.582 -250
1999 384.978 466.727 2 577.788 -250
2000 394.978 466.727 2 583.118 -250
2001 404.978 466.727 2 588.571 -250
2002 414.978 466.727 2 594.141 -250
2003 424.978 466.727 2 599.827 -250
2004 434.978 466.727 2 605.624 -250
2005 444.978 466.727 2 611.53 -250
2006 454.978 466.727 2 617.542 -250
2007 464.978 466.727 2 623.656 -104.833
2008 474.978 466.727 2 629.869 -111.171
2009 484.978 466.727 2 636.179 -250
2010 84.9784 476.727 2 500.98 -95.7044
2011 94.9784 476.727 2 501.168 -93.4788
2012 104.978 476.727 2 501.556 -102.624
2013 114.978 476.727 2 502.142 -113.414
2014 124.978 476.727 2 502.926 -134.097
2015 134.978 476.727 2 503.908 -134.818
2016 144.978 476.727 2 505.086 -139.163
2017 154.978 476.727 2 506.459 -108.861
2018 164.978 476.727 2 508.024 -124.731
2019 174.978 476.727 2 509.782 -113.518
2020 184.978 476.727 2 511.728 -133.202
2021 194.978 476.727 2 513.862 -136.357
2022 204.978 476.727 2 516.181 -143.288
2023 214.978 476.727 2 518.682 -142.373
2024 224.978 476.727 2 521.363 -96.3111
2025 234.978 476.727 2 524.222 -109.851
2026 244.978 476.727 2 527.254 -117.281
2027 254.978 476.727 2 530.458 -105.711
2028 264.978 476.727 2 533.829 -125.891
2029 274.978 476.727 2 537.366 -96.1795
2030 284.978 476.727 2 541.064 -97.3171
2031 294.978 476.727 2 544.921 -98.503
2032 304.978 476.727 2 548.933 -250
2033 314.978 476.727 2 553.097 -250
2034 324.978 476.727 2 557.409 -250
2035 334.978 476.727 2 561.866 -250
2036 344.978 476.727 2 566.464 -250
2037 354.978 476.727 2 571.201 -250
2038 364.978 476.727 2 576.072 -250
2039 374.978 476.727 2 581.074 -250
2040 384.978 476.727 2 586.204 -250
2041 394.978 476.727 2 591.459 -250
2042 404.978 476.727 2 596.835 -250
2043 414.978 476.727 2 602.33 -250
2044 424.978 476.727 2 607.939 -250
2045 434.978 476.727 2 613.659 -250
2046 444.978 476.727 2 619.489 -250
2047 454.978 476.727 2 625.424 -250
2048 464.978 476.727 2 631.461 -119.044
2049 474.978 476.727 2 637.598 -103.96
2050 484.978 476.727 2 643.833 -250
2051 84.9784 486.727 2 510.86 -96.5542
2052 94.9784 486.727 2 511.045 -95.0009
2053 104.978 486.727 2 511.424 -97.2031
2054 114.978 486.727 2 511.999 -112.717
2055 124.978 486.727 2 512.769 -129.455
2056 134.978 486.727 2 513.732 -131.355
2057 144.978 486.727 2 514.887 -119.5
2058 154.978 486.727 2 516.234 -107.582
2059 164.978 486.727 2 517.77 -113.614
2060 174.978 486.727 2 519.494 -122.834
2061 184.978 486.727 2 521.405 -142.961
2062 194.978 486.727 2 523.499 -143.862
2063 204.978 486.727 2 525.775 -143.178
2064 214.978 486.727 2 528.231 -130.39
2065 224.978 486.727 2 530.864 -115.841
2066 234.978 486.727 2 533.671 -109.62
2067 244.978 486.727 2 536.65 -126.026
2068 254.978 486.727 2 539.798 -108.545
2069 264.978 486.727 2 543.112 -100.432
2070 274.978 486.727 2 546.589 -97.1476
2071 284.978 486.727 2 550.225 -97.8245
2072 294.978 486.727 2 554.018 -97.2172
2073 304.978 486.727 2 557.965 -120.058
2074 314.978 486.727 2 562.061 -125.527
2075 324.978 486.727 2 566.305 -122.024
2076 334.978 486.727 2 570.693 -129.944
2077 344.978 486.727 2 575.22 -136.244
2078 354.978 486.727 2 579.885 -136.903
2079 364.978 486.727 2 584.684 -139.862
2080 374.978 486.727 2 589.613 -136.675
2081 384.978 486.727 2 594.67 -140.506
2082 394.978 486.727 2 599.851 -142.161
2083 404.978 486.727 2 605.152 -140.768
2084 414.978 486.727 2 610.572 -141.505
2085 424.978 486.727 2 616.106 -153.613
2086 434.978 486.727 2 621.751 -150.763
2087 444.978 486.727 2 627.506 -145.413
2088 454.978 486.727 2 633.366 -151.661
2089 464.978 486.727 2 639.328 -124.128
2090 474.978 486.727 2 645.39 -111.189
2091 484.978 486.727 2 651.55 -105.629
2092 84.9784 496.727 2 520.745 -96.6956
2093 94.9784 496.727 2 520.926 -95.6249
2094 104.978 496.727 2 521.298 -250
2095 114.978 496.727 2 521.863 -250
2096 124.978 496.727 2 522.617 -250
2097 134.978 496.727 2 523.562 -250
2098 144.978 496.727 2 524.696 -250
2099 154.978 496.727 2 526.018 -250
2100 164.978 496.727 2 527.525 -250
2101 174.978 496.727 2 529.218 -250
2102 184.978 496.727 2 531.093 -250
2103 194.978 496.727 2 533.149 -250
2104 204.978 496.727 2 535.385 -137.408
2105 214.978 496.727 2 537.797 -95.3334
2106 224.978 496.727 2 540.383 -109.554
2107 234.978 496.727 2 543.141 -250
2108 244.978 496.727 2 546.068 -250
2109 254.978 496.727 2 549.162 -250
2110 264.978 496.727 2 552.42 -250
2111 274.978 496.727 2 555.838 -97.3568
2112 284.978 496.727 2 559.415 -97.1893
2113 294.978 496.727 2 563.146 -112.077
2114 304.978 496.727 2 567.029 -105.101
2115 314.978 496.727 2 571.061 -116.674
2116 324.978 496.727 2 575.238 -121.762
2117 334.978 496.727 2 579.558 -134.071
2118 344.978 496.727 2 584.017 -135.656
2119 354.978 496.727 2 588.612 -140.077
2120 364.978 496.727 2 593.34 -134.827
2121 374.978 496.727 2 598.198 -139.174
2122 384.978 496.727 2 603.183 -136.686
2123 394.978 496.727 2 608.291 -141.203
2124 404.978 496.727 2 613.52 -134.124
2125 414.978 496.727 2 618.866 -134.163
2126 424.978 496.727 2 624.326 -147.03
2127 434.978 496.727 2 629.898 -142.406
2128 444.978 496.727 2 635.579 -139.372
2129 454.978 496.727 2 641.365 -120.031
2130 464.978 496.727 2 647.254 -112.81
2131 474.978 496.727 2 653.243 -129.631
2132 484.978 496.727 2 659.329 -112.105
2133 84.9784 506.727 2 530.634 -95.3127
2134 94.9784 506.727 2 530.811 -93.8807
2135 104.978 506.727 2 531.177 -250
2136 114.978 506.727 2 531.731 -250
2137 124.978 506.727 2 532.472 -250
2138 134.978 506.727 2 533.399 -250
2139 144.978 506.727 2 534.512 -250
2140 154.978 506.727 2 535.809 -250
2141 164.978 506.727 2 537.289 -250
2142 174.978 506.727 2 538.951 -250
2143 184.978 506.727 2 540.793 -250
2144 194.978 506.727 2 542.812 -250
2145 204.978 506.727 2 545.008 -135.158
2146 214.978 506.727 2 547.378 -96.7132
2147 224.978 506.727 2 549.919 -115.776
2148 234.978 506.727 2 552.629 -250
2149 244.978 506.727 2 555.507 -250
2150 254.978 506.727 2 558.548 -250
2151 264.978 506.727 2 561.752 -250
2152 274.978 506.727 2 565.113 -97.128
2153 284.978 506.727 2 568.631 -96.1289
2154 294.978 506.727 2 572.303 -250
2155 304.978 506.727 2 576.124 -250
2156 314.978 506.727 2 580.092 -250
2157 324.978 506.727 2 584.205 -250
2158 334.978 506.727 2 588.459 -250
2159 344.978 506.727 2 592.851 -250
2160 354.978 506.727 2 597.379 -250
2161 364.978 506.727 2 602.038 -250
2162 374.978 506.727 2 606.826 -250
2163 384.978 506.727 2 611.741 -250
2164 394.978 506.727 2 616.778 -250
2165 404.978 506.727 2 621.935 -250
2166 414.978 506.727 2 627.21 -250
2167 424.978 506.727 2 632.598 -169.66
2168 434.978 506.727 2 638.098 -148.246
2169 444.978 506.727 2 643.706 -124.374
2170 454.978 506.727 2 649.42 -109.376
2171 464.978 506.727 2 655.236 -125.419
2172 474.978 506.727 2 661.153 -136.229
2173 484.978 506.727 2 667.167 -250
2174 84.9784 516.727 2 540.527 -94.6634
2175 94.9784 516.727 2 540.701 -94.6849
2176 104.978 516.727 2 541.06 -250
2177 114.978 516.727 2 541.604 -250
2178 124.978 516.727 2 542.331 -250
2179 134.978 516.727 2 543.242 -250
2180 144.978 516.727 2 544.334 -250
2181 154.978 516.727 2 545.608 -250
2182 164.978 516.727 2 547.062 -250
2183 174.978 516.727 2 548.694 -250
2184 184.978 516.727 2 550.503 -250
2185 194.978 516.727 2 552.487 -250
2186 204.978 516.727 2 554.645 -120.939
2187 214.978 516.727 2 556.973 -94.5309
2188 224.978 516.727 2 559.471 -126.088
2189 234.978 516.727 2 562.136 -250
2190 244.978 516.727 2 564.964 -250
2191 254.978 516.727 2 567.955 -250
2192 264.978 516.727 2 571.106 -250
2193 274.978 516.727 2 574.413 -95.1304
2194 284.978 516.727 2 577.874 -115.115
2195 294.978 516.727 2 581.487 -250
2196 304.978 516.727 2 585.248 -250
2197 314.978 516.727 2 589.155 -250
2198 324.978 516.727 2 593.205 -250
2199 334.978 516.727 2 597.395 -250
2200 344.978 516.727 2 601.722 -250
2201 354.978 516.727 2 606.183 -250
2202 364.978 516.727 2 610.775 -250
2203 374.978 516.727 2 615.496 -250
2204 384.978 516.727 2 620.341 -250
2205 394.978 516.727 2 625.31 -250
2206 404.978 516.727 2 630.397 -250
2207 414.978 516.727 2 635.601 -250
2208 424.978 516.727 2 640.919 -148.266
2209 434.978 516.727 2 646.348 -125.73
2210 444.978 516.727 2 651.885 -109.178
2211 454.978 516.727 2 657.528 -110.702
2212 464.978 516.727 2 663.273 -136.524
2213 474.978 516.727 2 669.119 -130.585
2214 484.978 516.727 2 675.062 -250
2215 84.9784 526.727 2 550.424 -93.9231
2216 94.9784 526.727 2 550.595 -93.8179
2217 104.978 526.727 2 550.947 -250
2218 114.978 526.727 2 551.481 -250
2219 124.978 526.727 2 552.196 -250
2220 134.978 526.727 2 553.09 -250
2221 144.978 526.727 2 554.163 -250
2222 154.978 526.727 2 555.415 -250
2223 164.978 526.727 2 556.843 -250
2224 174.978 526.727 2 558.446 -250
2225 184.978 526.727 2 560.224 -250
2226 194.978 526.727 2 562.174 -250
2227 204.978 526.727 2 564.294 -95.1482
2228 214.978 526.727 2 566.583 -101.582
2229 224.978 526.727 2 569.039 -109.213
2230 234.978 526.727 2 571.658 -250
2231 244.978 526.727 2 574.44 -250
2232 254.978 526.727 2 577.382 -250
2233 264.978 526.727 2 580.482 -250
2234 274.978 526.727 2 583.736 -97.2427
2235 284.978 526.727 2 587.142 -119.914
2236 294.978 526.727 2 590.698 -250
2237 304.978 526.727 2 594.401 -250
2238 314.978 526.727 2 598.248 -250
2239 324.978 526.727 2 602.237 -250
2240 334.978 526.727 2 606.365 -250
2241 344.978 526.727 2 610.628 -250
2242 354.978 526.727 2 615.024 -250
2243 364.978 526.727 2 619.551 -250
2244 374.978 526.727 2 624.205 -250
2245 384.978 526.727 2 628.984 -250
2246 394.978 526.727 2 633.884 -250
2247 404.978 526.727 2 638.903 -250
2248 414.978 526.727 2 644.039 -250
2249 424.978 526.727 2 649.288 -128.113
2250 434.978 526.727 2 654.647 -112.137
2251 444.978 526.727 2 660.115 -109.124
2252 454.978 526.727 2 665.688 -126.725
2253 464.978 526.727 2 671.363 -127.776
2254 474.978 526.727 2 677.139 -133.074
2255 484.978 526.727 2 683.012 -250
2256 84.9784 536.727 2 560.324 -94.2098
2257 94.9784 536.727 2 560.492 -93.4508
2258 104.978 536.727 2 560.839 -250
2259 114.978 536.727 2 561.363 -250
2260 124.978 536.727 2 562.065 -250
2261 134.978 536.727 2 562.944 -250
2262 144.978 536.727 2 563.998 -250
2263 154.978 536.727 2 565.228 -250
2264 164.978 536.727 2 566.631 -250
2265 174.978 536.727 2 568.207 -250
2266 184.978 536.727 2 569.954 -250
2267 194.978 536.727 2 571.871 -250
2268 204.978 536.727 2 573.955 -97.4901
2269 214.978 536.727 2 576.206 -109.28
2270 224.978 536.727 2 578.621 -103.321
2271 234.978 536.727 2 581.197 -250
2272 244.978 536.727 2 583.934 -250
2273 254.978 536.727 2 586.828 -250
2274 264.978 536.727 2 589.878 -250
2275 274.978 536.727 2 593.08 -108.838
2276 284.978 536.727 2 596.433 -104.717
2277 294.978 536.727 2 599.934 -250
2278 304.978 536.727 2 603.581 -250
2279 314.978 536.727 2 607.37 -250
2280 324.978 536.727 2 611.299 -250
2281 334.978 536.727 2 615.366 -250
2282 344.978 536.727 2 619.567 -250
2283 354.978 536.727 2 623.901 -250
2284 364.978 536.727 2 628.363 -250
2285 374.978 536.727 2 632.953 -250
2286 384.978 536.727 2 637.666 -250
2287 394.978 536.727 2 642.5 -250
2288 404.978 536.727 2 647.452 -250
2289 414.978 536.727 2 652.521 -250
2290 424.978 536.727 2 657.702 -114.303
2291 434.978 536.727 2 662.993 -109.116
2292 444.978 536.727 2 668.392 -145.213
2293 454.978 536.727 2 673.897 -124.636
2294 464.978 536.727 2 679.504 -144.058
2295 474.978 536.727 2 685.211 -135.15
2296 484.978 536.727 2 691.015 -250
2297 84.9784 546.727 2 570.228 -92.7213
2298 94.9784 546.727 2 570.393 -91.1062
2299 104.978 546.727 2 570.734 -250
2300 114.978 546.727 2 571.249 -250
2301 124.978 546.727 2 571.939 -250
2302 134.978 546.727 2 572.802 -250
2303 144.978 546.727 2 573.839 -250
2304 154.978 546.727 2 575.047 -250
2305 164.978 546.727 2 576.427 -250
2306 174.978 546.727 2 577.976 -250
2307 184.978 546.727 2 579.694 -250
2308 194.978 546.727 2 581.578 -250
2309 204.978 546.727 2 583.628 -95.6268
2310 214.978 546.727 2 585.842 -119.401
2311 224.978 546.727 2 588.217 -114.644
2312 234.978 546.727 2 590.752 -250
2313 244.978 546.727 2 593.444 -250
2314 254.978 546.727 2 596.292 -250
2315 264.978 546.727 2 599.294 -250
2316 274.978 546.727 2 602.446 -103.754
2317 284.978 546.727 2 605.747 -106.36
2318 294.978 546.727 2 609.195 -250
2319 304.978 546.727 2 612.786 -250
2320 314.978 546.727 2 616.519 -250
2321 324.978 546.727 2 620.39 -250
2322 334.978 546.727 2 624.397 -250
2323 344.978 546.727 2 628.539 -250
2324 354.978 546.727 2 632.811 -250
2325 364.978 546.727 2 637.211 -250
2326 374.978 546.727 2 641.737 -250
2327 384.978 546.727 2 646.386 -250
2328 394.978 546.727 2 651.155 -250
2329 404.978 546.727 2 656.042 -250
2330 414.978 546.727 2 661.045 -250
2331 424.978 546.727 2 666.16 -114.052
2332 434.978 546.727 2 671.384 -131.797
2333 444.978 546.727 2 676.717 -130.464
2334 454.978 546.727 2 682.154 -128.011
2335 464.978 546.727 2 687.694 -137.625
2336 474.978 546.727 2 693.333 -140.441
2337 484.978 546.727 2 699.07 -250
2338 84.9784 556.727 2 580.135 -93.4424
2339 94.9784 556.727 2 580.298 -92.8168
2340 104.978 556.727 2 580.633 -127.553
2341 114.978 556.727 2 581.139 -149.92
2342 124.978 556.727 2 581.817 -164.748
2343 134.978 556.727 2 582.666 -161.093
2344 144.978 556.727 2 583.685 -160.636
2345 154.978 556.727 2 584.873 -163.408
2346 164.978 556.727 2 586.229 -160.166
2347 174.978 556.727 2 587.753 -161.227
2348 184.978 556.727 2 589.442 -160.479
2349 194.978 556.727 2 591.296 -159.486
2350 204.978 556.727 2 593.312 -100.784
2351 214.978 556.727 2 595.489 -111.845
2352 224.978 556.727 2 597.826 -124.28
2353 234.978 556.727 2 600.32 -144.164
2354 244.978 556.727 2 602.97 -160.317
2355 254.978 556.727 2 605.773 -160.94
2356 264.978 556.727 2 608.728 -128.262
2357 274.978 556.727 2 611.832 -105.655
2358 284.978 556.727 2 615.083 -107.422
2359 294.978 556.727 2 618.478 -106.833
2360 304.978 556.727 2 622.016 -153.44
2361 314.978 556.727 2 625.693 -155.804
2362 324.978 556.727 2 629.508 -155.62
2363 334.978 556.727 2 633.458 -157.652
2364 344.978 556.727 2 637.54 -162.042
2365 354.978 556.727 2 641.752 -191.189
2366 364.978 556.727 2 646.092 -189.458
2367 374.978 556.727 2 650.556 -192.236
2368 384.978 556.727 2 655.142 -207.188
2369 394.978 556.727 2 659.849 -207.159
2370 404.978 556.727 2 664.672 -250
2371 414.978 556.727 2 669.61 -162.648
2372 424.978 556.727 2 674.66 -129.681
2373 434.978 556.727 2 679.819 -116.115
2374 444.978 556.727 2 685.086 -129.313
2375 454.978 556.727 2 690.457 -130.965
2376 464.978 556.727 2 695.931 -145.695
2377 474.978 556.727 2 701.504 -139.832
2378 484.978 556.727 2 707.175 -152.157
2379 84.9784 566.727 2 590.046 -94.2879
2380 94.9784 566.727 2 590.206 -96.3748
2381 104.978 566.727 2 590.535 -117.138
2382 114.978 566.727 2 591.033 -143.823
2383 124.978 566.727 2 591.699 -143.861
2384 134.978 566.727 2 592.534 -145.986
2385 144.978 566.727 2 593.536 -147.163
2386 154.978 566.727 2 594.705 -149.588
2387 164.978 566.727 2 596.039 -147.21
2388 174.978 566.727 2 597.537 -147.817
2389 184.978 566.727 2 599.199 -148.615
2390 194.978 566.727 2 601.022 -147.562
2391 204.978 566.727 2 603.006 -106.664
2392 214.978 566.727 2 605.148 -107.709
2393 224.978 566.727 2 607.448 -122.237
2394 234.978 566.727 2 609.903 -138.102
2395 244.978 566.727 2 612.511 -142.477
2396 254.978 566.727 2 615.271 -153.023
2397 264.978 566.727 2 618.18 -126.139
2398 274.978 566.727 2 621.237 -106.377
2399 284.978 566.727 2 624.439 -105.961
2400 294.978 566.727 2 627.784 -106.606
2401 304.978 566.727 2 631.269 -135.33
2402 314.978 566.727 2 634.893 -153.012
2403 324.978 566.727 2 638.653 -155.035
2404 334.978 566.727 2 642.547 -150.659
2405 344.978 566.727 2 646.572 -148.092
2406 354.978 566.727 2 650.725 -188.519
2407 364.978 566.727 2 655.005 -190.2
2408 374.978 566.727 2 659.409 -191.59
2409 384.978 566.727 2 663.934 -163.647
2410 394.978 566.727 2 668.578 -192.754
2411 404.978 566.727 2 673.339 -178.229
2412 414.978 566.727 2 678.214 -128.535
2413 424.978 566.727 2 683.2 -127.616
2414 434.978 566.727 2 688.296 -124.887
2415 444.978 566.727 2 693.498 -118.443
2416 454.978 566.727 2 698.805 -130.989
2417 464.978 566.727 2 704.213 -147.529
2418 474.978 566.727 2 709.722 -130.794
2419 484.978 566.727 2 715.328 -136.206
2420 84.9784 576.727 2 599.959 -95.1107
2421 94.9784 576.727 2 600.116 -93.5961
2422 104.978 576.727 2 600.44 -112.123
2423 114.978 576.727 2 600.93 -134.406
2424 124.978 576.727 2 601.586 -140.211
2425 134.978 576.727 2 602.407 -140.154
2426 144.978 576.727 2 603.392 -142.763
2427 154.978 576.727 2 604.542 -142.346
2428 164.978 576.727 2 605.854 -143.214
2429 174.978 576.727 2 607.328 -143.485
2430 184.978 576.727 2 608.963 -142.573
2431 194.978 576.727 2 610.757 -100.978
2432 204.978 576.727 2 612.71 -118.494
2433 214.978 576.727 2 614.818 -105.015
2434 224.978 576.727 2 617.082 -120.509
2435 234.978 576.727 2 619.499 -142.284
2436 244.978 576.727 2 622.067 -139.384
2437 254.978 576.727 2 624.784 -127.263
2438 264.978 576.727 2 627.649 -132.537
2439 274.978 576.727 2 630.66 -133.684
2440 284.978 576.727 2 633.815 -105.118
2441 294.978 576.727 2 637.11 -105.836
2442 304.978 576.727 2 640.545 -129.364
2443 314.978 576.727 2 644.117 -138.078
2444 324.978 576.727 2 647.823 -153.791
2445 334.978 576.727 2 651.662 -144.256
2446 344.978 576.727 2 655.631 -143.442
2447 354.978 576.727 2 659.727 -183.84
2448 364.978 576.727 2 663.949 -164.452
2449 374.978 576.727 2 668.294 -185.385
2450 384.978 576.727 2 672.76 -187.793
2451 394.978 576.727 2 677.343 -187.605
2452 404.978 576.727 2 682.043 -112.965
2453 414.978 576.727 2 686.856 -131.655
2454 424.978 576.727 2 691.78 -128.798
2455 434.978 576.727 2 696.813 -133.497
2456 444.978 576.727 2 701.952 -138.302
2457 454.978 576.727 2 707.195 -121.673
2458 464.978 576.727 2 712.54 -134.921
2459 474.978 576.727 2 717.985 -142.325
2460 484.978 576.727 2 723.526 -136.305
2461 84.9784 586.727 2 609.876 -96.4579
2462 94.9784 586.727 2 610.03 -100.448
2463 104.978 586.727 2 610.348 -109.449
2464 114.978 586.727 2 610.83 -141.373
2465 124.978 586.727 2 611.475 -142.946
2466 134.978 586.727 2 612.283 -144.807
2467 144.978 586.727 2 613.253 -143.181
2468 154.978 586.727 2 614.384 -142.523
2469 164.978 586.727 2 615.675 -143.502
2470 174.978 586.727 2 617.126 -144.76
2471 184.978 586.727 2 618.735 -144.818
2472 194.978 586.727 2 620.501 -103.612
2473 204.978 586.727 2 622.423 -125.603
2474 214.978 586.727 2 624.499 -105.279
2475 224.978 586.727 2 626.727 -127.552
2476 234.978 586.727 2 629.107 -131.295
2477 244.978 586.727 2 631.636 -132.236
2478 254.978 586.727 2 634.313 -115.738
2479 264.978 586.727 2 637.135 -124.287
2480 274.978 586.727 2 640.101 -129.673
2481 284.978 586.727 2 643.209 -103.972
2482 294.978 586.727 2 646.457 -103.013
2483 304.978 586.727 2 649.842 -102.456
2484 314.978 586.727 2 653.363 -130.872
2485 324.978 586.727 2 657.017 -137.871
2486 334.978 586.727 2 660.803 -142.207
2487 344.978 586.727 2 664.717 -141.555
2488 354.978 586.727 2 668.758 -180.644
2489 364.978 586.727 2 672.923 -182.201
2490 374.978 586.727 2 677.211 -183.425
2491 384.978 586.727 2 681.618 -184.11
2492 394.978 586.727 2 686.142 -114.352
2493 404.978 586.727 2 690.782 -128.947
2494 414.978 586.727 2 695.534 -123.353
2495 424.978 586.727 2 700.397 -127.607
2496 434.978 586.727 2 705.369 -136.656
2497 444.978 586.727 2 710.446 -133.008
2498 454.978 586.727 2 715.627 -121.378
2499 464.978 586.727 2 720.91 -125.114
2500 474.978 586.727 2 726.291 -132.882
2501 484.978 586.727 2 731.77 -142.819
