# <Transmitter Set: Tx: 18 tx_ant_grid_40_m - Point 2> 
# <Receiver Set: Rx: 17 rx_ant_grid> 
# <X(m)> <Y(m)> <Z(m)> <Distance(m)> <PathGain(dB)>
1 84.9784 -13.2734 2 102.967 -83.064
2 94.9784 -13.2734 2 93.7591 -84.1295
3 104.978 -13.2734 2 84.7304 -79.2727
4 114.978 -13.2734 2 75.9456 -82.694
5 124.978 -13.2734 2 67.4997 -82.4192
6 134.978 -13.2734 2 59.5373 -79.2006
7 144.978 -13.2734 2 52.2798 -81.0692
8 154.978 -13.2734 2 46.0615 -83.8468
9 164.978 -13.2734 2 41.3538 -93.0879
10 174.978 -13.2734 2 38.712 -112.445
11 184.978 -13.2734 2 38.563 -116.305
12 194.978 -13.2734 2 40.9339 -85.584
13 204.978 -13.2734 2 45.432 -80.3656
14 214.978 -13.2734 2 51.5029 -80.7878
15 224.978 -13.2734 2 58.6603 -78.3635
16 234.978 -13.2734 2 66.5546 -77.5778
17 244.978 -13.2734 2 74.9533 -75.9815
18 254.978 -13.2734 2 83.7047 -85.5513
19 264.978 -13.2734 2 92.709 -77.8221
20 274.978 -13.2734 2 101.899 -80.8428
21 284.978 -13.2734 2 111.229 -78.6793
22 294.978 -13.2734 2 120.667 -89.91
23 304.978 -13.2734 2 130.188 -80.5662
24 314.978 -13.2734 2 139.776 -79.6703
25 324.978 -13.2734 2 149.418 -84.093
26 334.978 -13.2734 2 159.105 -85.2392
27 344.978 -13.2734 2 168.828 -85.4473
28 354.978 -13.2734 2 178.581 -87.0089
29 364.978 -13.2734 2 188.361 -85.4039
30 374.978 -13.2734 2 198.162 -85.0788
31 384.978 -13.2734 2 207.983 -87.7139
32 394.978 -13.2734 2 217.819 -88.6552
33 404.978 -13.2734 2 227.67 -86.1379
34 414.978 -13.2734 2 237.534 -85.5459
35 424.978 -13.2734 2 247.408 -88.9172
36 434.978 -13.2734 2 257.292 -90.2117
37 444.978 -13.2734 2 267.185 -90
38 454.978 -13.2734 2 277.085 -87.3108
39 464.978 -13.2734 2 286.992 -87.1196
40 474.978 -13.2734 2 296.906 -89.4074
41 484.978 -13.2734 2 306.825 -90.5624
42 84.9784 -3.2734 2 103.92 -81.8639
43 94.9784 -3.2734 2 94.8039 -83.5804
44 104.978 -3.2734 2 85.8852 -80.9833
45 114.978 -3.2734 2 77.2318 -82.5615
46 124.978 -3.2734 2 68.9437 -78.7504
47 134.978 -3.2734 2 61.1695 -86.1648
48 144.978 -3.2734 2 54.1313 -79.8338
49 154.978 -3.2734 2 48.1526 -84.091
50 164.978 -3.2734 2 43.671 -86.5522
51 174.978 -3.2734 2 41.1782 -90.4041
52 184.978 -3.2734 2 41.0381 -90.6842
53 194.978 -3.2734 2 43.2736 -88.4201
54 204.978 -3.2734 2 47.5509 -80.4812
55 214.978 -3.2734 2 53.3814 -83.0997
56 224.978 -3.2734 2 60.3163 -82.7741
57 234.978 -3.2734 2 68.0186 -79.5344
58 244.978 -3.2734 2 76.2563 -79.9316
59 254.978 -3.2734 2 84.8734 -76.3577
60 264.978 -3.2734 2 93.7656 -80.1123
61 274.978 -3.2734 2 102.861 -85.8238
62 284.978 -3.2734 2 112.111 -79.1739
63 294.978 -3.2734 2 121.48 -85.3773
64 304.978 -3.2734 2 130.942 -81.5019
65 314.978 -3.2734 2 140.479 -84.9843
66 324.978 -3.2734 2 150.076 -82.6238
67 334.978 -3.2734 2 159.723 -85.4674
68 344.978 -3.2734 2 169.41 -85.9784
69 354.978 -3.2734 2 179.132 -80.8426
70 364.978 -3.2734 2 188.883 -82.9311
71 374.978 -3.2734 2 198.659 -90.8805
72 384.978 -3.2734 2 208.456 -86.5923
73 394.978 -3.2734 2 218.271 -84.9691
74 404.978 -3.2734 2 228.102 -85.9064
75 414.978 -3.2734 2 237.948 -88.5986
76 424.978 -3.2734 2 247.806 -89.0112
77 434.978 -3.2734 2 257.675 -94.8025
78 444.978 -3.2734 2 267.553 -91.1747
79 454.978 -3.2734 2 277.44 -87.813
80 464.978 -3.2734 2 287.335 -90.9594
81 474.978 -3.2734 2 297.237 -90.6077
82 484.978 -3.2734 2 307.146 -89.3326
83 84.9784 6.7266 2 105.813 -80.6884
84 94.9784 6.7266 2 96.8752 -80.1574
85 104.978 6.7266 2 88.1662 -82.2715
86 114.978 6.7266 2 79.7607 -101.608
87 124.978 6.7266 2 71.7652 -250
88 134.978 6.7266 2 64.333 -91.7379
89 144.978 6.7266 2 57.682 -83.6932
90 154.978 6.7266 2 52.1123 -80.5194
91 164.978 6.7266 2 48.0018 -82.9829
92 174.978 6.7266 2 45.7456 -83.5713
93 184.978 6.7266 2 45.6195 -83.0422
94 194.978 6.7266 2 47.6406 -79.4532
95 204.978 6.7266 2 51.5568 -79.6855
96 214.978 6.7266 2 56.9788 -76.9751
97 224.978 6.7266 2 63.5222 -84.4358
98 234.978 6.7266 2 70.877 -77.6448
99 244.978 6.7266 2 78.8165 -85.2369
100 254.978 6.7266 2 87.1809 -79.16
101 264.978 6.7266 2 95.8593 -79.2978
102 274.978 6.7266 2 104.773 -84.4684
103 284.978 6.7266 2 113.868 -83.5897
104 294.978 6.7266 2 123.103 -250
105 304.978 6.7266 2 132.45 -250
106 314.978 6.7266 2 141.885 -250
107 324.978 6.7266 2 151.393 -250
108 334.978 6.7266 2 160.961 -250
109 344.978 6.7266 2 170.578 -250
110 354.978 6.7266 2 180.237 -250
111 364.978 6.7266 2 189.931 -250
112 374.978 6.7266 2 199.655 -250
113 384.978 6.7266 2 209.406 -250
114 394.978 6.7266 2 219.179 -94.3529
115 404.978 6.7266 2 228.971 -98.2956
116 414.978 6.7266 2 238.781 -94.1841
117 424.978 6.7266 2 248.606 -102.984
118 434.978 6.7266 2 258.444 -111.814
119 444.978 6.7266 2 268.294 -250
120 454.978 6.7266 2 278.155 -250
121 464.978 6.7266 2 288.025 -250
122 474.978 6.7266 2 297.905 -123.89
123 484.978 6.7266 2 307.792 -127.361
124 84.9784 16.7266 2 108.597 -82.2129
125 94.9784 16.7266 2 99.9091 -82.1342
126 104.978 16.7266 2 91.4894 -81.2285
127 114.978 16.7266 2 83.4193 -100.36
128 124.978 16.7266 2 75.8107 -250
129 134.978 16.7266 2 68.8168 -78.9571
130 144.978 16.7266 2 62.6437 -79.1316
131 154.978 16.7266 2 57.5562 -80.2784
132 164.978 16.7266 2 53.8627 -80.8227
133 174.978 16.7266 2 51.8621 -78.7763
134 184.978 16.7266 2 51.7509 -87.3501
135 194.978 16.7266 2 53.541 -250
136 204.978 16.7266 2 57.0537 -250
137 214.978 16.7266 2 61.9968 -250
138 224.978 16.7266 2 68.0595 -250
139 234.978 16.7266 2 74.9705 -250
140 244.978 16.7266 2 82.517 -250
141 254.978 16.7266 2 90.5402 -250
142 264.978 16.7266 2 98.9243 -91.6464
143 274.978 16.7266 2 107.585 -80.325
144 284.978 16.7266 2 116.46 -78.5449
145 294.978 16.7266 2 125.505 -250
146 304.978 16.7266 2 134.685 -250
147 314.978 16.7266 2 143.974 -250
148 324.978 16.7266 2 153.352 -106.787
149 334.978 16.7266 2 162.805 -101.186
150 344.978 16.7266 2 172.319 -250
151 354.978 16.7266 2 181.886 -250
152 364.978 16.7266 2 191.496 -250
153 374.978 16.7266 2 201.145 -250
154 384.978 16.7266 2 210.826 -101.954
155 394.978 16.7266 2 220.536 -100.013
156 404.978 16.7266 2 230.271 -97.5317
157 414.978 16.7266 2 240.028 -95.4868
158 424.978 16.7266 2 249.803 -95.2058
159 434.978 16.7266 2 259.596 -95.5337
160 444.978 16.7266 2 269.404 -250
161 454.978 16.7266 2 279.226 -250
162 464.978 16.7266 2 289.06 -250
163 474.978 16.7266 2 298.905 -126.099
164 484.978 16.7266 2 308.76 -127.553
165 84.9784 26.7266 2 112.207 -83.2686
166 94.9784 26.7266 2 103.821 -82.4151
167 104.978 26.7266 2 95.7461 -83.0794
168 114.978 26.7266 2 88.067 -81.3118
169 124.978 26.7266 2 80.8968 -82.9793
170 134.978 26.7266 2 74.3826 -78.788
171 144.978 26.7266 2 68.7114 -82.4421
172 154.978 26.7266 2 64.1072 -87.2642
173 164.978 26.7266 2 60.8129 -88.4417
174 174.978 26.7266 2 59.0483 -79.2546
175 184.978 26.7266 2 58.9506 -76.9986
176 194.978 26.7266 2 60.5282 -250
177 204.978 26.7266 2 63.6564 -250
178 214.978 26.7266 2 68.1221 -250
179 224.978 26.7266 2 73.6825 -250
180 234.978 26.7266 2 80.1099 -250
181 244.978 26.7266 2 87.2128 -250
182 254.978 26.7266 2 94.8396 -250
183 264.978 26.7266 2 102.874 -90.3854
184 274.978 26.7266 2 111.227 -94.0022
185 284.978 26.7266 2 119.833 -100.116
186 294.978 26.7266 2 128.641 -250
187 304.978 26.7266 2 137.612 -250
188 314.978 26.7266 2 146.716 -98.1456
189 324.978 26.7266 2 155.929 -101.68
190 334.978 26.7266 2 165.234 -93.0102
191 344.978 26.7266 2 174.616 -97.0869
192 354.978 26.7266 2 184.064 -90.383
193 364.978 26.7266 2 193.566 -250
194 374.978 26.7266 2 203.117 -250
195 384.978 26.7266 2 212.708 -103.924
196 394.978 26.7266 2 222.336 -98.6461
197 404.978 26.7266 2 231.995 -96.1137
198 414.978 26.7266 2 241.682 -96.2462
199 424.978 26.7266 2 251.394 -104.651
200 434.978 26.7266 2 261.127 -110.185
201 444.978 26.7266 2 270.88 -98.5767
202 454.978 26.7266 2 280.65 -250
203 464.978 26.7266 2 290.435 -250
204 474.978 26.7266 2 300.235 -128.681
205 484.978 26.7266 2 310.048 -127.793
206 84.9784 36.7266 2 116.565 -82.0362
207 94.9784 36.7266 2 108.517 -82.0263
208 104.978 36.7266 2 100.818 -82.6417
209 114.978 36.7266 2 93.5565 -83.8247
210 124.978 36.7266 2 86.8407 -83.3938
211 134.978 36.7266 2 80.8071 -82.3222
212 144.978 36.7266 2 75.6192 -95.7644
213 154.978 36.7266 2 71.4615 -91.8492
214 164.978 36.7266 2 68.5218 -97.4122
215 174.978 36.7266 2 66.9605 -78.1073
216 184.978 36.7266 2 66.8745 -74.4627
217 194.978 36.7266 2 68.2692 -107.111
218 204.978 36.7266 2 71.0575 -98.8227
219 214.978 36.7266 2 75.0842 -95.6538
220 224.978 36.7266 2 80.1631 -250
221 234.978 36.7266 2 86.1081 -250
222 244.978 36.7266 2 92.7528 -250
223 254.978 36.7266 2 99.9579 -250
224 264.978 36.7266 2 107.611 -105.966
225 274.978 36.7266 2 115.622 -92.3197
226 284.978 36.7266 2 123.923 -111.811
227 294.978 36.7266 2 132.459 -250
228 304.978 36.7266 2 141.188 -250
229 314.978 36.7266 2 150.075 -92.8568
230 324.978 36.7266 2 159.094 -102.205
231 334.978 36.7266 2 168.224 -100.153
232 344.978 36.7266 2 177.448 -104.826
233 354.978 36.7266 2 186.752 -101.423
234 364.978 36.7266 2 196.125 -84.1224
235 374.978 36.7266 2 205.556 -88.8747
236 384.978 36.7266 2 215.039 -250
237 394.978 36.7266 2 224.567 -250
238 404.978 36.7266 2 234.134 -98.8171
239 414.978 36.7266 2 243.736 -99.004
240 424.978 36.7266 2 253.369 -100.198
241 434.978 36.7266 2 263.029 -97.1438
242 444.978 36.7266 2 272.714 -103.858
243 454.978 36.7266 2 282.42 -250
244 464.978 36.7266 2 292.147 -250
245 474.978 36.7266 2 301.891 -120.172
246 484.978 36.7266 2 311.652 -137.836
247 84.9784 46.7266 2 121.591 -84.1438
248 94.9784 46.7266 2 113.899 -82.0952
249 104.978 46.7266 2 106.59 -80.7152
250 114.978 46.7266 2 99.7489 -81.4532
251 124.978 46.7266 2 93.479 -83.7482
252 134.978 46.7266 2 87.9022 -82.9535
253 144.978 46.7266 2 83.1582 -91.9438
254 154.978 46.7266 2 79.3963 -250
255 164.978 46.7266 2 76.761 -250
256 174.978 46.7266 2 75.3706 -250
257 184.978 46.7266 2 75.2942 -250
258 194.978 46.7266 2 76.5356 -250
259 204.978 46.7266 2 79.0328 -96.0783
260 214.978 46.7266 2 82.672 -89.4377
261 224.978 46.7266 2 87.3106 -93.3486
262 234.978 46.7266 2 92.7989 -101.246
263 244.978 46.7266 2 98.9955 -90.2837
264 254.978 46.7266 2 105.776 -88.1392
265 264.978 46.7266 2 113.036 -88.9289
266 274.978 46.7266 2 120.688 -105.156
267 284.978 46.7266 2 128.662 -102.842
268 294.978 46.7266 2 136.903 -250
269 304.978 46.7266 2 145.365 -250
270 314.978 46.7266 2 154.011 -250
271 324.978 46.7266 2 162.813 -250
272 334.978 46.7266 2 171.745 -250
273 344.978 46.7266 2 180.79 -250
274 354.978 46.7266 2 189.93 -250
275 364.978 46.7266 2 199.153 -90.2287
276 374.978 46.7266 2 208.448 -92.8002
277 384.978 46.7266 2 217.805 -250
278 394.978 46.7266 2 227.217 -250
279 404.978 46.7266 2 236.677 -99.6322
280 414.978 46.7266 2 246.179 -99.9419
281 424.978 46.7266 2 255.72 -102.755
282 434.978 46.7266 2 265.295 -115.338
283 444.978 46.7266 2 274.9 -99.2055
284 454.978 46.7266 2 284.532 -250
285 464.978 46.7266 2 294.188 -250
286 474.978 46.7266 2 303.867 -113.681
287 484.978 46.7266 2 313.566 -118.946
288 84.9784 56.7266 2 127.206 -81.5554
289 94.9784 56.7266 2 119.874 -82.5044
290 104.978 56.7266 2 112.953 -83.9119
291 114.978 56.7266 2 106.522 -81.3639
292 124.978 56.7266 2 100.674 -83.0056
293 134.978 56.7266 2 95.5187 -81.158
294 144.978 56.7266 2 91.1718 -79.9139
295 154.978 56.7266 2 87.7541 -250
296 164.978 56.7266 2 85.3772 -250
297 174.978 56.7266 2 84.1294 -250
298 184.978 56.7266 2 84.0609 -250
299 194.978 56.7266 2 85.1746 -250
300 204.978 56.7266 2 87.4254 -88.4778
301 214.978 56.7266 2 90.7286 -104.402
302 224.978 56.7266 2 94.9745 -90.9498
303 234.978 56.7266 2 100.043 -89.7025
304 244.978 56.7266 2 105.816 -94.5647
305 254.978 56.7266 2 112.186 -87.9733
306 264.978 56.7266 2 119.055 -91.0558
307 274.978 56.7266 2 126.343 -93.9308
308 284.978 56.7266 2 133.982 -104.311
309 294.978 56.7266 2 141.914 -250
310 304.978 56.7266 2 150.093 -250
311 314.978 56.7266 2 158.482 -250
312 324.978 56.7266 2 167.048 -250
313 334.978 56.7266 2 175.765 -250
314 344.978 56.7266 2 184.613 -250
315 354.978 56.7266 2 193.573 -250
316 364.978 56.7266 2 202.63 -107.06
317 374.978 56.7266 2 211.772 -97.0079
318 384.978 56.7266 2 220.988 -250
319 394.978 56.7266 2 230.27 -250
320 404.978 56.7266 2 239.61 -86.4406
321 414.978 56.7266 2 249.001 -98.6298
322 424.978 56.7266 2 258.437 -97.4371
323 434.978 56.7266 2 267.915 -90.796
324 444.978 56.7266 2 277.429 -93.634
325 454.978 56.7266 2 286.976 -250
326 464.978 56.7266 2 296.553 -250
327 474.978 56.7266 2 306.157 -117.131
328 484.978 56.7266 2 315.786 -108.489
329 84.9784 66.7266 2 133.336 -84.5423
330 94.9784 66.7266 2 126.36 -80.5921
331 104.978 66.7266 2 119.814 -80.6117
332 114.978 66.7266 2 113.771 -78.9597
333 124.978 66.7266 2 108.316 -80.5261
334 134.978 66.7266 2 103.541 -82.5569
335 144.978 66.7266 2 99.5456 -80.3371
336 154.978 66.7266 2 96.4251 -91.8737
337 164.978 66.7266 2 94.2671 -91.1999
338 174.978 66.7266 2 93.1384 -88.4662
339 184.978 66.7266 2 93.0766 -106.097
340 194.978 66.7266 2 94.0837 -93.7154
341 204.978 66.7266 2 96.126 -91.2324
342 214.978 66.7266 2 99.1398 -103.03
343 224.978 66.7266 2 103.04 -93.5703
344 234.978 66.7266 2 107.73 -93.2934
345 244.978 66.7266 2 113.111 -90.9947
346 254.978 66.7266 2 119.091 -91.7552
347 264.978 66.7266 2 125.583 -96.2821
348 274.978 66.7266 2 132.513 -97.0747
349 284.978 66.7266 2 139.814 -92.6769
350 294.978 66.7266 2 147.433 -91.8232
351 304.978 66.7266 2 155.322 -95.5525
352 314.978 66.7266 2 163.443 -106.93
353 324.978 66.7266 2 171.761 -97.0502
354 334.978 66.7266 2 180.251 -97.573
355 344.978 66.7266 2 188.889 -117.022
356 354.978 66.7266 2 197.655 -102.068
357 364.978 66.7266 2 206.533 -95.1244
358 374.978 66.7266 2 215.51 -90.0949
359 384.978 66.7266 2 224.573 -91.4421
360 394.978 66.7266 2 233.712 -106.629
361 404.978 66.7266 2 242.919 -95.5496
362 414.978 66.7266 2 252.187 -97.6775
363 424.978 66.7266 2 261.509 -95.5419
364 434.978 66.7266 2 270.879 -92.9688
365 444.978 66.7266 2 280.292 -115.043
366 454.978 66.7266 2 289.745 -97.7591
367 464.978 66.7266 2 299.234 -103.544
368 474.978 66.7266 2 308.754 -91.0757
369 484.978 66.7266 2 318.304 -93.9316
370 84.9784 76.7266 2 139.912 -83.8575
371 94.9784 76.7266 2 133.281 -84.112
372 104.978 76.7266 2 127.092 -78.866
373 114.978 76.7266 2 121.412 -88.3066
374 124.978 76.7266 2 116.316 -82.8365
375 134.978 76.7266 2 111.883 -84.4211
376 144.978 76.7266 2 108.196 -80.7556
377 154.978 76.7266 2 105.332 -83.8291
378 164.978 76.7266 2 103.36 -85.512
379 174.978 76.7266 2 102.332 -97.5
380 184.978 76.7266 2 102.275 -98.6587
381 194.978 76.7266 2 103.193 -95.808
382 204.978 76.7266 2 105.058 -92.7172
383 214.978 76.7266 2 107.823 -91.0046
384 224.978 76.7266 2 111.419 -94.5614
385 234.978 76.7266 2 115.77 -95.4687
386 244.978 76.7266 2 120.794 -110.429
387 254.978 76.7266 2 126.411 -107.805
388 264.978 76.7266 2 132.545 -94.4889
389 274.978 76.7266 2 139.128 -88.976
390 284.978 76.7266 2 146.1 -89.7484
391 294.978 76.7266 2 153.407 -107.947
392 304.978 76.7266 2 161.003 -95.9091
393 314.978 76.7266 2 168.851 -92.9293
394 324.978 76.7266 2 176.915 -92.4638
395 334.978 76.7266 2 185.169 -103.68
396 344.978 76.7266 2 193.587 -92.2151
397 354.978 76.7266 2 202.15 -86.7709
398 364.978 76.7266 2 210.839 -86.0316
399 374.978 76.7266 2 219.639 -90.874
400 384.978 76.7266 2 228.539 -94.6534
401 394.978 76.7266 2 237.526 -104.909
402 404.978 76.7266 2 246.591 -95.7222
403 414.978 76.7266 2 255.725 -100.944
404 424.978 76.7266 2 264.922 -94.5708
405 434.978 76.7266 2 274.176 -106.262
406 444.978 76.7266 2 283.48 -112.094
407 454.978 76.7266 2 292.83 -102.435
408 464.978 76.7266 2 302.221 -108.943
409 474.978 76.7266 2 311.651 -99.3377
410 484.978 76.7266 2 321.115 -97.8353
411 84.9784 86.7266 2 146.876 -83.4881
412 94.9784 86.7266 2 140.574 -97.3199
413 104.978 86.7266 2 134.72 -250
414 114.978 86.7266 2 129.375 -250
415 124.978 86.7266 2 124.605 -250
416 134.978 86.7266 2 120.478 -82.1493
417 144.978 86.7266 2 117.061 -82.222
418 154.978 86.7266 2 114.42 -250
419 164.978 86.7266 2 112.607 -250
420 174.978 86.7266 2 111.664 -250
421 184.978 86.7266 2 111.612 -85.4821
422 194.978 86.7266 2 112.453 -86.9297
423 204.978 86.7266 2 114.168 -99.5353
424 214.978 86.7266 2 116.716 -81.6087
425 224.978 86.7266 2 120.047 -250
426 234.978 86.7266 2 124.096 -250
427 244.978 86.7266 2 128.795 -250
428 254.978 86.7266 2 134.077 -98.8786
429 264.978 86.7266 2 139.875 -100.448
430 274.978 86.7266 2 146.129 -94.1482
431 284.978 86.7266 2 152.781 -97.1775
432 294.978 86.7266 2 159.783 -95.4953
433 304.978 86.7266 2 167.09 -98.8039
434 314.978 86.7266 2 174.664 -92.6292
435 324.978 86.7266 2 182.472 -95.7619
436 334.978 86.7266 2 190.485 -93.044
437 344.978 86.7266 2 198.678 -91.4433
438 354.978 86.7266 2 207.03 -93.7748
439 364.978 86.7266 2 215.523 -89.6903
440 374.978 86.7266 2 224.139 -91.2741
441 384.978 86.7266 2 232.867 -250
442 394.978 86.7266 2 241.693 -250
443 404.978 86.7266 2 250.607 -250
444 414.978 86.7266 2 259.6 -102.161
445 424.978 86.7266 2 268.665 -96.1546
446 434.978 86.7266 2 277.794 -86.1773
447 444.978 86.7266 2 286.981 -250
448 454.978 86.7266 2 296.22 -250
449 464.978 86.7266 2 305.507 -250
450 474.978 86.7266 2 314.838 -93.1834
451 484.978 86.7266 2 324.209 -109.803
452 84.9784 96.7266 2 154.174 -88.0948
453 94.9784 96.7266 2 148.182 -108.56
454 104.978 96.7266 2 142.641 -89.7228
455 114.978 96.7266 2 137.604 -87.17
456 124.978 96.7266 2 133.129 -96.1821
457 134.978 96.7266 2 129.275 -83.746
458 144.978 96.7266 2 126.097 -83.8353
459 154.978 96.7266 2 123.648 -250
460 164.978 96.7266 2 121.973 -250
461 174.978 96.7266 2 121.103 -250
462 184.978 96.7266 2 121.055 -83.683
463 194.978 96.7266 2 121.831 -250
464 204.978 96.7266 2 123.415 -250
465 214.978 96.7266 2 125.777 -250
466 224.978 96.7266 2 128.873 -250
467 234.978 96.7266 2 132.653 -250
468 244.978 96.7266 2 137.059 -250
469 254.978 96.7266 2 142.034 -250
470 264.978 96.7266 2 147.52 -250
471 274.978 96.7266 2 153.462 -103.236
472 284.978 96.7266 2 159.81 -94.7868
473 294.978 96.7266 2 166.516 -90.3764
474 304.978 96.7266 2 173.54 -89.7661
475 314.978 96.7266 2 180.844 -94.4624
476 324.978 96.7266 2 188.396 -90.6521
477 334.978 96.7266 2 196.167 -85.8988
478 344.978 96.7266 2 204.132 -87.1003
479 354.978 96.7266 2 212.27 -85.9238
480 364.978 96.7266 2 220.561 -82.1393
481 374.978 96.7266 2 228.988 -84.4397
482 384.978 96.7266 2 237.537 -250
483 394.978 96.7266 2 246.196 -250
484 404.978 96.7266 2 254.953 -250
485 414.978 96.7266 2 263.798 -96.8145
486 424.978 96.7266 2 272.723 -103.674
487 434.978 96.7266 2 281.72 -94.5565
488 444.978 96.7266 2 290.783 -250
489 454.978 96.7266 2 299.906 -250
490 464.978 96.7266 2 309.082 -250
491 474.978 96.7266 2 318.308 -118.486
492 484.978 96.7266 2 327.58 -107.121
493 84.9784 106.727 2 161.761 -96.3774
494 94.9784 106.727 2 156.061 -97.2036
495 104.978 106.727 2 150.809 -104.173
496 114.978 106.727 2 146.055 -116.073
497 124.978 106.727 2 141.847 -95.337
498 134.978 106.727 2 138.235 -88.5295
499 144.978 106.727 2 135.268 -85.7823
500 154.978 106.727 2 132.988 -250
501 164.978 106.727 2 131.432 -250
502 174.978 106.727 2 130.625 -250
503 184.978 106.727 2 130.581 -84.0948
504 194.978 106.727 2 131.3 -250
505 204.978 106.727 2 132.772 -250
506 214.978 106.727 2 134.97 -250
507 224.978 106.727 2 137.86 -250
508 234.978 106.727 2 141.399 -250
509 244.978 106.727 2 145.541 -250
510 254.978 106.727 2 150.235 -250
511 264.978 106.727 2 155.432 -250
512 274.978 106.727 2 161.083 -100.809
513 284.978 106.727 2 167.141 -82.4808
514 294.978 106.727 2 173.564 -86.0694
515 304.978 106.727 2 180.314 -86.5357
516 314.978 106.727 2 187.354 -86.6611
517 324.978 106.727 2 194.654 -88.783
518 334.978 106.727 2 202.184 -80.9038
519 344.978 106.727 2 209.922 -92.7611
520 354.978 106.727 2 217.843 -83.1822
521 364.978 106.727 2 225.929 -88.0787
522 374.978 106.727 2 234.163 -87.4313
523 384.978 106.727 2 242.53 -250
524 394.978 106.727 2 251.017 -250
525 404.978 106.727 2 259.611 -250
526 414.978 106.727 2 268.303 -109.663
527 424.978 106.727 2 277.083 -112.567
528 434.978 106.727 2 285.943 -99.8406
529 444.978 106.727 2 294.876 -250
530 454.978 106.727 2 303.876 -250
531 464.978 106.727 2 312.936 -250
532 474.978 106.727 2 322.052 -115.59
533 484.978 106.727 2 331.219 -115.641
534 84.9784 116.727 2 169.598 -94.6945
535 94.9784 116.727 2 164.171 -94.6768
536 104.978 116.727 2 159.187 -129.669
537 114.978 116.727 2 154.69 -250
538 124.978 116.727 2 150.723 -250
539 134.978 116.727 2 147.329 -250
540 144.978 116.727 2 144.549 -250
541 154.978 116.727 2 142.418 -250
542 164.978 116.727 2 140.966 -250
543 174.978 116.727 2 140.214 -250
544 184.978 116.727 2 140.173 -81.4001
545 194.978 116.727 2 140.843 -250
546 204.978 116.727 2 142.216 -250
547 214.978 116.727 2 144.27 -250
548 224.978 116.727 2 146.977 -250
549 234.978 116.727 2 150.302 -250
550 244.978 116.727 2 154.205 -250
551 254.978 116.727 2 158.643 -250
552 264.978 116.727 2 163.573 -250
553 274.978 116.727 2 168.952 -106.743
554 284.978 116.727 2 174.737 -98.0282
555 294.978 116.727 2 180.891 -83.6527
556 304.978 116.727 2 187.377 -84.3098
557 314.978 116.727 2 194.161 -81.3178
558 324.978 116.727 2 201.214 -250
559 334.978 116.727 2 208.508 -250
560 344.978 116.727 2 216.019 -250
561 354.978 116.727 2 223.724 -250
562 364.978 116.727 2 231.605 -250
563 374.978 116.727 2 239.645 -250
564 384.978 116.727 2 247.827 -250
565 394.978 116.727 2 256.138 -250
566 404.978 116.727 2 264.566 -250
567 414.978 116.727 2 273.1 -250
568 424.978 116.727 2 281.73 -106.865
569 434.978 116.727 2 290.449 -113.192
570 444.978 116.727 2 299.247 -250
571 454.978 116.727 2 308.119 -250
572 464.978 116.727 2 317.058 -250
573 474.978 116.727 2 326.059 -130.755
574 484.978 116.727 2 335.116 -123.231
575 84.9784 126.727 2 177.653 -85.6894
576 94.9784 126.727 2 172.479 -85.5635
577 104.978 126.727 2 167.742 -96.9924
578 114.978 126.727 2 163.481 -250
579 124.978 126.727 2 159.732 -250
580 134.978 126.727 2 156.534 -250
581 144.978 126.727 2 153.92 -250
582 154.978 126.727 2 151.921 -250
583 164.978 126.727 2 150.56 -250
584 174.978 126.727 2 149.856 -250
585 184.978 126.727 2 149.818 -84.1307
586 194.978 126.727 2 150.445 -102.136
587 204.978 126.727 2 151.731 -98.9194
588 214.978 126.727 2 153.658 -97.8275
589 224.978 126.727 2 156.203 -250
590 234.978 126.727 2 159.335 -250
591 244.978 126.727 2 163.022 -250
592 254.978 126.727 2 167.227 -106.399
593 264.978 126.727 2 171.911 -97.8077
594 274.978 126.727 2 177.036 -104.236
595 284.978 126.727 2 182.566 -115.223
596 294.978 126.727 2 188.464 -108.066
597 304.978 126.727 2 194.698 -83.3144
598 314.978 126.727 2 201.235 -83.9416
599 324.978 126.727 2 208.048 -250
600 334.978 126.727 2 215.111 -250
601 344.978 126.727 2 222.398 -250
602 354.978 126.727 2 229.89 -250
603 364.978 126.727 2 237.567 -250
604 374.978 126.727 2 245.411 -250
605 384.978 126.727 2 253.407 -250
606 394.978 126.727 2 261.541 -250
607 404.978 126.727 2 269.8 -250
608 414.978 126.727 2 278.173 -250
609 424.978 126.727 2 286.651 -124.289
610 434.978 126.727 2 295.224 -113.526
611 444.978 126.727 2 303.885 -250
612 454.978 126.727 2 312.625 -250
613 464.978 126.727 2 321.439 -250
614 474.978 126.727 2 330.32 -126.261
615 484.978 126.727 2 339.264 -134.035
616 84.9784 136.727 2 185.897 -87.9859
617 94.9784 136.727 2 180.959 -97.4944
618 104.978 136.727 2 176.45 -94.5233
619 114.978 136.727 2 172.404 -97.949
620 124.978 136.727 2 168.853 -89.3501
621 134.978 136.727 2 165.831 -250
622 144.978 136.727 2 163.366 -250
623 154.978 136.727 2 161.484 -250
624 164.978 136.727 2 160.204 -250
625 174.978 136.727 2 159.543 -250
626 184.978 136.727 2 159.507 -86.5393
627 194.978 136.727 2 160.096 -99.0944
628 204.978 136.727 2 161.305 -102.194
629 214.978 136.727 2 163.119 -102.138
630 224.978 136.727 2 165.518 -250
631 234.978 136.727 2 168.478 -250
632 244.978 136.727 2 171.969 -250
633 254.978 136.727 2 175.96 -125.624
634 264.978 136.727 2 180.417 -113.295
635 274.978 136.727 2 185.307 -99.5085
636 284.978 136.727 2 190.597 -96.4191
637 294.978 136.727 2 196.254 -90.9889
638 304.978 136.727 2 202.248 -92.4496
639 314.978 136.727 2 208.549 -85.3616
640 324.978 136.727 2 215.131 -250
641 334.978 136.727 2 221.968 -250
642 344.978 136.727 2 229.037 -250
643 354.978 136.727 2 236.319 -250
644 364.978 136.727 2 243.793 -250
645 374.978 136.727 2 251.443 -250
646 384.978 136.727 2 259.253 -250
647 394.978 136.727 2 267.209 -250
648 404.978 136.727 2 275.298 -250
649 414.978 136.727 2 283.509 -250
650 424.978 136.727 2 291.832 -126.447
651 434.978 136.727 2 300.257 -129.506
652 444.978 136.727 2 308.776 -250
653 454.978 136.727 2 317.382 -250
654 464.978 136.727 2 326.067 -250
655 474.978 136.727 2 334.826 -129.091
656 484.978 136.727 2 343.652 -125.55
657 84.9784 146.727 2 194.305 -87.1943
658 94.9784 146.727 2 189.587 -98.8929
659 104.978 146.727 2 185.288 -93.302
660 114.978 146.727 2 181.439 -96.812
661 124.978 146.727 2 178.069 -107.468
662 134.978 146.727 2 175.206 -95.9352
663 144.978 146.727 2 172.874 -93.6142
664 154.978 146.727 2 171.096 -95.8134
665 164.978 146.727 2 169.889 -100.041
666 174.978 146.727 2 169.266 -110.166
667 184.978 146.727 2 169.232 -83.5429
668 194.978 146.727 2 169.788 -99.5952
669 204.978 146.727 2 170.928 -102.516
670 214.978 146.727 2 172.641 -103.106
671 224.978 146.727 2 174.909 -111.631
672 234.978 146.727 2 177.713 -112.719
673 244.978 146.727 2 181.026 -112.591
674 254.978 146.727 2 184.821 -97.1748
675 264.978 146.727 2 189.069 -115.84
676 274.978 146.727 2 193.741 -99.1407
677 284.978 146.727 2 198.807 -93.749
678 294.978 146.727 2 204.237 -90.0723
679 304.978 146.727 2 210.003 -91.8545
680 314.978 146.727 2 216.078 -95.357
681 324.978 146.727 2 222.437 -96.534
682 334.978 146.727 2 229.056 -103.815
683 344.978 146.727 2 235.913 -99.8146
684 354.978 146.727 2 242.989 -97.1905
685 364.978 146.727 2 250.264 -114.887
686 374.978 146.727 2 257.722 -119.034
687 384.978 146.727 2 265.347 -117.606
688 394.978 146.727 2 273.125 -121.622
689 404.978 146.727 2 281.044 -129.315
690 414.978 146.727 2 289.093 -132.746
691 424.978 146.727 2 297.259 -127.765
692 434.978 146.727 2 305.535 -142.159
693 444.978 146.727 2 313.911 -131.122
694 454.978 146.727 2 322.379 -130.183
695 464.978 146.727 2 330.933 -142.75
696 474.978 146.727 2 339.566 -131.958
697 484.978 146.727 2 348.273 -138.946
698 84.9784 156.727 2 202.859 -84.725
699 94.9784 156.727 2 198.343 -102.961
700 104.978 156.727 2 194.238 -92.8082
701 114.978 156.727 2 190.57 -95.4781
702 124.978 156.727 2 187.365 -104.768
703 134.978 156.727 2 184.646 -94.6066
704 144.978 156.727 2 182.435 -99.3706
705 154.978 156.727 2 180.751 -95.8361
706 164.978 156.727 2 179.609 -93.5925
707 174.978 156.727 2 179.019 -101.144
708 184.978 156.727 2 178.987 -93.1782
709 194.978 156.727 2 179.513 -103.17
710 204.978 156.727 2 180.592 -101.292
711 214.978 156.727 2 182.214 -107.166
712 224.978 156.727 2 184.365 -109.324
713 234.978 156.727 2 187.026 -104.305
714 244.978 156.727 2 190.177 -116.376
715 254.978 156.727 2 193.793 -113.69
716 264.978 156.727 2 197.849 -98.5261
717 274.978 156.727 2 202.318 -95.0284
718 284.978 156.727 2 207.174 -94.5556
719 294.978 156.727 2 212.39 -94.232
720 304.978 156.727 2 217.941 -105.897
721 314.978 156.727 2 223.801 -105.046
722 324.978 156.727 2 229.946 -91.2741
723 334.978 156.727 2 236.355 -94.8733
724 344.978 156.727 2 243.006 -118.901
725 354.978 156.727 2 249.881 -107.146
726 364.978 156.727 2 256.961 -100.033
727 374.978 156.727 2 264.23 -132.835
728 384.978 156.727 2 271.673 -123.2
729 394.978 156.727 2 279.275 -125.68
730 404.978 156.727 2 287.024 -134.469
731 414.978 156.727 2 294.909 -126.132
732 424.978 156.727 2 302.919 -125.701
733 434.978 156.727 2 311.044 -122.879
734 444.978 156.727 2 319.276 -125.234
735 454.978 156.727 2 327.606 -124.707
736 464.978 156.727 2 336.027 -126.725
737 474.978 156.727 2 344.532 -131.674
738 484.978 156.727 2 353.116 -132.772
739 84.9784 166.727 2 211.539 -87.6248
740 94.9784 166.727 2 207.213 -88.8725
741 104.978 166.727 2 203.287 -89.1952
742 114.978 166.727 2 199.785 -92.4491
743 124.978 166.727 2 196.73 -95.4962
744 134.978 166.727 2 194.142 -95.9257
745 144.978 166.727 2 192.04 -96.7213
746 154.978 166.727 2 190.442 -98.9075
747 164.978 166.727 2 189.358 -95.5647
748 174.978 166.727 2 188.799 -99.6269
749 184.978 166.727 2 188.768 -82.6567
750 194.978 166.727 2 189.267 -92.7246
751 204.978 166.727 2 190.29 -108.631
752 214.978 166.727 2 191.83 -106.349
753 224.978 166.727 2 193.875 -250
754 234.978 166.727 2 196.407 -117.65
755 244.978 166.727 2 199.41 -250
756 254.978 166.727 2 202.862 -250
757 264.978 166.727 2 206.74 -250
758 274.978 166.727 2 211.021 -91.5969
759 284.978 166.727 2 215.681 -97.7393
760 294.978 166.727 2 220.696 -250
761 304.978 166.727 2 226.043 -250
762 314.978 166.727 2 231.697 -250
763 324.978 166.727 2 237.639 -250
764 334.978 166.727 2 243.846 -250
765 344.978 166.727 2 250.298 -250
766 354.978 166.727 2 256.978 -127.255
767 364.978 166.727 2 263.868 -113.381
768 374.978 166.727 2 270.951 -250
769 384.978 166.727 2 278.214 -134.307
770 394.978 166.727 2 285.642 -119.144
771 404.978 166.727 2 293.224 -115.523
772 414.978 166.727 2 300.946 -126.136
773 424.978 166.727 2 308.799 -128.022
774 434.978 166.727 2 316.774 -121.736
775 444.978 166.727 2 324.86 -250
776 454.978 166.727 2 333.05 -250
777 464.978 166.727 2 341.337 -250
778 474.978 166.727 2 349.713 -129.681
779 484.978 166.727 2 358.173 -141.303
780 84.9784 176.727 2 220.331 -86.9856
781 94.9784 176.727 2 216.181 -83.2976
782 104.978 176.727 2 212.421 -84.0228
783 114.978 176.727 2 209.072 -92.6701
784 124.978 176.727 2 206.154 -96.5161
785 134.978 176.727 2 203.686 -95.5398
786 144.978 176.727 2 201.684 -94.9897
787 154.978 176.727 2 200.162 -93.6249
788 164.978 176.727 2 199.132 -94.9552
789 174.978 176.727 2 198.6 -95.2498
790 184.978 176.727 2 198.571 -81.7281
791 194.978 176.727 2 199.045 -89.1082
792 204.978 176.727 2 200.019 -98.6549
793 214.978 176.727 2 201.484 -99.5314
794 224.978 176.727 2 203.432 -250
795 234.978 176.727 2 205.847 -110.317
796 244.978 176.727 2 208.714 -250
797 254.978 176.727 2 212.014 -250
798 264.978 176.727 2 215.727 -250
799 274.978 176.727 2 219.834 -94.4098
800 284.978 176.727 2 224.311 -97.9036
801 294.978 176.727 2 229.137 -250
802 304.978 176.727 2 234.291 -250
803 314.978 176.727 2 239.751 -250
804 324.978 176.727 2 245.498 -250
805 334.978 176.727 2 251.511 -250
806 344.978 176.727 2 257.772 -250
807 354.978 176.727 2 264.262 -109.5
808 364.978 176.727 2 270.967 -116.103
809 374.978 176.727 2 277.87 -250
810 384.978 176.727 2 284.956 -123.512
811 394.978 176.727 2 292.213 -138.007
812 404.978 176.727 2 299.628 -123.61
813 414.978 176.727 2 307.19 -113.667
814 424.978 176.727 2 314.887 -134.079
815 434.978 176.727 2 322.711 -121.573
816 444.978 176.727 2 330.652 -250
817 454.978 176.727 2 338.703 -250
818 464.978 176.727 2 346.854 -250
819 474.978 176.727 2 355.101 -131.953
820 484.978 176.727 2 363.435 -140.96
821 84.9784 186.727 2 229.222 -88.029
822 94.9784 186.727 2 225.236 -88.122
823 104.978 186.727 2 221.629 -85.9669
824 114.978 186.727 2 218.422 -88.1054
825 124.978 186.727 2 215.631 -91.6018
826 134.978 186.727 2 213.272 -90.9703
827 144.978 186.727 2 211.361 -94.0146
828 154.978 186.727 2 209.91 -91.3115
829 164.978 186.727 2 208.927 -96.1477
830 174.978 186.727 2 208.42 -94.5012
831 184.978 186.727 2 208.393 -93.3581
832 194.978 186.727 2 208.844 -89.8395
833 204.978 186.727 2 209.772 -102.516
834 214.978 186.727 2 211.17 -107.258
835 224.978 186.727 2 213.029 -250
836 234.978 186.727 2 215.337 -113.601
837 244.978 186.727 2 218.079 -250
838 254.978 186.727 2 221.239 -250
839 264.978 186.727 2 224.801 -250
840 274.978 186.727 2 228.744 -112.691
841 284.978 186.727 2 233.05 -95.9806
842 294.978 186.727 2 237.699 -104.968
843 304.978 186.727 2 242.671 -127.01
844 314.978 186.727 2 247.947 -116.791
845 324.978 186.727 2 253.508 -108.644
846 334.978 186.727 2 259.335 -250
847 344.978 186.727 2 265.411 -250
848 354.978 186.727 2 271.72 -250
849 364.978 186.727 2 278.245 -250
850 374.978 186.727 2 284.971 -250
851 384.978 186.727 2 291.885 -135.441
852 394.978 186.727 2 298.974 -130.102
853 404.978 186.727 2 306.226 -113.301
854 414.978 186.727 2 313.628 -128.453
855 424.978 186.727 2 321.171 -117.637
856 434.978 186.727 2 328.846 -117.724
857 444.978 186.727 2 336.642 -250
858 454.978 186.727 2 344.553 -250
859 464.978 186.727 2 352.569 -250
860 474.978 186.727 2 360.685 -137.916
861 484.978 186.727 2 368.893 -136.862
862 84.9784 196.727 2 238.201 -87.6551
863 94.9784 196.727 2 234.368 -88.7168
864 104.978 196.727 2 230.904 -86.5724
865 114.978 196.727 2 227.827 -92.2597
866 124.978 196.727 2 225.152 -96.5712
867 134.978 196.727 2 222.895 -94.8086
868 144.978 196.727 2 221.067 -94.622
869 154.978 196.727 2 219.679 -98.6081
870 164.978 196.727 2 218.741 -94.5611
871 174.978 196.727 2 218.257 -95.1227
872 184.978 196.727 2 218.23 -89.7722
873 194.978 196.727 2 218.662 -87.0022
874 204.978 196.727 2 219.548 -102.585
875 214.978 196.727 2 220.884 -102.337
876 224.978 196.727 2 222.662 -250
877 234.978 196.727 2 224.871 -110.616
878 244.978 196.727 2 227.498 -112.284
879 254.978 196.727 2 230.53 -108.03
880 264.978 196.727 2 233.949 -94.7607
881 274.978 196.727 2 237.741 -99.0077
882 284.978 196.727 2 241.887 -112.83
883 294.978 196.727 2 246.369 -100.259
884 304.978 196.727 2 251.17 -115.996
885 314.978 196.727 2 256.271 -118.263
886 324.978 196.727 2 261.655 -101.493
887 334.978 196.727 2 267.305 -250
888 344.978 196.727 2 273.204 -250
889 354.978 196.727 2 279.336 -148.89
890 364.978 196.727 2 285.687 -133.031
891 374.978 196.727 2 292.242 -129.022
892 384.978 196.727 2 298.989 -145.809
893 394.978 196.727 2 305.913 -125.954
894 404.978 196.727 2 313.003 -125.578
895 414.978 196.727 2 320.249 -122.855
896 424.978 196.727 2 327.64 -250
897 434.978 196.727 2 335.166 -250
898 444.978 196.727 2 342.819 -250
899 454.978 196.727 2 350.59 -250
900 464.978 196.727 2 358.472 -250
901 474.978 196.727 2 366.457 -135.155
902 484.978 196.727 2 374.538 -141.398
903 84.9784 206.727 2 247.258 -88.8524
904 94.9784 206.727 2 243.568 -86.3347
905 104.978 206.727 2 240.237 -86.8251
906 114.978 206.727 2 237.281 -110.193
907 124.978 206.727 2 234.714 -250
908 134.978 206.727 2 232.549 -84.7148
909 144.978 206.727 2 230.798 -90.7863
910 154.978 206.727 2 229.469 -95.3719
911 164.978 206.727 2 228.571 -104.264
912 174.978 206.727 2 228.107 -109.569
913 184.978 206.727 2 228.082 -83.7101
914 194.978 206.727 2 228.495 -85.2611
915 204.978 206.727 2 229.344 -101.659
916 214.978 206.727 2 230.623 -114.234
917 224.978 206.727 2 232.326 -101.756
918 234.978 206.727 2 234.444 -103.68
919 244.978 206.727 2 236.965 -111.496
920 254.978 206.727 2 239.877 -101.033
921 264.978 206.727 2 243.165 -102.806
922 274.978 206.727 2 246.815 -110.79
923 284.978 206.727 2 250.811 -107.562
924 294.978 206.727 2 255.137 -125.429
925 304.978 206.727 2 259.775 -99.5516
926 314.978 206.727 2 264.711 -108.663
927 324.978 206.727 2 269.926 -107.827
928 334.978 206.727 2 275.407 -250
929 344.978 206.727 2 281.136 -250
930 354.978 206.727 2 287.099 -141.978
931 364.978 206.727 2 293.282 -134.364
932 374.978 206.727 2 299.671 -128.569
933 384.978 206.727 2 306.253 -128.548
934 394.978 206.727 2 313.017 -142.083
935 404.978 206.727 2 319.95 -128.132
936 414.978 206.727 2 327.042 -144.112
937 424.978 206.727 2 334.283 -250
938 434.978 206.727 2 341.663 -250
939 444.978 206.727 2 349.173 -250
940 454.978 206.727 2 356.806 -250
941 464.978 206.727 2 364.553 -250
942 474.978 206.727 2 372.408 -133.869
943 484.978 206.727 2 380.363 -134.237
944 84.9784 216.727 2 256.386 -89.9238
945 94.9784 216.727 2 252.828 -87.4481
946 104.978 216.727 2 249.621 -85.5474
947 114.978 216.727 2 246.778 -120.286
948 124.978 216.727 2 244.311 -250
949 134.978 216.727 2 242.232 -84.2861
950 144.978 216.727 2 240.551 -92.899
951 154.978 216.727 2 239.276 -94.7784
952 164.978 216.727 2 238.415 -101.446
953 174.978 216.727 2 237.971 -93.0373
954 184.978 216.727 2 237.946 -83.2574
955 194.978 216.727 2 238.342 -84.1531
956 204.978 216.727 2 239.156 -102.35
957 214.978 216.727 2 240.383 -101.814
958 224.978 216.727 2 242.017 -100.533
959 234.978 216.727 2 244.051 -101.214
960 244.978 216.727 2 246.474 -101.57
961 254.978 216.727 2 249.275 -116.559
962 264.978 216.727 2 252.441 -112.915
963 274.978 216.727 2 255.959 -99.5126
964 284.978 216.727 2 259.814 -109.103
965 294.978 216.727 2 263.992 -250
966 304.978 216.727 2 268.478 -250
967 314.978 216.727 2 273.256 -250
968 324.978 216.727 2 278.311 -250
969 334.978 216.727 2 283.63 -250
970 344.978 216.727 2 289.196 -250
971 354.978 216.727 2 294.996 -144.268
972 364.978 216.727 2 301.017 -126.587
973 374.978 216.727 2 307.245 -124.927
974 384.978 216.727 2 313.669 -137.194
975 394.978 216.727 2 320.276 -135.643
976 404.978 216.727 2 327.055 -126.454
977 414.978 216.727 2 333.996 -127.993
978 424.978 216.727 2 341.09 -250
979 434.978 216.727 2 348.325 -250
980 444.978 216.727 2 355.695 -250
981 454.978 216.727 2 363.191 -250
982 464.978 216.727 2 370.805 -250
983 474.978 216.727 2 378.529 -131.63
984 484.978 216.727 2 386.359 -147.024
985 84.9784 226.727 2 265.576 -90.4618
986 94.9784 226.727 2 262.143 -93.5949
987 104.978 226.727 2 259.052 -250
988 114.978 226.727 2 256.313 -250
989 124.978 226.727 2 253.938 -250
990 134.978 226.727 2 251.939 -100.545
991 144.978 226.727 2 250.323 -88.2253
992 154.978 226.727 2 249.099 -87.7113
993 164.978 226.727 2 248.271 -90.5291
994 174.978 226.727 2 247.845 -87.9316
995 184.978 226.727 2 247.822 -86.3878
996 194.978 226.727 2 248.202 -87.048
997 204.978 226.727 2 248.983 -105.829
998 214.978 226.727 2 250.162 -100.838
999 224.978 226.727 2 251.733 -98.5507
1000 234.978 226.727 2 253.689 -106.954
1001 244.978 226.727 2 256.02 -94.9177
1002 254.978 226.727 2 258.718 -111.642
1003 264.978 226.727 2 261.77 -108.542
1004 274.978 226.727 2 265.164 -102.687
1005 284.978 226.727 2 268.887 -110.556
1006 294.978 226.727 2 272.926 -250
1007 304.978 226.727 2 277.268 -250
1008 314.978 226.727 2 281.897 -250
1009 324.978 226.727 2 286.8 -250
1010 334.978 226.727 2 291.964 -250
1011 344.978 226.727 2 297.374 -250
1012 354.978 226.727 2 303.018 -136.28
1013 364.978 226.727 2 308.882 -124.803
1014 374.978 226.727 2 314.955 -126.657
1015 384.978 226.727 2 321.225 -126.284
1016 394.978 226.727 2 327.679 -133.275
1017 404.978 226.727 2 334.308 -125.309
1018 414.978 226.727 2 341.102 -135.068
1019 424.978 226.727 2 348.05 -250
1020 434.978 226.727 2 355.144 -250
1021 444.978 226.727 2 362.376 -250
1022 454.978 226.727 2 369.736 -250
1023 464.978 226.727 2 377.218 -250
1024 474.978 226.727 2 384.814 -139.08
1025 484.978 226.727 2 392.518 -132.157
1026 84.9784 236.727 2 274.823 -86.3732
1027 94.9784 236.727 2 271.507 -87.4057
1028 104.978 236.727 2 268.523 -109.792
1029 114.978 236.727 2 265.882 -116.715
1030 124.978 236.727 2 263.594 -250
1031 134.978 236.727 2 261.668 -84.4491
1032 144.978 236.727 2 260.113 -97.1307
1033 154.978 236.727 2 258.935 -85.915
1034 164.978 236.727 2 258.139 -86.2857
1035 174.978 236.727 2 257.729 -90.8912
1036 184.978 236.727 2 257.706 -87.5694
1037 194.978 236.727 2 258.072 -90.6014
1038 204.978 236.727 2 258.823 -101.83
1039 214.978 236.727 2 259.958 -106.832
1040 224.978 236.727 2 261.47 -96.3092
1041 234.978 236.727 2 263.353 -95.3299
1042 244.978 236.727 2 265.6 -113.006
1043 254.978 236.727 2 268.201 -110.861
1044 264.978 236.727 2 271.147 -111.973
1045 274.978 236.727 2 274.425 -102.696
1046 284.978 236.727 2 278.024 -102.769
1047 294.978 236.727 2 281.932 -250
1048 304.978 236.727 2 286.137 -250
1049 314.978 236.727 2 290.625 -250
1050 324.978 236.727 2 295.383 -250
1051 334.978 236.727 2 300.399 -250
1052 344.978 236.727 2 305.66 -250
1053 354.978 236.727 2 311.154 -118.104
1054 364.978 236.727 2 316.868 -126.776
1055 374.978 236.727 2 322.791 -129.115
1056 384.978 236.727 2 328.911 -133.2
1057 394.978 236.727 2 335.217 -131.112
1058 404.978 236.727 2 341.7 -124.047
1059 414.978 236.727 2 348.35 -250
1060 424.978 236.727 2 355.157 -250
1061 434.978 236.727 2 362.111 -250
1062 444.978 236.727 2 369.206 -250
1063 454.978 236.727 2 376.433 -250
1064 464.978 236.727 2 383.784 -250
1065 474.978 236.727 2 391.253 -132.677
1066 484.978 236.727 2 398.832 -130.011
1067 84.9784 246.727 2 284.121 -85.4703
1068 94.9784 246.727 2 280.915 -90.9663
1069 104.978 246.727 2 278.032 -109.533
1070 114.978 246.727 2 275.482 -112.241
1071 124.978 246.727 2 273.274 -108.686
1072 134.978 246.727 2 271.417 -85.8778
1073 144.978 246.727 2 269.918 -85.7435
1074 154.978 246.727 2 268.783 -85.0092
1075 164.978 246.727 2 268.016 -89.9807
1076 174.978 246.727 2 267.621 -85.4226
1077 184.978 246.727 2 267.6 -87.0168
1078 194.978 246.727 2 267.952 -88.8123
1079 204.978 246.727 2 268.676 -101.454
1080 214.978 246.727 2 269.768 -124.068
1081 224.978 246.727 2 271.226 -106.524
1082 234.978 246.727 2 273.042 -96.6016
1083 244.978 246.727 2 275.21 -116.659
1084 254.978 246.727 2 277.721 -107.816
1085 264.978 246.727 2 280.566 -112.47
1086 274.978 246.727 2 283.736 -117.786
1087 284.978 246.727 2 287.218 -109.721
1088 294.978 246.727 2 291.003 -122.079
1089 304.978 246.727 2 295.079 -113.465
1090 314.978 246.727 2 299.433 -129.757
1091 324.978 246.727 2 304.053 -126.789
1092 334.978 246.727 2 308.929 -123.416
1093 344.978 246.727 2 314.047 -134.698
1094 354.978 246.727 2 319.396 -127.88
1095 364.978 246.727 2 324.965 -124.551
1096 374.978 246.727 2 330.743 -126.072
1097 384.978 246.727 2 336.718 -121.111
1098 394.978 246.727 2 342.881 -129.502
1099 404.978 246.727 2 349.222 -134.362
1100 414.978 246.727 2 355.731 -140.629
1101 424.978 246.727 2 362.399 -133.86
1102 434.978 246.727 2 369.218 -131.61
1103 444.978 246.727 2 376.178 -134.118
1104 454.978 246.727 2 383.274 -142.037
1105 464.978 246.727 2 390.496 -134.953
1106 474.978 246.727 2 397.839 -137.813
1107 484.978 246.727 2 405.295 -140.573
1108 84.9784 256.727 2 293.465 -85.9632
1109 94.9784 256.727 2 290.362 -108.689
1110 104.978 256.727 2 287.574 -109.697
1111 114.978 256.727 2 285.109 -122.618
1112 124.978 256.727 2 282.977 -109.305
1113 134.978 256.727 2 281.184 -85.4532
1114 144.978 256.727 2 279.737 -83.5436
1115 154.978 256.727 2 278.642 -83.792
1116 164.978 256.727 2 277.902 -83.4668
1117 174.978 256.727 2 277.521 -87.9904
1118 184.978 256.727 2 277.501 -88.1187
1119 194.978 256.727 2 277.84 -85.5125
1120 204.978 256.727 2 278.538 -99.6067
1121 214.978 256.727 2 279.593 -94.4896
1122 224.978 256.727 2 280.999 -106.899
1123 234.978 256.727 2 282.753 -96.5232
1124 244.978 256.727 2 284.846 -113.019
1125 254.978 256.727 2 287.273 -101.338
1126 264.978 256.727 2 290.025 -123.299
1127 274.978 256.727 2 293.092 -106.19
1128 284.978 256.727 2 296.465 -106.318
1129 294.978 256.727 2 300.133 -108.26
1130 304.978 256.727 2 304.086 -126.34
1131 314.978 256.727 2 308.313 -116.547
1132 324.978 256.727 2 312.802 -128.932
1133 334.978 256.727 2 317.543 -121.686
1134 344.978 256.727 2 322.525 -139.867
1135 354.978 256.727 2 327.736 -129.982
1136 364.978 256.727 2 333.166 -125.361
1137 374.978 256.727 2 338.803 -134.87
1138 384.978 256.727 2 344.639 -121.486
1139 394.978 256.727 2 350.663 -134.206
1140 404.978 256.727 2 356.866 -129.97
1141 414.978 256.727 2 363.238 -125.747
1142 424.978 256.727 2 369.77 -126.318
1143 434.978 256.727 2 376.455 -131.639
1144 444.978 256.727 2 383.285 -131.821
1145 454.978 256.727 2 390.251 -138.879
1146 464.978 256.727 2 397.346 -128.312
1147 474.978 256.727 2 404.565 -139.903
1148 484.978 256.727 2 411.899 -129.485
1149 84.9784 266.727 2 302.851 -89.948
1150 94.9784 266.727 2 299.845 -110.327
1151 104.978 266.727 2 297.146 -101.091
1152 114.978 266.727 2 294.761 -113.703
1153 124.978 266.727 2 292.699 -102.674
1154 134.978 266.727 2 290.966 -250
1155 144.978 266.727 2 289.568 -250
1156 154.978 266.727 2 288.51 -250
1157 164.978 266.727 2 287.796 -250
1158 174.978 266.727 2 287.428 -87.1742
1159 184.978 266.727 2 287.408 -89.3001
1160 194.978 266.727 2 287.736 -86.3659
1161 204.978 266.727 2 288.41 -96.553
1162 214.978 266.727 2 289.429 -100.284
1163 224.978 266.727 2 290.788 -100.769
1164 234.978 266.727 2 292.483 -98.0423
1165 244.978 266.727 2 294.507 -250
1166 254.978 266.727 2 296.855 -250
1167 264.978 266.727 2 299.519 -250
1168 274.978 266.727 2 302.49 -108.885
1169 284.978 266.727 2 305.759 -107.902
1170 294.978 266.727 2 309.317 -250
1171 304.978 266.727 2 313.154 -250
1172 314.978 266.727 2 317.26 -250
1173 324.978 266.727 2 321.625 -250
1174 334.978 266.727 2 326.237 -250
1175 344.978 266.727 2 331.088 -250
1176 354.978 266.727 2 336.166 -250
1177 364.978 266.727 2 341.462 -250
1178 374.978 266.727 2 346.965 -250
1179 384.978 266.727 2 352.666 -250
1180 394.978 266.727 2 358.555 -250
1181 404.978 266.727 2 364.623 -250
1182 414.978 266.727 2 370.862 -250
1183 424.978 266.727 2 377.263 -250
1184 434.978 266.727 2 383.817 -250
1185 444.978 266.727 2 390.518 -250
1186 454.978 266.727 2 397.357 -250
1187 464.978 266.727 2 404.328 -250
1188 474.978 266.727 2 411.424 -132.514
1189 484.978 266.727 2 418.638 -134.604
1190 84.9784 276.727 2 312.275 -95.3897
1191 94.9784 276.727 2 309.361 -113.066
1192 104.978 276.727 2 306.745 -102.167
1193 114.978 276.727 2 304.436 -121.617
1194 124.978 276.727 2 302.44 -120.012
1195 134.978 276.727 2 300.763 -250
1196 144.978 276.727 2 299.411 -250
1197 154.978 276.727 2 298.388 -250
1198 164.978 276.727 2 297.697 -250
1199 174.978 276.727 2 297.342 -83.6112
1200 184.978 276.727 2 297.322 -93.6047
1201 194.978 276.727 2 297.639 -91.4471
1202 204.978 276.727 2 298.291 -93.1235
1203 214.978 276.727 2 299.276 -100.283
1204 224.978 276.727 2 300.59 -93.8455
1205 234.978 276.727 2 302.23 -93.8917
1206 244.978 276.727 2 304.19 -250
1207 254.978 276.727 2 306.464 -250
1208 264.978 276.727 2 309.044 -250
1209 274.978 276.727 2 311.925 -110.126
1210 284.978 276.727 2 315.096 -103.156
1211 294.978 276.727 2 318.55 -250
1212 304.978 276.727 2 322.277 -250
1213 314.978 276.727 2 326.268 -250
1214 324.978 276.727 2 330.514 -250
1215 334.978 276.727 2 335.004 -250
1216 344.978 276.727 2 339.73 -250
1217 354.978 276.727 2 344.681 -250
1218 364.978 276.727 2 349.848 -250
1219 374.978 276.727 2 355.221 -250
1220 384.978 276.727 2 360.791 -250
1221 394.978 276.727 2 366.55 -250
1222 404.978 276.727 2 372.488 -250
1223 414.978 276.727 2 378.597 -250
1224 424.978 276.727 2 384.869 -250
1225 434.978 276.727 2 391.296 -250
1226 444.978 276.727 2 397.871 -250
1227 454.978 276.727 2 404.586 -250
1228 464.978 276.727 2 411.434 -250
1229 474.978 276.727 2 418.41 -130.975
1230 484.978 276.727 2 425.506 -137.186
1231 84.9784 286.727 2 321.734 -122.405
1232 94.9784 286.727 2 318.906 -105.945
1233 104.978 286.727 2 316.37 -103.881
1234 114.978 286.727 2 314.131 -112.978
1235 124.978 286.727 2 312.197 -123.336
1236 134.978 286.727 2 310.572 -250
1237 144.978 286.727 2 309.263 -250
1238 154.978 286.727 2 308.273 -250
1239 164.978 286.727 2 307.605 -250
1240 174.978 286.727 2 307.261 -94.4304
1241 184.978 286.727 2 307.242 -94.3981
1242 194.978 286.727 2 307.549 -95.3483
1243 204.978 286.727 2 308.18 -94.9728
1244 214.978 286.727 2 309.133 -96.902
1245 224.978 286.727 2 310.406 -107.158
1246 234.978 286.727 2 311.994 -93.1064
1247 244.978 286.727 2 313.893 -250
1248 254.978 286.727 2 316.097 -250
1249 264.978 286.727 2 318.599 -250
1250 274.978 286.727 2 321.394 -116.973
1251 284.978 286.727 2 324.473 -108.992
1252 294.978 286.727 2 327.828 -250
1253 304.978 286.727 2 331.451 -250
1254 314.978 286.727 2 335.333 -250
1255 324.978 286.727 2 339.465 -250
1256 334.978 286.727 2 343.838 -250
1257 344.978 286.727 2 348.444 -250
1258 354.978 286.727 2 353.273 -250
1259 364.978 286.727 2 358.316 -250
1260 374.978 286.727 2 363.564 -250
1261 384.978 286.727 2 369.009 -250
1262 394.978 286.727 2 374.641 -250
1263 404.978 286.727 2 380.453 -250
1264 414.978 286.727 2 386.436 -250
1265 424.978 286.727 2 392.583 -250
1266 434.978 286.727 2 398.886 -250
1267 444.978 286.727 2 405.337 -250
1268 454.978 286.727 2 411.93 -250
1269 464.978 286.727 2 418.659 -250
1270 474.978 286.727 2 425.516 -129.205
1271 484.978 286.727 2 432.495 -135.542
1272 84.9784 296.727 2 331.225 -113.133
1273 94.9784 296.727 2 328.479 -97.713
1274 104.978 296.727 2 326.017 -104.935
1275 114.978 296.727 2 323.845 -112.871
1276 124.978 296.727 2 321.969 -120.813
1277 134.978 296.727 2 320.394 -250
1278 144.978 296.727 2 319.125 -250
1279 154.978 296.727 2 318.165 -250
1280 164.978 296.727 2 317.518 -250
1281 174.978 296.727 2 317.185 -108.825
1282 184.978 296.727 2 317.167 -93.3823
1283 194.978 296.727 2 317.464 -99.6607
1284 204.978 296.727 2 318.075 -99.8086
1285 214.978 296.727 2 318.999 -93.3256
1286 224.978 296.727 2 320.232 -95.6889
1287 234.978 296.727 2 321.772 -97.5146
1288 244.978 296.727 2 323.613 -250
1289 254.978 296.727 2 325.752 -250
1290 264.978 296.727 2 328.181 -250
1291 274.978 296.727 2 330.894 -123.253
1292 284.978 296.727 2 333.885 -108.551
1293 294.978 296.727 2 337.147 -250
1294 304.978 296.727 2 340.671 -250
1295 314.978 296.727 2 344.449 -250
1296 324.978 296.727 2 348.473 -119.431
1297 334.978 296.727 2 352.735 -149.157
1298 344.978 296.727 2 357.226 -168.421
1299 354.978 296.727 2 361.938 -129.461
1300 364.978 296.727 2 366.861 -110.296
1301 374.978 296.727 2 371.989 -146.143
1302 384.978 296.727 2 377.312 -143.04
1303 394.978 296.727 2 382.822 -153.385
1304 404.978 296.727 2 388.512 -151.496
1305 414.978 296.727 2 394.373 -153.98
1306 424.978 296.727 2 400.398 -161.44
1307 434.978 296.727 2 406.579 -250
1308 444.978 296.727 2 412.911 -250
1309 454.978 296.727 2 419.385 -250
1310 464.978 296.727 2 425.996 -250
1311 474.978 296.727 2 432.736 -139.538
1312 484.978 296.727 2 439.601 -137.03
1313 84.9784 306.727 2 340.745 -108.116
1314 94.9784 306.727 2 338.076 -99.0869
1315 104.978 306.727 2 335.684 -113.613
1316 114.978 306.727 2 333.575 -107.769
1317 124.978 306.727 2 331.754 -118.637
1318 134.978 306.727 2 330.226 -250
1319 144.978 306.727 2 328.995 -250
1320 154.978 306.727 2 328.064 -250
1321 164.978 306.727 2 327.437 -250
1322 174.978 306.727 2 327.113 -93.182
1323 184.978 306.727 2 327.096 -93.7166
1324 194.978 306.727 2 327.384 -95.4899
1325 204.978 306.727 2 327.977 -91.7783
1326 214.978 306.727 2 328.873 -91.4695
1327 224.978 306.727 2 330.069 -99.2603
1328 234.978 306.727 2 331.563 -91.373
1329 244.978 306.727 2 333.351 -250
1330 254.978 306.727 2 335.427 -250
1331 264.978 306.727 2 337.786 -250
1332 274.978 306.727 2 340.423 -112.893
1333 284.978 306.727 2 343.332 -100.359
1334 294.978 306.727 2 346.504 -250
1335 304.978 306.727 2 349.934 -250
1336 314.978 306.727 2 353.613 -250
1337 324.978 306.727 2 357.534 -112.879
1338 334.978 306.727 2 361.689 -250
1339 344.978 306.727 2 366.07 -250
1340 354.978 306.727 2 370.67 -250
1341 364.978 306.727 2 375.479 -106.698
1342 374.978 306.727 2 380.49 -250
1343 384.978 306.727 2 385.696 -250
1344 394.978 306.727 2 391.088 -250
1345 404.978 306.727 2 396.659 -250
1346 414.978 306.727 2 402.401 -250
1347 424.978 306.727 2 408.308 -250
1348 434.978 306.727 2 414.372 -250
1349 444.978 306.727 2 420.586 -250
1350 454.978 306.727 2 426.943 -250
1351 464.978 306.727 2 433.439 -250
1352 474.978 306.727 2 440.066 -151.416
1353 484.978 306.727 2 446.818 -139.372
1354 84.9784 316.727 2 350.291 -111.471
1355 94.9784 316.727 2 347.696 -105.417
1356 104.978 316.727 2 345.371 -102.758
1357 114.978 316.727 2 343.321 -99.3261
1358 124.978 316.727 2 341.552 -117.629
1359 134.978 316.727 2 340.068 -250
1360 144.978 316.727 2 338.873 -250
1361 154.978 316.727 2 337.969 -250
1362 164.978 316.727 2 337.36 -250
1363 174.978 316.727 2 337.046 -84.7751
1364 184.978 316.727 2 337.029 -102.133
1365 194.978 316.727 2 337.309 -88.6978
1366 204.978 316.727 2 337.884 -94.4854
1367 214.978 316.727 2 338.754 -99.6341
1368 224.978 316.727 2 339.916 -98.842
1369 234.978 316.727 2 341.367 -101.544
1370 244.978 316.727 2 343.103 -250
1371 254.978 316.727 2 345.12 -250
1372 264.978 316.727 2 347.414 -250
1373 274.978 316.727 2 349.979 -113.8
1374 284.978 316.727 2 352.808 -97.1091
1375 294.978 316.727 2 355.896 -250
1376 304.978 316.727 2 359.236 -250
1377 314.978 316.727 2 362.821 -250
1378 324.978 316.727 2 366.644 -126.632
1379 334.978 316.727 2 370.697 -250
1380 344.978 316.727 2 374.973 -250
1381 354.978 316.727 2 379.464 -250
1382 364.978 316.727 2 384.163 -101.115
1383 374.978 316.727 2 389.063 -250
1384 384.978 316.727 2 394.155 -250
1385 394.978 316.727 2 399.433 -250
1386 404.978 316.727 2 404.889 -250
1387 414.978 316.727 2 410.517 -250
1388 424.978 316.727 2 416.308 -250
1389 434.978 316.727 2 422.257 -250
1390 444.978 316.727 2 428.356 -250
1391 454.978 316.727 2 434.601 -250
1392 464.978 316.727 2 440.983 -250
1393 474.978 316.727 2 447.498 -130.856
1394 484.978 316.727 2 454.14 -133.414
1395 84.9784 326.727 2 359.862 -116.321
1396 94.9784 326.727 2 357.337 -107.088
1397 104.978 326.727 2 355.074 -104.365
1398 114.978 326.727 2 353.081 -99.5844
1399 124.978 326.727 2 351.361 -114.798
1400 134.978 326.727 2 349.919 -128.836
1401 144.978 326.727 2 348.758 -133.84
1402 154.978 326.727 2 347.88 -112.413
1403 164.978 326.727 2 347.288 -99.5377
1404 174.978 326.727 2 346.983 -88.0579
1405 184.978 326.727 2 346.966 -86.062
1406 194.978 326.727 2 347.238 -88.3004
1407 204.978 326.727 2 347.797 -91.4825
1408 214.978 326.727 2 348.642 -91.9863
1409 224.978 326.727 2 349.771 -102.813
1410 234.978 326.727 2 351.181 -88.6085
1411 244.978 326.727 2 352.869 -103.613
1412 254.978 326.727 2 354.831 -106.505
1413 264.978 326.727 2 357.062 -105.874
1414 274.978 326.727 2 359.558 -101.153
1415 284.978 326.727 2 362.313 -99.5411
1416 294.978 326.727 2 365.32 -128.776
1417 304.978 326.727 2 368.575 -122.281
1418 314.978 326.727 2 372.07 -131.783
1419 324.978 326.727 2 375.798 -121.137
1420 334.978 326.727 2 379.754 -98.4556
1421 344.978 326.727 2 383.929 -97.896
1422 354.978 326.727 2 388.317 -97.9388
1423 364.978 326.727 2 392.91 -101.189
1424 374.978 326.727 2 397.702 -100.683
1425 384.978 326.727 2 402.685 -113.161
1426 394.978 326.727 2 407.853 -110.465
1427 404.978 326.727 2 413.198 -122.28
1428 414.978 326.727 2 418.713 -126.761
1429 424.978 326.727 2 424.393 -142.481
1430 434.978 326.727 2 430.23 -137.842
1431 444.978 326.727 2 436.218 -139.623
1432 454.978 326.727 2 442.351 -129.579
1433 464.978 326.727 2 448.624 -131.155
1434 474.978 326.727 2 455.029 -130.463
1435 484.978 326.727 2 461.563 -138.896
1436 84.9784 336.727 2 369.456 -122.3
1437 94.9784 336.727 2 366.996 -110.139
1438 104.978 336.727 2 364.794 -108.818
1439 114.978 336.727 2 362.854 -107.426
1440 124.978 336.727 2 361.181 -116.222
1441 134.978 336.727 2 359.778 -125.642
1442 144.978 336.727 2 358.649 -140.968
1443 154.978 336.727 2 357.795 -118.558
1444 164.978 336.727 2 357.22 -108.9
1445 174.978 336.727 2 356.923 -92.6465
1446 184.978 336.727 2 356.907 -88.1376
1447 194.978 336.727 2 357.171 -87.4521
1448 204.978 336.727 2 357.715 -89.13
1449 214.978 336.727 2 358.536 -92.2783
1450 224.978 336.727 2 359.634 -86.3938
1451 234.978 336.727 2 361.006 -106.88
1452 244.978 336.727 2 362.648 -107.181
1453 254.978 336.727 2 364.557 -116.888
1454 264.978 336.727 2 366.73 -125.797
1455 274.978 336.727 2 369.16 -107.144
1456 284.978 336.727 2 371.843 -108.532
1457 294.978 336.727 2 374.775 -110.319
1458 304.978 336.727 2 377.948 -116.286
1459 314.978 336.727 2 381.357 -117.21
1460 324.978 336.727 2 384.995 -113.922
1461 334.978 336.727 2 388.857 -99.6327
1462 344.978 336.727 2 392.936 -100.42
1463 354.978 336.727 2 397.224 -98.6739
1464 364.978 336.727 2 401.716 -100.106
1465 374.978 336.727 2 406.404 -112.362
1466 384.978 336.727 2 411.281 -105.528
1467 394.978 336.727 2 416.342 -115.78
1468 404.978 336.727 2 421.58 -131.243
1469 414.978 336.727 2 426.987 -123.178
1470 424.978 336.727 2 432.558 -127.566
1471 434.978 336.727 2 438.286 -134.734
1472 444.978 336.727 2 444.166 -133.554
1473 454.978 336.727 2 450.191 -128.168
1474 464.978 336.727 2 456.355 -140.836
1475 474.978 336.727 2 462.654 -126.019
1476 484.978 336.727 2 469.081 -135.595
1477 84.9784 346.727 2 379.071 -117.766
1478 94.9784 346.727 2 376.674 -110.414
1479 104.978 346.727 2 374.529 -116.166
1480 114.978 346.727 2 372.64 -250
1481 124.978 346.727 2 371.011 -250
1482 134.978 346.727 2 369.645 -250
1483 144.978 346.727 2 368.546 -250
1484 154.978 346.727 2 367.715 -250
1485 164.978 346.727 2 367.155 -250
1486 174.978 346.727 2 366.867 -250
1487 184.978 346.727 2 366.851 -92.6787
1488 194.978 346.727 2 367.108 -88.522
1489 204.978 346.727 2 367.637 -86.614
1490 214.978 346.727 2 368.436 -89.639
1491 224.978 346.727 2 369.505 -84.8049
1492 234.978 346.727 2 370.84 -85.489
1493 244.978 346.727 2 372.439 -250
1494 254.978 346.727 2 374.298 -250
1495 264.978 346.727 2 376.414 -250
1496 274.978 346.727 2 378.782 -99.253
1497 284.978 346.727 2 381.398 -102.822
1498 294.978 346.727 2 384.257 -110.227
1499 304.978 346.727 2 387.352 -132.107
1500 314.978 346.727 2 390.679 -129.175
1501 324.978 346.727 2 394.232 -105.961
1502 334.978 346.727 2 398.004 -103.025
1503 344.978 346.727 2 401.989 -98.6861
1504 354.978 346.727 2 406.182 -107.885
1505 364.978 346.727 2 410.576 -100.997
1506 374.978 346.727 2 415.164 -105.064
1507 384.978 346.727 2 419.94 -250
1508 394.978 346.727 2 424.898 -250
1509 404.978 346.727 2 430.031 -250
1510 414.978 346.727 2 435.333 -250
1511 424.978 346.727 2 440.799 -250
1512 434.978 346.727 2 446.421 -250
1513 444.978 346.727 2 452.195 -140.787
1514 454.978 346.727 2 458.114 -250
1515 464.978 346.727 2 464.174 -250
1516 474.978 346.727 2 470.368 -133.957
1517 484.978 346.727 2 476.691 -131.782
1518 84.9784 356.727 2 388.706 -131.071
1519 94.9784 356.727 2 386.368 -108.897
1520 104.978 356.727 2 384.277 -250
1521 114.978 356.727 2 382.436 -250
1522 124.978 356.727 2 380.849 -250
1523 134.978 356.727 2 379.519 -250
1524 144.978 356.727 2 378.448 -250
1525 154.978 356.727 2 377.639 -250
1526 164.978 356.727 2 377.094 -250
1527 174.978 356.727 2 376.813 -250
1528 184.978 356.727 2 376.798 -88.1087
1529 194.978 356.727 2 377.048 -90.0054
1530 204.978 356.727 2 377.563 -94.7176
1531 214.978 356.727 2 378.341 -92.2867
1532 224.978 356.727 2 379.382 -86.9032
1533 234.978 356.727 2 380.683 -89.0475
1534 244.978 356.727 2 382.24 -250
1535 254.978 356.727 2 384.052 -250
1536 264.978 356.727 2 386.115 -250
1537 274.978 356.727 2 388.424 -94.2828
1538 284.978 356.727 2 390.975 -114.03
1539 294.978 356.727 2 393.764 -114.441
1540 304.978 356.727 2 396.785 -101.559
1541 314.978 356.727 2 400.034 -141.293
1542 324.978 356.727 2 403.504 -104.46
1543 334.978 356.727 2 407.19 -100.936
1544 344.978 356.727 2 411.087 -97.0775
1545 354.978 356.727 2 415.188 -99.6063
1546 364.978 356.727 2 419.487 -102.762
1547 374.978 356.727 2 423.979 -109.674
1548 384.978 356.727 2 428.657 -112.528
1549 394.978 356.727 2 433.515 -250
1550 404.978 356.727 2 438.547 -250
1551 414.978 356.727 2 443.748 -250
1552 424.978 356.727 2 449.111 -250
1553 434.978 356.727 2 454.63 -250
1554 444.978 356.727 2 460.301 -140.952
1555 454.978 356.727 2 466.118 -250
1556 464.978 356.727 2 472.074 -250
1557 474.978 356.727 2 478.166 -143.749
1558 484.978 356.727 2 484.388 -138.598
1559 84.9784 366.727 2 398.358 -127.463
1560 94.9784 366.727 2 396.078 -110.353
1561 104.978 366.727 2 394.038 -250
1562 114.978 366.727 2 392.243 -250
1563 124.978 366.727 2 390.695 -250
1564 134.978 366.727 2 389.399 -250
1565 144.978 366.727 2 388.355 -250
1566 154.978 366.727 2 387.567 -250
1567 164.978 366.727 2 387.036 -250
1568 174.978 366.727 2 386.763 -250
1569 184.978 366.727 2 386.748 -100.454
1570 194.978 366.727 2 386.991 -250
1571 204.978 366.727 2 387.493 -250
1572 214.978 366.727 2 388.252 -250
1573 224.978 366.727 2 389.266 -250
1574 234.978 366.727 2 390.533 -250
1575 244.978 366.727 2 392.052 -250
1576 254.978 366.727 2 393.819 -250
1577 264.978 366.727 2 395.83 -250
1578 274.978 366.727 2 398.083 -101.406
1579 284.978 366.727 2 400.573 -112.102
1580 294.978 366.727 2 403.295 -106.396
1581 304.978 366.727 2 406.246 -102.338
1582 314.978 366.727 2 409.419 -124.025
1583 324.978 366.727 2 412.811 -105.471
1584 334.978 366.727 2 416.415 -99.8474
1585 344.978 366.727 2 420.226 -99.1804
1586 354.978 366.727 2 424.238 -99.0974
1587 364.978 366.727 2 428.447 -105.529
1588 374.978 366.727 2 432.845 -105.505
1589 384.978 366.727 2 437.428 -121.064
1590 394.978 366.727 2 442.19 -250
1591 404.978 366.727 2 447.125 -250
1592 414.978 366.727 2 452.227 -250
1593 424.978 366.727 2 457.49 -250
1594 434.978 366.727 2 462.91 -250
1595 444.978 366.727 2 468.481 -154.054
1596 454.978 366.727 2 474.197 -250
1597 464.978 366.727 2 480.053 -250
1598 474.978 366.727 2 486.045 -151.764
1599 484.978 366.727 2 492.167 -144.591
1600 84.9784 376.727 2 408.027 -92.1557
1601 94.9784 376.727 2 405.801 -92.9615
1602 104.978 376.727 2 403.811 -250
1603 114.978 376.727 2 402.059 -250
1604 124.978 376.727 2 400.55 -250
1605 134.978 376.727 2 399.285 -250
1606 144.978 376.727 2 398.267 -250
1607 154.978 376.727 2 397.499 -250
1608 164.978 376.727 2 396.981 -250
1609 174.978 376.727 2 396.714 -250
1610 184.978 376.727 2 396.7 -95.5803
1611 194.978 376.727 2 396.937 -250
1612 204.978 376.727 2 397.426 -250
1613 214.978 376.727 2 398.166 -250
1614 224.978 376.727 2 399.155 -250
1615 234.978 376.727 2 400.391 -250
1616 244.978 376.727 2 401.873 -250
1617 254.978 376.727 2 403.597 -250
1618 264.978 376.727 2 405.56 -250
1619 274.978 376.727 2 407.759 -103.203
1620 284.978 376.727 2 410.19 -102.17
1621 294.978 376.727 2 412.849 -100.472
1622 304.978 376.727 2 415.731 -112.077
1623 314.978 376.727 2 418.833 -101.532
1624 324.978 376.727 2 422.149 -107.086
1625 334.978 376.727 2 425.674 -98.642
1626 344.978 376.727 2 429.403 -101.212
1627 354.978 376.727 2 433.33 -99.8022
1628 364.978 376.727 2 437.451 -111.42
1629 374.978 376.727 2 441.76 -112.365
1630 384.978 376.727 2 446.252 -250
1631 394.978 376.727 2 450.92 -250
1632 404.978 376.727 2 455.76 -250
1633 414.978 376.727 2 460.767 -250
1634 424.978 376.727 2 465.934 -250
1635 434.978 376.727 2 471.257 -250
1636 444.978 376.727 2 476.73 -250
1637 454.978 376.727 2 482.348 -250
1638 464.978 376.727 2 488.107 -250
1639 474.978 376.727 2 494.001 -155.218
1640 484.978 376.727 2 500.025 -137.387
1641 84.9784 386.727 2 417.712 -93.8827
1642 94.9784 386.727 2 415.538 -96.3924
1643 104.978 386.727 2 413.594 -134.497
1644 114.978 386.727 2 411.884 -250
1645 124.978 386.727 2 410.411 -250
1646 134.978 386.727 2 409.177 -250
1647 144.978 386.727 2 408.184 -250
1648 154.978 386.727 2 407.434 -250
1649 164.978 386.727 2 406.929 -250
1650 174.978 386.727 2 406.669 -250
1651 184.978 386.727 2 406.654 -93.7545
1652 194.978 386.727 2 406.886 -250
1653 204.978 386.727 2 407.363 -250
1654 214.978 386.727 2 408.085 -250
1655 224.978 386.727 2 409.05 -250
1656 234.978 386.727 2 410.256 -250
1657 244.978 386.727 2 411.702 -250
1658 254.978 386.727 2 413.385 -250
1659 264.978 386.727 2 415.302 -250
1660 274.978 386.727 2 417.45 -106.892
1661 284.978 386.727 2 419.825 -99.6297
1662 294.978 386.727 2 422.423 -106.577
1663 304.978 386.727 2 425.241 -106.824
1664 314.978 386.727 2 428.273 -118.006
1665 324.978 386.727 2 431.517 -102.755
1666 334.978 386.727 2 434.966 -99.9425
1667 344.978 386.727 2 438.616 -99.7472
1668 354.978 386.727 2 442.461 -101.414
1669 364.978 386.727 2 446.498 -109.407
1670 374.978 386.727 2 450.721 -109.133
1671 384.978 386.727 2 455.124 -250
1672 394.978 386.727 2 459.702 -250
1673 404.978 386.727 2 464.451 -250
1674 414.978 386.727 2 469.364 -250
1675 424.978 386.727 2 474.438 -250
1676 434.978 386.727 2 479.666 -250
1677 444.978 386.727 2 485.045 -250
1678 454.978 386.727 2 490.568 -250
1679 464.978 386.727 2 496.231 -250
1680 474.978 386.727 2 502.03 -137.324
1681 484.978 386.727 2 507.959 -138.626
1682 84.9784 396.727 2 427.411 -92.8047
1683 94.9784 396.727 2 425.286 -112.573
1684 104.978 396.727 2 423.388 -136.888
1685 114.978 396.727 2 421.717 -136.507
1686 124.978 396.727 2 420.278 -131.242
1687 134.978 396.727 2 419.073 -124.168
1688 144.978 396.727 2 418.104 -129.698
1689 154.978 396.727 2 417.372 -112.695
1690 164.978 396.727 2 416.879 -143.777
1691 174.978 396.727 2 416.625 -114.269
1692 184.978 396.727 2 416.611 -102.452
1693 194.978 396.727 2 416.837 -120.662
1694 204.978 396.727 2 417.303 -113.779
1695 214.978 396.727 2 418.008 -108.504
1696 224.978 396.727 2 418.95 -117.85
1697 234.978 396.727 2 420.128 -99.7771
1698 244.978 396.727 2 421.54 -250
1699 254.978 396.727 2 423.183 -250
1700 264.978 396.727 2 425.056 -250
1701 274.978 396.727 2 427.155 -107.713
1702 284.978 396.727 2 429.476 -91.7674
1703 294.978 396.727 2 432.016 -103.571
1704 304.978 396.727 2 434.772 -103.999
1705 314.978 396.727 2 437.739 -98.325
1706 324.978 396.727 2 440.912 -98.1726
1707 334.978 396.727 2 444.288 -123.433
1708 344.978 396.727 2 447.862 -109.799
1709 354.978 396.727 2 451.629 -112.565
1710 364.978 396.727 2 455.585 -110.727
1711 374.978 396.727 2 459.724 -108.086
1712 384.978 396.727 2 464.041 -250
1713 394.978 396.727 2 468.533 -250
1714 404.978 396.727 2 473.193 -250
1715 414.978 396.727 2 478.017 -250
1716 424.978 396.727 2 482.999 -250
1717 434.978 396.727 2 488.136 -250
1718 444.978 396.727 2 493.422 -250
1719 454.978 396.727 2 498.853 -250
1720 464.978 396.727 2 504.423 -250
1721 474.978 396.727 2 510.128 -134.844
1722 484.978 396.727 2 515.964 -133.123
1723 84.9784 406.727 2 437.124 -93.3377
1724 94.9784 406.727 2 435.047 -108.872
1725 104.978 406.727 2 433.191 -133.628
1726 114.978 406.727 2 431.558 -127.111
1727 124.978 406.727 2 430.152 -139.662
1728 134.978 406.727 2 428.975 -131.457
1729 144.978 406.727 2 428.028 -134.924
1730 154.978 406.727 2 427.313 -130.617
1731 164.978 406.727 2 426.831 -123.071
1732 174.978 406.727 2 426.583 -116.567
1733 184.978 406.727 2 426.57 -98.7891
1734 194.978 406.727 2 426.791 -104.416
1735 204.978 406.727 2 427.246 -114.305
1736 214.978 406.727 2 427.934 -131.319
1737 224.978 406.727 2 428.854 -118.238
1738 234.978 406.727 2 430.005 -97.0501
1739 244.978 406.727 2 431.385 -96.0926
1740 254.978 406.727 2 432.991 -122.074
1741 264.978 406.727 2 434.822 -122.465
1742 274.978 406.727 2 436.873 -111.246
1743 284.978 406.727 2 439.143 -106.023
1744 294.978 406.727 2 441.628 -99.8678
1745 304.978 406.727 2 444.324 -107.447
1746 314.978 406.727 2 447.227 -105.706
1747 324.978 406.727 2 450.334 -100.903
1748 334.978 406.727 2 453.64 -109.71
1749 344.978 406.727 2 457.141 -114.741
1750 354.978 406.727 2 460.832 -124.27
1751 364.978 406.727 2 464.709 -113.427
1752 374.978 406.727 2 468.768 -109.411
1753 384.978 406.727 2 473.003 -119.88
1754 394.978 406.727 2 477.41 -142.408
1755 404.978 406.727 2 481.984 -136.233
1756 414.978 406.727 2 486.721 -152.374
1757 424.978 406.727 2 491.615 -135.096
1758 434.978 406.727 2 496.663 -134.421
1759 444.978 406.727 2 501.859 -132.51
1760 454.978 406.727 2 507.199 -134.808
1761 464.978 406.727 2 512.679 -134.802
1762 474.978 406.727 2 518.293 -129.563
1763 484.978 406.727 2 524.039 -139.474
1764 84.9784 416.727 2 446.849 -95.7779
1765 94.9784 416.727 2 444.817 -120.798
1766 104.978 416.727 2 443.002 -149.021
1767 114.978 416.727 2 441.406 -250
1768 124.978 416.727 2 440.032 -250
1769 134.978 416.727 2 438.881 -250
1770 144.978 416.727 2 437.955 -250
1771 154.978 416.727 2 437.257 -119.283
1772 164.978 416.727 2 436.786 -112.625
1773 174.978 416.727 2 436.544 -112.124
1774 184.978 416.727 2 436.531 -102.668
1775 194.978 416.727 2 436.746 -105.957
1776 204.978 416.727 2 437.191 -125.857
1777 214.978 416.727 2 437.863 -121.707
1778 224.978 416.727 2 438.763 -114.348
1779 234.978 416.727 2 439.888 -95.0973
1780 244.978 416.727 2 441.237 -98.5814
1781 254.978 416.727 2 442.807 -106.935
1782 264.978 416.727 2 444.597 -113.449
1783 274.978 416.727 2 446.604 -105.153
1784 284.978 416.727 2 448.825 -96.7104
1785 294.978 416.727 2 451.256 -108.973
1786 304.978 416.727 2 453.895 -104.45
1787 314.978 416.727 2 456.738 -106.099
1788 324.978 416.727 2 459.78 -102.391
1789 334.978 416.727 2 463.019 -109.431
1790 344.978 416.727 2 466.449 -108.744
1791 354.978 416.727 2 470.067 -121.144
1792 364.978 416.727 2 473.869 -103.522
1793 374.978 416.727 2 477.849 -124.266
1794 384.978 416.727 2 482.005 -129.467
1795 394.978 416.727 2 486.33 -134.835
1796 404.978 416.727 2 490.821 -135.294
1797 414.978 416.727 2 495.474 -139.73
1798 424.978 416.727 2 500.282 -134.618
1799 434.978 416.727 2 505.243 -137.5
1800 444.978 416.727 2 510.352 -137.433
1801 454.978 416.727 2 515.604 -145.759
1802 464.978 416.727 2 520.996 -138.482
1803 474.978 416.727 2 526.521 -134.183
1804 484.978 416.727 2 532.178 -144.949
1805 84.9784 426.727 2 456.586 -94.8359
1806 94.9784 426.727 2 454.598 -122.257
1807 104.978 426.727 2 452.822 -136.803
1808 114.978 426.727 2 451.261 -250
1809 124.978 426.727 2 449.917 -250
1810 134.978 426.727 2 448.791 -250
1811 144.978 426.727 2 447.886 -250
1812 154.978 426.727 2 447.203 -136.429
1813 164.978 426.727 2 446.743 -250
1814 174.978 426.727 2 446.506 -250
1815 184.978 426.727 2 446.493 -250
1816 194.978 426.727 2 446.704 -250
1817 204.978 426.727 2 447.139 -250
1818 214.978 426.727 2 447.796 -250
1819 224.978 426.727 2 448.676 -106.596
1820 234.978 426.727 2 449.776 -250
1821 244.978 426.727 2 451.095 -250
1822 254.978 426.727 2 452.632 -250
1823 264.978 426.727 2 454.383 -250
1824 274.978 426.727 2 456.347 -105.152
1825 284.978 426.727 2 458.52 -104.689
1826 294.978 426.727 2 460.9 -99.6419
1827 304.978 426.727 2 463.484 -250
1828 314.978 426.727 2 466.268 -250
1829 324.978 426.727 2 469.249 -250
1830 334.978 426.727 2 472.423 -250
1831 344.978 426.727 2 475.785 -250
1832 354.978 426.727 2 479.333 -250
1833 364.978 426.727 2 483.062 -250
1834 374.978 426.727 2 486.967 -250
1835 384.978 426.727 2 491.045 -250
1836 394.978 426.727 2 495.292 -250
1837 404.978 426.727 2 499.702 -250
1838 414.978 426.727 2 504.273 -250
1839 424.978 426.727 2 508.999 -250
1840 434.978 426.727 2 513.875 -250
1841 444.978 426.727 2 518.899 -250
1842 454.978 426.727 2 524.066 -250
1843 464.978 426.727 2 529.371 -133.873
1844 474.978 426.727 2 534.81 -141.217
1845 484.978 426.727 2 540.38 -250
1846 84.9784 436.727 2 466.335 -101.011
1847 94.9784 436.727 2 464.388 -122.749
1848 104.978 436.727 2 462.65 -130.838
1849 114.978 436.727 2 461.122 -250
1850 124.978 436.727 2 459.807 -250
1851 134.978 436.727 2 458.705 -250
1852 144.978 436.727 2 457.82 -250
1853 154.978 436.727 2 457.151 -129.084
1854 164.978 436.727 2 456.701 -250
1855 174.978 436.727 2 456.47 -250
1856 184.978 436.727 2 456.457 -250
1857 194.978 436.727 2 456.663 -250
1858 204.978 436.727 2 457.089 -250
1859 214.978 436.727 2 457.732 -250
1860 224.978 436.727 2 458.592 -107.018
1861 234.978 436.727 2 459.669 -250
1862 244.978 436.727 2 460.96 -250
1863 254.978 436.727 2 462.463 -250
1864 264.978 436.727 2 464.178 -250
1865 274.978 436.727 2 466.1 -123.864
1866 284.978 436.727 2 468.228 -107.285
1867 294.978 436.727 2 470.56 -101.23
1868 304.978 436.727 2 473.091 -250
1869 314.978 436.727 2 475.818 -250
1870 324.978 436.727 2 478.74 -250
1871 334.978 436.727 2 481.851 -250
1872 344.978 436.727 2 485.148 -250
1873 354.978 436.727 2 488.628 -250
1874 364.978 436.727 2 492.286 -250
1875 374.978 436.727 2 496.119 -250
1876 384.978 436.727 2 500.123 -250
1877 394.978 436.727 2 504.293 -250
1878 404.978 436.727 2 508.625 -250
1879 414.978 436.727 2 513.116 -250
1880 424.978 436.727 2 517.761 -250
1881 434.978 436.727 2 522.556 -250
1882 444.978 436.727 2 527.497 -250
1883 454.978 436.727 2 532.58 -250
1884 464.978 436.727 2 537.801 -128.759
1885 474.978 436.727 2 543.156 -146.666
1886 484.978 436.727 2 548.641 -250
1887 84.9784 446.727 2 476.094 -103.345
1888 94.9784 446.727 2 474.187 -121.55
1889 104.978 446.727 2 472.485 -136.017
1890 114.978 446.727 2 470.989 -250
1891 124.978 446.727 2 469.701 -250
1892 134.978 446.727 2 468.623 -250
1893 144.978 446.727 2 467.756 -250
1894 154.978 446.727 2 467.102 -128.612
1895 164.978 446.727 2 466.662 -250
1896 174.978 446.727 2 466.435 -250
1897 184.978 446.727 2 466.423 -250
1898 194.978 446.727 2 466.625 -250
1899 204.978 446.727 2 467.041 -250
1900 214.978 446.727 2 467.67 -250
1901 224.978 446.727 2 468.512 -111.555
1902 234.978 446.727 2 469.566 -250
1903 244.978 446.727 2 470.83 -250
1904 254.978 446.727 2 472.302 -250
1905 264.978 446.727 2 473.981 -250
1906 274.978 446.727 2 475.864 -114.684
1907 284.978 446.727 2 477.949 -121.61
1908 294.978 446.727 2 480.233 -93.6887
1909 304.978 446.727 2 482.713 -250
1910 314.978 446.727 2 485.387 -250
1911 324.978 446.727 2 488.251 -250
1912 334.978 446.727 2 491.302 -250
1913 344.978 446.727 2 494.536 -250
1914 354.978 446.727 2 497.95 -250
1915 364.978 446.727 2 501.54 -250
1916 374.978 446.727 2 505.303 -250
1917 384.978 446.727 2 509.234 -250
1918 394.978 446.727 2 513.33 -250
1919 404.978 446.727 2 517.587 -250
1920 414.978 446.727 2 522.001 -250
1921 424.978 446.727 2 526.568 -250
1922 434.978 446.727 2 531.283 -250
1923 444.978 446.727 2 536.144 -250
1924 454.978 446.727 2 541.146 -250
1925 464.978 446.727 2 546.285 -134.491
1926 474.978 446.727 2 551.558 -136.14
1927 484.978 446.727 2 556.96 -250
1928 84.9784 456.727 2 485.862 -116.167
1929 94.9784 456.727 2 483.994 -120.692
1930 104.978 456.727 2 482.327 -133.786
1931 114.978 456.727 2 480.861 -250
1932 124.978 456.727 2 479.6 -250
1933 134.978 456.727 2 478.544 -250
1934 144.978 456.727 2 477.696 -250
1935 154.978 456.727 2 477.055 -122.955
1936 164.978 456.727 2 476.624 -250
1937 174.978 456.727 2 476.402 -250
1938 184.978 456.727 2 476.39 -250
1939 194.978 456.727 2 476.587 -250
1940 204.978 456.727 2 476.995 -250
1941 214.978 456.727 2 477.611 -250
1942 224.978 456.727 2 478.436 -107.117
1943 234.978 456.727 2 479.468 -250
1944 244.978 456.727 2 480.706 -250
1945 254.978 456.727 2 482.148 -250
1946 264.978 456.727 2 483.792 -250
1947 274.978 456.727 2 485.637 -116.444
1948 284.978 456.727 2 487.68 -104.389
1949 294.978 456.727 2 489.919 -93.8826
1950 304.978 456.727 2 492.35 -250
1951 314.978 456.727 2 494.972 -250
1952 324.978 456.727 2 497.781 -250
1953 334.978 456.727 2 500.774 -250
1954 344.978 456.727 2 503.947 -250
1955 354.978 456.727 2 507.298 -250
1956 364.978 456.727 2 510.823 -250
1957 374.978 456.727 2 514.517 -250
1958 384.978 456.727 2 518.379 -250
1959 394.978 456.727 2 522.403 -250
1960 404.978 456.727 2 526.587 -250
1961 414.978 456.727 2 530.926 -250
1962 424.978 456.727 2 535.416 -250
1963 434.978 456.727 2 540.055 -250
1964 444.978 456.727 2 544.837 -250
1965 454.978 456.727 2 549.76 -250
1966 464.978 456.727 2 554.819 -143.756
1967 474.978 456.727 2 560.012 -130.227
1968 484.978 456.727 2 565.333 -250
1969 84.9784 466.727 2 495.64 -108.837
1970 94.9784 466.727 2 493.809 -123.018
1971 104.978 466.727 2 492.175 -140.494
1972 114.978 466.727 2 490.739 -250
1973 124.978 466.727 2 489.503 -250
1974 134.978 466.727 2 488.469 -250
1975 144.978 466.727 2 487.637 -250
1976 154.978 466.727 2 487.01 -122.161
1977 164.978 466.727 2 486.587 -250
1978 174.978 466.727 2 486.37 -250
1979 184.978 466.727 2 486.358 -250
1980 194.978 466.727 2 486.552 -250
1981 204.978 466.727 2 486.951 -250
1982 214.978 466.727 2 487.555 -250
1983 224.978 466.727 2 488.362 -110.587
1984 234.978 466.727 2 489.373 -250
1985 244.978 466.727 2 490.586 -250
1986 254.978 466.727 2 491.999 -250
1987 264.978 466.727 2 493.611 -250
1988 274.978 466.727 2 495.419 -118.1
1989 284.978 466.727 2 497.422 -105.621
1990 294.978 466.727 2 499.617 -95.6992
1991 304.978 466.727 2 502.002 -250
1992 314.978 466.727 2 504.573 -250
1993 324.978 466.727 2 507.329 -250
1994 334.978 466.727 2 510.266 -250
1995 344.978 466.727 2 513.381 -250
1996 354.978 466.727 2 516.67 -250
1997 364.978 466.727 2 520.131 -250
1998 374.978 466.727 2 523.761 -250
1999 384.978 466.727 2 527.554 -250
2000 394.978 466.727 2 531.509 -250
2001 404.978 466.727 2 535.622 -250
2002 414.978 466.727 2 539.888 -250
2003 424.978 466.727 2 544.305 -250
2004 434.978 466.727 2 548.868 -250
2005 444.978 466.727 2 553.574 -250
2006 454.978 466.727 2 558.42 -250
2007 464.978 466.727 2 563.402 -166.538
2008 474.978 466.727 2 568.516 -138.503
2009 484.978 466.727 2 573.758 -250
2010 84.9784 476.727 2 505.427 -108.81
2011 94.9784 476.727 2 503.631 -128.497
2012 104.978 476.727 2 502.029 -143.849
2013 114.978 476.727 2 500.621 -161.814
2014 124.978 476.727 2 499.41 -158.168
2015 134.978 476.727 2 498.396 -138.394
2016 144.978 476.727 2 497.581 -137.373
2017 154.978 476.727 2 496.966 -130.694
2018 164.978 476.727 2 496.552 -134.336
2019 174.978 476.727 2 496.339 -146.525
2020 184.978 476.727 2 496.328 -143.036
2021 194.978 476.727 2 496.517 -133.513
2022 204.978 476.727 2 496.908 -138.261
2023 214.978 476.727 2 497.5 -136.124
2024 224.978 476.727 2 498.292 -108.211
2025 234.978 476.727 2 499.283 -126.072
2026 244.978 476.727 2 500.472 -144.554
2027 254.978 476.727 2 501.857 -128.83
2028 264.978 476.727 2 503.437 -140.891
2029 274.978 476.727 2 505.21 -122.342
2030 284.978 476.727 2 507.174 -104.577
2031 294.978 476.727 2 509.327 -104.463
2032 304.978 476.727 2 511.667 -250
2033 314.978 476.727 2 514.19 -250
2034 324.978 476.727 2 516.894 -250
2035 334.978 476.727 2 519.777 -250
2036 344.978 476.727 2 522.835 -250
2037 354.978 476.727 2 526.066 -250
2038 364.978 476.727 2 529.465 -250
2039 374.978 476.727 2 533.031 -250
2040 384.978 476.727 2 536.759 -250
2041 394.978 476.727 2 540.647 -250
2042 404.978 476.727 2 544.69 -250
2043 414.978 476.727 2 548.886 -250
2044 424.978 476.727 2 553.231 -250
2045 434.978 476.727 2 557.721 -250
2046 444.978 476.727 2 562.354 -250
2047 454.978 476.727 2 567.124 -250
2048 464.978 476.727 2 572.03 -129.126
2049 474.978 476.727 2 577.068 -145.955
2050 484.978 476.727 2 582.233 -250
2051 84.9784 486.727 2 515.222 -112.342
2052 94.9784 486.727 2 513.461 -125.393
2053 104.978 486.727 2 511.889 -131.678
2054 114.978 486.727 2 510.508 -140.898
2055 124.978 486.727 2 509.32 -144.134
2056 134.978 486.727 2 508.326 -148.145
2057 144.978 486.727 2 507.527 -135.603
2058 154.978 486.727 2 506.925 -132.203
2059 164.978 486.727 2 506.519 -130.086
2060 174.978 486.727 2 506.31 -136.568
2061 184.978 486.727 2 506.298 -135.121
2062 194.978 486.727 2 506.484 -138.679
2063 204.978 486.727 2 506.868 -131.79
2064 214.978 486.727 2 507.448 -140.116
2065 224.978 486.727 2 508.224 -121.847
2066 234.978 486.727 2 509.196 -111.998
2067 244.978 486.727 2 510.362 -127.961
2068 254.978 486.727 2 511.72 -128.44
2069 264.978 486.727 2 513.27 -123.132
2070 274.978 486.727 2 515.009 -111.248
2071 284.978 486.727 2 516.936 -103.614
2072 294.978 486.727 2 519.048 -106.885
2073 304.978 486.727 2 521.344 -107.711
2074 314.978 486.727 2 523.821 -122.952
2075 324.978 486.727 2 526.476 -127.986
2076 334.978 486.727 2 529.306 -137.782
2077 344.978 486.727 2 532.31 -155.396
2078 354.978 486.727 2 535.483 -154.244
2079 364.978 486.727 2 538.823 -155.741
2080 374.978 486.727 2 542.328 -146.142
2081 384.978 486.727 2 545.992 -154.959
2082 394.978 486.727 2 549.815 -154.398
2083 404.978 486.727 2 553.791 -148.496
2084 414.978 486.727 2 557.919 -157.661
2085 424.978 486.727 2 562.194 -153.19
2086 434.978 486.727 2 566.613 -169.797
2087 444.978 486.727 2 571.173 -152.659
2088 454.978 486.727 2 575.871 -146.395
2089 464.978 486.727 2 580.703 -145.843
2090 474.978 486.727 2 585.665 -139.97
2091 484.978 486.727 2 590.756 -132.66
2092 84.9784 496.727 2 525.024 -117.702
2093 94.9784 496.727 2 523.296 -122.761
2094 104.978 496.727 2 521.754 -250
2095 114.978 496.727 2 520.4 -250
2096 124.978 496.727 2 519.234 -250
2097 134.978 496.727 2 518.259 -250
2098 144.978 496.727 2 517.476 -250
2099 154.978 496.727 2 516.885 -250
2100 164.978 496.727 2 516.486 -250
2101 174.978 496.727 2 516.281 -250
2102 184.978 496.727 2 516.27 -250
2103 194.978 496.727 2 516.453 -250
2104 204.978 496.727 2 516.829 -143.233
2105 214.978 496.727 2 517.398 -138.319
2106 224.978 496.727 2 518.159 -118.437
2107 234.978 496.727 2 519.112 -250
2108 244.978 496.727 2 520.256 -250
2109 254.978 496.727 2 521.588 -250
2110 264.978 496.727 2 523.109 -250
2111 274.978 496.727 2 524.816 -105.942
2112 284.978 496.727 2 526.707 -102.819
2113 294.978 496.727 2 528.78 -100.396
2114 304.978 496.727 2 531.034 -107.806
2115 314.978 496.727 2 533.465 -115.258
2116 324.978 496.727 2 536.073 -146.538
2117 334.978 496.727 2 538.853 -142.11
2118 344.978 496.727 2 541.803 -142.953
2119 354.978 496.727 2 544.921 -161.951
2120 364.978 496.727 2 548.204 -142
2121 374.978 496.727 2 551.649 -145.073
2122 384.978 496.727 2 555.252 -148.767
2123 394.978 496.727 2 559.011 -160.424
2124 404.978 496.727 2 562.922 -162.132
2125 414.978 496.727 2 566.983 -157.084
2126 424.978 496.727 2 571.191 -152.036
2127 434.978 496.727 2 575.541 -153.341
2128 444.978 496.727 2 580.031 -146.842
2129 454.978 496.727 2 584.657 -133.682
2130 464.978 496.727 2 589.417 -140.403
2131 474.978 496.727 2 594.307 -135.276
2132 484.978 496.727 2 599.324 -144.071
2133 84.9784 506.727 2 534.834 -119.395
2134 94.9784 506.727 2 533.138 -133.633
2135 104.978 506.727 2 531.624 -250
2136 114.978 506.727 2 530.295 -250
2137 124.978 506.727 2 529.151 -250
2138 134.978 506.727 2 528.195 -250
2139 144.978 506.727 2 527.426 -250
2140 154.978 506.727 2 526.846 -250
2141 164.978 506.727 2 526.455 -250
2142 174.978 506.727 2 526.254 -250
2143 184.978 506.727 2 526.243 -250
2144 194.978 506.727 2 526.422 -250
2145 204.978 506.727 2 526.791 -142.306
2146 214.978 506.727 2 527.35 -140.39
2147 224.978 506.727 2 528.097 -116.32
2148 234.978 506.727 2 529.032 -250
2149 244.978 506.727 2 530.154 -250
2150 254.978 506.727 2 531.462 -250
2151 264.978 506.727 2 532.954 -250
2152 274.978 506.727 2 534.629 -102.058
2153 284.978 506.727 2 536.486 -100.609
2154 294.978 506.727 2 538.521 -250
2155 304.978 506.727 2 540.735 -250
2156 314.978 506.727 2 543.123 -250
2157 324.978 506.727 2 545.684 -250
2158 334.978 506.727 2 548.415 -250
2159 344.978 506.727 2 551.315 -250
2160 354.978 506.727 2 554.379 -250
2161 364.978 506.727 2 557.606 -250
2162 374.978 506.727 2 560.993 -250
2163 384.978 506.727 2 564.537 -250
2164 394.978 506.727 2 568.234 -250
2165 404.978 506.727 2 572.083 -250
2166 414.978 506.727 2 576.079 -250
2167 424.978 506.727 2 580.22 -150.759
2168 434.978 506.727 2 584.503 -151.988
2169 444.978 506.727 2 588.925 -155.931
2170 454.978 506.727 2 593.482 -133.768
2171 464.978 506.727 2 598.172 -139.051
2172 474.978 506.727 2 602.991 -146.143
2173 484.978 506.727 2 607.936 -250
2174 84.9784 516.727 2 544.651 -118.012
2175 94.9784 516.727 2 542.985 -117.16
2176 104.978 516.727 2 541.499 -250
2177 114.978 516.727 2 540.194 -250
2178 124.978 516.727 2 539.072 -250
2179 134.978 516.727 2 538.133 -250
2180 144.978 516.727 2 537.378 -250
2181 154.978 516.727 2 536.809 -250
2182 164.978 516.727 2 536.425 -250
2183 174.978 516.727 2 536.228 -250
2184 184.978 516.727 2 536.217 -250
2185 194.978 516.727 2 536.393 -250
2186 204.978 516.727 2 536.755 -143.657
2187 214.978 516.727 2 537.303 -123.118
2188 224.978 516.727 2 538.036 -123.818
2189 234.978 516.727 2 538.954 -250
2190 244.978 516.727 2 540.056 -250
2191 254.978 516.727 2 541.34 -250
2192 264.978 516.727 2 542.805 -250
2193 274.978 516.727 2 544.45 -98.8702
2194 284.978 516.727 2 546.273 -97.0626
2195 294.978 516.727 2 548.272 -250
2196 304.978 516.727 2 550.446 -250
2197 314.978 516.727 2 552.792 -250
2198 324.978 516.727 2 555.309 -250
2199 334.978 516.727 2 557.993 -250
2200 344.978 516.727 2 560.843 -250
2201 354.978 516.727 2 563.856 -250
2202 364.978 516.727 2 567.029 -250
2203 374.978 516.727 2 570.36 -250
2204 384.978 516.727 2 573.846 -250
2205 394.978 516.727 2 577.484 -250
2206 404.978 516.727 2 581.271 -250
2207 414.978 516.727 2 585.204 -250
2208 424.978 516.727 2 589.281 -176.869
2209 434.978 516.727 2 593.499 -163.695
2210 444.978 516.727 2 597.854 -121.715
2211 454.978 516.727 2 602.344 -138.506
2212 464.978 516.727 2 606.965 -135.286
2213 474.978 516.727 2 611.715 -126.87
2214 484.978 516.727 2 616.59 -250
2215 84.9784 526.727 2 554.474 -119.852
2216 94.9784 526.727 2 552.838 -122.45
2217 104.978 526.727 2 551.378 -250
2218 114.978 526.727 2 550.097 -250
2219 124.978 526.727 2 548.995 -250
2220 134.978 526.727 2 548.073 -250
2221 144.978 526.727 2 547.332 -250
2222 154.978 526.727 2 546.773 -250
2223 164.978 526.727 2 546.397 -250
2224 174.978 526.727 2 546.203 -250
2225 184.978 526.727 2 546.192 -250
2226 194.978 526.727 2 546.365 -250
2227 204.978 526.727 2 546.72 -123.841
2228 214.978 526.727 2 547.258 -120.806
2229 224.978 526.727 2 547.978 -114.936
2230 234.978 526.727 2 548.879 -250
2231 244.978 526.727 2 549.961 -250
2232 254.978 526.727 2 551.222 -250
2233 264.978 526.727 2 552.661 -250
2234 274.978 526.727 2 554.277 -96.9818
2235 284.978 526.727 2 556.067 -117.061
2236 294.978 526.727 2 558.032 -250
2237 304.978 526.727 2 560.168 -250
2238 314.978 526.727 2 562.473 -250
2239 324.978 526.727 2 564.947 -250
2240 334.978 526.727 2 567.586 -250
2241 344.978 526.727 2 570.387 -250
2242 354.978 526.727 2 573.35 -250
2243 364.978 526.727 2 576.471 -250
2244 374.978 526.727 2 579.748 -250
2245 384.978 526.727 2 583.177 -250
2246 394.978 526.727 2 586.757 -250
2247 404.978 526.727 2 590.485 -250
2248 414.978 526.727 2 594.358 -250
2249 424.978 526.727 2 598.373 -164.807
2250 434.978 526.727 2 602.526 -170.731
2251 444.978 526.727 2 606.817 -128.585
2252 454.978 526.727 2 611.241 -131.286
2253 464.978 526.727 2 615.795 -151.15
2254 474.978 526.727 2 620.477 -121.943
2255 484.978 526.727 2 625.284 -250
2256 84.9784 536.727 2 564.303 -123.422
2257 94.9784 536.727 2 562.696 -121.252
2258 104.978 536.727 2 561.262 -250
2259 114.978 536.727 2 560.003 -250
2260 124.978 536.727 2 558.921 -250
2261 134.978 536.727 2 558.015 -250
2262 144.978 536.727 2 557.287 -250
2263 154.978 536.727 2 556.738 -250
2264 164.978 536.727 2 556.369 -250
2265 174.978 536.727 2 556.179 -250
2266 184.978 536.727 2 556.168 -250
2267 194.978 536.727 2 556.338 -250
2268 204.978 536.727 2 556.687 -128.1
2269 214.978 536.727 2 557.215 -108.729
2270 224.978 536.727 2 557.922 -97.8561
2271 234.978 536.727 2 558.807 -250
2272 244.978 536.727 2 559.87 -250
2273 254.978 536.727 2 561.108 -250
2274 264.978 536.727 2 562.522 -250
2275 274.978 536.727 2 564.109 -98.2603
2276 284.978 536.727 2 565.869 -102.558
2277 294.978 536.727 2 567.8 -250
2278 304.978 536.727 2 569.899 -250
2279 314.978 536.727 2 572.166 -250
2280 324.978 536.727 2 574.597 -250
2281 334.978 536.727 2 577.192 -250
2282 344.978 536.727 2 579.947 -250
2283 354.978 536.727 2 582.861 -250
2284 364.978 536.727 2 585.932 -250
2285 374.978 536.727 2 589.156 -250
2286 384.978 536.727 2 592.531 -250
2287 394.978 536.727 2 596.055 -250
2288 404.978 536.727 2 599.725 -250
2289 414.978 536.727 2 603.538 -250
2290 424.978 536.727 2 607.492 -155.099
2291 434.978 536.727 2 611.584 -165.496
2292 444.978 536.727 2 615.811 -133.757
2293 454.978 536.727 2 620.171 -134.893
2294 464.978 536.727 2 624.66 -126.895
2295 474.978 536.727 2 629.277 -145.256
2296 484.978 536.727 2 634.017 -250
2297 84.9784 546.727 2 574.139 -129.943
2298 94.9784 546.727 2 572.559 -126.963
2299 104.978 546.727 2 571.15 -250
2300 114.978 546.727 2 569.913 -250
2301 124.978 546.727 2 568.849 -250
2302 134.978 546.727 2 567.959 -250
2303 144.978 546.727 2 567.244 -250
2304 154.978 546.727 2 566.705 -250
2305 164.978 546.727 2 566.342 -250
2306 174.978 546.727 2 566.155 -250
2307 184.978 546.727 2 566.145 -250
2308 194.978 546.727 2 566.311 -250
2309 204.978 546.727 2 566.654 -115.684
2310 214.978 546.727 2 567.173 -111.065
2311 224.978 546.727 2 567.868 -95.6495
2312 234.978 546.727 2 568.738 -250
2313 244.978 546.727 2 569.782 -250
2314 254.978 546.727 2 570.999 -250
2315 264.978 546.727 2 572.388 -250
2316 274.978 546.727 2 573.948 -96.5954
2317 284.978 546.727 2 575.678 -111.634
2318 294.978 546.727 2 577.575 -250
2319 304.978 546.727 2 579.639 -250
2320 314.978 546.727 2 581.868 -250
2321 324.978 546.727 2 584.259 -250
2322 334.978 546.727 2 586.811 -250
2323 344.978 546.727 2 589.522 -250
2324 354.978 546.727 2 592.389 -250
2325 364.978 546.727 2 595.41 -250
2326 374.978 546.727 2 598.583 -250
2327 384.978 546.727 2 601.905 -250
2328 394.978 546.727 2 605.374 -250
2329 404.978 546.727 2 608.988 -250
2330 414.978 546.727 2 612.744 -250
2331 424.978 546.727 2 616.639 -118.926
2332 434.978 546.727 2 620.671 -135.405
2333 444.978 546.727 2 624.837 -124.291
2334 454.978 546.727 2 629.134 -127.175
2335 464.978 546.727 2 633.56 -127.735
2336 474.978 546.727 2 638.111 -151.507
2337 484.978 546.727 2 642.787 -250
2338 84.9784 556.727 2 583.98 -116.865
2339 94.9784 556.727 2 582.427 -133.106
2340 104.978 556.727 2 581.042 -181.699
2341 114.978 556.727 2 579.826 -179.829
2342 124.978 556.727 2 578.78 -178.299
2343 134.978 556.727 2 577.905 -177.057
2344 144.978 556.727 2 577.203 -175.874
2345 154.978 556.727 2 576.673 -174.989
2346 164.978 556.727 2 576.316 -174.154
2347 174.978 556.727 2 576.133 -172.857
2348 184.978 556.727 2 576.123 -170.601
2349 194.978 556.727 2 576.286 -158.336
2350 204.978 556.727 2 576.623 -120.399
2351 214.978 556.727 2 577.133 -112.003
2352 224.978 556.727 2 577.816 -93.1281
2353 234.978 556.727 2 578.671 -125.015
2354 244.978 556.727 2 579.697 -148.979
2355 254.978 556.727 2 580.893 -143.863
2356 264.978 556.727 2 582.259 -114.839
2357 274.978 556.727 2 583.792 -95.3083
2358 284.978 556.727 2 585.493 -120.382
2359 294.978 556.727 2 587.359 -147.97
2360 304.978 556.727 2 589.389 -156.998
2361 314.978 556.727 2 591.58 -172.988
2362 324.978 556.727 2 593.933 -177.393
2363 334.978 556.727 2 596.443 -186.034
2364 344.978 556.727 2 599.11 -178.637
2365 354.978 556.727 2 601.931 -179.401
2366 364.978 556.727 2 604.905 -176.357
2367 374.978 556.727 2 608.028 -174.238
2368 384.978 556.727 2 611.299 -168.182
2369 394.978 556.727 2 614.716 -173.978
2370 404.978 556.727 2 618.275 -173.477
2371 414.978 556.727 2 621.974 -163.794
2372 424.978 556.727 2 625.812 -135.098
2373 434.978 556.727 2 629.785 -132.376
2374 444.978 556.727 2 633.891 -132.412
2375 454.978 556.727 2 638.127 -125.633
2376 464.978 556.727 2 642.491 -143.88
2377 474.978 556.727 2 646.98 -166.765
2378 484.978 556.727 2 651.592 -145.152
2379 84.9784 566.727 2 593.826 -115.314
2380 94.9784 566.727 2 592.299 -136.652
2381 104.978 566.727 2 590.937 -167.079
2382 114.978 566.727 2 589.741 -163.762
2383 124.978 566.727 2 588.713 -162.382
2384 134.978 566.727 2 587.854 -164.145
2385 144.978 566.727 2 587.163 -162.875
2386 154.978 566.727 2 586.642 -163.156
2387 164.978 566.727 2 586.291 -162.235
2388 174.978 566.727 2 586.111 -160.998
2389 184.978 566.727 2 586.101 -157.904
2390 194.978 566.727 2 586.262 -128.269
2391 204.978 566.727 2 586.593 -121.254
2392 214.978 566.727 2 587.094 -112.8
2393 224.978 566.727 2 587.765 -99.1041
2394 234.978 566.727 2 588.606 -108.348
2395 244.978 566.727 2 589.614 -134.49
2396 254.978 566.727 2 590.791 -131.021
2397 264.978 566.727 2 592.133 -96.9611
2398 274.978 566.727 2 593.642 -104.986
2399 284.978 566.727 2 595.314 -114.36
2400 294.978 566.727 2 597.149 -134.39
2401 304.978 566.727 2 599.146 -137.618
2402 314.978 566.727 2 601.302 -157.314
2403 324.978 566.727 2 603.617 -173.629
2404 334.978 566.727 2 606.087 -171.691
2405 344.978 566.727 2 608.712 -164.736
2406 354.978 566.727 2 611.489 -183.616
2407 364.978 566.727 2 614.416 -165.238
2408 374.978 566.727 2 617.491 -165.853
2409 384.978 566.727 2 620.712 -163.41
2410 394.978 566.727 2 624.077 -177.837
2411 404.978 566.727 2 627.583 -171.641
2412 414.978 566.727 2 631.228 -166.079
2413 424.978 566.727 2 635.01 -135.822
2414 434.978 566.727 2 638.926 -128.524
2415 444.978 566.727 2 642.973 -124.784
2416 454.978 566.727 2 647.15 -140.319
2417 464.978 566.727 2 651.454 -150.778
2418 474.978 566.727 2 655.881 -147.793
2419 484.978 566.727 2 660.431 -153.457
2420 84.9784 576.727 2 603.677 -112.706
2421 94.9784 576.727 2 602.175 -145.971
2422 104.978 576.727 2 600.836 -158.701
2423 114.978 576.727 2 599.66 -162.09
2424 124.978 576.727 2 598.649 -158.475
2425 134.978 576.727 2 597.803 -157.663
2426 144.978 576.727 2 597.124 -157.868
2427 154.978 576.727 2 596.612 -160.389
2428 164.978 576.727 2 596.267 -164.063
2429 174.978 576.727 2 596.09 -159.833
2430 184.978 576.727 2 596.08 -150.835
2431 194.978 576.727 2 596.238 -120.908
2432 204.978 576.727 2 596.564 -119.819
2433 214.978 576.727 2 597.057 -110.942
2434 224.978 576.727 2 597.717 -98.3436
2435 234.978 576.727 2 598.543 -105.499
2436 244.978 576.727 2 599.535 -135.078
2437 254.978 576.727 2 600.692 -123.811
2438 264.978 576.727 2 602.013 -99.8392
2439 274.978 576.727 2 603.496 -99.0222
2440 284.978 576.727 2 605.141 -117.063
2441 294.978 576.727 2 606.947 -119.477
2442 304.978 576.727 2 608.911 -133.883
2443 314.978 576.727 2 611.033 -139.783
2444 324.978 576.727 2 613.311 -154.985
2445 334.978 576.727 2 615.742 -160.852
2446 344.978 576.727 2 618.326 -162.701
2447 354.978 576.727 2 621.06 -162.456
2448 364.978 576.727 2 623.942 -165.189
2449 374.978 576.727 2 626.971 -161.308
2450 384.978 576.727 2 630.144 -164.194
2451 394.978 576.727 2 633.458 -164.945
2452 404.978 576.727 2 636.913 -122.373
2453 414.978 576.727 2 640.505 -134.835
2454 424.978 576.727 2 644.232 -129.768
2455 434.978 576.727 2 648.092 -130.968
2456 444.978 576.727 2 652.083 -124.662
2457 454.978 576.727 2 656.201 -141.564
2458 464.978 576.727 2 660.446 -157.842
2459 474.978 576.727 2 664.814 -152.29
2460 484.978 576.727 2 669.302 -155.297
2461 84.9784 586.727 2 613.534 -117.038
2462 94.9784 586.727 2 612.055 -142.946
2463 104.978 586.727 2 610.738 -158.698
2464 114.978 586.727 2 609.581 -158.471
2465 124.978 586.727 2 608.586 -156.813
2466 134.978 586.727 2 607.755 -156.542
2467 144.978 586.727 2 607.087 -156.532
2468 154.978 586.727 2 606.583 -163.195
2469 164.978 586.727 2 606.244 -149.636
2470 174.978 586.727 2 606.069 -151.525
2471 184.978 586.727 2 606.06 -135.443
2472 194.978 586.727 2 606.215 -123.893
2473 204.978 586.727 2 606.535 -115.157
2474 214.978 586.727 2 607.02 -107.642
2475 224.978 586.727 2 607.669 -93.9408
2476 234.978 586.727 2 608.482 -101.277
2477 244.978 586.727 2 609.458 -130.899
2478 254.978 586.727 2 610.596 -122.307
2479 264.978 586.727 2 611.895 -100.852
2480 274.978 586.727 2 613.355 -96.5423
2481 284.978 586.727 2 614.974 -113.33
2482 294.978 586.727 2 616.751 -118.79
2483 304.978 586.727 2 618.684 -133.837
2484 314.978 586.727 2 620.772 -149.289
2485 324.978 586.727 2 623.014 -145.177
2486 334.978 586.727 2 625.408 -166.404
2487 344.978 586.727 2 627.952 -157.531
2488 354.978 586.727 2 630.644 -158.194
2489 364.978 586.727 2 633.483 -157.948
2490 374.978 586.727 2 636.466 -173.126
2491 384.978 586.727 2 639.592 -159.85
2492 394.978 586.727 2 642.858 -159.761
2493 404.978 586.727 2 646.262 -134.915
2494 414.978 586.727 2 649.803 -161.089
2495 424.978 586.727 2 653.477 -130.47
2496 434.978 586.727 2 657.282 -126.72
2497 444.978 586.727 2 661.218 -145.999
2498 454.978 586.727 2 665.28 -163.465
2499 464.978 586.727 2 669.467 -159.878
2500 474.978 586.727 2 673.776 -148.036
2501 484.978 586.727 2 678.205 -158.833
