# <Transmitter Set: Tx: 19 tx_ant_grid_80_m - Point 8> 
# <Receiver Set: Rx: 17 rx_ant_grid> 
# <X(m)> <Y(m)> <Z(m)> <Distance(m)> <PathGain(dB)>
1 84.9784 -13.2734 2 231.057 -87.8646
2 94.9784 -13.2734 2 222.656 -90.2701
3 104.978 -13.2734 2 214.393 -88.2349
4 114.978 -13.2734 2 206.283 -89.3983
5 124.978 -13.2734 2 198.346 -86.9293
6 134.978 -13.2734 2 190.603 -90.222
7 144.978 -13.2734 2 183.08 -85.9716
8 154.978 -13.2734 2 175.803 -90.1626
9 164.978 -13.2734 2 168.805 -85.7492
10 174.978 -13.2734 2 162.122 -87.7169
11 184.978 -13.2734 2 155.795 -87.5205
12 194.978 -13.2734 2 149.869 -84.8913
13 204.978 -13.2734 2 144.392 -89.165
14 214.978 -13.2734 2 139.419 -85.6624
15 224.978 -13.2734 2 135.004 -85.8992
16 234.978 -13.2734 2 131.204 -87.4901
17 244.978 -13.2734 2 128.074 -86.2599
18 254.978 -13.2734 2 125.664 -85.264
19 264.978 -13.2734 2 124.016 -92.0531
20 274.978 -13.2734 2 123.16 -91.3467
21 284.978 -13.2734 2 123.113 -90.1435
22 294.978 -13.2734 2 123.877 -102.365
23 304.978 -13.2734 2 125.435 -97.4159
24 314.978 -13.2734 2 127.759 -84.4742
25 324.978 -13.2734 2 130.808 -89.1771
26 334.978 -13.2734 2 134.534 -93.2269
27 344.978 -13.2734 2 138.881 -91.5715
28 354.978 -13.2734 2 143.793 -86.0521
29 364.978 -13.2734 2 149.214 -87.4674
30 374.978 -13.2734 2 155.091 -98.4095
31 384.978 -13.2734 2 161.375 -98.5145
32 394.978 -13.2734 2 168.019 -86.5104
33 404.978 -13.2734 2 174.982 -91.2474
34 414.978 -13.2734 2 182.228 -85.4545
35 424.978 -13.2734 2 189.725 -91.0284
36 434.978 -13.2734 2 197.444 -86.3248
37 444.978 -13.2734 2 205.36 -91.1158
38 454.978 -13.2734 2 213.451 -91.0718
39 464.978 -13.2734 2 221.697 -106.783
40 474.978 -13.2734 2 230.083 -119.603
41 484.978 -13.2734 2 238.593 -112.926
42 84.9784 -3.2734 2 227.122 -88.6632
43 94.9784 -3.2734 2 218.57 -88.9236
44 104.978 -3.2734 2 210.146 -87.039
45 114.978 -3.2734 2 201.866 -108.241
46 124.978 -3.2734 2 193.748 -109.32
47 134.978 -3.2734 2 185.814 -93.0834
48 144.978 -3.2734 2 178.088 -86.0242
49 154.978 -3.2734 2 170.598 -92.8803
50 164.978 -3.2734 2 163.377 -104.792
51 174.978 -3.2734 2 156.463 -102.156
52 184.978 -3.2734 2 149.897 -103.54
53 194.978 -3.2734 2 143.728 -106.085
54 204.978 -3.2734 2 138.008 -106.023
55 214.978 -3.2734 2 132.795 -104.514
56 224.978 -3.2734 2 128.152 -103.99
57 234.978 -3.2734 2 124.143 -106.74
58 244.978 -3.2734 2 120.83 -105.683
59 254.978 -3.2734 2 118.273 -103.726
60 264.978 -3.2734 2 116.52 -86.8731
61 274.978 -3.2734 2 115.609 -86.017
62 284.978 -3.2734 2 115.559 -85.3392
63 294.978 -3.2734 2 116.372 -140.78
64 304.978 -3.2734 2 118.029 -131.965
65 314.978 -3.2734 2 120.496 -122.359
66 324.978 -3.2734 2 123.725 -116.346
67 334.978 -3.2734 2 127.657 -132.418
68 344.978 -3.2734 2 132.23 -109.667
69 354.978 -3.2734 2 137.38 -124.145
70 364.978 -3.2734 2 143.045 -134.259
71 374.978 -3.2734 2 149.165 -125.913
72 384.978 -3.2734 2 155.688 -124.776
73 394.978 -3.2734 2 162.565 -108.846
74 404.978 -3.2734 2 169.752 -89.688
75 414.978 -3.2734 2 177.212 -88.9607
76 424.978 -3.2734 2 184.913 -88.2185
77 434.978 -3.2734 2 192.824 -85.8711
78 444.978 -3.2734 2 200.922 -133.381
79 454.978 -3.2734 2 209.184 -133.436
80 464.978 -3.2734 2 217.593 -153.161
81 474.978 -3.2734 2 226.131 -116.009
82 484.978 -3.2734 2 234.784 -108.831
83 84.9784 6.7266 2 223.565 -90.036
84 94.9784 6.7266 2 214.872 -87.1662
85 104.978 6.7266 2 206.297 -87.4559
86 114.978 6.7266 2 197.855 -114.153
87 124.978 6.7266 2 189.566 -250
88 134.978 6.7266 2 181.449 -84.7245
89 144.978 6.7266 2 173.529 -91.9678
90 154.978 6.7266 2 165.833 -93.4095
91 164.978 6.7266 2 158.396 -112.452
92 174.978 6.7266 2 151.254 -124.382
93 184.978 6.7266 2 144.451 -119.367
94 194.978 6.7266 2 138.038 -119.246
95 204.978 6.7266 2 132.072 -119.297
96 214.978 6.7266 2 126.616 -119.558
97 224.978 6.7266 2 121.738 -120.314
98 234.978 6.7266 2 117.51 -122.241
99 244.978 6.7266 2 114.005 -131.836
100 254.978 6.7266 2 111.29 -119.859
101 264.978 6.7266 2 109.426 -86.3739
102 274.978 6.7266 2 108.455 -89.9129
103 284.978 6.7266 2 108.402 -90.0983
104 294.978 6.7266 2 109.268 -250
105 304.978 6.7266 2 111.031 -250
106 314.978 6.7266 2 113.65 -250
107 324.978 6.7266 2 117.068 -250
108 334.978 6.7266 2 121.216 -250
109 344.978 6.7266 2 126.023 -250
110 354.978 6.7266 2 131.417 -250
111 364.978 6.7266 2 137.327 -250
112 374.978 6.7266 2 143.692 -250
113 384.978 6.7266 2 150.452 -250
114 394.978 6.7266 2 157.557 -109.863
115 404.978 6.7266 2 164.963 -92.0148
116 414.978 6.7266 2 172.63 -84.4448
117 424.978 6.7266 2 180.526 -83.7873
118 434.978 6.7266 2 188.622 -98.7242
119 444.978 6.7266 2 196.893 -250
120 454.978 6.7266 2 205.317 -250
121 464.978 6.7266 2 213.878 -250
122 474.978 6.7266 2 222.558 -108.113
123 484.978 6.7266 2 231.345 -105.804
124 84.9784 16.7266 2 220.405 -90.0836
125 94.9784 16.7266 2 211.582 -86.658
126 104.978 16.7266 2 202.868 -90.3397
127 114.978 16.7266 2 194.278 -86.0346
128 124.978 16.7266 2 185.829 -250
129 134.978 16.7266 2 177.541 -89.3932
130 144.978 16.7266 2 169.438 -85.4768
131 154.978 16.7266 2 161.548 -92.2085
132 164.978 16.7266 2 153.903 -107.653
133 174.978 16.7266 2 146.542 -115.9
134 184.978 16.7266 2 139.51 -133.555
135 194.978 16.7266 2 132.859 -250
136 204.978 16.7266 2 126.65 -250
137 214.978 16.7266 2 120.949 -250
138 224.978 16.7266 2 115.832 -250
139 234.978 16.7266 2 111.38 -250
140 244.978 16.7266 2 107.676 -250
141 254.978 16.7266 2 104.798 -250
142 264.978 16.7266 2 102.815 -94.8203
143 274.978 16.7266 2 101.782 -88.9532
144 284.978 16.7266 2 101.725 -87.9618
145 294.978 16.7266 2 102.647 -250
146 304.978 16.7266 2 104.522 -250
147 314.978 16.7266 2 107.301 -250
148 324.978 16.7266 2 110.914 -86.6147
149 334.978 16.7266 2 115.284 -86.3752
150 344.978 16.7266 2 120.328 -250
151 354.978 16.7266 2 125.966 -250
152 364.978 16.7266 2 132.121 -250
153 374.978 16.7266 2 138.724 -250
154 384.978 16.7266 2 145.715 -109.503
155 394.978 16.7266 2 153.04 -97.233
156 404.978 16.7266 2 160.654 -84.7783
157 414.978 16.7266 2 168.518 -86.632
158 424.978 16.7266 2 176.598 -86.6473
159 434.978 16.7266 2 184.865 -83.5751
160 444.978 16.7266 2 193.297 -250
161 454.978 16.7266 2 201.872 -250
162 464.978 16.7266 2 210.572 -250
163 474.978 16.7266 2 219.384 -120.122
164 484.978 16.7266 2 228.293 -111.251
165 84.9784 26.7266 2 217.659 -88.4115
166 94.9784 26.7266 2 208.72 -87.9053
167 104.978 26.7266 2 199.881 -87.9361
168 114.978 26.7266 2 191.156 -89.0647
169 124.978 26.7266 2 182.563 -85.3957
170 134.978 26.7266 2 174.12 -86.5672
171 144.978 26.7266 2 165.85 -112.404
172 154.978 26.7266 2 157.781 -116.394
173 164.978 26.7266 2 149.944 -106.276
174 174.978 26.7266 2 142.379 -96.6788
175 184.978 26.7266 2 135.13 -107.626
176 194.978 26.7266 2 128.252 -250
177 204.978 26.7266 2 121.808 -250
178 214.978 26.7266 2 115.869 -250
179 224.978 26.7266 2 110.517 -250
180 234.978 26.7266 2 105.842 -250
181 244.978 26.7266 2 101.937 -250
182 254.978 26.7266 2 98.8916 -250
183 264.978 26.7266 2 96.7886 -88.3126
184 274.978 26.7266 2 95.6897 -92.9283
185 284.978 26.7266 2 95.6295 -93.1802
186 294.978 26.7266 2 96.6099 -250
187 304.978 26.7266 2 98.6 -250
188 314.978 26.7266 2 101.54 -87.5645
189 324.978 26.7266 2 105.351 -86.0785
190 334.978 26.7266 2 109.943 -85.8788
191 344.978 26.7266 2 115.221 -85.3368
192 354.978 26.7266 2 121.097 -88.6879
193 364.978 26.7266 2 127.487 -250
194 374.978 26.7266 2 134.318 -250
195 384.978 26.7266 2 141.527 -115.173
196 394.978 26.7266 2 149.058 -129.24
197 404.978 26.7266 2 156.865 -104.857
198 414.978 26.7266 2 164.91 -95.3902
199 424.978 26.7266 2 173.158 -86.4472
200 434.978 26.7266 2 181.583 -84.4054
201 444.978 26.7266 2 190.16 -83.9696
202 454.978 26.7266 2 198.87 -250
203 464.978 26.7266 2 207.696 -250
204 474.978 26.7266 2 216.624 -114.965
205 484.978 26.7266 2 225.643 -124.33
206 84.9784 36.7266 2 215.342 -87.5726
207 94.9784 36.7266 2 206.303 -89.7165
208 104.978 36.7266 2 197.356 -86.5071
209 114.978 36.7266 2 188.515 -90.6229
210 124.978 36.7266 2 179.795 -86.5916
211 134.978 36.7266 2 171.216 -86.2276
212 144.978 36.7266 2 162.798 -87.37
213 154.978 36.7266 2 154.57 -96.5106
214 164.978 36.7266 2 146.561 -105.749
215 174.978 36.7266 2 138.812 -101.139
216 184.978 36.7266 2 131.367 -91.7667
217 194.978 36.7266 2 124.281 -86.8999
218 204.978 36.7266 2 117.619 -83.7305
219 214.978 36.7266 2 111.457 -93.1319
220 224.978 36.7266 2 105.883 -250
221 234.978 36.7266 2 100.993 -250
222 244.978 36.7266 2 96.8921 -250
223 254.978 36.7266 2 93.6833 -250
224 264.978 36.7266 2 91.4606 -98.7422
225 274.978 36.7266 2 90.2969 -91.6291
226 284.978 36.7266 2 90.2331 -91.8122
227 294.978 36.7266 2 91.2715 -250
228 304.978 36.7266 2 93.3755 -250
229 314.978 36.7266 2 96.4752 -108.059
230 324.978 36.7266 2 100.479 -111.155
231 334.978 36.7266 2 105.283 -114.582
232 344.978 36.7266 2 110.783 -110.876
233 354.978 36.7266 2 116.882 -108.826
234 364.978 36.7266 2 123.49 -105.925
235 374.978 36.7266 2 130.531 -84.1586
236 384.978 36.7266 2 137.938 -250
237 394.978 36.7266 2 145.655 -250
238 404.978 36.7266 2 153.635 -104.336
239 414.978 36.7266 2 161.84 -90.3292
240 424.978 36.7266 2 170.237 -86.2914
241 434.978 36.7266 2 178.799 -91.0628
242 444.978 36.7266 2 187.504 -87.1263
243 454.978 36.7266 2 196.332 -250
244 464.978 36.7266 2 205.267 -250
245 474.978 36.7266 2 214.297 -110.774
246 484.978 36.7266 2 223.409 -109.581
247 84.9784 46.7266 2 213.47 -86.6669
248 94.9784 46.7266 2 204.347 -90.5294
249 104.978 46.7266 2 195.311 -86.4383
250 114.978 46.7266 2 186.373 -88.6857
251 124.978 46.7266 2 177.548 -89.2147
252 134.978 46.7266 2 168.854 -86.9104
253 144.978 46.7266 2 160.313 -108.655
254 154.978 46.7266 2 151.95 -250
255 164.978 46.7266 2 143.796 -250
256 174.978 46.7266 2 135.889 -250
257 184.978 46.7266 2 128.274 -250
258 194.978 46.7266 2 121.007 -250
259 204.978 46.7266 2 114.154 -86.4819
260 214.978 46.7266 2 107.795 -111.581
261 224.978 46.7266 2 102.02 -89.2799
262 234.978 46.7266 2 96.9362 -85.6492
263 244.978 46.7266 2 92.6558 -89.1524
264 254.978 46.7266 2 89.2949 -92.2025
265 264.978 46.7266 2 86.9601 -93.548
266 274.978 46.7266 2 85.7353 -96.9991
267 284.978 46.7266 2 85.6681 -97.5849
268 294.978 46.7266 2 86.7612 -250
269 304.978 46.7266 2 88.9719 -250
270 314.978 46.7266 2 92.2197 -250
271 324.978 46.7266 2 96.4 -250
272 334.978 46.7266 2 101.397 -250
273 344.978 46.7266 2 107.098 -250
274 354.978 46.7266 2 113.395 -250
275 364.978 46.7266 2 120.195 -106.423
276 374.978 46.7266 2 127.418 -89.3105
277 384.978 46.7266 2 134.996 -250
278 394.978 46.7266 2 142.872 -250
279 404.978 46.7266 2 150.999 -100.184
280 414.978 46.7266 2 159.34 -99.8355
281 424.978 46.7266 2 167.862 -85.0014
282 434.978 46.7266 2 176.54 -86.6114
283 444.978 46.7266 2 185.35 -88.9664
284 454.978 46.7266 2 194.276 -250
285 464.978 46.7266 2 203.302 -250
286 474.978 46.7266 2 212.415 -114.355
287 484.978 46.7266 2 221.605 -107.762
288 84.9784 56.7266 2 212.053 -86.7327
289 94.9784 56.7266 2 202.867 -89.9511
290 104.978 56.7266 2 193.761 -86.921
291 114.978 56.7266 2 184.748 -86.7527
292 124.978 56.7266 2 175.842 -90.7725
293 134.978 56.7266 2 167.059 -86.6114
294 144.978 56.7266 2 158.421 -111.649
295 154.978 56.7266 2 149.953 -250
296 164.978 56.7266 2 141.684 -250
297 174.978 56.7266 2 133.652 -250
298 184.978 56.7266 2 125.902 -250
299 194.978 56.7266 2 118.489 -250
300 204.978 56.7266 2 111.482 -88.6358
301 214.978 56.7266 2 104.96 -85.8583
302 224.978 56.7266 2 99.021 -94.8864
303 234.978 56.7266 2 93.7744 -89.3584
304 244.978 56.7266 2 89.3427 -93.1926
305 254.978 56.7266 2 85.8522 -95.5279
306 264.978 56.7266 2 83.4211 -96.6215
307 274.978 56.7266 2 82.1436 -108.04
308 284.978 56.7266 2 82.0734 -107.269
309 294.978 56.7266 2 83.2138 -250
310 304.978 56.7266 2 85.5162 -250
311 314.978 56.7266 2 88.8904 -250
312 324.978 56.7266 2 93.22 -250
313 334.978 56.7266 2 98.3792 -250
314 344.978 56.7266 2 104.245 -250
315 354.978 56.7266 2 110.704 -250
316 364.978 56.7266 2 117.66 -113.941
317 374.978 56.7266 2 125.03 -86.527
318 384.978 56.7266 2 132.744 -250
319 394.978 56.7266 2 140.746 -250
320 404.978 56.7266 2 148.989 -113.666
321 414.978 56.7266 2 157.437 -86.536
322 424.978 56.7266 2 166.057 -88.4974
323 434.978 56.7266 2 174.824 -88.4988
324 444.978 56.7266 2 183.717 -85.8773
325 454.978 56.7266 2 192.718 -250
326 464.978 56.7266 2 201.814 -250
327 474.978 56.7266 2 210.991 -104.681
328 484.978 56.7266 2 220.24 -99.6986
329 84.9784 66.7266 2 211.101 -87.0003
330 94.9784 66.7266 2 201.871 -89.2555
331 104.978 66.7266 2 192.718 -87.6698
332 114.978 66.7266 2 183.654 -86.156
333 124.978 66.7266 2 174.692 -90.5725
334 134.978 66.7266 2 165.849 -88.9848
335 144.978 66.7266 2 157.144 -86.1192
336 154.978 66.7266 2 148.603 -85.4903
337 164.978 66.7266 2 140.254 -85.2973
338 174.978 66.7266 2 132.135 -85.8353
339 184.978 66.7266 2 124.291 -91.5161
340 194.978 66.7266 2 116.776 -88.6077
341 204.978 66.7266 2 109.66 -86.193
342 214.978 66.7266 2 103.023 -95.8441
343 224.978 66.7266 2 96.9648 -87.8524
344 234.978 66.7266 2 91.6005 -98.5013
345 244.978 66.7266 2 87.0582 -93.5384
346 254.978 66.7266 2 83.4723 -97.0748
347 264.978 66.7266 2 80.9698 -100.639
348 274.978 66.7266 2 79.6529 -115.247
349 284.978 66.7266 2 79.5806 -118.61
350 294.978 66.7266 2 80.7561 -102.641
351 304.978 66.7266 2 83.1266 -97.6795
352 314.978 66.7266 2 86.594 -92.7936
353 324.978 66.7266 2 91.0329 -96.1804
354 334.978 66.7266 2 96.3093 -89.7238
355 344.978 66.7266 2 102.294 -90.6821
356 354.978 66.7266 2 108.869 -87.7665
357 364.978 66.7266 2 115.935 -86.0808
358 374.978 66.7266 2 123.407 -92.9759
359 384.978 66.7266 2 131.217 -89.3949
360 394.978 66.7266 2 139.307 -87.4531
361 404.978 66.7266 2 147.631 -85.5955
362 414.978 66.7266 2 156.152 -86.9954
363 424.978 66.7266 2 164.839 -90.7908
364 434.978 66.7266 2 173.667 -86.9696
365 444.978 66.7266 2 182.616 -86.2129
366 454.978 66.7266 2 191.67 -88.5381
367 464.978 66.7266 2 200.813 -87.5491
368 474.978 66.7266 2 210.034 -86.5792
369 484.978 66.7266 2 219.323 -88.8766
370 84.9784 76.7266 2 210.619 -89.0386
371 94.9784 76.7266 2 201.368 -90.0257
372 104.978 76.7266 2 192.191 -89.5913
373 114.978 76.7266 2 183.101 -83.676
374 124.978 76.7266 2 174.11 -89.0071
375 134.978 76.7266 2 165.236 -89.2624
376 144.978 76.7266 2 156.497 -86.8721
377 154.978 76.7266 2 147.918 -84.6309
378 164.978 76.7266 2 139.529 -87.638
379 174.978 76.7266 2 131.365 -87.2506
380 184.978 76.7266 2 123.472 -90.132
381 194.978 76.7266 2 115.904 -88.8868
382 204.978 76.7266 2 108.73 -103.145
383 214.978 76.7266 2 102.033 -103.269
384 224.978 76.7266 2 95.9124 -100.649
385 234.978 76.7266 2 90.4858 -102.879
386 244.978 76.7266 2 85.8846 -97.4229
387 254.978 76.7266 2 82.2474 -106.304
388 264.978 76.7266 2 79.7065 -114.555
389 274.978 76.7266 2 78.3684 -122.066
390 284.978 76.7266 2 78.2949 -115.907
391 294.978 76.7266 2 79.4894 -115.747
392 304.978 76.7266 2 81.8966 -107.933
393 314.978 76.7266 2 85.4139 -100.834
394 324.978 76.7266 2 89.9111 -91.5393
395 334.978 76.7266 2 95.2497 -109.211
396 344.978 76.7266 2 101.296 -89.3555
397 354.978 76.7266 2 107.933 -94.8379
398 364.978 76.7266 2 115.056 -85.7638
399 374.978 76.7266 2 122.582 -87.4886
400 384.978 76.7266 2 130.441 -91.3096
401 394.978 76.7266 2 138.576 -88.04
402 404.978 76.7266 2 146.942 -91.8474
403 414.978 76.7266 2 155.5 -96.133
404 424.978 76.7266 2 164.222 -98.7934
405 434.978 76.7266 2 173.082 -98.9318
406 444.978 76.7266 2 182.06 -122.529
407 454.978 76.7266 2 191.139 -127.42
408 464.978 76.7266 2 200.307 -114.012
409 474.978 76.7266 2 209.55 -113.047
410 484.978 76.7266 2 218.86 -115.359
411 84.9784 86.7266 2 210.612 -98.9491
412 94.9784 86.7266 2 201.36 -118.187
413 104.978 86.7266 2 192.183 -250
414 114.978 86.7266 2 183.093 -250
415 124.978 86.7266 2 174.102 -250
416 134.978 86.7266 2 165.227 -96.7148
417 144.978 86.7266 2 156.488 -96.7499
418 154.978 86.7266 2 147.908 -250
419 164.978 86.7266 2 139.518 -250
420 174.978 86.7266 2 131.354 -250
421 184.978 86.7266 2 123.46 -90.1923
422 194.978 86.7266 2 115.891 -89.5418
423 204.978 86.7266 2 108.716 -105.007
424 214.978 86.7266 2 102.018 -121.51
425 224.978 86.7266 2 95.8969 -250
426 234.978 86.7266 2 90.4693 -250
427 244.978 86.7266 2 85.8672 -250
428 254.978 86.7266 2 82.2293 -108.632
429 264.978 86.7266 2 79.6878 -113.933
430 274.978 86.7266 2 78.3494 -114.68
431 284.978 86.7266 2 78.2758 -110.134
432 294.978 86.7266 2 79.4707 -115.687
433 304.978 86.7266 2 81.8784 -115.182
434 314.978 86.7266 2 85.3964 -101.99
435 324.978 86.7266 2 89.8946 -91.4292
436 334.978 86.7266 2 95.234 -104.547
437 344.978 86.7266 2 101.282 -91.326
438 354.978 86.7266 2 107.919 -91.623
439 364.978 86.7266 2 115.043 -87.1454
440 374.978 86.7266 2 122.57 -88.0744
441 384.978 86.7266 2 130.43 -250
442 394.978 86.7266 2 138.566 -250
443 404.978 86.7266 2 146.932 -250
444 414.978 86.7266 2 155.491 -109.783
445 424.978 86.7266 2 164.213 -114.133
446 434.978 86.7266 2 173.073 -104.194
447 444.978 86.7266 2 182.052 -250
448 454.978 86.7266 2 191.132 -250
449 464.978 86.7266 2 200.299 -250
450 474.978 86.7266 2 209.543 -94.1634
451 484.978 86.7266 2 218.853 -100.706
452 84.9784 96.7266 2 211.079 -99.0823
453 94.9784 96.7266 2 201.849 -116.071
454 104.978 96.7266 2 192.695 -121.139
455 114.978 96.7266 2 183.63 -108.81
456 124.978 96.7266 2 174.667 -84.3067
457 134.978 96.7266 2 165.822 -95.1143
458 144.978 96.7266 2 157.116 -110.587
459 154.978 96.7266 2 148.573 -250
460 164.978 96.7266 2 140.222 -250
461 174.978 96.7266 2 132.102 -250
462 184.978 96.7266 2 124.255 -115.501
463 194.978 96.7266 2 116.738 -250
464 204.978 96.7266 2 109.619 -250
465 214.978 96.7266 2 102.979 -250
466 224.978 96.7266 2 96.9187 -250
467 234.978 96.7266 2 91.5517 -250
468 244.978 96.7266 2 87.0069 -250
469 254.978 96.7266 2 83.4187 -250
470 264.978 96.7266 2 80.9145 -250
471 274.978 96.7266 2 79.5967 -118.427
472 284.978 96.7266 2 79.5244 -118.188
473 294.978 96.7266 2 80.7007 -104.422
474 304.978 96.7266 2 83.0728 -97.0923
475 314.978 96.7266 2 86.5423 -92.6834
476 324.978 96.7266 2 90.9838 -97.6944
477 334.978 96.7266 2 96.2628 -90.0485
478 344.978 96.7266 2 102.25 -89.8887
479 354.978 96.7266 2 108.828 -98.5132
480 364.978 96.7266 2 115.896 -83.5049
481 374.978 96.7266 2 123.371 -86.4969
482 384.978 96.7266 2 131.183 -250
483 394.978 96.7266 2 139.275 -250
484 404.978 96.7266 2 147.601 -250
485 414.978 96.7266 2 156.123 -95.0766
486 424.978 96.7266 2 164.812 -95.6897
487 434.978 96.7266 2 173.641 -98.8784
488 444.978 96.7266 2 182.592 -250
489 454.978 96.7266 2 191.646 -250
490 464.978 96.7266 2 200.79 -250
491 474.978 96.7266 2 210.013 -98.9922
492 484.978 96.7266 2 219.303 -101.391
493 84.9784 106.727 2 212.018 -86.9941
494 94.9784 106.727 2 202.83 -88.947
495 104.978 106.727 2 193.723 -87.4093
496 114.978 106.727 2 184.708 -84.4988
497 124.978 106.727 2 175.799 -87.753
498 134.978 106.727 2 167.015 -105.097
499 144.978 106.727 2 158.374 -119.856
500 154.978 106.727 2 149.903 -250
501 164.978 106.727 2 141.631 -250
502 174.978 106.727 2 133.596 -250
503 184.978 106.727 2 125.842 -117.992
504 194.978 106.727 2 118.426 -250
505 204.978 106.727 2 111.415 -250
506 214.978 106.727 2 104.889 -250
507 224.978 106.727 2 98.9457 -250
508 234.978 106.727 2 93.6949 -250
509 244.978 106.727 2 89.2592 -250
510 254.978 106.727 2 85.7653 -250
511 264.978 106.727 2 83.3317 -250
512 274.978 106.727 2 82.0528 -106.054
513 284.978 106.727 2 81.9826 -110.46
514 294.978 106.727 2 83.1241 -98.5593
515 304.978 106.727 2 85.429 -100.928
516 314.978 106.727 2 88.8065 -94.7668
517 324.978 106.727 2 93.1401 -85.6203
518 334.978 106.727 2 98.3034 -86.3981
519 344.978 106.727 2 104.173 -88.019
520 354.978 106.727 2 110.637 -94.3073
521 364.978 106.727 2 117.597 -90.2273
522 374.978 106.727 2 124.97 -83.2229
523 384.978 106.727 2 132.687 -250
524 394.978 106.727 2 140.693 -250
525 404.978 106.727 2 148.939 -250
526 414.978 106.727 2 157.389 -105.106
527 424.978 106.727 2 166.012 -116.451
528 434.978 106.727 2 174.781 -109.045
529 444.978 106.727 2 183.676 -250
530 454.978 106.727 2 192.679 -250
531 464.978 106.727 2 201.777 -250
532 474.978 106.727 2 210.956 -100.49
533 484.978 106.727 2 220.206 -107.738
534 84.9784 116.727 2 213.421 -87.7585
535 94.9784 116.727 2 204.296 -105.665
536 104.978 116.727 2 195.257 -127.827
537 114.978 116.727 2 186.317 -250
538 124.978 116.727 2 177.489 -250
539 134.978 116.727 2 168.793 -250
540 144.978 116.727 2 160.248 -250
541 154.978 116.727 2 151.881 -250
542 164.978 116.727 2 143.723 -250
543 174.978 116.727 2 135.812 -250
544 184.978 116.727 2 128.193 -147.139
545 194.978 116.727 2 120.921 -250
546 204.978 116.727 2 114.063 -250
547 214.978 116.727 2 107.698 -250
548 224.978 116.727 2 101.918 -250
549 234.978 116.727 2 96.8285 -250
550 244.978 116.727 2 92.5431 -250
551 254.978 116.727 2 89.178 -250
552 264.978 116.727 2 86.8401 -250
553 274.978 116.727 2 85.6135 -91.9039
554 284.978 116.727 2 85.5462 -99.2907
555 294.978 116.727 2 86.6409 -92.8647
556 304.978 116.727 2 88.8545 -98.2659
557 314.978 116.727 2 92.1065 -91.9865
558 324.978 116.727 2 96.2917 -250
559 334.978 116.727 2 101.294 -250
560 344.978 116.727 2 107 -250
561 354.978 116.727 2 113.303 -250
562 364.978 116.727 2 120.108 -250
563 374.978 116.727 2 127.336 -250
564 384.978 116.727 2 134.918 -250
565 394.978 116.727 2 142.799 -250
566 404.978 116.727 2 150.93 -250
567 414.978 116.727 2 159.275 -250
568 424.978 116.727 2 167.8 -109.914
569 434.978 116.727 2 176.481 -102.491
570 444.978 116.727 2 185.294 -250
571 454.978 116.727 2 194.222 -250
572 464.978 116.727 2 203.251 -250
573 474.978 116.727 2 212.366 -99.438
574 484.978 116.727 2 221.558 -99.9905
575 84.9784 126.727 2 215.28 -87.5743
576 94.9784 126.727 2 206.238 -107.294
577 104.978 126.727 2 197.288 -136.348
578 114.978 126.727 2 188.444 -250
579 124.978 126.727 2 179.721 -250
580 134.978 126.727 2 171.137 -250
581 144.978 126.727 2 162.716 -250
582 154.978 126.727 2 154.483 -250
583 164.978 126.727 2 146.47 -250
584 174.978 126.727 2 138.715 -250
585 184.978 126.727 2 131.264 -112.61
586 194.978 126.727 2 124.173 -118.839
587 204.978 126.727 2 117.505 -114.072
588 214.978 126.727 2 111.336 -112.338
589 224.978 126.727 2 105.756 -250
590 234.978 126.727 2 100.86 -250
591 244.978 126.727 2 96.7536 -250
592 254.978 126.727 2 93.54 -119.073
593 264.978 126.727 2 91.3138 -109.891
594 274.978 126.727 2 90.1482 -87.1128
595 284.978 126.727 2 90.0843 -91.0712
596 294.978 126.727 2 91.1244 -97.1679
597 304.978 126.727 2 93.2317 -87.0473
598 314.978 126.727 2 96.336 -83.1436
599 324.978 126.727 2 100.345 -250
600 334.978 126.727 2 105.155 -250
601 344.978 126.727 2 110.662 -250
602 354.978 126.727 2 116.767 -250
603 364.978 126.727 2 123.382 -250
604 374.978 126.727 2 130.428 -250
605 384.978 126.727 2 137.84 -250
606 394.978 126.727 2 145.563 -250
607 404.978 126.727 2 153.548 -250
608 414.978 126.727 2 161.757 -250
609 424.978 126.727 2 170.159 -113.833
610 434.978 126.727 2 178.724 -104.173
611 444.978 126.727 2 187.432 -250
612 454.978 126.727 2 196.264 -250
613 464.978 126.727 2 205.202 -250
614 474.978 126.727 2 214.234 -100.156
615 484.978 126.727 2 223.349 -101.376
616 84.9784 136.727 2 217.583 -88.1719
617 94.9784 136.727 2 208.641 -87.2693
618 104.978 136.727 2 199.799 -86.8148
619 114.978 136.727 2 191.071 -107.137
620 124.978 136.727 2 182.473 -110.534
621 134.978 136.727 2 174.026 -250
622 144.978 136.727 2 165.751 -250
623 154.978 136.727 2 157.677 -250
624 164.978 136.727 2 149.835 -250
625 174.978 136.727 2 142.263 -250
626 184.978 136.727 2 135.009 -93.2727
627 194.978 136.727 2 128.124 -88.6155
628 204.978 136.727 2 121.673 -98.8553
629 214.978 136.727 2 115.727 -119.841
630 224.978 136.727 2 110.369 -250
631 234.978 136.727 2 105.687 -250
632 244.978 136.727 2 101.776 -250
633 254.978 136.727 2 98.7256 -91.9718
634 264.978 136.727 2 96.619 -95.4978
635 274.978 136.727 2 95.5181 -94.1013
636 284.978 136.727 2 95.4578 -96.0914
637 294.978 136.727 2 96.44 -88.7284
638 304.978 136.727 2 98.4335 -90.4775
639 314.978 136.727 2 101.379 -90.7574
640 324.978 136.727 2 105.196 -250
641 334.978 136.727 2 109.793 -250
642 344.978 136.727 2 115.079 -250
643 354.978 136.727 2 120.961 -250
644 364.978 136.727 2 127.358 -250
645 374.978 136.727 2 134.196 -250
646 384.978 136.727 2 141.411 -250
647 394.978 136.727 2 148.948 -250
648 404.978 136.727 2 156.761 -250
649 414.978 136.727 2 164.81 -250
650 424.978 136.727 2 173.063 -114.555
651 434.978 136.727 2 181.492 -113.243
652 444.978 136.727 2 190.073 -250
653 454.978 136.727 2 198.787 -250
654 464.978 136.727 2 207.617 -250
655 474.978 136.727 2 216.549 -101.458
656 484.978 136.727 2 225.57 -99.2743
657 84.9784 146.727 2 220.317 -90.6799
658 94.9784 146.727 2 211.49 -86.1894
659 104.978 146.727 2 202.772 -88.4546
660 114.978 146.727 2 194.178 -95.3272
661 124.978 146.727 2 185.724 -95.7588
662 134.978 146.727 2 177.432 -105.987
663 144.978 146.727 2 169.324 -117.437
664 154.978 146.727 2 161.428 -105.493
665 164.978 146.727 2 153.777 -102.247
666 174.978 146.727 2 146.41 -87.9464
667 184.978 146.727 2 139.371 -87.1836
668 194.978 146.727 2 132.714 -85.8654
669 204.978 146.727 2 126.496 -111.029
670 214.978 146.727 2 120.788 -102.314
671 224.978 146.727 2 115.665 -94.5308
672 234.978 146.727 2 111.206 -95.3784
673 244.978 146.727 2 107.496 -86.7308
674 254.978 146.727 2 104.612 -89.2175
675 264.978 146.727 2 102.627 -90.808
676 274.978 146.727 2 101.591 -87.758
677 284.978 146.727 2 101.534 -89.2772
678 294.978 146.727 2 102.458 -91.0294
679 304.978 146.727 2 104.337 -86.7225
680 314.978 146.727 2 107.12 -93.7997
681 324.978 146.727 2 110.739 -96.6232
682 334.978 146.727 2 115.116 -95.2433
683 344.978 146.727 2 120.167 -96.5672
684 354.978 146.727 2 125.812 -88.0937
685 364.978 146.727 2 131.974 -100.244
686 374.978 146.727 2 138.584 -94.6551
687 384.978 146.727 2 145.582 -92.4884
688 394.978 146.727 2 152.913 -95.3993
689 404.978 146.727 2 160.533 -93.8403
690 414.978 146.727 2 168.403 -101.203
691 424.978 146.727 2 176.488 -110.444
692 434.978 146.727 2 184.761 -108.053
693 444.978 146.727 2 193.197 -96.6575
694 454.978 146.727 2 201.776 -113.661
695 464.978 146.727 2 210.48 -95.629
696 474.978 146.727 2 219.295 -96.8906
697 484.978 146.727 2 228.208 -95.6858
698 84.9784 156.727 2 223.465 -90.2009
699 94.9784 156.727 2 214.767 -87.3052
700 104.978 156.727 2 206.188 -89.5295
701 114.978 156.727 2 197.742 -86.9663
702 124.978 156.727 2 189.448 -89.1571
703 134.978 156.727 2 181.326 -84.777
704 144.978 156.727 2 173.4 -87.3226
705 154.978 156.727 2 165.698 -88.1
706 164.978 156.727 2 158.254 -85.5232
707 174.978 156.727 2 151.106 -85.419
708 184.978 156.727 2 144.296 -90.4941
709 194.978 156.727 2 137.876 -91.3338
710 204.978 156.727 2 131.903 -108.216
711 214.978 156.727 2 126.439 -101.988
712 224.978 156.727 2 121.554 -103.566
713 234.978 156.727 2 117.319 -105.604
714 244.978 156.727 2 113.808 -84.4252
715 254.978 156.727 2 111.089 -91.067
716 264.978 156.727 2 109.221 -90.328
717 274.978 156.727 2 108.249 -91.004
718 284.978 156.727 2 108.195 -90.8949
719 294.978 156.727 2 109.063 -86.3976
720 304.978 156.727 2 110.83 -88.3778
721 314.978 156.727 2 113.453 -86.6607
722 324.978 156.727 2 116.877 -98.8853
723 334.978 156.727 2 121.032 -94.87
724 344.978 156.727 2 125.846 -104.072
725 354.978 156.727 2 131.246 -98.2278
726 364.978 156.727 2 137.164 -92.1324
727 374.978 156.727 2 143.536 -96.4882
728 384.978 156.727 2 150.303 -98.1972
729 394.978 156.727 2 157.415 -91.859
730 404.978 156.727 2 164.827 -95.3005
731 414.978 156.727 2 172.501 -93.9326
732 424.978 156.727 2 180.402 -109.844
733 434.978 156.727 2 188.503 -111.021
734 444.978 156.727 2 196.779 -110.491
735 454.978 156.727 2 205.208 -113.93
736 464.978 156.727 2 213.773 -108.548
737 474.978 156.727 2 222.458 -99.2794
738 484.978 156.727 2 231.249 -100.656
739 84.9784 166.727 2 227.01 -88.5884
740 94.9784 166.727 2 218.454 -88.7019
741 104.978 166.727 2 210.025 -87.6364
742 114.978 166.727 2 201.74 -89.6145
743 124.978 166.727 2 193.617 -87.0712
744 134.978 166.727 2 185.677 -87.2635
745 144.978 166.727 2 177.945 -89.3555
746 154.978 166.727 2 170.449 -84.9349
747 164.978 166.727 2 163.222 -90.1835
748 174.978 166.727 2 156.301 -88.0668
749 184.978 166.727 2 149.728 -84.7746
750 194.978 166.727 2 143.551 -88.2727
751 204.978 166.727 2 137.824 -89.4944
752 214.978 166.727 2 132.604 -88.2234
753 224.978 166.727 2 127.955 -250
754 234.978 166.727 2 123.939 -96.3186
755 244.978 166.727 2 120.621 -250
756 254.978 166.727 2 118.058 -250
757 264.978 166.727 2 116.303 -250
758 274.978 166.727 2 115.39 -84.5001
759 284.978 166.727 2 115.34 -84.9631
760 294.978 166.727 2 116.154 -250
761 304.978 166.727 2 117.814 -250
762 314.978 166.727 2 120.286 -250
763 324.978 166.727 2 123.52 -250
764 334.978 166.727 2 127.458 -250
765 344.978 166.727 2 132.038 -250
766 354.978 166.727 2 137.196 -116.724
767 364.978 166.727 2 142.867 -98.6925
768 374.978 166.727 2 148.995 -250
769 384.978 166.727 2 155.525 -96.9635
770 394.978 166.727 2 162.409 -89.9801
771 404.978 166.727 2 169.603 -92.8495
772 414.978 166.727 2 177.069 -93.5079
773 424.978 166.727 2 184.776 -91.1228
774 434.978 166.727 2 192.693 -97.8275
775 444.978 166.727 2 200.796 -250
776 454.978 166.727 2 209.063 -250
777 464.978 166.727 2 217.476 -250
778 474.978 166.727 2 226.019 -106.007
779 484.978 166.727 2 234.676 -104.331
780 84.9784 176.727 2 230.934 -88.314
781 94.9784 176.727 2 222.529 -93.5865
782 104.978 176.727 2 214.261 -89.5583
783 114.978 176.727 2 206.146 -88.6588
784 124.978 176.727 2 198.203 -86.7041
785 134.978 176.727 2 190.455 -89.3296
786 144.978 176.727 2 182.925 -85.6347
787 154.978 176.727 2 175.642 -90.7558
788 164.978 176.727 2 168.637 -86.688
789 174.978 176.727 2 161.947 -86.5703
790 184.978 176.727 2 155.613 -90.6647
791 194.978 176.727 2 149.679 -84.72
792 204.978 176.727 2 144.196 -88.8451
793 214.978 176.727 2 139.215 -97.5046
794 224.978 176.727 2 134.794 -250
795 234.978 176.727 2 130.988 -95.4204
796 244.978 176.727 2 127.853 -250
797 254.978 176.727 2 125.439 -250
798 264.978 176.727 2 123.787 -250
799 274.978 176.727 2 122.93 -87.2266
800 284.978 176.727 2 122.883 -88.3801
801 294.978 176.727 2 123.648 -250
802 304.978 176.727 2 125.209 -250
803 314.978 176.727 2 127.537 -250
804 324.978 176.727 2 130.592 -250
805 334.978 176.727 2 134.323 -250
806 344.978 176.727 2 138.676 -250
807 354.978 176.727 2 143.595 -88.788
808 364.978 176.727 2 149.024 -99.4293
809 374.978 176.727 2 154.908 -250
810 384.978 176.727 2 161.199 -111.278
811 394.978 176.727 2 167.85 -100.856
812 404.978 176.727 2 174.82 -90.1138
813 414.978 176.727 2 182.073 -88.7934
814 424.978 176.727 2 189.576 -91.5145
815 434.978 176.727 2 197.301 -82.9791
816 444.978 176.727 2 205.222 -250
817 454.978 176.727 2 213.318 -250
818 464.978 176.727 2 221.569 -250
819 474.978 176.727 2 229.96 -109.432
820 484.978 176.727 2 238.474 -107.973
821 84.9784 186.727 2 235.218 -88.237
822 94.9784 186.727 2 226.972 -89.1996
823 104.978 186.727 2 218.871 -84.0892
824 114.978 186.727 2 210.934 -89.9337
825 124.978 186.727 2 203.179 -89.7573
826 134.978 186.727 2 195.627 -86.0466
827 144.978 186.727 2 188.304 -90.2193
828 154.978 186.727 2 181.237 -85.6111
829 164.978 186.727 2 174.458 -89.1697
830 174.978 186.727 2 168 -85.324
831 184.978 186.727 2 161.903 -89.6438
832 194.978 186.727 2 156.208 -87.883
833 204.978 186.727 2 150.962 -85.8221
834 214.978 186.727 2 146.212 -95.4354
835 224.978 186.727 2 142.008 -250
836 234.978 186.727 2 138.401 -94.7015
837 244.978 186.727 2 135.438 -250
838 254.978 186.727 2 133.161 -250
839 264.978 186.727 2 131.607 -250
840 274.978 186.727 2 130.801 -88.0175
841 284.978 186.727 2 130.757 -92.6772
842 294.978 186.727 2 131.475 -107.623
843 304.978 186.727 2 132.945 -93.1795
844 314.978 186.727 2 135.14 -91.7981
845 324.978 186.727 2 138.026 -97.5168
846 334.978 186.727 2 141.562 -250
847 344.978 186.727 2 145.699 -250
848 354.978 186.727 2 150.388 -250
849 364.978 186.727 2 155.58 -250
850 374.978 186.727 2 161.225 -250
851 384.978 186.727 2 167.279 -94.773
852 394.978 186.727 2 173.697 -94.1357
853 404.978 186.727 2 180.441 -99.8542
854 414.978 186.727 2 187.477 -89.3059
855 424.978 186.727 2 194.772 -87.1099
856 434.978 186.727 2 202.298 -90.4366
857 444.978 186.727 2 210.031 -250
858 454.978 186.727 2 217.948 -250
859 464.978 186.727 2 226.031 -250
860 474.978 186.727 2 234.262 -125.566
861 484.978 186.727 2 242.625 -114.328
862 84.9784 196.727 2 239.843 -89.6881
863 94.9784 196.727 2 231.761 -87.4449
864 104.978 196.727 2 223.834 -89.9877
865 114.978 196.727 2 216.079 -94.5623
866 124.978 196.727 2 208.515 -83.7945
867 134.978 196.727 2 201.164 -88.9301
868 144.978 196.727 2 194.05 -86.4646
869 154.978 196.727 2 187.201 -89.3264
870 164.978 196.727 2 180.645 -84.4965
871 174.978 196.727 2 174.416 -87.4374
872 184.978 196.727 2 168.551 -87.4448
873 194.978 196.727 2 163.089 -90.315
874 204.978 196.727 2 158.071 -85.7917
875 214.978 196.727 2 153.541 -95.7855
876 224.978 196.727 2 149.544 -250
877 234.978 196.727 2 146.123 -109.284
878 244.978 196.727 2 143.319 -116.339
879 254.978 196.727 2 141.17 -123.426
880 264.978 196.727 2 139.704 -134.281
881 274.978 196.727 2 138.945 -86.9422
882 284.978 196.727 2 138.904 -88.3894
883 294.978 196.727 2 139.581 -89.9287
884 304.978 196.727 2 140.966 -99.2246
885 314.978 196.727 2 143.038 -97.1499
886 324.978 196.727 2 145.768 -104.556
887 334.978 196.727 2 149.12 -250
888 344.978 196.727 2 153.053 -250
889 354.978 196.727 2 157.524 -145.165
890 364.978 196.727 2 162.487 -117.171
891 374.978 196.727 2 167.901 -105.418
892 384.978 196.727 2 173.721 -95.5143
893 394.978 196.727 2 179.91 -92.5973
894 404.978 196.727 2 186.43 -98.1483
895 414.978 196.727 2 193.247 -101.88
896 424.978 196.727 2 200.332 -250
897 434.978 196.727 2 207.657 -250
898 444.978 196.727 2 215.198 -250
899 454.978 196.727 2 222.932 -250
900 464.978 196.727 2 230.84 -250
901 474.978 196.727 2 238.905 -117.316
902 484.978 196.727 2 247.111 -108.544
903 84.9784 206.727 2 244.789 -90.8304
904 94.9784 206.727 2 236.876 -88.1115
905 104.978 206.727 2 229.126 -99.0561
906 114.978 206.727 2 221.556 -134.477
907 124.978 206.727 2 214.186 -250
908 134.978 206.727 2 207.036 -85.5968
909 144.978 206.727 2 200.131 -88.4759
910 154.978 206.727 2 193.497 -87.1661
911 164.978 206.727 2 187.162 -89.6785
912 174.978 206.727 2 181.157 -85.9608
913 184.978 206.727 2 175.518 -88.7661
914 194.978 206.727 2 170.279 -84.6195
915 204.978 206.727 2 165.48 -88.7042
916 214.978 206.727 2 161.158 -96.4828
917 224.978 206.727 2 157.354 -118.729
918 234.978 206.727 2 154.107 -99.8313
919 244.978 206.727 2 151.451 -100.31
920 254.978 206.727 2 149.418 -101.63
921 264.978 206.727 2 148.035 -100.962
922 274.978 206.727 2 147.319 -87.0849
923 284.978 206.727 2 147.28 -85.2963
924 294.978 206.727 2 147.918 -82.4677
925 304.978 206.727 2 149.226 -99.5947
926 314.978 206.727 2 151.185 -103.263
927 324.978 206.727 2 153.77 -98.1489
928 334.978 206.727 2 156.951 -250
929 344.978 206.727 2 160.693 -250
930 354.978 206.727 2 164.957 -112.402
931 364.978 206.727 2 169.703 -109.924
932 374.978 206.727 2 174.893 -106.043
933 384.978 206.727 2 180.489 -92.8402
934 394.978 206.727 2 186.453 -92.9629
935 404.978 206.727 2 192.751 -99.7922
936 414.978 206.727 2 199.353 -95.4936
937 424.978 206.727 2 206.228 -250
938 434.978 206.727 2 213.351 -250
939 444.978 206.727 2 220.697 -250
940 454.978 206.727 2 228.244 -250
941 464.978 206.727 2 235.975 -250
942 474.978 206.727 2 243.87 -106.557
943 484.978 206.727 2 251.915 -103.08
944 84.9784 216.727 2 250.037 -89.7985
945 94.9784 216.727 2 242.296 -110.775
946 104.978 216.727 2 234.725 -128.398
947 114.978 216.727 2 227.341 -139.877
948 124.978 216.727 2 220.165 -250
949 134.978 216.727 2 213.216 -85.9933
950 144.978 216.727 2 206.518 -89.3641
951 154.978 216.727 2 200.095 -85.2631
952 164.978 216.727 2 193.976 -86.1428
953 174.978 216.727 2 188.189 -88.6745
954 184.978 216.727 2 182.766 -84.695
955 194.978 216.727 2 177.741 -89.6124
956 204.978 216.727 2 173.149 -87.679
957 214.978 216.727 2 169.024 -90.6696
958 224.978 216.727 2 165.401 -95.7813
959 234.978 216.727 2 162.314 -87.2838
960 244.978 216.727 2 159.795 -85.906
961 254.978 216.727 2 157.87 -85.7143
962 264.978 216.727 2 156.561 -86.8197
963 274.978 216.727 2 155.884 -88.8871
964 284.978 216.727 2 155.847 -87.4439
965 294.978 216.727 2 156.451 -250
966 304.978 216.727 2 157.687 -250
967 314.978 216.727 2 159.542 -250
968 324.978 216.727 2 161.995 -250
969 334.978 216.727 2 165.017 -250
970 344.978 216.727 2 168.58 -250
971 354.978 216.727 2 172.649 -107.556
972 364.978 216.727 2 177.19 -136.376
973 374.978 216.727 2 182.167 -103.557
974 384.978 216.727 2 187.545 -102.816
975 394.978 216.727 2 193.292 -95.2383
976 404.978 216.727 2 199.374 -89.7533
977 414.978 216.727 2 205.763 -95.0678
978 424.978 216.727 2 212.431 -250
979 434.978 216.727 2 219.353 -250
980 444.978 216.727 2 226.504 -250
981 454.978 216.727 2 233.864 -250
982 464.978 216.727 2 241.415 -250
983 474.978 216.727 2 249.138 -113.88
984 484.978 216.727 2 257.017 -115.148
985 84.9784 226.727 2 255.569 -98.6642
986 94.9784 226.727 2 248 -121.238
987 104.978 226.727 2 240.609 -250
988 114.978 226.727 2 233.412 -250
989 124.978 226.727 2 226.428 -250
990 134.978 226.727 2 219.677 -90.1426
991 144.978 226.727 2 213.182 -88.7859
992 154.978 226.727 2 206.966 -87.8482
993 164.978 226.727 2 201.056 -88.717
994 174.978 226.727 2 195.479 -87.7373
995 184.978 226.727 2 190.264 -87.2981
996 194.978 226.727 2 185.443 -86.8884
997 204.978 226.727 2 181.046 -86.8564
998 214.978 226.727 2 177.104 -89.165
999 224.978 226.727 2 173.65 -88.5386
1000 234.978 226.727 2 170.713 -83.4199
1001 244.978 226.727 2 168.319 -84.0649
1002 254.978 226.727 2 166.493 -88.2405
1003 264.978 226.727 2 165.253 -91.3152
1004 274.978 226.727 2 164.611 -91.2173
1005 284.978 226.727 2 164.576 -93.3317
1006 294.978 226.727 2 165.148 -250
1007 304.978 226.727 2 166.32 -250
1008 314.978 226.727 2 168.08 -250
1009 324.978 226.727 2 170.409 -250
1010 334.978 226.727 2 173.285 -250
1011 344.978 226.727 2 176.681 -250
1012 354.978 226.727 2 180.568 -115.707
1013 364.978 226.727 2 184.914 -97.3133
1014 374.978 226.727 2 189.688 -114.257
1015 384.978 226.727 2 194.859 -100.298
1016 394.978 226.727 2 200.396 -89.0906
1017 404.978 226.727 2 206.27 -94.8918
1018 414.978 226.727 2 212.451 -95.338
1019 424.978 226.727 2 218.916 -250
1020 434.978 226.727 2 225.638 -250
1021 444.978 226.727 2 232.596 -250
1022 454.978 226.727 2 239.77 -250
1023 464.978 226.727 2 247.14 -250
1024 474.978 226.727 2 254.689 -109.651
1025 484.978 226.727 2 262.402 -104.513
1026 84.9784 236.727 2 261.367 -105.746
1027 94.9784 236.727 2 253.971 -118.382
1028 104.978 236.727 2 246.758 -113.343
1029 114.978 236.727 2 239.746 -96.3732
1030 124.978 236.727 2 232.952 -250
1031 134.978 236.727 2 226.396 -87.6845
1032 144.978 236.727 2 220.099 -89.3453
1033 154.978 236.727 2 214.084 -85.1011
1034 164.978 236.727 2 208.376 -88.8586
1035 174.978 236.727 2 203 -89.0381
1036 184.978 236.727 2 197.984 -85.5247
1037 194.978 236.727 2 193.355 -86.809
1038 204.978 236.727 2 189.142 -90.3324
1039 214.978 236.727 2 185.373 -87.296
1040 224.978 236.727 2 182.076 -85.1276
1041 234.978 236.727 2 179.276 -87.3228
1042 244.978 236.727 2 176.998 -95.2194
1043 254.978 236.727 2 175.262 -88.7913
1044 264.978 236.727 2 174.085 -85.5372
1045 274.978 236.727 2 173.476 -87.4036
1046 284.978 236.727 2 173.443 -85.6128
1047 294.978 236.727 2 173.985 -250
1048 304.978 236.727 2 175.098 -250
1049 314.978 236.727 2 176.771 -250
1050 324.978 236.727 2 178.987 -250
1051 334.978 236.727 2 181.727 -250
1052 344.978 236.727 2 184.968 -250
1053 354.978 236.727 2 188.684 -114.615
1054 364.978 236.727 2 192.848 -101.733
1055 374.978 236.727 2 197.43 -95.71
1056 384.978 236.727 2 202.404 -96.7056
1057 394.978 236.727 2 207.739 -90.9368
1058 404.978 236.727 2 213.411 -92.0485
1059 414.978 236.727 2 219.392 -250
1060 424.978 236.727 2 225.657 -250
1061 434.978 236.727 2 232.184 -250
1062 444.978 236.727 2 238.952 -250
1063 454.978 236.727 2 245.94 -250
1064 464.978 236.727 2 253.131 -250
1065 474.978 236.727 2 260.506 -117.488
1066 484.978 236.727 2 268.052 -104.962
1067 84.9784 246.727 2 267.413 -106.187
1068 94.9784 246.727 2 260.189 -108.306
1069 104.978 246.727 2 253.154 -103.038
1070 114.978 246.727 2 246.323 -103.996
1071 124.978 246.727 2 239.716 -90.2569
1072 134.978 246.727 2 233.35 -85.3912
1073 144.978 246.727 2 227.246 -85.7893
1074 154.978 246.727 2 221.425 -95.707
1075 164.978 246.727 2 215.911 -87.4891
1076 174.978 246.727 2 210.728 -85.8243
1077 184.978 246.727 2 205.899 -87.2851
1078 194.978 246.727 2 201.452 -87.6432
1079 204.978 246.727 2 197.412 -87.1911
1080 214.978 246.727 2 193.804 -87.7605
1081 224.978 246.727 2 190.653 -89.897
1082 234.978 246.727 2 187.981 -90.3337
1083 244.978 246.727 2 185.81 -86.8465
1084 254.978 246.727 2 184.157 -85.6859
1085 264.978 246.727 2 183.037 -85.1907
1086 274.978 246.727 2 182.458 -85.7469
1087 284.978 246.727 2 182.426 -86.8039
1088 294.978 246.727 2 182.942 -102.803
1089 304.978 246.727 2 184.001 -116.706
1090 314.978 246.727 2 185.593 -125.72
1091 324.978 246.727 2 187.705 -116.755
1092 334.978 246.727 2 190.32 -121.366
1093 344.978 246.727 2 193.417 -116.852
1094 354.978 246.727 2 196.974 -119.118
1095 364.978 246.727 2 200.966 -97.8295
1096 374.978 246.727 2 205.367 -93.2115
1097 384.978 246.727 2 210.153 -93.514
1098 394.978 246.727 2 215.297 -93.7439
1099 404.978 246.727 2 220.774 -92.8497
1100 414.978 246.727 2 226.561 -93.2296
1101 424.978 246.727 2 232.633 -95.0088
1102 434.978 246.727 2 238.97 -95.6817
1103 444.978 246.727 2 245.551 -105.99
1104 454.978 246.727 2 252.356 -106.787
1105 464.978 246.727 2 259.369 -101.411
1106 474.978 246.727 2 266.572 -110.304
1107 484.978 246.727 2 273.951 -104.304
1108 84.9784 256.727 2 273.691 -101.284
1109 94.9784 256.727 2 266.637 -103.768
1110 104.978 256.727 2 259.776 -106.965
1111 114.978 256.727 2 253.125 -97.1737
1112 124.978 256.727 2 246.7 -89.4091
1113 134.978 256.727 2 240.519 -95.8664
1114 144.978 256.727 2 234.601 -87.4194
1115 154.978 256.727 2 228.968 -83.6149
1116 164.978 256.727 2 223.64 -89.8089
1117 174.978 256.727 2 218.639 -90.8779
1118 184.978 256.727 2 213.99 -86.4716
1119 194.978 256.727 2 209.714 -85.9405
1120 204.978 256.727 2 205.836 -89.1581
1121 214.978 256.727 2 202.378 -89.5093
1122 224.978 256.727 2 199.363 -87.25
1123 234.978 256.727 2 196.81 -86.358
1124 244.978 256.727 2 194.737 -90.087
1125 254.978 256.727 2 193.16 -85.1971
1126 264.978 256.727 2 192.092 -84.5564
1127 274.978 256.727 2 191.541 -88.6181
1128 284.978 256.727 2 191.511 -88.0687
1129 294.978 256.727 2 192.002 -105.542
1130 304.978 256.727 2 193.011 -120.97
1131 314.978 256.727 2 194.53 -123.938
1132 324.978 256.727 2 196.546 -123.481
1133 334.978 256.727 2 199.045 -120.259
1134 344.978 256.727 2 202.008 -120.341
1135 354.978 256.727 2 205.416 -106.015
1136 364.978 256.727 2 209.247 -105.977
1137 374.978 256.727 2 213.478 -96.3432
1138 384.978 256.727 2 218.085 -98.3907
1139 394.978 256.727 2 223.046 -91.5605
1140 404.978 256.727 2 228.338 -87.2639
1141 414.978 256.727 2 233.937 -85.5352
1142 424.978 256.727 2 239.823 -95.9309
1143 434.978 256.727 2 245.975 -108.379
1144 444.978 256.727 2 252.373 -98.0836
1145 454.978 256.727 2 258.999 -111.043
1146 464.978 256.727 2 265.837 -114.177
1147 474.978 256.727 2 272.869 -111.243
1148 484.978 256.727 2 280.082 -115.179
1149 84.9784 266.727 2 280.185 -93.2259
1150 94.9784 266.727 2 273.299 -101.023
1151 104.978 266.727 2 266.61 -96.4428
1152 114.978 266.727 2 260.133 -88.1478
1153 124.978 266.727 2 253.885 -113.935
1154 134.978 266.727 2 247.883 -250
1155 144.978 266.727 2 242.146 -250
1156 154.978 266.727 2 236.692 -250
1157 164.978 266.727 2 231.542 -250
1158 174.978 266.727 2 226.716 -85.7879
1159 184.978 266.727 2 222.235 -88.7627
1160 194.978 266.727 2 218.122 -89.4182
1161 204.978 266.727 2 214.396 -86.5417
1162 214.978 266.727 2 211.078 -86.6579
1163 224.978 266.727 2 208.189 -88.5281
1164 234.978 266.727 2 205.745 -89.5451
1165 244.978 266.727 2 203.763 -250
1166 254.978 266.727 2 202.257 -250
1167 264.978 266.727 2 201.237 -250
1168 274.978 266.727 2 200.711 -89.0904
1169 284.978 266.727 2 200.682 -87.7042
1170 294.978 266.727 2 201.151 -250
1171 304.978 266.727 2 202.115 -250
1172 314.978 266.727 2 203.565 -250
1173 324.978 266.727 2 205.493 -250
1174 334.978 266.727 2 207.884 -250
1175 344.978 266.727 2 210.723 -250
1176 354.978 266.727 2 213.993 -250
1177 364.978 266.727 2 217.672 -250
1178 374.978 266.727 2 221.743 -250
1179 384.978 266.727 2 226.182 -250
1180 394.978 266.727 2 230.969 -250
1181 404.978 266.727 2 236.083 -250
1182 414.978 266.727 2 241.503 -250
1183 424.978 266.727 2 247.209 -250
1184 434.978 266.727 2 253.181 -250
1185 444.978 266.727 2 259.402 -250
1186 454.978 266.727 2 265.853 -250
1187 464.978 266.727 2 272.518 -250
1188 474.978 266.727 2 279.383 -101.155
1189 484.978 266.727 2 286.432 -109.969
1190 84.9784 276.727 2 286.881 -86.5815
1191 94.9784 276.727 2 280.159 -90.8048
1192 104.978 276.727 2 273.638 -87.5672
1193 114.978 276.727 2 267.332 -104.401
1194 124.978 276.727 2 261.256 -123.208
1195 134.978 276.727 2 255.428 -250
1196 144.978 276.727 2 249.863 -250
1197 154.978 276.727 2 244.582 -250
1198 164.978 276.727 2 239.601 -250
1199 174.978 276.727 2 234.941 -88.4704
1200 184.978 276.727 2 230.62 -89.3064
1201 194.978 276.727 2 226.659 -91.5577
1202 204.978 276.727 2 223.075 -90.1982
1203 214.978 276.727 2 219.889 -88.5317
1204 224.978 276.727 2 217.116 -88.4722
1205 234.978 276.727 2 214.774 -87.7207
1206 244.978 276.727 2 212.877 -250
1207 254.978 276.727 2 211.436 -250
1208 264.978 276.727 2 210.46 -250
1209 274.978 276.727 2 209.957 -88.3794
1210 284.978 276.727 2 209.93 -89.742
1211 294.978 276.727 2 210.378 -250
1212 304.978 276.727 2 211.299 -250
1213 314.978 276.727 2 212.687 -250
1214 324.978 276.727 2 214.533 -250
1215 334.978 276.727 2 216.825 -250
1216 344.978 276.727 2 219.548 -250
1217 354.978 276.727 2 222.688 -250
1218 364.978 276.727 2 226.226 -250
1219 374.978 276.727 2 230.145 -250
1220 384.978 276.727 2 234.425 -250
1221 394.978 276.727 2 239.048 -250
1222 404.978 276.727 2 243.992 -250
1223 414.978 276.727 2 249.24 -250
1224 424.978 276.727 2 254.773 -250
1225 434.978 276.727 2 260.572 -250
1226 444.978 276.727 2 266.62 -250
1227 454.978 276.727 2 272.9 -250
1228 464.978 276.727 2 279.398 -250
1229 474.978 276.727 2 286.097 -102.256
1230 484.978 276.727 2 292.985 -101.089
1231 84.9784 286.727 2 293.765 -88.6989
1232 94.9784 286.727 2 287.204 -88.1435
1233 104.978 286.727 2 280.847 -101.556
1234 114.978 286.727 2 274.706 -108.38
1235 124.978 286.727 2 268.797 -125.18
1236 134.978 286.727 2 263.135 -250
1237 144.978 286.727 2 257.738 -250
1238 154.978 286.727 2 252.621 -250
1239 164.978 286.727 2 247.802 -250
1240 174.978 286.727 2 243.299 -92.9414
1241 184.978 286.727 2 239.129 -89.6785
1242 194.978 286.727 2 235.311 -86.2661
1243 204.978 286.727 2 231.861 -88.2565
1244 214.978 286.727 2 228.797 -86.8136
1245 224.978 286.727 2 226.134 -92.4289
1246 234.978 286.727 2 223.886 -92.6405
1247 244.978 286.727 2 222.067 -250
1248 254.978 286.727 2 220.685 -250
1249 264.978 286.727 2 219.751 -250
1250 274.978 286.727 2 219.269 -88.4845
1251 284.978 286.727 2 219.243 -88.0504
1252 294.978 286.727 2 219.672 -250
1253 304.978 286.727 2 220.555 -250
1254 314.978 286.727 2 221.885 -250
1255 324.978 286.727 2 223.655 -250
1256 334.978 286.727 2 225.854 -250
1257 344.978 286.727 2 228.47 -250
1258 354.978 286.727 2 231.488 -250
1259 364.978 286.727 2 234.894 -250
1260 374.978 286.727 2 238.671 -250
1261 384.978 286.727 2 242.801 -250
1262 394.978 286.727 2 247.267 -250
1263 404.978 286.727 2 252.05 -250
1264 414.978 286.727 2 257.134 -250
1265 424.978 286.727 2 262.5 -250
1266 434.978 286.727 2 268.132 -250
1267 444.978 286.727 2 274.013 -250
1268 454.978 286.727 2 280.128 -250
1269 464.978 286.727 2 286.461 -250
1270 474.978 286.727 2 292.999 -109.135
1271 484.978 286.727 2 299.728 -105.89
1272 84.9784 296.727 2 300.824 -89.306
1273 94.9784 296.727 2 294.42 -87.3141
1274 104.978 296.727 2 288.222 -99.9132
1275 114.978 296.727 2 282.242 -99.0306
1276 124.978 296.727 2 276.494 -122.385
1277 134.978 296.727 2 270.993 -250
1278 144.978 296.727 2 265.755 -250
1279 154.978 296.727 2 260.795 -250
1280 164.978 296.727 2 256.13 -250
1281 174.978 296.727 2 251.776 -85.3929
1282 184.978 296.727 2 247.749 -87.7259
1283 194.978 296.727 2 244.066 -91.557
1284 204.978 296.727 2 240.742 -88.8851
1285 214.978 296.727 2 237.792 -87.6099
1286 224.978 296.727 2 235.231 -88.2685
1287 234.978 296.727 2 233.071 -100.804
1288 244.978 296.727 2 231.324 -250
1289 254.978 296.727 2 229.998 -250
1290 264.978 296.727 2 229.102 -250
1291 274.978 296.727 2 228.639 -84.6465
1292 284.978 296.727 2 228.614 -85.9928
1293 294.978 296.727 2 229.026 -250
1294 304.978 296.727 2 229.873 -250
1295 314.978 296.727 2 231.149 -250
1296 324.978 296.727 2 232.848 -109.816
1297 334.978 296.727 2 234.961 -122.14
1298 344.978 296.727 2 237.477 -136.224
1299 354.978 296.727 2 240.383 -125.642
1300 364.978 296.727 2 243.664 -100.076
1301 374.978 296.727 2 247.307 -132.331
1302 384.978 296.727 2 251.295 -119.08
1303 394.978 296.727 2 255.613 -136.484
1304 404.978 296.727 2 260.243 -141.686
1305 414.978 296.727 2 265.169 -135.699
1306 424.978 296.727 2 270.376 -133.386
1307 434.978 296.727 2 275.847 -250
1308 444.978 296.727 2 281.567 -250
1309 454.978 296.727 2 287.522 -250
1310 464.978 296.727 2 293.696 -250
1311 474.978 296.727 2 300.076 -108.388
1312 484.978 296.727 2 306.65 -100.66
1313 84.9784 306.727 2 308.045 -90.9244
1314 94.9784 306.727 2 301.795 -93.3975
1315 104.978 306.727 2 295.751 -99.7351
1316 114.978 306.727 2 289.926 -100.447
1317 124.978 306.727 2 284.334 -113.823
1318 134.978 306.727 2 278.988 -250
1319 144.978 306.727 2 273.903 -250
1320 154.978 306.727 2 269.093 -250
1321 164.978 306.727 2 264.575 -250
1322 174.978 306.727 2 260.362 -91.1213
1323 184.978 306.727 2 256.47 -87.1275
1324 194.978 306.727 2 252.913 -89.6442
1325 204.978 306.727 2 249.707 -89.1802
1326 214.978 306.727 2 246.865 -89.6346
1327 224.978 306.727 2 244.398 -91.9432
1328 234.978 306.727 2 242.32 -93.3108
1329 244.978 306.727 2 240.64 -250
1330 254.978 306.727 2 239.366 -250
1331 264.978 306.727 2 238.505 -250
1332 274.978 306.727 2 238.061 -87.446
1333 284.978 306.727 2 238.037 -89.6458
1334 294.978 306.727 2 238.432 -250
1335 304.978 306.727 2 239.246 -250
1336 314.978 306.727 2 240.472 -250
1337 324.978 306.727 2 242.106 -100.869
1338 334.978 306.727 2 244.139 -250
1339 344.978 306.727 2 246.561 -250
1340 354.978 306.727 2 249.361 -250
1341 364.978 306.727 2 252.526 -98.524
1342 374.978 306.727 2 256.043 -250
1343 384.978 306.727 2 259.897 -250
1344 394.978 306.727 2 264.074 -250
1345 404.978 306.727 2 268.558 -250
1346 414.978 306.727 2 273.335 -250
1347 424.978 306.727 2 278.389 -250
1348 434.978 306.727 2 283.705 -250
1349 444.978 306.727 2 289.27 -250
1350 454.978 306.727 2 295.069 -250
1351 464.978 306.727 2 301.088 -250
1352 474.978 306.727 2 307.315 -113.709
1353 484.978 306.727 2 313.737 -98.9327
1354 84.9784 316.727 2 315.419 -89.944
1355 94.9784 316.727 2 309.318 -90.7516
1356 104.978 316.727 2 303.424 -105.274
1357 114.978 316.727 2 297.749 -108.926
1358 124.978 316.727 2 292.306 -107.395
1359 134.978 316.727 2 287.109 -250
1360 144.978 316.727 2 282.17 -250
1361 154.978 316.727 2 277.504 -250
1362 164.978 316.727 2 273.124 -250
1363 174.978 316.727 2 269.045 -87.0512
1364 184.978 316.727 2 265.28 -88.5374
1365 194.978 316.727 2 261.844 -88.2498
1366 204.978 316.727 2 258.748 -89.1677
1367 214.978 316.727 2 256.006 -88.4143
1368 224.978 316.727 2 253.629 -89.9611
1369 234.978 316.727 2 251.627 -95.5669
1370 244.978 316.727 2 250.009 -250
1371 254.978 316.727 2 248.783 -250
1372 264.978 316.727 2 247.955 -250
1373 274.978 316.727 2 247.528 -87.5047
1374 284.978 316.727 2 247.505 -89.7748
1375 294.978 316.727 2 247.885 -250
1376 304.978 316.727 2 248.667 -250
1377 314.978 316.727 2 249.848 -250
1378 324.978 316.727 2 251.421 -101.345
1379 334.978 316.727 2 253.379 -250
1380 344.978 316.727 2 255.714 -250
1381 354.978 316.727 2 258.414 -250
1382 364.978 316.727 2 261.47 -99.4069
1383 374.978 316.727 2 264.868 -250
1384 384.978 316.727 2 268.595 -250
1385 394.978 316.727 2 272.639 -250
1386 404.978 316.727 2 276.984 -250
1387 414.978 316.727 2 281.618 -250
1388 424.978 316.727 2 286.526 -250
1389 434.978 316.727 2 291.695 -250
1390 444.978 316.727 2 297.11 -250
1391 454.978 316.727 2 302.759 -250
1392 464.978 316.727 2 308.628 -250
1393 474.978 316.727 2 314.706 -119.213
1394 484.978 316.727 2 320.98 -113.713
1395 84.9784 326.727 2 322.933 -90.3114
1396 94.9784 326.727 2 316.977 -90.6475
1397 104.978 326.727 2 311.228 -106.618
1398 114.978 326.727 2 305.698 -107.149
1399 124.978 326.727 2 300.399 -113.731
1400 134.978 326.727 2 295.344 -106.635
1401 144.978 326.727 2 290.546 -108.138
1402 154.978 326.727 2 286.016 -104.869
1403 164.978 326.727 2 281.769 -95.6996
1404 174.978 326.727 2 277.817 -88.537
1405 184.978 326.727 2 274.173 -86.9776
1406 194.978 326.727 2 270.849 -92.6218
1407 204.978 326.727 2 267.858 -90.3754
1408 214.978 326.727 2 265.21 -95.1727
1409 224.978 326.727 2 262.916 -88.6272
1410 234.978 326.727 2 260.985 -98.7474
1411 244.978 326.727 2 259.426 -113.044
1412 254.978 326.727 2 258.244 -118.76
1413 264.978 326.727 2 257.446 -137.413
1414 274.978 326.727 2 257.035 -86.3831
1415 284.978 326.727 2 257.013 -87.8538
1416 294.978 326.727 2 257.379 -110.956
1417 304.978 326.727 2 258.133 -106.182
1418 314.978 326.727 2 259.27 -107.996
1419 324.978 326.727 2 260.786 -103.091
1420 334.978 326.727 2 262.675 -98.973
1421 344.978 326.727 2 264.927 -104.341
1422 354.978 326.727 2 267.535 -101.28
1423 364.978 326.727 2 270.487 -101.463
1424 374.978 326.727 2 273.773 -103.243
1425 384.978 326.727 2 277.381 -98.6028
1426 394.978 326.727 2 281.299 -111.908
1427 404.978 326.727 2 285.512 -109.115
1428 414.978 326.727 2 290.01 -108.211
1429 424.978 326.727 2 294.778 -107.04
1430 434.978 326.727 2 299.805 -105.395
1431 444.978 326.727 2 305.076 -101.218
1432 454.978 326.727 2 310.58 -109.488
1433 464.978 326.727 2 316.304 -106.132
1434 474.978 326.727 2 322.237 -112.088
1435 484.978 326.727 2 328.367 -114.879
1436 84.9784 336.727 2 330.58 -90.2471
1437 94.9784 336.727 2 324.764 -91.6283
1438 104.978 336.727 2 319.155 -107.123
1439 114.978 336.727 2 313.765 -112.575
1440 124.978 336.727 2 308.605 -107.562
1441 134.978 336.727 2 303.686 -102.905
1442 144.978 336.727 2 299.021 -109.365
1443 154.978 336.727 2 294.622 -100.927
1444 164.978 336.727 2 290.501 -98.7559
1445 174.978 336.727 2 286.669 -87.3073
1446 184.978 336.727 2 283.139 -85.2005
1447 194.978 336.727 2 279.922 -87.1312
1448 204.978 336.727 2 277.028 -87.7915
1449 214.978 336.727 2 274.469 -93.1867
1450 224.978 336.727 2 272.253 -88.2494
1451 234.978 336.727 2 270.389 -94.9379
1452 244.978 336.727 2 268.884 -108.298
1453 254.978 336.727 2 267.745 -109.407
1454 264.978 336.727 2 266.975 -108.246
1455 274.978 336.727 2 266.578 -89.7179
1456 284.978 336.727 2 266.557 -90.5205
1457 294.978 336.727 2 266.91 -101.582
1458 304.978 336.727 2 267.637 -97.5076
1459 314.978 336.727 2 268.734 -100.08
1460 324.978 336.727 2 270.197 -108.858
1461 334.978 336.727 2 272.02 -99.7113
1462 344.978 336.727 2 274.196 -98.1695
1463 354.978 336.727 2 276.716 -97.4961
1464 364.978 336.727 2 279.572 -97.7275
1465 374.978 336.727 2 282.752 -102.779
1466 384.978 336.727 2 286.247 -103.733
1467 394.978 336.727 2 290.045 -108.604
1468 404.978 336.727 2 294.133 -105.421
1469 414.978 336.727 2 298.501 -105.457
1470 424.978 336.727 2 303.136 -105.615
1471 434.978 336.727 2 308.026 -110.612
1472 444.978 336.727 2 313.159 -108.214
1473 454.978 336.727 2 318.523 -99.8272
1474 464.978 336.727 2 324.107 -109.657
1475 474.978 336.727 2 329.9 -104.813
1476 484.978 336.727 2 335.89 -123.703
1477 84.9784 346.727 2 338.349 -91.5343
1478 94.9784 346.727 2 332.669 -90.78
1479 104.978 346.727 2 327.196 -108.262
1480 114.978 346.727 2 321.94 -250
1481 124.978 346.727 2 316.913 -250
1482 134.978 346.727 2 312.126 -250
1483 144.978 346.727 2 307.589 -250
1484 154.978 346.727 2 303.314 -250
1485 164.978 346.727 2 299.312 -250
1486 174.978 346.727 2 295.595 -250
1487 184.978 346.727 2 292.172 -88.9277
1488 194.978 346.727 2 289.056 -88.233
1489 204.978 346.727 2 286.255 -86.9984
1490 214.978 346.727 2 283.778 -93.6596
1491 224.978 346.727 2 281.636 -86.9609
1492 234.978 346.727 2 279.834 -95.8409
1493 244.978 346.727 2 278.38 -250
1494 254.978 346.727 2 277.28 -250
1495 264.978 346.727 2 276.537 -250
1496 274.978 346.727 2 276.154 -88.9297
1497 284.978 346.727 2 276.133 -90.097
1498 294.978 346.727 2 276.474 -102.602
1499 304.978 346.727 2 277.176 -116.508
1500 314.978 346.727 2 278.236 -96.2809
1501 324.978 346.727 2 279.649 -97.3992
1502 334.978 346.727 2 281.411 -95.8882
1503 344.978 346.727 2 283.515 -96.2355
1504 354.978 346.727 2 285.953 -93.7532
1505 364.978 346.727 2 288.717 -98.153
1506 374.978 346.727 2 291.798 -101.432
1507 384.978 346.727 2 295.185 -250
1508 394.978 346.727 2 298.869 -250
1509 404.978 346.727 2 302.839 -250
1510 414.978 346.727 2 307.083 -250
1511 424.978 346.727 2 311.59 -250
1512 434.978 346.727 2 316.349 -250
1513 444.978 346.727 2 321.349 -106.719
1514 454.978 346.727 2 326.579 -250
1515 464.978 346.727 2 332.028 -250
1516 474.978 346.727 2 337.684 -101.141
1517 484.978 346.727 2 343.539 -109.868
1518 84.9784 356.727 2 346.233 -89.9688
1519 94.9784 356.727 2 340.684 -91.9636
1520 104.978 356.727 2 335.342 -250
1521 114.978 356.727 2 330.216 -250
1522 124.978 356.727 2 325.317 -250
1523 134.978 356.727 2 320.655 -250
1524 144.978 356.727 2 316.24 -250
1525 154.978 356.727 2 312.084 -250
1526 164.978 356.727 2 308.196 -250
1527 174.978 356.727 2 304.587 -250
1528 184.978 356.727 2 301.267 -89.9772
1529 194.978 356.727 2 298.245 -88.2671
1530 204.978 356.727 2 295.531 -89.5173
1531 214.978 356.727 2 293.133 -90.4636
1532 224.978 356.727 2 291.06 -88.566
1533 234.978 356.727 2 289.317 -100.31
1534 244.978 356.727 2 287.911 -250
1535 254.978 356.727 2 286.847 -250
1536 264.978 356.727 2 286.129 -250
1537 274.978 356.727 2 285.759 -93.3082
1538 284.978 356.727 2 285.739 -88.8888
1539 294.978 356.727 2 286.068 -95.3167
1540 304.978 356.727 2 286.747 -94.3575
1541 314.978 356.727 2 287.771 -95.7426
1542 324.978 356.727 2 289.138 -91.0367
1543 334.978 356.727 2 290.842 -90.3392
1544 344.978 356.727 2 292.878 -92.1549
1545 354.978 356.727 2 295.239 -93.2983
1546 364.978 356.727 2 297.917 -94.3593
1547 374.978 356.727 2 300.904 -97.941
1548 384.978 356.727 2 304.19 -99.6737
1549 394.978 356.727 2 307.766 -250
1550 404.978 356.727 2 311.622 -250
1551 414.978 356.727 2 315.748 -250
1552 424.978 356.727 2 320.133 -250
1553 434.978 356.727 2 324.767 -250
1554 444.978 356.727 2 329.64 -105.515
1555 454.978 356.727 2 334.74 -250
1556 464.978 356.727 2 340.058 -250
1557 474.978 356.727 2 345.583 -117.114
1558 484.978 356.727 2 351.306 -100.255
1559 84.9784 366.727 2 354.223 -91.5419
1560 94.9784 366.727 2 348.801 -112.581
1561 104.978 366.727 2 343.585 -250
1562 114.978 366.727 2 338.584 -250
1563 124.978 366.727 2 333.808 -250
1564 134.978 366.727 2 329.266 -250
1565 144.978 366.727 2 324.969 -250
1566 154.978 366.727 2 320.926 -250
1567 164.978 366.727 2 317.146 -250
1568 174.978 366.727 2 313.64 -250
1569 184.978 366.727 2 310.417 -90.636
1570 194.978 366.727 2 307.485 -250
1571 204.978 366.727 2 304.854 -250
1572 214.978 366.727 2 302.53 -250
1573 224.978 366.727 2 300.521 -250
1574 234.978 366.727 2 298.833 -250
1575 244.978 366.727 2 297.472 -250
1576 254.978 366.727 2 296.443 -250
1577 264.978 366.727 2 295.748 -250
1578 274.978 366.727 2 295.39 -89.4431
1579 284.978 366.727 2 295.37 -91.6881
1580 294.978 366.727 2 295.689 -87.3299
1581 304.978 366.727 2 296.345 -89.7458
1582 314.978 366.727 2 297.337 -87.5898
1583 324.978 366.727 2 298.66 -87.8064
1584 334.978 366.727 2 300.31 -88.4485
1585 344.978 366.727 2 302.282 -91.3231
1586 354.978 366.727 2 304.57 -90.3989
1587 364.978 366.727 2 307.167 -92.7208
1588 374.978 366.727 2 310.064 -92.7098
1589 384.978 366.727 2 313.255 -97.3863
1590 394.978 366.727 2 316.728 -250
1591 404.978 366.727 2 320.477 -250
1592 414.978 366.727 2 324.49 -250
1593 424.978 366.727 2 328.759 -250
1594 434.978 366.727 2 333.273 -250
1595 444.978 366.727 2 338.023 -118.388
1596 454.978 366.727 2 342.998 -250
1597 464.978 366.727 2 348.19 -250
1598 474.978 366.727 2 353.588 -108.557
1599 484.978 366.727 2 359.184 -99.5724
1600 84.9784 376.727 2 362.313 -90.4784
1601 94.9784 376.727 2 357.015 -123.997
1602 104.978 376.727 2 351.92 -250
1603 114.978 376.727 2 347.04 -250
1604 124.978 376.727 2 342.381 -250
1605 134.978 376.727 2 337.955 -250
1606 144.978 376.727 2 333.769 -250
1607 154.978 376.727 2 329.834 -250
1608 164.978 376.727 2 326.158 -250
1609 174.978 376.727 2 322.75 -250
1610 184.978 376.727 2 319.618 -89.2054
1611 194.978 376.727 2 316.772 -250
1612 204.978 376.727 2 314.218 -250
1613 214.978 376.727 2 311.964 -250
1614 224.978 376.727 2 310.016 -250
1615 234.978 376.727 2 308.38 -250
1616 244.978 376.727 2 307.061 -250
1617 254.978 376.727 2 306.064 -250
1618 264.978 376.727 2 305.391 -250
1619 274.978 376.727 2 305.045 -91.4825
1620 284.978 376.727 2 305.026 -90.5223
1621 294.978 376.727 2 305.334 -92.7245
1622 304.978 376.727 2 305.97 -94.7098
1623 314.978 376.727 2 306.93 -92.9786
1624 324.978 376.727 2 308.212 -91.8352
1625 334.978 376.727 2 309.811 -93.1323
1626 344.978 376.727 2 311.723 -89.5507
1627 354.978 376.727 2 313.943 -92.6137
1628 364.978 376.727 2 316.462 -88.0926
1629 374.978 376.727 2 319.276 -87.7546
1630 384.978 376.727 2 322.375 -250
1631 394.978 376.727 2 325.751 -250
1632 404.978 376.727 2 329.397 -250
1633 414.978 376.727 2 333.303 -250
1634 424.978 376.727 2 337.46 -250
1635 434.978 376.727 2 341.859 -250
1636 444.978 376.727 2 346.491 -250
1637 454.978 376.727 2 351.347 -250
1638 464.978 376.727 2 356.417 -250
1639 474.978 376.727 2 361.693 -104.17
1640 484.978 376.727 2 367.165 -94.9007
1641 84.9784 386.727 2 370.497 -133.741
1642 94.9784 386.727 2 365.317 -135.441
1643 104.978 386.727 2 360.34 -118.93
1644 114.978 386.727 2 355.575 -250
1645 124.978 386.727 2 351.03 -250
1646 134.978 386.727 2 346.714 -250
1647 144.978 386.727 2 342.635 -250
1648 154.978 386.727 2 338.803 -250
1649 164.978 386.727 2 335.225 -250
1650 174.978 386.727 2 331.91 -250
1651 184.978 386.727 2 328.866 -88.4228
1652 194.978 386.727 2 326.1 -250
1653 204.978 386.727 2 323.62 -250
1654 214.978 386.727 2 321.432 -250
1655 224.978 386.727 2 319.541 -250
1656 234.978 386.727 2 317.955 -250
1657 244.978 386.727 2 316.676 -250
1658 254.978 386.727 2 315.709 -250
1659 264.978 386.727 2 315.057 -250
1660 274.978 386.727 2 314.721 -89.9625
1661 284.978 386.727 2 314.702 -90.6888
1662 294.978 386.727 2 315.002 -88.5535
1663 304.978 386.727 2 315.618 -89.7536
1664 314.978 386.727 2 316.549 -93.4079
1665 324.978 386.727 2 317.792 -93.8735
1666 334.978 386.727 2 319.343 -89.6437
1667 344.978 386.727 2 321.199 -89.8675
1668 354.978 386.727 2 323.353 -88.4322
1669 364.978 386.727 2 325.8 -92.1707
1670 374.978 386.727 2 328.533 -85.656
1671 384.978 386.727 2 331.546 -250
1672 394.978 386.727 2 334.83 -250
1673 404.978 386.727 2 338.378 -250
1674 414.978 386.727 2 342.181 -250
1675 424.978 386.727 2 346.232 -250
1676 434.978 386.727 2 350.521 -250
1677 444.978 386.727 2 355.04 -250
1678 454.978 386.727 2 359.78 -250
1679 464.978 386.727 2 364.733 -250
1680 474.978 386.727 2 369.89 -94.6792
1681 484.978 386.727 2 375.243 -94.137
1682 84.9784 396.727 2 378.768 -117.951
1683 94.9784 396.727 2 373.702 -133.825
1684 104.978 396.727 2 368.839 -128.365
1685 114.978 396.727 2 364.185 -134.862
1686 124.978 396.727 2 359.748 -126.167
1687 134.978 396.727 2 355.538 -126.722
1688 144.978 396.727 2 351.562 -136.537
1689 154.978 396.727 2 347.828 -121.825
1690 164.978 396.727 2 344.344 -99.1082
1691 174.978 396.727 2 341.118 -105.886
1692 184.978 396.727 2 338.157 -90.3693
1693 194.978 396.727 2 335.467 -100.14
1694 204.978 396.727 2 333.057 -96.7971
1695 214.978 396.727 2 330.931 -103.409
1696 224.978 396.727 2 329.095 -117.44
1697 234.978 396.727 2 327.555 -98.5638
1698 244.978 396.727 2 326.314 -250
1699 254.978 396.727 2 325.376 -250
1700 264.978 396.727 2 324.743 -250
1701 274.978 396.727 2 324.417 -89.265
1702 284.978 396.727 2 324.399 -90.6815
1703 294.978 396.727 2 324.689 -90.9545
1704 304.978 396.727 2 325.287 -88.3487
1705 314.978 396.727 2 326.19 -90.0338
1706 324.978 396.727 2 327.397 -89.0981
1707 334.978 396.727 2 328.903 -93.7624
1708 344.978 396.727 2 330.705 -92.9022
1709 354.978 396.727 2 332.797 -88.9927
1710 364.978 396.727 2 335.175 -95.33
1711 374.978 396.727 2 337.833 -87.205
1712 384.978 396.727 2 340.763 -250
1713 394.978 396.727 2 343.959 -250
1714 404.978 396.727 2 347.414 -250
1715 414.978 396.727 2 351.12 -250
1716 424.978 396.727 2 355.068 -250
1717 434.978 396.727 2 359.252 -250
1718 444.978 396.727 2 363.662 -250
1719 454.978 396.727 2 368.292 -250
1720 464.978 396.727 2 373.132 -250
1721 474.978 396.727 2 378.174 -95.5086
1722 484.978 396.727 2 383.411 -95.4749
1723 84.9784 406.727 2 387.12 -120.189
1724 94.9784 406.727 2 382.166 -131.259
1725 104.978 406.727 2 377.411 -125.545
1726 114.978 406.727 2 372.864 -124.241
1727 124.978 406.727 2 368.532 -133.593
1728 134.978 406.727 2 364.423 -133.249
1729 144.978 406.727 2 360.545 -126.077
1730 154.978 406.727 2 356.905 -129.858
1731 164.978 406.727 2 353.511 -108.052
1732 174.978 406.727 2 350.369 -95.6389
1733 184.978 406.727 2 347.487 -93.835
1734 194.978 406.727 2 344.87 -97.5115
1735 204.978 406.727 2 342.526 -101.507
1736 214.978 406.727 2 340.459 -106.417
1737 224.978 406.727 2 338.675 -111.395
1738 234.978 406.727 2 337.178 -92.7562
1739 244.978 406.727 2 335.973 -102.521
1740 254.978 406.727 2 335.062 -108.189
1741 264.978 406.727 2 334.447 -113.715
1742 274.978 406.727 2 334.131 -90.5633
1743 284.978 406.727 2 334.113 -91.2195
1744 294.978 406.727 2 334.395 -92.8176
1745 304.978 406.727 2 334.976 -94.35
1746 314.978 406.727 2 335.853 -90.184
1747 324.978 406.727 2 337.025 -88.8105
1748 334.978 406.727 2 338.488 -89.5766
1749 344.978 406.727 2 340.239 -95.2719
1750 354.978 406.727 2 342.273 -88.4596
1751 364.978 406.727 2 344.586 -90.9568
1752 374.978 406.727 2 347.171 -87.7945
1753 384.978 406.727 2 350.024 -97.7513
1754 394.978 406.727 2 353.136 -102.311
1755 404.978 406.727 2 356.502 -112.373
1756 414.978 406.727 2 360.114 -101.577
1757 424.978 406.727 2 363.965 -102.759
1758 434.978 406.727 2 368.047 -119.885
1759 444.978 406.727 2 372.354 -116.352
1760 454.978 406.727 2 376.876 -109.759
1761 464.978 406.727 2 381.608 -97.998
1762 474.978 406.727 2 386.54 -92.7808
1763 484.978 406.727 2 391.665 -117.23
1764 84.9784 416.727 2 395.549 -114.962
1765 94.9784 416.727 2 390.701 -132.201
1766 104.978 416.727 2 386.052 -115.062
1767 114.978 416.727 2 381.608 -250
1768 124.978 416.727 2 377.376 -250
1769 134.978 416.727 2 373.365 -250
1770 144.978 416.727 2 369.581 -250
1771 154.978 416.727 2 366.031 -127.524
1772 164.978 416.727 2 362.722 -103.705
1773 174.978 416.727 2 359.66 -97.9341
1774 184.978 416.727 2 356.853 -93.8669
1775 194.978 416.727 2 354.305 -99.3415
1776 204.978 416.727 2 352.024 -111.003
1777 214.978 416.727 2 350.013 -112.494
1778 224.978 416.727 2 348.278 -112.986
1779 234.978 416.727 2 346.823 -91.163
1780 244.978 416.727 2 345.651 -111.762
1781 254.978 416.727 2 344.766 -110.286
1782 264.978 416.727 2 344.168 -106.907
1783 274.978 416.727 2 343.861 -91.4935
1784 284.978 416.727 2 343.844 -91.5771
1785 294.978 416.727 2 344.118 -94.2396
1786 304.978 416.727 2 344.682 -89.8526
1787 314.978 416.727 2 345.535 -88.1012
1788 324.978 416.727 2 346.674 -95.2547
1789 334.978 416.727 2 348.096 -89.876
1790 344.978 416.727 2 349.799 -90.6968
1791 354.978 416.727 2 351.778 -93.5161
1792 364.978 416.727 2 354.029 -90.1386
1793 374.978 416.727 2 356.546 -91.0913
1794 384.978 416.727 2 359.324 -106.374
1795 394.978 416.727 2 362.356 -102.389
1796 404.978 416.727 2 365.637 -103.493
1797 414.978 416.727 2 369.16 -106.833
1798 424.978 416.727 2 372.918 -108.09
1799 434.978 416.727 2 376.903 -113.676
1800 444.978 416.727 2 381.109 -105.33
1801 454.978 416.727 2 385.529 -103.298
1802 464.978 416.727 2 390.156 -96.8089
1803 474.978 416.727 2 394.981 -96.0907
1804 484.978 416.727 2 399.998 -112.205
1805 84.9784 426.727 2 404.05 -115.019
1806 94.9784 426.727 2 399.305 -116.514
1807 104.978 426.727 2 394.757 -119.776
1808 114.978 426.727 2 390.412 -250
1809 124.978 426.727 2 386.277 -250
1810 134.978 426.727 2 382.359 -250
1811 144.978 426.727 2 378.665 -250
1812 154.978 426.727 2 375.201 -110.342
1813 164.978 426.727 2 371.973 -250
1814 174.978 426.727 2 368.988 -250
1815 184.978 426.727 2 366.253 -250
1816 194.978 426.727 2 363.771 -250
1817 204.978 426.727 2 361.549 -250
1818 214.978 426.727 2 359.592 -250
1819 224.978 426.727 2 357.903 -100.324
1820 234.978 426.727 2 356.487 -250
1821 244.978 426.727 2 355.347 -250
1822 254.978 426.727 2 354.486 -250
1823 264.978 426.727 2 353.905 -250
1824 274.978 426.727 2 353.606 -92.1187
1825 284.978 426.727 2 353.59 -91.5918
1826 294.978 426.727 2 353.856 -94.7247
1827 304.978 426.727 2 354.405 -250
1828 314.978 426.727 2 355.234 -250
1829 324.978 426.727 2 356.342 -250
1830 334.978 426.727 2 357.726 -250
1831 344.978 426.727 2 359.384 -250
1832 354.978 426.727 2 361.31 -250
1833 364.978 426.727 2 363.502 -250
1834 374.978 426.727 2 365.954 -250
1835 384.978 426.727 2 368.66 -250
1836 394.978 426.727 2 371.617 -250
1837 404.978 426.727 2 374.817 -250
1838 414.978 426.727 2 378.254 -250
1839 424.978 426.727 2 381.922 -250
1840 434.978 426.727 2 385.815 -250
1841 444.978 426.727 2 389.925 -250
1842 454.978 426.727 2 394.246 -250
1843 464.978 426.727 2 398.771 -106.166
1844 474.978 426.727 2 403.493 -117.468
1845 484.978 426.727 2 408.406 -250
1846 84.9784 436.727 2 412.617 -117.476
1847 94.9784 436.727 2 407.973 -125.018
1848 104.978 436.727 2 403.522 -150.489
1849 114.978 436.727 2 399.273 -250
1850 124.978 436.727 2 395.23 -250
1851 134.978 436.727 2 391.402 -250
1852 144.978 436.727 2 387.794 -250
1853 154.978 436.727 2 384.412 -107.551
1854 164.978 436.727 2 381.262 -250
1855 174.978 436.727 2 378.351 -250
1856 184.978 436.727 2 375.683 -250
1857 194.978 436.727 2 373.265 -250
1858 204.978 436.727 2 371.1 -250
1859 214.978 436.727 2 369.193 -250
1860 224.978 436.727 2 367.548 -96.6758
1861 234.978 436.727 2 366.17 -250
1862 244.978 436.727 2 365.06 -250
1863 254.978 436.727 2 364.222 -250
1864 264.978 436.727 2 363.656 -250
1865 274.978 436.727 2 363.365 -95.5542
1866 284.978 436.727 2 363.349 -92.0428
1867 294.978 436.727 2 363.609 -93.3443
1868 304.978 436.727 2 364.142 -250
1869 314.978 436.727 2 364.95 -250
1870 324.978 436.727 2 366.028 -250
1871 334.978 436.727 2 367.376 -250
1872 344.978 436.727 2 368.99 -250
1873 354.978 436.727 2 370.867 -250
1874 364.978 436.727 2 373.002 -250
1875 374.978 436.727 2 375.392 -250
1876 384.978 436.727 2 378.031 -250
1877 394.978 436.727 2 380.915 -250
1878 404.978 436.727 2 384.037 -250
1879 414.978 436.727 2 387.393 -250
1880 424.978 436.727 2 390.975 -250
1881 434.978 436.727 2 394.778 -250
1882 444.978 436.727 2 398.796 -250
1883 454.978 436.727 2 403.022 -250
1884 464.978 436.727 2 407.45 -99.5517
1885 474.978 436.727 2 412.073 -98.2397
1886 484.978 436.727 2 416.884 -250
1887 84.9784 446.727 2 421.248 -110.858
1888 94.9784 446.727 2 416.7 -112.083
1889 104.978 446.727 2 412.343 -146.532
1890 114.978 446.727 2 408.186 -250
1891 124.978 446.727 2 404.233 -250
1892 134.978 446.727 2 400.49 -250
1893 144.978 446.727 2 396.965 -250
1894 154.978 446.727 2 393.662 -106.518
1895 164.978 446.727 2 390.587 -250
1896 174.978 446.727 2 387.745 -250
1897 184.978 446.727 2 385.143 -250
1898 194.978 446.727 2 382.784 -250
1899 204.978 446.727 2 380.673 -250
1900 214.978 446.727 2 378.814 -250
1901 224.978 446.727 2 377.212 -94.2925
1902 234.978 446.727 2 375.869 -250
1903 244.978 446.727 2 374.788 -250
1904 254.978 446.727 2 373.971 -250
1905 264.978 446.727 2 373.42 -250
1906 274.978 446.727 2 373.137 -91.4454
1907 284.978 446.727 2 373.122 -92.2982
1908 294.978 446.727 2 373.374 -89.82
1909 304.978 446.727 2 373.894 -250
1910 314.978 446.727 2 374.68 -250
1911 324.978 446.727 2 375.731 -250
1912 334.978 446.727 2 377.044 -250
1913 344.978 446.727 2 378.617 -250
1914 354.978 446.727 2 380.446 -250
1915 364.978 446.727 2 382.528 -250
1916 374.978 446.727 2 384.859 -250
1917 384.978 446.727 2 387.433 -250
1918 394.978 446.727 2 390.247 -250
1919 404.978 446.727 2 393.296 -250
1920 414.978 446.727 2 396.573 -250
1921 424.978 446.727 2 400.073 -250
1922 434.978 446.727 2 403.791 -250
1923 444.978 446.727 2 407.72 -250
1924 454.978 446.727 2 411.854 -250
1925 464.978 446.727 2 416.188 -105.764
1926 474.978 446.727 2 420.715 -101.974
1927 484.978 446.727 2 425.429 -250
1928 84.9784 456.727 2 429.939 -107.484
1929 94.9784 456.727 2 425.483 -125.665
1930 104.978 456.727 2 421.217 -130.457
1931 114.978 456.727 2 417.148 -250
1932 124.978 456.727 2 413.281 -250
1933 134.978 456.727 2 409.621 -250
1934 144.978 456.727 2 406.175 -250
1935 154.978 456.727 2 402.947 -111.513
1936 164.978 456.727 2 399.944 -250
1937 174.978 456.727 2 397.169 -250
1938 184.978 456.727 2 394.629 -250
1939 194.978 456.727 2 392.327 -250
1940 204.978 456.727 2 390.268 -250
1941 214.978 456.727 2 388.455 -250
1942 224.978 456.727 2 386.893 -89.1695
1943 234.978 456.727 2 385.583 -250
1944 244.978 456.727 2 384.529 -250
1945 254.978 456.727 2 383.733 -250
1946 264.978 456.727 2 383.197 -250
1947 274.978 456.727 2 382.921 -92.7359
1948 284.978 456.727 2 382.906 -91.6417
1949 294.978 456.727 2 383.152 -87.3038
1950 304.978 456.727 2 383.658 -250
1951 314.978 456.727 2 384.425 -250
1952 324.978 456.727 2 385.449 -250
1953 334.978 456.727 2 386.729 -250
1954 344.978 456.727 2 388.262 -250
1955 354.978 456.727 2 390.046 -250
1956 364.978 456.727 2 392.077 -250
1957 374.978 456.727 2 394.352 -250
1958 384.978 456.727 2 396.865 -250
1959 394.978 456.727 2 399.612 -250
1960 404.978 456.727 2 402.59 -250
1961 414.978 456.727 2 405.792 -250
1962 424.978 456.727 2 409.213 -250
1963 434.978 456.727 2 412.849 -250
1964 444.978 456.727 2 416.692 -250
1965 454.978 456.727 2 420.739 -250
1966 464.978 456.727 2 424.982 -94.7847
1967 474.978 456.727 2 429.416 -96.8478
1968 484.978 456.727 2 434.035 -250
1969 84.9784 466.727 2 438.685 -103.696
1970 94.9784 466.727 2 434.319 -121.524
1971 104.978 466.727 2 430.141 -132.63
1972 114.978 466.727 2 426.157 -250
1973 124.978 466.727 2 422.372 -250
1974 134.978 466.727 2 418.792 -250
1975 144.978 466.727 2 415.422 -250
1976 154.978 466.727 2 412.266 -108.161
1977 164.978 466.727 2 409.331 -250
1978 174.978 466.727 2 406.621 -250
1979 184.978 466.727 2 404.14 -250
1980 194.978 466.727 2 401.892 -250
1981 204.978 466.727 2 399.882 -250
1982 214.978 466.727 2 398.114 -250
1983 224.978 466.727 2 396.589 -87.9861
1984 234.978 466.727 2 395.312 -250
1985 244.978 466.727 2 394.284 -250
1986 254.978 466.727 2 393.508 -250
1987 264.978 466.727 2 392.985 -250
1988 274.978 466.727 2 392.715 -93.3202
1989 284.978 466.727 2 392.701 -91.8213
1990 294.978 466.727 2 392.941 -86.6112
1991 304.978 466.727 2 393.435 -250
1992 314.978 466.727 2 394.182 -250
1993 324.978 466.727 2 395.181 -250
1994 334.978 466.727 2 396.429 -250
1995 344.978 466.727 2 397.925 -250
1996 354.978 466.727 2 399.666 -250
1997 364.978 466.727 2 401.649 -250
1998 374.978 466.727 2 403.869 -250
1999 384.978 466.727 2 406.323 -250
2000 394.978 466.727 2 409.007 -250
2001 404.978 466.727 2 411.917 -250
2002 414.978 466.727 2 415.047 -250
2003 424.978 466.727 2 418.393 -250
2004 434.978 466.727 2 421.949 -250
2005 444.978 466.727 2 425.711 -250
2006 454.978 466.727 2 429.672 -250
2007 464.978 466.727 2 433.828 -99.6747
2008 474.978 466.727 2 438.172 -96.8881
2009 484.978 466.727 2 442.7 -250
2010 84.9784 476.727 2 447.483 -140.982
2011 94.9784 476.727 2 443.204 -124.441
2012 104.978 476.727 2 439.111 -124.602
2013 114.978 476.727 2 435.209 -130.197
2014 124.978 476.727 2 431.503 -133.178
2015 134.978 476.727 2 428 -121.27
2016 144.978 476.727 2 424.702 -106.09
2017 154.978 476.727 2 421.617 -107.011
2018 164.978 476.727 2 418.747 -113.903
2019 174.978 476.727 2 416.098 -99.1857
2020 184.978 476.727 2 413.674 -132.366
2021 194.978 476.727 2 411.478 -142.272
2022 204.978 476.727 2 409.516 -130.358
2023 214.978 476.727 2 407.788 -129.053
2024 224.978 476.727 2 406.3 -94.6931
2025 234.978 476.727 2 405.054 -109.808
2026 244.978 476.727 2 404.051 -115.928
2027 254.978 476.727 2 403.293 -125.577
2028 264.978 476.727 2 402.783 -135.703
2029 274.978 476.727 2 402.52 -94.3052
2030 284.978 476.727 2 402.506 -91.7578
2031 294.978 476.727 2 402.74 -94.4019
2032 304.978 476.727 2 403.222 -250
2033 314.978 476.727 2 403.951 -250
2034 324.978 476.727 2 404.926 -250
2035 334.978 476.727 2 406.144 -250
2036 344.978 476.727 2 407.605 -250
2037 354.978 476.727 2 409.305 -250
2038 364.978 476.727 2 411.24 -250
2039 374.978 476.727 2 413.409 -250
2040 384.978 476.727 2 415.807 -250
2041 394.978 476.727 2 418.431 -250
2042 404.978 476.727 2 421.275 -250
2043 414.978 476.727 2 424.336 -250
2044 424.978 476.727 2 427.609 -250
2045 434.978 476.727 2 431.089 -250
2046 444.978 476.727 2 434.772 -250
2047 454.978 476.727 2 438.651 -250
2048 464.978 476.727 2 442.723 -97.6969
2049 474.978 476.727 2 446.981 -98.3905
2050 484.978 476.727 2 451.421 -250
2051 84.9784 486.727 2 456.331 -118.879
2052 94.9784 486.727 2 452.136 -123.691
2053 104.978 486.727 2 448.124 -131.084
2054 114.978 486.727 2 444.301 -131.131
2055 124.978 486.727 2 440.672 -130.021
2056 134.978 486.727 2 437.242 -126.713
2057 144.978 486.727 2 434.015 -115.582
2058 154.978 486.727 2 430.996 -105.109
2059 164.978 486.727 2 428.189 -111.864
2060 174.978 486.727 2 425.599 -108.877
2061 184.978 486.727 2 423.229 -119.306
2062 194.978 486.727 2 421.084 -134.857
2063 204.978 486.727 2 419.166 -141.329
2064 214.978 486.727 2 417.479 -119.993
2065 224.978 486.727 2 416.025 -94.638
2066 234.978 486.727 2 414.808 -105.156
2067 244.978 486.727 2 413.828 -118.244
2068 254.978 486.727 2 413.089 -126.557
2069 264.978 486.727 2 412.59 -124.915
2070 274.978 486.727 2 412.334 -95.1705
2071 284.978 486.727 2 412.32 -93.4922
2072 294.978 486.727 2 412.549 -95.1575
2073 304.978 486.727 2 413.019 -117.725
2074 314.978 486.727 2 413.731 -140.068
2075 324.978 486.727 2 414.683 -142.874
2076 334.978 486.727 2 415.873 -142.423
2077 344.978 486.727 2 417.299 -165.956
2078 354.978 486.727 2 418.96 -158.729
2079 364.978 486.727 2 420.851 -159.894
2080 374.978 486.727 2 422.971 -152.007
2081 384.978 486.727 2 425.315 -150.118
2082 394.978 486.727 2 427.88 -165.894
2083 404.978 486.727 2 430.662 -148.948
2084 414.978 486.727 2 433.657 -167.241
2085 424.978 486.727 2 436.86 -153.483
2086 434.978 486.727 2 440.267 -164.698
2087 444.978 486.727 2 443.873 -165.009
2088 454.978 486.727 2 447.674 -162.79
2089 464.978 486.727 2 451.664 -95.3552
2090 474.978 486.727 2 455.839 -97.7041
2091 484.978 486.727 2 460.193 -112.218
2092 84.9784 496.727 2 465.226 -119.607
2093 94.9784 496.727 2 461.111 -123.36
2094 104.978 496.727 2 457.179 -250
2095 114.978 496.727 2 453.432 -250
2096 124.978 496.727 2 449.877 -250
2097 134.978 496.727 2 446.517 -250
2098 144.978 496.727 2 443.358 -250
2099 154.978 496.727 2 440.403 -250
2100 164.978 496.727 2 437.656 -250
2101 174.978 496.727 2 435.122 -250
2102 184.978 496.727 2 432.805 -250
2103 194.978 496.727 2 430.707 -250
2104 204.978 496.727 2 428.832 -130.703
2105 214.978 496.727 2 427.183 -112.207
2106 224.978 496.727 2 425.763 -94.8418
2107 234.978 496.727 2 424.573 -250
2108 244.978 496.727 2 423.616 -250
2109 254.978 496.727 2 422.894 -250
2110 264.978 496.727 2 422.407 -250
2111 274.978 496.727 2 422.157 -95.6002
2112 284.978 496.727 2 422.143 -94.8463
2113 294.978 496.727 2 422.366 -87.7197
2114 304.978 496.727 2 422.826 -117.28
2115 314.978 496.727 2 423.521 -137.603
2116 324.978 496.727 2 424.451 -139.33
2117 334.978 496.727 2 425.614 -144.835
2118 344.978 496.727 2 427.008 -145.672
2119 354.978 496.727 2 428.631 -145.563
2120 364.978 496.727 2 430.48 -142.889
2121 374.978 496.727 2 432.552 -146.267
2122 384.978 496.727 2 434.844 -152.804
2123 394.978 496.727 2 437.354 -152.175
2124 404.978 496.727 2 440.076 -155.237
2125 414.978 496.727 2 443.007 -155.984
2126 424.978 496.727 2 446.143 -145.344
2127 434.978 496.727 2 449.48 -152.506
2128 444.978 496.727 2 453.013 -148.665
2129 454.978 496.727 2 456.737 -120.636
2130 464.978 496.727 2 460.649 -99.1693
2131 474.978 496.727 2 464.743 -103.129
2132 484.978 496.727 2 469.014 -101.246
2133 84.9784 506.727 2 474.165 -116.827
2134 94.9784 506.727 2 470.128 -128.842
2135 104.978 506.727 2 466.272 -250
2136 114.978 506.727 2 462.599 -250
2137 124.978 506.727 2 459.115 -250
2138 134.978 506.727 2 455.823 -250
2139 144.978 506.727 2 452.729 -250
2140 154.978 506.727 2 449.835 -250
2141 164.978 506.727 2 447.147 -250
2142 174.978 506.727 2 444.667 -250
2143 184.978 506.727 2 442.399 -250
2144 194.978 506.727 2 440.347 -250
2145 204.978 506.727 2 438.513 -128.874
2146 214.978 506.727 2 436.901 -105.3
2147 224.978 506.727 2 435.512 -100.014
2148 234.978 506.727 2 434.349 -250
2149 244.978 506.727 2 433.414 -250
2150 254.978 506.727 2 432.708 -250
2151 264.978 506.727 2 432.232 -250
2152 274.978 506.727 2 431.988 -94.8374
2153 284.978 506.727 2 431.974 -94.5356
2154 294.978 506.727 2 432.193 -250
2155 304.978 506.727 2 432.642 -250
2156 314.978 506.727 2 433.321 -250
2157 324.978 506.727 2 434.23 -250
2158 334.978 506.727 2 435.367 -250
2159 344.978 506.727 2 436.73 -250
2160 354.978 506.727 2 438.316 -250
2161 364.978 506.727 2 440.125 -250
2162 374.978 506.727 2 442.152 -250
2163 384.978 506.727 2 444.395 -250
2164 394.978 506.727 2 446.85 -250
2165 404.978 506.727 2 449.515 -250
2166 414.978 506.727 2 452.385 -250
2167 424.978 506.727 2 455.457 -206.245
2168 434.978 506.727 2 458.726 -150.805
2169 444.978 506.727 2 462.188 -143.34
2170 454.978 506.727 2 465.839 -99.2967
2171 464.978 506.727 2 469.675 -113.732
2172 474.978 506.727 2 473.691 -126.217
2173 484.978 506.727 2 477.882 -250
2174 84.9784 516.727 2 483.145 -117.822
2175 94.9784 516.727 2 479.184 -128.385
2176 104.978 516.727 2 475.401 -250
2177 114.978 516.727 2 471.799 -250
2178 124.978 516.727 2 468.384 -250
2179 134.978 516.727 2 465.158 -250
2180 144.978 516.727 2 462.126 -250
2181 154.978 516.727 2 459.291 -250
2182 164.978 516.727 2 456.659 -250
2183 174.978 516.727 2 454.231 -250
2184 184.978 516.727 2 452.011 -250
2185 194.978 516.727 2 450.003 -250
2186 204.978 516.727 2 448.209 -117.787
2187 214.978 516.727 2 446.631 -93.6809
2188 224.978 516.727 2 445.273 -102.606
2189 234.978 516.727 2 444.136 -250
2190 244.978 516.727 2 443.221 -250
2191 254.978 516.727 2 442.531 -250
2192 264.978 516.727 2 442.066 -250
2193 274.978 516.727 2 441.826 -93.8796
2194 284.978 516.727 2 441.813 -93.0931
2195 294.978 516.727 2 442.026 -250
2196 304.978 516.727 2 442.466 -250
2197 314.978 516.727 2 443.13 -250
2198 324.978 516.727 2 444.019 -250
2199 334.978 516.727 2 445.131 -250
2200 344.978 516.727 2 446.464 -250
2201 354.978 516.727 2 448.016 -250
2202 364.978 516.727 2 449.785 -250
2203 374.978 516.727 2 451.769 -250
2204 384.978 516.727 2 453.964 -250
2205 394.978 516.727 2 456.368 -250
2206 404.978 516.727 2 458.978 -250
2207 414.978 516.727 2 461.789 -250
2208 424.978 516.727 2 464.799 -149.998
2209 434.978 516.727 2 468.002 -135.882
2210 444.978 516.727 2 471.396 -99.0992
2211 454.978 516.727 2 474.977 -103.791
2212 464.978 516.727 2 478.74 -120.229
2213 474.978 516.727 2 482.68 -108.637
2214 484.978 516.727 2 486.794 -250
2215 84.9784 526.727 2 492.165 -122.682
2216 94.9784 526.727 2 488.277 -133.872
2217 104.978 526.727 2 484.565 -250
2218 114.978 526.727 2 481.032 -250
2219 124.978 526.727 2 477.682 -250
2220 134.978 526.727 2 474.519 -250
2221 144.978 526.727 2 471.548 -250
2222 154.978 526.727 2 468.77 -250
2223 164.978 526.727 2 466.191 -250
2224 174.978 526.727 2 463.813 -250
2225 184.978 526.727 2 461.64 -250
2226 194.978 526.727 2 459.673 -250
2227 204.978 526.727 2 457.917 -118.101
2228 214.978 526.727 2 456.373 -90.8165
2229 224.978 526.727 2 455.044 -119.441
2230 234.978 526.727 2 453.931 -250
2231 244.978 526.727 2 453.036 -250
2232 254.978 526.727 2 452.361 -250
2233 264.978 526.727 2 451.906 -250
2234 274.978 526.727 2 451.672 -93.142
2235 284.978 526.727 2 451.659 -92.6941
2236 294.978 526.727 2 451.868 -250
2237 304.978 526.727 2 452.297 -250
2238 314.978 526.727 2 452.947 -250
2239 324.978 526.727 2 453.817 -250
2240 334.978 526.727 2 454.905 -250
2241 344.978 526.727 2 456.209 -250
2242 354.978 526.727 2 457.728 -250
2243 364.978 526.727 2 459.46 -250
2244 374.978 526.727 2 461.402 -250
2245 384.978 526.727 2 463.552 -250
2246 394.978 526.727 2 465.907 -250
2247 404.978 526.727 2 468.463 -250
2248 414.978 526.727 2 471.218 -250
2249 424.978 526.727 2 474.167 -136.123
2250 434.978 526.727 2 477.308 -123.214
2251 444.978 526.727 2 480.637 -100.002
2252 454.978 526.727 2 484.149 -116.657
2253 464.978 526.727 2 487.841 -130.616
2254 474.978 526.727 2 491.708 -108.029
2255 484.978 526.727 2 495.747 -250
2256 84.9784 536.727 2 501.222 -120.692
2257 94.9784 536.727 2 497.405 -148.979
2258 104.978 536.727 2 493.761 -250
2259 114.978 536.727 2 490.295 -250
2260 124.978 536.727 2 487.008 -250
2261 134.978 536.727 2 483.907 -250
2262 144.978 536.727 2 480.993 -250
2263 154.978 536.727 2 478.27 -250
2264 164.978 536.727 2 475.743 -250
2265 174.978 536.727 2 473.413 -250
2266 184.978 536.727 2 471.283 -250
2267 194.978 536.727 2 469.358 -250
2268 204.978 536.727 2 467.638 -117.496
2269 214.978 536.727 2 466.126 -96.9593
2270 224.978 536.727 2 464.825 -103.805
2271 234.978 536.727 2 463.735 -250
2272 244.978 536.727 2 462.86 -250
2273 254.978 536.727 2 462.199 -250
2274 264.978 536.727 2 461.753 -250
2275 274.978 536.727 2 461.524 -92.7181
2276 284.978 536.727 2 461.512 -94.1114
2277 294.978 536.727 2 461.716 -250
2278 304.978 536.727 2 462.136 -250
2279 314.978 536.727 2 462.772 -250
2280 324.978 536.727 2 463.624 -250
2281 334.978 536.727 2 464.688 -250
2282 344.978 536.727 2 465.965 -250
2283 354.978 536.727 2 467.453 -250
2284 364.978 536.727 2 469.149 -250
2285 374.978 536.727 2 471.051 -250
2286 384.978 536.727 2 473.157 -250
2287 394.978 536.727 2 475.464 -250
2288 404.978 536.727 2 477.969 -250
2289 414.978 536.727 2 480.67 -250
2290 424.978 536.727 2 483.561 -135.085
2291 434.978 536.727 2 486.642 -100.12
2292 444.978 536.727 2 489.907 -103.929
2293 454.978 536.727 2 493.353 -119.89
2294 464.978 536.727 2 496.976 -105.767
2295 474.978 536.727 2 500.774 -105.882
2296 484.978 536.727 2 504.74 -250
2297 84.9784 546.727 2 510.314 -150.02
2298 94.9784 546.727 2 506.566 -149.896
2299 104.978 546.727 2 502.988 -250
2300 114.978 546.727 2 499.586 -250
2301 124.978 546.727 2 496.361 -250
2302 134.978 546.727 2 493.318 -250
2303 144.978 546.727 2 490.46 -250
2304 154.978 546.727 2 487.791 -250
2305 164.978 546.727 2 485.312 -250
2306 174.978 546.727 2 483.029 -250
2307 184.978 546.727 2 480.942 -250
2308 194.978 546.727 2 479.055 -250
2309 204.978 546.727 2 477.37 -105.833
2310 214.978 546.727 2 475.889 -97.8256
2311 224.978 546.727 2 474.615 -101.198
2312 234.978 546.727 2 473.548 -250
2313 244.978 546.727 2 472.69 -250
2314 254.978 546.727 2 472.043 -250
2315 264.978 546.727 2 471.607 -250
2316 274.978 546.727 2 471.383 -92.9003
2317 284.978 546.727 2 471.37 -91.9809
2318 294.978 546.727 2 471.57 -250
2319 304.978 546.727 2 471.982 -250
2320 314.978 546.727 2 472.605 -250
2321 324.978 546.727 2 473.438 -250
2322 334.978 546.727 2 474.481 -250
2323 344.978 546.727 2 475.732 -250
2324 354.978 546.727 2 477.189 -250
2325 364.978 546.727 2 478.851 -250
2326 374.978 546.727 2 480.714 -250
2327 384.978 546.727 2 482.778 -250
2328 394.978 546.727 2 485.039 -250
2329 404.978 546.727 2 487.495 -250
2330 414.978 546.727 2 490.143 -250
2331 424.978 546.727 2 492.979 -121.199
2332 434.978 546.727 2 496.001 -97.9223
2333 444.978 546.727 2 499.205 -112.493
2334 454.978 546.727 2 502.587 -122.207
2335 464.978 546.727 2 506.145 -104.781
2336 474.978 546.727 2 509.874 -138.611
2337 484.978 546.727 2 513.77 -250
2338 84.9784 556.727 2 519.439 -145.734
2339 94.9784 556.727 2 515.758 -148.265
2340 104.978 556.727 2 512.244 -155.42
2341 114.978 556.727 2 508.904 -154.632
2342 124.978 556.727 2 505.738 -156.158
2343 134.978 556.727 2 502.752 -162.654
2344 144.978 556.727 2 499.948 -159.819
2345 154.978 556.727 2 497.33 -157.413
2346 164.978 556.727 2 494.899 -157.119
2347 174.978 556.727 2 492.66 -155.332
2348 184.978 556.727 2 490.614 -161.128
2349 194.978 556.727 2 488.764 -158.42
2350 204.978 556.727 2 487.113 -111.854
2351 214.978 556.727 2 485.662 -105.795
2352 224.978 556.727 2 484.413 -94.8585
2353 234.978 556.727 2 483.368 -121.548
2354 244.978 556.727 2 482.528 -150.984
2355 254.978 556.727 2 481.894 -151.577
2356 264.978 556.727 2 481.467 -141.513
2357 274.978 556.727 2 481.247 -93.3149
2358 284.978 556.727 2 481.235 -92.4913
2359 294.978 556.727 2 481.431 -143
2360 304.978 556.727 2 481.834 -161.225
2361 314.978 556.727 2 482.444 -173.162
2362 324.978 556.727 2 483.261 -165.878
2363 334.978 556.727 2 484.282 -167.696
2364 344.978 556.727 2 485.508 -174.777
2365 354.978 556.727 2 486.936 -175.643
2366 364.978 556.727 2 488.564 -177.059
2367 374.978 556.727 2 490.391 -189.944
2368 384.978 556.727 2 492.414 -187.176
2369 394.978 556.727 2 494.631 -198.652
2370 404.978 556.727 2 497.04 -250
2371 414.978 556.727 2 499.637 -178.131
2372 424.978 556.727 2 502.42 -96.9815
2373 434.978 556.727 2 505.385 -105.074
2374 444.978 556.727 2 508.53 -117.351
2375 454.978 556.727 2 511.851 -105.923
2376 464.978 556.727 2 515.344 -105.067
2377 474.978 556.727 2 519.007 -126.29
2378 484.978 556.727 2 522.835 -143.767
2379 84.9784 566.727 2 528.597 -182.515
2380 94.9784 566.727 2 524.979 -134.147
2381 104.978 566.727 2 521.528 -144.78
2382 114.978 566.727 2 518.247 -142.724
2383 124.978 566.727 2 515.139 -144.481
2384 134.978 566.727 2 512.208 -149.153
2385 144.978 566.727 2 509.456 -149.341
2386 154.978 566.727 2 506.886 -144.753
2387 164.978 566.727 2 504.502 -141.067
2388 174.978 566.727 2 502.305 -145.204
2389 184.978 566.727 2 500.299 -146.32
2390 194.978 566.727 2 498.485 -130.188
2391 204.978 566.727 2 496.866 -110.595
2392 214.978 566.727 2 495.444 -100.502
2393 224.978 566.727 2 494.22 -97.4933
2394 234.978 566.727 2 493.195 -104.221
2395 244.978 566.727 2 492.372 -133.002
2396 254.978 566.727 2 491.75 -136.3
2397 264.978 566.727 2 491.332 -136.082
2398 274.978 566.727 2 491.117 -94.1224
2399 284.978 566.727 2 491.105 -96.7313
2400 294.978 566.727 2 491.297 -136.72
2401 304.978 566.727 2 491.692 -137.943
2402 314.978 566.727 2 492.29 -161.329
2403 324.978 566.727 2 493.09 -156.265
2404 334.978 566.727 2 494.091 -160.779
2405 344.978 566.727 2 495.293 -160.159
2406 354.978 566.727 2 496.692 -166.639
2407 364.978 566.727 2 498.289 -177.036
2408 374.978 566.727 2 500.08 -175.333
2409 384.978 566.727 2 502.065 -168.614
2410 394.978 566.727 2 504.239 -175.277
2411 404.978 566.727 2 506.602 -176.893
2412 414.978 566.727 2 509.151 -118.044
2413 424.978 566.727 2 511.882 -95.6212
2414 434.978 566.727 2 514.792 -110.096
2415 444.978 566.727 2 517.88 -123.705
2416 454.978 566.727 2 521.141 -104.638
2417 464.978 566.727 2 524.573 -131.983
2418 474.978 566.727 2 528.172 -139.394
2419 484.978 566.727 2 531.934 -126.854
2420 84.9784 576.727 2 537.784 -130.83
2421 94.9784 576.727 2 534.228 -135.633
2422 104.978 576.727 2 530.837 -138.065
2423 114.978 576.727 2 527.614 -138.592
2424 124.978 576.727 2 524.562 -141.813
2425 134.978 576.727 2 521.684 -145.795
2426 144.978 576.727 2 518.982 -142.099
2427 154.978 576.727 2 516.46 -137.749
2428 164.978 576.727 2 514.12 -138.394
2429 174.978 576.727 2 511.965 -139.201
2430 184.978 576.727 2 509.996 -141.158
2431 194.978 576.727 2 508.217 -138.894
2432 204.978 576.727 2 506.629 -99.4806
2433 214.978 576.727 2 505.234 -108.046
2434 224.978 576.727 2 504.034 -99.6571
2435 234.978 576.727 2 503.029 -103.371
2436 244.978 576.727 2 502.222 -128.738
2437 254.978 576.727 2 501.613 -136.692
2438 264.978 576.727 2 501.203 -118.446
2439 274.978 576.727 2 500.992 -95.9374
2440 284.978 576.727 2 500.98 -96.3388
2441 294.978 576.727 2 501.168 -116.659
2442 304.978 576.727 2 501.556 -141.588
2443 314.978 576.727 2 502.142 -137.041
2444 324.978 576.727 2 502.926 -157.413
2445 334.978 576.727 2 503.908 -154.235
2446 344.978 576.727 2 505.086 -157.744
2447 354.978 576.727 2 506.459 -170.906
2448 364.978 576.727 2 508.024 -163.826
2449 374.978 576.727 2 509.782 -163.499
2450 384.978 576.727 2 511.728 -166.613
2451 394.978 576.727 2 513.862 -171.802
2452 404.978 576.727 2 516.181 -122.681
2453 414.978 576.727 2 518.682 -96.3818
2454 424.978 576.727 2 521.363 -103.127
2455 434.978 576.727 2 524.222 -121.484
2456 444.978 576.727 2 527.254 -104.794
2457 454.978 576.727 2 530.458 -104.039
2458 464.978 576.727 2 533.829 -127.079
2459 474.978 576.727 2 537.366 -134.236
2460 484.978 576.727 2 541.064 -139.013
2461 84.9784 586.727 2 546.999 -130.669
2462 94.9784 586.727 2 543.504 -137.157
2463 104.978 586.727 2 540.172 -141.098
2464 114.978 586.727 2 537.005 -138.426
2465 124.978 586.727 2 534.006 -137.633
2466 134.978 586.727 2 531.179 -134.627
2467 144.978 586.727 2 528.526 -134.303
2468 154.978 586.727 2 526.049 -135.981
2469 164.978 586.727 2 523.752 -139.626
2470 174.978 586.727 2 521.637 -139.428
2471 184.978 586.727 2 519.705 -128.805
2472 194.978 586.727 2 517.959 -120.209
2473 204.978 586.727 2 516.401 -98.485
2474 214.978 586.727 2 515.033 -108.66
2475 224.978 586.727 2 513.855 -96.6707
2476 234.978 586.727 2 512.87 -110.849
2477 244.978 586.727 2 512.078 -125.261
2478 254.978 586.727 2 511.481 -129.65
2479 264.978 586.727 2 511.078 -124.191
2480 274.978 586.727 2 510.871 -96.5174
2481 284.978 586.727 2 510.86 -95.642
2482 294.978 586.727 2 511.045 -124.435
2483 304.978 586.727 2 511.424 -145.561
2484 314.978 586.727 2 511.999 -137.014
2485 324.978 586.727 2 512.769 -137.278
2486 334.978 586.727 2 513.732 -152.01
2487 344.978 586.727 2 514.887 -152.497
2488 354.978 586.727 2 516.234 -162.484
2489 364.978 586.727 2 517.77 -171.71
2490 374.978 586.727 2 519.494 -167.456
2491 384.978 586.727 2 521.405 -168.126
2492 394.978 586.727 2 523.499 -139.297
2493 404.978 586.727 2 525.775 -119.836
2494 414.978 586.727 2 528.231 -96.1276
2495 424.978 586.727 2 530.864 -110.489
2496 434.978 586.727 2 533.671 -122.638
2497 444.978 586.727 2 536.65 -104.809
2498 454.978 586.727 2 539.798 -126.014
2499 464.978 586.727 2 543.112 -121.319
2500 474.978 586.727 2 546.589 -130.732
2501 484.978 586.727 2 550.225 -128.867
