# <Transmitter Set: Tx: 19 tx_ant_grid_80_m - Point 2> 
# <Receiver Set: Rx: 17 rx_ant_grid> 
# <X(m)> <Y(m)> <Z(m)> <Distance(m)> <FreeSpacePathLoss(dB)>
1 84.9784 -13.2734 2 123.46 87.9522
2 94.9784 -13.2734 2 115.891 88.4427
3 104.978 -13.2734 2 108.716 89.187
4 114.978 -13.2734 2 102.018 90.2776
5 124.978 -13.2734 2 95.8969 91.8466
6 134.978 -13.2734 2 90.4693 94.0902
7 144.978 -13.2734 2 85.8672 97.3206
8 154.978 -13.2734 2 82.2293 102.099
9 164.978 -13.2734 2 79.6878 109.651
10 174.978 -13.2734 2 78.3494 123.108
11 184.978 -13.2734 2 78.2758 125.148
12 194.978 -13.2734 2 79.4707 110.811
13 204.978 -13.2734 2 81.8784 102.793
14 214.978 -13.2734 2 85.3964 97.7774
15 224.978 -13.2734 2 89.8946 94.4043
16 234.978 -13.2734 2 95.234 92.066
17 244.978 -13.2734 2 101.282 90.4309
18 254.978 -13.2734 2 107.919 89.2929
19 264.978 -13.2734 2 115.043 88.514
20 274.978 -13.2734 2 122.57 87.9981
21 284.978 -13.2734 2 130.43 87.6762
22 294.978 -13.2734 2 138.566 87.4983
23 304.978 -13.2734 2 146.932 87.4278
24 314.978 -13.2734 2 155.491 87.4376
25 324.978 -13.2734 2 164.213 87.5075
26 334.978 -13.2734 2 173.073 87.6225
27 344.978 -13.2734 2 182.052 87.7712
28 354.978 -13.2734 2 191.132 87.9448
29 364.978 -13.2734 2 200.299 88.1368
30 374.978 -13.2734 2 209.543 88.3422
31 384.978 -13.2734 2 218.853 88.5571
32 394.978 -13.2734 2 228.222 88.7784
33 404.978 -13.2734 2 237.642 89.0038
34 414.978 -13.2734 2 247.108 89.2316
35 424.978 -13.2734 2 256.614 89.4604
36 434.978 -13.2734 2 266.156 89.6889
37 444.978 -13.2734 2 275.731 89.9166
38 454.978 -13.2734 2 285.335 90.1425
39 464.978 -13.2734 2 294.965 90.3664
40 474.978 -13.2734 2 304.62 90.5878
41 484.978 -13.2734 2 314.295 90.8064
42 84.9784 -3.2734 2 124.255 87.9135
43 94.9784 -3.2734 2 116.738 88.3752
44 104.978 -3.2734 2 109.619 89.0736
45 114.978 -3.2734 2 102.979 90.0891
46 124.978 -3.2734 2 96.9187 91.5308
47 134.978 -3.2734 2 91.5517 93.547
48 144.978 -3.2734 2 87.0069 96.3369
49 154.978 -3.2734 2 83.4187 100.147
50 164.978 -3.2734 2 80.9145 105.112
51 174.978 -3.2734 2 79.5967 110.118
52 184.978 -3.2734 2 79.5244 110.508
53 194.978 -3.2734 2 80.7007 105.738
54 204.978 -3.2734 2 83.0728 100.662
55 214.978 -3.2734 2 86.5423 96.7189
56 224.978 -3.2734 2 90.9838 93.8245
57 234.978 -3.2734 2 96.2628 91.7305
58 244.978 -3.2734 2 102.25 90.231
59 254.978 -3.2734 2 108.828 89.1726
60 264.978 -3.2734 2 115.896 88.4423
61 274.978 -3.2734 2 123.371 87.9566
62 284.978 -3.2734 2 131.183 87.654
63 294.978 -3.2734 2 139.275 87.4884
64 304.978 -3.2734 2 147.601 87.4259
65 314.978 -3.2734 2 156.123 87.4409
66 324.978 -3.2734 2 164.812 87.5141
67 334.978 -3.2734 2 173.641 87.6311
68 344.978 -3.2734 2 182.592 87.7809
69 354.978 -3.2734 2 191.646 87.9552
70 364.978 -3.2734 2 200.79 88.1475
71 374.978 -3.2734 2 210.013 88.3529
72 384.978 -3.2734 2 219.303 88.5676
73 394.978 -3.2734 2 228.653 88.7887
74 404.978 -3.2734 2 238.056 89.0138
75 414.978 -3.2734 2 247.506 89.2412
76 424.978 -3.2734 2 256.997 89.4696
77 434.978 -3.2734 2 266.526 89.6978
78 444.978 -3.2734 2 276.088 89.925
79 454.978 -3.2734 2 285.68 90.1506
80 464.978 -3.2734 2 295.299 90.3741
81 474.978 -3.2734 2 304.943 90.5951
82 484.978 -3.2734 2 314.609 90.8134
83 84.9784 6.7266 2 125.842 87.8421
84 94.9784 6.7266 2 118.426 88.2511
85 104.978 6.7266 2 111.415 88.8665
86 114.978 6.7266 2 104.889 89.7496
87 124.978 6.7266 2 98.9457 250
88 134.978 6.7266 2 93.6949 92.6259
89 144.978 6.7266 2 89.2592 94.7751
90 154.978 6.7266 2 85.7653 97.4167
91 164.978 6.7266 2 83.3317 100.273
92 174.978 6.7266 2 82.0528 102.44
93 184.978 6.7266 2 81.9826 102.58
94 194.978 6.7266 2 83.1241 100.583
95 204.978 6.7266 2 85.429 97.7448
96 214.978 6.7266 2 88.8065 95.056
97 224.978 6.7266 2 93.1401 92.847
98 234.978 6.7266 2 98.3034 91.1417
99 244.978 6.7266 2 104.173 89.8717
100 254.978 6.7266 2 110.637 88.9533
101 264.978 6.7266 2 117.597 88.3104
102 274.978 6.7266 2 124.97 87.8804
103 284.978 6.7266 2 132.687 87.6135
104 294.978 6.7266 2 140.693 250
105 304.978 6.7266 2 148.939 250
106 314.978 6.7266 2 157.389 250
107 324.978 6.7266 2 166.012 250
108 334.978 6.7266 2 174.781 250
109 344.978 6.7266 2 183.676 250
110 354.978 6.7266 2 192.679 250
111 364.978 6.7266 2 201.777 250
112 374.978 6.7266 2 210.956 250
113 384.978 6.7266 2 220.206 250
114 394.978 6.7266 2 229.52 88.8093
115 404.978 6.7266 2 238.889 89.0338
116 414.978 6.7266 2 248.307 89.2605
117 424.978 6.7266 2 257.769 89.4881
118 434.978 6.7266 2 267.27 89.7155
119 444.978 6.7266 2 276.806 250
120 454.978 6.7266 2 286.374 250
121 464.978 6.7266 2 295.971 250
122 474.978 6.7266 2 305.593 90.6099
123 484.978 6.7266 2 315.239 90.8275
124 84.9784 16.7266 2 128.193 87.7501
125 94.9784 16.7266 2 120.921 88.0907
126 104.978 16.7266 2 114.063 88.6014
127 114.978 16.7266 2 107.698 89.3232
128 124.978 16.7266 2 101.918 250
129 134.978 16.7266 2 96.8285 91.5577
130 144.978 16.7266 2 92.5431 93.0978
131 154.978 16.7266 2 89.178 94.8245
132 164.978 16.7266 2 86.8401 96.4713
133 174.978 16.7266 2 85.6135 97.5626
134 184.978 16.7266 2 85.5462 97.6284
135 194.978 16.7266 2 86.6409 250
136 204.978 16.7266 2 88.8545 250
137 214.978 16.7266 2 92.1065 250
138 224.978 16.7266 2 96.2917 250
139 234.978 16.7266 2 101.294 250
140 244.978 16.7266 2 107 250
141 254.978 16.7266 2 113.303 250
142 264.978 16.7266 2 120.108 88.1401
143 274.978 16.7266 2 127.336 87.7819
144 284.978 16.7266 2 134.918 87.5622
145 294.978 16.7266 2 142.799 250
146 304.978 16.7266 2 150.93 250
147 314.978 16.7266 2 159.275 250
148 324.978 16.7266 2 167.8 87.5496
149 334.978 16.7266 2 176.481 87.6757
150 344.978 16.7266 2 185.294 250
151 354.978 16.7266 2 194.222 250
152 364.978 16.7266 2 203.251 250
153 374.978 16.7266 2 212.366 250
154 384.978 16.7266 2 221.558 88.6205
155 394.978 16.7266 2 230.817 88.8403
156 404.978 16.7266 2 240.135 89.0638
157 414.978 16.7266 2 249.506 89.2894
158 424.978 16.7266 2 258.924 89.5158
159 434.978 16.7266 2 268.384 89.7421
160 444.978 16.7266 2 277.883 250
161 454.978 16.7266 2 287.415 250
162 464.978 16.7266 2 296.978 250
163 474.978 16.7266 2 306.568 90.6321
164 484.978 16.7266 2 316.184 90.8487
165 84.9784 26.7266 2 131.264 87.6517
166 94.9784 26.7266 2 124.173 87.9174
167 104.978 26.7266 2 117.505 88.3172
168 114.978 26.7266 2 111.336 88.8751
169 124.978 26.7266 2 105.756 89.6095
170 134.978 26.7266 2 100.86 90.5223
171 144.978 26.7266 2 96.7536 91.5801
172 154.978 26.7266 2 93.54 92.6865
173 164.978 26.7266 2 91.3138 93.6613
174 174.978 26.7266 2 90.1482 94.2633
175 184.978 26.7266 2 90.0843 94.2985
176 194.978 26.7266 2 91.1244 250
177 204.978 26.7266 2 93.2317 250
178 214.978 26.7266 2 96.336 250
179 224.978 26.7266 2 100.345 250
180 234.978 26.7266 2 105.155 250
181 244.978 26.7266 2 110.662 250
182 254.978 26.7266 2 116.767 250
183 264.978 26.7266 2 123.382 87.9561
184 274.978 26.7266 2 130.428 87.6762
185 284.978 26.7266 2 137.84 87.5091
186 294.978 26.7266 2 145.563 250
187 304.978 26.7266 2 153.548 250
188 314.978 26.7266 2 161.757 87.4828
189 324.978 26.7266 2 170.159 87.5807
190 334.978 26.7266 2 178.724 87.713
191 344.978 26.7266 2 187.432 87.8717
192 354.978 26.7266 2 196.264 88.0506
193 364.978 26.7266 2 205.202 250
194 374.978 26.7266 2 214.234 250
195 384.978 26.7266 2 223.349 88.6628
196 394.978 26.7266 2 232.537 88.8814
197 404.978 26.7266 2 241.789 89.1036
198 414.978 26.7266 2 251.098 89.3277
199 424.978 26.7266 2 260.459 89.5526
200 434.978 26.7266 2 269.865 89.7774
201 444.978 26.7266 2 279.313 90.0011
202 454.978 26.7266 2 288.798 250
203 464.978 26.7266 2 298.316 250
204 474.978 26.7266 2 307.865 90.6615
205 484.978 26.7266 2 317.442 90.8767
206 84.9784 36.7266 2 135.009 87.5603
207 94.9784 36.7266 2 128.124 87.7526
208 104.978 36.7266 2 121.673 88.0472
209 114.978 36.7266 2 115.727 88.4562
210 124.978 36.7266 2 110.369 88.9842
211 134.978 36.7266 2 105.687 89.6203
212 144.978 36.7266 2 101.776 90.3272
213 154.978 36.7266 2 98.7256 91.0311
214 164.978 36.7266 2 96.619 91.6207
215 174.978 36.7266 2 95.5181 91.9705
216 184.978 36.7266 2 95.4578 91.9906
217 194.978 36.7266 2 96.44 91.6755
218 204.978 36.7266 2 98.4335 91.1072
219 214.978 36.7266 2 101.379 90.4102
220 224.978 36.7266 2 105.196 250
221 234.978 36.7266 2 109.793 250
222 244.978 36.7266 2 115.079 250
223 254.978 36.7266 2 120.961 250
224 264.978 36.7266 2 127.358 87.7811
225 274.978 36.7266 2 134.196 87.5777
226 284.978 36.7266 2 141.411 87.4635
227 294.978 36.7266 2 148.948 250
228 304.978 36.7266 2 156.761 250
229 314.978 36.7266 2 164.81 87.5141
230 324.978 36.7266 2 173.063 87.6224
231 334.978 36.7266 2 181.492 87.7611
232 344.978 36.7266 2 190.073 87.9236
233 354.978 36.7266 2 198.787 88.1042
234 364.978 36.7266 2 207.617 88.2987
235 374.978 36.7266 2 216.549 88.5033
236 384.978 36.7266 2 225.57 250
237 394.978 36.7266 2 234.671 250
238 404.978 36.7266 2 243.842 89.153
239 414.978 36.7266 2 253.076 89.3753
240 424.978 36.7266 2 262.366 89.5983
241 434.978 36.7266 2 271.706 89.8211
242 444.978 36.7266 2 281.092 90.043
243 454.978 36.7266 2 290.519 250
244 464.978 36.7266 2 299.983 90.4819
245 474.978 36.7266 2 309.481 90.698
246 484.978 36.7266 2 319.009 90.9116
247 84.9784 46.7266 2 139.371 87.4872
248 94.9784 46.7266 2 132.714 87.6128
249 104.978 46.7266 2 126.496 87.815
250 114.978 46.7266 2 120.788 88.0985
251 124.978 46.7266 2 115.665 88.4614
252 134.978 46.7266 2 111.206 88.8894
253 144.978 46.7266 2 107.496 89.3513
254 154.978 46.7266 2 104.612 250
255 164.978 46.7266 2 102.627 250
256 174.978 46.7266 2 101.591 250
257 184.978 46.7266 2 101.534 250
258 194.978 46.7266 2 102.458 250
259 204.978 46.7266 2 104.337 89.8433
260 214.978 46.7266 2 107.12 89.4046
261 224.978 46.7266 2 110.739 88.9416
262 234.978 46.7266 2 115.116 88.5078
263 244.978 46.7266 2 120.167 88.1364
264 254.978 46.7266 2 125.812 87.8434
265 264.978 46.7266 2 131.974 87.6321
266 274.978 46.7266 2 138.584 87.498
267 284.978 46.7266 2 145.582 87.433
268 294.978 46.7266 2 152.913 250
269 304.978 46.7266 2 160.533 250
270 314.978 46.7266 2 168.403 250
271 324.978 46.7266 2 176.488 250
272 334.978 46.7266 2 184.761 250
273 344.978 46.7266 2 193.197 250
274 354.978 46.7266 2 201.776 250
275 364.978 46.7266 2 210.48 88.3635
276 374.978 46.7266 2 219.295 88.5674
277 384.978 46.7266 2 228.208 250
278 394.978 46.7266 2 237.207 250
279 404.978 46.7266 2 246.284 89.2118
280 414.978 46.7266 2 255.43 89.4319
281 424.978 46.7266 2 264.637 89.6527
282 434.978 46.7266 2 273.9 89.8732
283 444.978 46.7266 2 283.213 90.0928
284 454.978 46.7266 2 292.572 250
285 464.978 46.7266 2 301.971 250
286 474.978 46.7266 2 311.408 90.7415
287 484.978 46.7266 2 320.88 90.9532
288 84.9784 56.7266 2 144.296 87.44
289 94.9784 56.7266 2 137.876 87.5086
290 104.978 56.7266 2 131.903 87.634
291 114.978 56.7266 2 126.439 87.8173
292 124.978 56.7266 2 121.554 88.0539
293 134.978 56.7266 2 117.319 88.331
294 144.978 56.7266 2 113.808 88.625
295 154.978 56.7266 2 111.089 250
296 164.978 56.7266 2 109.221 250
297 174.978 56.7266 2 108.249 250
298 184.978 56.7266 2 108.195 250
299 194.978 56.7266 2 109.063 250
300 204.978 56.7266 2 110.83 88.9314
301 214.978 56.7266 2 113.453 88.6585
302 224.978 56.7266 2 116.877 88.3645
303 234.978 56.7266 2 121.032 88.0841
304 244.978 56.7266 2 125.846 87.842
305 254.978 56.7266 2 131.246 87.6522
306 264.978 56.7266 2 137.164 87.5201
307 274.978 56.7266 2 143.536 87.4452
308 284.978 56.7266 2 150.303 87.4233
309 294.978 56.7266 2 157.415 250
310 304.978 56.7266 2 164.827 250
311 314.978 56.7266 2 172.501 250
312 324.978 56.7266 2 180.402 250
313 334.978 56.7266 2 188.503 250
314 344.978 56.7266 2 196.779 250
315 354.978 56.7266 2 205.208 250
316 364.978 56.7266 2 213.773 88.439
317 374.978 56.7266 2 222.458 88.6417
318 384.978 56.7266 2 231.249 250
319 394.978 56.7266 2 240.134 250
320 404.978 56.7266 2 249.104 89.2797
321 414.978 56.7266 2 258.15 89.4972
322 424.978 56.7266 2 267.264 89.7154
323 434.978 56.7266 2 276.439 89.9333
324 444.978 56.7266 2 285.669 90.1504
325 454.978 56.7266 2 294.95 250
326 464.978 56.7266 2 304.276 250
327 474.978 56.7266 2 313.643 90.7918
328 484.978 56.7266 2 323.049 91.0012
329 84.9784 66.7266 2 149.728 87.4232
330 94.9784 66.7266 2 143.551 87.4451
331 104.978 66.7266 2 137.824 87.5094
332 114.978 66.7266 2 132.604 87.6156
333 124.978 66.7266 2 127.955 87.7588
334 134.978 66.7266 2 123.939 87.9286
335 144.978 66.7266 2 120.621 88.1086
336 154.978 66.7266 2 118.058 88.277
337 164.978 66.7266 2 116.303 88.4095
338 174.978 66.7266 2 115.39 88.4844
339 184.978 66.7266 2 115.34 88.4887
340 194.978 66.7266 2 116.154 88.4214
341 204.978 66.7266 2 117.814 88.2945
342 214.978 66.7266 2 120.286 88.1291
343 224.978 66.7266 2 123.52 87.9492
344 234.978 66.7266 2 127.458 87.7772
345 244.978 66.7266 2 132.038 87.6303
346 254.978 66.7266 2 137.196 87.5195
347 264.978 66.7266 2 142.867 87.4503
348 274.978 66.7266 2 148.995 87.4236
349 284.978 66.7266 2 155.525 87.4377
350 294.978 66.7266 2 162.409 87.489
351 304.978 66.7266 2 169.603 87.5731
352 314.978 66.7266 2 177.069 87.6853
353 324.978 66.7266 2 184.776 87.8211
354 334.978 66.7266 2 192.693 87.9765
355 344.978 66.7266 2 200.796 88.1476
356 354.978 66.7266 2 209.063 88.3313
357 364.978 66.7266 2 217.476 88.5249
358 374.978 66.7266 2 226.019 88.726
359 384.978 66.7266 2 234.676 88.9326
360 394.978 66.7266 2 243.437 89.1432
361 404.978 66.7266 2 252.289 89.3564
362 414.978 66.7266 2 261.225 89.571
363 424.978 66.7266 2 270.235 89.7862
364 434.978 66.7266 2 279.312 90.0011
365 444.978 66.7266 2 288.451 90.2153
366 454.978 66.7266 2 297.645 90.4282
367 464.978 66.7266 2 306.889 90.6393
368 474.978 66.7266 2 316.179 90.8485
369 484.978 66.7266 2 325.511 91.0555
370 84.9784 76.7266 2 155.613 87.4382
371 94.9784 76.7266 2 149.679 87.4232
372 104.978 76.7266 2 144.196 87.4407
373 114.978 76.7266 2 139.215 87.4892
374 124.978 76.7266 2 134.794 87.5648
375 134.978 76.7266 2 130.988 87.6596
376 144.978 76.7266 2 127.853 87.7625
377 154.978 76.7266 2 125.439 87.8595
378 164.978 76.7266 2 123.787 87.936
379 174.978 76.7266 2 122.93 87.9792
380 184.978 76.7266 2 122.883 87.9816
381 194.978 76.7266 2 123.648 87.9429
382 204.978 76.7266 2 125.209 87.8697
383 214.978 76.7266 2 127.537 87.7743
384 224.978 76.7266 2 130.592 87.6713
385 234.978 76.7266 2 134.323 87.5749
386 244.978 76.7266 2 138.676 87.4967
387 254.978 76.7266 2 143.595 87.4447
388 264.978 76.7266 2 149.024 87.4236
389 274.978 76.7266 2 154.908 87.4348
390 284.978 76.7266 2 161.199 87.4777
391 294.978 76.7266 2 167.85 87.5502
392 304.978 76.7266 2 174.82 87.6492
393 314.978 76.7266 2 182.073 87.7715
394 324.978 76.7266 2 189.576 87.9137
395 334.978 76.7266 2 197.301 88.0725
396 344.978 76.7266 2 205.222 88.245
397 354.978 76.7266 2 213.318 88.4285
398 364.978 76.7266 2 221.569 88.6208
399 374.978 76.7266 2 229.96 88.8198
400 384.978 76.7266 2 238.474 89.0238
401 394.978 76.7266 2 247.1 89.2314
402 404.978 76.7266 2 255.826 89.4414
403 414.978 76.7266 2 264.642 89.6528
404 424.978 76.7266 2 273.539 89.8646
405 434.978 76.7266 2 282.511 90.0764
406 444.978 76.7266 2 291.549 90.2873
407 454.978 76.7266 2 300.648 90.4971
408 464.978 76.7266 2 309.803 90.7053
409 474.978 76.7266 2 319.008 90.9116
410 484.978 76.7266 2 328.26 91.1158
411 84.9784 86.7266 2 161.903 87.4842
412 94.9784 86.7266 2 156.208 87.4413
413 104.978 86.7266 2 150.962 250
414 114.978 86.7266 2 146.212 250
415 124.978 86.7266 2 142.008 250
416 134.978 86.7266 2 138.401 87.5007
417 144.978 86.7266 2 135.438 87.5516
418 154.978 86.7266 2 133.161 250
419 164.978 86.7266 2 131.607 250
420 174.978 86.7266 2 130.801 250
421 184.978 86.7266 2 130.757 87.6664
422 194.978 86.7266 2 131.475 87.6457
423 204.978 86.7266 2 132.945 87.607
424 214.978 86.7266 2 135.14 87.5576
425 224.978 86.7266 2 138.026 250
426 234.978 86.7266 2 141.562 250
427 244.978 86.7266 2 145.699 250
428 254.978 86.7266 2 150.388 87.4233
429 264.978 86.7266 2 155.58 87.438
430 274.978 86.7266 2 161.225 87.478
431 284.978 86.7266 2 167.279 87.543
432 294.978 86.7266 2 173.697 87.6319
433 304.978 86.7266 2 180.441 87.7426
434 314.978 86.7266 2 187.477 87.8726
435 324.978 86.7266 2 194.772 88.0194
436 334.978 86.7266 2 202.298 88.1804
437 344.978 86.7266 2 210.031 88.3533
438 354.978 86.7266 2 217.948 88.5359
439 364.978 86.7266 2 226.031 88.7263
440 374.978 86.7266 2 234.262 88.9227
441 384.978 86.7266 2 242.625 250
442 394.978 86.7266 2 251.108 250
443 404.978 86.7266 2 259.7 250
444 414.978 86.7266 2 268.388 89.7422
445 424.978 86.7266 2 277.166 89.9505
446 434.978 86.7266 2 286.023 90.1586
447 444.978 86.7266 2 294.954 250
448 454.978 86.7266 2 303.951 250
449 464.978 86.7266 2 313.009 250
450 474.978 86.7266 2 322.123 90.9807
451 484.978 86.7266 2 331.288 91.182
452 84.9784 96.7266 2 168.551 87.5592
453 94.9784 96.7266 2 163.089 87.4958
454 104.978 96.7266 2 158.071 87.4529
455 114.978 96.7266 2 153.541 87.4295
456 124.978 96.7266 2 149.544 87.4233
457 134.978 96.7266 2 146.123 87.4307
458 144.978 96.7266 2 143.319 87.4468
459 154.978 96.7266 2 141.17 250
460 164.978 96.7266 2 139.704 250
461 174.978 96.7266 2 138.945 250
462 184.978 96.7266 2 138.904 87.4935
463 194.978 96.7266 2 139.581 250
464 204.978 96.7266 2 140.966 250
465 214.978 96.7266 2 143.038 250
466 224.978 96.7266 2 145.768 250
467 234.978 96.7266 2 149.12 250
468 244.978 96.7266 2 153.053 250
469 254.978 96.7266 2 157.524 250
470 264.978 96.7266 2 162.487 250
471 274.978 96.7266 2 167.901 87.5508
472 284.978 96.7266 2 173.721 87.6323
473 294.978 96.7266 2 179.91 87.7333
474 304.978 96.7266 2 186.43 87.8524
475 314.978 96.7266 2 193.247 87.9878
476 324.978 96.7266 2 200.332 88.1375
477 334.978 96.7266 2 207.657 88.2996
478 344.978 96.7266 2 215.198 88.472
479 354.978 96.7266 2 222.932 88.6529
480 364.978 96.7266 2 230.84 88.8408
481 374.978 96.7266 2 238.905 89.0342
482 384.978 96.7266 2 247.111 250
483 394.978 96.7266 2 255.446 250
484 404.978 96.7266 2 263.896 250
485 414.978 96.7266 2 272.451 89.8388
486 424.978 96.7266 2 281.101 90.0432
487 434.978 96.7266 2 289.839 90.2476
488 444.978 96.7266 2 298.655 250
489 454.978 96.7266 2 307.544 250
490 464.978 96.7266 2 316.499 250
491 474.978 96.7266 2 325.515 91.0556
492 484.978 96.7266 2 334.587 91.2536
493 84.9784 106.727 2 175.518 87.6602
494 94.9784 106.727 2 170.279 87.5823
495 104.978 106.727 2 165.48 87.5216
496 114.978 106.727 2 161.158 87.4774
497 124.978 106.727 2 157.354 87.4481
498 134.978 106.727 2 154.107 87.4315
499 144.978 106.727 2 151.451 87.4244
500 154.978 106.727 2 149.418 250
501 164.978 106.727 2 148.035 250
502 174.978 106.727 2 147.319 250
503 184.978 106.727 2 147.28 87.4267
504 194.978 106.727 2 147.918 250
505 204.978 106.727 2 149.226 250
506 214.978 106.727 2 151.185 250
507 224.978 106.727 2 153.77 250
508 234.978 106.727 2 156.951 250
509 244.978 106.727 2 160.693 250
510 254.978 106.727 2 164.957 250
511 264.978 106.727 2 169.703 250
512 274.978 106.727 2 174.893 87.6504
513 284.978 106.727 2 180.489 87.7434
514 294.978 106.727 2 186.453 87.8529
515 304.978 106.727 2 192.751 87.9777
516 314.978 106.727 2 199.353 88.1164
517 324.978 106.727 2 206.228 88.2675
518 334.978 106.727 2 213.351 88.4293
519 344.978 106.727 2 220.697 88.6003
520 354.978 106.727 2 228.244 88.7789
521 364.978 106.727 2 235.975 88.9638
522 374.978 106.727 2 243.87 89.1537
523 384.978 106.727 2 251.915 250
524 394.978 106.727 2 260.095 250
525 404.978 106.727 2 268.399 250
526 414.978 106.727 2 276.815 89.9422
527 424.978 106.727 2 285.333 90.1425
528 434.978 106.727 2 293.945 90.3428
529 444.978 106.727 2 302.641 250
530 454.978 106.727 2 311.417 250
531 464.978 106.727 2 320.264 250
532 474.978 106.727 2 329.177 91.1359
533 484.978 106.727 2 338.151 91.3306
534 84.9784 116.727 2 182.766 87.7841
535 94.9784 116.727 2 177.741 87.6964
536 104.978 116.727 2 173.149 87.6236
537 114.978 116.727 2 169.024 250
538 124.978 116.727 2 165.401 250
539 134.978 116.727 2 162.314 250
540 144.978 116.727 2 159.795 250
541 154.978 116.727 2 157.87 250
542 164.978 116.727 2 156.561 250
543 174.978 116.727 2 155.884 250
544 184.978 116.727 2 155.847 87.4394
545 194.978 116.727 2 156.451 250
546 204.978 116.727 2 157.687 250
547 214.978 116.727 2 159.542 250
548 224.978 116.727 2 161.995 250
549 234.978 116.727 2 165.017 250
550 244.978 116.727 2 168.58 250
551 254.978 116.727 2 172.649 250
552 264.978 116.727 2 177.19 250
553 274.978 116.727 2 182.167 87.7732
554 284.978 116.727 2 187.545 87.8739
555 294.978 116.727 2 193.292 87.9887
556 304.978 116.727 2 199.374 88.1168
557 314.978 116.727 2 205.763 88.2571
558 324.978 116.727 2 212.431 250
559 334.978 116.727 2 219.353 250
560 344.978 116.727 2 226.504 250
561 354.978 116.727 2 233.864 250
562 364.978 116.727 2 241.415 250
563 374.978 116.727 2 249.138 250
564 384.978 116.727 2 257.017 250
565 394.978 116.727 2 265.041 250
566 404.978 116.727 2 273.194 250
567 414.978 116.727 2 281.467 250
568 424.978 116.727 2 289.848 90.2478
569 434.978 116.727 2 298.329 90.4439
570 444.978 116.727 2 306.902 250
571 454.978 116.727 2 315.559 250
572 464.978 116.727 2 324.293 250
573 474.978 116.727 2 333.098 91.2213
574 484.978 116.727 2 341.969 91.4125
575 84.9784 126.727 2 190.264 87.9274
576 94.9784 126.727 2 185.443 87.8337
577 104.978 126.727 2 181.046 87.7532
578 114.978 126.727 2 177.104 250
579 124.978 126.727 2 173.65 250
580 134.978 126.727 2 170.713 250
581 144.978 126.727 2 168.319 250
582 154.978 126.727 2 166.493 250
583 164.978 126.727 2 165.253 250
584 174.978 126.727 2 164.611 250
585 184.978 126.727 2 164.576 87.5115
586 194.978 126.727 2 165.148 87.5178
587 204.978 126.727 2 166.32 87.5314
588 214.978 126.727 2 168.08 87.5531
589 224.978 126.727 2 170.409 250
590 234.978 126.727 2 173.285 250
591 244.978 126.727 2 176.681 250
592 254.978 126.727 2 180.568 87.7448
593 264.978 126.727 2 184.914 87.8237
594 274.978 126.727 2 189.688 87.9159
595 284.978 126.727 2 194.859 88.0212
596 294.978 126.727 2 200.396 88.1389
597 304.978 126.727 2 206.27 88.2684
598 314.978 126.727 2 212.451 88.4086
599 324.978 126.727 2 218.916 250
600 334.978 126.727 2 225.638 250
601 344.978 126.727 2 232.596 250
602 354.978 126.727 2 239.77 250
603 364.978 126.727 2 247.14 250
604 374.978 126.727 2 254.689 250
605 384.978 126.727 2 262.402 250
606 394.978 126.727 2 270.266 250
607 404.978 126.727 2 278.266 250
608 414.978 126.727 2 286.392 250
609 424.978 126.727 2 294.634 90.3587
610 434.978 126.727 2 302.981 90.5504
611 444.978 126.727 2 311.426 250
612 454.978 126.727 2 319.96 250
613 464.978 126.727 2 328.577 250
614 474.978 126.727 2 337.27 91.3116
615 484.978 126.727 2 346.034 91.4991
616 84.9784 136.727 2 197.984 88.087
617 94.9784 136.727 2 193.355 87.99
618 104.978 136.727 2 189.142 87.9051
619 114.978 136.727 2 185.373 87.8324
620 124.978 136.727 2 182.076 87.7716
621 134.978 136.727 2 179.276 250
622 144.978 136.727 2 176.998 250
623 154.978 136.727 2 175.262 250
624 164.978 136.727 2 174.085 250
625 174.978 136.727 2 173.476 250
626 184.978 136.727 2 173.443 87.6281
627 194.978 136.727 2 173.985 87.6363
628 204.978 136.727 2 175.098 87.6536
629 214.978 136.727 2 176.771 87.6804
630 224.978 136.727 2 178.987 250
631 234.978 136.727 2 181.727 250
632 244.978 136.727 2 184.968 250
633 254.978 136.727 2 188.684 87.8961
634 264.978 136.727 2 192.848 87.9796
635 274.978 136.727 2 197.43 88.0753
636 284.978 136.727 2 202.404 88.1827
637 294.978 136.727 2 207.739 88.3014
638 304.978 136.727 2 213.411 88.4307
639 314.978 136.727 2 219.392 88.5697
640 324.978 136.727 2 225.657 250
641 334.978 136.727 2 232.184 250
642 344.978 136.727 2 238.952 250
643 354.978 136.727 2 245.94 250
644 364.978 136.727 2 253.131 250
645 374.978 136.727 2 260.506 250
646 384.978 136.727 2 268.052 250
647 394.978 136.727 2 275.754 250
648 404.978 136.727 2 283.6 250
649 414.978 136.727 2 291.578 250
650 424.978 136.727 2 299.676 90.4748
651 434.978 136.727 2 307.887 90.662
652 444.978 136.727 2 316.201 250
653 454.978 136.727 2 324.61 250
654 464.978 136.727 2 333.106 250
655 474.978 136.727 2 341.685 91.4064
656 484.978 136.727 2 350.338 91.5901
657 84.9784 146.727 2 205.899 88.2601
658 94.9784 146.727 2 201.452 88.1619
659 104.978 146.727 2 197.412 88.0749
660 114.978 146.727 2 193.804 87.9993
661 124.978 146.727 2 190.653 87.9352
662 134.978 146.727 2 187.981 87.8824
663 144.978 146.727 2 185.81 87.8406
664 154.978 146.727 2 184.157 87.8096
665 164.978 146.727 2 183.037 87.789
666 174.978 146.727 2 182.458 87.7785
667 184.978 146.727 2 182.426 87.7779
668 194.978 146.727 2 182.942 87.7873
669 204.978 146.727 2 184.001 87.8067
670 214.978 146.727 2 185.593 87.8365
671 224.978 146.727 2 187.705 87.877
672 234.978 146.727 2 190.32 87.9285
673 244.978 146.727 2 193.417 87.9913
674 254.978 146.727 2 196.974 88.0656
675 264.978 146.727 2 200.966 88.1513
676 274.978 146.727 2 205.367 88.2482
677 284.978 146.727 2 210.153 88.3561
678 294.978 146.727 2 215.297 88.4743
679 304.978 146.727 2 220.774 88.6021
680 314.978 146.727 2 226.561 88.7389
681 324.978 146.727 2 232.633 88.8837
682 334.978 146.727 2 238.97 89.0357
683 344.978 146.727 2 245.551 89.1941
684 354.978 146.727 2 252.356 89.358
685 364.978 146.727 2 259.369 89.5265
686 374.978 146.727 2 266.572 89.6989
687 384.978 146.727 2 273.951 89.8744
688 394.978 146.727 2 281.492 90.0524
689 404.978 146.727 2 289.182 90.2323
690 414.978 146.727 2 297.009 90.4135
691 424.978 146.727 2 304.964 90.5956
692 434.978 146.727 2 313.036 90.7781
693 444.978 146.727 2 321.216 90.9607
694 454.978 146.727 2 329.497 91.1429
695 464.978 146.727 2 337.871 91.3246
696 474.978 146.727 2 346.331 91.5054
697 484.978 146.727 2 354.872 91.6852
698 84.9784 156.727 2 213.99 88.444
699 94.9784 156.727 2 209.714 88.3461
700 104.978 156.727 2 205.836 88.2587
701 114.978 156.727 2 202.378 88.1822
702 124.978 156.727 2 199.363 88.1166
703 134.978 156.727 2 196.81 88.0621
704 144.978 156.727 2 194.737 88.0186
705 154.978 156.727 2 193.16 87.986
706 164.978 156.727 2 192.092 87.9642
707 174.978 156.727 2 191.541 87.953
708 184.978 156.727 2 191.511 87.9524
709 194.978 156.727 2 192.002 87.9624
710 204.978 156.727 2 193.011 87.983
711 214.978 156.727 2 194.53 88.0143
712 224.978 156.727 2 196.546 88.0565
713 234.978 156.727 2 199.045 88.1098
714 244.978 156.727 2 202.008 88.174
715 254.978 156.727 2 205.416 88.2493
716 264.978 156.727 2 209.247 88.3355
717 274.978 156.727 2 213.478 88.4322
718 284.978 156.727 2 218.085 88.5391
719 294.978 156.727 2 223.046 88.6556
720 304.978 156.727 2 228.338 88.7811
721 314.978 156.727 2 233.937 88.9149
722 324.978 156.727 2 239.823 89.0563
723 334.978 156.727 2 245.975 89.2043
724 344.978 156.727 2 252.373 89.3584
725 354.978 156.727 2 258.999 89.5176
726 364.978 156.727 2 265.837 89.6813
727 374.978 156.727 2 272.869 89.8487
728 384.978 156.727 2 280.082 90.0193
729 394.978 156.727 2 287.462 90.1922
730 404.978 156.727 2 294.997 90.3671
731 414.978 156.727 2 302.674 90.5434
732 424.978 156.727 2 310.483 90.7207
733 434.978 156.727 2 318.416 90.8984
734 444.978 156.727 2 326.461 91.0764
735 454.978 156.727 2 334.612 91.2542
736 464.978 156.727 2 342.861 91.4315
737 474.978 156.727 2 351.201 91.6082
738 484.978 156.727 2 359.626 91.7841
739 84.9784 166.727 2 222.235 88.6365
740 94.9784 166.727 2 218.122 88.54
741 104.978 166.727 2 214.396 88.4534
742 114.978 166.727 2 211.078 88.3772
743 124.978 166.727 2 208.189 88.3115
744 134.978 166.727 2 205.745 88.2567
745 144.978 166.727 2 203.763 88.2126
746 154.978 166.727 2 202.257 88.1795
747 164.978 166.727 2 201.237 88.1572
748 174.978 166.727 2 200.711 88.1458
749 184.978 166.727 2 200.682 88.1451
750 194.978 166.727 2 201.151 88.1553
751 204.978 166.727 2 202.115 88.1764
752 214.978 166.727 2 203.565 88.2083
753 224.978 166.727 2 205.493 250
754 234.978 166.727 2 207.884 88.3047
755 244.978 166.727 2 210.723 250
756 254.978 166.727 2 213.993 250
757 264.978 166.727 2 217.672 250
758 274.978 166.727 2 221.743 88.6249
759 284.978 166.727 2 226.182 88.7299
760 294.978 166.727 2 230.969 250
761 304.978 166.727 2 236.083 250
762 314.978 166.727 2 241.503 250
763 324.978 166.727 2 247.209 250
764 334.978 166.727 2 253.181 250
765 344.978 166.727 2 259.402 250
766 354.978 166.727 2 265.853 89.6817
767 364.978 166.727 2 272.518 89.8404
768 374.978 166.727 2 279.383 250
769 384.978 166.727 2 286.432 90.1682
770 394.978 166.727 2 293.652 90.3361
771 404.978 166.727 2 301.032 90.5059
772 414.978 166.727 2 308.559 90.6772
773 424.978 166.727 2 316.223 90.8495
774 434.978 166.727 2 324.015 91.0225
775 444.978 166.727 2 331.925 250
776 454.978 166.727 2 339.945 250
777 464.978 166.727 2 348.067 250
778 474.978 166.727 2 356.286 91.7147
779 484.978 166.727 2 364.593 91.8865
780 84.9784 176.727 2 230.62 88.8356
781 94.9784 176.727 2 226.659 88.7412
782 104.978 176.727 2 223.075 88.6563
783 114.978 176.727 2 219.889 88.5813
784 124.978 176.727 2 217.116 88.5165
785 134.978 176.727 2 214.774 88.4622
786 144.978 176.727 2 212.877 88.4184
787 154.978 176.727 2 211.436 88.3853
788 164.978 176.727 2 210.46 88.3631
789 174.978 176.727 2 209.957 88.3516
790 184.978 176.727 2 209.93 88.351
791 194.978 176.727 2 210.378 88.3612
792 204.978 176.727 2 211.299 88.3822
793 214.978 176.727 2 212.687 88.414
794 224.978 176.727 2 214.533 250
795 234.978 176.727 2 216.825 88.5097
796 244.978 176.727 2 219.548 250
797 254.978 176.727 2 222.688 250
798 264.978 176.727 2 226.226 250
799 274.978 176.727 2 230.145 88.8242
800 284.978 176.727 2 234.425 88.9266
801 294.978 176.727 2 239.048 250
802 304.978 176.727 2 243.992 250
803 314.978 176.727 2 249.24 250
804 324.978 176.727 2 254.773 250
805 334.978 176.727 2 260.572 250
806 344.978 176.727 2 266.62 250
807 354.978 176.727 2 272.9 89.8495
808 364.978 176.727 2 279.398 90.0031
809 374.978 176.727 2 286.097 250
810 384.978 176.727 2 292.985 90.3206
811 394.978 176.727 2 300.048 90.4833
812 404.978 176.727 2 307.274 90.6481
813 414.978 176.727 2 314.651 90.8144
814 424.978 176.727 2 322.171 90.9818
815 434.978 176.727 2 329.822 91.15
816 444.978 176.727 2 337.596 250
817 454.978 176.727 2 345.484 250
818 464.978 176.727 2 353.48 250
819 474.978 176.727 2 361.575 91.8243
820 484.978 176.727 2 369.763 91.9921
821 84.9784 186.727 2 239.129 89.0396
822 94.9784 186.727 2 235.311 88.9479
823 104.978 186.727 2 231.861 88.8652
824 114.978 186.727 2 228.797 88.7921
825 124.978 186.727 2 226.134 88.7287
826 134.978 186.727 2 223.886 88.6755
827 144.978 186.727 2 222.067 88.6325
828 154.978 186.727 2 220.685 88.6
829 164.978 186.727 2 219.751 88.5781
830 174.978 186.727 2 219.269 88.5668
831 184.978 186.727 2 219.243 88.5662
832 194.978 186.727 2 219.672 88.5762
833 204.978 186.727 2 220.555 88.597
834 214.978 186.727 2 221.885 88.6282
835 224.978 186.727 2 223.655 250
836 234.978 186.727 2 225.854 88.7221
837 244.978 186.727 2 228.47 250
838 254.978 186.727 2 231.488 250
839 264.978 186.727 2 234.894 250
840 274.978 186.727 2 238.671 89.0286
841 284.978 186.727 2 242.801 89.1279
842 294.978 186.727 2 247.267 89.2355
843 304.978 186.727 2 252.05 89.3506
844 314.978 186.727 2 257.134 89.4728
845 324.978 186.727 2 262.5 89.6015
846 334.978 186.727 2 268.132 250
847 344.978 186.727 2 274.013 250
848 354.978 186.727 2 280.128 250
849 364.978 186.727 2 286.461 250
850 374.978 186.727 2 292.999 250
851 384.978 186.727 2 299.728 90.476
852 394.978 186.727 2 306.636 90.6336
853 404.978 186.727 2 313.71 90.7933
854 414.978 186.727 2 320.94 90.9545
855 424.978 186.727 2 328.315 91.117
856 434.978 186.727 2 335.827 91.2805
857 444.978 186.727 2 343.465 250
858 454.978 186.727 2 351.221 250
859 464.978 186.727 2 359.089 250
860 474.978 186.727 2 367.061 91.937
861 484.978 186.727 2 375.129 92.1006
862 84.9784 196.727 2 247.749 89.2471
863 94.9784 196.727 2 244.066 89.1584
864 104.978 196.727 2 240.742 89.0784
865 114.978 196.727 2 237.792 89.0074
866 124.978 196.727 2 235.231 88.946
867 134.978 196.727 2 233.071 88.8942
868 144.978 196.727 2 231.324 88.8524
869 154.978 196.727 2 229.998 88.8207
870 164.978 196.727 2 229.102 88.7993
871 174.978 196.727 2 228.639 88.7883
872 184.978 196.727 2 228.614 88.7877
873 194.978 196.727 2 229.026 88.7975
874 204.978 196.727 2 229.873 88.8177
875 214.978 196.727 2 231.149 88.8482
876 224.978 196.727 2 232.848 250
877 234.978 196.727 2 234.961 88.9395
878 244.978 196.727 2 237.477 88.9999
879 254.978 196.727 2 240.383 89.0697
880 264.978 196.727 2 243.664 89.1487
881 274.978 196.727 2 247.307 89.2364
882 284.978 196.727 2 251.295 89.3325
883 294.978 196.727 2 255.613 89.4363
884 304.978 196.727 2 260.243 89.5475
885 314.978 196.727 2 265.169 89.6654
886 324.978 196.727 2 270.376 89.7895
887 334.978 196.727 2 275.847 250
888 344.978 196.727 2 281.567 250
889 354.978 196.727 2 287.522 90.1936
890 364.978 196.727 2 293.696 90.3371
891 374.978 196.727 2 300.076 90.484
892 384.978 196.727 2 306.65 90.6339
893 394.978 196.727 2 313.405 90.7864
894 404.978 196.727 2 320.33 90.941
895 414.978 196.727 2 327.413 91.0973
896 424.978 196.727 2 334.646 250
897 434.978 196.727 2 342.018 250
898 444.978 196.727 2 349.521 250
899 454.978 196.727 2 357.146 250
900 464.978 196.727 2 364.886 250
901 474.978 196.727 2 372.734 92.0523
902 484.978 196.727 2 380.682 92.2118
903 84.9784 206.727 2 256.47 89.4569
904 94.9784 206.727 2 252.913 89.3714
905 104.978 206.727 2 249.707 89.2942
906 114.978 206.727 2 246.865 89.2258
907 124.978 206.727 2 244.398 250
908 134.978 206.727 2 242.32 89.1163
909 144.978 206.727 2 240.64 89.0759
910 154.978 206.727 2 239.366 89.0453
911 164.978 206.727 2 238.505 89.0246
912 174.978 206.727 2 238.061 89.0139
913 184.978 206.727 2 238.037 89.0133
914 194.978 206.727 2 238.432 89.0228
915 204.978 206.727 2 239.246 89.0424
916 214.978 206.727 2 240.472 89.0719
917 224.978 206.727 2 242.106 89.1112
918 234.978 206.727 2 244.139 89.1601
919 244.978 206.727 2 246.561 89.2185
920 254.978 206.727 2 249.361 89.2859
921 264.978 206.727 2 252.526 89.3621
922 274.978 206.727 2 256.043 89.4466
923 284.978 206.727 2 259.897 89.5392
924 294.978 206.727 2 264.074 89.6392
925 304.978 206.727 2 268.558 89.7462
926 314.978 206.727 2 273.335 89.8598
927 324.978 206.727 2 278.389 89.9793
928 334.978 206.727 2 283.705 250
929 344.978 206.727 2 289.27 250
930 354.978 206.727 2 295.069 90.3688
931 364.978 206.727 2 301.088 90.5072
932 374.978 206.727 2 307.315 90.649
933 384.978 206.727 2 313.737 90.7939
934 394.978 206.727 2 320.343 90.9413
935 404.978 206.727 2 327.121 91.0909
936 414.978 206.727 2 334.061 91.2422
937 424.978 206.727 2 341.153 250
938 434.978 206.727 2 348.387 250
939 444.978 206.727 2 355.756 250
940 454.978 206.727 2 363.25 250
941 464.978 206.727 2 370.863 250
942 474.978 206.727 2 378.586 92.17
943 484.978 206.727 2 386.414 92.3254
944 84.9784 216.727 2 265.28 89.668
945 94.9784 216.727 2 261.844 89.5858
946 104.978 216.727 2 258.748 89.5116
947 114.978 216.727 2 256.006 89.4458
948 124.978 216.727 2 253.629 250
949 134.978 216.727 2 251.627 89.3404
950 144.978 216.727 2 250.009 89.3015
951 154.978 216.727 2 248.783 89.272
952 164.978 216.727 2 247.955 89.252
953 174.978 216.727 2 247.528 89.2417
954 184.978 216.727 2 247.505 89.2412
955 194.978 216.727 2 247.885 89.2503
956 204.978 216.727 2 248.667 89.2692
957 214.978 216.727 2 249.848 89.2976
958 224.978 216.727 2 251.421 89.3355
959 234.978 216.727 2 253.379 89.3826
960 244.978 216.727 2 255.714 89.4387
961 254.978 216.727 2 258.414 89.5036
962 264.978 216.727 2 261.47 89.5769
963 274.978 216.727 2 264.868 89.6582
964 284.978 216.727 2 268.595 89.7471
965 294.978 216.727 2 272.639 250
966 304.978 216.727 2 276.984 250
967 314.978 216.727 2 281.618 250
968 324.978 216.727 2 286.526 250
969 334.978 216.727 2 291.695 250
970 344.978 216.727 2 297.11 250
971 354.978 216.727 2 302.759 90.5454
972 364.978 216.727 2 308.628 90.6787
973 374.978 216.727 2 314.706 90.8156
974 384.978 216.727 2 320.98 90.9554
975 394.978 216.727 2 327.44 91.0979
976 404.978 216.727 2 334.074 91.2425
977 414.978 216.727 2 340.872 91.389
978 424.978 216.727 2 347.825 250
979 434.978 216.727 2 354.923 250
980 444.978 216.727 2 362.159 250
981 454.978 216.727 2 369.523 250
982 464.978 216.727 2 377.009 250
983 474.978 216.727 2 384.61 92.2898
984 484.978 216.727 2 392.317 92.4412
985 84.9784 226.727 2 274.173 89.8797
986 94.9784 226.727 2 270.849 89.8008
987 104.978 226.727 2 267.858 250
988 114.978 226.727 2 265.21 250
989 124.978 226.727 2 262.916 250
990 134.978 226.727 2 260.985 89.5652
991 144.978 226.727 2 259.426 89.5279
992 154.978 226.727 2 258.244 89.4995
993 164.978 226.727 2 257.446 89.4804
994 174.978 226.727 2 257.035 89.4705
995 184.978 226.727 2 257.013 89.4699
996 194.978 226.727 2 257.379 89.4787
997 204.978 226.727 2 258.133 89.4968
998 214.978 226.727 2 259.27 89.5241
999 224.978 226.727 2 260.786 89.5605
1000 234.978 226.727 2 262.675 89.6057
1001 244.978 226.727 2 264.927 89.6596
1002 254.978 226.727 2 267.535 89.7218
1003 264.978 226.727 2 270.487 89.7922
1004 274.978 226.727 2 273.773 89.8702
1005 284.978 226.727 2 277.381 89.9556
1006 294.978 226.727 2 281.299 250
1007 304.978 226.727 2 285.512 250
1008 314.978 226.727 2 290.01 250
1009 324.978 226.727 2 294.778 250
1010 334.978 226.727 2 299.805 250
1011 344.978 226.727 2 305.076 250
1012 354.978 226.727 2 310.58 90.7228
1013 364.978 226.727 2 316.304 90.8513
1014 374.978 226.727 2 322.237 90.9833
1015 384.978 226.727 2 328.367 91.1182
1016 394.978 226.727 2 334.684 91.2557
1017 404.978 226.727 2 341.178 91.3956
1018 414.978 226.727 2 347.837 91.5373
1019 424.978 226.727 2 354.654 250
1020 434.978 226.727 2 361.618 250
1021 444.978 226.727 2 368.722 250
1022 454.978 226.727 2 375.958 250
1023 464.978 226.727 2 383.318 250
1024 474.978 226.727 2 390.796 92.4115
1025 484.978 226.727 2 398.384 92.5589
1026 84.9784 236.727 2 283.139 90.0911
1027 94.9784 236.727 2 279.922 90.0155
1028 104.978 236.727 2 277.028 89.9472
1029 114.978 236.727 2 274.469 89.8867
1030 124.978 236.727 2 272.253 250
1031 134.978 236.727 2 270.389 89.7898
1032 144.978 236.727 2 268.884 89.754
1033 154.978 236.727 2 267.745 89.7268
1034 164.978 236.727 2 266.975 89.7085
1035 174.978 236.727 2 266.578 89.699
1036 184.978 236.727 2 266.557 89.6985
1037 194.978 236.727 2 266.91 89.7069
1038 204.978 236.727 2 267.637 89.7243
1039 214.978 236.727 2 268.734 89.7504
1040 224.978 236.727 2 270.197 89.7853
1041 234.978 236.727 2 272.02 89.8286
1042 244.978 236.727 2 274.196 89.8802
1043 254.978 236.727 2 276.716 89.9399
1044 264.978 236.727 2 279.572 90.0072
1045 274.978 236.727 2 282.752 90.082
1046 284.978 236.727 2 286.247 90.1639
1047 294.978 236.727 2 290.045 250
1048 304.978 236.727 2 294.133 250
1049 314.978 236.727 2 298.501 250
1050 324.978 236.727 2 303.136 250
1051 334.978 236.727 2 308.026 250
1052 344.978 236.727 2 313.159 250
1053 354.978 236.727 2 318.523 90.9008
1054 364.978 236.727 2 324.107 91.0246
1055 374.978 236.727 2 329.9 91.1517
1056 384.978 236.727 2 335.89 91.2818
1057 394.978 236.727 2 342.068 91.4146
1058 404.978 236.727 2 348.424 91.5497
1059 414.978 236.727 2 354.947 250
1060 424.978 236.727 2 361.63 250
1061 434.978 236.727 2 368.463 250
1062 444.978 236.727 2 375.437 250
1063 454.978 236.727 2 382.546 250
1064 464.978 236.727 2 389.782 250
1065 474.978 236.727 2 397.138 92.5348
1066 484.978 236.727 2 404.607 92.6782
1067 84.9784 246.727 2 292.172 90.3018
1068 94.9784 246.727 2 289.056 90.2294
1069 104.978 246.727 2 286.255 90.164
1070 114.978 246.727 2 283.778 90.1061
1071 124.978 246.727 2 281.636 90.0558
1072 134.978 246.727 2 279.834 90.0134
1073 144.978 246.727 2 278.38 89.9792
1074 154.978 246.727 2 277.28 89.9532
1075 164.978 246.727 2 276.537 89.9356
1076 174.978 246.727 2 276.154 89.9266
1077 184.978 246.727 2 276.133 89.9261
1078 194.978 246.727 2 276.474 89.9341
1079 204.978 246.727 2 277.176 89.9507
1080 214.978 246.727 2 278.236 89.9757
1081 224.978 246.727 2 279.649 90.0091
1082 234.978 246.727 2 281.411 90.0505
1083 244.978 246.727 2 283.515 90.0999
1084 254.978 246.727 2 285.953 90.157
1085 264.978 246.727 2 288.717 90.2215
1086 274.978 246.727 2 291.798 90.2931
1087 284.978 246.727 2 295.185 90.3715
1088 294.978 246.727 2 298.869 90.4563
1089 304.978 246.727 2 302.839 90.5472
1090 314.978 246.727 2 307.083 90.6437
1091 324.978 246.727 2 311.59 90.7456
1092 334.978 246.727 2 316.349 90.8523
1093 344.978 246.727 2 321.349 90.9636
1094 354.978 246.727 2 326.579 91.079
1095 364.978 246.727 2 332.028 91.1981
1096 374.978 246.727 2 337.684 91.3205
1097 384.978 246.727 2 343.539 91.446
1098 394.978 246.727 2 349.582 91.5741
1099 404.978 246.727 2 355.804 91.7046
1100 414.978 246.727 2 362.194 91.8371
1101 424.978 246.727 2 368.745 91.9714
1102 434.978 246.727 2 375.449 92.107
1103 444.978 246.727 2 382.296 92.2439
1104 454.978 246.727 2 389.28 92.3818
1105 464.978 246.727 2 396.393 92.5204
1106 474.978 246.727 2 403.628 92.6595
1107 484.978 246.727 2 410.979 92.799
1108 84.9784 256.727 2 301.267 90.5113
1109 94.9784 256.727 2 298.245 90.442
1110 104.978 256.727 2 295.531 90.3795
1111 114.978 256.727 2 293.133 90.3241
1112 124.978 256.727 2 291.06 90.276
1113 134.978 256.727 2 289.317 90.2355
1114 144.978 256.727 2 287.911 90.2027
1115 154.978 256.727 2 286.847 90.1779
1116 164.978 256.727 2 286.129 90.1611
1117 174.978 256.727 2 285.759 90.1525
1118 184.978 256.727 2 285.739 90.152
1119 194.978 256.727 2 286.068 90.1597
1120 204.978 256.727 2 286.747 90.1755
1121 214.978 256.727 2 287.771 90.1994
1122 224.978 256.727 2 289.138 90.2313
1123 234.978 256.727 2 290.842 90.2709
1124 244.978 256.727 2 292.878 90.3181
1125 254.978 256.727 2 295.239 90.3727
1126 264.978 256.727 2 297.917 90.4344
1127 274.978 256.727 2 300.904 90.5029
1128 284.978 256.727 2 304.19 90.578
1129 294.978 256.727 2 307.766 90.6592
1130 304.978 256.727 2 311.622 90.7463
1131 314.978 256.727 2 315.748 90.8389
1132 324.978 256.727 2 320.133 90.9366
1133 334.978 256.727 2 324.767 91.0391
1134 344.978 256.727 2 329.64 91.146
1135 354.978 256.727 2 334.74 91.2569
1136 364.978 256.727 2 340.058 91.3716
1137 374.978 256.727 2 345.583 91.4895
1138 384.978 256.727 2 351.306 91.6105
1139 394.978 256.727 2 357.218 91.7341
1140 404.978 256.727 2 363.309 91.8601
1141 414.978 256.727 2 369.57 91.9881
1142 424.978 256.727 2 375.992 92.118
1143 434.978 256.727 2 382.569 92.2494
1144 444.978 256.727 2 389.291 92.382
1145 454.978 256.727 2 396.151 92.5157
1146 464.978 256.727 2 403.143 92.6503
1147 474.978 256.727 2 410.259 92.7855
1148 484.978 256.727 2 417.494 92.9211
1149 84.9784 266.727 2 310.417 90.7192
1150 94.9784 266.727 2 307.485 90.6529
1151 104.978 266.727 2 304.854 90.5931
1152 114.978 266.727 2 302.53 90.5401
1153 124.978 266.727 2 300.521 90.4942
1154 134.978 266.727 2 298.833 250
1155 144.978 266.727 2 297.472 250
1156 154.978 266.727 2 296.443 250
1157 164.978 266.727 2 295.748 250
1158 174.978 266.727 2 295.39 90.3762
1159 184.978 266.727 2 295.37 90.3758
1160 194.978 266.727 2 295.689 90.3831
1161 204.978 266.727 2 296.345 90.3982
1162 214.978 266.727 2 297.337 90.4211
1163 224.978 266.727 2 298.66 90.4515
1164 234.978 266.727 2 300.31 90.4894
1165 244.978 266.727 2 302.282 250
1166 254.978 266.727 2 304.57 250
1167 264.978 266.727 2 307.167 250
1168 274.978 266.727 2 310.064 90.7112
1169 284.978 266.727 2 313.255 90.783
1170 294.978 266.727 2 316.728 250
1171 304.978 266.727 2 320.477 250
1172 314.978 266.727 2 324.49 250
1173 324.978 266.727 2 328.759 250
1174 334.978 266.727 2 333.273 250
1175 344.978 266.727 2 338.023 250
1176 354.978 266.727 2 342.998 250
1177 364.978 266.727 2 348.19 250
1178 374.978 266.727 2 353.588 250
1179 384.978 266.727 2 359.184 250
1180 394.978 266.727 2 364.968 250
1181 404.978 266.727 2 370.932 250
1182 414.978 266.727 2 377.066 250
1183 424.978 266.727 2 383.363 250
1184 434.978 266.727 2 389.815 250
1185 444.978 266.727 2 396.414 250
1186 454.978 266.727 2 403.153 250
1187 464.978 266.727 2 410.026 250
1188 474.978 266.727 2 417.025 92.9124
1189 484.978 266.727 2 424.144 93.0442
1190 84.9784 276.727 2 319.618 90.9252
1191 94.9784 276.727 2 316.772 90.8618
1192 104.978 276.727 2 314.218 90.8046
1193 114.978 276.727 2 311.964 90.754
1194 124.978 276.727 2 310.016 90.7101
1195 134.978 276.727 2 308.38 250
1196 144.978 276.727 2 307.061 250
1197 154.978 276.727 2 306.064 250
1198 164.978 276.727 2 305.391 250
1199 174.978 276.727 2 305.045 90.5975
1200 184.978 276.727 2 305.026 90.597
1201 194.978 276.727 2 305.334 90.604
1202 204.978 276.727 2 305.97 90.6185
1203 214.978 276.727 2 306.93 90.6403
1204 224.978 276.727 2 308.212 90.6693
1205 234.978 276.727 2 309.811 90.7055
1206 244.978 276.727 2 311.723 250
1207 254.978 276.727 2 313.943 250
1208 264.978 276.727 2 316.462 250
1209 274.978 276.727 2 319.276 90.9176
1210 284.978 276.727 2 322.375 90.9863
1211 294.978 276.727 2 325.751 250
1212 304.978 276.727 2 329.397 250
1213 314.978 276.727 2 333.303 250
1214 324.978 276.727 2 337.46 250
1215 334.978 276.727 2 341.859 250
1216 344.978 276.727 2 346.491 250
1217 354.978 276.727 2 351.347 250
1218 364.978 276.727 2 356.417 250
1219 374.978 276.727 2 361.693 250
1220 384.978 276.727 2 367.165 250
1221 394.978 276.727 2 372.825 250
1222 404.978 276.727 2 378.665 250
1223 414.978 276.727 2 384.676 250
1224 424.978 276.727 2 390.851 250
1225 434.978 276.727 2 397.181 250
1226 444.978 276.727 2 403.66 250
1227 454.978 276.727 2 410.28 250
1228 464.978 276.727 2 417.035 250
1229 474.978 276.727 2 423.918 93.0401
1230 484.978 276.727 2 430.924 93.1682
1231 84.9784 286.727 2 328.866 91.1291
1232 94.9784 286.727 2 326.1 91.0684
1233 104.978 286.727 2 323.62 91.0138
1234 114.978 286.727 2 321.432 90.9654
1235 124.978 286.727 2 319.541 90.9235
1236 134.978 286.727 2 317.955 250
1237 144.978 286.727 2 316.676 250
1238 154.978 286.727 2 315.709 250
1239 164.978 286.727 2 315.057 250
1240 174.978 286.727 2 314.721 90.8159
1241 184.978 286.727 2 314.702 90.8155
1242 194.978 286.727 2 315.002 90.8222
1243 204.978 286.727 2 315.618 90.836
1244 214.978 286.727 2 316.549 90.8568
1245 224.978 286.727 2 317.792 90.8845
1246 234.978 286.727 2 319.343 90.9191
1247 244.978 286.727 2 321.199 250
1248 254.978 286.727 2 323.353 250
1249 264.978 286.727 2 325.8 250
1250 274.978 286.727 2 328.533 91.1218
1251 284.978 286.727 2 331.546 91.1876
1252 294.978 286.727 2 334.83 250
1253 304.978 286.727 2 338.378 250
1254 314.978 286.727 2 342.181 250
1255 324.978 286.727 2 346.232 250
1256 334.978 286.727 2 350.521 250
1257 344.978 286.727 2 355.04 250
1258 354.978 286.727 2 359.78 250
1259 364.978 286.727 2 364.733 250
1260 374.978 286.727 2 369.89 250
1261 384.978 286.727 2 375.243 250
1262 394.978 286.727 2 380.783 250
1263 404.978 286.727 2 386.503 250
1264 414.978 286.727 2 392.394 250
1265 424.978 286.727 2 398.449 250
1266 434.978 286.727 2 404.66 250
1267 444.978 286.727 2 411.021 250
1268 454.978 286.727 2 417.524 250
1269 464.978 286.727 2 424.164 250
1270 474.978 286.727 2 430.933 93.1684
1271 484.978 286.727 2 437.827 93.2929
1272 84.9784 296.727 2 338.157 91.3307
1273 94.9784 296.727 2 335.467 91.2727
1274 104.978 296.727 2 333.057 91.2204
1275 114.978 296.727 2 330.931 91.1742
1276 124.978 296.727 2 329.095 91.1341
1277 134.978 296.727 2 327.555 250
1278 144.978 296.727 2 326.314 250
1279 154.978 296.727 2 325.376 250
1280 164.978 296.727 2 324.743 250
1281 174.978 296.727 2 324.417 91.0314
1282 184.978 296.727 2 324.399 91.031
1283 194.978 296.727 2 324.689 91.0374
1284 204.978 296.727 2 325.287 91.0506
1285 214.978 296.727 2 326.19 91.0704
1286 224.978 296.727 2 327.397 91.0969
1287 234.978 296.727 2 328.903 91.1299
1288 244.978 296.727 2 330.705 250
1289 254.978 296.727 2 332.797 250
1290 264.978 296.727 2 335.175 250
1291 274.978 296.727 2 337.833 91.3237
1292 284.978 296.727 2 340.763 91.3867
1293 294.978 296.727 2 343.959 250
1294 304.978 296.727 2 347.414 250
1295 314.978 296.727 2 351.12 250
1296 324.978 296.727 2 355.068 91.6893
1297 334.978 296.727 2 359.252 91.7763
1298 344.978 296.727 2 363.662 91.8673
1299 354.978 296.727 2 368.292 91.9621
1300 364.978 296.727 2 373.132 92.0603
1301 374.978 296.727 2 378.174 92.1617
1302 384.978 296.727 2 383.411 92.2661
1303 394.978 296.727 2 388.835 92.3731
1304 404.978 296.727 2 394.438 92.4825
1305 414.978 296.727 2 400.212 92.5941
1306 424.978 296.727 2 406.151 92.7076
1307 434.978 296.727 2 412.246 250
1308 444.978 296.727 2 418.492 250
1309 454.978 296.727 2 424.881 250
1310 464.978 296.727 2 431.407 250
1311 474.978 296.727 2 438.065 93.2972
1312 484.978 296.727 2 444.847 93.4182
1313 84.9784 306.727 2 347.487 91.5299
1314 94.9784 306.727 2 344.87 91.4743
1315 104.978 306.727 2 342.526 91.4244
1316 114.978 306.727 2 340.459 91.3802
1317 124.978 306.727 2 338.675 91.3419
1318 134.978 306.727 2 337.178 250
1319 144.978 306.727 2 335.973 250
1320 154.978 306.727 2 335.062 250
1321 164.978 306.727 2 334.447 250
1322 174.978 306.727 2 334.131 91.2437
1323 184.978 306.727 2 334.113 91.2434
1324 194.978 306.727 2 334.395 91.2495
1325 204.978 306.727 2 334.976 91.262
1326 214.978 306.727 2 335.853 91.281
1327 224.978 306.727 2 337.025 91.3063
1328 234.978 306.727 2 338.488 91.3378
1329 244.978 306.727 2 340.239 250
1330 254.978 306.727 2 342.273 250
1331 264.978 306.727 2 344.586 250
1332 274.978 306.727 2 347.171 91.5232
1333 284.978 306.727 2 350.024 91.5835
1334 294.978 306.727 2 353.136 250
1335 304.978 306.727 2 356.502 250
1336 314.978 306.727 2 360.114 250
1337 324.978 306.727 2 363.965 91.8736
1338 334.978 306.727 2 368.047 250
1339 344.978 306.727 2 372.354 250
1340 354.978 306.727 2 376.876 250
1341 364.978 306.727 2 381.608 92.2303
1342 374.978 306.727 2 386.54 250
1343 384.978 306.727 2 391.665 250
1344 394.978 306.727 2 396.976 250
1345 404.978 306.727 2 402.465 250
1346 414.978 306.727 2 408.126 250
1347 424.978 306.727 2 413.951 250
1348 434.978 306.727 2 419.933 250
1349 444.978 306.727 2 426.066 250
1350 454.978 306.727 2 432.343 250
1351 464.978 306.727 2 438.759 250
1352 474.978 306.727 2 445.306 93.4263
1353 484.978 306.727 2 451.98 93.5439
1354 84.9784 316.727 2 356.853 91.7265
1355 94.9784 316.727 2 354.305 91.6733
1356 104.978 316.727 2 352.024 91.6255
1357 114.978 316.727 2 350.013 91.5832
1358 124.978 316.727 2 348.278 91.5466
1359 134.978 316.727 2 346.823 250
1360 144.978 316.727 2 345.651 250
1361 154.978 316.727 2 344.766 250
1362 164.978 316.727 2 344.168 250
1363 174.978 316.727 2 343.861 91.4529
1364 184.978 316.727 2 343.844 91.4525
1365 194.978 316.727 2 344.118 91.4583
1366 204.978 316.727 2 344.682 91.4703
1367 214.978 316.727 2 345.535 91.4885
1368 224.978 316.727 2 346.674 91.5126
1369 234.978 316.727 2 348.096 91.5428
1370 244.978 316.727 2 349.799 250
1371 254.978 316.727 2 351.778 250
1372 264.978 316.727 2 354.029 250
1373 274.978 316.727 2 356.546 91.7201
1374 284.978 316.727 2 359.324 91.7778
1375 294.978 316.727 2 362.356 250
1376 304.978 316.727 2 365.637 250
1377 314.978 316.727 2 369.16 250
1378 324.978 316.727 2 372.918 92.056
1379 334.978 316.727 2 376.903 250
1380 344.978 316.727 2 381.109 250
1381 354.978 316.727 2 385.529 250
1382 364.978 316.727 2 390.156 92.399
1383 374.978 316.727 2 394.981 250
1384 384.978 316.727 2 399.998 250
1385 394.978 316.727 2 405.2 250
1386 404.978 316.727 2 410.579 250
1387 414.978 316.727 2 416.13 250
1388 424.978 316.727 2 421.844 250
1389 434.978 316.727 2 427.716 250
1390 444.978 316.727 2 433.739 250
1391 454.978 316.727 2 439.907 250
1392 464.978 316.727 2 446.213 250
1393 474.978 316.727 2 452.653 93.5557
1394 484.978 316.727 2 459.22 93.6698
1395 84.9784 326.727 2 366.253 91.9205
1396 94.9784 326.727 2 363.771 91.8696
1397 104.978 326.727 2 361.549 91.8238
1398 114.978 326.727 2 359.592 91.7834
1399 124.978 326.727 2 357.903 91.7483
1400 134.978 326.727 2 356.487 91.7189
1401 144.978 326.727 2 355.347 91.6951
1402 154.978 326.727 2 354.486 91.6771
1403 164.978 326.727 2 353.905 91.665
1404 174.978 326.727 2 353.606 91.6587
1405 184.978 326.727 2 353.59 91.6584
1406 194.978 326.727 2 353.856 91.6639
1407 204.978 326.727 2 354.405 91.6754
1408 214.978 326.727 2 355.234 91.6927
1409 224.978 326.727 2 356.342 91.7158
1410 234.978 326.727 2 357.726 91.7446
1411 244.978 326.727 2 359.384 91.779
1412 254.978 326.727 2 361.31 91.8189
1413 264.978 326.727 2 363.502 91.864
1414 274.978 326.727 2 365.954 91.9143
1415 284.978 326.727 2 368.66 91.9696
1416 294.978 326.727 2 371.617 92.0297
1417 304.978 326.727 2 374.817 92.0943
1418 314.978 326.727 2 378.254 92.1633
1419 324.978 326.727 2 381.922 92.2365
1420 334.978 326.727 2 385.815 92.3136
1421 344.978 326.727 2 389.925 92.3944
1422 354.978 326.727 2 394.246 92.4788
1423 364.978 326.727 2 398.771 92.5663
1424 374.978 326.727 2 403.493 92.657
1425 384.978 326.727 2 408.406 92.7504
1426 394.978 326.727 2 413.502 92.8465
1427 404.978 326.727 2 418.775 92.9449
1428 414.978 326.727 2 424.218 93.0456
1429 424.978 326.727 2 429.825 93.1482
1430 434.978 326.727 2 435.589 93.2527
1431 444.978 326.727 2 441.505 93.3588
1432 454.978 326.727 2 447.565 93.4663
1433 464.978 326.727 2 453.766 93.5751
1434 474.978 326.727 2 460.1 93.685
1435 484.978 326.727 2 466.562 93.7959
1436 84.9784 336.727 2 375.683 92.1118
1437 94.9784 336.727 2 373.265 92.063
1438 104.978 336.727 2 371.1 92.0192
1439 114.978 336.727 2 369.193 91.9805
1440 124.978 336.727 2 367.548 91.9469
1441 134.978 336.727 2 366.17 91.9188
1442 144.978 336.727 2 365.06 91.896
1443 154.978 336.727 2 364.222 91.8788
1444 164.978 336.727 2 363.656 91.8672
1445 174.978 336.727 2 363.365 91.8612
1446 184.978 336.727 2 363.349 91.8609
1447 194.978 336.727 2 363.609 91.8662
1448 204.978 336.727 2 364.142 91.8772
1449 214.978 336.727 2 364.95 91.8938
1450 224.978 336.727 2 366.028 91.9159
1451 234.978 336.727 2 367.376 91.9434
1452 244.978 336.727 2 368.99 91.9763
1453 254.978 336.727 2 370.867 92.0145
1454 264.978 336.727 2 373.002 92.0577
1455 274.978 336.727 2 375.392 92.1059
1456 284.978 336.727 2 378.031 92.1589
1457 294.978 336.727 2 380.915 92.2165
1458 304.978 336.727 2 384.037 92.2785
1459 314.978 336.727 2 387.393 92.3447
1460 324.978 336.727 2 390.975 92.415
1461 334.978 336.727 2 394.778 92.4891
1462 344.978 336.727 2 398.796 92.5668
1463 354.978 336.727 2 403.022 92.648
1464 364.978 336.727 2 407.45 92.7323
1465 374.978 336.727 2 412.073 92.8196
1466 384.978 336.727 2 416.884 92.9097
1467 394.978 336.727 2 421.878 93.0024
1468 404.978 336.727 2 427.047 93.0975
1469 414.978 336.727 2 432.386 93.1948
1470 424.978 336.727 2 437.888 93.2941
1471 434.978 336.727 2 443.548 93.3951
1472 444.978 336.727 2 449.359 93.4979
1473 454.978 336.727 2 455.315 93.6021
1474 464.978 336.727 2 461.411 93.7076
1475 474.978 336.727 2 467.642 93.8144
1476 484.978 336.727 2 474.001 93.9221
1477 84.9784 346.727 2 385.143 92.3003
1478 94.9784 346.727 2 382.784 92.2536
1479 104.978 346.727 2 380.673 92.2116
1480 114.978 346.727 2 378.814 250
1481 124.978 346.727 2 377.212 250
1482 134.978 346.727 2 375.869 250
1483 144.978 346.727 2 374.788 250
1484 154.978 346.727 2 373.971 250
1485 164.978 346.727 2 373.42 250
1486 174.978 346.727 2 373.137 250
1487 184.978 346.727 2 373.122 92.0601
1488 194.978 346.727 2 373.374 92.0652
1489 204.978 346.727 2 373.894 92.0757
1490 214.978 346.727 2 374.68 92.0916
1491 224.978 346.727 2 375.731 92.1127
1492 234.978 346.727 2 377.044 92.1391
1493 244.978 346.727 2 378.617 250
1494 254.978 346.727 2 380.446 250
1495 264.978 346.727 2 382.528 250
1496 274.978 346.727 2 384.859 92.2947
1497 284.978 346.727 2 387.433 92.3455
1498 294.978 346.727 2 390.247 92.4008
1499 304.978 346.727 2 393.296 92.4603
1500 314.978 346.727 2 396.573 92.5239
1501 324.978 346.727 2 400.073 92.5914
1502 334.978 346.727 2 403.791 92.6626
1503 344.978 346.727 2 407.72 92.7374
1504 354.978 346.727 2 411.854 92.8155
1505 364.978 346.727 2 416.188 92.8967
1506 374.978 346.727 2 420.715 92.9809
1507 384.978 346.727 2 425.429 250
1508 394.978 346.727 2 430.323 250
1509 404.978 346.727 2 435.392 250
1510 414.978 346.727 2 440.63 250
1511 424.978 346.727 2 446.031 250
1512 434.978 346.727 2 451.588 250
1513 444.978 346.727 2 457.297 93.6365
1514 454.978 346.727 2 463.151 250
1515 464.978 346.727 2 469.145 250
1516 474.978 346.727 2 475.274 93.9435
1517 484.978 346.727 2 481.533 94.0482
1518 84.9784 356.727 2 394.629 92.4862
1519 94.9784 356.727 2 392.327 92.4414
1520 104.978 356.727 2 390.268 250
1521 114.978 356.727 2 388.455 250
1522 124.978 356.727 2 386.893 250
1523 134.978 356.727 2 385.583 250
1524 144.978 356.727 2 384.529 250
1525 154.978 356.727 2 383.733 250
1526 164.978 356.727 2 383.197 250
1527 174.978 356.727 2 382.921 250
1528 184.978 356.727 2 382.906 92.256
1529 194.978 356.727 2 383.152 92.2609
1530 204.978 356.727 2 383.658 92.271
1531 214.978 356.727 2 384.425 92.2861
1532 224.978 356.727 2 385.449 92.3064
1533 234.978 356.727 2 386.729 92.3316
1534 244.978 356.727 2 388.262 250
1535 254.978 356.727 2 390.046 250
1536 264.978 356.727 2 392.077 250
1537 274.978 356.727 2 394.352 92.4808
1538 284.978 356.727 2 396.865 92.5295
1539 294.978 356.727 2 399.612 92.5825
1540 304.978 356.727 2 402.59 92.6397
1541 314.978 356.727 2 405.792 92.7008
1542 324.978 356.727 2 409.213 92.7657
1543 334.978 356.727 2 412.849 92.8342
1544 344.978 356.727 2 416.692 92.9062
1545 354.978 356.727 2 420.739 92.9814
1546 364.978 356.727 2 424.982 93.0596
1547 374.978 356.727 2 429.416 93.1408
1548 384.978 356.727 2 434.035 93.2246
1549 394.978 356.727 2 438.834 250
1550 404.978 356.727 2 443.806 250
1551 414.978 356.727 2 448.945 250
1552 424.978 356.727 2 454.247 250
1553 434.978 356.727 2 459.705 250
1554 444.978 356.727 2 465.314 93.7746
1555 454.978 356.727 2 471.069 250
1556 464.978 356.727 2 476.964 250
1557 474.978 356.727 2 482.994 94.0724
1558 484.978 356.727 2 489.154 94.1741
1559 84.9784 366.727 2 404.14 92.6693
1560 94.9784 366.727 2 401.892 92.6263
1561 104.978 366.727 2 399.882 250
1562 114.978 366.727 2 398.114 250
1563 124.978 366.727 2 396.589 250
1564 134.978 366.727 2 395.312 250
1565 144.978 366.727 2 394.284 250
1566 154.978 366.727 2 393.508 250
1567 164.978 366.727 2 392.985 250
1568 174.978 366.727 2 392.715 250
1569 184.978 366.727 2 392.701 92.4487
1570 194.978 366.727 2 392.941 250
1571 204.978 366.727 2 393.435 250
1572 214.978 366.727 2 394.182 250
1573 224.978 366.727 2 395.181 250
1574 234.978 366.727 2 396.429 250
1575 244.978 366.727 2 397.925 250
1576 254.978 366.727 2 399.666 250
1577 264.978 366.727 2 401.649 250
1578 274.978 366.727 2 403.869 92.6641
1579 284.978 366.727 2 406.323 92.7109
1580 294.978 366.727 2 409.007 92.7618
1581 304.978 366.727 2 411.917 92.8167
1582 314.978 366.727 2 415.047 92.8754
1583 324.978 366.727 2 418.393 92.9378
1584 334.978 366.727 2 421.949 93.0038
1585 344.978 366.727 2 425.711 93.073
1586 354.978 366.727 2 429.672 93.1454
1587 364.978 366.727 2 433.828 93.2209
1588 374.978 366.727 2 438.172 93.2991
1589 384.978 366.727 2 442.7 93.3801
1590 394.978 366.727 2 447.406 250
1591 404.978 366.727 2 452.284 250
1592 414.978 366.727 2 457.328 250
1593 424.978 366.727 2 462.534 250
1594 434.978 366.727 2 467.895 250
1595 444.978 366.727 2 473.407 93.9121
1596 454.978 366.727 2 479.065 250
1597 464.978 366.727 2 484.862 250
1598 474.978 366.727 2 490.795 94.201
1599 484.978 366.727 2 496.858 94.2997
1600 84.9784 376.727 2 413.674 92.8497
1601 94.9784 376.727 2 411.478 92.8084
1602 104.978 376.727 2 409.516 250
1603 114.978 376.727 2 407.788 250
1604 124.978 376.727 2 406.3 250
1605 134.978 376.727 2 405.054 250
1606 144.978 376.727 2 404.051 250
1607 154.978 376.727 2 403.293 250
1608 164.978 376.727 2 402.783 250
1609 174.978 376.727 2 402.52 250
1610 184.978 376.727 2 402.506 92.6381
1611 194.978 376.727 2 402.74 250
1612 204.978 376.727 2 403.222 250
1613 214.978 376.727 2 403.951 250
1614 224.978 376.727 2 404.926 250
1615 234.978 376.727 2 406.144 250
1616 244.978 376.727 2 407.605 250
1617 254.978 376.727 2 409.305 250
1618 264.978 376.727 2 411.24 250
1619 274.978 376.727 2 413.409 92.8447
1620 284.978 376.727 2 415.807 92.8896
1621 294.978 376.727 2 418.431 92.9385
1622 304.978 376.727 2 421.275 92.9913
1623 314.978 376.727 2 424.336 93.0478
1624 324.978 376.727 2 427.609 93.1078
1625 334.978 376.727 2 431.089 93.1712
1626 344.978 376.727 2 434.772 93.2379
1627 354.978 376.727 2 438.651 93.3077
1628 364.978 376.727 2 442.723 93.3805
1629 374.978 376.727 2 446.981 93.456
1630 384.978 376.727 2 451.421 250
1631 394.978 376.727 2 456.036 250
1632 404.978 376.727 2 460.823 250
1633 414.978 376.727 2 465.775 250
1634 424.978 376.727 2 470.887 250
1635 434.978 376.727 2 476.154 250
1636 444.978 376.727 2 481.572 250
1637 454.978 376.727 2 487.134 250
1638 464.978 376.727 2 492.837 250
1639 474.978 376.727 2 498.675 94.3291
1640 484.978 376.727 2 504.644 94.425
1641 84.9784 386.727 2 423.229 93.0274
1642 94.9784 386.727 2 421.084 92.9877
1643 104.978 386.727 2 419.166 92.9522
1644 114.978 386.727 2 417.479 250
1645 124.978 386.727 2 416.025 250
1646 134.978 386.727 2 414.808 250
1647 144.978 386.727 2 413.828 250
1648 154.978 386.727 2 413.089 250
1649 164.978 386.727 2 412.59 250
1650 174.978 386.727 2 412.334 250
1651 184.978 386.727 2 412.32 92.8243
1652 194.978 386.727 2 412.549 250
1653 204.978 386.727 2 413.019 250
1654 214.978 386.727 2 413.731 250
1655 224.978 386.727 2 414.683 250
1656 234.978 386.727 2 415.873 250
1657 244.978 386.727 2 417.299 250
1658 254.978 386.727 2 418.96 250
1659 264.978 386.727 2 420.851 250
1660 274.978 386.727 2 422.971 93.0226
1661 284.978 386.727 2 425.315 93.0657
1662 294.978 386.727 2 427.88 93.1127
1663 304.978 386.727 2 430.662 93.1635
1664 314.978 386.727 2 433.657 93.2178
1665 324.978 386.727 2 436.86 93.2756
1666 334.978 386.727 2 440.267 93.3367
1667 344.978 386.727 2 443.873 93.4009
1668 354.978 386.727 2 447.674 93.4682
1669 364.978 386.727 2 451.664 93.5384
1670 374.978 386.727 2 455.839 93.6112
1671 384.978 386.727 2 460.193 250
1672 394.978 386.727 2 464.721 250
1673 404.978 386.727 2 469.419 250
1674 414.978 386.727 2 474.281 250
1675 424.978 386.727 2 479.303 250
1676 434.978 386.727 2 484.479 250
1677 444.978 386.727 2 489.804 250
1678 454.978 386.727 2 495.275 250
1679 464.978 386.727 2 500.885 250
1680 474.978 386.727 2 506.63 94.4567
1681 484.978 386.727 2 512.506 94.5499
1682 84.9784 396.727 2 432.805 93.2024
1683 94.9784 396.727 2 430.707 93.1643
1684 104.978 396.727 2 428.832 93.1301
1685 114.978 396.727 2 427.183 93.1
1686 124.978 396.727 2 425.763 93.074
1687 134.978 396.727 2 424.573 93.0521
1688 144.978 396.727 2 423.616 93.0345
1689 154.978 396.727 2 422.894 93.0212
1690 164.978 396.727 2 422.407 93.0122
1691 174.978 396.727 2 422.157 93.0076
1692 184.978 396.727 2 422.143 93.0073
1693 194.978 396.727 2 422.366 93.0115
1694 204.978 396.727 2 422.826 93.0199
1695 214.978 396.727 2 423.521 93.0328
1696 224.978 396.727 2 424.451 93.0499
1697 234.978 396.727 2 425.614 93.0712
1698 244.978 396.727 2 427.008 250
1699 254.978 396.727 2 428.631 250
1700 264.978 396.727 2 430.48 250
1701 274.978 396.727 2 432.552 93.1978
1702 284.978 396.727 2 434.844 93.2393
1703 294.978 396.727 2 437.354 93.2844
1704 304.978 396.727 2 440.076 93.3332
1705 314.978 396.727 2 443.007 93.3855
1706 324.978 396.727 2 446.143 93.4412
1707 334.978 396.727 2 449.48 93.5
1708 344.978 396.727 2 453.013 93.562
1709 354.978 396.727 2 456.737 93.6268
1710 364.978 396.727 2 460.649 93.6945
1711 374.978 396.727 2 464.743 93.7649
1712 384.978 396.727 2 469.014 250
1713 394.978 396.727 2 473.459 250
1714 404.978 396.727 2 478.071 250
1715 414.978 396.727 2 482.846 250
1716 424.978 396.727 2 487.779 250
1717 434.978 396.727 2 492.866 250
1718 444.978 396.727 2 498.102 250
1719 454.978 396.727 2 503.482 250
1720 464.978 396.727 2 509.001 250
1721 474.978 396.727 2 514.656 94.5838
1722 484.978 396.727 2 520.441 94.6743
1723 84.9784 406.727 2 442.399 93.3747
1724 94.9784 406.727 2 440.347 93.3381
1725 104.978 406.727 2 438.513 93.3053
1726 114.978 406.727 2 436.901 93.2763
1727 124.978 406.727 2 435.512 93.2513
1728 134.978 406.727 2 434.349 93.2303
1729 144.978 406.727 2 433.414 93.2134
1730 154.978 406.727 2 432.708 93.2006
1731 164.978 406.727 2 432.232 93.192
1732 174.978 406.727 2 431.988 93.1876
1733 184.978 406.727 2 431.974 93.1873
1734 194.978 406.727 2 432.193 93.1913
1735 204.978 406.727 2 432.642 93.1994
1736 214.978 406.727 2 433.321 93.2117
1737 224.978 406.727 2 434.23 93.2282
1738 234.978 406.727 2 435.367 93.2487
1739 244.978 406.727 2 436.73 93.2732
1740 254.978 406.727 2 438.316 93.3017
1741 264.978 406.727 2 440.125 93.3341
1742 274.978 406.727 2 442.152 93.3703
1743 284.978 406.727 2 444.395 93.4102
1744 294.978 406.727 2 446.85 93.4537
1745 304.978 406.727 2 449.515 93.5006
1746 314.978 406.727 2 452.385 93.551
1747 324.978 406.727 2 455.457 93.6046
1748 334.978 406.727 2 458.726 93.6613
1749 344.978 406.727 2 462.188 93.721
1750 354.978 406.727 2 465.839 93.7836
1751 364.978 406.727 2 469.675 93.8489
1752 374.978 406.727 2 473.691 93.9169
1753 384.978 406.727 2 477.882 93.9872
1754 394.978 406.727 2 482.245 94.06
1755 404.978 406.727 2 486.774 94.1349
1756 414.978 406.727 2 491.464 94.2119
1757 424.978 406.727 2 496.312 94.2908
1758 434.978 406.727 2 501.312 94.3716
1759 444.978 406.727 2 506.461 94.454
1760 454.978 406.727 2 511.753 94.538
1761 464.978 406.727 2 517.184 94.6235
1762 474.978 406.727 2 522.75 94.7102
1763 484.978 406.727 2 528.447 94.7983
1764 84.9784 416.727 2 452.011 93.5444
1765 94.9784 416.727 2 450.003 93.5092
1766 104.978 416.727 2 448.209 93.4776
1767 114.978 416.727 2 446.631 250
1768 124.978 416.727 2 445.273 250
1769 134.978 416.727 2 444.136 250
1770 144.978 416.727 2 443.221 250
1771 154.978 416.727 2 442.531 93.3771
1772 164.978 416.727 2 442.066 93.3688
1773 174.978 416.727 2 441.826 93.3645
1774 184.978 416.727 2 441.813 93.3643
1775 194.978 416.727 2 442.026 93.3681
1776 204.978 416.727 2 442.466 93.3759
1777 214.978 416.727 2 443.13 93.3877
1778 224.978 416.727 2 444.019 93.4035
1779 234.978 416.727 2 445.131 93.4232
1780 244.978 416.727 2 446.464 93.4468
1781 254.978 416.727 2 448.016 93.4742
1782 264.978 416.727 2 449.785 93.5054
1783 274.978 416.727 2 451.769 93.5402
1784 284.978 416.727 2 453.964 93.5786
1785 294.978 416.727 2 456.368 93.6204
1786 304.978 416.727 2 458.978 93.6657
1787 314.978 416.727 2 461.789 93.7142
1788 324.978 416.727 2 464.799 93.7658
1789 334.978 416.727 2 468.002 93.8205
1790 344.978 416.727 2 471.396 93.8781
1791 354.978 416.727 2 474.977 93.9385
1792 364.978 416.727 2 478.74 94.0016
1793 374.978 416.727 2 482.68 94.0672
1794 384.978 416.727 2 486.794 94.1352
1795 394.978 416.727 2 491.077 94.2056
1796 404.978 416.727 2 495.525 94.2781
1797 414.978 416.727 2 500.134 94.3526
1798 424.978 416.727 2 504.898 94.4291
1799 434.978 416.727 2 509.815 94.5073
1800 444.978 416.727 2 514.878 94.5873
1801 454.978 416.727 2 520.085 94.6688
1802 464.978 416.727 2 525.43 94.7517
1803 474.978 416.727 2 530.909 94.836
1804 484.978 416.727 2 536.52 94.9216
1805 84.9784 426.727 2 461.64 93.7116
1806 94.9784 426.727 2 459.673 93.6777
1807 104.978 426.727 2 457.917 93.6473
1808 114.978 426.727 2 456.373 250
1809 124.978 426.727 2 455.044 250
1810 134.978 426.727 2 453.931 250
1811 144.978 426.727 2 453.036 250
1812 154.978 426.727 2 452.361 93.5506
1813 164.978 426.727 2 451.906 250
1814 174.978 426.727 2 451.672 250
1815 184.978 426.727 2 451.659 250
1816 194.978 426.727 2 451.868 250
1817 204.978 426.727 2 452.297 250
1818 214.978 426.727 2 452.947 250
1819 224.978 426.727 2 453.817 93.576
1820 234.978 426.727 2 454.905 250
1821 244.978 426.727 2 456.209 250
1822 254.978 426.727 2 457.728 250
1823 264.978 426.727 2 459.46 250
1824 274.978 426.727 2 461.402 93.7075
1825 284.978 426.727 2 463.552 93.7444
1826 294.978 426.727 2 465.907 93.7848
1827 304.978 426.727 2 468.463 250
1828 314.978 426.727 2 471.218 250
1829 324.978 426.727 2 474.167 250
1830 334.978 426.727 2 477.308 250
1831 344.978 426.727 2 480.637 250
1832 354.978 426.727 2 484.149 250
1833 364.978 426.727 2 487.841 250
1834 374.978 426.727 2 491.708 250
1835 384.978 426.727 2 495.747 250
1836 394.978 426.727 2 499.954 250
1837 404.978 426.727 2 504.324 250
1838 414.978 426.727 2 508.853 250
1839 424.978 426.727 2 513.536 250
1840 434.978 426.727 2 518.371 250
1841 444.978 426.727 2 523.351 250
1842 454.978 426.727 2 528.474 250
1843 464.978 426.727 2 533.735 94.8792
1844 474.978 426.727 2 539.131 94.9611
1845 484.978 426.727 2 544.656 250
1846 84.9784 436.727 2 471.283 93.8762
1847 94.9784 436.727 2 469.358 93.8435
1848 104.978 436.727 2 467.638 93.8143
1849 114.978 436.727 2 466.126 250
1850 124.978 436.727 2 464.825 250
1851 134.978 436.727 2 463.735 250
1852 144.978 436.727 2 462.86 250
1853 154.978 436.727 2 462.199 93.7212
1854 164.978 436.727 2 461.753 250
1855 174.978 436.727 2 461.524 250
1856 184.978 436.727 2 461.512 250
1857 194.978 436.727 2 461.716 250
1858 204.978 436.727 2 462.136 250
1859 214.978 436.727 2 462.772 250
1860 224.978 436.727 2 463.624 93.7457
1861 234.978 436.727 2 464.688 250
1862 244.978 436.727 2 465.965 250
1863 254.978 436.727 2 467.453 250
1864 264.978 436.727 2 469.149 250
1865 274.978 436.727 2 471.051 93.8723
1866 284.978 436.727 2 473.157 93.9079
1867 294.978 436.727 2 475.464 93.9467
1868 304.978 436.727 2 477.969 250
1869 314.978 436.727 2 480.67 250
1870 324.978 436.727 2 483.561 250
1871 334.978 436.727 2 486.642 250
1872 344.978 436.727 2 489.907 250
1873 354.978 436.727 2 493.353 250
1874 364.978 436.727 2 496.976 250
1875 374.978 436.727 2 500.774 250
1876 384.978 436.727 2 504.74 250
1877 394.978 436.727 2 508.872 250
1878 404.978 436.727 2 513.166 250
1879 414.978 436.727 2 517.618 250
1880 424.978 436.727 2 522.223 250
1881 434.978 436.727 2 526.977 250
1882 444.978 436.727 2 531.877 250
1883 454.978 436.727 2 536.919 250
1884 464.978 436.727 2 542.098 95.0059
1885 474.978 436.727 2 547.411 95.0854
1886 484.978 436.727 2 552.854 250
1887 84.9784 446.727 2 480.942 94.0383
1888 94.9784 446.727 2 479.055 94.0069
1889 104.978 446.727 2 477.37 93.9787
1890 114.978 446.727 2 475.889 250
1891 124.978 446.727 2 474.615 250
1892 134.978 446.727 2 473.548 250
1893 144.978 446.727 2 472.69 250
1894 154.978 446.727 2 472.043 93.889
1895 164.978 446.727 2 471.607 250
1896 174.978 446.727 2 471.383 250
1897 184.978 446.727 2 471.37 250
1898 194.978 446.727 2 471.57 250
1899 204.978 446.727 2 471.982 250
1900 214.978 446.727 2 472.605 250
1901 224.978 446.727 2 473.438 93.9126
1902 234.978 446.727 2 474.481 250
1903 244.978 446.727 2 475.732 250
1904 254.978 446.727 2 477.189 250
1905 264.978 446.727 2 478.851 250
1906 274.978 446.727 2 480.714 94.0345
1907 284.978 446.727 2 482.778 94.0688
1908 294.978 446.727 2 485.039 94.1063
1909 304.978 446.727 2 487.495 250
1910 314.978 446.727 2 490.143 250
1911 324.978 446.727 2 492.979 250
1912 334.978 446.727 2 496.001 250
1913 344.978 446.727 2 499.205 250
1914 354.978 446.727 2 502.587 250
1915 364.978 446.727 2 506.145 250
1916 374.978 446.727 2 509.874 250
1917 384.978 446.727 2 513.77 250
1918 394.978 446.727 2 517.83 250
1919 404.978 446.727 2 522.05 250
1920 414.978 446.727 2 526.427 250
1921 424.978 446.727 2 530.955 250
1922 434.978 446.727 2 535.632 250
1923 444.978 446.727 2 540.454 250
1924 454.978 446.727 2 545.416 250
1925 464.978 446.727 2 550.516 95.1316
1926 474.978 446.727 2 555.748 95.209
1927 484.978 446.727 2 561.11 250
1928 84.9784 456.727 2 490.614 94.198
1929 94.9784 456.727 2 488.764 94.1677
1930 104.978 456.727 2 487.113 94.1405
1931 114.978 456.727 2 485.662 250
1932 124.978 456.727 2 484.413 250
1933 134.978 456.727 2 483.368 250
1934 144.978 456.727 2 482.528 250
1935 154.978 456.727 2 481.894 94.0541
1936 164.978 456.727 2 481.467 250
1937 174.978 456.727 2 481.247 250
1938 184.978 456.727 2 481.235 250
1939 194.978 456.727 2 481.431 250
1940 204.978 456.727 2 481.834 250
1941 214.978 456.727 2 482.444 250
1942 224.978 456.727 2 483.261 94.0768
1943 234.978 456.727 2 484.282 250
1944 244.978 456.727 2 485.508 250
1945 254.978 456.727 2 486.936 94.1376
1946 264.978 456.727 2 488.564 250
1947 274.978 456.727 2 490.391 94.1943
1948 284.978 456.727 2 492.414 94.2274
1949 294.978 456.727 2 494.631 94.2636
1950 304.978 456.727 2 497.04 250
1951 314.978 456.727 2 499.637 250
1952 324.978 456.727 2 502.42 250
1953 334.978 456.727 2 505.385 250
1954 344.978 456.727 2 508.53 250
1955 354.978 456.727 2 511.851 250
1956 364.978 456.727 2 515.344 250
1957 374.978 456.727 2 519.007 250
1958 384.978 456.727 2 522.835 250
1959 394.978 456.727 2 526.825 250
1960 404.978 456.727 2 530.974 250
1961 414.978 456.727 2 535.278 250
1962 424.978 456.727 2 539.732 250
1963 434.978 456.727 2 544.334 250
1964 444.978 456.727 2 549.079 250
1965 454.978 456.727 2 553.964 250
1966 464.978 456.727 2 558.985 95.2565
1967 474.978 456.727 2 564.139 95.3317
1968 484.978 456.727 2 569.422 250
1969 84.9784 466.727 2 500.299 94.3553
1970 94.9784 466.727 2 498.485 94.326
1971 104.978 466.727 2 496.866 94.2998
1972 114.978 466.727 2 495.444 250
1973 124.978 466.727 2 494.22 250
1974 134.978 466.727 2 493.195 250
1975 144.978 466.727 2 492.372 250
1976 154.978 466.727 2 491.75 94.2166
1977 164.978 466.727 2 491.332 250
1978 174.978 466.727 2 491.117 250
1979 184.978 466.727 2 491.105 250
1980 194.978 466.727 2 491.297 250
1981 204.978 466.727 2 491.692 250
1982 214.978 466.727 2 492.29 250
1983 224.978 466.727 2 493.09 94.2385
1984 234.978 466.727 2 494.091 250
1985 244.978 466.727 2 495.293 250
1986 254.978 466.727 2 496.692 250
1987 264.978 466.727 2 498.289 250
1988 274.978 466.727 2 500.08 94.3518
1989 284.978 466.727 2 502.065 94.3837
1990 294.978 466.727 2 504.239 94.4185
1991 304.978 466.727 2 506.602 250
1992 314.978 466.727 2 509.151 250
1993 324.978 466.727 2 511.882 250
1994 334.978 466.727 2 514.792 250
1995 344.978 466.727 2 517.88 250
1996 354.978 466.727 2 521.141 250
1997 364.978 466.727 2 524.573 250
1998 374.978 466.727 2 528.172 250
1999 384.978 466.727 2 531.934 250
2000 394.978 466.727 2 535.856 250
2001 404.978 466.727 2 539.936 250
2002 414.978 466.727 2 544.168 250
2003 424.978 466.727 2 548.55 250
2004 434.978 466.727 2 553.079 250
2005 444.978 466.727 2 557.75 250
2006 454.978 466.727 2 562.559 250
2007 464.978 466.727 2 567.505 95.3804
2008 474.978 466.727 2 572.582 95.4535
2009 484.978 466.727 2 577.788 250
2010 84.9784 476.727 2 509.996 94.5102
2011 94.9784 476.727 2 508.217 94.482
2012 104.978 476.727 2 506.629 94.4567
2013 114.978 476.727 2 505.234 94.4344
2014 124.978 476.727 2 504.034 94.4153
2015 134.978 476.727 2 503.029 94.3992
2016 144.978 476.727 2 502.222 94.3862
2017 154.978 476.727 2 501.613 94.3764
2018 164.978 476.727 2 501.203 94.3698
2019 174.978 476.727 2 500.992 94.3664
2020 184.978 476.727 2 500.98 94.3662
2021 194.978 476.727 2 501.168 94.3693
2022 204.978 476.727 2 501.556 94.3755
2023 214.978 476.727 2 502.142 94.3849
2024 224.978 476.727 2 502.926 94.3975
2025 234.978 476.727 2 503.908 94.4132
2026 244.978 476.727 2 505.086 94.4321
2027 254.978 476.727 2 506.459 94.454
2028 264.978 476.727 2 508.024 94.4789
2029 274.978 476.727 2 509.782 94.5068
2030 284.978 476.727 2 511.728 94.5376
2031 294.978 476.727 2 513.862 94.5713
2032 304.978 476.727 2 516.181 250
2033 314.978 476.727 2 518.682 250
2034 324.978 476.727 2 521.363 250
2035 334.978 476.727 2 524.222 250
2036 344.978 476.727 2 527.254 250
2037 354.978 476.727 2 530.458 250
2038 364.978 476.727 2 533.829 250
2039 374.978 476.727 2 537.366 250
2040 384.978 476.727 2 541.064 250
2041 394.978 476.727 2 544.921 250
2042 404.978 476.727 2 548.933 250
2043 414.978 476.727 2 553.097 250
2044 424.978 476.727 2 557.409 250
2045 434.978 476.727 2 561.866 250
2046 444.978 476.727 2 566.464 250
2047 454.978 476.727 2 571.201 250
2048 464.978 476.727 2 576.072 95.5034
2049 474.978 476.727 2 581.074 95.5745
2050 484.978 476.727 2 586.204 250
2051 84.9784 486.727 2 519.705 94.6629
2052 94.9784 486.727 2 517.959 94.6356
2053 104.978 486.727 2 516.401 94.6112
2054 114.978 486.727 2 515.033 94.5897
2055 124.978 486.727 2 513.855 94.5712
2056 134.978 486.727 2 512.87 94.5557
2057 144.978 486.727 2 512.078 94.5432
2058 154.978 486.727 2 511.481 94.5337
2059 164.978 486.727 2 511.078 94.5274
2060 174.978 486.727 2 510.871 94.5241
2061 184.978 486.727 2 510.86 94.5239
2062 194.978 486.727 2 511.045 94.5268
2063 204.978 486.727 2 511.424 94.5328
2064 214.978 486.727 2 511.999 94.5419
2065 224.978 486.727 2 512.769 94.5541
2066 234.978 486.727 2 513.732 94.5692
2067 244.978 486.727 2 514.887 94.5874
2068 254.978 486.727 2 516.234 94.6086
2069 264.978 486.727 2 517.77 94.6326
2070 274.978 486.727 2 519.494 94.6596
2071 284.978 486.727 2 521.405 94.6893
2072 294.978 486.727 2 523.499 94.7219
2073 304.978 486.727 2 525.775 94.7571
2074 314.978 486.727 2 528.231 94.7949
2075 324.978 486.727 2 530.864 94.8353
2076 334.978 486.727 2 533.671 94.8782
2077 344.978 486.727 2 536.65 94.9236
2078 354.978 486.727 2 539.798 94.9712
2079 364.978 486.727 2 543.112 95.0211
2080 374.978 486.727 2 546.589 95.0732
2081 384.978 486.727 2 550.225 95.1273
2082 394.978 486.727 2 554.018 95.1835
2083 404.978 486.727 2 557.965 95.2415
2084 414.978 486.727 2 562.061 95.3014
2085 424.978 486.727 2 566.305 95.3631
2086 434.978 486.727 2 570.693 95.4264
2087 444.978 486.727 2 575.22 95.4913
2088 454.978 486.727 2 579.885 95.5577
2089 464.978 486.727 2 584.684 95.6255
2090 474.978 486.727 2 589.613 95.6946
2091 484.978 486.727 2 594.67 95.765
2092 84.9784 496.727 2 529.424 94.8133
2093 94.9784 496.727 2 527.711 94.7869
2094 104.978 496.727 2 526.182 250
2095 114.978 496.727 2 524.839 250
2096 124.978 496.727 2 523.683 250
2097 134.978 496.727 2 522.717 250
2098 144.978 496.727 2 521.94 250
2099 154.978 496.727 2 521.354 250
2100 164.978 496.727 2 520.959 250
2101 174.978 496.727 2 520.756 250
2102 184.978 496.727 2 520.745 250
2103 194.978 496.727 2 520.926 250
2104 204.978 496.727 2 521.298 94.6877
2105 214.978 496.727 2 521.863 94.6965
2106 224.978 496.727 2 522.617 94.7082
2107 234.978 496.727 2 523.562 250
2108 244.978 496.727 2 524.696 250
2109 254.978 496.727 2 526.018 250
2110 264.978 496.727 2 527.525 250
2111 274.978 496.727 2 529.218 94.8101
2112 284.978 496.727 2 531.093 94.8388
2113 294.978 496.727 2 533.149 94.8703
2114 304.978 496.727 2 535.385 94.9043
2115 314.978 496.727 2 537.797 94.9409
2116 324.978 496.727 2 540.383 94.98
2117 334.978 496.727 2 543.141 95.0215
2118 344.978 496.727 2 546.068 95.0654
2119 354.978 496.727 2 549.162 95.1115
2120 364.978 496.727 2 552.42 95.1598
2121 374.978 496.727 2 555.838 95.2103
2122 384.978 496.727 2 559.415 95.2628
2123 394.978 496.727 2 563.146 95.3172
2124 404.978 496.727 2 567.029 95.3735
2125 414.978 496.727 2 571.061 95.4317
2126 424.978 496.727 2 575.238 95.4915
2127 434.978 496.727 2 579.558 95.553
2128 444.978 496.727 2 584.017 95.6161
2129 454.978 496.727 2 588.612 95.6806
2130 464.978 496.727 2 593.34 95.7465
2131 474.978 496.727 2 598.198 95.8138
2132 484.978 496.727 2 603.183 95.8823
2133 84.9784 506.727 2 539.154 94.9615
2134 94.9784 506.727 2 537.472 94.936
2135 104.978 506.727 2 535.97 250
2136 114.978 506.727 2 534.652 250
2137 124.978 506.727 2 533.518 250
2138 134.978 506.727 2 532.569 250
2139 144.978 506.727 2 531.806 250
2140 154.978 506.727 2 531.231 250
2141 164.978 506.727 2 530.844 250
2142 174.978 506.727 2 530.645 250
2143 184.978 506.727 2 530.634 250
2144 194.978 506.727 2 530.811 250
2145 204.978 506.727 2 531.177 94.8401
2146 214.978 506.727 2 531.731 94.8486
2147 224.978 506.727 2 532.472 94.8599
2148 234.978 506.727 2 533.399 250
2149 244.978 506.727 2 534.512 250
2150 254.978 506.727 2 535.809 250
2151 264.978 506.727 2 537.289 250
2152 274.978 506.727 2 538.951 94.9584
2153 284.978 506.727 2 540.793 94.9862
2154 294.978 506.727 2 542.812 250
2155 304.978 506.727 2 545.008 250
2156 314.978 506.727 2 547.378 250
2157 324.978 506.727 2 549.919 250
2158 334.978 506.727 2 552.629 250
2159 344.978 506.727 2 555.507 250
2160 354.978 506.727 2 558.548 250
2161 364.978 506.727 2 561.752 250
2162 374.978 506.727 2 565.113 250
2163 384.978 506.727 2 568.631 250
2164 394.978 506.727 2 572.303 250
2165 404.978 506.727 2 576.124 250
2166 414.978 506.727 2 580.092 250
2167 424.978 506.727 2 584.205 95.6187
2168 434.978 506.727 2 588.459 95.6784
2169 444.978 506.727 2 592.851 95.7397
2170 454.978 506.727 2 597.379 95.8025
2171 464.978 506.727 2 602.038 95.8666
2172 474.978 506.727 2 606.826 95.932
2173 484.978 506.727 2 611.741 250
2174 84.9784 516.727 2 548.894 95.1075
2175 94.9784 516.727 2 547.241 95.0829
2176 104.978 516.727 2 545.767 250
2177 114.978 516.727 2 544.472 250
2178 124.978 516.727 2 543.358 250
2179 134.978 516.727 2 542.427 250
2180 144.978 516.727 2 541.678 250
2181 154.978 516.727 2 541.113 250
2182 164.978 516.727 2 540.733 250
2183 174.978 516.727 2 540.537 250
2184 184.978 516.727 2 540.527 250
2185 194.978 516.727 2 540.701 250
2186 204.978 516.727 2 541.06 94.9902
2187 214.978 516.727 2 541.604 94.9984
2188 224.978 516.727 2 542.331 95.0094
2189 234.978 516.727 2 543.242 250
2190 244.978 516.727 2 544.334 250
2191 254.978 516.727 2 545.608 250
2192 264.978 516.727 2 547.062 250
2193 274.978 516.727 2 548.694 95.1045
2194 284.978 516.727 2 550.503 95.1314
2195 294.978 516.727 2 552.487 250
2196 304.978 516.727 2 554.645 250
2197 314.978 516.727 2 556.973 250
2198 324.978 516.727 2 559.471 250
2199 334.978 516.727 2 562.136 250
2200 344.978 516.727 2 564.964 250
2201 354.978 516.727 2 567.955 250
2202 364.978 516.727 2 571.106 250
2203 374.978 516.727 2 574.413 250
2204 384.978 516.727 2 577.874 250
2205 394.978 516.727 2 581.487 250
2206 404.978 516.727 2 585.248 250
2207 414.978 516.727 2 589.155 250
2208 424.978 516.727 2 593.205 95.7446
2209 434.978 516.727 2 597.395 95.8027
2210 444.978 516.727 2 601.722 95.8622
2211 454.978 516.727 2 606.183 95.9233
2212 464.978 516.727 2 610.775 95.9856
2213 474.978 516.727 2 615.496 96.0493
2214 484.978 516.727 2 620.341 250
2215 84.9784 526.727 2 558.642 95.2515
2216 94.9784 526.727 2 557.019 95.2276
2217 104.978 526.727 2 555.57 250
2218 114.978 526.727 2 554.298 250
2219 124.978 526.727 2 553.204 250
2220 134.978 526.727 2 552.29 250
2221 144.978 526.727 2 551.554 250
2222 154.978 526.727 2 551 250
2223 164.978 526.727 2 550.626 250
2224 174.978 526.727 2 550.434 250
2225 184.978 526.727 2 550.424 250
2226 194.978 526.727 2 550.595 250
2227 204.978 526.727 2 550.947 95.138
2228 214.978 526.727 2 551.481 95.1459
2229 224.978 526.727 2 552.196 95.1565
2230 234.978 526.727 2 553.09 250
2231 244.978 526.727 2 554.163 250
2232 254.978 526.727 2 555.415 250
2233 264.978 526.727 2 556.843 250
2234 274.978 526.727 2 558.446 95.2486
2235 284.978 526.727 2 560.224 95.2746
2236 294.978 526.727 2 562.174 250
2237 304.978 526.727 2 564.294 250
2238 314.978 526.727 2 566.583 250
2239 324.978 526.727 2 569.039 250
2240 334.978 526.727 2 571.658 250
2241 344.978 526.727 2 574.44 250
2242 354.978 526.727 2 577.382 250
2243 364.978 526.727 2 580.482 250
2244 374.978 526.727 2 583.736 250
2245 384.978 526.727 2 587.142 250
2246 394.978 526.727 2 590.698 250
2247 404.978 526.727 2 594.401 250
2248 414.978 526.727 2 598.248 250
2249 424.978 526.727 2 602.237 95.8693
2250 434.978 526.727 2 606.365 95.9257
2251 444.978 526.727 2 610.628 95.9836
2252 454.978 526.727 2 615.024 96.043
2253 464.978 526.727 2 619.551 96.1037
2254 474.978 526.727 2 624.205 96.1657
2255 484.978 526.727 2 628.984 250
2256 84.9784 536.727 2 568.4 95.3934
2257 94.9784 536.727 2 566.804 95.3703
2258 104.978 536.727 2 565.381 250
2259 114.978 536.727 2 564.131 250
2260 124.978 536.727 2 563.056 250
2261 134.978 536.727 2 562.157 250
2262 144.978 536.727 2 561.435 250
2263 154.978 536.727 2 560.89 250
2264 164.978 536.727 2 560.523 250
2265 174.978 536.727 2 560.334 250
2266 184.978 536.727 2 560.324 250
2267 194.978 536.727 2 560.492 250
2268 204.978 536.727 2 560.839 95.2836
2269 214.978 536.727 2 561.363 95.2912
2270 224.978 536.727 2 562.065 95.3015
2271 234.978 536.727 2 562.944 250
2272 244.978 536.727 2 563.998 250
2273 254.978 536.727 2 565.228 250
2274 264.978 536.727 2 566.631 250
2275 274.978 536.727 2 568.207 95.3906
2276 284.978 536.727 2 569.954 95.4158
2277 294.978 536.727 2 571.871 250
2278 304.978 536.727 2 573.955 250
2279 314.978 536.727 2 576.206 250
2280 324.978 536.727 2 578.621 250
2281 334.978 536.727 2 581.197 250
2282 344.978 536.727 2 583.934 250
2283 354.978 536.727 2 586.828 250
2284 364.978 536.727 2 589.878 250
2285 374.978 536.727 2 593.08 250
2286 384.978 536.727 2 596.433 250
2287 394.978 536.727 2 599.934 250
2288 404.978 536.727 2 603.581 250
2289 414.978 536.727 2 607.37 250
2290 424.978 536.727 2 611.299 95.9927
2291 434.978 536.727 2 615.366 96.0476
2292 444.978 536.727 2 619.567 96.1039
2293 454.978 536.727 2 623.901 96.1617
2294 464.978 536.727 2 628.363 96.2207
2295 474.978 536.727 2 632.953 96.2811
2296 484.978 536.727 2 637.666 250
2297 84.9784 546.727 2 578.165 95.5332
2298 94.9784 546.727 2 576.597 95.5109
2299 104.978 546.727 2 575.198 250
2300 114.978 546.727 2 573.969 250
2301 124.978 546.727 2 572.913 250
2302 134.978 546.727 2 572.029 250
2303 144.978 546.727 2 571.32 250
2304 154.978 546.727 2 570.784 250
2305 164.978 546.727 2 570.424 250
2306 174.978 546.727 2 570.238 250
2307 184.978 546.727 2 570.228 250
2308 194.978 546.727 2 570.393 250
2309 204.978 546.727 2 570.734 95.427
2310 214.978 546.727 2 571.249 95.4344
2311 224.978 546.727 2 571.939 95.4443
2312 234.978 546.727 2 572.802 250
2313 244.978 546.727 2 573.839 250
2314 254.978 546.727 2 575.047 250
2315 264.978 546.727 2 576.427 250
2316 274.978 546.727 2 577.976 95.5306
2317 284.978 546.727 2 579.694 95.5549
2318 294.978 546.727 2 581.578 250
2319 304.978 546.727 2 583.628 250
2320 314.978 546.727 2 585.842 250
2321 324.978 546.727 2 588.217 250
2322 334.978 546.727 2 590.752 250
2323 344.978 546.727 2 593.444 250
2324 354.978 546.727 2 596.292 250
2325 364.978 546.727 2 599.294 250
2326 374.978 546.727 2 602.446 250
2327 384.978 546.727 2 605.747 250
2328 394.978 546.727 2 609.195 250
2329 404.978 546.727 2 612.786 250
2330 414.978 546.727 2 616.519 250
2331 424.978 546.727 2 620.39 96.1149
2332 434.978 546.727 2 624.397 96.1683
2333 444.978 546.727 2 628.539 96.2231
2334 454.978 546.727 2 632.811 96.2793
2335 464.978 546.727 2 637.211 96.3368
2336 474.978 546.727 2 641.737 96.3956
2337 484.978 546.727 2 646.386 250
2338 84.9784 556.727 2 587.939 95.6712
2339 94.9784 556.727 2 586.396 95.6495
2340 104.978 556.727 2 585.021 95.6302
2341 114.978 556.727 2 583.813 95.6132
2342 124.978 556.727 2 582.775 95.5985
2343 134.978 556.727 2 581.906 95.5863
2344 144.978 556.727 2 581.208 95.5764
2345 154.978 556.727 2 580.682 95.569
2346 164.978 556.727 2 580.328 95.5639
2347 174.978 556.727 2 580.145 95.5613
2348 184.978 556.727 2 580.135 95.5612
2349 194.978 556.727 2 580.298 95.5635
2350 204.978 556.727 2 580.633 95.5682
2351 214.978 556.727 2 581.139 95.5754
2352 224.978 556.727 2 581.817 95.585
2353 234.978 556.727 2 582.666 95.597
2354 244.978 556.727 2 583.685 95.6114
2355 254.978 556.727 2 584.873 95.6281
2356 264.978 556.727 2 586.229 95.6472
2357 274.978 556.727 2 587.753 95.6686
2358 284.978 556.727 2 589.442 95.6922
2359 294.978 556.727 2 591.296 95.7181
2360 304.978 556.727 2 593.312 95.7461
2361 314.978 556.727 2 595.489 95.7763
2362 324.978 556.727 2 597.826 95.8086
2363 334.978 556.727 2 600.32 95.843
2364 344.978 556.727 2 602.97 95.8794
2365 354.978 556.727 2 605.773 95.9177
2366 364.978 556.727 2 608.728 95.9579
2367 374.978 556.727 2 611.832 95.9999
2368 384.978 556.727 2 615.083 96.0438
2369 394.978 556.727 2 618.478 96.0893
2370 404.978 556.727 2 622.016 96.1366
2371 414.978 556.727 2 625.693 96.1854
2372 424.978 556.727 2 629.508 96.2358
2373 434.978 556.727 2 633.458 96.2877
2374 444.978 556.727 2 637.54 96.3411
2375 454.978 556.727 2 641.752 96.3958
2376 464.978 556.727 2 646.092 96.4518
2377 474.978 556.727 2 650.556 96.5091
2378 484.978 556.727 2 655.142 96.5675
2379 84.9784 566.727 2 597.72 95.8072
2380 94.9784 566.727 2 596.203 95.7862
2381 104.978 566.727 2 594.85 95.7675
2382 114.978 566.727 2 593.662 95.751
2383 124.978 566.727 2 592.641 95.7368
2384 134.978 566.727 2 591.787 95.7249
2385 144.978 566.727 2 591.101 95.7153
2386 154.978 566.727 2 590.583 95.7081
2387 164.978 566.727 2 590.235 95.7033
2388 174.978 566.727 2 590.056 95.7008
2389 184.978 566.727 2 590.046 95.7006
2390 194.978 566.727 2 590.206 95.7029
2391 204.978 566.727 2 590.535 95.7075
2392 214.978 566.727 2 591.033 95.7144
2393 224.978 566.727 2 591.699 95.7237
2394 234.978 566.727 2 592.534 95.7353
2395 244.978 566.727 2 593.536 95.7492
2396 254.978 566.727 2 594.705 95.7655
2397 264.978 566.727 2 596.039 95.7839
2398 274.978 566.727 2 597.537 95.8046
2399 284.978 566.727 2 599.199 95.8276
2400 294.978 566.727 2 601.022 95.8526
2401 304.978 566.727 2 603.006 95.8798
2402 314.978 566.727 2 605.148 95.9091
2403 324.978 566.727 2 607.448 95.9405
2404 334.978 566.727 2 609.903 95.9738
2405 344.978 566.727 2 612.511 96.0091
2406 354.978 566.727 2 615.271 96.0463
2407 364.978 566.727 2 618.18 96.0854
2408 374.978 566.727 2 621.237 96.1262
2409 384.978 566.727 2 624.439 96.1688
2410 394.978 566.727 2 627.784 96.2131
2411 404.978 566.727 2 631.269 96.259
2412 414.978 566.727 2 634.893 96.3065
2413 424.978 566.727 2 638.653 96.3556
2414 434.978 566.727 2 642.547 96.4061
2415 444.978 566.727 2 646.572 96.458
2416 454.978 566.727 2 650.725 96.5112
2417 464.978 566.727 2 655.005 96.5658
2418 474.978 566.727 2 659.409 96.6216
2419 484.978 566.727 2 663.934 96.6786
2420 84.9784 576.727 2 607.508 95.9413
2421 94.9784 576.727 2 606.016 95.921
2422 104.978 576.727 2 604.684 95.9028
2423 114.978 576.727 2 603.516 95.8868
2424 124.978 576.727 2 602.512 95.8731
2425 134.978 576.727 2 601.672 95.8616
2426 144.978 576.727 2 600.997 95.8523
2427 154.978 576.727 2 600.488 95.8453
2428 164.978 576.727 2 600.145 95.8406
2429 174.978 576.727 2 599.969 95.8382
2430 184.978 576.727 2 599.959 95.838
2431 194.978 576.727 2 600.116 95.8402
2432 204.978 576.727 2 600.44 95.8446
2433 214.978 576.727 2 600.93 95.8514
2434 224.978 576.727 2 601.586 95.8604
2435 234.978 576.727 2 602.407 95.8716
2436 244.978 576.727 2 603.392 95.8851
2437 254.978 576.727 2 604.542 95.9009
2438 264.978 576.727 2 605.854 95.9188
2439 274.978 576.727 2 607.328 95.9389
2440 284.978 576.727 2 608.963 95.9611
2441 294.978 576.727 2 610.757 95.9854
2442 304.978 576.727 2 612.71 96.0118
2443 314.978 576.727 2 614.818 96.0402
2444 324.978 576.727 2 617.082 96.0706
2445 334.978 576.727 2 619.499 96.103
2446 344.978 576.727 2 622.067 96.1373
2447 354.978 576.727 2 624.784 96.1734
2448 364.978 576.727 2 627.649 96.2113
2449 374.978 576.727 2 630.66 96.251
2450 384.978 576.727 2 633.815 96.2924
2451 394.978 576.727 2 637.11 96.3355
2452 404.978 576.727 2 640.545 96.3801
2453 414.978 576.727 2 644.117 96.4263
2454 424.978 576.727 2 647.823 96.474
2455 434.978 576.727 2 651.662 96.5232
2456 444.978 576.727 2 655.631 96.5737
2457 454.978 576.727 2 659.727 96.6256
2458 464.978 576.727 2 663.949 96.6788
2459 474.978 576.727 2 668.294 96.7331
2460 484.978 576.727 2 672.76 96.7887
2461 84.9784 586.727 2 617.303 96.0736
2462 94.9784 586.727 2 615.834 96.0539
2463 104.978 586.727 2 614.524 96.0363
2464 114.978 586.727 2 613.375 96.0208
2465 124.978 586.727 2 612.387 96.0074
2466 134.978 586.727 2 611.56 95.9963
2467 144.978 586.727 2 610.896 95.9873
2468 154.978 586.727 2 610.396 95.9805
2469 164.978 586.727 2 610.058 95.9759
2470 174.978 586.727 2 609.885 95.9736
2471 184.978 586.727 2 609.876 95.9735
2472 194.978 586.727 2 610.03 95.9755
2473 204.978 586.727 2 610.348 95.9799
2474 214.978 586.727 2 610.83 95.9864
2475 224.978 586.727 2 611.475 95.9951
2476 234.978 586.727 2 612.283 96.006
2477 244.978 586.727 2 613.253 96.0191
2478 254.978 586.727 2 614.384 96.0344
2479 264.978 586.727 2 615.675 96.0517
2480 274.978 586.727 2 617.126 96.0712
2481 284.978 586.727 2 618.735 96.0928
2482 294.978 586.727 2 620.501 96.1164
2483 304.978 586.727 2 622.423 96.142
2484 314.978 586.727 2 624.499 96.1696
2485 324.978 586.727 2 626.727 96.1991
2486 334.978 586.727 2 629.107 96.2306
2487 344.978 586.727 2 631.636 96.2638
2488 354.978 586.727 2 634.313 96.2989
2489 364.978 586.727 2 637.135 96.3358
2490 374.978 586.727 2 640.101 96.3744
2491 384.978 586.727 2 643.209 96.4146
2492 394.978 586.727 2 646.457 96.4565
2493 404.978 586.727 2 649.842 96.4999
2494 414.978 586.727 2 653.363 96.5449
2495 424.978 586.727 2 657.017 96.5913
2496 434.978 586.727 2 660.803 96.6392
2497 444.978 586.727 2 664.717 96.6884
2498 454.978 586.727 2 668.758 96.7389
2499 464.978 586.727 2 672.923 96.7907
2500 474.978 586.727 2 677.211 96.8437
2501 484.978 586.727 2 681.618 96.8979
