# <Transmitter Set: Tx: 18 tx_ant_grid_40_m - Point 17> 
# <Receiver Set: Rx: 17 rx_ant_grid> 
# <X(m)> <Y(m)> <Z(m)> <Distance(m)> <FreeSpacePathLoss(dB)>
1 84.9784 -13.2734 2 312.557 90.1449
2 94.9784 -13.2734 2 309.645 90.0672
3 104.978 -13.2734 2 307.032 89.9969
4 114.978 -13.2734 2 304.725 89.9343
5 124.978 -13.2734 2 302.73 89.8799
6 134.978 -13.2734 2 301.055 89.834
7 144.978 -13.2734 2 299.704 89.7968
8 154.978 -13.2734 2 298.682 89.7685
9 164.978 -13.2734 2 297.993 89.7494
10 174.978 -13.2734 2 297.637 89.7395
11 184.978 -13.2734 2 297.618 89.739
12 194.978 -13.2734 2 297.935 89.7478
13 204.978 -13.2734 2 298.586 89.7658
14 214.978 -13.2734 2 299.57 89.7931
15 224.978 -13.2734 2 300.883 89.8292
16 234.978 -13.2734 2 302.521 89.8742
17 244.978 -13.2734 2 304.479 89.9276
18 254.978 -13.2734 2 306.751 89.9893
19 264.978 -13.2734 2 309.329 90.0587
20 274.978 -13.2734 2 312.206 90.1356
21 284.978 -13.2734 2 315.375 90.2195
22 294.978 -13.2734 2 318.826 90.31
23 304.978 -13.2734 2 322.55 90.4067
24 314.978 -13.2734 2 326.538 90.5091
25 324.978 -13.2734 2 330.78 90.6168
26 334.978 -13.2734 2 335.267 90.7294
27 344.978 -13.2734 2 339.989 90.8463
28 354.978 -13.2734 2 344.936 90.9673
29 364.978 -13.2734 2 350.099 91.0918
30 374.978 -13.2734 2 355.468 91.2195
31 384.978 -13.2734 2 361.035 91.35
32 394.978 -13.2734 2 366.79 91.483
33 404.978 -13.2734 2 372.724 91.618
34 414.978 -13.2734 2 378.829 91.7549
35 424.978 -13.2734 2 385.098 91.8934
36 434.978 -13.2734 2 391.521 92.033
37 444.978 -13.2734 2 398.092 92.1737
38 454.978 -13.2734 2 404.803 92.3151
39 464.978 -13.2734 2 411.648 92.4571
40 474.978 -13.2734 2 418.62 92.5994
41 484.978 -13.2734 2 425.712 92.7419
42 84.9784 -3.2734 2 303.132 89.8909
43 94.9784 -3.2734 2 300.129 89.8085
44 104.978 -3.2734 2 297.432 89.7338
45 114.978 -3.2734 2 295.049 89.6674
46 124.978 -3.2734 2 292.989 89.6095
47 134.978 -3.2734 2 291.258 89.5606
48 144.978 -3.2734 2 289.861 89.521
49 154.978 -3.2734 2 288.805 89.4909
50 164.978 -3.2734 2 288.091 89.4705
51 174.978 -3.2734 2 287.724 89.46
52 184.978 -3.2734 2 287.704 89.4594
53 194.978 -3.2734 2 288.031 89.4688
54 204.978 -3.2734 2 288.705 89.488
55 214.978 -3.2734 2 289.722 89.517
56 224.978 -3.2734 2 291.08 89.5556
57 234.978 -3.2734 2 292.773 89.6034
58 244.978 -3.2734 2 294.796 89.6603
59 254.978 -3.2734 2 297.141 89.7257
60 264.978 -3.2734 2 299.802 89.7995
61 274.978 -3.2734 2 302.77 89.881
62 284.978 -3.2734 2 306.037 89.9699
63 294.978 -3.2734 2 309.591 90.0657
64 304.978 -3.2734 2 313.425 90.1679
65 314.978 -3.2734 2 317.528 250
66 324.978 -3.2734 2 321.889 250
67 334.978 -3.2734 2 326.498 250
68 344.978 -3.2734 2 331.345 90.6311
69 354.978 -3.2734 2 336.419 90.7581
70 364.978 -3.2734 2 341.711 90.8886
71 374.978 -3.2734 2 347.21 91.0223
72 384.978 -3.2734 2 352.907 91.1588
73 394.978 -3.2734 2 358.792 91.2976
74 404.978 -3.2734 2 364.856 91.4385
75 414.978 -3.2734 2 371.091 91.5811
76 424.978 -3.2734 2 377.488 91.725
77 434.978 -3.2734 2 384.039 91.8701
78 444.978 -3.2734 2 390.735 92.0161
79 454.978 -3.2734 2 397.571 250
80 464.978 -3.2734 2 404.538 250
81 474.978 -3.2734 2 411.63 92.4567
82 484.978 -3.2734 2 418.841 92.6039
83 84.9784 6.7266 2 293.744 89.6308
84 94.9784 6.7266 2 290.645 89.5432
85 104.978 6.7266 2 287.859 89.4638
86 114.978 6.7266 2 285.397 89.3931
87 124.978 6.7266 2 283.266 250
88 134.978 6.7266 2 281.475 89.2793
89 144.978 6.7266 2 280.03 89.237
90 154.978 6.7266 2 278.936 89.2049
91 164.978 6.7266 2 278.197 89.1831
92 174.978 6.7266 2 277.817 89.1719
93 184.978 6.7266 2 277.796 89.1713
94 194.978 6.7266 2 278.135 89.1813
95 204.978 6.7266 2 278.832 89.2019
96 214.978 6.7266 2 279.886 89.2328
97 224.978 6.7266 2 281.291 89.2739
98 234.978 6.7266 2 283.042 89.325
99 244.978 6.7266 2 285.134 89.3855
100 254.978 6.7266 2 287.559 89.4552
101 264.978 6.7266 2 290.307 89.5337
102 274.978 6.7266 2 293.372 89.6203
103 284.978 6.7266 2 296.741 89.7146
104 294.978 6.7266 2 300.406 250
105 304.978 6.7266 2 304.356 250
106 314.978 6.7266 2 308.579 250
107 324.978 6.7266 2 313.064 250
108 334.978 6.7266 2 317.802 250
109 344.978 6.7266 2 322.779 250
110 354.978 6.7266 2 327.986 250
111 364.978 6.7266 2 333.412 250
112 374.978 6.7266 2 339.045 250
113 384.978 6.7266 2 344.877 250
114 394.978 6.7266 2 350.897 91.1109
115 404.978 6.7266 2 357.095 91.2578
116 414.978 6.7266 2 363.463 91.4063
117 424.978 6.7266 2 369.992 91.5561
118 434.978 6.7266 2 376.673 91.7068
119 444.978 6.7266 2 383.499 250
120 454.978 6.7266 2 390.461 250
121 464.978 6.7266 2 397.553 250
122 474.978 6.7266 2 404.767 92.3143
123 484.978 6.7266 2 412.098 92.4663
124 84.9784 16.7266 2 284.399 89.3643
125 94.9784 16.7266 2 281.196 89.2712
126 104.978 16.7266 2 278.316 89.1866
127 114.978 16.7266 2 275.768 89.1112
128 124.978 16.7266 2 273.563 250
129 134.978 16.7266 2 271.708 88.9897
130 144.978 16.7266 2 270.21 88.9445
131 154.978 16.7266 2 269.076 88.9102
132 164.978 16.7266 2 268.311 88.8869
133 174.978 16.7266 2 267.916 88.8748
134 184.978 16.7266 2 267.895 88.8742
135 194.978 16.7266 2 268.246 250
136 204.978 16.7266 2 268.969 250
137 214.978 16.7266 2 270.061 250
138 224.978 16.7266 2 271.517 250
139 234.978 16.7266 2 273.331 250
140 244.978 16.7266 2 275.497 250
141 254.978 16.7266 2 278.005 250
142 264.978 16.7266 2 280.848 89.261
143 274.978 16.7266 2 284.014 89.3531
144 284.978 16.7266 2 287.493 89.4534
145 294.978 16.7266 2 291.275 250
146 304.978 16.7266 2 295.346 250
147 314.978 16.7266 2 299.696 250
148 324.978 16.7266 2 304.313 89.9231
149 334.978 16.7266 2 309.184 90.0548
150 344.978 16.7266 2 314.298 250
151 354.978 16.7266 2 319.643 250
152 364.978 16.7266 2 325.208 250
153 374.978 16.7266 2 330.982 250
154 384.978 16.7266 2 336.953 90.7713
155 394.978 16.7266 2 343.112 90.9229
156 404.978 16.7266 2 349.448 91.0762
157 414.978 16.7266 2 355.953 91.2309
158 424.978 16.7266 2 362.617 91.3867
159 434.978 16.7266 2 369.432 91.5433
160 444.978 16.7266 2 376.388 250
161 454.978 16.7266 2 383.48 250
162 464.978 16.7266 2 390.698 250
163 474.978 16.7266 2 398.037 92.1725
164 484.978 16.7266 2 405.49 92.3294
165 84.9784 26.7266 2 275.1 89.0913
166 94.9784 26.7266 2 271.787 88.9921
167 104.978 26.7266 2 268.806 88.9019
168 114.978 26.7266 2 266.168 88.8214
169 124.978 26.7266 2 263.882 88.7511
170 134.978 26.7266 2 261.958 88.6914
171 144.978 26.7266 2 260.405 88.643
172 154.978 26.7266 2 259.228 88.6062
173 164.978 26.7266 2 258.433 88.5812
174 174.978 26.7266 2 258.024 88.5683
175 184.978 26.7266 2 258.001 88.5676
176 194.978 26.7266 2 258.366 250
177 204.978 26.7266 2 259.117 250
178 214.978 26.7266 2 260.25 250
179 224.978 26.7266 2 261.76 250
180 234.978 26.7266 2 263.642 250
181 244.978 26.7266 2 265.886 250
182 254.978 26.7266 2 268.485 250
183 264.978 26.7266 2 271.427 88.9813
184 274.978 26.7266 2 274.702 89.0795
185 284.978 26.7266 2 278.297 89.1861
186 294.978 26.7266 2 282.202 250
187 304.978 26.7266 2 286.403 250
188 314.978 26.7266 2 290.886 89.5501
189 324.978 26.7266 2 295.641 89.6839
190 334.978 26.7266 2 300.652 89.8229
191 344.978 26.7266 2 305.909 89.9665
192 354.978 26.7266 2 311.398 90.114
193 364.978 26.7266 2 317.108 250
194 374.978 26.7266 2 323.026 250
195 384.978 26.7266 2 329.142 90.5754
196 394.978 26.7266 2 335.444 90.7338
197 404.978 26.7266 2 341.923 90.8938
198 414.978 26.7266 2 348.568 91.055
199 424.978 26.7266 2 355.371 91.2172
200 434.978 26.7266 2 362.321 91.3799
201 444.978 26.7266 2 369.412 91.5429
202 454.978 26.7266 2 376.635 250
203 464.978 26.7266 2 383.982 250
204 474.978 26.7266 2 391.447 92.0314
205 484.978 26.7266 2 399.023 92.1934
206 84.9784 36.7266 2 265.851 88.8117
207 94.9784 36.7266 2 262.422 88.7058
208 104.978 36.7266 2 259.333 88.6095
209 114.978 36.7266 2 256.597 88.5233
210 124.978 36.7266 2 254.226 88.448
211 134.978 36.7266 2 252.229 88.384
212 144.978 36.7266 2 250.615 88.3321
213 154.978 36.7266 2 249.392 88.2925
214 164.978 36.7266 2 248.565 88.2657
215 174.978 36.7266 2 248.139 88.2518
216 184.978 36.7266 2 248.116 88.2511
217 194.978 36.7266 2 248.496 88.2634
218 204.978 36.7266 2 249.276 88.2888
219 214.978 36.7266 2 250.454 88.3269
220 224.978 36.7266 2 252.023 250
221 234.978 36.7266 2 253.976 250
222 244.978 36.7266 2 256.306 250
223 254.978 36.7266 2 259 250
224 264.978 36.7266 2 262.049 88.6942
225 274.978 36.7266 2 265.439 88.799
226 284.978 36.7266 2 269.159 88.9127
227 294.978 36.7266 2 273.194 250
228 304.978 36.7266 2 277.531 250
229 314.978 36.7266 2 282.156 89.2992
230 324.978 36.7266 2 287.055 89.4408
231 334.978 36.7266 2 292.214 89.5876
232 344.978 36.7266 2 297.619 89.739
233 354.978 36.7266 2 303.259 89.8944
234 364.978 36.7266 2 309.119 90.053
235 374.978 36.7266 2 315.187 90.2145
236 384.978 36.7266 2 321.452 250
237 394.978 36.7266 2 327.902 250
238 404.978 36.7266 2 334.527 90.7109
239 414.978 36.7266 2 341.316 90.8789
240 424.978 36.7266 2 348.26 91.0476
241 434.978 36.7266 2 355.35 91.2167
242 444.978 36.7266 2 362.577 91.3858
243 454.978 36.7266 2 369.933 250
244 464.978 36.7266 2 377.411 250
245 474.978 36.7266 2 385.003 91.8913
246 484.978 36.7266 2 392.704 92.0585
247 84.9784 46.7266 2 256.659 88.5253
248 94.9784 46.7266 2 253.105 88.4122
249 104.978 46.7266 2 249.902 88.309
250 114.978 46.7266 2 247.061 88.2166
251 124.978 46.7266 2 244.597 88.1358
252 134.978 46.7266 2 242.521 88.0671
253 144.978 46.7266 2 240.842 88.0112
254 154.978 46.7266 2 239.569 250
255 164.978 46.7266 2 238.708 250
256 174.978 46.7266 2 238.265 250
257 184.978 46.7266 2 238.241 250
258 194.978 46.7266 2 238.636 250
259 204.978 46.7266 2 239.449 87.9646
260 214.978 46.7266 2 240.674 88.0056
261 224.978 46.7266 2 242.307 88.06
262 234.978 46.7266 2 244.338 88.1272
263 244.978 46.7266 2 246.758 88.2067
264 254.978 46.7266 2 249.556 88.2978
265 264.978 46.7266 2 252.718 88.3998
266 274.978 46.7266 2 256.232 88.5117
267 284.978 46.7266 2 260.084 88.633
268 294.978 46.7266 2 264.257 250
269 304.978 46.7266 2 268.739 250
270 314.978 46.7266 2 273.512 250
271 324.978 46.7266 2 278.563 250
272 334.978 46.7266 2 283.877 250
273 344.978 46.7266 2 289.438 250
274 354.978 46.7266 2 295.234 250
275 364.978 46.7266 2 301.25 89.8393
276 374.978 46.7266 2 307.473 90.0088
277 384.978 46.7266 2 313.892 250
278 394.978 46.7266 2 320.495 250
279 404.978 46.7266 2 327.269 90.5278
280 414.978 46.7266 2 334.206 90.7029
281 424.978 46.7266 2 341.295 90.8784
282 434.978 46.7266 2 348.526 91.054
283 444.978 46.7266 2 355.892 91.2295
284 454.978 46.7266 2 363.384 250
285 464.978 46.7266 2 370.993 250
286 474.978 46.7266 2 378.714 91.7524
287 484.978 46.7266 2 386.54 91.9249
288 84.9784 56.7266 2 247.53 88.2319
289 94.9784 56.7266 2 243.843 88.1109
290 104.978 56.7266 2 240.516 88.0003
291 114.978 56.7266 2 237.563 87.9011
292 124.978 56.7266 2 235 87.8141
293 134.978 56.7266 2 232.837 87.7402
294 144.978 56.7266 2 231.088 87.6799
295 154.978 56.7266 2 229.761 250
296 164.978 56.7266 2 228.864 250
297 174.978 56.7266 2 228.401 250
298 184.978 56.7266 2 228.376 250
299 194.978 56.7266 2 228.788 250
300 204.978 56.7266 2 229.636 87.6296
301 214.978 56.7266 2 230.914 87.6739
302 224.978 56.7266 2 232.615 87.7325
303 234.978 56.7266 2 234.73 87.8049
304 244.978 56.7266 2 237.248 87.8904
305 254.978 56.7266 2 240.156 87.9883
306 264.978 56.7266 2 243.441 88.0976
307 274.978 56.7266 2 247.087 88.2175
308 284.978 56.7266 2 251.079 88.347
309 294.978 56.7266 2 255.4 250
310 304.978 56.7266 2 260.034 250
311 314.978 56.7266 2 264.964 250
312 324.978 56.7266 2 270.175 250
313 334.978 56.7266 2 275.65 250
314 344.978 56.7266 2 281.374 250
315 354.978 56.7266 2 287.332 250
316 364.978 56.7266 2 293.51 89.6242
317 374.978 56.7266 2 299.895 89.802
318 384.978 56.7266 2 306.472 250
319 394.978 56.7266 2 313.231 250
320 404.978 56.7266 2 320.16 90.3448
321 414.978 56.7266 2 327.247 90.5272
322 424.978 56.7266 2 334.484 90.7098
323 434.978 56.7266 2 341.859 90.8922
324 444.978 56.7266 2 349.365 91.0742
325 454.978 56.7266 2 356.994 250
326 464.978 56.7266 2 364.737 250
327 474.978 56.7266 2 372.588 91.615
328 484.978 56.7266 2 380.539 91.7929
329 84.9784 66.7266 2 238.47 87.9317
330 94.9784 66.7266 2 234.641 87.8019
331 104.978 66.7266 2 231.181 87.6831
332 114.978 66.7266 2 228.108 87.5764
333 124.978 66.7266 2 225.437 87.4827
334 134.978 66.7266 2 223.182 87.4028
335 144.978 66.7266 2 221.357 87.3377
336 154.978 66.7266 2 219.971 87.288
337 164.978 66.7266 2 219.034 87.2543
338 174.978 66.7266 2 218.55 87.2368
339 184.978 66.7266 2 218.524 87.2359
340 194.978 66.7266 2 218.955 87.2514
341 204.978 66.7266 2 219.84 87.2833
342 214.978 66.7266 2 221.174 87.3312
343 224.978 66.7266 2 222.95 87.3946
344 234.978 66.7266 2 225.156 87.4727
345 244.978 66.7266 2 227.78 87.5649
346 254.978 66.7266 2 230.807 87.6702
347 264.978 66.7266 2 234.223 87.7876
348 274.978 66.7266 2 238.011 87.9162
349 284.978 66.7266 2 242.152 88.0548
350 294.978 66.7266 2 246.629 88.2025
351 304.978 66.7266 2 251.425 88.3582
352 314.978 66.7266 2 256.521 88.5209
353 324.978 66.7266 2 261.9 88.6896
354 334.978 66.7266 2 267.544 88.8635
355 344.978 66.7266 2 273.438 89.0417
356 354.978 66.7266 2 279.566 89.2234
357 364.978 66.7266 2 285.911 89.4079
358 374.978 66.7266 2 292.462 89.5946
359 384.978 66.7266 2 299.203 89.7829
360 394.978 66.7266 2 306.122 89.9723
361 404.978 66.7266 2 313.208 90.1622
362 414.978 66.7266 2 320.449 90.3523
363 424.978 66.7266 2 327.836 90.5422
364 434.978 66.7266 2 335.358 90.7316
365 444.978 66.7266 2 343.006 90.9203
366 454.978 66.7266 2 350.773 91.1079
367 464.978 66.7266 2 358.651 91.2943
368 474.978 66.7266 2 366.632 91.4793
369 484.978 66.7266 2 374.709 91.6628
370 84.9784 76.7266 2 229.488 87.6245
371 94.9784 76.7266 2 225.507 87.4851
372 104.978 76.7266 2 221.905 87.3573
373 114.978 76.7266 2 218.701 87.2423
374 124.978 76.7266 2 215.914 87.1411
375 134.978 76.7266 2 213.559 87.0547
376 144.978 76.7266 2 211.65 86.9842
377 154.978 76.7266 2 210.201 86.9303
378 164.978 76.7266 2 209.219 86.8937
379 174.978 76.7266 2 208.713 86.8748
380 184.978 76.7266 2 208.686 86.8737
381 194.978 76.7266 2 209.137 86.8906
382 204.978 76.7266 2 210.064 86.9252
383 214.978 76.7266 2 211.46 86.9772
384 224.978 76.7266 2 213.316 87.0458
385 234.978 76.7266 2 215.62 87.1303
386 244.978 76.7266 2 218.359 87.2299
387 254.978 76.7266 2 221.515 87.3434
388 264.978 76.7266 2 225.072 87.4698
389 274.978 76.7266 2 229.011 87.6079
390 284.978 76.7266 2 233.312 87.7564
391 294.978 76.7266 2 237.956 87.9144
392 304.978 76.7266 2 242.923 88.0804
393 314.978 76.7266 2 248.193 88.2536
394 324.978 76.7266 2 253.749 88.4327
395 334.978 76.7266 2 259.571 88.6169
396 344.978 76.7266 2 265.642 88.8052
397 354.978 76.7266 2 271.945 88.9969
398 364.978 76.7266 2 278.464 89.191
399 374.978 76.7266 2 285.186 89.387
400 384.978 76.7266 2 292.095 89.5843
401 394.978 76.7266 2 299.179 89.7822
402 404.978 76.7266 2 306.425 89.9805
403 414.978 76.7266 2 313.823 90.1785
404 424.978 76.7266 2 321.362 90.376
405 434.978 76.7266 2 329.032 90.5726
406 444.978 76.7266 2 336.824 90.7681
407 454.978 76.7266 2 344.73 90.9623
408 464.978 76.7266 2 352.742 91.1549
409 474.978 76.7266 2 360.854 91.3458
410 484.978 76.7266 2 369.059 91.5348
411 84.9784 86.7266 2 220.594 87.3104
412 94.9784 86.7266 2 216.45 87.1606
413 104.978 86.7266 2 212.694 250
414 114.978 86.7266 2 209.35 250
415 124.978 86.7266 2 206.436 250
416 134.978 86.7266 2 203.971 86.6955
417 144.978 86.7266 2 201.972 86.6189
418 154.978 86.7266 2 200.453 250
419 164.978 86.7266 2 199.424 250
420 174.978 86.7266 2 198.893 250
421 184.978 86.7266 2 198.864 86.4988
422 194.978 86.7266 2 199.337 86.5172
423 204.978 86.7266 2 200.309 86.5548
424 214.978 86.7266 2 201.773 86.6113
425 224.978 86.7266 2 203.717 250
426 234.978 86.7266 2 206.129 250
427 244.978 86.7266 2 208.992 250
428 254.978 86.7266 2 212.288 87.0078
429 264.978 86.7266 2 215.997 87.1441
430 274.978 86.7266 2 220.098 87.2926
431 284.978 86.7266 2 224.57 87.452
432 294.978 86.7266 2 229.391 87.6211
433 304.978 86.7266 2 234.539 87.7984
434 314.978 86.7266 2 239.994 87.9828
435 324.978 86.7266 2 245.735 88.1732
436 334.978 86.7266 2 251.742 88.3684
437 344.978 86.7266 2 257.997 88.5675
438 354.978 86.7266 2 264.482 88.7696
439 364.978 86.7266 2 271.182 88.9739
440 374.978 86.7266 2 278.079 89.1796
441 384.978 86.7266 2 285.16 250
442 394.978 86.7266 2 292.412 250
443 404.978 86.7266 2 299.822 250
444 414.978 86.7266 2 307.379 90.0062
445 424.978 86.7266 2 315.072 90.2115
446 434.978 86.7266 2 322.891 90.4155
447 444.978 86.7266 2 330.828 250
448 454.978 86.7266 2 338.874 250
449 464.978 86.7266 2 347.022 250
450 474.978 86.7266 2 355.264 91.2147
451 484.978 86.7266 2 363.595 91.4094
452 84.9784 96.7266 2 211.799 86.9897
453 94.9784 96.7266 2 207.479 86.8284
454 104.978 96.7266 2 203.558 86.6797
455 114.978 96.7266 2 200.061 86.5452
456 124.978 96.7266 2 197.01 86.4264
457 134.978 96.7266 2 194.426 86.3248
458 144.978 96.7266 2 192.327 86.2415
459 154.978 96.7266 2 190.731 250
460 164.978 96.7266 2 189.649 250
461 174.978 96.7266 2 189.091 250
462 184.978 96.7266 2 189.06 86.1105
463 194.978 96.7266 2 189.558 250
464 204.978 96.7266 2 190.58 250
465 214.978 96.7266 2 192.118 250
466 224.978 96.7266 2 194.159 250
467 234.978 96.7266 2 196.688 250
468 244.978 96.7266 2 199.686 250
469 254.978 96.7266 2 203.133 250
470 264.978 96.7266 2 207.006 250
471 274.978 96.7266 2 211.282 86.9706
472 284.978 96.7266 2 215.937 87.1419
473 294.978 96.7266 2 220.946 87.323
474 304.978 96.7266 2 226.286 87.5126
475 314.978 96.7266 2 231.935 87.7091
476 324.978 96.7266 2 237.871 87.9115
477 334.978 96.7266 2 244.072 88.1184
478 344.978 96.7266 2 250.518 88.329
479 354.978 96.7266 2 257.192 88.5421
480 364.978 96.7266 2 264.077 88.7571
481 374.978 96.7266 2 271.155 88.9731
482 384.978 96.7266 2 278.412 250
483 394.978 96.7266 2 285.835 250
484 404.978 96.7266 2 293.412 250
485 414.978 96.7266 2 301.129 89.836
486 424.978 96.7266 2 308.978 90.0493
487 434.978 96.7266 2 316.948 90.2609
488 444.978 96.7266 2 325.03 250
489 454.978 96.7266 2 333.216 250
490 464.978 96.7266 2 341.499 250
491 474.978 96.7266 2 349.871 91.0863
492 484.978 96.7266 2 358.327 91.2867
493 84.9784 106.727 2 203.116 86.6628
494 94.9784 106.727 2 198.606 86.4888
495 104.978 106.727 2 194.507 86.328
496 114.978 106.727 2 190.844 86.1822
497 124.978 106.727 2 187.643 86.0532
498 134.978 106.727 2 184.928 85.9425
499 144.978 106.727 2 182.721 85.8517
500 154.978 106.727 2 181.04 250
501 164.978 106.727 2 179.899 250
502 174.978 106.727 2 179.311 250
503 184.978 106.727 2 179.278 85.7085
504 194.978 106.727 2 179.803 250
505 204.978 106.727 2 180.88 250
506 214.978 106.727 2 182.5 250
507 224.978 106.727 2 184.647 250
508 234.978 106.727 2 187.305 250
509 244.978 106.727 2 190.451 250
510 254.978 106.727 2 194.062 250
511 264.978 106.727 2 198.113 250
512 274.978 106.727 2 202.576 86.6421
513 284.978 106.727 2 207.426 86.8264
514 294.978 106.727 2 212.636 87.0207
515 304.978 106.727 2 218.18 87.2234
516 314.978 106.727 2 224.034 87.4331
517 324.978 106.727 2 230.173 87.6482
518 334.978 106.727 2 236.576 87.8677
519 344.978 106.727 2 243.221 88.0903
520 354.978 106.727 2 250.09 88.3151
521 364.978 106.727 2 257.164 88.5412
522 374.978 106.727 2 264.428 88.7679
523 384.978 106.727 2 271.865 250
524 394.978 106.727 2 279.462 250
525 404.978 106.727 2 287.206 250
526 414.978 106.727 2 295.086 89.6684
527 424.978 106.727 2 303.091 89.8898
528 434.978 106.727 2 311.212 90.1091
529 444.978 106.727 2 319.439 250
530 454.978 106.727 2 327.765 250
531 464.978 106.727 2 336.182 250
532 474.978 106.727 2 344.684 90.9611
533 484.978 106.727 2 353.264 91.1673
534 84.9784 116.727 2 194.558 86.33
535 94.9784 116.727 2 189.846 86.1421
536 104.978 116.727 2 185.553 85.9681
537 114.978 116.727 2 181.71 250
538 124.978 116.727 2 178.345 250
539 134.978 116.727 2 175.486 250
540 144.978 116.727 2 173.158 250
541 154.978 116.727 2 171.384 250
542 164.978 116.727 2 170.179 250
543 174.978 116.727 2 169.556 250
544 184.978 116.727 2 169.522 85.2926
545 194.978 116.727 2 170.077 250
546 204.978 116.727 2 171.216 250
547 214.978 116.727 2 172.926 250
548 224.978 116.727 2 175.191 250
549 234.978 116.727 2 177.989 250
550 244.978 116.727 2 181.297 250
551 254.978 116.727 2 185.087 250
552 264.978 116.727 2 189.329 250
553 274.978 116.727 2 193.995 86.3077
554 284.978 116.727 2 199.054 86.5062
555 294.978 116.727 2 204.478 86.7148
556 304.978 116.727 2 210.237 86.9317
557 314.978 116.727 2 216.305 87.1553
558 324.978 116.727 2 222.658 250
559 334.978 116.727 2 229.271 250
560 344.978 116.727 2 236.122 250
561 354.978 116.727 2 243.191 250
562 364.978 116.727 2 250.461 250
563 374.978 116.727 2 257.913 250
564 384.978 116.727 2 265.532 250
565 394.978 116.727 2 273.306 250
566 404.978 116.727 2 281.219 250
567 414.978 116.727 2 289.263 250
568 424.978 116.727 2 297.425 89.7336
569 434.978 116.727 2 305.696 89.9607
570 444.978 116.727 2 314.067 250
571 454.978 116.727 2 322.532 250
572 464.978 116.727 2 331.082 250
573 474.978 116.727 2 339.711 90.8395
574 484.978 116.727 2 348.414 91.0513
575 84.9784 126.727 2 186.145 85.9922
576 94.9784 126.727 2 181.214 85.7892
577 104.978 126.727 2 176.711 85.6006
578 114.978 126.727 2 172.671 250
579 124.978 126.727 2 169.127 250
580 134.978 126.727 2 166.11 250
581 144.978 126.727 2 163.649 250
582 154.978 126.727 2 161.769 250
583 164.978 126.727 2 160.493 250
584 174.978 126.727 2 159.832 250
585 184.978 126.727 2 159.796 84.8628
586 194.978 126.727 2 160.385 84.8893
587 204.978 126.727 2 161.591 84.9433
588 214.978 126.727 2 163.402 85.0239
589 224.978 126.727 2 165.797 250
590 234.978 126.727 2 168.752 250
591 244.978 126.727 2 172.237 250
592 254.978 126.727 2 176.222 85.5798
593 264.978 126.727 2 180.673 85.7667
594 274.978 126.727 2 185.556 85.9682
595 284.978 126.727 2 190.839 86.182
596 294.978 126.727 2 196.489 86.406
597 304.978 126.727 2 202.476 86.6383
598 314.978 126.727 2 208.77 86.8769
599 324.978 126.727 2 215.345 250
600 334.978 126.727 2 222.176 250
601 344.978 126.727 2 229.239 250
602 354.978 126.727 2 236.514 250
603 364.978 126.727 2 243.983 250
604 374.978 126.727 2 251.627 250
605 384.978 126.727 2 259.431 250
606 394.978 126.727 2 267.382 250
607 404.978 126.727 2 275.466 250
608 414.978 126.727 2 283.672 250
609 424.978 126.727 2 291.99 89.5813
610 434.978 126.727 2 300.411 89.8163
611 444.978 126.727 2 308.926 250
612 454.978 126.727 2 317.528 250
613 464.978 126.727 2 326.209 250
614 474.978 126.727 2 334.964 90.7218
615 484.978 126.727 2 343.787 90.9393
616 84.9784 136.727 2 177.896 85.6505
617 94.9784 136.727 2 172.73 85.431
618 104.978 136.727 2 168 85.2263
619 114.978 136.727 2 163.745 85.0392
620 124.978 136.727 2 160.003 84.8721
621 134.978 136.727 2 156.81 250
622 144.978 136.727 2 154.201 250
623 154.978 136.727 2 152.205 250
624 164.978 136.727 2 150.847 250
625 174.978 136.727 2 150.144 250
626 184.978 136.727 2 150.106 84.4198
627 194.978 136.727 2 150.733 84.4489
628 204.978 136.727 2 152.016 84.5083
629 214.978 136.727 2 153.939 84.5968
630 224.978 136.727 2 156.479 250
631 234.978 136.727 2 159.607 250
632 244.978 136.727 2 163.287 250
633 254.978 136.727 2 167.485 85.2038
634 264.978 136.727 2 172.162 85.4066
635 274.978 136.727 2 177.28 85.6245
636 284.978 136.727 2 182.802 85.855
637 294.978 136.727 2 188.693 86.0957
638 304.978 136.727 2 194.92 86.3443
639 314.978 136.727 2 201.45 86.5988
640 324.978 136.727 2 208.256 250
641 334.978 136.727 2 215.312 250
642 344.978 136.727 2 222.593 250
643 354.978 136.727 2 230.078 250
644 364.978 136.727 2 237.749 250
645 374.978 136.727 2 245.587 250
646 384.978 136.727 2 253.577 250
647 394.978 136.727 2 261.706 250
648 404.978 136.727 2 269.96 250
649 414.978 136.727 2 278.329 250
650 424.978 136.727 2 286.802 89.4335
651 434.978 136.727 2 295.371 89.6764
652 444.978 136.727 2 304.027 250
653 454.978 136.727 2 312.763 250
654 464.978 136.727 2 321.573 250
655 474.978 136.727 2 330.451 90.6085
656 484.978 136.727 2 339.391 90.8316
657 84.9784 146.727 2 169.835 85.3062
658 94.9784 146.727 2 164.416 85.0688
659 104.978 146.727 2 159.44 84.8468
660 114.978 146.727 2 154.95 84.6431
661 124.978 146.727 2 150.99 84.4608
662 134.978 146.727 2 147.602 84.303
663 144.978 146.727 2 144.827 84.1724
664 154.978 146.727 2 142.7 84.0717
665 164.978 146.727 2 141.251 84.0026
666 174.978 146.727 2 140.5 83.9668
667 184.978 146.727 2 140.459 83.9648
668 194.978 146.727 2 141.129 83.9968
669 204.978 146.727 2 142.498 84.0621
670 214.978 146.727 2 144.549 84.1593
671 224.978 146.727 2 147.251 84.2865
672 234.978 146.727 2 150.57 84.4413
673 244.978 146.727 2 154.466 84.6209
674 254.978 146.727 2 158.897 84.8223
675 264.978 146.727 2 163.819 85.0424
676 274.978 146.727 2 169.19 85.2782
677 284.978 146.727 2 174.968 85.5266
678 294.978 146.727 2 181.114 85.7851
679 304.978 146.727 2 187.592 86.0511
680 314.978 146.727 2 194.368 86.3225
681 324.978 146.727 2 201.414 86.5975
682 334.978 146.727 2 208.701 86.8743
683 344.978 146.727 2 216.205 87.1517
684 354.978 146.727 2 223.904 87.4285
685 364.978 146.727 2 231.779 87.7037
686 374.978 146.727 2 239.812 87.9768
687 384.978 146.727 2 247.989 88.2469
688 394.978 146.727 2 256.295 88.5137
689 404.978 146.727 2 264.718 88.7768
690 414.978 146.727 2 273.247 89.036
691 424.978 146.727 2 281.873 89.2909
692 434.978 146.727 2 290.587 89.5416
693 444.978 146.727 2 299.382 89.7879
694 454.978 146.727 2 308.25 90.0297
695 464.978 146.727 2 317.185 90.2671
696 474.978 146.727 2 326.182 90.5
697 484.978 146.727 2 335.236 90.7286
698 84.9784 156.727 2 161.991 84.9611
699 94.9784 156.727 2 156.299 84.7047
700 104.978 156.727 2 151.056 84.4639
701 114.978 156.727 2 146.31 84.2423
702 124.978 156.727 2 142.109 84.0435
703 134.978 156.727 2 138.504 83.8711
704 144.978 156.727 2 135.543 83.7282
705 154.978 156.727 2 133.268 83.6177
706 164.978 156.727 2 131.715 83.542
707 174.978 156.727 2 130.91 83.5027
708 184.978 156.727 2 130.866 83.5005
709 194.978 156.727 2 131.584 83.5356
710 204.978 156.727 2 133.052 83.6072
711 214.978 156.727 2 135.245 83.7138
712 224.978 156.727 2 138.13 83.853
713 234.978 156.727 2 141.663 84.0223
714 244.978 156.727 2 145.797 84.2182
715 254.978 156.727 2 150.483 84.4373
716 264.978 156.727 2 155.672 84.6761
717 274.978 156.727 2 161.314 84.9309
718 284.978 156.727 2 167.364 85.1985
719 294.978 156.727 2 173.779 85.4759
720 304.978 156.727 2 180.52 85.7604
721 314.978 156.727 2 187.553 86.0495
722 324.978 156.727 2 194.845 86.3413
723 334.978 156.727 2 202.369 86.6342
724 344.978 156.727 2 210.099 86.9266
725 354.978 156.727 2 218.014 87.2174
726 364.978 156.727 2 226.094 87.5058
727 374.978 156.727 2 234.322 87.791
728 384.978 156.727 2 242.684 88.0725
729 394.978 156.727 2 251.165 88.3498
730 404.978 156.727 2 259.755 88.6227
731 414.978 156.727 2 268.442 88.8909
732 424.978 156.727 2 277.217 89.1542
733 434.978 156.727 2 286.073 89.4126
734 444.978 156.727 2 295.002 89.666
735 454.978 156.727 2 303.998 89.9145
736 464.978 156.727 2 313.055 90.1581
737 474.978 156.727 2 322.167 90.3968
738 484.978 156.727 2 331.331 90.6307
739 84.9784 166.727 2 154.396 84.6177
740 94.9784 166.727 2 148.413 84.3409
741 104.978 166.727 2 142.881 84.0803
742 114.978 166.727 2 137.853 83.8397
743 124.978 166.727 2 133.387 83.6235
744 134.978 166.727 2 129.539 83.4356
745 144.978 166.727 2 126.368 83.2798
746 154.978 166.727 2 123.925 83.1594
747 164.978 166.727 2 122.253 83.0768
748 174.978 166.727 2 121.385 83.0339
749 184.978 166.727 2 121.338 83.0316
750 194.978 166.727 2 122.112 83.0699
751 204.978 166.727 2 123.693 83.1479
752 214.978 166.727 2 126.049 83.2641
753 224.978 166.727 2 129.139 250
754 234.978 166.727 2 132.911 83.6003
755 244.978 166.727 2 137.309 250
756 254.978 166.727 2 142.275 250
757 264.978 166.727 2 147.752 250
758 274.978 166.727 2 153.685 84.5851
759 284.978 166.727 2 160.024 84.8731
760 294.978 166.727 2 166.722 250
761 304.978 166.727 2 173.737 250
762 314.978 166.727 2 181.034 250
763 324.978 166.727 2 188.578 250
764 334.978 166.727 2 196.342 250
765 344.978 166.727 2 204.3 250
766 354.978 166.727 2 212.431 87.0131
767 364.978 166.727 2 220.716 87.3148
768 374.978 166.727 2 229.138 250
769 384.978 166.727 2 237.682 87.9051
770 394.978 166.727 2 246.335 88.1929
771 404.978 166.727 2 255.087 88.4754
772 414.978 166.727 2 263.928 88.7525
773 424.978 166.727 2 272.849 89.024
774 434.978 166.727 2 281.842 89.29
775 444.978 166.727 2 290.901 250
776 454.978 166.727 2 300.02 250
777 464.978 166.727 2 309.193 250
778 474.978 166.727 2 318.416 90.2993
779 484.978 166.727 2 327.685 90.5384
780 84.9784 176.727 2 147.089 84.2789
781 94.9784 176.727 2 140.796 83.9809
782 104.978 176.727 2 134.952 83.6995
783 114.978 176.727 2 129.617 83.4394
784 124.978 176.727 2 124.856 83.2053
785 134.978 176.727 2 120.737 83.0019
786 144.978 176.727 2 117.328 82.8335
787 154.978 176.727 2 114.693 82.7035
788 164.978 176.727 2 112.885 82.6146
789 174.978 176.727 2 111.944 82.5685
790 184.978 176.727 2 111.892 82.566
791 194.978 176.727 2 112.731 82.6071
792 204.978 176.727 2 114.442 82.6911
793 214.978 176.727 2 116.984 82.8165
794 224.978 176.727 2 120.307 250
795 234.978 176.727 2 124.348 83.1802
796 244.978 176.727 2 129.038 250
797 254.978 176.727 2 134.31 250
798 264.978 176.727 2 140.099 250
799 274.978 176.727 2 146.343 84.2439
800 284.978 176.727 2 152.986 84.553
801 294.978 176.727 2 159.979 250
802 304.978 176.727 2 167.277 250
803 314.978 176.727 2 174.843 250
804 324.978 176.727 2 182.644 250
805 334.978 176.727 2 190.649 250
806 344.978 176.727 2 198.836 250
807 354.978 176.727 2 207.181 86.8172
808 364.978 176.727 2 215.668 87.1321
809 374.978 176.727 2 224.279 250
810 384.978 176.727 2 233.001 87.7458
811 394.978 176.727 2 241.822 88.0439
812 404.978 176.727 2 250.732 88.3359
813 414.978 176.727 2 259.721 88.6216
814 424.978 176.727 2 268.781 88.9012
815 434.978 176.727 2 277.906 89.1746
816 444.978 176.727 2 287.09 250
817 454.978 176.727 2 296.326 250
818 464.978 176.727 2 305.61 250
819 474.978 176.727 2 314.938 90.208
820 484.978 176.727 2 324.306 90.4519
821 84.9784 186.727 2 140.115 83.9483
822 94.9784 186.727 2 133.494 83.6287
823 104.978 186.727 2 127.315 83.3264
824 114.978 186.727 2 121.645 83.0468
825 124.978 186.727 2 116.559 82.7955
826 134.978 186.727 2 112.136 82.5779
827 144.978 186.727 2 108.457 82.3986
828 154.978 186.727 2 105.601 82.2612
829 164.978 186.727 2 103.634 82.1679
830 174.978 186.727 2 102.608 82.1197
831 184.978 186.727 2 102.552 82.1171
832 194.978 186.727 2 103.467 82.16
833 204.978 186.727 2 105.328 82.2482
834 214.978 186.727 2 108.085 82.3806
835 224.978 186.727 2 111.673 250
836 234.978 186.727 2 116.014 82.7686
837 244.978 186.727 2 121.028 250
838 254.978 186.727 2 126.634 250
839 264.978 186.727 2 132.758 250
840 274.978 186.727 2 139.331 83.9108
841 284.978 186.727 2 146.293 84.2416
842 294.978 186.727 2 153.591 84.5808
843 304.978 186.727 2 161.179 84.9249
844 314.978 186.727 2 169.018 85.2707
845 324.978 186.727 2 177.075 85.6159
846 334.978 186.727 2 185.322 250
847 344.978 186.727 2 193.733 250
848 354.978 186.727 2 202.29 250
849 364.978 186.727 2 210.973 250
850 374.978 186.727 2 219.768 250
851 384.978 186.727 2 228.663 87.5957
852 394.978 186.727 2 237.645 87.9039
853 404.978 186.727 2 246.705 88.205
854 414.978 186.727 2 255.836 88.4992
855 424.978 186.727 2 265.029 88.7864
856 434.978 186.727 2 274.279 89.0668
857 444.978 186.727 2 283.58 250
858 454.978 186.727 2 292.927 250
859 464.978 186.727 2 302.315 250
860 474.978 186.727 2 311.742 90.1232
861 484.978 186.727 2 321.203 90.3719
862 84.9784 196.727 2 133.526 83.6303
863 94.9784 196.727 2 126.561 83.2893
864 104.978 196.727 2 120.025 82.9667
865 114.978 196.727 2 113.994 82.6691
866 124.978 196.727 2 108.55 82.4031
867 134.978 196.727 2 103.786 82.1751
868 144.978 196.727 2 99.7998 81.9899
869 154.978 196.727 2 96.6876 81.8504
870 164.978 196.727 2 94.5356 81.7574
871 174.978 196.727 2 93.4101 81.7101
872 184.978 196.727 2 93.3485 81.7076
873 194.978 196.727 2 94.3526 81.7497
874 204.978 196.727 2 96.3893 81.8373
875 214.978 196.727 2 99.3951 81.9714
876 224.978 196.727 2 103.285 250
877 234.978 196.727 2 107.965 82.3748
878 244.978 196.727 2 113.335 82.6367
879 254.978 196.727 2 119.303 82.9311
880 264.978 196.727 2 125.785 83.2511
881 274.978 196.727 2 132.704 83.5903
882 284.978 196.727 2 139.996 83.9426
883 294.978 196.727 2 147.605 84.3031
884 304.978 196.727 2 155.485 84.6675
885 314.978 196.727 2 163.598 85.0326
886 324.978 196.727 2 171.909 85.3958
887 334.978 196.727 2 180.392 250
888 344.978 196.727 2 189.023 250
889 354.978 196.727 2 197.783 86.4567
890 364.978 196.727 2 206.656 86.7973
891 374.978 196.727 2 215.627 87.1306
892 384.978 196.727 2 224.686 87.4561
893 394.978 196.727 2 233.821 87.7739
894 404.978 196.727 2 243.024 88.0838
895 414.978 196.727 2 252.288 88.3859
896 424.978 196.727 2 261.606 250
897 434.978 196.727 2 270.972 250
898 444.978 196.727 2 280.383 250
899 454.978 196.727 2 289.833 250
900 464.978 196.727 2 299.318 250
901 474.978 196.727 2 308.836 90.0455
902 484.978 196.727 2 318.384 90.2985
903 84.9784 206.727 2 127.382 83.3297
904 94.9784 206.727 2 120.061 82.9685
905 104.978 206.727 2 113.151 82.6277
906 114.978 206.727 2 106.731 82.3154
907 124.978 206.727 2 100.896 250
908 134.978 206.727 2 95.7525 81.8096
909 144.978 206.727 2 91.4168 81.629
910 154.978 206.727 2 88.0086 81.4994
911 164.978 206.727 2 85.6387 81.4177
912 174.978 206.727 2 84.3947 81.3781
913 184.978 206.727 2 84.3265 81.376
914 194.978 206.727 2 85.4367 81.4111
915 204.978 206.727 2 87.6808 81.4876
916 214.978 206.727 2 90.9747 81.6115
917 224.978 206.727 2 95.2097 81.7862
918 234.978 206.727 2 100.266 82.0112
919 244.978 206.727 2 106.028 82.2816
920 254.978 206.727 2 112.385 82.5901
921 264.978 206.727 2 119.243 82.9281
922 274.978 206.727 2 126.52 83.2873
923 284.978 206.727 2 134.148 83.6605
924 294.978 206.727 2 142.071 84.0417
925 304.978 206.727 2 150.242 84.4261
926 314.978 206.727 2 158.623 84.81
927 324.978 206.727 2 167.182 85.1906
928 334.978 206.727 2 175.893 250
929 344.978 206.727 2 184.734 250
930 354.978 206.727 2 193.688 86.2956
931 364.978 206.727 2 202.74 86.6484
932 374.978 206.727 2 211.878 86.9927
933 384.978 206.727 2 221.09 87.3282
934 394.978 206.727 2 230.367 87.655
935 404.978 206.727 2 239.703 87.9731
936 414.978 206.727 2 249.09 88.2827
937 424.978 206.727 2 258.524 250
938 434.978 206.727 2 267.998 250
939 444.978 206.727 2 277.509 250
940 454.978 206.727 2 287.054 250
941 464.978 206.727 2 296.628 250
942 474.978 206.727 2 306.23 89.9752
943 484.978 206.727 2 315.857 90.2322
944 84.9784 216.727 2 121.75 83.052
945 94.9784 216.727 2 114.069 82.6728
946 104.978 216.727 2 106.771 82.3173
947 114.978 216.727 2 99.943 250
948 124.978 216.727 2 93.6861 250
949 134.978 216.727 2 88.1224 81.5035
950 144.978 216.727 2 83.3909 81.348
951 154.978 216.727 2 79.64 81.2529
952 164.978 216.727 2 77.0131 81.2062
953 174.978 216.727 2 75.6273 81.1896
954 184.978 216.727 2 75.5511 81.1888
955 194.978 216.727 2 76.7884 81.2031
956 204.978 216.727 2 79.2776 81.2454
957 214.978 216.727 2 82.9061 81.3341
958 224.978 216.727 2 87.5323 81.4823
959 234.978 216.727 2 93.0074 81.6934
960 244.978 216.727 2 99.1911 81.9622
961 254.978 216.727 2 105.959 82.2784
962 264.978 216.727 2 113.207 82.6304
963 274.978 216.727 2 120.848 83.0074
964 284.978 216.727 2 128.813 83.4
965 294.978 216.727 2 137.045 250
966 304.978 216.727 2 145.498 250
967 314.978 216.727 2 154.137 250
968 324.978 216.727 2 162.932 250
969 334.978 216.727 2 171.858 250
970 344.978 216.727 2 180.897 250
971 354.978 216.727 2 190.032 86.1496
972 364.978 216.727 2 199.25 86.5138
973 374.978 216.727 2 208.54 86.8683
974 384.978 216.727 2 217.894 87.213
975 394.978 216.727 2 227.302 87.5482
976 404.978 216.727 2 236.758 87.8739
977 414.978 216.727 2 246.258 88.1904
978 424.978 216.727 2 255.796 250
979 434.978 216.727 2 265.368 250
980 444.978 216.727 2 274.97 250
981 454.978 216.727 2 284.6 250
982 464.978 216.727 2 294.254 250
983 474.978 216.727 2 303.931 89.9127
984 484.978 216.727 2 313.628 90.1733
985 84.9784 226.727 2 116.705 82.8027
986 94.9784 226.727 2 108.668 82.4088
987 104.978 226.727 2 100.981 250
988 114.978 226.727 2 93.7316 250
989 124.978 226.727 2 87.0293 250
990 134.978 226.727 2 81.0098 81.2842
991 144.978 226.727 2 75.8358 81.1917
992 154.978 226.727 2 71.6906 81.1804
993 164.978 226.727 2 68.7607 81.2196
994 174.978 226.727 2 67.205 81.2608
995 184.978 226.727 2 67.1192 81.2635
996 194.978 226.727 2 68.5089 81.2252
997 204.978 226.727 2 71.2878 81.1831
998 214.978 226.727 2 75.3023 81.1866
999 224.978 226.727 2 80.3674 81.269
1000 234.978 226.727 2 86.2983 81.4396
1001 244.978 226.727 2 92.9295 81.6902
1002 254.978 226.727 2 100.122 82.0046
1003 264.978 226.727 2 107.763 82.3651
1004 274.978 226.727 2 115.764 82.7563
1005 284.978 226.727 2 124.056 83.1658
1006 294.978 226.727 2 132.583 250
1007 304.978 226.727 2 141.304 250
1008 314.978 226.727 2 150.184 250
1009 324.978 226.727 2 159.197 250
1010 334.978 226.727 2 168.322 250
1011 344.978 226.727 2 177.541 250
1012 354.978 226.727 2 186.84 86.0206
1013 364.978 226.727 2 196.208 86.395
1014 374.978 226.727 2 205.636 86.7588
1015 384.978 226.727 2 215.115 87.1119
1016 394.978 226.727 2 224.64 87.4545
1017 404.978 226.727 2 234.204 87.787
1018 414.978 226.727 2 243.803 88.1096
1019 424.978 226.727 2 253.434 250
1020 434.978 226.727 2 263.091 250
1021 444.978 226.727 2 272.774 250
1022 454.978 226.727 2 282.478 250
1023 464.978 226.727 2 292.203 250
1024 474.978 226.727 2 301.945 89.8584
1025 484.978 226.727 2 311.704 90.1222
1026 84.9784 236.727 2 112.326 82.5872
1027 94.9784 236.727 2 103.95 82.1828
1028 104.978 236.727 2 95.8861 81.8154
1029 114.978 236.727 2 88.2192 81.507
1030 124.978 236.727 2 81.0624 250
1031 134.978 236.727 2 74.5627 81.1812
1032 144.978 236.727 2 68.9063 81.2165
1033 154.978 236.727 2 64.3161 81.3842
1034 164.978 236.727 2 61.0332 81.6199
1035 174.978 236.727 2 59.275 81.8007
1036 184.978 236.727 2 59.1778 81.8121
1037 194.978 236.727 2 60.7494 81.6462
1038 204.978 236.727 2 63.8669 81.4098
1039 214.978 236.727 2 68.3188 81.2297
1040 224.978 236.727 2 73.8643 81.1779
1041 234.978 236.727 2 80.2772 81.2669
1042 244.978 236.727 2 87.3665 81.4765
1043 254.978 236.727 2 94.981 81.7764
1044 264.978 236.727 2 103.004 82.1383
1045 274.978 236.727 2 111.348 82.5393
1046 284.978 236.727 2 119.945 82.9628
1047 294.978 236.727 2 128.745 250
1048 304.978 236.727 2 137.709 250
1049 314.978 236.727 2 146.807 250
1050 324.978 236.727 2 156.015 250
1051 334.978 236.727 2 165.316 250
1052 344.978 236.727 2 174.693 250
1053 354.978 236.727 2 184.136 85.91
1054 364.978 236.727 2 193.635 86.2935
1055 374.978 236.727 2 203.183 86.6653
1056 384.978 236.727 2 212.771 87.0257
1057 394.978 236.727 2 222.396 87.3749
1058 404.978 236.727 2 232.053 87.7132
1059 414.978 236.727 2 241.738 250
1060 424.978 236.727 2 251.447 250
1061 434.978 236.727 2 261.178 250
1062 444.978 236.727 2 270.929 250
1063 454.978 236.727 2 280.697 250
1064 464.978 236.727 2 290.482 250
1065 474.978 236.727 2 300.28 89.8126
1066 484.978 236.727 2 310.091 90.0791
1067 84.9784 246.727 2 108.693 82.4101
1068 94.9784 246.727 2 100.013 81.9996
1069 104.978 246.727 2 91.6033 81.6364
1070 114.978 246.727 2 83.5443 81.3525
1071 124.978 246.727 2 75.9483 81.1929
1072 134.978 246.727 2 68.9682 81.2153
1073 144.978 246.727 2 62.81 81.4778
1074 154.978 246.727 2 57.7372 81.9984
1075 164.978 246.727 2 54.0561 82.6704
1076 174.978 246.727 2 52.0629 83.1947
1077 184.978 246.727 2 51.9522 83.2282
1078 194.978 246.727 2 53.7356 82.7457
1079 204.978 246.727 2 57.2363 82.072
1080 214.978 246.727 2 62.1649 81.5252
1081 224.978 246.727 2 68.2126 81.2323
1082 234.978 246.727 2 75.1095 81.185
1083 244.978 246.727 2 82.6434 81.3268
1084 254.978 246.727 2 90.6554 81.5989
1085 264.978 246.727 2 99.0297 81.9549
1086 274.978 246.727 2 107.682 82.3612
1087 284.978 246.727 2 116.55 82.795
1088 294.978 246.727 2 125.588 83.2414
1089 304.978 246.727 2 134.762 83.6903
1090 314.978 246.727 2 144.046 84.1355
1091 324.978 246.727 2 153.42 84.573
1092 334.978 246.727 2 162.869 85.0002
1093 344.978 246.727 2 172.38 85.416
1094 354.978 246.727 2 181.943 85.8195
1095 364.978 246.727 2 191.551 86.2105
1096 374.978 246.727 2 201.197 86.5891
1097 384.978 246.727 2 210.876 86.9555
1098 394.978 246.727 2 220.584 87.31
1099 404.978 246.727 2 230.316 87.6532
1100 414.978 246.727 2 240.071 87.9854
1101 424.978 246.727 2 249.845 88.3072
1102 434.978 246.727 2 259.636 88.619
1103 444.978 246.727 2 269.443 88.9213
1104 454.978 246.727 2 279.263 89.2145
1105 464.978 246.727 2 289.096 89.4992
1106 474.978 246.727 2 298.94 89.7756
1107 484.978 246.727 2 308.794 90.0443
1108 84.9784 256.727 2 105.883 82.2747
1109 94.9784 256.727 2 96.9521 81.862
1110 104.978 256.727 2 88.2507 81.5081
1111 114.978 256.727 2 79.8541 81.2575
1112 124.978 256.727 2 71.869 81.1794
1113 134.978 256.727 2 64.4487 81.377
1114 144.978 256.727 2 57.8111 81.988
1115 154.978 256.727 2 52.2552 83.1379
1116 164.978 256.727 2 48.1569 84.7531
1117 174.978 256.727 2 45.9082 86.1751
1118 184.978 256.727 2 45.7826 86.2718
1119 194.978 256.727 2 47.7968 84.9472
1120 204.978 256.727 2 51.7012 83.3058
1121 214.978 256.727 2 57.1095 82.0914
1122 224.978 256.727 2 63.6394 81.4235
1123 234.978 256.727 2 70.9821 81.1858
1124 244.978 256.727 2 78.911 81.2381
1125 254.978 256.727 2 87.2664 81.473
1126 264.978 256.727 2 95.937 81.8176
1127 274.978 256.727 2 104.845 82.2252
1128 284.978 256.727 2 113.934 82.6661
1129 294.978 256.727 2 123.164 83.1218
1130 304.978 256.727 2 132.506 83.5806
1131 314.978 256.727 2 141.938 84.0354
1132 324.978 256.727 2 151.442 84.4818
1133 334.978 256.727 2 161.007 84.9172
1134 344.978 256.727 2 170.622 85.3402
1135 354.978 256.727 2 180.278 85.7503
1136 364.978 256.727 2 189.97 86.1472
1137 374.978 256.727 2 199.693 86.531
1138 384.978 256.727 2 209.441 86.902
1139 394.978 256.727 2 219.213 87.2607
1140 404.978 256.727 2 229.004 87.6076
1141 414.978 256.727 2 238.812 87.9432
1142 424.978 256.727 2 248.636 88.268
1143 434.978 256.727 2 258.473 88.5825
1144 444.978 256.727 2 268.322 88.8872
1145 454.978 256.727 2 278.182 89.1827
1146 464.978 256.727 2 288.051 89.4693
1147 474.978 256.727 2 297.93 89.7476
1148 484.978 256.727 2 307.816 90.018
1149 84.9784 266.727 2 103.963 82.1834
1150 94.9784 266.727 2 94.8511 81.7708
1151 104.978 266.727 2 85.9372 81.4275
1152 114.978 266.727 2 77.2897 81.2102
1153 124.978 266.727 2 69.0085 81.2144
1154 134.978 266.727 2 61.2426 250
1155 144.978 266.727 2 54.2138 250
1156 154.978 266.727 2 48.2454 250
1157 164.978 266.727 2 43.7733 250
1158 174.978 266.727 2 41.2866 92.2208
1159 184.978 266.727 2 41.1469 92.5499
1160 194.978 266.727 2 43.3768 88.6649
1161 204.978 266.727 2 47.6448 85.0325
1162 214.978 266.727 2 53.4651 82.8117
1163 224.978 266.727 2 60.3904 81.681
1164 234.978 266.727 2 68.0843 81.2356
1165 244.978 266.727 2 76.3149 250
1166 254.978 266.727 2 84.9261 250
1167 264.978 266.727 2 93.8132 250
1168 274.978 266.727 2 102.905 82.1336
1169 284.978 266.727 2 112.151 82.5786
1170 294.978 266.727 2 121.517 250
1171 304.978 266.727 2 130.977 250
1172 314.978 266.727 2 140.511 250
1173 324.978 266.727 2 150.106 250
1174 334.978 266.727 2 159.751 250
1175 344.978 266.727 2 169.437 250
1176 354.978 266.727 2 179.157 250
1177 364.978 266.727 2 188.907 250
1178 374.978 266.727 2 198.681 250
1179 384.978 266.727 2 208.477 250
1180 394.978 266.727 2 218.292 250
1181 404.978 266.727 2 228.122 250
1182 414.978 266.727 2 237.967 250
1183 424.978 266.727 2 247.824 250
1184 434.978 266.727 2 257.692 250
1185 444.978 266.727 2 267.57 250
1186 454.978 266.727 2 277.456 250
1187 464.978 266.727 2 287.351 250
1188 474.978 266.727 2 297.253 89.7288
1189 484.978 266.727 2 307.16 90.0003
1190 84.9784 276.727 2 102.982 82.1372
1191 94.9784 276.727 2 93.775 81.7253
1192 104.978 276.727 2 84.748 81.3891
1193 114.978 276.727 2 75.9652 81.193
1194 124.978 276.727 2 67.5218 81.2511
1195 134.978 276.727 2 59.5624 250
1196 144.978 276.727 2 52.3083 250
1197 154.978 276.727 2 46.0938 250
1198 164.978 276.727 2 41.3899 250
1199 174.978 276.727 2 38.7505 104.173
1200 184.978 276.727 2 38.6016 106.042
1201 194.978 276.727 2 40.9703 92.9904
1202 204.978 276.727 2 45.4648 86.5265
1203 214.978 276.727 2 51.5319 83.3597
1204 224.978 276.727 2 58.6857 81.8717
1205 234.978 276.727 2 66.577 81.2821
1206 244.978 276.727 2 74.9732 250
1207 254.978 276.727 2 83.7225 250
1208 264.978 276.727 2 92.7251 250
1209 274.978 276.727 2 101.914 82.0873
1210 284.978 276.727 2 111.243 82.5342
1211 294.978 276.727 2 120.679 250
1212 304.978 276.727 2 130.199 250
1213 314.978 276.727 2 139.787 250
1214 324.978 276.727 2 149.428 250
1215 334.978 276.727 2 159.114 250
1216 344.978 276.727 2 168.837 250
1217 354.978 276.727 2 178.59 250
1218 364.978 276.727 2 188.369 250
1219 374.978 276.727 2 198.17 250
1220 384.978 276.727 2 207.99 250
1221 394.978 276.727 2 217.826 250
1222 404.978 276.727 2 227.677 250
1223 414.978 276.727 2 237.54 250
1224 424.978 276.727 2 247.414 250
1225 434.978 276.727 2 257.298 250
1226 444.978 276.727 2 267.19 250
1227 454.978 276.727 2 277.09 250
1228 464.978 276.727 2 286.998 250
1229 474.978 276.727 2 296.911 89.7193
1230 484.978 276.727 2 306.83 89.9914
1231 84.9784 286.727 2 102.967 82.1365
1232 94.9784 286.727 2 93.7591 81.7247
1233 104.978 286.727 2 84.7304 81.3885
1234 114.978 286.727 2 75.9456 81.1928
1235 124.978 286.727 2 67.4997 81.2518
1236 134.978 286.727 2 59.5373 250
1237 144.978 286.727 2 52.2798 250
1238 154.978 286.727 2 46.0615 250
1239 164.978 286.727 2 41.3538 250
1240 174.978 286.727 2 38.712 104.617
1241 184.978 286.727 2 38.563 106.606
1242 194.978 286.727 2 40.9339 93.085
1243 204.978 286.727 2 45.432 86.5537
1244 214.978 286.727 2 51.5029 83.3691
1245 224.978 286.727 2 58.6603 81.8749
1246 234.978 286.727 2 66.5546 81.2829
1247 244.978 286.727 2 74.9533 250
1248 254.978 286.727 2 83.7047 250
1249 264.978 286.727 2 92.709 250
1250 274.978 286.727 2 101.899 82.0866
1251 284.978 286.727 2 111.229 82.5335
1252 294.978 286.727 2 120.667 250
1253 304.978 286.727 2 130.188 250
1254 314.978 286.727 2 139.776 250
1255 324.978 286.727 2 149.418 250
1256 334.978 286.727 2 159.105 250
1257 344.978 286.727 2 168.828 250
1258 354.978 286.727 2 178.581 250
1259 364.978 286.727 2 188.361 250
1260 374.978 286.727 2 198.162 250
1261 384.978 286.727 2 207.983 250
1262 394.978 286.727 2 217.819 250
1263 404.978 286.727 2 227.67 250
1264 414.978 286.727 2 237.534 250
1265 424.978 286.727 2 247.408 250
1266 434.978 286.727 2 257.292 250
1267 444.978 286.727 2 267.185 250
1268 454.978 286.727 2 277.085 250
1269 464.978 286.727 2 286.992 250
1270 474.978 286.727 2 296.906 89.7192
1271 484.978 286.727 2 306.825 89.9913
1272 84.9784 296.727 2 103.92 82.1814
1273 94.9784 296.727 2 94.8039 81.7688
1274 104.978 296.727 2 85.8852 81.4258
1275 114.978 296.727 2 77.2318 81.2093
1276 124.978 296.727 2 68.9437 81.2158
1277 134.978 296.727 2 61.1695 250
1278 144.978 296.727 2 54.1313 250
1279 154.978 296.727 2 48.1526 250
1280 164.978 296.727 2 43.671 250
1281 174.978 296.727 2 41.1782 92.4748
1282 184.978 296.727 2 41.0381 92.818
1283 194.978 296.727 2 43.2736 88.7978
1284 204.978 296.727 2 47.5509 85.0863
1285 214.978 296.727 2 53.3814 82.8327
1286 224.978 296.727 2 60.3163 81.6884
1287 234.978 296.727 2 68.0186 81.2373
1288 244.978 296.727 2 76.2563 250
1289 254.978 296.727 2 84.8734 250
1290 264.978 296.727 2 93.7656 250
1291 274.978 296.727 2 102.861 82.1316
1292 284.978 296.727 2 112.111 82.5767
1293 294.978 296.727 2 121.48 250
1294 304.978 296.727 2 130.942 250
1295 314.978 296.727 2 140.479 250
1296 324.978 296.727 2 150.076 84.4184
1297 334.978 296.727 2 159.723 84.8595
1298 344.978 296.727 2 169.41 85.2877
1299 354.978 296.727 2 179.132 85.7024
1300 364.978 296.727 2 188.883 86.1033
1301 374.978 296.727 2 198.659 86.4908
1302 384.978 296.727 2 208.456 86.8651
1303 394.978 296.727 2 218.271 87.2267
1304 404.978 296.727 2 228.102 87.5762
1305 414.978 296.727 2 237.948 87.9141
1306 424.978 296.727 2 247.806 88.2409
1307 434.978 296.727 2 257.675 250
1308 444.978 296.727 2 267.553 250
1309 454.978 296.727 2 277.44 250
1310 464.978 296.727 2 287.335 250
1311 474.978 296.727 2 297.237 89.7284
1312 484.978 296.727 2 307.146 89.9999
1313 84.9784 306.727 2 105.813 82.2714
1314 94.9784 306.727 2 96.8752 81.8587
1315 104.978 306.727 2 88.1662 81.5051
1316 114.978 306.727 2 79.7607 81.2555
1317 124.978 306.727 2 71.7652 81.1799
1318 134.978 306.727 2 64.333 250
1319 144.978 306.727 2 57.682 250
1320 154.978 306.727 2 52.1123 250
1321 164.978 306.727 2 48.0018 84.8353
1322 174.978 306.727 2 45.7456 86.3008
1323 184.978 306.727 2 45.6195 86.4007
1324 194.978 306.727 2 47.6406 85.035
1325 204.978 306.727 2 51.5568 83.3517
1326 214.978 306.727 2 56.9788 82.1118
1327 224.978 306.727 2 63.5222 81.4308
1328 234.978 306.727 2 70.877 81.1868
1329 244.978 306.727 2 78.8165 250
1330 254.978 306.727 2 87.1809 250
1331 264.978 306.727 2 95.8593 250
1332 274.978 306.727 2 104.773 82.2218
1333 284.978 306.727 2 113.868 82.6629
1334 294.978 306.727 2 123.103 250
1335 304.978 306.727 2 132.45 250
1336 314.978 306.727 2 141.885 250
1337 324.978 306.727 2 151.393 84.4795
1338 334.978 306.727 2 160.961 250
1339 344.978 306.727 2 170.578 250
1340 354.978 306.727 2 180.237 250
1341 364.978 306.727 2 189.931 86.1456
1342 374.978 306.727 2 199.655 250
1343 384.978 306.727 2 209.406 250
1344 394.978 306.727 2 219.179 250
1345 404.978 306.727 2 228.971 250
1346 414.978 306.727 2 238.781 250
1347 424.978 306.727 2 248.606 250
1348 434.978 306.727 2 258.444 250
1349 444.978 306.727 2 268.294 250
1350 454.978 306.727 2 278.155 250
1351 464.978 306.727 2 288.025 250
1352 474.978 306.727 2 297.905 89.747
1353 484.978 306.727 2 307.792 90.0174
1354 84.9784 316.727 2 108.597 82.4054
1355 94.9784 316.727 2 99.9091 81.9948
1356 104.978 316.727 2 91.4894 81.6319
1357 114.978 316.727 2 83.4193 81.3488
1358 124.978 316.727 2 75.8107 81.1914
1359 134.978 316.727 2 68.8168 250
1360 144.978 316.727 2 62.6437 250
1361 154.978 316.727 2 57.5562 250
1362 164.978 316.727 2 53.8627 250
1363 174.978 316.727 2 51.8621 83.2557
1364 184.978 316.727 2 51.7509 83.2902
1365 194.978 316.727 2 53.541 82.793
1366 204.978 316.727 2 57.0537 82.1001
1367 214.978 316.727 2 61.9968 81.5383
1368 224.978 316.727 2 68.0595 81.2362
1369 234.978 316.727 2 74.9705 81.1839
1370 244.978 316.727 2 82.517 250
1371 254.978 316.727 2 90.5402 250
1372 264.978 316.727 2 98.9243 250
1373 274.978 316.727 2 107.585 82.3565
1374 284.978 316.727 2 116.46 82.7906
1375 294.978 316.727 2 125.505 250
1376 304.978 316.727 2 134.685 250
1377 314.978 316.727 2 143.974 250
1378 324.978 316.727 2 153.352 84.5698
1379 334.978 316.727 2 162.805 250
1380 344.978 316.727 2 172.319 250
1381 354.978 316.727 2 181.886 250
1382 364.978 316.727 2 191.496 86.2083
1383 374.978 316.727 2 201.145 250
1384 384.978 316.727 2 210.826 250
1385 394.978 316.727 2 220.536 250
1386 404.978 316.727 2 230.271 250
1387 414.978 316.727 2 240.028 250
1388 424.978 316.727 2 249.803 250
1389 434.978 316.727 2 259.596 250
1390 444.978 316.727 2 269.404 250
1391 454.978 316.727 2 279.226 250
1392 464.978 316.727 2 289.06 250
1393 474.978 316.727 2 298.905 89.7747
1394 484.978 316.727 2 308.76 90.0434
1395 84.9784 326.727 2 112.207 82.5814
1396 94.9784 326.727 2 103.821 82.1767
1397 104.978 326.727 2 95.7461 81.8093
1398 114.978 326.727 2 88.067 81.5015
1399 124.978 326.727 2 80.8968 81.2814
1400 134.978 326.727 2 74.3826 81.1801
1401 144.978 326.727 2 68.7114 81.2207
1402 154.978 326.727 2 64.1072 81.3959
1403 164.978 326.727 2 60.8129 81.6402
1404 174.978 326.727 2 59.0483 81.8274
1405 184.978 326.727 2 58.9506 81.8391
1406 194.978 326.727 2 60.5282 81.6674
1407 204.978 326.727 2 63.6564 81.4225
1408 214.978 326.727 2 68.1221 81.2346
1409 224.978 326.727 2 73.6825 81.1773
1410 234.978 326.727 2 80.1099 81.2631
1411 244.978 326.727 2 87.2128 81.4711
1412 254.978 326.727 2 94.8396 81.7704
1413 264.978 326.727 2 102.874 82.1321
1414 274.978 326.727 2 111.227 82.5334
1415 284.978 326.727 2 119.833 82.9572
1416 294.978 326.727 2 128.641 83.3915
1417 304.978 326.727 2 137.612 83.8281
1418 314.978 326.727 2 146.716 84.2614
1419 324.978 326.727 2 155.929 84.6878
1420 334.978 326.727 2 165.234 85.105
1421 344.978 326.727 2 174.616 85.5117
1422 354.978 326.727 2 184.064 85.907
1423 364.978 326.727 2 193.566 86.2907
1424 374.978 326.727 2 203.117 86.6628
1425 384.978 326.727 2 212.708 87.0234
1426 394.978 326.727 2 222.336 87.3727
1427 404.978 326.727 2 231.995 87.7112
1428 414.978 326.727 2 241.682 88.0392
1429 424.978 326.727 2 251.394 88.3572
1430 434.978 326.727 2 261.127 88.6656
1431 444.978 326.727 2 270.88 88.9648
1432 454.978 326.727 2 280.65 89.2552
1433 464.978 326.727 2 290.435 89.5373
1434 474.978 326.727 2 300.235 89.8114
1435 484.978 326.727 2 310.048 90.078
1436 84.9784 336.727 2 116.565 82.7958
1437 94.9784 336.727 2 108.517 82.4015
1438 104.978 336.727 2 100.818 82.0366
1439 114.978 336.727 2 93.5565 81.7162
1440 124.978 336.727 2 86.8407 81.4581
1441 134.978 336.727 2 80.8071 81.2793
1442 144.978 336.727 2 75.6192 81.1895
1443 154.978 336.727 2 71.4615 81.1818
1444 164.978 336.727 2 68.5218 81.2249
1445 174.978 336.727 2 66.9605 81.2687
1446 184.978 336.727 2 66.8745 81.2716
1447 194.978 336.727 2 68.2692 81.2309
1448 204.978 336.727 2 71.0575 81.1851
1449 214.978 336.727 2 75.0842 81.1848
1450 224.978 336.727 2 80.1631 81.2643
1451 234.978 336.727 2 86.1081 81.4332
1452 244.978 336.727 2 92.7528 81.683
1453 254.978 336.727 2 99.9579 81.9971
1454 264.978 336.727 2 107.611 82.3577
1455 274.978 336.727 2 115.622 82.7493
1456 284.978 336.727 2 123.923 83.1593
1457 294.978 336.727 2 132.459 83.5783
1458 304.978 336.727 2 141.188 83.9996
1459 314.978 336.727 2 150.075 84.4183
1460 324.978 336.727 2 159.094 84.8312
1461 334.978 336.727 2 168.224 85.2361
1462 344.978 336.727 2 177.448 85.6316
1463 354.978 336.727 2 186.752 86.017
1464 364.978 336.727 2 196.125 86.3917
1465 374.978 336.727 2 205.556 86.7557
1466 384.978 336.727 2 215.039 87.1091
1467 394.978 336.727 2 224.567 87.4519
1468 404.978 336.727 2 234.134 87.7846
1469 414.978 336.727 2 243.736 88.1074
1470 424.978 336.727 2 253.369 88.4206
1471 434.978 336.727 2 263.029 88.7247
1472 444.978 336.727 2 272.714 89.02
1473 454.978 336.727 2 282.42 89.3069
1474 464.978 336.727 2 292.147 89.5857
1475 474.978 336.727 2 301.891 89.8569
1476 484.978 336.727 2 311.652 90.1208
1477 84.9784 346.727 2 121.591 83.0441
1478 94.9784 346.727 2 113.899 82.6644
1479 104.978 346.727 2 106.59 82.3086
1480 114.978 346.727 2 99.7489 250
1481 124.978 346.727 2 93.479 250
1482 134.978 346.727 2 87.9022 250
1483 144.978 346.727 2 83.1582 250
1484 154.978 346.727 2 79.3963 250
1485 164.978 346.727 2 76.761 250
1486 174.978 346.727 2 75.3706 250
1487 184.978 346.727 2 75.2942 81.1865
1488 194.978 346.727 2 76.5356 81.1998
1489 204.978 346.727 2 79.0328 81.2405
1490 214.978 346.727 2 82.672 81.3276
1491 224.978 346.727 2 87.3106 81.4745
1492 234.978 346.727 2 92.7989 81.6849
1493 244.978 346.727 2 98.9955 250
1494 254.978 346.727 2 105.776 250
1495 264.978 346.727 2 113.036 250
1496 274.978 346.727 2 120.688 82.9995
1497 284.978 346.727 2 128.662 83.3926
1498 294.978 346.727 2 136.903 83.7939
1499 304.978 346.727 2 145.365 84.1978
1500 314.978 346.727 2 154.011 84.6001
1501 324.978 346.727 2 162.813 84.9977
1502 334.978 346.727 2 171.745 85.3887
1503 344.978 346.727 2 180.79 85.7716
1504 354.978 346.727 2 189.93 86.1455
1505 364.978 346.727 2 199.153 86.51
1506 374.978 346.727 2 208.448 86.8648
1507 384.978 346.727 2 217.805 250
1508 394.978 346.727 2 227.217 250
1509 404.978 346.727 2 236.677 250
1510 414.978 346.727 2 246.179 250
1511 424.978 346.727 2 255.72 250
1512 434.978 346.727 2 265.295 250
1513 444.978 346.727 2 274.9 89.0854
1514 454.978 346.727 2 284.532 250
1515 464.978 346.727 2 294.188 250
1516 474.978 346.727 2 303.867 89.911
1517 484.978 346.727 2 313.566 90.1717
1518 84.9784 356.727 2 127.206 83.3211
1519 94.9784 356.727 2 119.874 82.9593
1520 104.978 356.727 2 112.953 250
1521 114.978 356.727 2 106.522 250
1522 124.978 356.727 2 100.674 250
1523 134.978 356.727 2 95.5187 250
1524 144.978 356.727 2 91.1718 250
1525 154.978 356.727 2 87.7541 250
1526 164.978 356.727 2 85.3772 250
1527 174.978 356.727 2 84.1294 250
1528 184.978 356.727 2 84.0609 81.3679
1529 194.978 356.727 2 85.1746 81.4026
1530 204.978 356.727 2 87.4254 81.4786
1531 214.978 356.727 2 90.7286 81.6018
1532 224.978 356.727 2 94.9745 81.7761
1533 234.978 356.727 2 100.043 82.001
1534 244.978 356.727 2 105.816 250
1535 254.978 356.727 2 112.186 250
1536 264.978 356.727 2 119.055 250
1537 274.978 356.727 2 126.343 83.2786
1538 284.978 356.727 2 133.982 83.6524
1539 294.978 356.727 2 141.914 84.0342
1540 304.978 356.727 2 150.093 84.4192
1541 314.978 356.727 2 158.482 84.8036
1542 324.978 356.727 2 167.048 85.1847
1543 334.978 356.727 2 175.765 85.5605
1544 344.978 356.727 2 184.613 85.9296
1545 354.978 356.727 2 193.573 86.291
1546 364.978 356.727 2 202.63 86.6442
1547 374.978 356.727 2 211.772 86.9887
1548 384.978 356.727 2 220.988 87.3246
1549 394.978 356.727 2 230.27 250
1550 404.978 356.727 2 239.61 250
1551 414.978 356.727 2 249.001 250
1552 424.978 356.727 2 258.437 250
1553 434.978 356.727 2 267.915 250
1554 444.978 356.727 2 277.429 89.1604
1555 454.978 356.727 2 286.976 250
1556 464.978 356.727 2 296.553 250
1557 474.978 356.727 2 306.157 89.9732
1558 484.978 356.727 2 315.786 90.2303
1559 84.9784 366.727 2 133.336 83.621
1560 94.9784 366.727 2 126.36 83.2794
1561 104.978 366.727 2 119.814 250
1562 114.978 366.727 2 113.771 250
1563 124.978 366.727 2 108.316 250
1564 134.978 366.727 2 103.541 250
1565 144.978 366.727 2 99.5456 250
1566 154.978 366.727 2 96.4251 250
1567 164.978 366.727 2 94.2671 250
1568 174.978 366.727 2 93.1384 250
1569 184.978 366.727 2 93.0766 81.6963
1570 194.978 366.727 2 94.0837 250
1571 204.978 366.727 2 96.126 250
1572 214.978 366.727 2 99.1398 250
1573 224.978 366.727 2 103.04 250
1574 234.978 366.727 2 107.73 250
1575 244.978 366.727 2 113.111 250
1576 254.978 366.727 2 119.091 250
1577 264.978 366.727 2 125.583 250
1578 274.978 366.727 2 132.513 83.5809
1579 284.978 366.727 2 139.814 83.9339
1580 294.978 366.727 2 147.433 84.2951
1581 304.978 366.727 2 155.322 84.6601
1582 314.978 366.727 2 163.443 85.0257
1583 324.978 366.727 2 171.761 85.3894
1584 334.978 366.727 2 180.251 85.7492
1585 344.978 366.727 2 188.889 86.1036
1586 354.978 366.727 2 197.655 86.4517
1587 364.978 366.727 2 206.533 86.7927
1588 374.978 366.727 2 215.51 87.1263
1589 384.978 366.727 2 224.573 87.4521
1590 394.978 366.727 2 233.712 250
1591 404.978 366.727 2 242.919 250
1592 414.978 366.727 2 252.187 250
1593 424.978 366.727 2 261.509 250
1594 434.978 366.727 2 270.879 250
1595 444.978 366.727 2 280.292 89.2447
1596 454.978 366.727 2 289.745 250
1597 464.978 366.727 2 299.234 250
1598 474.978 366.727 2 308.754 90.0433
1599 484.978 366.727 2 318.304 90.2964
1600 84.9784 376.727 2 139.912 83.9386
1601 94.9784 376.727 2 133.281 83.6184
1602 104.978 376.727 2 127.092 250
1603 114.978 376.727 2 121.412 250
1604 124.978 376.727 2 116.316 250
1605 134.978 376.727 2 111.883 250
1606 144.978 376.727 2 108.196 250
1607 154.978 376.727 2 105.332 250
1608 164.978 376.727 2 103.36 250
1609 174.978 376.727 2 102.332 250
1610 184.978 376.727 2 102.275 82.1041
1611 194.978 376.727 2 103.193 250
1612 204.978 376.727 2 105.058 250
1613 214.978 376.727 2 107.823 250
1614 224.978 376.727 2 111.419 250
1615 234.978 376.727 2 115.77 250
1616 244.978 376.727 2 120.794 250
1617 254.978 376.727 2 126.411 250
1618 264.978 376.727 2 132.545 250
1619 274.978 376.727 2 139.128 83.901
1620 284.978 376.727 2 146.1 84.2324
1621 294.978 376.727 2 153.407 84.5723
1622 304.978 376.727 2 161.003 84.917
1623 314.978 376.727 2 168.851 85.2634
1624 324.978 376.727 2 176.915 85.6092
1625 334.978 376.727 2 185.169 85.9524
1626 344.978 376.727 2 193.587 86.2916
1627 354.978 376.727 2 202.15 86.6257
1628 364.978 376.727 2 210.839 86.9541
1629 374.978 376.727 2 219.639 87.2761
1630 384.978 376.727 2 228.539 250
1631 394.978 376.727 2 237.526 250
1632 404.978 376.727 2 246.591 250
1633 414.978 376.727 2 255.725 250
1634 424.978 376.727 2 264.922 250
1635 434.978 376.727 2 274.176 250
1636 444.978 376.727 2 283.48 250
1637 454.978 376.727 2 292.83 250
1638 464.978 376.727 2 302.221 250
1639 474.978 376.727 2 311.651 90.1208
1640 484.978 376.727 2 321.115 90.3696
1641 84.9784 386.727 2 146.876 84.2689
1642 94.9784 386.727 2 140.574 83.9703
1643 104.978 386.727 2 134.72 83.6883
1644 114.978 386.727 2 129.375 250
1645 124.978 386.727 2 124.605 250
1646 134.978 386.727 2 120.478 250
1647 144.978 386.727 2 117.061 250
1648 154.978 386.727 2 114.42 250
1649 164.978 386.727 2 112.607 250
1650 174.978 386.727 2 111.664 250
1651 184.978 386.727 2 111.612 82.5523
1652 194.978 386.727 2 112.453 250
1653 204.978 386.727 2 114.168 250
1654 214.978 386.727 2 116.716 250
1655 224.978 386.727 2 120.047 250
1656 234.978 386.727 2 124.096 250
1657 244.978 386.727 2 128.795 250
1658 254.978 386.727 2 134.077 250
1659 264.978 386.727 2 139.875 250
1660 274.978 386.727 2 146.129 84.2338
1661 284.978 386.727 2 152.781 84.5436
1662 294.978 386.727 2 159.783 84.8622
1663 304.978 386.727 2 167.09 85.1866
1664 314.978 386.727 2 174.664 85.5137
1665 324.978 386.727 2 182.472 85.8414
1666 334.978 386.727 2 190.485 86.1678
1667 344.978 386.727 2 198.678 86.4916
1668 354.978 386.727 2 207.03 86.8115
1669 364.978 386.727 2 215.523 87.1268
1670 374.978 386.727 2 224.139 87.4368
1671 384.978 386.727 2 232.867 250
1672 394.978 386.727 2 241.693 250
1673 404.978 386.727 2 250.607 250
1674 414.978 386.727 2 259.6 250
1675 424.978 386.727 2 268.665 250
1676 434.978 386.727 2 277.794 250
1677 444.978 386.727 2 286.981 250
1678 454.978 386.727 2 296.22 250
1679 464.978 386.727 2 305.507 250
1680 474.978 386.727 2 314.838 90.2053
1681 484.978 386.727 2 324.209 90.4495
1682 84.9784 396.727 2 154.174 84.6075
1683 94.9784 396.727 2 148.182 84.3301
1684 104.978 396.727 2 142.641 84.0688
1685 114.978 396.727 2 137.604 83.8277
1686 124.978 396.727 2 133.129 83.611
1687 134.978 396.727 2 129.275 83.4226
1688 144.978 396.727 2 126.097 83.2665
1689 154.978 396.727 2 123.648 83.1457
1690 164.978 396.727 2 121.973 83.063
1691 174.978 396.727 2 121.103 83.02
1692 184.978 396.727 2 121.055 83.0176
1693 194.978 396.727 2 121.831 83.056
1694 204.978 396.727 2 123.415 83.1342
1695 214.978 396.727 2 125.777 83.2507
1696 224.978 396.727 2 128.873 83.4029
1697 234.978 396.727 2 132.653 83.5878
1698 244.978 396.727 2 137.059 250
1699 254.978 396.727 2 142.034 250
1700 264.978 396.727 2 147.52 250
1701 274.978 396.727 2 153.462 84.5749
1702 284.978 396.727 2 159.81 84.8634
1703 294.978 396.727 2 166.516 85.1614
1704 304.978 396.727 2 173.54 85.4657
1705 314.978 396.727 2 180.844 85.7739
1706 324.978 396.727 2 188.396 86.0837
1707 334.978 396.727 2 196.167 86.3934
1708 344.978 396.727 2 204.132 86.7016
1709 354.978 396.727 2 212.27 87.0072
1710 364.978 396.727 2 220.561 87.3092
1711 374.978 396.727 2 228.988 87.6071
1712 384.978 396.727 2 237.537 250
1713 394.978 396.727 2 246.196 250
1714 404.978 396.727 2 254.953 250
1715 414.978 396.727 2 263.798 250
1716 424.978 396.727 2 272.723 250
1717 434.978 396.727 2 281.72 250
1718 444.978 396.727 2 290.783 250
1719 454.978 396.727 2 299.906 250
1720 464.978 396.727 2 309.082 250
1721 474.978 396.727 2 318.308 90.2965
1722 484.978 396.727 2 327.58 90.5357
1723 84.9784 406.727 2 161.761 84.9509
1724 94.9784 406.727 2 156.061 84.6938
1725 104.978 406.727 2 150.809 84.4524
1726 114.978 406.727 2 146.055 84.2303
1727 124.978 406.727 2 141.847 84.031
1728 134.978 406.727 2 138.235 83.8581
1729 144.978 406.727 2 135.268 83.7149
1730 154.978 406.727 2 132.988 83.6041
1731 164.978 406.727 2 131.432 83.5282
1732 174.978 406.727 2 130.625 83.4888
1733 184.978 406.727 2 130.581 83.4866
1734 194.978 406.727 2 131.3 83.5218
1735 204.978 406.727 2 132.772 83.5936
1736 214.978 406.727 2 134.97 83.7004
1737 224.978 406.727 2 137.86 83.84
1738 234.978 406.727 2 141.399 84.0097
1739 244.978 406.727 2 145.541 84.2061
1740 254.978 406.727 2 150.235 84.4258
1741 264.978 406.727 2 155.432 84.6651
1742 274.978 406.727 2 161.083 84.9206
1743 284.978 406.727 2 167.141 85.1888
1744 294.978 406.727 2 173.564 85.4668
1745 304.978 406.727 2 180.314 85.7518
1746 314.978 406.727 2 187.354 86.0415
1747 324.978 406.727 2 194.654 86.3338
1748 334.978 406.727 2 202.184 86.6271
1749 344.978 406.727 2 209.922 86.9199
1750 354.978 406.727 2 217.843 87.2112
1751 364.978 406.727 2 225.929 87.5
1752 374.978 406.727 2 234.163 87.7856
1753 384.978 406.727 2 242.53 88.0674
1754 394.978 406.727 2 251.017 88.345
1755 404.978 406.727 2 259.611 88.6182
1756 414.978 406.727 2 268.303 88.8866
1757 424.978 406.727 2 277.083 89.1502
1758 434.978 406.727 2 285.943 89.4088
1759 444.978 406.727 2 294.876 89.6625
1760 454.978 406.727 2 303.876 89.9112
1761 464.978 406.727 2 312.936 90.155
1762 474.978 406.727 2 322.052 90.3938
1763 484.978 406.727 2 331.219 90.6279
1764 84.9784 416.727 2 169.598 85.2959
1765 94.9784 416.727 2 164.171 85.058
1766 104.978 416.727 2 159.187 84.8354
1767 114.978 416.727 2 154.69 250
1768 124.978 416.727 2 150.723 250
1769 134.978 416.727 2 147.329 250
1770 144.978 416.727 2 144.549 250
1771 154.978 416.727 2 142.418 84.0582
1772 164.978 416.727 2 140.966 83.989
1773 174.978 416.727 2 140.214 83.9531
1774 184.978 416.727 2 140.173 83.9511
1775 194.978 416.727 2 140.843 83.9832
1776 204.978 416.727 2 142.216 84.0486
1777 214.978 416.727 2 144.27 84.1461
1778 224.978 416.727 2 146.977 84.2737
1779 234.978 416.727 2 150.302 84.4289
1780 244.978 416.727 2 154.205 84.609
1781 254.978 416.727 2 158.643 84.8109
1782 264.978 416.727 2 163.573 85.0315
1783 274.978 416.727 2 168.952 85.2678
1784 284.978 416.727 2 174.737 85.5168
1785 294.978 416.727 2 180.891 85.7758
1786 304.978 416.727 2 187.377 86.0424
1787 314.978 416.727 2 194.161 86.3143
1788 324.978 416.727 2 201.214 86.5897
1789 334.978 416.727 2 208.508 86.8671
1790 344.978 416.727 2 216.019 87.1449
1791 354.978 416.727 2 223.724 87.4221
1792 364.978 416.727 2 231.605 87.6978
1793 374.978 416.727 2 239.645 87.9711
1794 384.978 416.727 2 247.827 88.2416
1795 394.978 416.727 2 256.138 88.5087
1796 404.978 416.727 2 264.566 88.7721
1797 414.978 416.727 2 273.1 89.0315
1798 424.978 416.727 2 281.73 89.2868
1799 434.978 416.727 2 290.449 89.5377
1800 444.978 416.727 2 299.247 89.7841
1801 454.978 416.727 2 308.119 90.0262
1802 464.978 416.727 2 317.058 90.2638
1803 474.978 416.727 2 326.059 90.4969
1804 484.978 416.727 2 335.116 90.7256
1805 84.9784 426.727 2 177.653 85.6403
1806 94.9784 426.727 2 172.479 85.4203
1807 104.978 426.727 2 167.742 85.2151
1808 114.978 426.727 2 163.481 250
1809 124.978 426.727 2 159.732 250
1810 134.978 426.727 2 156.534 250
1811 144.978 426.727 2 153.92 250
1812 154.978 426.727 2 151.921 84.5039
1813 164.978 426.727 2 150.56 250
1814 174.978 426.727 2 149.856 250
1815 184.978 426.727 2 149.818 250
1816 194.978 426.727 2 150.445 250
1817 204.978 426.727 2 151.731 250
1818 214.978 426.727 2 153.658 250
1819 224.978 426.727 2 156.203 84.7002
1820 234.978 426.727 2 159.335 250
1821 244.978 426.727 2 163.022 250
1822 254.978 426.727 2 167.227 250
1823 264.978 426.727 2 171.911 250
1824 274.978 426.727 2 177.036 85.6143
1825 284.978 426.727 2 182.566 85.8453
1826 294.978 426.727 2 188.464 86.0864
1827 304.978 426.727 2 194.698 250
1828 314.978 426.727 2 201.235 250
1829 324.978 426.727 2 208.048 250
1830 334.978 426.727 2 215.111 250
1831 344.978 426.727 2 222.398 250
1832 354.978 426.727 2 229.89 250
1833 364.978 426.727 2 237.567 250
1834 374.978 426.727 2 245.411 250
1835 384.978 426.727 2 253.407 250
1836 394.978 426.727 2 261.541 250
1837 404.978 426.727 2 269.8 250
1838 414.978 426.727 2 278.173 250
1839 424.978 426.727 2 286.651 250
1840 434.978 426.727 2 295.224 250
1841 444.978 426.727 2 303.885 250
1842 454.978 426.727 2 312.625 250
1843 464.978 426.727 2 321.439 90.378
1844 474.978 426.727 2 330.32 90.6052
1845 484.978 426.727 2 339.264 250
1846 84.9784 436.727 2 185.897 85.9821
1847 94.9784 436.727 2 180.959 85.7786
1848 104.978 436.727 2 176.45 85.5895
1849 114.978 436.727 2 172.404 250
1850 124.978 436.727 2 168.853 250
1851 134.978 436.727 2 165.831 250
1852 144.978 436.727 2 163.366 250
1853 154.978 436.727 2 161.484 84.9385
1854 164.978 436.727 2 160.204 250
1855 174.978 436.727 2 159.543 250
1856 184.978 436.727 2 159.507 250
1857 194.978 436.727 2 160.096 250
1858 204.978 436.727 2 161.305 250
1859 214.978 436.727 2 163.119 250
1860 224.978 436.727 2 165.518 85.1175
1861 234.978 436.727 2 168.478 250
1862 244.978 436.727 2 171.969 250
1863 254.978 436.727 2 175.96 250
1864 264.978 436.727 2 180.417 250
1865 274.978 436.727 2 185.307 85.958
1866 284.978 436.727 2 190.597 86.1723
1867 294.978 436.727 2 196.254 86.3968
1868 304.978 436.727 2 202.248 250
1869 314.978 436.727 2 208.549 250
1870 324.978 436.727 2 215.131 250
1871 334.978 436.727 2 221.968 250
1872 344.978 436.727 2 229.037 250
1873 354.978 436.727 2 236.319 250
1874 364.978 436.727 2 243.793 250
1875 374.978 436.727 2 251.443 250
1876 384.978 436.727 2 259.253 250
1877 394.978 436.727 2 267.209 250
1878 404.978 436.727 2 275.298 250
1879 414.978 436.727 2 283.509 250
1880 424.978 436.727 2 291.832 250
1881 434.978 436.727 2 300.257 250
1882 444.978 436.727 2 308.776 250
1883 454.978 436.727 2 317.382 250
1884 464.978 436.727 2 326.067 90.4971
1885 474.978 436.727 2 334.826 90.7184
1886 484.978 436.727 2 343.652 250
1887 84.9784 446.727 2 194.305 86.32
1888 94.9784 446.727 2 189.587 86.1317
1889 104.978 446.727 2 185.288 85.9572
1890 114.978 446.727 2 181.439 250
1891 124.978 446.727 2 178.069 250
1892 134.978 446.727 2 175.206 250
1893 144.978 446.727 2 172.874 250
1894 154.978 446.727 2 171.096 85.3607
1895 164.978 446.727 2 169.889 250
1896 174.978 446.727 2 169.266 250
1897 184.978 446.727 2 169.232 250
1898 194.978 446.727 2 169.788 250
1899 204.978 446.727 2 170.928 250
1900 214.978 446.727 2 172.641 250
1901 224.978 446.727 2 174.909 85.5241
1902 234.978 446.727 2 177.713 250
1903 244.978 446.727 2 181.026 250
1904 254.978 446.727 2 184.821 250
1905 264.978 446.727 2 189.069 250
1906 274.978 446.727 2 193.741 86.2977
1907 284.978 446.727 2 198.807 86.4966
1908 294.978 446.727 2 204.237 86.7056
1909 304.978 446.727 2 210.003 250
1910 314.978 446.727 2 216.078 250
1911 324.978 446.727 2 222.437 250
1912 334.978 446.727 2 229.056 250
1913 344.978 446.727 2 235.913 250
1914 354.978 446.727 2 242.989 250
1915 364.978 446.727 2 250.264 250
1916 374.978 446.727 2 257.722 250
1917 384.978 446.727 2 265.347 250
1918 394.978 446.727 2 273.125 250
1919 404.978 446.727 2 281.044 250
1920 414.978 446.727 2 289.093 250
1921 424.978 446.727 2 297.259 250
1922 434.978 446.727 2 305.535 250
1923 444.978 446.727 2 313.911 250
1924 454.978 446.727 2 322.379 250
1925 464.978 446.727 2 330.933 90.6207
1926 474.978 446.727 2 339.566 90.8359
1927 484.978 446.727 2 348.273 250
1928 84.9784 456.727 2 202.859 86.6529
1929 94.9784 456.727 2 198.343 86.4785
1930 104.978 456.727 2 194.238 86.3174
1931 114.978 456.727 2 190.57 250
1932 124.978 456.727 2 187.365 250
1933 134.978 456.727 2 184.646 250
1934 144.978 456.727 2 182.435 250
1935 154.978 456.727 2 180.751 85.77
1936 164.978 456.727 2 179.609 250
1937 174.978 456.727 2 179.019 250
1938 184.978 456.727 2 178.987 250
1939 194.978 456.727 2 179.513 250
1940 204.978 456.727 2 180.592 250
1941 214.978 456.727 2 182.214 250
1942 224.978 456.727 2 184.365 85.9194
1943 234.978 456.727 2 187.026 250
1944 244.978 456.727 2 190.177 250
1945 254.978 456.727 2 193.793 250
1946 264.978 456.727 2 197.849 250
1947 274.978 456.727 2 202.318 86.6322
1948 284.978 456.727 2 207.174 86.8169
1949 294.978 456.727 2 212.39 87.0116
1950 304.978 456.727 2 217.941 250
1951 314.978 456.727 2 223.801 250
1952 324.978 456.727 2 229.946 250
1953 334.978 456.727 2 236.355 250
1954 344.978 456.727 2 243.006 250
1955 354.978 456.727 2 249.881 250
1956 364.978 456.727 2 256.961 250
1957 374.978 456.727 2 264.23 250
1958 384.978 456.727 2 271.673 250
1959 394.978 456.727 2 279.275 250
1960 404.978 456.727 2 287.024 250
1961 414.978 456.727 2 294.909 250
1962 424.978 456.727 2 302.919 250
1963 434.978 456.727 2 311.044 250
1964 444.978 456.727 2 319.276 250
1965 454.978 456.727 2 327.606 250
1966 464.978 456.727 2 336.027 90.7483
1967 474.978 456.727 2 344.532 90.9575
1968 484.978 456.727 2 353.116 250
1969 84.9784 466.727 2 211.539 86.9801
1970 94.9784 466.727 2 207.213 86.8184
1971 104.978 466.727 2 203.287 86.6693
1972 114.978 466.727 2 199.785 250
1973 124.978 466.727 2 196.73 250
1974 134.978 466.727 2 194.142 250
1975 144.978 466.727 2 192.04 250
1976 154.978 466.727 2 190.442 86.1661
1977 164.978 466.727 2 189.358 250
1978 174.978 466.727 2 188.799 250
1979 184.978 466.727 2 188.768 250
1980 194.978 466.727 2 189.267 250
1981 204.978 466.727 2 190.29 250
1982 214.978 466.727 2 191.83 250
1983 224.978 466.727 2 193.875 86.303
1984 234.978 466.727 2 196.407 250
1985 244.978 466.727 2 199.41 250
1986 254.978 466.727 2 202.862 250
1987 264.978 466.727 2 206.74 250
1988 274.978 466.727 2 211.021 86.9609
1989 284.978 466.727 2 215.681 87.1326
1990 294.978 466.727 2 220.696 87.3141
1991 304.978 466.727 2 226.043 250
1992 314.978 466.727 2 231.697 250
1993 324.978 466.727 2 237.639 250
1994 334.978 466.727 2 243.846 250
1995 344.978 466.727 2 250.298 250
1996 354.978 466.727 2 256.978 250
1997 364.978 466.727 2 263.868 250
1998 374.978 466.727 2 270.951 250
1999 384.978 466.727 2 278.214 250
2000 394.978 466.727 2 285.642 250
2001 404.978 466.727 2 293.224 250
2002 414.978 466.727 2 300.946 250
2003 424.978 466.727 2 308.799 250
2004 434.978 466.727 2 316.774 250
2005 444.978 466.727 2 324.86 250
2006 454.978 466.727 2 333.05 250
2007 464.978 466.727 2 341.337 90.8794
2008 474.978 466.727 2 349.713 91.0825
2009 484.978 466.727 2 358.173 250
2010 84.9784 476.727 2 220.331 87.301
2011 94.9784 476.727 2 216.181 87.1508
2012 104.978 476.727 2 212.421 87.0128
2013 114.978 476.727 2 209.072 86.8882
2014 124.978 476.727 2 206.154 86.7784
2015 134.978 476.727 2 203.686 86.6846
2016 144.978 476.727 2 201.684 86.6079
2017 154.978 476.727 2 200.162 86.5491
2018 164.978 476.727 2 199.132 86.5092
2019 174.978 476.727 2 198.6 86.4885
2020 184.978 476.727 2 198.571 86.4874
2021 194.978 476.727 2 199.045 86.5058
2022 204.978 476.727 2 200.019 86.5436
2023 214.978 476.727 2 201.484 86.6002
2024 224.978 476.727 2 203.432 86.6749
2025 234.978 476.727 2 205.847 86.7667
2026 244.978 476.727 2 208.714 86.8748
2027 254.978 476.727 2 212.014 86.9977
2028 264.978 476.727 2 215.727 87.1342
2029 274.978 476.727 2 219.834 87.2831
2030 284.978 476.727 2 224.311 87.4429
2031 294.978 476.727 2 229.137 87.6123
2032 304.978 476.727 2 234.291 250
2033 314.978 476.727 2 239.751 250
2034 324.978 476.727 2 245.498 250
2035 334.978 476.727 2 251.511 250
2036 344.978 476.727 2 257.772 250
2037 354.978 476.727 2 264.262 250
2038 364.978 476.727 2 270.967 250
2039 374.978 476.727 2 277.87 250
2040 384.978 476.727 2 284.956 250
2041 394.978 476.727 2 292.213 250
2042 404.978 476.727 2 299.628 250
2043 414.978 476.727 2 307.19 250
2044 424.978 476.727 2 314.887 250
2045 434.978 476.727 2 322.711 250
2046 444.978 476.727 2 330.652 250
2047 454.978 476.727 2 338.703 250
2048 464.978 476.727 2 346.854 91.0137
2049 474.978 476.727 2 355.101 91.2108
2050 484.978 476.727 2 363.435 250
2051 84.9784 486.727 2 229.222 87.6152
2052 94.9784 486.727 2 225.236 87.4756
2053 104.978 486.727 2 221.629 87.3475
2054 114.978 486.727 2 218.422 87.2322
2055 124.978 486.727 2 215.631 87.1307
2056 134.978 486.727 2 213.272 87.0442
2057 144.978 486.727 2 211.361 86.9735
2058 154.978 486.727 2 209.91 86.9195
2059 164.978 486.727 2 208.927 86.8828
2060 174.978 486.727 2 208.42 86.8638
2061 184.978 486.727 2 208.393 86.8627
2062 194.978 486.727 2 208.844 86.8797
2063 204.978 486.727 2 209.772 86.9144
2064 214.978 486.727 2 211.17 86.9664
2065 224.978 486.727 2 213.029 87.0352
2066 234.978 486.727 2 215.337 87.12
2067 244.978 486.727 2 218.079 87.2198
2068 254.978 486.727 2 221.239 87.3335
2069 264.978 486.727 2 224.801 87.4602
2070 274.978 486.727 2 228.744 87.5986
2071 284.978 486.727 2 233.05 87.7475
2072 294.978 486.727 2 237.699 87.9057
2073 304.978 486.727 2 242.671 88.0721
2074 314.978 486.727 2 247.947 88.2455
2075 324.978 486.727 2 253.508 88.425
2076 334.978 486.727 2 259.335 88.6095
2077 344.978 486.727 2 265.411 88.7982
2078 354.978 486.727 2 271.72 88.9901
2079 364.978 486.727 2 278.245 89.1845
2080 374.978 486.727 2 284.971 89.3808
2081 384.978 486.727 2 291.885 89.5784
2082 394.978 486.727 2 298.974 89.7766
2083 404.978 486.727 2 306.226 89.9751
2084 414.978 486.727 2 313.628 90.1733
2085 424.978 486.727 2 321.171 90.371
2086 434.978 486.727 2 328.846 90.5679
2087 444.978 486.727 2 336.642 90.7636
2088 454.978 486.727 2 344.553 90.958
2089 464.978 486.727 2 352.569 91.1508
2090 474.978 486.727 2 360.685 91.3418
2091 484.978 486.727 2 368.893 91.5311
2092 84.9784 496.727 2 238.201 87.9226
2093 94.9784 496.727 2 234.368 87.7926
2094 104.978 496.727 2 230.904 250
2095 114.978 496.727 2 227.827 250
2096 124.978 496.727 2 225.152 250
2097 134.978 496.727 2 222.895 250
2098 144.978 496.727 2 221.067 250
2099 154.978 496.727 2 219.679 250
2100 164.978 496.727 2 218.741 250
2101 174.978 496.727 2 218.257 250
2102 184.978 496.727 2 218.23 250
2103 194.978 496.727 2 218.662 250
2104 204.978 496.727 2 219.548 87.2728
2105 214.978 496.727 2 220.884 87.3208
2106 224.978 496.727 2 222.662 87.3843
2107 234.978 496.727 2 224.871 250
2108 244.978 496.727 2 227.498 250
2109 254.978 496.727 2 230.53 250
2110 264.978 496.727 2 233.949 250
2111 274.978 496.727 2 237.741 87.9071
2112 284.978 496.727 2 241.887 88.046
2113 294.978 496.727 2 246.369 88.194
2114 304.978 496.727 2 251.17 88.35
2115 314.978 496.727 2 256.271 88.513
2116 324.978 496.727 2 261.655 88.682
2117 334.978 496.727 2 267.305 88.8562
2118 344.978 496.727 2 273.204 89.0347
2119 354.978 496.727 2 279.336 89.2167
2120 364.978 496.727 2 285.687 89.4015
2121 374.978 496.727 2 292.242 89.5884
2122 384.978 496.727 2 298.989 89.777
2123 394.978 496.727 2 305.913 89.9666
2124 404.978 496.727 2 313.003 90.1568
2125 414.978 496.727 2 320.249 90.3471
2126 424.978 496.727 2 327.64 90.5372
2127 434.978 496.727 2 335.166 90.7269
2128 444.978 496.727 2 342.819 90.9157
2129 454.978 496.727 2 350.59 91.1035
2130 464.978 496.727 2 358.472 91.2901
2131 474.978 496.727 2 366.457 91.4753
2132 484.978 496.727 2 374.538 91.6589
2133 84.9784 506.727 2 247.258 88.2231
2134 94.9784 506.727 2 243.568 88.1018
2135 104.978 506.727 2 240.237 250
2136 114.978 506.727 2 237.281 250
2137 124.978 506.727 2 234.714 250
2138 134.978 506.727 2 232.549 87.7303
2139 144.978 506.727 2 230.798 250
2140 154.978 506.727 2 229.469 250
2141 164.978 506.727 2 228.571 250
2142 174.978 506.727 2 228.107 250
2143 184.978 506.727 2 228.082 250
2144 194.978 506.727 2 228.495 250
2145 204.978 506.727 2 229.344 87.6194
2146 214.978 506.727 2 230.623 87.6638
2147 224.978 506.727 2 232.326 87.7226
2148 234.978 506.727 2 234.444 250
2149 244.978 506.727 2 236.965 250
2150 254.978 506.727 2 239.877 250
2151 264.978 506.727 2 243.165 250
2152 274.978 506.727 2 246.815 88.2086
2153 284.978 506.727 2 250.811 88.3384
2154 294.978 506.727 2 255.137 250
2155 304.978 506.727 2 259.775 250
2156 314.978 506.727 2 264.711 250
2157 324.978 506.727 2 269.926 250
2158 334.978 506.727 2 275.407 250
2159 344.978 506.727 2 281.136 250
2160 354.978 506.727 2 287.099 250
2161 364.978 506.727 2 293.282 250
2162 374.978 506.727 2 299.671 250
2163 384.978 506.727 2 306.253 250
2164 394.978 506.727 2 313.017 250
2165 404.978 506.727 2 319.95 250
2166 414.978 506.727 2 327.042 250
2167 424.978 506.727 2 334.283 90.7048
2168 434.978 506.727 2 341.663 90.8874
2169 444.978 506.727 2 349.173 91.0696
2170 454.978 506.727 2 356.806 91.251
2171 464.978 506.727 2 364.553 91.4315
2172 474.978 506.727 2 372.408 91.6109
2173 484.978 506.727 2 380.363 250
2174 84.9784 516.727 2 256.386 88.5166
2175 94.9784 516.727 2 252.828 88.4033
2176 104.978 516.727 2 249.621 250
2177 114.978 516.727 2 246.778 250
2178 124.978 516.727 2 244.311 250
2179 134.978 516.727 2 242.232 250
2180 144.978 516.727 2 240.551 250
2181 154.978 516.727 2 239.276 250
2182 164.978 516.727 2 238.415 250
2183 174.978 516.727 2 237.971 250
2184 184.978 516.727 2 237.946 250
2185 194.978 516.727 2 238.342 250
2186 204.978 516.727 2 239.156 87.9547
2187 214.978 516.727 2 240.383 87.9959
2188 224.978 516.727 2 242.017 88.0504
2189 234.978 516.727 2 244.051 250
2190 244.978 516.727 2 246.474 250
2191 254.978 516.727 2 249.275 250
2192 264.978 516.727 2 252.441 250
2193 274.978 516.727 2 255.959 88.5031
2194 284.978 516.727 2 259.814 88.6245
2195 294.978 516.727 2 263.992 250
2196 304.978 516.727 2 268.478 250
2197 314.978 516.727 2 273.256 250
2198 324.978 516.727 2 278.311 250
2199 334.978 516.727 2 283.63 250
2200 344.978 516.727 2 289.196 250
2201 354.978 516.727 2 294.996 250
2202 364.978 516.727 2 301.017 250
2203 374.978 516.727 2 307.245 250
2204 384.978 516.727 2 313.669 250
2205 394.978 516.727 2 320.276 250
2206 404.978 516.727 2 327.055 250
2207 414.978 516.727 2 333.996 250
2208 424.978 516.727 2 341.09 90.8734
2209 434.978 516.727 2 348.325 91.0492
2210 444.978 516.727 2 355.695 91.2248
2211 454.978 516.727 2 363.191 91.4
2212 464.978 516.727 2 370.805 91.5746
2213 474.978 516.727 2 378.529 91.7483
2214 484.978 516.727 2 386.359 250
2215 84.9784 526.727 2 265.576 88.8032
2216 94.9784 526.727 2 262.143 88.6972
2217 104.978 526.727 2 259.052 250
2218 114.978 526.727 2 256.313 250
2219 124.978 526.727 2 253.938 250
2220 134.978 526.727 2 251.939 250
2221 144.978 526.727 2 250.323 250
2222 154.978 526.727 2 249.099 250
2223 164.978 526.727 2 248.271 250
2224 174.978 526.727 2 247.845 250
2225 184.978 526.727 2 247.822 250
2226 194.978 526.727 2 248.202 250
2227 204.978 526.727 2 248.983 88.2792
2228 214.978 526.727 2 250.162 88.3174
2229 224.978 526.727 2 251.733 88.3681
2230 234.978 526.727 2 253.689 250
2231 244.978 526.727 2 256.02 250
2232 254.978 526.727 2 258.718 250
2233 264.978 526.727 2 261.77 250
2234 274.978 526.727 2 265.164 88.7906
2235 284.978 526.727 2 268.887 88.9044
2236 294.978 526.727 2 272.926 250
2237 304.978 526.727 2 277.268 250
2238 314.978 526.727 2 281.897 250
2239 324.978 526.727 2 286.8 250
2240 334.978 526.727 2 291.964 250
2241 344.978 526.727 2 297.374 250
2242 354.978 526.727 2 303.018 250
2243 364.978 526.727 2 308.882 250
2244 374.978 526.727 2 314.955 250
2245 384.978 526.727 2 321.225 250
2246 394.978 526.727 2 327.679 250
2247 404.978 526.727 2 334.308 250
2248 414.978 526.727 2 341.102 250
2249 424.978 526.727 2 348.05 91.0426
2250 434.978 526.727 2 355.144 91.2118
2251 444.978 526.727 2 362.376 91.3811
2252 454.978 526.727 2 369.736 91.5503
2253 464.978 526.727 2 377.218 91.719
2254 474.978 526.727 2 384.814 91.8871
2255 484.978 526.727 2 392.518 250
2256 84.9784 536.727 2 274.823 89.0831
2257 94.9784 536.727 2 271.507 88.9837
2258 104.978 536.727 2 268.523 250
2259 114.978 536.727 2 265.882 250
2260 124.978 536.727 2 263.594 250
2261 134.978 536.727 2 261.668 250
2262 144.978 536.727 2 260.113 250
2263 154.978 536.727 2 258.935 250
2264 164.978 536.727 2 258.139 250
2265 174.978 536.727 2 257.729 250
2266 184.978 536.727 2 257.706 250
2267 194.978 536.727 2 258.072 250
2268 204.978 536.727 2 258.823 88.5935
2269 214.978 536.727 2 259.958 88.629
2270 224.978 536.727 2 261.47 88.6762
2271 234.978 536.727 2 263.353 250
2272 244.978 536.727 2 265.6 250
2273 254.978 536.727 2 268.201 250
2274 264.978 536.727 2 271.147 250
2275 274.978 536.727 2 274.425 89.0712
2276 284.978 536.727 2 278.024 89.178
2277 294.978 536.727 2 281.932 250
2278 304.978 536.727 2 286.137 250
2279 314.978 536.727 2 290.625 250
2280 324.978 536.727 2 295.383 250
2281 334.978 536.727 2 300.399 250
2282 344.978 536.727 2 305.66 250
2283 354.978 536.727 2 311.154 250
2284 364.978 536.727 2 316.868 250
2285 374.978 536.727 2 322.791 250
2286 384.978 536.727 2 328.911 250
2287 394.978 536.727 2 335.217 250
2288 404.978 536.727 2 341.7 250
2289 414.978 536.727 2 348.35 250
2290 424.978 536.727 2 355.157 91.2121
2291 434.978 536.727 2 362.111 91.375
2292 444.978 536.727 2 369.206 91.5382
2293 454.978 536.727 2 376.433 91.7015
2294 464.978 536.727 2 383.784 91.8645
2295 474.978 536.727 2 391.253 92.0272
2296 484.978 536.727 2 398.832 250
2297 84.9784 546.727 2 284.121 89.3562
2298 94.9784 546.727 2 280.915 89.263
2299 104.978 546.727 2 278.032 250
2300 114.978 546.727 2 275.482 250
2301 124.978 546.727 2 273.274 250
2302 134.978 546.727 2 271.417 250
2303 144.978 546.727 2 269.918 250
2304 154.978 546.727 2 268.783 250
2305 164.978 546.727 2 268.016 250
2306 174.978 546.727 2 267.621 250
2307 184.978 546.727 2 267.6 250
2308 194.978 546.727 2 267.952 250
2309 204.978 546.727 2 268.676 88.898
2310 214.978 546.727 2 269.768 88.9311
2311 224.978 546.727 2 271.226 88.9752
2312 234.978 546.727 2 273.042 250
2313 244.978 546.727 2 275.21 250
2314 254.978 546.727 2 277.721 250
2315 264.978 546.727 2 280.566 250
2316 274.978 546.727 2 283.736 89.3451
2317 284.978 546.727 2 287.218 89.4455
2318 294.978 546.727 2 291.003 250
2319 304.978 546.727 2 295.079 250
2320 314.978 546.727 2 299.433 250
2321 324.978 546.727 2 304.053 250
2322 334.978 546.727 2 308.929 250
2323 344.978 546.727 2 314.047 250
2324 354.978 546.727 2 319.396 250
2325 364.978 546.727 2 324.965 250
2326 374.978 546.727 2 330.743 250
2327 384.978 546.727 2 336.718 250
2328 394.978 546.727 2 342.881 250
2329 404.978 546.727 2 349.222 250
2330 414.978 546.727 2 355.731 250
2331 424.978 546.727 2 362.399 91.3817
2332 434.978 546.727 2 369.218 91.5385
2333 444.978 546.727 2 376.178 91.6958
2334 454.978 546.727 2 383.274 91.8533
2335 464.978 546.727 2 390.496 92.0109
2336 474.978 546.727 2 397.839 92.1683
2337 484.978 546.727 2 405.295 250
2338 84.9784 556.727 2 293.465 89.6229
2339 94.9784 556.727 2 290.362 89.5352
2340 104.978 556.727 2 287.574 89.4557
2341 114.978 556.727 2 285.109 89.3848
2342 124.978 556.727 2 282.977 89.323
2343 134.978 556.727 2 281.184 89.2708
2344 144.978 556.727 2 279.737 250
2345 154.978 556.727 2 278.642 250
2346 164.978 556.727 2 277.902 250
2347 174.978 556.727 2 277.521 250
2348 184.978 556.727 2 277.501 250
2349 194.978 556.727 2 277.84 89.1726
2350 204.978 556.727 2 278.538 89.1932
2351 214.978 556.727 2 279.593 89.2242
2352 224.978 556.727 2 280.999 89.2654
2353 234.978 556.727 2 282.753 89.3165
2354 244.978 556.727 2 284.846 250
2355 254.978 556.727 2 287.273 250
2356 264.978 556.727 2 290.025 89.5256
2357 274.978 556.727 2 293.092 89.6124
2358 284.978 556.727 2 296.465 89.7069
2359 294.978 556.727 2 300.133 89.8086
2360 304.978 556.727 2 304.086 250
2361 314.978 556.727 2 308.313 250
2362 324.978 556.727 2 312.802 250
2363 334.978 556.727 2 317.543 250
2364 344.978 556.727 2 322.525 250
2365 354.978 556.727 2 327.736 250
2366 364.978 556.727 2 333.166 250
2367 374.978 556.727 2 338.803 250
2368 384.978 556.727 2 344.639 250
2369 394.978 556.727 2 350.663 250
2370 404.978 556.727 2 356.866 250
2371 414.978 556.727 2 363.238 250
2372 424.978 556.727 2 369.77 91.5511
2373 434.978 556.727 2 376.455 91.702
2374 444.978 556.727 2 383.285 91.8536
2375 454.978 556.727 2 390.251 92.0056
2376 464.978 556.727 2 397.346 92.1578
2377 474.978 556.727 2 404.565 92.3101
2378 484.978 556.727 2 411.899 92.4622
2379 84.9784 566.727 2 302.851 89.8832
2380 94.9784 566.727 2 299.845 89.8007
2381 104.978 566.727 2 297.146 89.7259
2382 114.978 566.727 2 294.761 89.6593
2383 124.978 566.727 2 292.699 89.6013
2384 134.978 566.727 2 290.966 89.5523
2385 144.978 566.727 2 289.568 250
2386 154.978 566.727 2 288.51 250
2387 164.978 566.727 2 287.796 250
2388 174.978 566.727 2 287.428 250
2389 184.978 566.727 2 287.408 89.4509
2390 194.978 566.727 2 287.736 89.4603
2391 204.978 566.727 2 288.41 89.4796
2392 214.978 566.727 2 289.429 89.5087
2393 224.978 566.727 2 290.788 89.5473
2394 234.978 566.727 2 292.483 89.5952
2395 244.978 566.727 2 294.507 89.6522
2396 254.978 566.727 2 296.855 89.7178
2397 264.978 566.727 2 299.519 89.7916
2398 274.978 566.727 2 302.49 89.8733
2399 284.978 566.727 2 305.759 89.9624
2400 294.978 566.727 2 309.317 90.0584
2401 304.978 566.727 2 313.154 250
2402 314.978 566.727 2 317.26 250
2403 324.978 566.727 2 321.625 250
2404 334.978 566.727 2 326.237 250
2405 344.978 566.727 2 331.088 250
2406 354.978 566.727 2 336.166 250
2407 364.978 566.727 2 341.462 250
2408 374.978 566.727 2 346.965 250
2409 384.978 566.727 2 352.666 91.1531
2410 394.978 566.727 2 358.555 250
2411 404.978 566.727 2 364.623 91.4331
2412 414.978 566.727 2 370.862 91.5759
2413 424.978 566.727 2 377.263 91.72
2414 434.978 566.727 2 383.817 91.8653
2415 444.978 566.727 2 390.518 92.0114
2416 454.978 566.727 2 397.357 92.1581
2417 464.978 566.727 2 404.328 92.3052
2418 474.978 566.727 2 411.424 92.4524
2419 484.978 566.727 2 418.638 92.5997
2420 84.9784 576.727 2 312.275 90.1374
2421 94.9784 576.727 2 309.361 90.0596
2422 104.978 576.727 2 306.745 89.9891
2423 114.978 576.727 2 304.436 89.9265
2424 124.978 576.727 2 302.44 89.872
2425 134.978 576.727 2 300.763 89.8259
2426 144.978 576.727 2 299.411 250
2427 154.978 576.727 2 298.388 250
2428 164.978 576.727 2 297.697 89.7412
2429 174.978 576.727 2 297.342 89.7313
2430 184.978 576.727 2 297.322 89.7308
2431 194.978 576.727 2 297.639 89.7396
2432 204.978 576.727 2 298.291 89.7577
2433 214.978 576.727 2 299.276 89.7849
2434 224.978 576.727 2 300.59 89.8212
2435 234.978 576.727 2 302.23 89.8662
2436 244.978 576.727 2 304.19 89.9198
2437 254.978 576.727 2 306.464 89.9815
2438 264.978 576.727 2 309.044 90.0511
2439 274.978 576.727 2 311.925 90.1281
2440 284.978 576.727 2 315.096 90.2121
2441 294.978 576.727 2 318.55 90.3028
2442 304.978 576.727 2 322.277 90.3997
2443 314.978 576.727 2 326.268 250
2444 324.978 576.727 2 330.514 250
2445 334.978 576.727 2 335.004 250
2446 344.978 576.727 2 339.73 250
2447 354.978 576.727 2 344.681 250
2448 364.978 576.727 2 349.848 91.0858
2449 374.978 576.727 2 355.221 250
2450 384.978 576.727 2 360.791 250
2451 394.978 576.727 2 366.55 250
2452 404.978 576.727 2 372.488 91.6127
2453 414.978 576.727 2 378.597 91.7498
2454 424.978 576.727 2 384.869 91.8884
2455 434.978 576.727 2 391.296 92.0282
2456 444.978 576.727 2 397.871 92.169
2457 454.978 576.727 2 404.586 92.3105
2458 464.978 576.727 2 411.434 92.4527
2459 474.978 576.727 2 418.41 92.5951
2460 484.978 576.727 2 425.506 92.7377
2461 84.9784 586.727 2 321.734 90.3856
2462 94.9784 586.727 2 318.906 90.3121
2463 104.978 586.727 2 316.37 90.2457
2464 114.978 586.727 2 314.131 90.1866
2465 124.978 586.727 2 312.197 90.1353
2466 134.978 586.727 2 310.572 90.092
2467 144.978 586.727 2 309.263 250
2468 154.978 586.727 2 308.273 90.0303
2469 164.978 586.727 2 307.605 250
2470 174.978 586.727 2 307.261 90.003
2471 184.978 586.727 2 307.242 90.0025
2472 194.978 586.727 2 307.549 90.0108
2473 204.978 586.727 2 308.18 90.0278
2474 214.978 586.727 2 309.133 90.0534
2475 224.978 586.727 2 310.406 90.0875
2476 234.978 586.727 2 311.994 90.1299
2477 244.978 586.727 2 313.893 90.1803
2478 254.978 586.727 2 316.097 90.2385
2479 264.978 586.727 2 318.599 90.3041
2480 274.978 586.727 2 321.394 90.3768
2481 284.978 586.727 2 324.473 90.4562
2482 294.978 586.727 2 327.828 90.542
2483 304.978 586.727 2 331.451 90.6337
2484 314.978 586.727 2 335.333 90.731
2485 324.978 586.727 2 339.465 250
2486 334.978 586.727 2 343.838 90.9406
2487 344.978 586.727 2 348.444 91.0521
2488 354.978 586.727 2 353.273 250
2489 364.978 586.727 2 358.316 250
2490 374.978 586.727 2 363.564 250
2491 384.978 586.727 2 369.009 250
2492 394.978 586.727 2 374.641 91.6613
2493 404.978 586.727 2 380.453 91.791
2494 414.978 586.727 2 386.436 91.9226
2495 424.978 586.727 2 392.583 92.0559
2496 434.978 586.727 2 398.886 92.1905
2497 444.978 586.727 2 405.337 92.3263
2498 454.978 586.727 2 411.93 92.4629
2499 464.978 586.727 2 418.659 92.6002
2500 474.978 586.727 2 425.516 92.7379
2501 484.978 586.727 2 432.495 92.876
