# <Transmitter Set: Tx: 18 tx_ant_grid_40_m - Point 22> 
# <Receiver Set: Rx: 17 rx_ant_grid> 
# <X(m)> <Y(m)> <Z(m)> <Distance(m)> <FreeSpacePathLoss(dB)>
1 84.9784 -13.2734 2 408.315 92.3882
2 94.9784 -13.2734 2 406.091 92.342
3 104.978 -13.2734 2 404.102 92.3004
4 114.978 -13.2734 2 402.352 92.2637
5 124.978 -13.2734 2 400.843 92.2319
6 134.978 -13.2734 2 399.58 92.2052
7 144.978 -13.2734 2 398.563 92.1837
8 154.978 -13.2734 2 397.795 92.1674
9 164.978 -13.2734 2 397.277 92.1564
10 174.978 -13.2734 2 397.011 92.1507
11 184.978 -13.2734 2 396.997 92.1504
12 194.978 -13.2734 2 397.234 92.1554
13 204.978 -13.2734 2 397.723 92.1658
14 214.978 -13.2734 2 398.462 92.1815
15 224.978 -13.2734 2 399.45 92.2025
16 234.978 -13.2734 2 400.685 92.2286
17 244.978 -13.2734 2 402.166 92.2598
18 254.978 -13.2734 2 403.888 92.2959
19 264.978 -13.2734 2 405.85 92.337
20 274.978 -13.2734 2 408.047 92.3827
21 284.978 -13.2734 2 410.477 92.4329
22 294.978 -13.2734 2 413.134 92.4876
23 304.978 -13.2734 2 416.015 92.5465
24 314.978 -13.2734 2 419.114 92.6094
25 324.978 -13.2734 2 422.428 92.6762
26 334.978 -13.2734 2 425.95 92.7466
27 344.978 -13.2734 2 429.677 92.8205
28 354.978 -13.2734 2 433.602 92.8977
29 364.978 -13.2734 2 437.72 92.978
30 374.978 -13.2734 2 442.027 93.0612
31 384.978 -13.2734 2 446.515 93.1471
32 394.978 -13.2734 2 451.181 93.2355
33 404.978 -13.2734 2 456.019 93.3263
34 414.978 -13.2734 2 461.022 93.4192
35 424.978 -13.2734 2 466.187 93.514
36 434.978 -13.2734 2 471.507 93.6107
37 444.978 -13.2734 2 476.977 93.7091
38 454.978 -13.2734 2 482.592 93.8089
39 464.978 -13.2734 2 488.348 93.91
40 474.978 -13.2734 2 494.239 94.0124
41 484.978 -13.2734 2 500.261 94.1158
42 84.9784 -3.2734 2 398.646 92.1854
43 94.9784 -3.2734 2 396.367 92.137
44 104.978 -3.2734 2 394.329 92.0934
45 114.978 -3.2734 2 392.535 92.0549
46 124.978 -3.2734 2 390.989 92.0215
47 134.978 -3.2734 2 389.693 91.9935
48 144.978 -3.2734 2 388.651 91.9709
49 154.978 -3.2734 2 387.863 91.9538
50 164.978 -3.2734 2 387.332 91.9422
51 174.978 -3.2734 2 387.059 91.9362
52 184.978 -3.2734 2 387.044 91.9359
53 194.978 -3.2734 2 387.288 91.9412
54 204.978 -3.2734 2 387.789 91.9521
55 214.978 -3.2734 2 388.547 91.9686
56 224.978 -3.2734 2 389.56 91.9906
57 234.978 -3.2734 2 390.827 92.018
58 244.978 -3.2734 2 392.345 92.0508
59 254.978 -3.2734 2 394.11 92.0887
60 264.978 -3.2734 2 396.12 92.1317
61 274.978 -3.2734 2 398.371 92.1796
62 284.978 -3.2734 2 400.859 92.2323
63 294.978 -3.2734 2 403.58 92.2895
64 304.978 -3.2734 2 406.528 92.3511
65 314.978 -3.2734 2 409.699 92.4169
66 324.978 -3.2734 2 413.089 92.4866
67 334.978 -3.2734 2 416.69 92.5602
68 344.978 -3.2734 2 420.499 92.6373
69 354.978 -3.2734 2 424.509 92.7178
70 364.978 -3.2734 2 428.714 92.8015
71 374.978 -3.2734 2 433.11 92.8881
72 384.978 -3.2734 2 437.691 92.9774
73 394.978 -3.2734 2 442.449 93.0693
74 404.978 -3.2734 2 447.381 93.1636
75 414.978 -3.2734 2 452.48 93.26
76 424.978 -3.2734 2 457.741 93.3584
77 434.978 -3.2734 2 463.158 93.4585
78 444.978 -3.2734 2 468.726 93.5603
79 454.978 -3.2734 2 474.439 250
80 464.978 -3.2734 2 480.292 250
81 474.978 -3.2734 2 486.281 93.8738
82 484.978 -3.2734 2 492.4 93.9806
83 84.9784 6.7266 2 388.993 91.9783
84 94.9784 6.7266 2 386.658 91.9275
85 104.978 6.7266 2 384.568 91.8818
86 114.978 6.7266 2 382.728 91.8413
87 124.978 6.7266 2 381.142 250
88 134.978 6.7266 2 379.813 91.7768
89 144.978 6.7266 2 378.743 91.753
90 154.978 6.7266 2 377.935 91.735
91 164.978 6.7266 2 377.39 91.7229
92 174.978 6.7266 2 377.11 91.7166
93 184.978 6.7266 2 377.095 91.7163
94 194.978 6.7266 2 377.345 91.7218
95 204.978 6.7266 2 377.859 91.7333
96 214.978 6.7266 2 378.637 91.7507
97 224.978 6.7266 2 379.677 91.7738
98 234.978 6.7266 2 380.976 91.8026
99 244.978 6.7266 2 382.533 91.837
100 254.978 6.7266 2 384.343 91.8768
101 264.978 6.7266 2 386.404 91.922
102 274.978 6.7266 2 388.712 91.9722
103 284.978 6.7266 2 391.261 92.0274
104 294.978 6.7266 2 394.048 250
105 304.978 6.7266 2 397.067 250
106 314.978 6.7266 2 400.313 250
107 324.978 6.7266 2 403.781 250
108 334.978 6.7266 2 407.465 250
109 344.978 6.7266 2 411.359 250
110 354.978 6.7266 2 415.457 250
111 364.978 6.7266 2 419.754 250
112 374.978 6.7266 2 424.242 250
113 384.978 6.7266 2 428.917 250
114 394.978 6.7266 2 433.772 92.9011
115 404.978 6.7266 2 438.802 92.999
116 414.978 6.7266 2 443.999 93.0991
117 424.978 6.7266 2 449.36 93.2011
118 434.978 6.7266 2 454.876 93.3049
119 444.978 6.7266 2 460.544 250
120 454.978 6.7266 2 466.358 250
121 464.978 6.7266 2 472.311 250
122 474.978 6.7266 2 478.4 93.7345
123 484.978 6.7266 2 484.618 93.8446
124 84.9784 16.7266 2 379.358 91.7667
125 94.9784 16.7266 2 376.963 91.7133
126 104.978 16.7266 2 374.819 91.6653
127 114.978 16.7266 2 372.932 91.6227
128 124.978 16.7266 2 371.304 250
129 134.978 16.7266 2 369.939 91.5549
130 144.978 16.7266 2 368.841 91.5299
131 154.978 16.7266 2 368.011 91.5109
132 164.978 16.7266 2 367.451 91.4981
133 174.978 16.7266 2 367.163 91.4915
134 184.978 16.7266 2 367.148 91.4912
135 194.978 16.7266 2 367.404 250
136 204.978 16.7266 2 367.933 250
137 214.978 16.7266 2 368.731 250
138 224.978 16.7266 2 369.799 250
139 234.978 16.7266 2 371.133 250
140 244.978 16.7266 2 372.731 250
141 254.978 16.7266 2 374.589 250
142 264.978 16.7266 2 376.703 91.7075
143 274.978 16.7266 2 379.07 91.7603
144 284.978 16.7266 2 381.683 91.8182
145 294.978 16.7266 2 384.54 250
146 304.978 16.7266 2 387.633 250
147 314.978 16.7266 2 390.957 250
148 324.978 16.7266 2 394.508 92.0972
149 334.978 16.7266 2 398.277 92.1776
150 344.978 16.7266 2 402.26 250
151 354.978 16.7266 2 406.45 250
152 364.978 16.7266 2 410.841 250
153 374.978 16.7266 2 415.426 250
154 384.978 16.7266 2 420.199 92.6313
155 394.978 16.7266 2 425.154 92.7307
156 404.978 16.7266 2 430.284 92.8325
157 414.978 16.7266 2 435.583 92.9364
158 424.978 16.7266 2 441.045 93.0423
159 434.978 16.7266 2 446.665 93.15
160 444.978 16.7266 2 452.436 250
161 454.978 16.7266 2 458.352 250
162 464.978 16.7266 2 464.408 250
163 474.978 16.7266 2 470.599 93.5943
164 484.978 16.7266 2 476.919 93.708
165 84.9784 26.7266 2 369.743 91.5504
166 94.9784 26.7266 2 367.285 91.4943
167 104.978 26.7266 2 365.084 91.4438
168 114.978 26.7266 2 363.146 91.399
169 124.978 26.7266 2 361.474 91.3602
170 134.978 26.7266 2 360.072 91.3276
171 144.978 26.7266 2 358.944 91.3012
172 154.978 26.7266 2 358.091 91.2812
173 164.978 26.7266 2 357.516 91.2677
174 174.978 26.7266 2 357.22 91.2607
175 184.978 26.7266 2 357.204 91.2604
176 194.978 26.7266 2 357.467 250
177 204.978 26.7266 2 358.01 250
178 214.978 26.7266 2 358.831 250
179 224.978 26.7266 2 359.928 250
180 234.978 26.7266 2 361.299 250
181 244.978 26.7266 2 362.94 250
182 254.978 26.7266 2 364.848 250
183 264.978 26.7266 2 367.018 91.4882
184 274.978 26.7266 2 369.447 91.5437
185 284.978 26.7266 2 372.128 91.6046
186 294.978 26.7266 2 375.057 250
187 304.978 26.7266 2 378.228 250
188 314.978 26.7266 2 381.634 91.8172
189 324.978 26.7266 2 385.27 91.8971
190 334.978 26.7266 2 389.129 91.9813
191 344.978 26.7266 2 393.205 92.0693
192 354.978 26.7266 2 397.49 92.1609
193 364.978 26.7266 2 401.979 250
194 374.978 26.7266 2 406.664 250
195 384.978 26.7266 2 411.539 92.4548
196 394.978 26.7266 2 416.596 92.5583
197 404.978 26.7266 2 421.831 92.6642
198 414.978 26.7266 2 427.235 92.7721
199 424.978 26.7266 2 432.803 92.8821
200 434.978 26.7266 2 438.528 92.9937
201 444.978 26.7266 2 444.404 93.1068
202 454.978 26.7266 2 450.426 250
203 464.978 26.7266 2 456.587 250
204 474.978 26.7266 2 462.883 93.4535
205 484.978 26.7266 2 469.307 93.5709
206 84.9784 36.7266 2 360.148 91.3293
207 94.9784 36.7266 2 357.624 91.2703
208 104.978 36.7266 2 355.364 91.217
209 114.978 36.7266 2 353.372 91.1698
210 124.978 36.7266 2 351.654 91.129
211 134.978 36.7266 2 350.213 91.0945
212 144.978 36.7266 2 349.052 91.0667
213 154.978 36.7266 2 348.175 91.0456
214 164.978 36.7266 2 347.584 91.0313
215 174.978 36.7266 2 347.279 91.024
216 184.978 36.7266 2 347.263 91.0236
217 194.978 36.7266 2 347.534 91.0301
218 204.978 36.7266 2 348.093 91.0436
219 214.978 36.7266 2 348.937 91.0639
220 224.978 36.7266 2 350.065 250
221 234.978 36.7266 2 351.474 250
222 244.978 36.7266 2 353.161 250
223 254.978 36.7266 2 355.121 250
224 264.978 36.7266 2 357.35 91.2638
225 274.978 36.7266 2 359.844 91.3222
226 284.978 36.7266 2 362.597 91.3863
227 294.978 36.7266 2 365.602 250
228 304.978 36.7266 2 368.854 250
229 314.978 36.7266 2 372.346 91.6095
230 324.978 36.7266 2 376.072 91.6934
231 334.978 36.7266 2 380.025 91.7815
232 344.978 36.7266 2 384.197 91.8736
233 354.978 36.7266 2 388.582 91.9694
234 364.978 36.7266 2 393.172 92.0686
235 374.978 36.7266 2 397.961 92.1709
236 384.978 36.7266 2 402.941 250
237 394.978 36.7266 2 408.105 250
238 404.978 36.7266 2 413.447 92.494
239 414.978 36.7266 2 418.959 92.6062
240 424.978 36.7266 2 424.635 92.7204
241 434.978 36.7266 2 430.469 92.8362
242 444.978 36.7266 2 436.454 92.9534
243 454.978 36.7266 2 442.584 250
244 464.978 36.7266 2 448.853 250
245 474.978 36.7266 2 455.255 93.312
246 484.978 36.7266 2 461.786 93.4333
247 84.9784 46.7266 2 350.576 91.1032
248 94.9784 46.7266 2 347.983 91.041
249 104.978 46.7266 2 345.66 90.9848
250 114.978 46.7266 2 343.612 90.9351
251 124.978 46.7266 2 341.844 90.8919
252 134.978 46.7266 2 340.362 90.8555
253 144.978 46.7266 2 339.167 90.8261
254 154.978 46.7266 2 338.265 250
255 164.978 46.7266 2 337.656 250
256 174.978 46.7266 2 337.343 250
257 184.978 46.7266 2 337.325 250
258 194.978 46.7266 2 337.605 250
259 204.978 46.7266 2 338.18 90.8017
260 214.978 46.7266 2 339.049 90.8232
261 224.978 46.7266 2 340.209 90.8518
262 234.978 46.7266 2 341.659 90.8873
263 244.978 46.7266 2 343.394 90.9297
264 254.978 46.7266 2 345.41 90.9788
265 264.978 46.7266 2 347.701 91.0342
266 274.978 46.7266 2 350.264 91.0957
267 284.978 46.7266 2 353.091 91.1632
268 294.978 46.7266 2 356.177 250
269 304.978 46.7266 2 359.514 250
270 314.978 46.7266 2 363.096 250
271 324.978 46.7266 2 366.916 250
272 334.978 46.7266 2 370.966 250
273 344.978 46.7266 2 375.239 250
274 354.978 46.7266 2 379.727 250
275 364.978 46.7266 2 384.423 91.8786
276 374.978 46.7266 2 389.319 91.9854
277 384.978 46.7266 2 394.409 250
278 394.978 46.7266 2 399.683 250
279 404.978 46.7266 2 405.136 92.322
280 414.978 46.7266 2 410.76 92.4388
281 424.978 46.7266 2 416.548 92.5573
282 434.978 46.7266 2 422.493 92.6775
283 444.978 46.7266 2 428.59 92.799
284 454.978 46.7266 2 434.83 250
285 464.978 46.7266 2 441.21 250
286 474.978 46.7266 2 447.721 93.17
287 484.978 46.7266 2 454.36 93.2953
288 84.9784 56.7266 2 341.029 90.8719
289 94.9784 56.7266 2 338.362 90.8062
290 104.978 56.7266 2 335.973 90.747
291 114.978 56.7266 2 333.865 90.6944
292 124.978 56.7266 2 332.046 90.6487
293 134.978 56.7266 2 330.519 90.6103
294 144.978 56.7266 2 329.289 90.5791
295 154.978 56.7266 2 328.36 250
296 164.978 56.7266 2 327.732 250
297 174.978 56.7266 2 327.41 250
298 184.978 56.7266 2 327.392 250
299 194.978 56.7266 2 327.68 250
300 204.978 56.7266 2 328.272 90.5533
301 214.978 56.7266 2 329.167 90.576
302 224.978 56.7266 2 330.363 90.6063
303 234.978 56.7266 2 331.855 90.6439
304 244.978 56.7266 2 333.641 90.6888
305 254.978 56.7266 2 335.715 90.7406
306 264.978 56.7266 2 338.073 90.7991
307 274.978 56.7266 2 340.708 90.864
308 284.978 56.7266 2 343.614 90.9351
309 294.978 56.7266 2 346.784 250
310 304.978 56.7266 2 350.21 250
311 314.978 56.7266 2 353.887 250
312 324.978 56.7266 2 357.805 250
313 334.978 56.7266 2 361.957 250
314 344.978 56.7266 2 366.335 250
315 354.978 56.7266 2 370.931 250
316 364.978 56.7266 2 375.737 91.6859
317 374.978 56.7266 2 380.745 91.7975
318 384.978 56.7266 2 385.947 250
319 394.978 56.7266 2 391.336 250
320 404.978 56.7266 2 396.903 92.1484
321 414.978 56.7266 2 402.642 92.2698
322 424.978 56.7266 2 408.545 92.393
323 434.978 56.7266 2 414.605 92.5177
324 444.978 56.7266 2 420.816 92.6437
325 454.978 56.7266 2 427.17 250
326 464.978 56.7266 2 433.662 250
327 474.978 56.7266 2 440.286 93.0277
328 484.978 56.7266 2 447.035 93.157
329 84.9784 66.7266 2 331.508 90.6352
330 94.9784 66.7266 2 328.765 90.5658
331 104.978 66.7266 2 326.305 90.5032
332 114.978 66.7266 2 324.134 90.4475
333 124.978 66.7266 2 322.26 90.3992
334 134.978 66.7266 2 320.687 90.3585
335 144.978 66.7266 2 319.419 90.3255
336 154.978 66.7266 2 318.46 90.3005
337 164.978 66.7266 2 317.814 90.2836
338 174.978 66.7266 2 317.481 90.2748
339 184.978 66.7266 2 317.463 90.2744
340 194.978 66.7266 2 317.759 90.2821
341 204.978 66.7266 2 318.37 90.2981
342 214.978 66.7266 2 319.293 90.3222
343 224.978 66.7266 2 320.525 90.3543
344 234.978 66.7266 2 322.064 90.3941
345 244.978 66.7266 2 323.903 90.4416
346 254.978 66.7266 2 326.04 90.4964
347 264.978 66.7266 2 328.467 90.5583
348 274.978 66.7266 2 331.178 90.6269
349 284.978 66.7266 2 334.167 90.7019
350 294.978 66.7266 2 337.425 90.783
351 304.978 66.7266 2 340.946 90.8699
352 314.978 66.7266 2 344.721 90.9621
353 324.978 66.7266 2 348.742 91.0592
354 334.978 66.7266 2 353.001 91.161
355 344.978 66.7266 2 357.489 91.2671
356 354.978 66.7266 2 362.197 91.377
357 364.978 66.7266 2 367.117 91.4905
358 374.978 66.7266 2 372.241 91.6071
359 384.978 66.7266 2 377.561 91.7267
360 394.978 66.7266 2 383.067 91.8488
361 404.978 66.7266 2 388.753 91.9731
362 414.978 66.7266 2 394.611 92.0994
363 424.978 66.7266 2 400.632 92.2275
364 434.978 66.7266 2 406.81 92.357
365 444.978 66.7266 2 413.138 92.4877
366 454.978 66.7266 2 419.609 92.6194
367 464.978 66.7266 2 426.216 92.7519
368 474.978 66.7266 2 432.953 92.885
369 484.978 66.7266 2 439.815 93.0186
370 84.9784 76.7266 2 322.017 90.3929
371 94.9784 76.7266 2 319.191 90.3196
372 104.978 76.7266 2 316.657 90.2532
373 114.978 76.7266 2 314.42 90.1943
374 124.978 76.7266 2 312.488 90.1431
375 134.978 76.7266 2 310.865 90.0998
376 144.978 76.7266 2 309.557 90.0648
377 154.978 76.7266 2 308.568 90.0382
378 164.978 76.7266 2 307.9 90.0203
379 174.978 76.7266 2 307.557 90.011
380 184.978 76.7266 2 307.538 90.0105
381 194.978 76.7266 2 307.844 90.0188
382 204.978 76.7266 2 308.474 90.0357
383 214.978 76.7266 2 309.427 90.0613
384 224.978 76.7266 2 310.698 90.0954
385 234.978 76.7266 2 312.285 90.1377
386 244.978 76.7266 2 314.182 90.188
387 254.978 76.7266 2 316.384 90.2461
388 264.978 76.7266 2 318.885 90.3115
389 274.978 76.7266 2 321.677 90.3841
390 284.978 76.7266 2 324.753 90.4634
391 294.978 76.7266 2 328.105 90.5491
392 304.978 76.7266 2 331.725 90.6406
393 314.978 76.7266 2 335.604 90.7378
394 324.978 76.7266 2 339.733 90.84
395 334.978 76.7266 2 344.103 90.947
396 344.978 76.7266 2 348.705 91.0583
397 354.978 76.7266 2 353.53 91.1736
398 364.978 76.7266 2 358.57 91.2924
399 374.978 76.7266 2 363.814 91.4145
400 384.978 76.7266 2 369.255 91.5393
401 394.978 76.7266 2 374.884 91.6667
402 404.978 76.7266 2 380.692 91.7963
403 414.978 76.7266 2 386.671 91.9278
404 424.978 76.7266 2 392.814 92.0609
405 434.978 76.7266 2 399.113 92.1954
406 444.978 76.7266 2 405.561 92.3309
407 454.978 76.7266 2 412.151 92.4674
408 464.978 76.7266 2 418.876 92.6046
409 474.978 76.7266 2 425.729 92.7422
410 484.978 76.7266 2 432.705 92.8802
411 84.9784 86.7266 2 312.557 90.1449
412 94.9784 86.7266 2 309.645 90.0672
413 104.978 86.7266 2 307.032 250
414 114.978 86.7266 2 304.725 250
415 124.978 86.7266 2 302.73 250
416 134.978 86.7266 2 301.055 89.834
417 144.978 86.7266 2 299.704 89.7968
418 154.978 86.7266 2 298.682 250
419 164.978 86.7266 2 297.993 250
420 174.978 86.7266 2 297.637 250
421 184.978 86.7266 2 297.618 89.739
422 194.978 86.7266 2 297.935 89.7478
423 204.978 86.7266 2 298.586 89.7658
424 214.978 86.7266 2 299.57 89.7931
425 224.978 86.7266 2 300.883 250
426 234.978 86.7266 2 302.521 250
427 244.978 86.7266 2 304.479 250
428 254.978 86.7266 2 306.751 89.9893
429 264.978 86.7266 2 309.329 90.0587
430 274.978 86.7266 2 312.206 90.1356
431 284.978 86.7266 2 315.375 90.2195
432 294.978 86.7266 2 318.826 90.31
433 304.978 86.7266 2 322.55 90.4067
434 314.978 86.7266 2 326.538 90.5091
435 324.978 86.7266 2 330.78 90.6168
436 334.978 86.7266 2 335.267 90.7294
437 344.978 86.7266 2 339.989 90.8463
438 354.978 86.7266 2 344.936 90.9673
439 364.978 86.7266 2 350.099 91.0918
440 374.978 86.7266 2 355.468 91.2195
441 384.978 86.7266 2 361.035 250
442 394.978 86.7266 2 366.79 250
443 404.978 86.7266 2 372.724 250
444 414.978 86.7266 2 378.829 91.7549
445 424.978 86.7266 2 385.098 91.8934
446 434.978 86.7266 2 391.521 92.033
447 444.978 86.7266 2 398.092 250
448 454.978 86.7266 2 404.803 250
449 464.978 86.7266 2 411.648 250
450 474.978 86.7266 2 418.62 92.5994
451 484.978 86.7266 2 425.712 92.7419
452 84.9784 96.7266 2 303.132 89.8909
453 94.9784 96.7266 2 300.129 89.8085
454 104.978 96.7266 2 297.432 89.7338
455 114.978 96.7266 2 295.049 89.6674
456 124.978 96.7266 2 292.989 89.6095
457 134.978 96.7266 2 291.258 89.5606
458 144.978 96.7266 2 289.861 89.521
459 154.978 96.7266 2 288.805 250
460 164.978 96.7266 2 288.091 250
461 174.978 96.7266 2 287.724 250
462 184.978 96.7266 2 287.704 89.4594
463 194.978 96.7266 2 288.031 250
464 204.978 96.7266 2 288.705 250
465 214.978 96.7266 2 289.722 250
466 224.978 96.7266 2 291.08 250
467 234.978 96.7266 2 292.773 250
468 244.978 96.7266 2 294.796 250
469 254.978 96.7266 2 297.141 250
470 264.978 96.7266 2 299.802 250
471 274.978 96.7266 2 302.77 89.881
472 284.978 96.7266 2 306.037 89.9699
473 294.978 96.7266 2 309.591 90.0657
474 304.978 96.7266 2 313.425 90.1679
475 314.978 96.7266 2 317.528 90.2761
476 324.978 96.7266 2 321.889 90.3896
477 334.978 96.7266 2 326.498 90.5081
478 344.978 96.7266 2 331.345 90.6311
479 354.978 96.7266 2 336.419 90.7581
480 364.978 96.7266 2 341.711 90.8886
481 374.978 96.7266 2 347.21 91.0223
482 384.978 96.7266 2 352.907 250
483 394.978 96.7266 2 358.792 250
484 404.978 96.7266 2 364.856 250
485 414.978 96.7266 2 371.091 91.5811
486 424.978 96.7266 2 377.488 91.725
487 434.978 96.7266 2 384.039 91.8701
488 444.978 96.7266 2 390.735 250
489 454.978 96.7266 2 397.571 250
490 464.978 96.7266 2 404.538 250
491 474.978 96.7266 2 411.63 92.4567
492 484.978 96.7266 2 418.841 92.6039
493 84.9784 106.727 2 293.744 89.6308
494 94.9784 106.727 2 290.645 89.5432
495 104.978 106.727 2 287.859 89.4638
496 114.978 106.727 2 285.397 89.3931
497 124.978 106.727 2 283.266 89.3315
498 134.978 106.727 2 281.475 89.2793
499 144.978 106.727 2 280.03 89.237
500 154.978 106.727 2 278.936 250
501 164.978 106.727 2 278.197 250
502 174.978 106.727 2 277.817 250
503 184.978 106.727 2 277.796 89.1713
504 194.978 106.727 2 278.135 250
505 204.978 106.727 2 278.832 250
506 214.978 106.727 2 279.886 250
507 224.978 106.727 2 281.291 250
508 234.978 106.727 2 283.042 250
509 244.978 106.727 2 285.134 250
510 254.978 106.727 2 287.559 250
511 264.978 106.727 2 290.307 250
512 274.978 106.727 2 293.372 89.6203
513 284.978 106.727 2 296.741 89.7146
514 294.978 106.727 2 300.406 89.8161
515 304.978 106.727 2 304.356 89.9243
516 314.978 106.727 2 308.579 90.0385
517 324.978 106.727 2 313.064 90.1584
518 334.978 106.727 2 317.802 90.2832
519 344.978 106.727 2 322.779 90.4126
520 354.978 106.727 2 327.986 90.546
521 364.978 106.727 2 333.412 90.683
522 374.978 106.727 2 339.045 90.8231
523 384.978 106.727 2 344.877 250
524 394.978 106.727 2 350.897 250
525 404.978 106.727 2 357.095 250
526 414.978 106.727 2 363.463 91.4063
527 424.978 106.727 2 369.992 91.5561
528 434.978 106.727 2 376.673 91.7068
529 444.978 106.727 2 383.499 250
530 454.978 106.727 2 390.461 250
531 464.978 106.727 2 397.553 250
532 474.978 106.727 2 404.767 92.3143
533 484.978 106.727 2 412.098 92.4663
534 84.9784 116.727 2 284.399 89.3643
535 94.9784 116.727 2 281.196 89.2712
536 104.978 116.727 2 278.316 89.1866
537 114.978 116.727 2 275.768 250
538 124.978 116.727 2 273.563 250
539 134.978 116.727 2 271.708 250
540 144.978 116.727 2 270.21 250
541 154.978 116.727 2 269.076 250
542 164.978 116.727 2 268.311 250
543 174.978 116.727 2 267.916 250
544 184.978 116.727 2 267.895 88.8742
545 194.978 116.727 2 268.246 250
546 204.978 116.727 2 268.969 250
547 214.978 116.727 2 270.061 250
548 224.978 116.727 2 271.517 250
549 234.978 116.727 2 273.331 250
550 244.978 116.727 2 275.497 250
551 254.978 116.727 2 278.005 250
552 264.978 116.727 2 280.848 250
553 274.978 116.727 2 284.014 89.3531
554 284.978 116.727 2 287.493 89.4534
555 294.978 116.727 2 291.275 89.5611
556 304.978 116.727 2 295.346 89.6757
557 314.978 116.727 2 299.696 89.7965
558 324.978 116.727 2 304.313 250
559 334.978 116.727 2 309.184 250
560 344.978 116.727 2 314.298 250
561 354.978 116.727 2 319.643 250
562 364.978 116.727 2 325.208 250
563 374.978 116.727 2 330.982 250
564 384.978 116.727 2 336.953 250
565 394.978 116.727 2 343.112 250
566 404.978 116.727 2 349.448 250
567 414.978 116.727 2 355.953 250
568 424.978 116.727 2 362.617 91.3867
569 434.978 116.727 2 369.432 91.5433
570 444.978 116.727 2 376.388 250
571 454.978 116.727 2 383.48 250
572 464.978 116.727 2 390.698 250
573 474.978 116.727 2 398.037 92.1725
574 484.978 116.727 2 405.49 92.3294
575 84.9784 126.727 2 275.1 89.0913
576 94.9784 126.727 2 271.787 88.9921
577 104.978 126.727 2 268.806 88.9019
578 114.978 126.727 2 266.168 250
579 124.978 126.727 2 263.882 250
580 134.978 126.727 2 261.958 250
581 144.978 126.727 2 260.405 250
582 154.978 126.727 2 259.228 250
583 164.978 126.727 2 258.433 250
584 174.978 126.727 2 258.024 250
585 184.978 126.727 2 258.001 88.5676
586 194.978 126.727 2 258.366 88.5791
587 204.978 126.727 2 259.117 88.6027
588 214.978 126.727 2 260.25 88.6382
589 224.978 126.727 2 261.76 250
590 234.978 126.727 2 263.642 250
591 244.978 126.727 2 265.886 250
592 254.978 126.727 2 268.485 88.8922
593 264.978 126.727 2 271.427 88.9813
594 274.978 126.727 2 274.702 89.0795
595 284.978 126.727 2 278.297 89.1861
596 294.978 126.727 2 282.202 89.3005
597 304.978 126.727 2 286.403 89.4221
598 314.978 126.727 2 290.886 89.5501
599 324.978 126.727 2 295.641 250
600 334.978 126.727 2 300.652 250
601 344.978 126.727 2 305.909 250
602 354.978 126.727 2 311.398 250
603 364.978 126.727 2 317.108 250
604 374.978 126.727 2 323.026 250
605 384.978 126.727 2 329.142 250
606 394.978 126.727 2 335.444 250
607 404.978 126.727 2 341.923 250
608 414.978 126.727 2 348.568 250
609 424.978 126.727 2 355.371 91.2172
610 434.978 126.727 2 362.321 91.3799
611 444.978 126.727 2 369.412 250
612 454.978 126.727 2 376.635 250
613 464.978 126.727 2 383.982 250
614 474.978 126.727 2 391.447 92.0314
615 484.978 126.727 2 399.023 92.1934
616 84.9784 136.727 2 265.851 88.8117
617 94.9784 136.727 2 262.422 88.7058
618 104.978 136.727 2 259.333 88.6095
619 114.978 136.727 2 256.597 88.5233
620 124.978 136.727 2 254.226 88.448
621 134.978 136.727 2 252.229 250
622 144.978 136.727 2 250.615 250
623 154.978 136.727 2 249.392 250
624 164.978 136.727 2 248.565 250
625 174.978 136.727 2 248.139 250
626 184.978 136.727 2 248.116 88.2511
627 194.978 136.727 2 248.496 88.2634
628 204.978 136.727 2 249.276 88.2888
629 214.978 136.727 2 250.454 88.3269
630 224.978 136.727 2 252.023 250
631 234.978 136.727 2 253.976 250
632 244.978 136.727 2 256.306 250
633 254.978 136.727 2 259 88.599
634 264.978 136.727 2 262.049 88.6942
635 274.978 136.727 2 265.439 88.799
636 284.978 136.727 2 269.159 88.9127
637 294.978 136.727 2 273.194 89.0344
638 304.978 136.727 2 277.531 89.1635
639 314.978 136.727 2 282.156 89.2992
640 324.978 136.727 2 287.055 250
641 334.978 136.727 2 292.214 250
642 344.978 136.727 2 297.619 250
643 354.978 136.727 2 303.259 250
644 364.978 136.727 2 309.119 250
645 374.978 136.727 2 315.187 250
646 384.978 136.727 2 321.452 250
647 394.978 136.727 2 327.902 250
648 404.978 136.727 2 334.527 250
649 414.978 136.727 2 341.316 250
650 424.978 136.727 2 348.26 91.0476
651 434.978 136.727 2 355.35 91.2167
652 444.978 136.727 2 362.577 250
653 454.978 136.727 2 369.933 250
654 464.978 136.727 2 377.411 250
655 474.978 136.727 2 385.003 91.8913
656 484.978 136.727 2 392.704 92.0585
657 84.9784 146.727 2 256.659 88.5253
658 94.9784 146.727 2 253.105 88.4122
659 104.978 146.727 2 249.902 88.309
660 114.978 146.727 2 247.061 88.2166
661 124.978 146.727 2 244.597 88.1358
662 134.978 146.727 2 242.521 88.0671
663 144.978 146.727 2 240.842 88.0112
664 154.978 146.727 2 239.569 87.9686
665 164.978 146.727 2 238.708 87.9397
666 174.978 146.727 2 238.265 87.9248
667 184.978 146.727 2 238.241 87.924
668 194.978 146.727 2 238.636 87.9373
669 204.978 146.727 2 239.449 87.9646
670 214.978 146.727 2 240.674 88.0056
671 224.978 146.727 2 242.307 88.06
672 234.978 146.727 2 244.338 88.1272
673 244.978 146.727 2 246.758 88.2067
674 254.978 146.727 2 249.556 88.2978
675 264.978 146.727 2 252.718 88.3998
676 274.978 146.727 2 256.232 88.5117
677 284.978 146.727 2 260.084 88.633
678 294.978 146.727 2 264.257 88.7626
679 304.978 146.727 2 268.739 88.8999
680 314.978 146.727 2 273.512 89.0439
681 324.978 146.727 2 278.563 89.1939
682 334.978 146.727 2 283.877 89.3492
683 344.978 146.727 2 289.438 89.5089
684 354.978 146.727 2 295.234 89.6725
685 364.978 146.727 2 301.25 89.8393
686 374.978 146.727 2 307.473 90.0088
687 384.978 146.727 2 313.892 90.1803
688 394.978 146.727 2 320.495 90.3535
689 404.978 146.727 2 327.269 90.5278
690 414.978 146.727 2 334.206 90.7029
691 424.978 146.727 2 341.295 90.8784
692 434.978 146.727 2 348.526 91.054
693 444.978 146.727 2 355.892 91.2295
694 454.978 146.727 2 363.384 91.4045
695 464.978 146.727 2 370.993 91.5789
696 474.978 146.727 2 378.714 91.7524
697 484.978 146.727 2 386.54 91.9249
698 84.9784 156.727 2 247.53 88.2319
699 94.9784 156.727 2 243.843 88.1109
700 104.978 156.727 2 240.516 88.0003
701 114.978 156.727 2 237.563 87.9011
702 124.978 156.727 2 235 87.8141
703 134.978 156.727 2 232.837 87.7402
704 144.978 156.727 2 231.088 87.6799
705 154.978 156.727 2 229.761 87.6339
706 164.978 156.727 2 228.864 87.6027
707 174.978 156.727 2 228.401 87.5866
708 184.978 156.727 2 228.376 87.5857
709 194.978 156.727 2 228.788 87.6001
710 204.978 156.727 2 229.636 87.6296
711 214.978 156.727 2 230.914 87.6739
712 224.978 156.727 2 232.615 87.7325
713 234.978 156.727 2 234.73 87.8049
714 244.978 156.727 2 237.248 87.8904
715 254.978 156.727 2 240.156 87.9883
716 264.978 156.727 2 243.441 88.0976
717 274.978 156.727 2 247.087 88.2175
718 284.978 156.727 2 251.079 88.347
719 294.978 156.727 2 255.4 88.4853
720 304.978 156.727 2 260.034 88.6314
721 314.978 156.727 2 264.964 88.7844
722 324.978 156.727 2 270.175 88.9435
723 334.978 156.727 2 275.65 89.1077
724 344.978 156.727 2 281.374 89.2764
725 354.978 156.727 2 287.332 89.4488
726 364.978 156.727 2 293.51 89.6242
727 374.978 156.727 2 299.895 89.802
728 384.978 156.727 2 306.472 89.9817
729 394.978 156.727 2 313.231 90.1628
730 404.978 156.727 2 320.16 90.3448
731 414.978 156.727 2 327.247 90.5272
732 424.978 156.727 2 334.484 90.7098
733 434.978 156.727 2 341.859 90.8922
734 444.978 156.727 2 349.365 91.0742
735 454.978 156.727 2 356.994 91.2554
736 464.978 156.727 2 364.737 91.4358
737 474.978 156.727 2 372.588 91.615
738 484.978 156.727 2 380.539 91.7929
739 84.9784 166.727 2 238.47 87.9317
740 94.9784 166.727 2 234.641 87.8019
741 104.978 166.727 2 231.181 87.6831
742 114.978 166.727 2 228.108 87.5764
743 124.978 166.727 2 225.437 87.4827
744 134.978 166.727 2 223.182 87.4028
745 144.978 166.727 2 221.357 87.3377
746 154.978 166.727 2 219.971 87.288
747 164.978 166.727 2 219.034 87.2543
748 174.978 166.727 2 218.55 87.2368
749 184.978 166.727 2 218.524 87.2359
750 194.978 166.727 2 218.955 87.2514
751 204.978 166.727 2 219.84 87.2833
752 214.978 166.727 2 221.174 87.3312
753 224.978 166.727 2 222.95 250
754 234.978 166.727 2 225.156 87.4727
755 244.978 166.727 2 227.78 250
756 254.978 166.727 2 230.807 250
757 264.978 166.727 2 234.223 250
758 274.978 166.727 2 238.011 87.9162
759 284.978 166.727 2 242.152 88.0548
760 294.978 166.727 2 246.629 250
761 304.978 166.727 2 251.425 250
762 314.978 166.727 2 256.521 250
763 324.978 166.727 2 261.9 250
764 334.978 166.727 2 267.544 250
765 344.978 166.727 2 273.438 250
766 354.978 166.727 2 279.566 89.2234
767 364.978 166.727 2 285.911 89.4079
768 374.978 166.727 2 292.462 250
769 384.978 166.727 2 299.203 89.7829
770 394.978 166.727 2 306.122 89.9723
771 404.978 166.727 2 313.208 90.1622
772 414.978 166.727 2 320.449 90.3523
773 424.978 166.727 2 327.836 90.5422
774 434.978 166.727 2 335.358 90.7316
775 444.978 166.727 2 343.006 250
776 454.978 166.727 2 350.773 250
777 464.978 166.727 2 358.651 250
778 474.978 166.727 2 366.632 91.4793
779 484.978 166.727 2 374.709 91.6628
780 84.9784 176.727 2 229.488 87.6245
781 94.9784 176.727 2 225.507 87.4851
782 104.978 176.727 2 221.905 87.3573
783 114.978 176.727 2 218.701 87.2423
784 124.978 176.727 2 215.914 87.1411
785 134.978 176.727 2 213.559 87.0547
786 144.978 176.727 2 211.65 86.9842
787 154.978 176.727 2 210.201 86.9303
788 164.978 176.727 2 209.219 86.8937
789 174.978 176.727 2 208.713 86.8748
790 184.978 176.727 2 208.686 86.8737
791 194.978 176.727 2 209.137 86.8906
792 204.978 176.727 2 210.064 86.9252
793 214.978 176.727 2 211.46 86.9772
794 224.978 176.727 2 213.316 250
795 234.978 176.727 2 215.62 87.1303
796 244.978 176.727 2 218.359 250
797 254.978 176.727 2 221.515 250
798 264.978 176.727 2 225.072 250
799 274.978 176.727 2 229.011 87.6079
800 284.978 176.727 2 233.312 87.7564
801 294.978 176.727 2 237.956 250
802 304.978 176.727 2 242.923 250
803 314.978 176.727 2 248.193 250
804 324.978 176.727 2 253.749 250
805 334.978 176.727 2 259.571 250
806 344.978 176.727 2 265.642 250
807 354.978 176.727 2 271.945 88.9969
808 364.978 176.727 2 278.464 89.191
809 374.978 176.727 2 285.186 250
810 384.978 176.727 2 292.095 89.5843
811 394.978 176.727 2 299.179 89.7822
812 404.978 176.727 2 306.425 89.9805
813 414.978 176.727 2 313.823 90.1785
814 424.978 176.727 2 321.362 90.376
815 434.978 176.727 2 329.032 90.5726
816 444.978 176.727 2 336.824 250
817 454.978 176.727 2 344.73 250
818 464.978 176.727 2 352.742 250
819 474.978 176.727 2 360.854 91.3458
820 484.978 176.727 2 369.059 91.5348
821 84.9784 186.727 2 220.594 87.3104
822 94.9784 186.727 2 216.45 87.1606
823 104.978 186.727 2 212.694 87.0229
824 114.978 186.727 2 209.35 86.8986
825 124.978 186.727 2 206.436 86.789
826 134.978 186.727 2 203.971 86.6955
827 144.978 186.727 2 201.972 86.6189
828 154.978 186.727 2 200.453 86.5604
829 164.978 186.727 2 199.424 86.5205
830 174.978 186.727 2 198.893 86.4999
831 184.978 186.727 2 198.864 86.4988
832 194.978 186.727 2 199.337 86.5172
833 204.978 186.727 2 200.309 86.5548
834 214.978 186.727 2 201.773 86.6113
835 224.978 186.727 2 203.717 250
836 234.978 186.727 2 206.129 86.7774
837 244.978 186.727 2 208.992 250
838 254.978 186.727 2 212.288 250
839 264.978 186.727 2 215.997 250
840 274.978 186.727 2 220.098 87.2926
841 284.978 186.727 2 224.57 87.452
842 294.978 186.727 2 229.391 87.6211
843 304.978 186.727 2 234.539 87.7984
844 314.978 186.727 2 239.994 87.9828
845 324.978 186.727 2 245.735 88.1732
846 334.978 186.727 2 251.742 250
847 344.978 186.727 2 257.997 250
848 354.978 186.727 2 264.482 250
849 364.978 186.727 2 271.182 250
850 374.978 186.727 2 278.079 250
851 384.978 186.727 2 285.16 89.3863
852 394.978 186.727 2 292.412 89.5932
853 404.978 186.727 2 299.822 89.8
854 414.978 186.727 2 307.379 90.0062
855 424.978 186.727 2 315.072 90.2115
856 434.978 186.727 2 322.891 90.4155
857 444.978 186.727 2 330.828 250
858 454.978 186.727 2 338.874 250
859 464.978 186.727 2 347.022 250
860 474.978 186.727 2 355.264 91.2147
861 484.978 186.727 2 363.595 91.4094
862 84.9784 196.727 2 211.799 86.9897
863 94.9784 196.727 2 207.479 86.8284
864 104.978 196.727 2 203.558 86.6797
865 114.978 196.727 2 200.061 86.5452
866 124.978 196.727 2 197.01 86.4264
867 134.978 196.727 2 194.426 86.3248
868 144.978 196.727 2 192.327 86.2415
869 154.978 196.727 2 190.731 86.1777
870 164.978 196.727 2 189.649 86.1342
871 174.978 196.727 2 189.091 86.1117
872 184.978 196.727 2 189.06 86.1105
873 194.978 196.727 2 189.558 86.1306
874 204.978 196.727 2 190.58 86.1716
875 214.978 196.727 2 192.118 86.2331
876 224.978 196.727 2 194.159 250
877 234.978 196.727 2 196.688 86.4138
878 244.978 196.727 2 199.686 86.5307
879 254.978 196.727 2 203.133 86.6634
880 264.978 196.727 2 207.006 86.8106
881 274.978 196.727 2 211.282 86.9706
882 284.978 196.727 2 215.937 87.1419
883 294.978 196.727 2 220.946 87.323
884 304.978 196.727 2 226.286 87.5126
885 314.978 196.727 2 231.935 87.7091
886 324.978 196.727 2 237.871 87.9115
887 334.978 196.727 2 244.072 250
888 344.978 196.727 2 250.518 250
889 354.978 196.727 2 257.192 88.5421
890 364.978 196.727 2 264.077 88.7571
891 374.978 196.727 2 271.155 88.9731
892 384.978 196.727 2 278.412 89.1895
893 394.978 196.727 2 285.835 89.4057
894 404.978 196.727 2 293.412 89.6214
895 414.978 196.727 2 301.129 89.836
896 424.978 196.727 2 308.978 250
897 434.978 196.727 2 316.948 250
898 444.978 196.727 2 325.03 250
899 454.978 196.727 2 333.216 250
900 464.978 196.727 2 341.499 250
901 474.978 196.727 2 349.871 91.0863
902 484.978 196.727 2 358.327 91.2867
903 84.9784 206.727 2 203.116 86.6628
904 94.9784 206.727 2 198.606 86.4888
905 104.978 206.727 2 194.507 86.328
906 114.978 206.727 2 190.844 86.1822
907 124.978 206.727 2 187.643 250
908 134.978 206.727 2 184.928 85.9425
909 144.978 206.727 2 182.721 85.8517
910 154.978 206.727 2 181.04 85.782
911 164.978 206.727 2 179.899 85.7345
912 174.978 206.727 2 179.311 85.7099
913 184.978 206.727 2 179.278 85.7085
914 194.978 206.727 2 179.803 85.7305
915 204.978 206.727 2 180.88 85.7754
916 214.978 206.727 2 182.5 85.8425
917 224.978 206.727 2 184.647 85.931
918 234.978 206.727 2 187.305 86.0395
919 244.978 206.727 2 190.451 86.1665
920 254.978 206.727 2 194.062 86.3104
921 264.978 206.727 2 198.113 86.4695
922 274.978 206.727 2 202.576 86.6421
923 284.978 206.727 2 207.426 86.8264
924 294.978 206.727 2 212.636 87.0207
925 304.978 206.727 2 218.18 87.2234
926 314.978 206.727 2 224.034 87.4331
927 324.978 206.727 2 230.173 87.6482
928 334.978 206.727 2 236.576 250
929 344.978 206.727 2 243.221 250
930 354.978 206.727 2 250.09 88.3151
931 364.978 206.727 2 257.164 88.5412
932 374.978 206.727 2 264.428 88.7679
933 384.978 206.727 2 271.865 88.9945
934 394.978 206.727 2 279.462 89.2204
935 404.978 206.727 2 287.206 89.4451
936 414.978 206.727 2 295.086 89.6684
937 424.978 206.727 2 303.091 250
938 434.978 206.727 2 311.212 250
939 444.978 206.727 2 319.439 250
940 454.978 206.727 2 327.765 250
941 464.978 206.727 2 336.182 250
942 474.978 206.727 2 344.684 90.9611
943 484.978 206.727 2 353.264 91.1673
944 84.9784 216.727 2 194.558 86.33
945 94.9784 216.727 2 189.846 86.1421
946 104.978 216.727 2 185.553 85.9681
947 114.978 216.727 2 181.71 85.8098
948 124.978 216.727 2 178.345 250
949 134.978 216.727 2 175.486 85.5486
950 144.978 216.727 2 173.158 85.4494
951 154.978 216.727 2 171.384 85.3731
952 164.978 216.727 2 170.179 85.3211
953 174.978 216.727 2 169.556 85.2941
954 184.978 216.727 2 169.522 85.2926
955 194.978 216.727 2 170.077 85.3167
956 204.978 216.727 2 171.216 85.3659
957 214.978 216.727 2 172.926 85.4394
958 224.978 216.727 2 175.191 85.5361
959 234.978 216.727 2 177.989 85.6544
960 244.978 216.727 2 181.297 85.7927
961 254.978 216.727 2 185.087 85.949
962 264.978 216.727 2 189.329 86.1214
963 274.978 216.727 2 193.995 86.3077
964 284.978 216.727 2 199.054 86.5062
965 294.978 216.727 2 204.478 250
966 304.978 216.727 2 210.237 250
967 314.978 216.727 2 216.305 250
968 324.978 216.727 2 222.658 250
969 334.978 216.727 2 229.271 250
970 344.978 216.727 2 236.122 250
971 354.978 216.727 2 243.191 88.0893
972 364.978 216.727 2 250.461 88.3271
973 374.978 216.727 2 257.913 88.5648
974 384.978 216.727 2 265.532 88.8019
975 394.978 216.727 2 273.306 89.0377
976 404.978 216.727 2 281.219 89.2719
977 414.978 216.727 2 289.263 89.5039
978 424.978 216.727 2 297.425 250
979 434.978 216.727 2 305.696 250
980 444.978 216.727 2 314.067 250
981 454.978 216.727 2 322.532 250
982 464.978 216.727 2 331.082 250
983 474.978 216.727 2 339.711 90.8395
984 484.978 216.727 2 348.414 91.0513
985 84.9784 226.727 2 186.145 85.9922
986 94.9784 226.727 2 181.214 85.7892
987 104.978 226.727 2 176.711 250
988 114.978 226.727 2 172.671 250
989 124.978 226.727 2 169.127 250
990 134.978 226.727 2 166.11 85.1435
991 144.978 226.727 2 163.649 85.0349
992 154.978 226.727 2 161.769 84.9513
993 164.978 226.727 2 160.493 84.8941
994 174.978 226.727 2 159.832 84.8645
995 184.978 226.727 2 159.796 84.8628
996 194.978 226.727 2 160.385 84.8893
997 204.978 226.727 2 161.591 84.9433
998 214.978 226.727 2 163.402 85.0239
999 224.978 226.727 2 165.797 85.1298
1000 234.978 226.727 2 168.752 85.2591
1001 244.978 226.727 2 172.237 85.4099
1002 254.978 226.727 2 176.222 85.5798
1003 264.978 226.727 2 180.673 85.7667
1004 274.978 226.727 2 185.556 85.9682
1005 284.978 226.727 2 190.839 86.182
1006 294.978 226.727 2 196.489 250
1007 304.978 226.727 2 202.476 250
1008 314.978 226.727 2 208.77 250
1009 324.978 226.727 2 215.345 250
1010 334.978 226.727 2 222.176 250
1011 344.978 226.727 2 229.239 250
1012 354.978 226.727 2 236.514 87.8656
1013 364.978 226.727 2 243.983 88.1155
1014 374.978 226.727 2 251.627 88.3647
1015 384.978 226.727 2 259.431 88.6125
1016 394.978 226.727 2 267.382 88.8585
1017 404.978 226.727 2 275.466 89.1022
1018 414.978 226.727 2 283.672 89.3432
1019 424.978 226.727 2 291.99 250
1020 434.978 226.727 2 300.411 250
1021 444.978 226.727 2 308.926 250
1022 454.978 226.727 2 317.528 250
1023 464.978 226.727 2 326.209 250
1024 474.978 226.727 2 334.964 90.7218
1025 484.978 226.727 2 343.787 90.9393
1026 84.9784 236.727 2 177.896 85.6505
1027 94.9784 236.727 2 172.73 85.431
1028 104.978 236.727 2 168 85.2263
1029 114.978 236.727 2 163.745 85.0392
1030 124.978 236.727 2 160.003 250
1031 134.978 236.727 2 156.81 84.7279
1032 144.978 236.727 2 154.201 84.6088
1033 154.978 236.727 2 152.205 84.517
1034 164.978 236.727 2 150.847 84.4542
1035 174.978 236.727 2 150.144 84.4216
1036 184.978 236.727 2 150.106 84.4198
1037 194.978 236.727 2 150.733 84.4489
1038 204.978 236.727 2 152.016 84.5083
1039 214.978 236.727 2 153.939 84.5968
1040 224.978 236.727 2 156.479 84.7128
1041 234.978 236.727 2 159.607 84.8543
1042 244.978 236.727 2 163.287 85.0188
1043 254.978 236.727 2 167.485 85.2038
1044 264.978 236.727 2 172.162 85.4066
1045 274.978 236.727 2 177.28 85.6245
1046 284.978 236.727 2 182.802 85.855
1047 294.978 236.727 2 188.693 250
1048 304.978 236.727 2 194.92 250
1049 314.978 236.727 2 201.45 250
1050 324.978 236.727 2 208.256 250
1051 334.978 236.727 2 215.312 250
1052 344.978 236.727 2 222.593 250
1053 354.978 236.727 2 230.078 87.645
1054 364.978 236.727 2 237.749 87.9074
1055 374.978 236.727 2 245.587 88.1683
1056 384.978 236.727 2 253.577 88.4273
1057 394.978 236.727 2 261.706 88.6836
1058 404.978 236.727 2 269.96 88.9369
1059 414.978 236.727 2 278.329 250
1060 424.978 236.727 2 286.802 250
1061 434.978 236.727 2 295.371 250
1062 444.978 236.727 2 304.027 250
1063 454.978 236.727 2 312.763 250
1064 464.978 236.727 2 321.573 250
1065 474.978 236.727 2 330.451 90.6085
1066 484.978 236.727 2 339.391 90.8316
1067 84.9784 246.727 2 169.835 85.3062
1068 94.9784 246.727 2 164.416 85.0688
1069 104.978 246.727 2 159.44 84.8468
1070 114.978 246.727 2 154.95 84.6431
1071 124.978 246.727 2 150.99 84.4608
1072 134.978 246.727 2 147.602 84.303
1073 144.978 246.727 2 144.827 84.1724
1074 154.978 246.727 2 142.7 84.0717
1075 164.978 246.727 2 141.251 84.0026
1076 174.978 246.727 2 140.5 83.9668
1077 184.978 246.727 2 140.459 83.9648
1078 194.978 246.727 2 141.129 83.9968
1079 204.978 246.727 2 142.498 84.0621
1080 214.978 246.727 2 144.549 84.1593
1081 224.978 246.727 2 147.251 84.2865
1082 234.978 246.727 2 150.57 84.4413
1083 244.978 246.727 2 154.466 84.6209
1084 254.978 246.727 2 158.897 84.8223
1085 264.978 246.727 2 163.819 85.0424
1086 274.978 246.727 2 169.19 85.2782
1087 284.978 246.727 2 174.968 85.5266
1088 294.978 246.727 2 181.114 85.7851
1089 304.978 246.727 2 187.592 86.0511
1090 314.978 246.727 2 194.368 86.3225
1091 324.978 246.727 2 201.414 86.5975
1092 334.978 246.727 2 208.701 86.8743
1093 344.978 246.727 2 216.205 87.1517
1094 354.978 246.727 2 223.904 87.4285
1095 364.978 246.727 2 231.779 87.7037
1096 374.978 246.727 2 239.812 87.9768
1097 384.978 246.727 2 247.989 88.2469
1098 394.978 246.727 2 256.295 88.5137
1099 404.978 246.727 2 264.718 88.7768
1100 414.978 246.727 2 273.247 89.036
1101 424.978 246.727 2 281.873 89.2909
1102 434.978 246.727 2 290.587 89.5416
1103 444.978 246.727 2 299.382 89.7879
1104 454.978 246.727 2 308.25 90.0297
1105 464.978 246.727 2 317.185 90.2671
1106 474.978 246.727 2 326.182 90.5
1107 484.978 246.727 2 335.236 90.7286
1108 84.9784 256.727 2 161.991 84.9611
1109 94.9784 256.727 2 156.299 84.7047
1110 104.978 256.727 2 151.056 84.4639
1111 114.978 256.727 2 146.31 84.2423
1112 124.978 256.727 2 142.109 84.0435
1113 134.978 256.727 2 138.504 83.8711
1114 144.978 256.727 2 135.543 83.7282
1115 154.978 256.727 2 133.268 83.6177
1116 164.978 256.727 2 131.715 83.542
1117 174.978 256.727 2 130.91 83.5027
1118 184.978 256.727 2 130.866 83.5005
1119 194.978 256.727 2 131.584 83.5356
1120 204.978 256.727 2 133.052 83.6072
1121 214.978 256.727 2 135.245 83.7138
1122 224.978 256.727 2 138.13 83.853
1123 234.978 256.727 2 141.663 84.0223
1124 244.978 256.727 2 145.797 84.2182
1125 254.978 256.727 2 150.483 84.4373
1126 264.978 256.727 2 155.672 84.6761
1127 274.978 256.727 2 161.314 84.9309
1128 284.978 256.727 2 167.364 85.1985
1129 294.978 256.727 2 173.779 85.4759
1130 304.978 256.727 2 180.52 85.7604
1131 314.978 256.727 2 187.553 86.0495
1132 324.978 256.727 2 194.845 86.3413
1133 334.978 256.727 2 202.369 86.6342
1134 344.978 256.727 2 210.099 86.9266
1135 354.978 256.727 2 218.014 87.2174
1136 364.978 256.727 2 226.094 87.5058
1137 374.978 256.727 2 234.322 87.791
1138 384.978 256.727 2 242.684 88.0725
1139 394.978 256.727 2 251.165 88.3498
1140 404.978 256.727 2 259.755 88.6227
1141 414.978 256.727 2 268.442 88.8909
1142 424.978 256.727 2 277.217 89.1542
1143 434.978 256.727 2 286.073 89.4126
1144 444.978 256.727 2 295.002 89.666
1145 454.978 256.727 2 303.998 89.9145
1146 464.978 256.727 2 313.055 90.1581
1147 474.978 256.727 2 322.167 90.3968
1148 484.978 256.727 2 331.331 90.6307
1149 84.9784 266.727 2 154.396 84.6177
1150 94.9784 266.727 2 148.413 84.3409
1151 104.978 266.727 2 142.881 84.0803
1152 114.978 266.727 2 137.853 83.8397
1153 124.978 266.727 2 133.387 83.6235
1154 134.978 266.727 2 129.539 250
1155 144.978 266.727 2 126.368 250
1156 154.978 266.727 2 123.925 250
1157 164.978 266.727 2 122.253 250
1158 174.978 266.727 2 121.385 83.0339
1159 184.978 266.727 2 121.338 83.0316
1160 194.978 266.727 2 122.112 83.0699
1161 204.978 266.727 2 123.693 83.1479
1162 214.978 266.727 2 126.049 83.2641
1163 224.978 266.727 2 129.139 83.416
1164 234.978 266.727 2 132.911 83.6003
1165 244.978 266.727 2 137.309 250
1166 254.978 266.727 2 142.275 250
1167 264.978 266.727 2 147.752 250
1168 274.978 266.727 2 153.685 84.5851
1169 284.978 266.727 2 160.024 84.8731
1170 294.978 266.727 2 166.722 250
1171 304.978 266.727 2 173.737 250
1172 314.978 266.727 2 181.034 250
1173 324.978 266.727 2 188.578 250
1174 334.978 266.727 2 196.342 250
1175 344.978 266.727 2 204.3 250
1176 354.978 266.727 2 212.431 250
1177 364.978 266.727 2 220.716 250
1178 374.978 266.727 2 229.138 250
1179 384.978 266.727 2 237.682 250
1180 394.978 266.727 2 246.335 250
1181 404.978 266.727 2 255.087 250
1182 414.978 266.727 2 263.928 250
1183 424.978 266.727 2 272.849 250
1184 434.978 266.727 2 281.842 250
1185 444.978 266.727 2 290.901 250
1186 454.978 266.727 2 300.02 250
1187 464.978 266.727 2 309.193 250
1188 474.978 266.727 2 318.416 90.2993
1189 484.978 266.727 2 327.685 90.5384
1190 84.9784 276.727 2 147.089 84.2789
1191 94.9784 276.727 2 140.796 83.9809
1192 104.978 276.727 2 134.952 83.6995
1193 114.978 276.727 2 129.617 83.4394
1194 124.978 276.727 2 124.856 83.2053
1195 134.978 276.727 2 120.737 250
1196 144.978 276.727 2 117.328 250
1197 154.978 276.727 2 114.693 250
1198 164.978 276.727 2 112.885 250
1199 174.978 276.727 2 111.944 82.5685
1200 184.978 276.727 2 111.892 82.566
1201 194.978 276.727 2 112.731 82.6071
1202 204.978 276.727 2 114.442 82.6911
1203 214.978 276.727 2 116.984 82.8165
1204 224.978 276.727 2 120.307 82.9807
1205 234.978 276.727 2 124.348 83.1802
1206 244.978 276.727 2 129.038 250
1207 254.978 276.727 2 134.31 250
1208 264.978 276.727 2 140.099 250
1209 274.978 276.727 2 146.343 84.2439
1210 284.978 276.727 2 152.986 84.553
1211 294.978 276.727 2 159.979 250
1212 304.978 276.727 2 167.277 250
1213 314.978 276.727 2 174.843 250
1214 324.978 276.727 2 182.644 250
1215 334.978 276.727 2 190.649 250
1216 344.978 276.727 2 198.836 250
1217 354.978 276.727 2 207.181 250
1218 364.978 276.727 2 215.668 250
1219 374.978 276.727 2 224.279 250
1220 384.978 276.727 2 233.001 250
1221 394.978 276.727 2 241.822 250
1222 404.978 276.727 2 250.732 250
1223 414.978 276.727 2 259.721 250
1224 424.978 276.727 2 268.781 250
1225 434.978 276.727 2 277.906 250
1226 444.978 276.727 2 287.09 250
1227 454.978 276.727 2 296.326 250
1228 464.978 276.727 2 305.61 250
1229 474.978 276.727 2 314.938 90.208
1230 484.978 276.727 2 324.306 90.4519
1231 84.9784 286.727 2 140.115 83.9483
1232 94.9784 286.727 2 133.494 83.6287
1233 104.978 286.727 2 127.315 83.3264
1234 114.978 286.727 2 121.645 83.0468
1235 124.978 286.727 2 116.559 82.7955
1236 134.978 286.727 2 112.136 250
1237 144.978 286.727 2 108.457 250
1238 154.978 286.727 2 105.601 250
1239 164.978 286.727 2 103.634 250
1240 174.978 286.727 2 102.608 82.1197
1241 184.978 286.727 2 102.552 82.1171
1242 194.978 286.727 2 103.467 82.16
1243 204.978 286.727 2 105.328 82.2482
1244 214.978 286.727 2 108.085 82.3806
1245 224.978 286.727 2 111.673 82.5552
1246 234.978 286.727 2 116.014 82.7686
1247 244.978 286.727 2 121.028 250
1248 254.978 286.727 2 126.634 250
1249 264.978 286.727 2 132.758 250
1250 274.978 286.727 2 139.331 83.9108
1251 284.978 286.727 2 146.293 84.2416
1252 294.978 286.727 2 153.591 250
1253 304.978 286.727 2 161.179 250
1254 314.978 286.727 2 169.018 250
1255 324.978 286.727 2 177.075 250
1256 334.978 286.727 2 185.322 250
1257 344.978 286.727 2 193.733 250
1258 354.978 286.727 2 202.29 250
1259 364.978 286.727 2 210.973 250
1260 374.978 286.727 2 219.768 250
1261 384.978 286.727 2 228.663 250
1262 394.978 286.727 2 237.645 250
1263 404.978 286.727 2 246.705 250
1264 414.978 286.727 2 255.836 250
1265 424.978 286.727 2 265.029 250
1266 434.978 286.727 2 274.279 250
1267 444.978 286.727 2 283.58 250
1268 454.978 286.727 2 292.927 250
1269 464.978 286.727 2 302.315 250
1270 474.978 286.727 2 311.742 90.1232
1271 484.978 286.727 2 321.203 90.3719
1272 84.9784 296.727 2 133.526 83.6303
1273 94.9784 296.727 2 126.561 83.2893
1274 104.978 296.727 2 120.025 82.9667
1275 114.978 296.727 2 113.994 82.6691
1276 124.978 296.727 2 108.55 82.4031
1277 134.978 296.727 2 103.786 250
1278 144.978 296.727 2 99.7998 250
1279 154.978 296.727 2 96.6876 250
1280 164.978 296.727 2 94.5356 250
1281 174.978 296.727 2 93.4101 81.7101
1282 184.978 296.727 2 93.3485 81.7076
1283 194.978 296.727 2 94.3526 81.7497
1284 204.978 296.727 2 96.3893 81.8373
1285 214.978 296.727 2 99.3951 81.9714
1286 224.978 296.727 2 103.285 82.1515
1287 234.978 296.727 2 107.965 82.3748
1288 244.978 296.727 2 113.335 250
1289 254.978 296.727 2 119.303 250
1290 264.978 296.727 2 125.785 250
1291 274.978 296.727 2 132.704 83.5903
1292 284.978 296.727 2 139.996 83.9426
1293 294.978 296.727 2 147.605 250
1294 304.978 296.727 2 155.485 250
1295 314.978 296.727 2 163.598 250
1296 324.978 296.727 2 171.909 85.3958
1297 334.978 296.727 2 180.392 85.755
1298 344.978 296.727 2 189.023 86.109
1299 354.978 296.727 2 197.783 86.4567
1300 364.978 296.727 2 206.656 86.7973
1301 374.978 296.727 2 215.627 87.1306
1302 384.978 296.727 2 224.686 87.4561
1303 394.978 296.727 2 233.821 87.7739
1304 404.978 296.727 2 243.024 88.0838
1305 414.978 296.727 2 252.288 88.3859
1306 424.978 296.727 2 261.606 88.6805
1307 434.978 296.727 2 270.972 250
1308 444.978 296.727 2 280.383 250
1309 454.978 296.727 2 289.833 250
1310 464.978 296.727 2 299.318 250
1311 474.978 296.727 2 308.836 90.0455
1312 484.978 296.727 2 318.384 90.2985
1313 84.9784 306.727 2 127.382 83.3297
1314 94.9784 306.727 2 120.061 82.9685
1315 104.978 306.727 2 113.151 82.6277
1316 114.978 306.727 2 106.731 82.3154
1317 124.978 306.727 2 100.896 82.0402
1318 134.978 306.727 2 95.7525 250
1319 144.978 306.727 2 91.4168 250
1320 154.978 306.727 2 88.0086 250
1321 164.978 306.727 2 85.6387 250
1322 174.978 306.727 2 84.3947 81.3781
1323 184.978 306.727 2 84.3265 81.376
1324 194.978 306.727 2 85.4367 81.4111
1325 204.978 306.727 2 87.6808 81.4876
1326 214.978 306.727 2 90.9747 81.6115
1327 224.978 306.727 2 95.2097 81.7862
1328 234.978 306.727 2 100.266 82.0112
1329 244.978 306.727 2 106.028 250
1330 254.978 306.727 2 112.385 250
1331 264.978 306.727 2 119.243 250
1332 274.978 306.727 2 126.52 83.2873
1333 284.978 306.727 2 134.148 83.6605
1334 294.978 306.727 2 142.071 250
1335 304.978 306.727 2 150.242 250
1336 314.978 306.727 2 158.623 250
1337 324.978 306.727 2 167.182 85.1906
1338 334.978 306.727 2 175.893 250
1339 344.978 306.727 2 184.734 250
1340 354.978 306.727 2 193.688 250
1341 364.978 306.727 2 202.74 86.6484
1342 374.978 306.727 2 211.878 250
1343 384.978 306.727 2 221.09 250
1344 394.978 306.727 2 230.367 250
1345 404.978 306.727 2 239.703 250
1346 414.978 306.727 2 249.09 250
1347 424.978 306.727 2 258.524 250
1348 434.978 306.727 2 267.998 250
1349 444.978 306.727 2 277.509 250
1350 454.978 306.727 2 287.054 250
1351 464.978 306.727 2 296.628 250
1352 474.978 306.727 2 306.23 89.9752
1353 484.978 306.727 2 315.857 90.2322
1354 84.9784 316.727 2 121.75 83.052
1355 94.9784 316.727 2 114.069 82.6728
1356 104.978 316.727 2 106.771 82.3173
1357 114.978 316.727 2 99.943 81.9964
1358 124.978 316.727 2 93.6861 81.7216
1359 134.978 316.727 2 88.1224 250
1360 144.978 316.727 2 83.3909 250
1361 154.978 316.727 2 79.64 250
1362 164.978 316.727 2 77.0131 250
1363 174.978 316.727 2 75.6273 81.1896
1364 184.978 316.727 2 75.5511 81.1888
1365 194.978 316.727 2 76.7884 81.2031
1366 204.978 316.727 2 79.2776 81.2454
1367 214.978 316.727 2 82.9061 81.3341
1368 224.978 316.727 2 87.5323 81.4823
1369 234.978 316.727 2 93.0074 81.6934
1370 244.978 316.727 2 99.1911 250
1371 254.978 316.727 2 105.959 250
1372 264.978 316.727 2 113.207 250
1373 274.978 316.727 2 120.848 83.0074
1374 284.978 316.727 2 128.813 83.4
1375 294.978 316.727 2 137.045 250
1376 304.978 316.727 2 145.498 250
1377 314.978 316.727 2 154.137 250
1378 324.978 316.727 2 162.932 85.003
1379 334.978 316.727 2 171.858 250
1380 344.978 316.727 2 180.897 250
1381 354.978 316.727 2 190.032 250
1382 364.978 316.727 2 199.25 86.5138
1383 374.978 316.727 2 208.54 250
1384 384.978 316.727 2 217.894 250
1385 394.978 316.727 2 227.302 250
1386 404.978 316.727 2 236.758 250
1387 414.978 316.727 2 246.258 250
1388 424.978 316.727 2 255.796 250
1389 434.978 316.727 2 265.368 250
1390 444.978 316.727 2 274.97 250
1391 454.978 316.727 2 284.6 250
1392 464.978 316.727 2 294.254 250
1393 474.978 316.727 2 303.931 89.9127
1394 484.978 316.727 2 313.628 90.1733
1395 84.9784 326.727 2 116.705 82.8027
1396 94.9784 326.727 2 108.668 82.4088
1397 104.978 326.727 2 100.981 82.0441
1398 114.978 326.727 2 93.7316 81.7235
1399 124.978 326.727 2 87.0293 81.4647
1400 134.978 326.727 2 81.0098 81.2842
1401 144.978 326.727 2 75.8358 81.1917
1402 154.978 326.727 2 71.6906 81.1804
1403 164.978 326.727 2 68.7607 81.2196
1404 174.978 326.727 2 67.205 81.2608
1405 184.978 326.727 2 67.1192 81.2635
1406 194.978 326.727 2 68.5089 81.2252
1407 204.978 326.727 2 71.2878 81.1831
1408 214.978 326.727 2 75.3023 81.1866
1409 224.978 326.727 2 80.3674 81.269
1410 234.978 326.727 2 86.2983 81.4396
1411 244.978 326.727 2 92.9295 81.6902
1412 254.978 326.727 2 100.122 82.0046
1413 264.978 326.727 2 107.763 82.3651
1414 274.978 326.727 2 115.764 82.7563
1415 284.978 326.727 2 124.056 83.1658
1416 294.978 326.727 2 132.583 83.5844
1417 304.978 326.727 2 141.304 84.0052
1418 314.978 326.727 2 150.184 84.4234
1419 324.978 326.727 2 159.197 84.8359
1420 334.978 326.727 2 168.322 85.2404
1421 344.978 326.727 2 177.541 85.6355
1422 354.978 326.727 2 186.84 86.0206
1423 364.978 326.727 2 196.208 86.395
1424 374.978 326.727 2 205.636 86.7588
1425 384.978 326.727 2 215.115 87.1119
1426 394.978 326.727 2 224.64 87.4545
1427 404.978 326.727 2 234.204 87.787
1428 414.978 326.727 2 243.803 88.1096
1429 424.978 326.727 2 253.434 88.4227
1430 434.978 326.727 2 263.091 88.7266
1431 444.978 326.727 2 272.774 89.0218
1432 454.978 326.727 2 282.478 89.3086
1433 464.978 326.727 2 292.203 89.5873
1434 474.978 326.727 2 301.945 89.8584
1435 484.978 326.727 2 311.704 90.1222
1436 84.9784 336.727 2 112.326 82.5872
1437 94.9784 336.727 2 103.95 82.1828
1438 104.978 336.727 2 95.8861 81.8154
1439 114.978 336.727 2 88.2192 81.507
1440 124.978 336.727 2 81.0624 81.2855
1441 134.978 336.727 2 74.5627 81.1812
1442 144.978 336.727 2 68.9063 81.2165
1443 154.978 336.727 2 64.3161 81.3842
1444 164.978 336.727 2 61.0332 81.6199
1445 174.978 336.727 2 59.275 81.8007
1446 184.978 336.727 2 59.1778 81.8121
1447 194.978 336.727 2 60.7494 81.6462
1448 204.978 336.727 2 63.8669 81.4098
1449 214.978 336.727 2 68.3188 81.2297
1450 224.978 336.727 2 73.8643 81.1779
1451 234.978 336.727 2 80.2772 81.2669
1452 244.978 336.727 2 87.3665 81.4765
1453 254.978 336.727 2 94.981 81.7764
1454 264.978 336.727 2 103.004 82.1383
1455 274.978 336.727 2 111.348 82.5393
1456 284.978 336.727 2 119.945 82.9628
1457 294.978 336.727 2 128.745 83.3967
1458 304.978 336.727 2 137.709 83.8328
1459 314.978 336.727 2 146.807 84.2657
1460 324.978 336.727 2 156.015 84.6917
1461 334.978 336.727 2 165.316 85.1086
1462 344.978 336.727 2 174.693 85.5149
1463 354.978 336.727 2 184.136 85.91
1464 364.978 336.727 2 193.635 86.2935
1465 374.978 336.727 2 203.183 86.6653
1466 384.978 336.727 2 212.771 87.0257
1467 394.978 336.727 2 222.396 87.3749
1468 404.978 336.727 2 232.053 87.7132
1469 414.978 336.727 2 241.738 88.0411
1470 424.978 336.727 2 251.447 88.3589
1471 434.978 336.727 2 261.178 88.6672
1472 444.978 336.727 2 270.929 88.9662
1473 454.978 336.727 2 280.697 89.2566
1474 464.978 336.727 2 290.482 89.5386
1475 474.978 336.727 2 300.28 89.8126
1476 484.978 336.727 2 310.091 90.0791
1477 84.9784 346.727 2 108.693 82.4101
1478 94.9784 346.727 2 100.013 81.9996
1479 104.978 346.727 2 91.6033 81.6364
1480 114.978 346.727 2 83.5443 250
1481 124.978 346.727 2 75.9483 250
1482 134.978 346.727 2 68.9682 250
1483 144.978 346.727 2 62.81 250
1484 154.978 346.727 2 57.7372 250
1485 164.978 346.727 2 54.0561 250
1486 174.978 346.727 2 52.0629 250
1487 184.978 346.727 2 51.9522 83.2282
1488 194.978 346.727 2 53.7356 82.7457
1489 204.978 346.727 2 57.2363 82.072
1490 214.978 346.727 2 62.1649 81.5252
1491 224.978 346.727 2 68.2126 81.2323
1492 234.978 346.727 2 75.1095 81.185
1493 244.978 346.727 2 82.6434 250
1494 254.978 346.727 2 90.6554 250
1495 264.978 346.727 2 99.0297 250
1496 274.978 346.727 2 107.682 82.3612
1497 284.978 346.727 2 116.55 82.795
1498 294.978 346.727 2 125.588 83.2414
1499 304.978 346.727 2 134.762 83.6903
1500 314.978 346.727 2 144.046 84.1355
1501 324.978 346.727 2 153.42 84.573
1502 334.978 346.727 2 162.869 85.0002
1503 344.978 346.727 2 172.38 85.416
1504 354.978 346.727 2 181.943 85.8195
1505 364.978 346.727 2 191.551 86.2105
1506 374.978 346.727 2 201.197 86.5891
1507 384.978 346.727 2 210.876 250
1508 394.978 346.727 2 220.584 250
1509 404.978 346.727 2 230.316 250
1510 414.978 346.727 2 240.071 250
1511 424.978 346.727 2 249.845 250
1512 434.978 346.727 2 259.636 250
1513 444.978 346.727 2 269.443 88.9213
1514 454.978 346.727 2 279.263 250
1515 464.978 346.727 2 289.096 250
1516 474.978 346.727 2 298.94 89.7756
1517 484.978 346.727 2 308.794 90.0443
1518 84.9784 356.727 2 105.883 82.2747
1519 94.9784 356.727 2 96.9521 81.862
1520 104.978 356.727 2 88.2507 250
1521 114.978 356.727 2 79.8541 250
1522 124.978 356.727 2 71.869 250
1523 134.978 356.727 2 64.4487 250
1524 144.978 356.727 2 57.8111 250
1525 154.978 356.727 2 52.2552 250
1526 164.978 356.727 2 48.1569 250
1527 174.978 356.727 2 45.9082 250
1528 184.978 356.727 2 45.7826 86.2718
1529 194.978 356.727 2 47.7968 84.9472
1530 204.978 356.727 2 51.7012 83.3058
1531 214.978 356.727 2 57.1095 82.0914
1532 224.978 356.727 2 63.6394 81.4235
1533 234.978 356.727 2 70.9821 81.1858
1534 244.978 356.727 2 78.911 250
1535 254.978 356.727 2 87.2664 250
1536 264.978 356.727 2 95.937 250
1537 274.978 356.727 2 104.845 82.2252
1538 284.978 356.727 2 113.934 82.6661
1539 294.978 356.727 2 123.164 83.1218
1540 304.978 356.727 2 132.506 83.5806
1541 314.978 356.727 2 141.938 84.0354
1542 324.978 356.727 2 151.442 84.4818
1543 334.978 356.727 2 161.007 84.9172
1544 344.978 356.727 2 170.622 85.3402
1545 354.978 356.727 2 180.278 85.7503
1546 364.978 356.727 2 189.97 86.1472
1547 374.978 356.727 2 199.693 86.531
1548 384.978 356.727 2 209.441 86.902
1549 394.978 356.727 2 219.213 250
1550 404.978 356.727 2 229.004 250
1551 414.978 356.727 2 238.812 250
1552 424.978 356.727 2 248.636 250
1553 434.978 356.727 2 258.473 250
1554 444.978 356.727 2 268.322 88.8872
1555 454.978 356.727 2 278.182 250
1556 464.978 356.727 2 288.051 250
1557 474.978 356.727 2 297.93 89.7476
1558 484.978 356.727 2 307.816 90.018
1559 84.9784 366.727 2 103.963 82.1834
1560 94.9784 366.727 2 94.8511 81.7708
1561 104.978 366.727 2 85.9372 250
1562 114.978 366.727 2 77.2897 250
1563 124.978 366.727 2 69.0085 250
1564 134.978 366.727 2 61.2426 250
1565 144.978 366.727 2 54.2138 250
1566 154.978 366.727 2 48.2454 250
1567 164.978 366.727 2 43.7733 250
1568 174.978 366.727 2 41.2866 250
1569 184.978 366.727 2 41.1469 92.5499
1570 194.978 366.727 2 43.3768 250
1571 204.978 366.727 2 47.6448 250
1572 214.978 366.727 2 53.4651 250
1573 224.978 366.727 2 60.3904 250
1574 234.978 366.727 2 68.0843 250
1575 244.978 366.727 2 76.3149 250
1576 254.978 366.727 2 84.9261 250
1577 264.978 366.727 2 93.8132 250
1578 274.978 366.727 2 102.905 82.1336
1579 284.978 366.727 2 112.151 82.5786
1580 294.978 366.727 2 121.517 83.0405
1581 304.978 366.727 2 130.977 83.506
1582 314.978 366.727 2 140.511 83.9673
1583 324.978 366.727 2 150.106 84.4198
1584 334.978 366.727 2 159.751 84.8608
1585 344.978 366.727 2 169.437 85.2889
1586 354.978 366.727 2 179.157 85.7034
1587 364.978 366.727 2 188.907 86.1043
1588 374.978 366.727 2 198.681 86.4917
1589 384.978 366.727 2 208.477 86.8659
1590 394.978 366.727 2 218.292 250
1591 404.978 366.727 2 228.122 250
1592 414.978 366.727 2 237.967 250
1593 424.978 366.727 2 247.824 250
1594 434.978 366.727 2 257.692 250
1595 444.978 366.727 2 267.57 88.8643
1596 454.978 366.727 2 277.456 250
1597 464.978 366.727 2 287.351 250
1598 474.978 366.727 2 297.253 89.7288
1599 484.978 366.727 2 307.16 90.0003
1600 84.9784 376.727 2 102.982 82.1372
1601 94.9784 376.727 2 93.775 81.7253
1602 104.978 376.727 2 84.748 250
1603 114.978 376.727 2 75.9652 250
1604 124.978 376.727 2 67.5218 250
1605 134.978 376.727 2 59.5624 250
1606 144.978 376.727 2 52.3083 250
1607 154.978 376.727 2 46.0938 250
1608 164.978 376.727 2 41.3899 250
1609 174.978 376.727 2 38.7505 250
1610 184.978 376.727 2 38.6016 106.042
1611 194.978 376.727 2 40.9703 250
1612 204.978 376.727 2 45.4648 250
1613 214.978 376.727 2 51.5319 250
1614 224.978 376.727 2 58.6857 250
1615 234.978 376.727 2 66.577 250
1616 244.978 376.727 2 74.9732 250
1617 254.978 376.727 2 83.7225 250
1618 264.978 376.727 2 92.7251 250
1619 274.978 376.727 2 101.914 82.0873
1620 284.978 376.727 2 111.243 82.5342
1621 294.978 376.727 2 120.679 82.999
1622 304.978 376.727 2 130.199 83.4679
1623 314.978 376.727 2 139.787 83.9326
1624 324.978 376.727 2 149.428 84.3883
1625 334.978 376.727 2 159.114 84.8321
1626 344.978 376.727 2 168.837 85.2628
1627 354.978 376.727 2 178.59 85.6796
1628 364.978 376.727 2 188.369 86.0826
1629 374.978 376.727 2 198.17 86.4718
1630 384.978 376.727 2 207.99 250
1631 394.978 376.727 2 217.826 250
1632 404.978 376.727 2 227.677 250
1633 414.978 376.727 2 237.54 250
1634 424.978 376.727 2 247.414 250
1635 434.978 376.727 2 257.298 250
1636 444.978 376.727 2 267.19 250
1637 454.978 376.727 2 277.09 250
1638 464.978 376.727 2 286.998 250
1639 474.978 376.727 2 296.911 89.7193
1640 484.978 376.727 2 306.83 89.9914
1641 84.9784 386.727 2 102.967 82.1365
1642 94.9784 386.727 2 93.7591 81.7247
1643 104.978 386.727 2 84.7304 81.3885
1644 114.978 386.727 2 75.9456 250
1645 124.978 386.727 2 67.4997 250
1646 134.978 386.727 2 59.5373 250
1647 144.978 386.727 2 52.2798 250
1648 154.978 386.727 2 46.0615 250
1649 164.978 386.727 2 41.3538 250
1650 174.978 386.727 2 38.712 250
1651 184.978 386.727 2 38.563 106.606
1652 194.978 386.727 2 40.9339 250
1653 204.978 386.727 2 45.432 250
1654 214.978 386.727 2 51.5029 250
1655 224.978 386.727 2 58.6603 250
1656 234.978 386.727 2 66.5546 250
1657 244.978 386.727 2 74.9533 250
1658 254.978 386.727 2 83.7047 250
1659 264.978 386.727 2 92.709 250
1660 274.978 386.727 2 101.899 82.0866
1661 284.978 386.727 2 111.229 82.5335
1662 294.978 386.727 2 120.667 82.9984
1663 304.978 386.727 2 130.188 83.4674
1664 314.978 386.727 2 139.776 83.9321
1665 324.978 386.727 2 149.418 84.3878
1666 334.978 386.727 2 159.105 84.8317
1667 344.978 386.727 2 168.828 85.2624
1668 354.978 386.727 2 178.581 85.6793
1669 364.978 386.727 2 188.361 86.0822
1670 374.978 386.727 2 198.162 86.4715
1671 384.978 386.727 2 207.983 250
1672 394.978 386.727 2 217.819 250
1673 404.978 386.727 2 227.67 250
1674 414.978 386.727 2 237.534 250
1675 424.978 386.727 2 247.408 250
1676 434.978 386.727 2 257.292 250
1677 444.978 386.727 2 267.185 250
1678 454.978 386.727 2 277.085 250
1679 464.978 386.727 2 286.992 250
1680 474.978 386.727 2 296.906 89.7192
1681 484.978 386.727 2 306.825 89.9913
1682 84.9784 396.727 2 103.92 82.1814
1683 94.9784 396.727 2 94.8039 81.7688
1684 104.978 396.727 2 85.8852 81.4258
1685 114.978 396.727 2 77.2318 81.2093
1686 124.978 396.727 2 68.9437 81.2158
1687 134.978 396.727 2 61.1695 81.6077
1688 144.978 396.727 2 54.1313 82.6532
1689 154.978 396.727 2 48.1526 84.7553
1690 164.978 396.727 2 43.671 88.3029
1691 174.978 396.727 2 41.1782 92.4748
1692 184.978 396.727 2 41.0381 92.818
1693 194.978 396.727 2 43.2736 88.7978
1694 204.978 396.727 2 47.5509 85.0863
1695 214.978 396.727 2 53.3814 82.8327
1696 224.978 396.727 2 60.3163 81.6884
1697 234.978 396.727 2 68.0186 81.2373
1698 244.978 396.727 2 76.2563 250
1699 254.978 396.727 2 84.8734 250
1700 264.978 396.727 2 93.7656 250
1701 274.978 396.727 2 102.861 82.1316
1702 284.978 396.727 2 112.111 82.5767
1703 294.978 396.727 2 121.48 83.0386
1704 304.978 396.727 2 130.942 83.5043
1705 314.978 396.727 2 140.479 83.9658
1706 324.978 396.727 2 150.076 84.4184
1707 334.978 396.727 2 159.723 84.8595
1708 344.978 396.727 2 169.41 85.2877
1709 354.978 396.727 2 179.132 85.7024
1710 364.978 396.727 2 188.883 86.1033
1711 374.978 396.727 2 198.659 86.4908
1712 384.978 396.727 2 208.456 250
1713 394.978 396.727 2 218.271 250
1714 404.978 396.727 2 228.102 250
1715 414.978 396.727 2 237.948 250
1716 424.978 396.727 2 247.806 250
1717 434.978 396.727 2 257.675 250
1718 444.978 396.727 2 267.553 250
1719 454.978 396.727 2 277.44 250
1720 464.978 396.727 2 287.335 250
1721 474.978 396.727 2 297.237 89.7284
1722 484.978 396.727 2 307.146 89.9999
1723 84.9784 406.727 2 105.813 82.2714
1724 94.9784 406.727 2 96.8752 81.8587
1725 104.978 406.727 2 88.1662 81.5051
1726 114.978 406.727 2 79.7607 81.2555
1727 124.978 406.727 2 71.7652 81.1799
1728 134.978 406.727 2 64.333 81.3833
1729 144.978 406.727 2 57.682 82.0063
1730 154.978 406.727 2 52.1123 83.18
1731 164.978 406.727 2 48.0018 84.8353
1732 174.978 406.727 2 45.7456 86.3008
1733 184.978 406.727 2 45.6195 86.4007
1734 194.978 406.727 2 47.6406 85.035
1735 204.978 406.727 2 51.5568 83.3517
1736 214.978 406.727 2 56.9788 82.1118
1737 224.978 406.727 2 63.5222 81.4308
1738 234.978 406.727 2 70.877 81.1868
1739 244.978 406.727 2 78.8165 81.2363
1740 254.978 406.727 2 87.1809 81.47
1741 264.978 406.727 2 95.8593 81.8142
1742 274.978 406.727 2 104.773 82.2218
1743 284.978 406.727 2 113.868 82.6629
1744 294.978 406.727 2 123.103 83.1188
1745 304.978 406.727 2 132.45 83.5779
1746 314.978 406.727 2 141.885 84.0329
1747 324.978 406.727 2 151.393 84.4795
1748 334.978 406.727 2 160.961 84.9151
1749 344.978 406.727 2 170.578 85.3383
1750 354.978 406.727 2 180.237 85.7486
1751 364.978 406.727 2 189.931 86.1456
1752 374.978 406.727 2 199.655 86.5295
1753 384.978 406.727 2 209.406 86.9007
1754 394.978 406.727 2 219.179 87.2595
1755 404.978 406.727 2 228.971 87.6065
1756 414.978 406.727 2 238.781 87.9421
1757 424.978 406.727 2 248.606 88.267
1758 434.978 406.727 2 258.444 88.5816
1759 444.978 406.727 2 268.294 88.8864
1760 454.978 406.727 2 278.155 89.1819
1761 464.978 406.727 2 288.025 89.4686
1762 474.978 406.727 2 297.905 89.747
1763 484.978 406.727 2 307.792 90.0174
1764 84.9784 416.727 2 108.597 82.4054
1765 94.9784 416.727 2 99.9091 81.9948
1766 104.978 416.727 2 91.4894 81.6319
1767 114.978 416.727 2 83.4193 250
1768 124.978 416.727 2 75.8107 250
1769 134.978 416.727 2 68.8168 250
1770 144.978 416.727 2 62.6437 250
1771 154.978 416.727 2 57.5562 82.0245
1772 164.978 416.727 2 53.8627 82.7155
1773 174.978 416.727 2 51.8621 83.2557
1774 184.978 416.727 2 51.7509 83.2902
1775 194.978 416.727 2 53.541 82.793
1776 204.978 416.727 2 57.0537 82.1001
1777 214.978 416.727 2 61.9968 81.5383
1778 224.978 416.727 2 68.0595 81.2362
1779 234.978 416.727 2 74.9705 81.1839
1780 244.978 416.727 2 82.517 81.3233
1781 254.978 416.727 2 90.5402 81.5944
1782 264.978 416.727 2 98.9243 81.9501
1783 274.978 416.727 2 107.585 82.3565
1784 284.978 416.727 2 116.46 82.7906
1785 294.978 416.727 2 125.505 83.2373
1786 304.978 416.727 2 134.685 83.6866
1787 314.978 416.727 2 143.974 84.1321
1788 324.978 416.727 2 153.352 84.5698
1789 334.978 416.727 2 162.805 84.9974
1790 344.978 416.727 2 172.319 85.4134
1791 354.978 416.727 2 181.886 85.8171
1792 364.978 416.727 2 191.496 86.2083
1793 374.978 416.727 2 201.145 86.5871
1794 384.978 416.727 2 210.826 86.9536
1795 394.978 416.727 2 220.536 87.3083
1796 404.978 416.727 2 230.271 87.6516
1797 414.978 416.727 2 240.028 87.984
1798 424.978 416.727 2 249.803 88.3058
1799 434.978 416.727 2 259.596 88.6177
1800 444.978 416.727 2 269.404 88.9201
1801 454.978 416.727 2 279.226 89.2134
1802 464.978 416.727 2 289.06 89.4981
1803 474.978 416.727 2 298.905 89.7747
1804 484.978 416.727 2 308.76 90.0434
1805 84.9784 426.727 2 112.207 82.5814
1806 94.9784 426.727 2 103.821 82.1767
1807 104.978 426.727 2 95.7461 81.8093
1808 114.978 426.727 2 88.067 250
1809 124.978 426.727 2 80.8968 250
1810 134.978 426.727 2 74.3826 250
1811 144.978 426.727 2 68.7114 250
1812 154.978 426.727 2 64.1072 81.3959
1813 164.978 426.727 2 60.8129 250
1814 174.978 426.727 2 59.0483 250
1815 184.978 426.727 2 58.9506 250
1816 194.978 426.727 2 60.5282 250
1817 204.978 426.727 2 63.6564 250
1818 214.978 426.727 2 68.1221 250
1819 224.978 426.727 2 73.6825 81.1773
1820 234.978 426.727 2 80.1099 250
1821 244.978 426.727 2 87.2128 250
1822 254.978 426.727 2 94.8396 250
1823 264.978 426.727 2 102.874 250
1824 274.978 426.727 2 111.227 82.5334
1825 284.978 426.727 2 119.833 82.9572
1826 294.978 426.727 2 128.641 83.3915
1827 304.978 426.727 2 137.612 250
1828 314.978 426.727 2 146.716 250
1829 324.978 426.727 2 155.929 250
1830 334.978 426.727 2 165.234 250
1831 344.978 426.727 2 174.616 250
1832 354.978 426.727 2 184.064 250
1833 364.978 426.727 2 193.566 250
1834 374.978 426.727 2 203.117 250
1835 384.978 426.727 2 212.708 250
1836 394.978 426.727 2 222.336 250
1837 404.978 426.727 2 231.995 250
1838 414.978 426.727 2 241.682 250
1839 424.978 426.727 2 251.394 250
1840 434.978 426.727 2 261.127 250
1841 444.978 426.727 2 270.88 250
1842 454.978 426.727 2 280.65 250
1843 464.978 426.727 2 290.435 89.5373
1844 474.978 426.727 2 300.235 89.8114
1845 484.978 426.727 2 310.048 250
1846 84.9784 436.727 2 116.565 82.7958
1847 94.9784 436.727 2 108.517 82.4015
1848 104.978 436.727 2 100.818 82.0366
1849 114.978 436.727 2 93.5565 250
1850 124.978 436.727 2 86.8407 250
1851 134.978 436.727 2 80.8071 250
1852 144.978 436.727 2 75.6192 250
1853 154.978 436.727 2 71.4615 81.1818
1854 164.978 436.727 2 68.5218 250
1855 174.978 436.727 2 66.9605 250
1856 184.978 436.727 2 66.8745 250
1857 194.978 436.727 2 68.2692 250
1858 204.978 436.727 2 71.0575 250
1859 214.978 436.727 2 75.0842 250
1860 224.978 436.727 2 80.1631 81.2643
1861 234.978 436.727 2 86.1081 250
1862 244.978 436.727 2 92.7528 250
1863 254.978 436.727 2 99.9579 250
1864 264.978 436.727 2 107.611 250
1865 274.978 436.727 2 115.622 82.7493
1866 284.978 436.727 2 123.923 83.1593
1867 294.978 436.727 2 132.459 83.5783
1868 304.978 436.727 2 141.188 250
1869 314.978 436.727 2 150.075 250
1870 324.978 436.727 2 159.094 250
1871 334.978 436.727 2 168.224 250
1872 344.978 436.727 2 177.448 250
1873 354.978 436.727 2 186.752 250
1874 364.978 436.727 2 196.125 250
1875 374.978 436.727 2 205.556 250
1876 384.978 436.727 2 215.039 250
1877 394.978 436.727 2 224.567 250
1878 404.978 436.727 2 234.134 250
1879 414.978 436.727 2 243.736 250
1880 424.978 436.727 2 253.369 250
1881 434.978 436.727 2 263.029 250
1882 444.978 436.727 2 272.714 250
1883 454.978 436.727 2 282.42 250
1884 464.978 436.727 2 292.147 89.5857
1885 474.978 436.727 2 301.891 89.8569
1886 484.978 436.727 2 311.652 250
1887 84.9784 446.727 2 121.591 83.0441
1888 94.9784 446.727 2 113.899 82.6644
1889 104.978 446.727 2 106.59 82.3086
1890 114.978 446.727 2 99.7489 250
1891 124.978 446.727 2 93.479 250
1892 134.978 446.727 2 87.9022 250
1893 144.978 446.727 2 83.1582 250
1894 154.978 446.727 2 79.3963 81.2478
1895 164.978 446.727 2 76.761 250
1896 174.978 446.727 2 75.3706 250
1897 184.978 446.727 2 75.2942 250
1898 194.978 446.727 2 76.5356 250
1899 204.978 446.727 2 79.0328 250
1900 214.978 446.727 2 82.672 250
1901 224.978 446.727 2 87.3106 81.4745
1902 234.978 446.727 2 92.7989 250
1903 244.978 446.727 2 98.9955 250
1904 254.978 446.727 2 105.776 250
1905 264.978 446.727 2 113.036 250
1906 274.978 446.727 2 120.688 82.9995
1907 284.978 446.727 2 128.662 83.3926
1908 294.978 446.727 2 136.903 83.7939
1909 304.978 446.727 2 145.365 250
1910 314.978 446.727 2 154.011 250
1911 324.978 446.727 2 162.813 250
1912 334.978 446.727 2 171.745 250
1913 344.978 446.727 2 180.79 250
1914 354.978 446.727 2 189.93 250
1915 364.978 446.727 2 199.153 250
1916 374.978 446.727 2 208.448 250
1917 384.978 446.727 2 217.805 250
1918 394.978 446.727 2 227.217 250
1919 404.978 446.727 2 236.677 250
1920 414.978 446.727 2 246.179 250
1921 424.978 446.727 2 255.72 250
1922 434.978 446.727 2 265.295 250
1923 444.978 446.727 2 274.9 250
1924 454.978 446.727 2 284.532 250
1925 464.978 446.727 2 294.188 89.6432
1926 474.978 446.727 2 303.867 89.911
1927 484.978 446.727 2 313.566 250
1928 84.9784 456.727 2 127.206 83.3211
1929 94.9784 456.727 2 119.874 82.9593
1930 104.978 456.727 2 112.953 82.618
1931 114.978 456.727 2 106.522 250
1932 124.978 456.727 2 100.674 250
1933 134.978 456.727 2 95.5187 250
1934 144.978 456.727 2 91.1718 250
1935 154.978 456.727 2 87.7541 81.4902
1936 164.978 456.727 2 85.3772 250
1937 174.978 456.727 2 84.1294 250
1938 184.978 456.727 2 84.0609 250
1939 194.978 456.727 2 85.1746 250
1940 204.978 456.727 2 87.4254 250
1941 214.978 456.727 2 90.7286 250
1942 224.978 456.727 2 94.9745 81.7761
1943 234.978 456.727 2 100.043 250
1944 244.978 456.727 2 105.816 250
1945 254.978 456.727 2 112.186 250
1946 264.978 456.727 2 119.055 250
1947 274.978 456.727 2 126.343 83.2786
1948 284.978 456.727 2 133.982 83.6524
1949 294.978 456.727 2 141.914 84.0342
1950 304.978 456.727 2 150.093 250
1951 314.978 456.727 2 158.482 250
1952 324.978 456.727 2 167.048 250
1953 334.978 456.727 2 175.765 250
1954 344.978 456.727 2 184.613 250
1955 354.978 456.727 2 193.573 250
1956 364.978 456.727 2 202.63 250
1957 374.978 456.727 2 211.772 250
1958 384.978 456.727 2 220.988 250
1959 394.978 456.727 2 230.27 250
1960 404.978 456.727 2 239.61 250
1961 414.978 456.727 2 249.001 250
1962 424.978 456.727 2 258.437 250
1963 434.978 456.727 2 267.915 250
1964 444.978 456.727 2 277.429 250
1965 454.978 456.727 2 286.976 250
1966 464.978 456.727 2 296.553 89.7094
1967 474.978 456.727 2 306.157 89.9732
1968 484.978 456.727 2 315.786 250
1969 84.9784 466.727 2 133.336 83.621
1970 94.9784 466.727 2 126.36 83.2794
1971 104.978 466.727 2 119.814 82.9563
1972 114.978 466.727 2 113.771 250
1973 124.978 466.727 2 108.316 250
1974 134.978 466.727 2 103.541 250
1975 144.978 466.727 2 99.5456 250
1976 154.978 466.727 2 96.4251 81.8389
1977 164.978 466.727 2 94.2671 250
1978 174.978 466.727 2 93.1384 250
1979 184.978 466.727 2 93.0766 250
1980 194.978 466.727 2 94.0837 250
1981 204.978 466.727 2 96.126 250
1982 214.978 466.727 2 99.1398 250
1983 224.978 466.727 2 103.04 82.1399
1984 234.978 466.727 2 107.73 250
1985 244.978 466.727 2 113.111 250
1986 254.978 466.727 2 119.091 250
1987 264.978 466.727 2 125.583 250
1988 274.978 466.727 2 132.513 83.5809
1989 284.978 466.727 2 139.814 83.9339
1990 294.978 466.727 2 147.433 84.2951
1991 304.978 466.727 2 155.322 250
1992 314.978 466.727 2 163.443 250
1993 324.978 466.727 2 171.761 250
1994 334.978 466.727 2 180.251 250
1995 344.978 466.727 2 188.889 250
1996 354.978 466.727 2 197.655 250
1997 364.978 466.727 2 206.533 250
1998 374.978 466.727 2 215.51 250
1999 384.978 466.727 2 224.573 250
2000 394.978 466.727 2 233.712 250
2001 404.978 466.727 2 242.919 250
2002 414.978 466.727 2 252.187 250
2003 424.978 466.727 2 261.509 250
2004 434.978 466.727 2 270.879 250
2005 444.978 466.727 2 280.292 250
2006 454.978 466.727 2 289.745 250
2007 464.978 466.727 2 299.234 89.7838
2008 474.978 466.727 2 308.754 90.0433
2009 484.978 466.727 2 318.304 250
2010 84.9784 476.727 2 139.912 83.9386
2011 94.9784 476.727 2 133.281 83.6184
2012 104.978 476.727 2 127.092 83.3154
2013 114.978 476.727 2 121.412 83.0353
2014 124.978 476.727 2 116.316 82.7835
2015 134.978 476.727 2 111.883 82.5655
2016 144.978 476.727 2 108.196 82.386
2017 154.978 476.727 2 105.332 82.2484
2018 164.978 476.727 2 103.36 82.155
2019 174.978 476.727 2 102.332 82.1068
2020 184.978 476.727 2 102.275 82.1041
2021 194.978 476.727 2 103.193 82.1471
2022 204.978 476.727 2 105.058 82.2354
2023 214.978 476.727 2 107.823 82.368
2024 224.978 476.727 2 111.419 82.5428
2025 234.978 476.727 2 115.77 82.7566
2026 244.978 476.727 2 120.794 83.0047
2027 254.978 476.727 2 126.411 83.2819
2028 264.978 476.727 2 132.545 83.5825
2029 274.978 476.727 2 139.128 83.901
2030 284.978 476.727 2 146.1 84.2324
2031 294.978 476.727 2 153.407 84.5723
2032 304.978 476.727 2 161.003 250
2033 314.978 476.727 2 168.851 250
2034 324.978 476.727 2 176.915 250
2035 334.978 476.727 2 185.169 250
2036 344.978 476.727 2 193.587 250
2037 354.978 476.727 2 202.15 250
2038 364.978 476.727 2 210.839 250
2039 374.978 476.727 2 219.639 250
2040 384.978 476.727 2 228.539 250
2041 394.978 476.727 2 237.526 250
2042 404.978 476.727 2 246.591 250
2043 414.978 476.727 2 255.725 250
2044 424.978 476.727 2 264.922 250
2045 434.978 476.727 2 274.176 250
2046 444.978 476.727 2 283.48 250
2047 454.978 476.727 2 292.83 250
2048 464.978 476.727 2 302.221 89.866
2049 474.978 476.727 2 311.651 90.1208
2050 484.978 476.727 2 321.115 250
2051 84.9784 486.727 2 146.876 84.2689
2052 94.9784 486.727 2 140.574 83.9703
2053 104.978 486.727 2 134.72 83.6883
2054 114.978 486.727 2 129.375 83.4276
2055 124.978 486.727 2 124.605 83.1929
2056 134.978 486.727 2 120.478 82.9891
2057 144.978 486.727 2 117.061 82.8203
2058 154.978 486.727 2 114.42 82.6901
2059 164.978 486.727 2 112.607 82.601
2060 174.978 486.727 2 111.664 82.5548
2061 184.978 486.727 2 111.612 82.5523
2062 194.978 486.727 2 112.453 82.5935
2063 204.978 486.727 2 114.168 82.6777
2064 214.978 486.727 2 116.716 82.8033
2065 224.978 486.727 2 120.047 82.9678
2066 234.978 486.727 2 124.096 83.1678
2067 244.978 486.727 2 128.795 83.3991
2068 254.978 486.727 2 134.077 83.6571
2069 264.978 486.727 2 139.875 83.9369
2070 274.978 486.727 2 146.129 84.2338
2071 284.978 486.727 2 152.781 84.5436
2072 294.978 486.727 2 159.783 84.8622
2073 304.978 486.727 2 167.09 85.1866
2074 314.978 486.727 2 174.664 85.5137
2075 324.978 486.727 2 182.472 85.8414
2076 334.978 486.727 2 190.485 86.1678
2077 344.978 486.727 2 198.678 86.4916
2078 354.978 486.727 2 207.03 86.8115
2079 364.978 486.727 2 215.523 87.1268
2080 374.978 486.727 2 224.139 87.4368
2081 384.978 486.727 2 232.867 87.7412
2082 394.978 486.727 2 241.693 88.0396
2083 404.978 486.727 2 250.607 88.3318
2084 414.978 486.727 2 259.6 88.6179
2085 424.978 486.727 2 268.665 88.8976
2086 434.978 486.727 2 277.794 89.1712
2087 444.978 486.727 2 286.981 89.4387
2088 454.978 486.727 2 296.22 89.7001
2089 464.978 486.727 2 305.507 89.9556
2090 474.978 486.727 2 314.838 90.2053
2091 484.978 486.727 2 324.209 90.4495
2092 84.9784 496.727 2 154.174 84.6075
2093 94.9784 496.727 2 148.182 84.3301
2094 104.978 496.727 2 142.641 250
2095 114.978 496.727 2 137.604 250
2096 124.978 496.727 2 133.129 250
2097 134.978 496.727 2 129.275 250
2098 144.978 496.727 2 126.097 250
2099 154.978 496.727 2 123.648 250
2100 164.978 496.727 2 121.973 250
2101 174.978 496.727 2 121.103 250
2102 184.978 496.727 2 121.055 250
2103 194.978 496.727 2 121.831 250
2104 204.978 496.727 2 123.415 83.1342
2105 214.978 496.727 2 125.777 83.2507
2106 224.978 496.727 2 128.873 83.4029
2107 234.978 496.727 2 132.653 250
2108 244.978 496.727 2 137.059 250
2109 254.978 496.727 2 142.034 250
2110 264.978 496.727 2 147.52 250
2111 274.978 496.727 2 153.462 84.5749
2112 284.978 496.727 2 159.81 84.8634
2113 294.978 496.727 2 166.516 85.1614
2114 304.978 496.727 2 173.54 85.4657
2115 314.978 496.727 2 180.844 85.7739
2116 324.978 496.727 2 188.396 86.0837
2117 334.978 496.727 2 196.167 86.3934
2118 344.978 496.727 2 204.132 86.7016
2119 354.978 496.727 2 212.27 87.0072
2120 364.978 496.727 2 220.561 87.3092
2121 374.978 496.727 2 228.988 87.6071
2122 384.978 496.727 2 237.537 87.9002
2123 394.978 496.727 2 246.196 88.1883
2124 404.978 496.727 2 254.953 88.4711
2125 414.978 496.727 2 263.798 88.7485
2126 424.978 496.727 2 272.723 89.0203
2127 434.978 496.727 2 281.72 89.2865
2128 444.978 496.727 2 290.783 89.5472
2129 454.978 496.727 2 299.906 89.8023
2130 464.978 496.727 2 309.082 90.0521
2131 474.978 496.727 2 318.308 90.2965
2132 484.978 496.727 2 327.58 90.5357
2133 84.9784 506.727 2 161.761 84.9509
2134 94.9784 506.727 2 156.061 84.6938
2135 104.978 506.727 2 150.809 250
2136 114.978 506.727 2 146.055 250
2137 124.978 506.727 2 141.847 250
2138 134.978 506.727 2 138.235 250
2139 144.978 506.727 2 135.268 250
2140 154.978 506.727 2 132.988 250
2141 164.978 506.727 2 131.432 250
2142 174.978 506.727 2 130.625 250
2143 184.978 506.727 2 130.581 250
2144 194.978 506.727 2 131.3 250
2145 204.978 506.727 2 132.772 83.5936
2146 214.978 506.727 2 134.97 83.7004
2147 224.978 506.727 2 137.86 83.84
2148 234.978 506.727 2 141.399 250
2149 244.978 506.727 2 145.541 250
2150 254.978 506.727 2 150.235 250
2151 264.978 506.727 2 155.432 250
2152 274.978 506.727 2 161.083 84.9206
2153 284.978 506.727 2 167.141 85.1888
2154 294.978 506.727 2 173.564 250
2155 304.978 506.727 2 180.314 250
2156 314.978 506.727 2 187.354 250
2157 324.978 506.727 2 194.654 250
2158 334.978 506.727 2 202.184 250
2159 344.978 506.727 2 209.922 250
2160 354.978 506.727 2 217.843 250
2161 364.978 506.727 2 225.929 250
2162 374.978 506.727 2 234.163 250
2163 384.978 506.727 2 242.53 250
2164 394.978 506.727 2 251.017 250
2165 404.978 506.727 2 259.611 250
2166 414.978 506.727 2 268.303 250
2167 424.978 506.727 2 277.083 89.1502
2168 434.978 506.727 2 285.943 89.4088
2169 444.978 506.727 2 294.876 89.6625
2170 454.978 506.727 2 303.876 89.9112
2171 464.978 506.727 2 312.936 90.155
2172 474.978 506.727 2 322.052 90.3938
2173 484.978 506.727 2 331.219 250
2174 84.9784 516.727 2 169.598 85.2959
2175 94.9784 516.727 2 164.171 85.058
2176 104.978 516.727 2 159.187 250
2177 114.978 516.727 2 154.69 250
2178 124.978 516.727 2 150.723 250
2179 134.978 516.727 2 147.329 250
2180 144.978 516.727 2 144.549 250
2181 154.978 516.727 2 142.418 250
2182 164.978 516.727 2 140.966 250
2183 174.978 516.727 2 140.214 250
2184 184.978 516.727 2 140.173 250
2185 194.978 516.727 2 140.843 250
2186 204.978 516.727 2 142.216 84.0486
2187 214.978 516.727 2 144.27 84.1461
2188 224.978 516.727 2 146.977 84.2737
2189 234.978 516.727 2 150.302 250
2190 244.978 516.727 2 154.205 250
2191 254.978 516.727 2 158.643 250
2192 264.978 516.727 2 163.573 250
2193 274.978 516.727 2 168.952 85.2678
2194 284.978 516.727 2 174.737 85.5168
2195 294.978 516.727 2 180.891 250
2196 304.978 516.727 2 187.377 250
2197 314.978 516.727 2 194.161 250
2198 324.978 516.727 2 201.214 250
2199 334.978 516.727 2 208.508 250
2200 344.978 516.727 2 216.019 250
2201 354.978 516.727 2 223.724 250
2202 364.978 516.727 2 231.605 250
2203 374.978 516.727 2 239.645 250
2204 384.978 516.727 2 247.827 250
2205 394.978 516.727 2 256.138 250
2206 404.978 516.727 2 264.566 250
2207 414.978 516.727 2 273.1 250
2208 424.978 516.727 2 281.73 89.2868
2209 434.978 516.727 2 290.449 89.5377
2210 444.978 516.727 2 299.247 89.7841
2211 454.978 516.727 2 308.119 90.0262
2212 464.978 516.727 2 317.058 90.2638
2213 474.978 516.727 2 326.059 90.4969
2214 484.978 516.727 2 335.116 250
2215 84.9784 526.727 2 177.653 85.6403
2216 94.9784 526.727 2 172.479 85.4203
2217 104.978 526.727 2 167.742 250
2218 114.978 526.727 2 163.481 250
2219 124.978 526.727 2 159.732 250
2220 134.978 526.727 2 156.534 250
2221 144.978 526.727 2 153.92 250
2222 154.978 526.727 2 151.921 250
2223 164.978 526.727 2 150.56 250
2224 174.978 526.727 2 149.856 250
2225 184.978 526.727 2 149.818 250
2226 194.978 526.727 2 150.445 250
2227 204.978 526.727 2 151.731 84.4951
2228 214.978 526.727 2 153.658 84.5839
2229 224.978 526.727 2 156.203 84.7002
2230 234.978 526.727 2 159.335 250
2231 244.978 526.727 2 163.022 250
2232 254.978 526.727 2 167.227 250
2233 264.978 526.727 2 171.911 250
2234 274.978 526.727 2 177.036 85.6143
2235 284.978 526.727 2 182.566 85.8453
2236 294.978 526.727 2 188.464 250
2237 304.978 526.727 2 194.698 250
2238 314.978 526.727 2 201.235 250
2239 324.978 526.727 2 208.048 250
2240 334.978 526.727 2 215.111 250
2241 344.978 526.727 2 222.398 250
2242 354.978 526.727 2 229.89 250
2243 364.978 526.727 2 237.567 250
2244 374.978 526.727 2 245.411 250
2245 384.978 526.727 2 253.407 250
2246 394.978 526.727 2 261.541 250
2247 404.978 526.727 2 269.8 250
2248 414.978 526.727 2 278.173 250
2249 424.978 526.727 2 286.651 89.4292
2250 434.978 526.727 2 295.224 89.6723
2251 444.978 526.727 2 303.885 89.9115
2252 454.978 526.727 2 312.625 90.1467
2253 464.978 526.727 2 321.439 90.378
2254 474.978 526.727 2 330.32 90.6052
2255 484.978 526.727 2 339.264 250
2256 84.9784 536.727 2 185.897 85.9821
2257 94.9784 536.727 2 180.959 85.7786
2258 104.978 536.727 2 176.45 250
2259 114.978 536.727 2 172.404 250
2260 124.978 536.727 2 168.853 250
2261 134.978 536.727 2 165.831 250
2262 144.978 536.727 2 163.366 250
2263 154.978 536.727 2 161.484 250
2264 164.978 536.727 2 160.204 250
2265 174.978 536.727 2 159.543 250
2266 184.978 536.727 2 159.507 250
2267 194.978 536.727 2 160.096 250
2268 204.978 536.727 2 161.305 84.9305
2269 214.978 536.727 2 163.119 85.0114
2270 224.978 536.727 2 165.518 85.1175
2271 234.978 536.727 2 168.478 250
2272 244.978 536.727 2 171.969 250
2273 254.978 536.727 2 175.96 250
2274 264.978 536.727 2 180.417 250
2275 274.978 536.727 2 185.307 85.958
2276 284.978 536.727 2 190.597 86.1723
2277 294.978 536.727 2 196.254 250
2278 304.978 536.727 2 202.248 250
2279 314.978 536.727 2 208.549 250
2280 324.978 536.727 2 215.131 250
2281 334.978 536.727 2 221.968 250
2282 344.978 536.727 2 229.037 250
2283 354.978 536.727 2 236.319 250
2284 364.978 536.727 2 243.793 250
2285 374.978 536.727 2 251.443 250
2286 384.978 536.727 2 259.253 250
2287 394.978 536.727 2 267.209 250
2288 404.978 536.727 2 275.298 250
2289 414.978 536.727 2 283.509 250
2290 424.978 536.727 2 291.832 89.5769
2291 434.978 536.727 2 300.257 89.812
2292 444.978 536.727 2 308.776 90.0439
2293 454.978 536.727 2 317.382 90.2722
2294 464.978 536.727 2 326.067 90.4971
2295 474.978 536.727 2 334.826 90.7184
2296 484.978 536.727 2 343.652 250
2297 84.9784 546.727 2 194.305 86.32
2298 94.9784 546.727 2 189.587 86.1317
2299 104.978 546.727 2 185.288 250
2300 114.978 546.727 2 181.439 250
2301 124.978 546.727 2 178.069 250
2302 134.978 546.727 2 175.206 250
2303 144.978 546.727 2 172.874 250
2304 154.978 546.727 2 171.096 250
2305 164.978 546.727 2 169.889 250
2306 174.978 546.727 2 169.266 250
2307 184.978 546.727 2 169.232 250
2308 194.978 546.727 2 169.788 250
2309 204.978 546.727 2 170.928 85.3535
2310 214.978 546.727 2 172.641 85.4272
2311 224.978 546.727 2 174.909 85.5241
2312 234.978 546.727 2 177.713 250
2313 244.978 546.727 2 181.026 250
2314 254.978 546.727 2 184.821 250
2315 264.978 546.727 2 189.069 250
2316 274.978 546.727 2 193.741 86.2977
2317 284.978 546.727 2 198.807 86.4966
2318 294.978 546.727 2 204.237 250
2319 304.978 546.727 2 210.003 250
2320 314.978 546.727 2 216.078 250
2321 324.978 546.727 2 222.437 250
2322 334.978 546.727 2 229.056 250
2323 344.978 546.727 2 235.913 250
2324 354.978 546.727 2 242.989 250
2325 364.978 546.727 2 250.264 250
2326 374.978 546.727 2 257.722 250
2327 384.978 546.727 2 265.347 250
2328 394.978 546.727 2 273.125 250
2329 404.978 546.727 2 281.044 250
2330 414.978 546.727 2 289.093 250
2331 424.978 546.727 2 297.259 89.729
2332 434.978 546.727 2 305.535 89.9563
2333 444.978 546.727 2 313.911 90.1808
2334 454.978 546.727 2 322.379 90.4023
2335 464.978 546.727 2 330.933 90.6207
2336 474.978 546.727 2 339.566 90.8359
2337 484.978 546.727 2 348.273 250
2338 84.9784 556.727 2 202.859 86.6529
2339 94.9784 556.727 2 198.343 86.4785
2340 104.978 556.727 2 194.238 86.3174
2341 114.978 556.727 2 190.57 86.1712
2342 124.978 556.727 2 187.365 86.0419
2343 134.978 556.727 2 184.646 85.9309
2344 144.978 556.727 2 182.435 85.8399
2345 154.978 556.727 2 180.751 85.77
2346 164.978 556.727 2 179.609 85.7224
2347 174.978 556.727 2 179.019 85.6977
2348 184.978 556.727 2 178.987 85.6963
2349 194.978 556.727 2 179.513 85.7183
2350 204.978 556.727 2 180.592 85.7634
2351 214.978 556.727 2 182.214 85.8307
2352 224.978 556.727 2 184.365 85.9194
2353 234.978 556.727 2 187.026 86.0281
2354 244.978 556.727 2 190.177 86.1555
2355 254.978 556.727 2 193.793 86.2997
2356 264.978 556.727 2 197.849 86.4592
2357 274.978 556.727 2 202.318 86.6322
2358 284.978 556.727 2 207.174 86.8169
2359 294.978 556.727 2 212.39 87.0116
2360 304.978 556.727 2 217.941 87.2148
2361 314.978 556.727 2 223.801 87.4248
2362 324.978 556.727 2 229.946 87.6404
2363 334.978 556.727 2 236.355 87.8602
2364 344.978 556.727 2 243.006 88.0832
2365 354.978 556.727 2 249.881 250
2366 364.978 556.727 2 256.961 250
2367 374.978 556.727 2 264.23 88.7618
2368 384.978 556.727 2 271.673 88.9887
2369 394.978 556.727 2 279.275 89.2149
2370 404.978 556.727 2 287.024 89.4399
2371 414.978 556.727 2 294.909 89.6634
2372 424.978 556.727 2 302.919 89.8851
2373 434.978 556.727 2 311.044 90.1046
2374 444.978 556.727 2 319.276 90.3217
2375 454.978 556.727 2 327.606 90.5364
2376 464.978 556.727 2 336.027 90.7483
2377 474.978 556.727 2 344.532 90.9575
2378 484.978 556.727 2 353.116 91.1638
2379 84.9784 566.727 2 211.539 86.9801
2380 94.9784 566.727 2 207.213 86.8184
2381 104.978 566.727 2 203.287 86.6693
2382 114.978 566.727 2 199.785 86.5345
2383 124.978 566.727 2 196.73 86.4155
2384 134.978 566.727 2 194.142 86.3135
2385 144.978 566.727 2 192.04 86.23
2386 154.978 566.727 2 190.442 86.1661
2387 164.978 566.727 2 189.358 250
2388 174.978 566.727 2 188.799 250
2389 184.978 566.727 2 188.768 86.0987
2390 194.978 566.727 2 189.267 86.1188
2391 204.978 566.727 2 190.29 86.16
2392 214.978 566.727 2 191.83 86.2217
2393 224.978 566.727 2 193.875 86.303
2394 234.978 566.727 2 196.407 86.4028
2395 244.978 566.727 2 199.41 86.52
2396 254.978 566.727 2 202.862 86.653
2397 264.978 566.727 2 206.74 86.8005
2398 274.978 566.727 2 211.021 86.9609
2399 284.978 566.727 2 215.681 87.1326
2400 294.978 566.727 2 220.696 87.3141
2401 304.978 566.727 2 226.043 87.504
2402 314.978 566.727 2 231.697 87.7009
2403 324.978 566.727 2 237.639 87.9036
2404 334.978 566.727 2 243.846 88.111
2405 344.978 566.727 2 250.298 88.3218
2406 354.978 566.727 2 256.978 88.5353
2407 364.978 566.727 2 263.868 88.7506
2408 374.978 566.727 2 270.951 88.9669
2409 384.978 566.727 2 278.214 89.1836
2410 394.978 566.727 2 285.642 89.4002
2411 404.978 566.727 2 293.224 89.6161
2412 414.978 566.727 2 300.946 89.831
2413 424.978 566.727 2 308.799 90.0445
2414 434.978 566.727 2 316.774 90.2563
2415 444.978 566.727 2 324.86 90.4662
2416 454.978 566.727 2 333.05 90.6739
2417 464.978 566.727 2 341.337 90.8794
2418 474.978 566.727 2 349.713 91.0825
2419 484.978 566.727 2 358.173 91.2831
2420 84.9784 576.727 2 220.331 87.301
2421 94.9784 576.727 2 216.181 87.1508
2422 104.978 576.727 2 212.421 87.0128
2423 114.978 576.727 2 209.072 86.8882
2424 124.978 576.727 2 206.154 86.7784
2425 134.978 576.727 2 203.686 86.6846
2426 144.978 576.727 2 201.684 86.6079
2427 154.978 576.727 2 200.162 250
2428 164.978 576.727 2 199.132 86.5092
2429 174.978 576.727 2 198.6 86.4885
2430 184.978 576.727 2 198.571 86.4874
2431 194.978 576.727 2 199.045 86.5058
2432 204.978 576.727 2 200.019 86.5436
2433 214.978 576.727 2 201.484 86.6002
2434 224.978 576.727 2 203.432 86.6749
2435 234.978 576.727 2 205.847 86.7667
2436 244.978 576.727 2 208.714 86.8748
2437 254.978 576.727 2 212.014 86.9977
2438 264.978 576.727 2 215.727 87.1342
2439 274.978 576.727 2 219.834 87.2831
2440 284.978 576.727 2 224.311 87.4429
2441 294.978 576.727 2 229.137 87.6123
2442 304.978 576.727 2 234.291 87.7899
2443 314.978 576.727 2 239.751 87.9747
2444 324.978 576.727 2 245.498 88.1654
2445 334.978 576.727 2 251.511 88.361
2446 344.978 576.727 2 257.772 88.5604
2447 354.978 576.727 2 264.262 88.7628
2448 364.978 576.727 2 270.967 88.9674
2449 374.978 576.727 2 277.87 89.1735
2450 384.978 576.727 2 284.956 89.3804
2451 394.978 576.727 2 292.213 89.5876
2452 404.978 576.727 2 299.628 89.7947
2453 414.978 576.727 2 307.19 90.0011
2454 424.978 576.727 2 314.887 90.2066
2455 434.978 576.727 2 322.711 90.4109
2456 444.978 576.727 2 330.652 90.6136
2457 454.978 576.727 2 338.703 90.8146
2458 464.978 576.727 2 346.854 91.0137
2459 474.978 576.727 2 355.101 91.2108
2460 484.978 576.727 2 363.435 91.4057
2461 84.9784 586.727 2 229.222 87.6152
2462 94.9784 586.727 2 225.236 87.4756
2463 104.978 586.727 2 221.629 87.3475
2464 114.978 586.727 2 218.422 87.2322
2465 124.978 586.727 2 215.631 87.1307
2466 134.978 586.727 2 213.272 87.0442
2467 144.978 586.727 2 211.361 86.9735
2468 154.978 586.727 2 209.91 86.9195
2469 164.978 586.727 2 208.927 86.8828
2470 174.978 586.727 2 208.42 86.8638
2471 184.978 586.727 2 208.393 86.8627
2472 194.978 586.727 2 208.844 86.8797
2473 204.978 586.727 2 209.772 86.9144
2474 214.978 586.727 2 211.17 86.9664
2475 224.978 586.727 2 213.029 87.0352
2476 234.978 586.727 2 215.337 87.12
2477 244.978 586.727 2 218.079 87.2198
2478 254.978 586.727 2 221.239 87.3335
2479 264.978 586.727 2 224.801 87.4602
2480 274.978 586.727 2 228.744 87.5986
2481 284.978 586.727 2 233.05 87.7475
2482 294.978 586.727 2 237.699 87.9057
2483 304.978 586.727 2 242.671 88.0721
2484 314.978 586.727 2 247.947 88.2455
2485 324.978 586.727 2 253.508 88.425
2486 334.978 586.727 2 259.335 88.6095
2487 344.978 586.727 2 265.411 88.7982
2488 354.978 586.727 2 271.72 88.9901
2489 364.978 586.727 2 278.245 89.1845
2490 374.978 586.727 2 284.971 89.3808
2491 384.978 586.727 2 291.885 89.5784
2492 394.978 586.727 2 298.974 89.7766
2493 404.978 586.727 2 306.226 89.9751
2494 414.978 586.727 2 313.628 90.1733
2495 424.978 586.727 2 321.171 90.371
2496 434.978 586.727 2 328.846 90.5679
2497 444.978 586.727 2 336.642 90.7636
2498 454.978 586.727 2 344.553 90.958
2499 464.978 586.727 2 352.569 91.1508
2500 474.978 586.727 2 360.685 91.3418
2501 484.978 586.727 2 368.893 91.5311
