# <Transmitter Set: Tx: 20 tx_ant_grid_60_m - Point 18> 
# <Receiver Set: Rx: 17 rx_ant_grid> 
# <X(m)> <Y(m)> <Z(m)> <Distance(m)> <FreeSpacePathLoss(dB)>
1 84.9784 -13.2734 2 358.785 91.4901
2 94.9784 -13.2734 2 353.434 91.3699
3 104.978 -13.2734 2 348.287 91.2529
4 114.978 -13.2734 2 343.355 91.1394
5 124.978 -13.2734 2 338.646 91.0298
6 134.978 -13.2734 2 334.17 90.9245
7 144.978 -13.2734 2 329.936 90.8239
8 154.978 -13.2734 2 325.954 90.7283
9 164.978 -13.2734 2 322.234 90.6381
10 174.978 -13.2734 2 318.784 90.5538
11 184.978 -13.2734 2 315.613 90.4757
12 194.978 -13.2734 2 312.73 90.4041
13 204.978 -13.2734 2 310.143 90.3395
14 214.978 -13.2734 2 307.859 90.2821
15 224.978 -13.2734 2 305.885 90.2322
16 234.978 -13.2734 2 304.227 90.1901
17 244.978 -13.2734 2 302.89 90.1561
18 254.978 -13.2734 2 301.879 90.1303
19 264.978 -13.2734 2 301.197 90.1128
20 274.978 -13.2734 2 300.846 90.1038
21 284.978 -13.2734 2 300.826 90.1033
22 294.978 -13.2734 2 301.14 90.1113
23 304.978 -13.2734 2 301.784 90.1278
24 314.978 -13.2734 2 302.757 90.1527
25 324.978 -13.2734 2 304.057 90.1858
26 334.978 -13.2734 2 305.678 90.227
27 344.978 -13.2734 2 307.616 90.276
28 354.978 -13.2734 2 309.864 90.3325
29 364.978 -13.2734 2 312.417 90.3963
30 374.978 -13.2734 2 315.266 90.4671
31 384.978 -13.2734 2 318.404 90.5445
32 394.978 -13.2734 2 321.823 90.6281
33 404.978 -13.2734 2 325.512 90.7176
34 414.978 -13.2734 2 329.464 90.8126
35 424.978 -13.2734 2 333.669 90.9127
36 434.978 -13.2734 2 338.118 91.0175
37 444.978 -13.2734 2 342.801 91.1266
38 454.978 -13.2734 2 347.708 91.2396
39 464.978 -13.2734 2 352.83 91.3563
40 474.978 -13.2734 2 358.159 91.4761
41 484.978 -13.2734 2 363.684 91.5989
42 84.9784 -3.2734 2 350.605 91.3058
43 94.9784 -3.2734 2 345.127 91.1803
44 104.978 -3.2734 2 339.854 91.0581
45 114.978 -3.2734 2 334.798 90.9393
46 124.978 -3.2734 2 329.966 90.8246
47 134.978 -3.2734 2 325.371 90.7142
48 144.978 -3.2734 2 321.022 90.6086
49 154.978 -3.2734 2 316.928 90.5082
50 164.978 -3.2734 2 313.1 90.4134
51 174.978 -3.2734 2 309.548 90.3246
52 184.978 -3.2734 2 306.282 90.2423
53 194.978 -3.2734 2 303.31 90.1668
54 204.978 -3.2734 2 300.642 90.0986
55 214.978 -3.2734 2 298.285 90.0379
56 224.978 -3.2734 2 296.248 89.9852
57 234.978 -3.2734 2 294.535 89.9407
58 244.978 -3.2734 2 293.155 89.9047
59 254.978 -3.2734 2 292.11 89.8773
60 264.978 -3.2734 2 291.405 89.8588
61 274.978 -3.2734 2 291.041 89.8493
62 284.978 -3.2734 2 291.022 89.8488
63 294.978 -3.2734 2 291.345 89.8573
64 304.978 -3.2734 2 292.011 89.8747
65 314.978 -3.2734 2 293.017 89.9011
66 324.978 -3.2734 2 294.359 89.9361
67 334.978 -3.2734 2 296.034 89.9797
68 344.978 -3.2734 2 298.034 90.0314
69 354.978 -3.2734 2 300.355 90.0912
70 364.978 -3.2734 2 302.987 90.1586
71 374.978 -3.2734 2 305.925 90.2332
72 384.978 -3.2734 2 309.158 90.3148
73 394.978 -3.2734 2 312.677 90.4028
74 404.978 -3.2734 2 316.473 90.497
75 414.978 -3.2734 2 320.537 90.5968
76 424.978 -3.2734 2 324.857 90.7018
77 434.978 -3.2734 2 329.425 90.8117
78 444.978 -3.2734 2 334.229 90.9259
79 454.978 -3.2734 2 339.261 91.0442
80 464.978 -3.2734 2 344.509 91.1661
81 474.978 -3.2734 2 349.964 91.2912
82 484.978 -3.2734 2 355.617 91.4191
83 84.9784 6.7266 2 342.521 91.1201
84 94.9784 6.7266 2 336.912 90.9892
85 104.978 6.7266 2 331.509 90.8614
86 114.978 6.7266 2 326.323 90.7372
87 124.978 6.7266 2 321.364 250
88 134.978 6.7266 2 316.644 90.5012
89 144.978 6.7266 2 312.173 90.3903
90 154.978 6.7266 2 307.962 90.2847
91 164.978 6.7266 2 304.021 90.1849
92 174.978 6.7266 2 300.362 90.0914
93 184.978 6.7266 2 296.995 90.0046
94 194.978 6.7266 2 293.929 89.9249
95 204.978 6.7266 2 291.175 89.8528
96 214.978 6.7266 2 288.741 89.7887
97 224.978 6.7266 2 286.635 89.7329
98 234.978 6.7266 2 284.865 89.6858
99 244.978 6.7266 2 283.437 89.6476
100 254.978 6.7266 2 282.356 89.6187
101 264.978 6.7266 2 281.627 89.5991
102 274.978 6.7266 2 281.251 89.589
103 284.978 6.7266 2 281.23 89.5884
104 294.978 6.7266 2 281.565 250
105 304.978 6.7266 2 282.254 250
106 314.978 6.7266 2 283.295 250
107 324.978 6.7266 2 284.683 250
108 334.978 6.7266 2 286.414 250
109 344.978 6.7266 2 288.481 250
110 354.978 6.7266 2 290.878 250
111 364.978 6.7266 2 293.596 250
112 374.978 6.7266 2 296.626 250
113 384.978 6.7266 2 299.959 250
114 394.978 6.7266 2 303.585 90.1738
115 404.978 6.7266 2 307.494 90.2729
116 414.978 6.7266 2 311.674 90.3778
117 424.978 6.7266 2 316.116 90.4881
118 434.978 6.7266 2 320.808 90.6034
119 444.978 6.7266 2 325.74 250
120 454.978 6.7266 2 330.9 250
121 464.978 6.7266 2 336.279 250
122 474.978 6.7266 2 341.865 91.1049
123 484.978 6.7266 2 347.65 91.2383
124 84.9784 16.7266 2 334.541 90.9333
125 94.9784 16.7266 2 328.795 90.7966
126 104.978 16.7266 2 323.257 90.663
127 114.978 16.7266 2 317.936 90.533
128 124.978 16.7266 2 312.845 250
129 134.978 16.7266 2 307.994 90.2855
130 144.978 16.7266 2 303.396 90.169
131 154.978 16.7266 2 299.061 90.0579
132 164.978 16.7266 2 295.001 89.9528
133 174.978 16.7266 2 291.229 89.8542
134 184.978 16.7266 2 287.755 89.7626
135 194.978 16.7266 2 284.59 250
136 204.978 16.7266 2 281.744 250
137 214.978 16.7266 2 279.228 250
138 224.978 16.7266 2 277.05 250
139 234.978 16.7266 2 275.218 250
140 244.978 16.7266 2 273.74 250
141 254.978 16.7266 2 272.621 250
142 264.978 16.7266 2 271.865 89.3334
143 274.978 16.7266 2 271.476 89.3227
144 284.978 16.7266 2 271.455 89.3221
145 294.978 16.7266 2 271.802 250
146 304.978 16.7266 2 272.515 250
147 314.978 16.7266 2 273.593 250
148 324.978 16.7266 2 275.03 89.4202
149 334.978 16.7266 2 276.821 89.4691
150 344.978 16.7266 2 278.96 250
151 354.978 16.7266 2 281.437 250
152 364.978 16.7266 2 284.245 250
153 374.978 16.7266 2 287.374 250
154 384.978 16.7266 2 290.813 89.8433
155 394.978 16.7266 2 294.552 89.9411
156 404.978 16.7266 2 298.579 90.0455
157 414.978 16.7266 2 302.883 90.1559
158 424.978 16.7266 2 307.451 90.2718
159 434.978 16.7266 2 312.274 90.3928
160 444.978 16.7266 2 317.338 250
161 454.978 16.7266 2 322.633 250
162 464.978 16.7266 2 328.147 250
163 474.978 16.7266 2 333.869 90.9174
164 484.978 16.7266 2 339.79 91.0566
165 84.9784 26.7266 2 326.673 90.7456
166 94.9784 26.7266 2 320.786 90.6028
167 104.978 26.7266 2 315.106 90.4632
168 114.978 26.7266 2 309.646 90.327
169 124.978 26.7266 2 304.416 90.1949
170 134.978 26.7266 2 299.428 90.0674
171 144.978 26.7266 2 294.696 89.9449
172 154.978 26.7266 2 290.232 89.828
173 164.978 26.7266 2 286.047 89.7173
174 174.978 26.7266 2 282.155 89.6133
175 184.978 26.7266 2 278.567 89.5165
176 194.978 26.7266 2 275.297 250
177 204.978 26.7266 2 272.354 250
178 214.978 26.7266 2 269.75 250
179 224.978 26.7266 2 267.495 250
180 234.978 26.7266 2 265.598 250
181 244.978 26.7266 2 264.066 250
182 254.978 26.7266 2 262.905 250
183 264.978 26.7266 2 262.121 89.0618
184 274.978 26.7266 2 261.718 89.0504
185 284.978 26.7266 2 261.696 89.0497
186 294.978 26.7266 2 262.056 250
187 304.978 26.7266 2 262.796 250
188 314.978 26.7266 2 263.913 89.1122
189 324.978 26.7266 2 265.403 89.1539
190 334.978 26.7266 2 267.258 89.2058
191 344.978 26.7266 2 269.473 89.2673
192 354.978 26.7266 2 272.037 89.3381
193 364.978 26.7266 2 274.941 250
194 374.978 26.7266 2 278.174 250
195 384.978 26.7266 2 281.726 89.6017
196 394.978 26.7266 2 285.583 89.7049
197 404.978 26.7266 2 289.735 89.8149
198 414.978 26.7266 2 294.168 89.9311
199 424.978 26.7266 2 298.87 90.053
200 434.978 26.7266 2 303.829 90.18
201 444.978 26.7266 2 309.031 90.3116
202 454.978 26.7266 2 314.466 250
203 464.978 26.7266 2 320.121 250
204 474.978 26.7266 2 325.984 90.729
205 484.978 26.7266 2 332.046 90.8741
206 84.9784 36.7266 2 318.923 90.5572
207 94.9784 36.7266 2 312.891 90.4081
208 104.978 36.7266 2 307.065 90.2621
209 114.978 36.7266 2 301.459 90.1195
210 124.978 36.7266 2 296.084 89.981
211 134.978 36.7266 2 290.954 89.847
212 144.978 36.7266 2 286.082 89.7182
213 154.978 36.7266 2 281.481 89.5951
214 164.978 36.7266 2 277.164 89.4784
215 174.978 36.7266 2 273.145 89.3686
216 184.978 36.7266 2 269.438 89.2663
217 194.978 36.7266 2 266.055 89.1722
218 204.978 36.7266 2 263.009 89.0868
219 214.978 36.7266 2 260.312 89.0106
220 224.978 36.7266 2 257.974 250
221 234.978 36.7266 2 256.006 250
222 244.978 36.7266 2 254.416 250
223 254.978 36.7266 2 253.212 250
224 264.978 36.7266 2 252.398 88.7842
225 274.978 36.7266 2 251.978 88.7721
226 284.978 36.7266 2 251.956 88.7714
227 294.978 36.7266 2 252.329 250
228 304.978 36.7266 2 253.098 250
229 314.978 36.7266 2 254.258 88.8378
230 324.978 36.7266 2 255.804 88.8822
231 334.978 36.7266 2 257.729 88.9372
232 344.978 36.7266 2 260.024 89.0024
233 354.978 36.7266 2 262.68 89.0775
234 364.978 36.7266 2 265.687 89.1619
235 374.978 36.7266 2 269.032 89.2551
236 384.978 36.7266 2 272.702 250
237 394.978 36.7266 2 276.686 250
238 404.978 36.7266 2 280.969 89.5814
239 414.978 36.7266 2 285.538 89.7037
240 424.978 36.7266 2 290.38 89.8319
241 434.978 36.7266 2 295.481 89.9653
242 444.978 36.7266 2 300.828 90.1033
243 454.978 36.7266 2 306.408 250
244 464.978 36.7266 2 312.209 250
245 474.978 36.7266 2 318.218 90.5399
246 484.978 36.7266 2 324.425 90.6913
247 84.9784 46.7266 2 311.302 90.3685
248 94.9784 46.7266 2 305.119 90.2128
249 104.978 46.7266 2 299.142 90.06
250 114.978 46.7266 2 293.384 89.9107
251 124.978 46.7266 2 287.859 89.7654
252 134.978 46.7266 2 282.58 89.6247
253 144.978 46.7266 2 277.561 89.4892
254 154.978 46.7266 2 272.816 250
255 164.978 46.7266 2 268.36 250
256 174.978 46.7266 2 264.207 250
257 184.978 46.7266 2 260.372 250
258 194.978 46.7266 2 256.87 250
259 204.978 46.7266 2 253.714 88.8221
260 214.978 46.7266 2 250.917 88.7414
261 224.978 46.7266 2 248.491 88.6708
262 234.978 46.7266 2 246.447 88.6111
263 244.978 46.7266 2 244.795 88.5627
264 254.978 46.7266 2 243.543 88.5258
265 264.978 46.7266 2 242.697 88.5008
266 274.978 46.7266 2 242.261 88.4879
267 284.978 46.7266 2 242.237 88.4872
268 294.978 46.7266 2 242.626 250
269 304.978 46.7266 2 243.425 250
270 314.978 46.7266 2 244.631 250
271 324.978 46.7266 2 246.237 250
272 334.978 46.7266 2 248.236 250
273 344.978 46.7266 2 250.618 250
274 354.978 46.7266 2 253.373 250
275 364.978 46.7266 2 256.489 88.9018
276 374.978 46.7266 2 259.952 89.0004
277 384.978 46.7266 2 263.749 250
278 394.978 46.7266 2 267.866 250
279 404.978 46.7266 2 272.287 89.345
280 414.978 46.7266 2 277 89.4739
281 424.978 46.7266 2 281.988 89.6088
282 434.978 46.7266 2 287.238 89.7489
283 444.978 46.7266 2 292.736 89.8937
284 454.978 46.7266 2 298.468 250
285 464.978 46.7266 2 304.42 250
286 474.978 46.7266 2 310.58 90.3504
287 484.978 46.7266 2 316.936 90.5084
288 84.9784 56.7266 2 303.819 90.1798
289 94.9784 56.7266 2 297.48 90.0171
290 104.978 56.7266 2 291.347 89.8573
291 114.978 56.7266 2 285.432 89.7009
292 124.978 56.7266 2 279.75 89.5485
293 134.978 56.7266 2 274.314 89.4006
294 144.978 56.7266 2 269.141 89.2581
295 154.978 56.7266 2 264.245 250
296 164.978 56.7266 2 259.642 250
297 174.978 56.7266 2 255.348 250
298 184.978 56.7266 2 251.378 250
299 194.978 56.7266 2 247.749 250
300 204.978 56.7266 2 244.475 88.5532
301 214.978 56.7266 2 241.57 88.4675
302 224.978 56.7266 2 239.05 88.3926
303 234.978 56.7266 2 236.925 88.3292
304 244.978 56.7266 2 235.206 88.2776
305 254.978 56.7266 2 233.902 88.2384
306 264.978 56.7266 2 233.021 88.2118
307 274.978 56.7266 2 232.567 88.1981
308 284.978 56.7266 2 232.542 88.1973
309 294.978 56.7266 2 232.947 250
310 304.978 56.7266 2 233.779 250
311 314.978 56.7266 2 235.034 250
312 324.978 56.7266 2 236.706 250
313 334.978 56.7266 2 238.785 250
314 344.978 56.7266 2 241.26 250
315 354.978 56.7266 2 244.121 250
316 364.978 56.7266 2 247.353 88.6376
317 374.978 56.7266 2 250.942 88.7421
318 384.978 56.7266 2 254.873 250
319 394.978 56.7266 2 259.131 250
320 404.978 56.7266 2 263.7 89.1062
321 414.978 56.7266 2 268.563 89.242
322 424.978 56.7266 2 273.705 89.3839
323 434.978 56.7266 2 279.111 89.5312
324 444.978 56.7266 2 284.766 89.6831
325 454.978 56.7266 2 290.654 250
326 464.978 56.7266 2 296.763 250
327 474.978 56.7266 2 303.079 90.1609
328 484.978 56.7266 2 309.589 90.3256
329 84.9784 66.7266 2 296.484 89.9913
330 94.9784 66.7266 2 289.985 89.8215
331 104.978 66.7266 2 283.69 89.6544
332 114.978 66.7266 2 277.612 89.4906
333 124.978 66.7266 2 271.766 89.3307
334 134.978 66.7266 2 266.168 89.1753
335 144.978 66.7266 2 260.833 89.0254
336 154.978 66.7266 2 255.778 88.8814
337 164.978 66.7266 2 251.02 88.7443
338 174.978 66.7266 2 246.575 88.6149
339 184.978 66.7266 2 242.462 88.4939
340 194.978 66.7266 2 238.697 88.3821
341 204.978 66.7266 2 235.297 88.2804
342 214.978 66.7266 2 232.279 88.1894
343 224.978 66.7266 2 229.656 88.1098
344 234.978 66.7266 2 227.443 88.0424
345 244.978 66.7266 2 225.652 87.9876
346 254.978 66.7266 2 224.293 87.9458
347 264.978 66.7266 2 223.374 87.9175
348 274.978 66.7266 2 222.9 87.9029
349 284.978 66.7266 2 222.874 87.9021
350 294.978 66.7266 2 223.296 87.9152
351 304.978 66.7266 2 224.164 87.9419
352 314.978 66.7266 2 225.473 87.9821
353 324.978 66.7266 2 227.215 88.0354
354 334.978 66.7266 2 229.38 88.1015
355 344.978 66.7266 2 231.956 88.1796
356 354.978 66.7266 2 234.93 88.2693
357 364.978 66.7266 2 238.287 88.3699
358 374.978 66.7266 2 242.01 88.4805
359 384.978 66.7266 2 246.084 88.6005
360 394.978 66.7266 2 250.492 88.729
361 404.978 66.7266 2 255.215 88.8653
362 414.978 66.7266 2 260.236 89.0084
363 424.978 66.7266 2 265.54 89.1578
364 434.978 66.7266 2 271.109 89.3125
365 444.978 66.7266 2 276.927 89.4719
366 454.978 66.7266 2 282.979 89.6354
367 464.978 66.7266 2 289.25 89.8021
368 474.978 66.7266 2 295.726 89.9717
369 484.978 66.7266 2 302.394 90.1434
370 84.9784 76.7266 2 289.31 89.8037
371 94.9784 76.7266 2 282.646 89.6264
372 104.978 76.7266 2 276.183 89.4517
373 114.978 76.7266 2 269.936 89.2801
374 124.978 76.7266 2 263.92 89.1124
375 134.978 76.7266 2 258.152 88.9492
376 144.978 76.7266 2 252.648 88.7914
377 154.978 76.7266 2 247.426 88.6398
378 164.978 76.7266 2 242.503 88.4951
379 174.978 76.7266 2 237.9 88.3583
380 184.978 76.7266 2 233.634 88.2303
381 194.978 76.7266 2 229.725 88.1119
382 204.978 76.7266 2 226.19 88.0041
383 214.978 76.7266 2 223.048 87.9075
384 224.978 76.7266 2 220.315 87.823
385 234.978 76.7266 2 218.008 87.7513
386 244.978 76.7266 2 216.138 87.6931
387 254.978 76.7266 2 214.719 87.6487
388 264.978 76.7266 2 213.759 87.6186
389 274.978 76.7266 2 213.263 87.603
390 284.978 76.7266 2 213.236 87.6022
391 294.978 76.7266 2 213.678 87.616
392 304.978 76.7266 2 214.585 87.6445
393 314.978 76.7266 2 215.952 87.6872
394 324.978 76.7266 2 217.77 87.7439
395 334.978 76.7266 2 220.028 87.8141
396 344.978 76.7266 2 222.712 87.8971
397 354.978 76.7266 2 225.808 87.9923
398 364.978 76.7266 2 229.298 88.099
399 374.978 76.7266 2 233.165 88.2162
400 384.978 76.7266 2 237.391 88.3431
401 394.978 76.7266 2 241.957 88.4789
402 404.978 76.7266 2 246.843 88.6227
403 414.978 76.7266 2 252.032 88.7736
404 424.978 76.7266 2 257.504 88.9308
405 434.978 76.7266 2 263.243 89.0934
406 444.978 76.7266 2 269.231 89.2606
407 454.978 76.7266 2 275.452 89.4318
408 464.978 76.7266 2 281.891 89.6062
409 474.978 76.7266 2 288.532 89.7832
410 484.978 76.7266 2 295.363 89.9622
411 84.9784 86.7266 2 282.307 89.6173
412 94.9784 86.7266 2 275.473 89.4323
413 104.978 86.7266 2 268.838 250
414 114.978 86.7266 2 262.417 250
415 124.978 86.7266 2 256.225 250
416 134.978 86.7266 2 250.279 88.7228
417 144.978 86.7266 2 244.598 88.5568
418 154.978 86.7266 2 239.2 250
419 164.978 86.7266 2 234.105 250
420 174.978 86.7266 2 229.333 250
421 184.978 86.7266 2 224.904 87.9646
422 194.978 86.7266 2 220.84 87.8393
423 204.978 86.7266 2 217.161 87.725
424 214.978 86.7266 2 213.886 87.6226
425 224.978 86.7266 2 211.035 250
426 234.978 86.7266 2 208.625 250
427 244.978 86.7266 2 206.671 250
428 254.978 86.7266 2 205.186 87.3477
429 264.978 86.7266 2 204.181 87.3157
430 274.978 86.7266 2 203.662 87.2992
431 284.978 86.7266 2 203.634 87.2983
432 294.978 86.7266 2 204.096 87.313
433 304.978 86.7266 2 205.046 87.3432
434 314.978 86.7266 2 206.476 87.3887
435 324.978 86.7266 2 208.376 87.4489
436 334.978 86.7266 2 210.735 87.5234
437 344.978 86.7266 2 213.536 87.6116
438 354.978 86.7266 2 216.763 87.7126
439 364.978 86.7266 2 220.396 87.8255
440 374.978 86.7266 2 224.417 87.9497
441 384.978 86.7266 2 228.805 250
442 394.978 86.7266 2 233.538 250
443 404.978 86.7266 2 238.597 250
444 414.978 86.7266 2 243.961 88.5381
445 424.978 86.7266 2 249.611 88.7034
446 434.978 86.7266 2 255.527 88.8742
447 444.978 86.7266 2 261.692 250
448 454.978 86.7266 2 268.088 250
449 464.978 86.7266 2 274.699 250
450 474.978 86.7266 2 281.51 89.5959
451 484.978 86.7266 2 288.507 89.7825
452 84.9784 96.7266 2 275.489 89.4328
453 94.9784 96.7266 2 268.482 89.2398
454 104.978 96.7266 2 261.67 89.049
455 114.978 96.7266 2 255.068 88.8611
456 124.978 96.7266 2 248.693 88.6767
457 134.978 96.7266 2 242.562 88.4968
458 144.978 96.7266 2 236.696 88.3223
459 154.978 96.7266 2 231.114 250
460 164.978 96.7266 2 225.836 250
461 174.978 96.7266 2 220.886 250
462 184.978 96.7266 2 216.284 87.6976
463 194.978 96.7266 2 212.055 250
464 204.978 96.7266 2 208.221 250
465 214.978 96.7266 2 204.803 250
466 224.978 96.7266 2 201.824 250
467 234.978 96.7266 2 199.302 250
468 244.978 96.7266 2 197.256 250
469 254.978 96.7266 2 195.7 250
470 264.978 96.7266 2 194.645 250
471 274.978 96.7266 2 194.101 86.9926
472 284.978 96.7266 2 194.072 86.9916
473 294.978 96.7266 2 194.557 87.0073
474 304.978 96.7266 2 195.552 87.0393
475 314.978 96.7266 2 197.051 87.0875
476 324.978 96.7266 2 199.042 87.1514
477 334.978 96.7266 2 201.51 87.2305
478 344.978 96.7266 2 204.437 87.3239
479 354.978 96.7266 2 207.806 87.4308
480 364.978 96.7266 2 211.593 87.5505
481 374.978 96.7266 2 215.778 87.6818
482 384.978 96.7266 2 220.337 250
483 394.978 96.7266 2 225.249 250
484 404.978 96.7266 2 230.49 250
485 414.978 96.7266 2 236.038 88.3026
486 424.978 96.7266 2 241.873 88.4765
487 434.978 96.7266 2 247.974 88.6558
488 444.978 96.7266 2 254.322 250
489 454.978 96.7266 2 260.898 250
490 464.978 96.7266 2 267.687 250
491 474.978 96.7266 2 274.672 89.4104
492 484.978 96.7266 2 281.839 89.6048
493 84.9784 106.727 2 268.87 89.2506
494 94.9784 106.727 2 261.686 89.0495
495 104.978 106.727 2 254.692 88.8503
496 114.978 106.727 2 247.904 88.6537
497 124.978 106.727 2 241.34 88.4607
498 134.978 106.727 2 235.018 88.272
499 144.978 106.727 2 228.959 88.0886
500 154.978 106.727 2 223.183 250
501 164.978 106.727 2 217.713 250
502 174.978 106.727 2 212.573 250
503 184.978 106.727 2 207.788 87.4303
504 194.978 106.727 2 203.382 250
505 204.978 106.727 2 199.381 250
506 214.978 106.727 2 195.81 250
507 224.978 106.727 2 192.691 250
508 234.978 106.727 2 190.048 250
509 244.978 106.727 2 187.901 250
510 254.978 106.727 2 186.267 250
511 264.978 106.727 2 185.159 250
512 274.978 106.727 2 184.587 86.6851
513 284.978 106.727 2 184.556 86.6841
514 294.978 106.727 2 185.066 86.7006
515 304.978 106.727 2 186.112 86.7345
516 314.978 106.727 2 187.686 86.7854
517 324.978 106.727 2 189.775 86.853
518 334.978 106.727 2 192.362 86.9365
519 344.978 106.727 2 195.427 87.0353
520 354.978 106.727 2 198.948 87.1484
521 364.978 106.727 2 202.901 87.2749
522 374.978 106.727 2 207.261 87.4136
523 384.978 106.727 2 212.004 250
524 394.978 106.727 2 217.104 250
525 404.978 106.727 2 222.537 250
526 414.978 106.727 2 228.278 88.0679
527 424.978 106.727 2 234.306 88.2506
528 434.978 106.727 2 240.599 88.4387
529 444.978 106.727 2 247.137 250
530 454.978 106.727 2 253.9 250
531 464.978 106.727 2 260.871 250
532 474.978 106.727 2 268.033 89.2273
533 484.978 106.727 2 275.373 89.4296
534 84.9784 116.727 2 262.466 89.0715
535 94.9784 116.727 2 255.101 88.862
536 104.978 116.727 2 247.922 88.6542
537 114.978 116.727 2 240.943 250
538 124.978 116.727 2 234.184 250
539 134.978 116.727 2 227.663 250
540 144.978 116.727 2 221.402 250
541 154.978 116.727 2 215.424 250
542 164.978 116.727 2 209.752 250
543 174.978 116.727 2 204.413 250
544 184.978 116.727 2 199.432 87.1639
545 194.978 116.727 2 194.837 250
546 204.978 116.727 2 190.657 250
547 214.978 116.727 2 186.918 250
548 224.978 116.727 2 183.649 250
549 234.978 116.727 2 180.874 250
550 244.978 116.727 2 178.617 250
551 254.978 116.727 2 176.896 250
552 264.978 116.727 2 175.729 250
553 274.978 116.727 2 175.127 86.379
554 284.978 116.727 2 175.094 86.378
555 294.978 116.727 2 175.631 86.3953
556 304.978 116.727 2 176.734 86.4309
557 314.978 116.727 2 178.391 86.4845
558 324.978 116.727 2 180.587 250
559 334.978 116.727 2 183.304 250
560 344.978 116.727 2 186.517 250
561 354.978 116.727 2 190.203 250
562 364.978 116.727 2 194.334 250
563 374.978 116.727 2 198.882 250
564 384.978 116.727 2 203.82 250
565 394.978 116.727 2 209.12 250
566 404.978 116.727 2 214.755 250
567 414.978 116.727 2 220.699 250
568 424.978 116.727 2 226.928 88.0267
569 434.978 116.727 2 233.42 88.2239
570 444.978 116.727 2 240.153 250
571 454.978 116.727 2 247.107 250
572 464.978 116.727 2 254.265 250
573 474.978 116.727 2 261.608 89.0473
574 484.978 116.727 2 269.123 89.2576
575 84.9784 126.727 2 256.291 88.8961
576 94.9784 126.727 2 248.744 88.6782
577 104.978 126.727 2 241.375 88.4617
578 114.978 126.727 2 234.202 250
579 124.978 126.727 2 227.242 250
580 134.978 126.727 2 220.517 250
581 144.978 126.727 2 214.047 250
582 154.978 126.727 2 207.857 250
583 164.978 126.727 2 201.973 250
584 174.978 126.727 2 196.422 250
585 184.978 126.727 2 191.233 86.9001
586 194.978 126.727 2 186.436 86.7449
587 204.978 126.727 2 182.063 86.6033
588 214.978 126.727 2 178.144 86.4765
589 224.978 126.727 2 174.711 250
590 234.978 126.727 2 171.792 250
591 244.978 126.727 2 169.413 250
592 254.978 126.727 2 167.599 86.1374
593 264.978 126.727 2 166.367 86.0982
594 274.978 126.727 2 165.73 86.0779
595 284.978 126.727 2 165.695 86.0768
596 294.978 126.727 2 166.263 86.0949
597 304.978 126.727 2 167.427 86.1319
598 314.978 126.727 2 169.175 86.1877
599 324.978 126.727 2 171.49 250
600 334.978 126.727 2 174.348 250
601 344.978 126.727 2 177.724 250
602 354.978 126.727 2 181.588 250
603 364.978 126.727 2 185.91 250
604 374.978 126.727 2 190.66 250
605 384.978 126.727 2 195.805 250
606 394.978 126.727 2 201.316 250
607 404.978 126.727 2 207.163 250
608 414.978 126.727 2 213.319 250
609 424.978 126.727 2 219.758 87.8058
610 434.978 126.727 2 226.455 88.0122
611 444.978 126.727 2 233.389 250
612 454.978 126.727 2 240.539 250
613 464.978 126.727 2 247.886 250
614 474.978 126.727 2 255.413 88.871
615 484.978 126.727 2 263.105 89.0895
616 84.9784 136.727 2 250.364 88.7253
617 94.9784 136.727 2 242.633 88.4989
618 104.978 136.727 2 235.073 88.2736
619 114.978 136.727 2 227.701 88.0503
620 124.978 136.727 2 220.536 87.8299
621 134.978 136.727 2 213.599 250
622 144.978 136.727 2 206.913 250
623 154.978 136.727 2 200.503 250
624 164.978 136.727 2 194.397 250
625 174.978 136.727 2 188.623 250
626 184.978 136.727 2 183.213 86.6406
627 194.978 136.727 2 178.201 86.4783
628 204.978 136.727 2 173.62 86.3305
629 214.978 136.727 2 169.506 86.1983
630 224.978 136.727 2 165.894 250
631 234.978 136.727 2 162.817 250
632 244.978 136.727 2 160.306 250
633 254.978 136.727 2 158.387 85.8476
634 264.978 136.727 2 157.082 85.8074
635 274.978 136.727 2 156.408 85.7867
636 284.978 136.727 2 156.371 85.7855
637 294.978 136.727 2 156.972 85.804
638 304.978 136.727 2 158.205 85.842
639 314.978 136.727 2 160.054 85.8993
640 324.978 136.727 2 162.498 250
641 334.978 136.727 2 165.512 250
642 344.978 136.727 2 169.064 250
643 354.978 136.727 2 173.122 250
644 364.978 136.727 2 177.65 250
645 374.978 136.727 2 182.615 250
646 384.978 136.727 2 187.98 250
647 394.978 136.727 2 193.714 250
648 404.978 136.727 2 199.784 250
649 414.978 136.727 2 206.16 250
650 424.978 136.727 2 212.816 87.589
651 434.978 136.727 2 219.725 87.8047
652 444.978 136.727 2 226.865 250
653 454.978 136.727 2 234.214 250
654 464.978 136.727 2 241.753 250
655 474.978 136.727 2 249.465 88.6992
656 484.978 136.727 2 257.335 88.9259
657 84.9784 146.727 2 244.702 88.5599
658 94.9784 146.727 2 236.786 88.325
659 104.978 146.727 2 229.033 88.0909
660 114.978 146.727 2 221.46 87.8585
661 124.978 146.727 2 214.087 87.6288
662 134.978 146.727 2 206.934 87.4032
663 144.978 146.727 2 200.025 87.183
664 154.978 146.727 2 193.387 86.9696
665 164.978 146.727 2 187.048 86.7648
666 174.978 146.727 2 181.04 86.5702
667 184.978 146.727 2 175.397 86.3877
668 194.978 146.727 2 170.154 86.2191
669 204.978 146.727 2 165.351 86.0659
670 214.978 146.727 2 161.026 85.9297
671 224.978 146.727 2 157.219 85.8116
672 234.978 146.727 2 153.969 85.7125
673 244.978 146.727 2 151.311 85.6329
674 254.978 146.727 2 149.276 85.5729
675 264.978 146.727 2 147.891 85.5327
676 274.978 146.727 2 147.175 85.5121
677 284.978 146.727 2 147.135 85.511
678 294.978 146.727 2 147.775 85.5294
679 304.978 146.727 2 149.083 85.5673
680 314.978 146.727 2 151.044 85.6249
681 324.978 146.727 2 153.632 85.7023
682 334.978 146.727 2 156.816 85.7992
683 344.978 146.727 2 160.561 85.9151
684 354.978 146.727 2 164.828 86.0493
685 364.978 146.727 2 169.578 86.2006
686 374.978 146.727 2 174.772 86.3676
687 384.978 146.727 2 180.371 86.5486
688 394.978 146.727 2 186.339 86.7418
689 404.978 146.727 2 192.641 86.9455
690 414.978 146.727 2 199.246 87.158
691 424.978 146.727 2 206.125 87.3775
692 434.978 146.727 2 213.251 87.6026
693 444.978 146.727 2 220.6 87.8319
694 454.978 146.727 2 228.151 88.064
695 464.978 146.727 2 235.885 88.298
696 474.978 146.727 2 243.783 88.5329
697 484.978 146.727 2 251.83 88.7678
698 84.9784 156.727 2 239.325 88.4008
699 94.9784 156.727 2 231.224 88.1575
700 104.978 156.727 2 223.278 87.9146
701 114.978 156.727 2 215.503 87.6732
702 124.978 156.727 2 207.919 87.4344
703 134.978 156.727 2 200.546 87.1996
704 144.978 156.727 2 193.409 86.9703
705 154.978 156.727 2 186.536 86.7482
706 164.978 156.727 2 179.956 86.5351
707 174.978 156.727 2 173.703 86.3331
708 184.978 156.727 2 167.813 86.1442
709 194.978 156.727 2 162.325 85.9704
710 204.978 156.727 2 157.283 85.8136
711 214.978 156.727 2 152.73 85.6752
712 224.978 156.727 2 148.711 85.5565
713 234.978 156.727 2 145.27 85.458
714 244.978 156.727 2 142.45 85.38
715 254.978 156.727 2 140.287 85.322
716 264.978 156.727 2 138.812 85.2835
717 274.978 156.727 2 138.048 85.264
718 284.978 156.727 2 138.007 85.2629
719 294.978 156.727 2 138.688 85.2803
720 304.978 156.727 2 140.082 85.3166
721 314.978 156.727 2 142.166 85.3723
722 324.978 156.727 2 144.913 85.448
723 334.978 156.727 2 148.284 85.5441
724 344.978 156.727 2 152.239 85.6605
725 354.978 156.727 2 156.733 85.7966
726 364.978 156.727 2 161.721 85.9514
727 374.978 156.727 2 167.159 86.1234
728 384.978 156.727 2 173.005 86.3107
729 394.978 156.727 2 179.218 86.5112
730 404.978 156.727 2 185.762 86.7231
731 414.978 156.727 2 192.604 86.9443
732 424.978 156.727 2 199.711 87.1729
733 434.978 156.727 2 207.058 87.4072
734 444.978 156.727 2 214.62 87.6455
735 454.978 156.727 2 222.374 87.8867
736 464.978 156.727 2 230.301 88.1295
737 474.978 156.727 2 238.384 88.3728
738 484.978 156.727 2 246.608 88.6158
739 84.9784 166.727 2 234.25 88.2489
740 94.9784 166.727 2 225.968 87.9973
741 104.978 166.727 2 217.831 87.7458
742 114.978 166.727 2 209.854 87.4956
743 124.978 166.727 2 202.057 87.248
744 134.978 166.727 2 194.462 87.0042
745 144.978 166.727 2 187.094 86.7662
746 154.978 166.727 2 179.979 86.5359
747 164.978 166.727 2 173.15 86.3153
748 174.978 166.727 2 166.642 86.1069
749 184.978 166.727 2 160.493 85.913
750 194.978 166.727 2 154.747 85.736
751 204.978 166.727 2 149.449 85.578
752 214.978 166.727 2 144.65 85.4406
753 224.978 166.727 2 140.399 250
754 234.978 166.727 2 136.75 85.2313
755 244.978 166.727 2 133.75 250
756 254.978 166.727 2 131.444 250
757 264.978 166.727 2 129.869 250
758 274.978 166.727 2 129.052 85.0561
759 284.978 166.727 2 129.007 85.0552
760 294.978 166.727 2 129.736 250
761 304.978 166.727 2 131.224 250
762 314.978 166.727 2 133.448 250
763 324.978 166.727 2 136.37 250
764 334.978 166.727 2 139.947 250
765 344.978 166.727 2 144.131 250
766 354.978 166.727 2 148.87 85.5611
767 364.978 166.727 2 154.113 85.7168
768 374.978 166.727 2 159.81 250
769 384.978 166.727 2 165.915 86.0838
770 394.978 166.727 2 172.384 86.2907
771 404.978 166.727 2 179.178 86.5099
772 414.978 166.727 2 186.261 86.7393
773 424.978 166.727 2 193.602 86.9765
774 434.978 166.727 2 201.172 87.2196
775 444.978 166.727 2 208.946 250
776 454.978 166.727 2 216.903 250
777 464.978 166.727 2 225.023 250
778 474.978 166.727 2 233.29 88.2199
779 484.978 166.727 2 241.687 88.4709
780 84.9784 176.727 2 229.5 88.1051
781 94.9784 176.727 2 221.04 87.8455
782 104.978 176.727 2 212.714 87.5858
783 114.978 176.727 2 204.538 87.3271
784 124.978 176.727 2 196.53 87.0708
785 134.978 176.727 2 188.713 86.8186
786 144.978 176.727 2 181.111 86.5725
787 154.978 176.727 2 173.752 86.3347
788 164.978 176.727 2 166.668 86.1077
789 174.978 176.727 2 159.896 85.8944
790 184.978 176.727 2 153.477 85.6976
791 194.978 176.727 2 147.457 85.5202
792 204.978 176.727 2 141.887 85.3647
793 214.978 176.727 2 136.823 85.2331
794 224.978 176.727 2 132.322 250
795 234.978 176.727 2 128.443 85.0438
796 244.978 176.727 2 125.244 250
797 254.978 176.727 2 122.778 250
798 264.978 176.727 2 121.091 250
799 274.978 176.727 2 120.214 84.9084
800 284.978 176.727 2 120.166 84.9078
801 294.978 176.727 2 120.948 250
802 304.978 176.727 2 122.543 250
803 314.978 176.727 2 124.921 250
804 324.978 176.727 2 128.038 250
805 334.978 176.727 2 131.842 250
806 344.978 176.727 2 136.275 250
807 354.978 176.727 2 141.277 85.3483
808 364.978 176.727 2 146.792 85.5011
809 374.978 176.727 2 152.762 250
810 384.978 176.727 2 159.137 85.8709
811 394.978 176.727 2 165.871 86.0824
812 404.978 176.727 2 172.921 86.308
813 414.978 176.727 2 180.25 86.5446
814 424.978 176.727 2 187.826 86.7899
815 434.978 176.727 2 195.62 87.0415
816 444.978 176.727 2 203.607 250
817 454.978 176.727 2 211.764 250
818 464.978 176.727 2 220.074 250
819 474.978 176.727 2 228.519 88.0752
820 484.978 176.727 2 237.086 88.334
821 84.9784 186.727 2 225.094 87.9704
822 94.9784 186.727 2 216.462 87.7032
823 104.978 186.727 2 207.952 87.4355
824 114.978 186.727 2 199.581 87.1687
825 124.978 186.727 2 191.367 86.9044
826 134.978 186.727 2 183.329 86.6444
827 144.978 186.727 2 175.494 86.3909
828 154.978 186.727 2 167.889 86.1466
829 164.978 186.727 2 160.546 85.9147
830 174.978 186.727 2 153.504 85.6985
831 184.978 186.727 2 146.806 85.5016
832 194.978 186.727 2 140.501 85.3277
833 204.978 186.727 2 134.644 85.1801
834 214.978 186.727 2 129.296 85.0611
835 224.978 186.727 2 124.523 250
836 234.978 186.727 2 120.393 84.9106
837 244.978 186.727 2 116.974 250
838 254.978 186.727 2 114.331 250
839 264.978 186.727 2 112.516 250
840 274.978 186.727 2 111.573 84.8496
841 284.978 186.727 2 111.521 84.8496
842 294.978 186.727 2 112.363 84.8503
843 304.978 186.727 2 114.078 84.8554
844 314.978 186.727 2 116.629 84.8714
845 324.978 186.727 2 119.962 84.9053
846 334.978 186.727 2 124.013 250
847 344.978 186.727 2 128.716 250
848 354.978 186.727 2 134.001 250
849 364.978 186.727 2 139.803 250
850 374.978 186.727 2 146.059 250
851 384.978 186.727 2 152.715 85.6747
852 394.978 186.727 2 159.719 85.8889
853 404.978 186.727 2 167.029 86.1192
854 414.978 186.727 2 174.606 86.3622
855 424.978 186.727 2 182.416 86.6148
856 434.978 186.727 2 190.431 86.8742
857 444.978 186.727 2 198.627 250
858 454.978 186.727 2 206.981 250
859 464.978 186.727 2 215.475 250
860 474.978 186.727 2 224.094 87.9397
861 484.978 186.727 2 232.823 88.2058
862 84.9784 196.727 2 221.053 87.8459
863 94.9784 196.727 2 212.256 87.5714
864 104.978 196.727 2 203.571 87.2963
865 114.978 196.727 2 195.012 87.0219
866 124.978 196.727 2 186.596 86.7501
867 134.978 196.727 2 178.344 86.483
868 144.978 196.727 2 170.28 86.2231
869 154.978 196.727 2 162.431 85.9737
870 164.978 196.727 2 154.829 85.7385
871 174.978 196.727 2 147.515 85.5219
872 184.978 196.727 2 140.532 85.3285
873 194.978 196.727 2 133.931 85.1632
874 204.978 196.727 2 127.774 85.0307
875 214.978 196.727 2 122.125 84.9342
876 224.978 196.727 2 117.06 250
877 234.978 196.727 2 112.657 84.8509
878 244.978 196.727 2 108.995 84.8553
879 254.978 196.727 2 106.153 84.8776
880 264.978 196.727 2 104.197 84.9041
881 274.978 196.727 2 103.177 84.922
882 284.978 196.727 2 103.121 84.9231
883 294.978 196.727 2 104.031 84.9068
884 304.978 196.727 2 105.882 84.8807
885 314.978 196.727 2 108.625 84.8572
886 324.978 196.727 2 112.196 84.8501
887 334.978 196.727 2 116.518 250
888 344.978 196.727 2 121.511 250
889 354.978 196.727 2 127.096 85.0177
890 364.978 196.727 2 133.198 85.1462
891 374.978 196.727 2 139.751 85.3079
892 384.978 196.727 2 146.693 85.4983
893 394.978 196.727 2 153.972 85.7126
894 404.978 196.727 2 161.542 85.9458
895 414.978 196.727 2 169.364 86.1938
896 424.978 196.727 2 177.405 250
897 434.978 196.727 2 185.637 250
898 444.978 196.727 2 194.035 250
899 454.978 196.727 2 202.579 250
900 464.978 196.727 2 211.25 250
901 474.978 196.727 2 220.034 87.8143
902 484.978 196.727 2 228.918 88.0874
903 84.9784 206.727 2 217.397 87.7323
904 94.9784 206.727 2 208.446 87.4511
905 104.978 206.727 2 199.595 87.1692
906 114.978 206.727 2 190.858 86.888
907 124.978 206.727 2 182.25 250
908 134.978 206.727 2 173.792 86.336
909 144.978 206.727 2 165.506 86.0708
910 154.978 206.727 2 157.419 85.8177
911 164.978 206.727 2 149.563 85.5813
912 174.978 206.727 2 141.978 85.3672
913 184.978 206.727 2 134.708 85.1816
914 194.978 206.727 2 127.807 85.0313
915 204.978 206.727 2 121.339 84.9231
916 214.978 206.727 2 115.376 84.8624
917 224.978 206.727 2 110 84.8516
918 234.978 206.727 2 105.302 84.8879
919 244.978 206.727 2 101.376 84.961
920 254.978 206.727 2 98.3133 85.0521
921 264.978 206.727 2 96.1977 85.1361
922 274.978 206.727 2 95.0919 85.1879
923 284.978 206.727 2 95.0313 85.1909
924 294.978 206.727 2 96.0179 85.1441
925 304.978 206.727 2 98.02 85.0627
926 314.978 206.727 2 100.977 84.971
927 324.978 206.727 2 104.809 84.8948
928 334.978 206.727 2 109.423 250
929 344.978 206.727 2 114.725 250
930 354.978 206.727 2 120.625 84.9136
931 364.978 206.727 2 127.039 85.0166
932 374.978 206.727 2 133.893 85.1623
933 384.978 206.727 2 141.123 85.3442
934 394.978 206.727 2 148.675 85.5554
935 404.978 206.727 2 156.502 85.7896
936 414.978 206.727 2 164.564 86.041
937 424.978 206.727 2 172.829 250
938 434.978 206.727 2 181.268 250
939 444.978 206.727 2 189.86 250
940 454.978 206.727 2 198.583 250
941 464.978 206.727 2 207.421 250
942 474.978 206.727 2 216.361 87.7
943 484.978 206.727 2 225.39 87.9795
944 84.9784 216.727 2 214.146 87.6307
945 94.9784 216.727 2 205.053 87.3435
946 104.978 216.727 2 196.049 87.0553
947 114.978 216.727 2 187.146 250
948 124.978 216.727 2 178.36 250
949 134.978 216.727 2 169.708 86.2048
950 144.978 216.727 2 161.212 85.9355
951 154.978 216.727 2 152.898 85.6802
952 164.978 216.727 2 144.797 85.4448
953 174.978 216.727 2 136.948 85.2362
954 184.978 216.727 2 129.395 85.0631
955 194.978 216.727 2 122.195 84.9352
956 204.978 216.727 2 115.413 84.8626
957 214.978 216.727 2 109.127 84.8547
958 224.978 216.727 2 103.427 84.9173
959 234.978 216.727 2 98.4153 85.0485
960 244.978 216.727 2 94.2022 85.2338
961 254.978 216.727 2 90.8984 85.4421
962 264.978 216.727 2 88.6059 85.6277
963 274.978 216.727 2 87.4042 85.7408
964 284.978 216.727 2 87.3383 85.7473
965 294.978 216.727 2 88.4107 250
966 304.978 216.727 2 90.5811 250
967 314.978 216.727 2 93.7732 250
968 324.978 216.727 2 97.8872 250
969 334.978 216.727 2 102.812 250
970 344.978 216.727 2 108.438 250
971 354.978 216.727 2 114.662 84.8583
972 364.978 216.727 2 121.391 84.9238
973 374.978 216.727 2 128.547 85.0459
974 384.978 216.727 2 136.062 85.2143
975 394.978 216.727 2 143.879 85.4192
976 404.978 216.727 2 151.953 85.652
977 414.978 216.727 2 160.244 85.9053
978 424.978 216.727 2 168.721 250
979 434.978 216.727 2 177.356 250
980 444.978 216.727 2 186.128 250
981 454.978 216.727 2 195.018 250
982 464.978 216.727 2 204.011 250
983 474.978 216.727 2 213.094 87.5977
984 484.978 216.727 2 222.256 87.8831
985 84.9784 226.727 2 211.318 87.5418
986 94.9784 226.727 2 202.099 87.2493
987 104.978 226.727 2 192.957 250
988 114.978 226.727 2 183.904 250
989 124.978 226.727 2 174.955 250
990 134.978 226.727 2 166.126 86.0905
991 144.978 226.727 2 157.436 85.8183
992 154.978 226.727 2 148.912 85.5623
993 164.978 226.727 2 140.582 85.3298
994 174.978 226.727 2 132.483 85.1299
995 184.978 226.727 2 124.66 84.974
996 194.978 226.727 2 117.169 84.8759
997 204.978 226.727 2 110.078 84.8514
998 214.978 226.727 2 103.468 84.9166
999 224.978 226.727 2 97.4377 85.0846
1000 234.978 226.727 2 92.1009 85.3589
1001 244.978 226.727 2 87.5846 85.723
1002 254.978 226.727 2 84.0211 86.1296
1003 264.978 226.727 2 81.5354 86.4961
1004 274.978 226.727 2 80.2279 86.7229
1005 284.978 226.727 2 80.1561 86.7361
1006 294.978 226.727 2 81.3233 250
1007 304.978 226.727 2 83.6777 250
1008 314.978 226.727 2 87.1231 250
1009 324.978 226.727 2 91.5365 250
1010 334.978 226.727 2 96.7854 250
1011 344.978 226.727 2 102.742 250
1012 354.978 226.727 2 109.29 84.854
1013 364.978 226.727 2 116.331 84.869
1014 374.978 226.727 2 123.779 84.9595
1015 384.978 226.727 2 131.567 85.1095
1016 394.978 226.727 2 139.636 85.3049
1017 404.978 226.727 2 147.942 85.5342
1018 414.978 226.727 2 156.446 85.7878
1019 424.978 226.727 2 165.117 250
1020 434.978 226.727 2 173.932 250
1021 444.978 226.727 2 182.868 250
1022 454.978 226.727 2 191.909 250
1023 464.978 226.727 2 201.041 250
1024 474.978 226.727 2 210.253 87.5082
1025 484.978 226.727 2 219.533 87.7988
1026 84.9784 236.727 2 208.931 87.4665
1027 94.9784 236.727 2 199.602 87.1694
1028 104.978 236.727 2 190.34 86.8712
1029 114.978 236.727 2 181.157 86.574
1030 124.978 236.727 2 172.065 250
1031 134.978 236.727 2 163.079 85.9941
1032 144.978 236.727 2 154.218 85.72
1033 154.978 236.727 2 145.505 85.4646
1034 164.978 236.727 2 136.968 85.2367
1035 174.978 236.727 2 128.642 85.0478
1036 184.978 236.727 2 120.57 84.9129
1037 194.978 236.727 2 112.808 84.8512
1038 204.978 236.727 2 105.424 84.8863
1039 214.978 236.727 2 98.502 85.0455
1040 224.978 236.727 2 92.1473 85.3559
1041 234.978 236.727 2 86.4847 85.8356
1042 244.978 236.727 2 81.6583 86.4761
1043 254.978 236.727 2 77.8239 87.2146
1044 264.978 236.727 2 75.1335 87.9091
1045 274.978 236.727 2 73.7125 88.3548
1046 284.978 236.727 2 73.6343 88.3812
1047 294.978 236.727 2 74.9032 250
1048 304.978 236.727 2 77.4531 250
1049 314.978 236.727 2 81.1632 250
1050 324.978 236.727 2 85.8833 250
1051 334.978 236.727 2 91.4572 250
1052 344.978 236.727 2 97.739 250
1053 354.978 236.727 2 104.601 84.8978
1054 364.978 236.727 2 111.937 84.8498
1055 374.978 236.727 2 119.659 84.9017
1056 384.978 236.727 2 127.698 85.0292
1057 394.978 236.727 2 135.997 85.2127
1058 404.978 236.727 2 144.512 85.4368
1059 414.978 236.727 2 153.207 250
1060 424.978 236.727 2 162.052 250
1061 434.978 236.727 2 171.024 250
1062 444.978 236.727 2 180.105 250
1063 454.978 236.727 2 189.278 250
1064 464.978 236.727 2 198.531 250
1065 474.978 236.727 2 207.854 87.4324
1066 484.978 236.727 2 217.236 87.7273
1067 84.9784 246.727 2 207.001 87.4053
1068 94.9784 246.727 2 197.58 87.1045
1069 104.978 246.727 2 188.219 86.8026
1070 114.978 246.727 2 178.927 86.5018
1071 124.978 246.727 2 169.715 86.205
1072 134.978 246.727 2 160.598 85.9163
1073 144.978 246.727 2 151.592 85.6412
1074 154.978 246.727 2 142.719 85.3873
1075 164.978 246.727 2 134.005 85.1649
1076 174.978 246.727 2 125.482 84.9882
1077 184.978 246.727 2 117.193 84.8761
1078 194.978 246.727 2 109.191 84.8545
1079 204.978 246.727 2 101.544 84.957
1080 214.978 246.727 2 94.338 85.2265
1081 224.978 246.727 2 87.682 85.7136
1082 234.978 246.727 2 81.7106 86.4676
1083 244.978 246.727 2 76.5839 87.5131
1084 254.978 246.727 2 72.4816 88.7958
1085 264.978 246.727 2 69.585 90.0974
1086 274.978 246.727 2 68.0481 90.9919
1087 284.978 246.727 2 67.9634 91.0465
1088 294.978 246.727 2 69.3362 90.2307
1089 304.978 246.727 2 72.0832 88.9511
1090 314.978 246.727 2 76.0557 87.6511
1091 324.978 246.727 2 81.0738 86.5733
1092 334.978 246.727 2 86.9565 85.786
1093 344.978 246.727 2 93.541 85.2705
1094 354.978 246.727 2 100.69 84.9786
1095 364.978 246.727 2 108.291 84.8592
1096 374.978 246.727 2 116.256 84.8685
1097 384.978 246.727 2 124.514 84.9716
1098 394.978 246.727 2 133.013 85.1419
1099 404.978 246.727 2 141.707 85.3599
1100 414.978 246.727 2 150.563 85.6107
1101 424.978 246.727 2 159.555 85.8838
1102 434.978 246.727 2 168.66 86.1713
1103 444.978 246.727 2 177.862 86.4674
1104 454.978 246.727 2 187.145 86.7679
1105 464.978 246.727 2 196.499 87.0698
1106 474.978 246.727 2 205.913 87.3708
1107 484.978 246.727 2 215.38 87.6694
1108 84.9784 256.727 2 205.539 87.3589
1109 94.9784 256.727 2 196.048 87.0553
1110 104.978 256.727 2 186.61 86.7506
1111 114.978 256.727 2 177.234 86.4471
1112 124.978 256.727 2 167.93 86.1479
1113 134.978 256.727 2 158.71 85.8576
1114 144.978 256.727 2 149.59 85.5821
1115 154.978 256.727 2 140.591 85.33
1116 164.978 256.727 2 131.736 85.1132
1117 174.978 256.727 2 123.056 84.9481
1118 184.978 256.727 2 114.592 84.8579
1119 194.978 256.727 2 106.394 84.875
1120 204.978 256.727 2 98.5302 85.0445
1121 214.978 256.727 2 91.0861 85.4285
1122 224.978 256.727 2 84.1734 86.1096
1123 234.978 256.727 2 77.9335 87.1898
1124 244.978 256.727 2 72.5405 88.7734
1125 254.978 256.727 2 68.1953 90.8984
1126 264.978 256.727 2 65.1082 93.3389
1127 274.978 256.727 2 63.4631 95.2539
1128 284.978 256.727 2 63.3723 95.379
1129 294.978 256.727 2 64.8424 93.6101
1130 304.978 256.727 2 67.7718 91.1724
1131 314.978 256.727 2 71.9826 88.9914
1132 324.978 256.727 2 77.2656 87.3448
1133 334.978 256.727 2 83.4174 86.2116
1134 344.978 256.727 2 90.2604 85.4901
1135 354.978 256.727 2 97.6495 85.0765
1136 364.978 256.727 2 105.47 84.8857
1137 374.978 256.727 2 113.633 84.8537
1138 384.978 256.727 2 122.069 84.9334
1139 394.978 256.727 2 130.726 85.0912
1140 404.978 256.727 2 139.563 85.303
1141 414.978 256.727 2 148.547 85.5517
1142 424.978 256.727 2 157.654 85.825
1143 434.978 256.727 2 166.863 86.114
1144 444.978 256.727 2 176.158 86.4123
1145 454.978 256.727 2 185.527 86.7155
1146 464.978 256.727 2 194.958 87.0202
1147 474.978 256.727 2 204.444 87.3241
1148 484.978 256.727 2 213.976 87.6254
1149 84.9784 266.727 2 204.557 87.3277
1150 94.9784 266.727 2 195.018 87.0221
1151 104.978 266.727 2 185.527 86.7155
1152 114.978 266.727 2 176.093 86.4102
1153 124.978 266.727 2 166.725 86.1096
1154 134.978 266.727 2 157.435 250
1155 144.978 266.727 2 148.237 250
1156 154.978 266.727 2 139.15 250
1157 164.978 266.727 2 130.197 250
1158 174.978 266.727 2 121.407 84.924
1159 184.978 266.727 2 112.82 84.8512
1160 194.978 266.727 2 104.483 84.8996
1161 204.978 266.727 2 96.4635 85.1245
1162 214.978 266.727 2 88.8464 85.6064
1163 224.978 266.727 2 81.7446 86.4622
1164 234.978 266.727 2 75.3038 87.8598
1165 244.978 266.727 2 69.7075 250
1166 254.978 266.727 2 65.1738 250
1167 264.978 266.727 2 61.9363 250
1168 274.978 266.727 2 60.2045 102.399
1169 284.978 266.727 2 60.1088 102.763
1170 294.978 266.727 2 61.6567 250
1171 304.978 266.727 2 64.7305 250
1172 314.978 266.727 2 69.1268 250
1173 324.978 266.727 2 74.6123 250
1174 334.978 266.727 2 80.9659 250
1175 344.978 266.727 2 87.9998 250
1176 354.978 266.727 2 95.5638 250
1177 364.978 266.727 2 103.542 250
1178 374.978 266.727 2 111.845 250
1179 384.978 266.727 2 120.407 250
1180 394.978 266.727 2 129.176 250
1181 404.978 266.727 2 138.112 250
1182 414.978 266.727 2 147.185 250
1183 424.978 266.727 2 156.371 250
1184 434.978 266.727 2 165.651 250
1185 444.978 266.727 2 175.011 250
1186 454.978 266.727 2 184.438 250
1187 464.978 266.727 2 193.922 250
1188 474.978 266.727 2 203.456 87.2926
1189 484.978 266.727 2 213.032 87.5958
1190 84.9784 276.727 2 204.06 87.3118
1191 94.9784 276.727 2 194.497 87.0053
1192 104.978 276.727 2 184.979 86.6978
1193 114.978 276.727 2 175.516 86.3916
1194 124.978 276.727 2 166.116 86.0902
1195 134.978 276.727 2 156.789 250
1196 144.978 276.727 2 147.551 250
1197 154.978 276.727 2 138.419 250
1198 164.978 276.727 2 129.415 250
1199 174.978 276.727 2 120.569 84.9129
1200 184.978 276.727 2 111.916 84.8498
1201 194.978 276.727 2 103.507 84.9159
1202 204.978 276.727 2 95.4056 85.1726
1203 214.978 276.727 2 87.6967 85.7122
1204 224.978 276.727 2 80.4934 86.6747
1205 234.978 276.727 2 73.9437 88.2779
1206 244.978 276.727 2 68.236 250
1207 254.978 276.727 2 63.5975 250
1208 264.978 276.727 2 60.2754 250
1209 274.978 276.727 2 58.4945 114.996
1210 284.978 276.727 2 58.3959 116.905
1211 294.978 276.727 2 59.9881 250
1212 304.978 276.727 2 63.1431 250
1213 314.978 276.727 2 67.6427 250
1214 324.978 276.727 2 73.2394 250
1215 334.978 276.727 2 79.7026 250
1216 344.978 276.727 2 86.8388 250
1217 354.978 276.727 2 94.4958 250
1218 364.978 276.727 2 102.557 250
1219 374.978 276.727 2 110.934 250
1220 384.978 276.727 2 119.561 250
1221 394.978 276.727 2 128.388 250
1222 404.978 276.727 2 137.375 250
1223 414.978 276.727 2 146.494 250
1224 424.978 276.727 2 155.72 250
1225 434.978 276.727 2 165.037 250
1226 444.978 276.727 2 174.43 250
1227 454.978 276.727 2 183.887 250
1228 464.978 276.727 2 193.398 250
1229 474.978 276.727 2 202.956 87.2767
1230 484.978 276.727 2 212.555 87.5808
1231 84.9784 286.727 2 204.053 87.3116
1232 94.9784 286.727 2 194.489 87.0051
1233 104.978 286.727 2 184.971 86.6975
1234 114.978 286.727 2 175.508 86.3913
1235 124.978 286.727 2 166.107 86.0899
1236 134.978 286.727 2 156.78 250
1237 144.978 286.727 2 147.541 250
1238 154.978 286.727 2 138.408 250
1239 164.978 286.727 2 129.404 250
1240 174.978 286.727 2 120.556 84.9127
1241 184.978 286.727 2 111.903 84.8498
1242 194.978 286.727 2 103.493 84.9161
1243 204.978 286.727 2 95.39 85.1734
1244 214.978 286.727 2 87.6797 85.7138
1245 224.978 286.727 2 80.4749 86.6781
1246 234.978 286.727 2 73.9236 88.2846
1247 244.978 286.727 2 68.2142 250
1248 254.978 286.727 2 63.574 250
1249 264.978 286.727 2 60.2506 250
1250 274.978 286.727 2 58.469 115.45
1251 284.978 286.727 2 58.3704 117.478
1252 294.978 286.727 2 59.9632 250
1253 304.978 286.727 2 63.1195 250
1254 314.978 286.727 2 67.6206 250
1255 324.978 286.727 2 73.2191 250
1256 334.978 286.727 2 79.6838 250
1257 344.978 286.727 2 86.8216 250
1258 354.978 286.727 2 94.48 250
1259 364.978 286.727 2 102.542 250
1260 374.978 286.727 2 110.921 250
1261 384.978 286.727 2 119.549 250
1262 394.978 286.727 2 128.376 250
1263 404.978 286.727 2 137.364 250
1264 414.978 286.727 2 146.483 250
1265 424.978 286.727 2 155.711 250
1266 434.978 286.727 2 165.028 250
1267 444.978 286.727 2 174.421 250
1268 454.978 286.727 2 183.878 250
1269 464.978 286.727 2 193.39 250
1270 474.978 286.727 2 202.949 87.2764
1271 484.978 286.727 2 212.548 87.5805
1272 84.9784 296.727 2 204.535 87.327
1273 94.9784 296.727 2 194.995 87.0214
1274 104.978 296.727 2 185.503 86.7147
1275 114.978 296.727 2 176.068 86.4094
1276 124.978 296.727 2 166.699 86.1087
1277 134.978 296.727 2 157.407 250
1278 144.978 296.727 2 148.207 250
1279 154.978 296.727 2 139.118 250
1280 164.978 296.727 2 130.163 250
1281 174.978 296.727 2 121.371 84.9235
1282 184.978 296.727 2 112.78 84.8511
1283 194.978 296.727 2 104.44 84.9003
1284 204.978 296.727 2 96.4171 85.1265
1285 214.978 296.727 2 88.7961 85.6108
1286 224.978 296.727 2 81.6898 86.471
1287 234.978 296.727 2 75.2443 87.8769
1288 244.978 296.727 2 69.6433 250
1289 254.978 296.727 2 65.1051 250
1290 264.978 296.727 2 61.864 250
1291 274.978 296.727 2 60.1302 102.68
1292 284.978 296.727 2 60.0343 103.058
1293 294.978 296.727 2 61.5841 250
1294 304.978 296.727 2 64.6613 250
1295 314.978 296.727 2 69.0621 250
1296 324.978 296.727 2 74.5523 88.0839
1297 334.978 296.727 2 80.9107 86.6013
1298 344.978 296.727 2 87.9489 85.6881
1299 354.978 296.727 2 95.517 85.1673
1300 364.978 296.727 2 103.499 84.916
1301 374.978 296.727 2 111.805 84.8497
1302 384.978 296.727 2 120.37 84.9103
1303 394.978 296.727 2 129.141 85.0579
1304 404.978 296.727 2 138.079 85.2648
1305 414.978 296.727 2 147.154 85.5115
1306 424.978 296.727 2 156.342 85.7847
1307 434.978 296.727 2 165.624 250
1308 444.978 296.727 2 174.985 250
1309 454.978 296.727 2 184.413 250
1310 464.978 296.727 2 193.899 250
1311 474.978 296.727 2 203.434 87.2919
1312 484.978 296.727 2 213.011 87.5951
1313 84.9784 306.727 2 205.503 87.3578
1314 94.9784 306.727 2 196.01 87.0541
1315 104.978 306.727 2 186.57 86.7493
1316 114.978 306.727 2 177.192 86.4457
1317 124.978 306.727 2 167.885 86.1465
1318 134.978 306.727 2 158.663 250
1319 144.978 306.727 2 149.541 250
1320 154.978 306.727 2 140.538 250
1321 164.978 306.727 2 131.679 250
1322 174.978 306.727 2 122.995 84.9472
1323 184.978 306.727 2 114.527 84.8576
1324 194.978 306.727 2 106.324 84.8757
1325 204.978 306.727 2 98.4545 85.0472
1326 214.978 306.727 2 91.0042 85.4344
1327 224.978 306.727 2 84.0848 86.1212
1328 234.978 306.727 2 77.8378 87.2114
1329 244.978 306.727 2 72.4376 250
1330 254.978 306.727 2 68.0859 250
1331 264.978 306.727 2 64.9937 250
1332 274.978 306.727 2 63.3456 95.4163
1333 284.978 306.727 2 63.2546 95.5448
1334 294.978 306.727 2 64.7273 250
1335 304.978 306.727 2 67.6617 250
1336 314.978 306.727 2 71.879 250
1337 324.978 306.727 2 77.1691 87.368
1338 334.978 306.727 2 83.328 250
1339 344.978 306.727 2 90.1778 250
1340 354.978 306.727 2 97.5731 250
1341 364.978 306.727 2 105.399 84.8867
1342 374.978 306.727 2 113.567 250
1343 384.978 306.727 2 122.008 250
1344 394.978 306.727 2 130.669 250
1345 404.978 306.727 2 139.51 250
1346 414.978 306.727 2 148.497 250
1347 424.978 306.727 2 157.607 250
1348 434.978 306.727 2 166.818 250
1349 444.978 306.727 2 176.116 250
1350 454.978 306.727 2 185.487 250
1351 464.978 306.727 2 194.92 250
1352 474.978 306.727 2 204.407 87.3229
1353 484.978 306.727 2 213.941 87.6243
1354 84.9784 316.727 2 206.951 87.4037
1355 94.9784 316.727 2 197.527 87.1028
1356 104.978 316.727 2 188.163 86.8008
1357 114.978 316.727 2 178.869 86.4999
1358 124.978 316.727 2 169.654 86.2031
1359 134.978 316.727 2 160.533 250
1360 144.978 316.727 2 151.524 250
1361 154.978 316.727 2 142.646 250
1362 164.978 316.727 2 133.927 250
1363 174.978 316.727 2 125.399 84.9867
1364 184.978 316.727 2 117.104 84.8754
1365 194.978 316.727 2 109.095 84.8549
1366 204.978 316.727 2 101.441 84.9594
1367 214.978 316.727 2 94.2273 85.2324
1368 224.978 316.727 2 87.5629 85.7252
1369 234.978 316.727 2 81.5828 86.4884
1370 244.978 316.727 2 76.4476 250
1371 254.978 316.727 2 72.3375 250
1372 264.978 316.727 2 69.4348 250
1373 274.978 316.727 2 67.8946 91.0913
1374 284.978 316.727 2 67.8097 91.1472
1375 294.978 316.727 2 69.1856 250
1376 304.978 316.727 2 71.9383 250
1377 314.978 316.727 2 75.9184 250
1378 324.978 316.727 2 80.945 86.5953
1379 334.978 316.727 2 86.8365 250
1380 344.978 316.727 2 93.4294 250
1381 354.978 316.727 2 100.586 250
1382 364.978 316.727 2 108.194 84.8598
1383 374.978 316.727 2 116.166 250
1384 384.978 316.727 2 124.431 250
1385 394.978 316.727 2 132.934 250
1386 404.978 316.727 2 141.633 250
1387 414.978 316.727 2 150.494 250
1388 424.978 316.727 2 159.49 250
1389 434.978 316.727 2 168.598 250
1390 444.978 316.727 2 177.803 250
1391 454.978 316.727 2 187.089 250
1392 464.978 316.727 2 196.446 250
1393 474.978 316.727 2 205.862 87.3692
1394 484.978 316.727 2 215.332 87.6678
1395 84.9784 326.727 2 208.867 87.4645
1396 94.9784 326.727 2 199.534 87.1672
1397 104.978 326.727 2 190.27 86.8689
1398 114.978 326.727 2 181.083 86.5716
1399 124.978 326.727 2 171.987 86.2779
1400 134.978 326.727 2 162.997 85.9915
1401 144.978 326.727 2 154.131 85.7174
1402 154.978 326.727 2 145.413 85.462
1403 164.978 326.727 2 136.87 85.2343
1404 174.978 326.727 2 128.537 85.0457
1405 184.978 326.727 2 120.459 84.9115
1406 194.978 326.727 2 112.689 84.8509
1407 204.978 326.727 2 105.296 84.888
1408 214.978 326.727 2 98.3657 85.0503
1409 224.978 326.727 2 92.0015 85.3654
1410 234.978 326.727 2 86.3294 85.8523
1411 244.978 326.727 2 81.4939 86.5029
1412 254.978 326.727 2 77.6513 87.2541
1413 264.978 326.727 2 74.9547 87.9618
1414 274.978 326.727 2 73.5302 88.4166
1415 284.978 326.727 2 73.4519 88.4436
1416 294.978 326.727 2 74.7239 88.0313
1417 304.978 326.727 2 77.2796 87.3414
1418 314.978 326.727 2 80.9977 86.5863
1419 324.978 326.727 2 85.7269 85.9195
1420 334.978 326.727 2 91.3104 85.4126
1421 344.978 326.727 2 97.6016 85.0783
1422 354.978 326.727 2 104.473 84.8998
1423 364.978 326.727 2 111.817 84.8497
1424 374.978 326.727 2 119.547 84.9003
1425 384.978 326.727 2 127.593 85.0272
1426 394.978 326.727 2 135.899 85.2103
1427 404.978 326.727 2 144.419 85.4342
1428 414.978 326.727 2 153.119 85.6869
1429 424.978 326.727 2 161.969 85.9592
1430 434.978 326.727 2 170.946 86.2445
1431 444.978 326.727 2 180.03 86.5375
1432 454.978 326.727 2 189.207 86.8346
1433 464.978 326.727 2 198.464 87.1329
1434 474.978 326.727 2 207.789 87.4303
1435 484.978 326.727 2 217.175 87.7254
1436 84.9784 336.727 2 211.241 87.5394
1437 94.9784 336.727 2 202.017 87.2467
1438 104.978 336.727 2 192.872 86.953
1439 114.978 336.727 2 183.815 86.6601
1440 124.978 336.727 2 174.861 86.3705
1441 134.978 336.727 2 166.027 86.0874
1442 144.978 336.727 2 157.332 85.8151
1443 154.978 336.727 2 148.802 85.5591
1444 164.978 336.727 2 140.465 85.3267
1445 174.978 336.727 2 132.359 85.1271
1446 184.978 336.727 2 124.529 84.9718
1447 194.978 336.727 2 117.029 84.8747
1448 204.978 336.727 2 109.929 84.8518
1449 214.978 336.727 2 103.309 84.9195
1450 224.978 336.727 2 97.2692 85.0912
1451 234.978 336.727 2 91.9227 85.3707
1452 244.978 336.727 2 87.3972 85.7415
1453 254.978 336.727 2 83.8257 86.1556
1454 264.978 336.727 2 81.3341 86.5294
1455 274.978 336.727 2 80.0232 86.7608
1456 284.978 336.727 2 79.9512 86.7743
1457 294.978 336.727 2 81.1214 86.5652
1458 304.978 336.727 2 83.4815 86.2026
1459 314.978 336.727 2 86.9347 85.7883
1460 324.978 336.727 2 91.3571 85.4093
1461 334.978 336.727 2 96.6158 85.118
1462 344.978 336.727 2 102.582 84.9338
1463 354.978 336.727 2 109.14 84.8547
1464 364.978 336.727 2 116.19 84.868
1465 374.978 336.727 2 123.647 84.9574
1466 384.978 336.727 2 131.442 85.1067
1467 394.978 336.727 2 139.519 85.3019
1468 404.978 336.727 2 147.831 85.531
1469 414.978 336.727 2 156.341 85.7846
1470 424.978 336.727 2 165.018 86.0554
1471 434.978 336.727 2 173.837 86.3375
1472 444.978 336.727 2 182.778 86.6265
1473 454.978 336.727 2 191.824 86.9191
1474 464.978 336.727 2 200.96 87.2129
1475 474.978 336.727 2 210.175 87.5058
1476 484.978 336.727 2 219.458 87.7964
1477 84.9784 346.727 2 214.055 87.6279
1478 94.9784 346.727 2 204.959 87.3405
1479 104.978 346.727 2 195.95 87.0521
1480 114.978 346.727 2 187.043 250
1481 124.978 346.727 2 178.251 250
1482 134.978 346.727 2 169.594 250
1483 144.978 346.727 2 161.091 250
1484 154.978 346.727 2 152.771 250
1485 164.978 346.727 2 144.663 250
1486 174.978 346.727 2 136.806 250
1487 184.978 346.727 2 129.245 85.0601
1488 194.978 346.727 2 122.036 84.9329
1489 204.978 346.727 2 115.245 84.8616
1490 214.978 346.727 2 108.949 84.8556
1491 224.978 346.727 2 103.239 84.9208
1492 234.978 346.727 2 98.2181 85.0555
1493 244.978 346.727 2 93.9962 250
1494 254.978 346.727 2 90.685 250
1495 264.978 346.727 2 88.3869 250
1496 274.978 346.727 2 87.1822 85.763
1497 284.978 346.727 2 87.1161 85.7697
1498 294.978 346.727 2 88.1913 85.6654
1499 304.978 346.727 2 90.3669 85.4819
1500 314.978 346.727 2 93.5664 85.2691
1501 324.978 346.727 2 97.689 85.075
1502 334.978 346.727 2 102.624 84.9329
1503 344.978 346.727 2 108.259 84.8594
1504 354.978 346.727 2 114.493 84.8574
1505 364.978 346.727 2 121.231 84.9216
1506 374.978 346.727 2 128.396 85.0429
1507 384.978 346.727 2 135.919 250
1508 394.978 346.727 2 143.745 250
1509 404.978 346.727 2 151.826 250
1510 414.978 346.727 2 160.123 250
1511 424.978 346.727 2 168.606 250
1512 434.978 346.727 2 177.247 250
1513 444.978 346.727 2 186.024 86.7316
1514 454.978 346.727 2 194.919 250
1515 464.978 346.727 2 203.916 250
1516 474.978 346.727 2 213.003 87.5948
1517 484.978 346.727 2 222.169 87.8804
1518 84.9784 356.727 2 217.294 87.7291
1519 94.9784 356.727 2 208.339 87.4477
1520 104.978 356.727 2 199.483 250
1521 114.978 356.727 2 190.741 250
1522 124.978 356.727 2 182.128 250
1523 134.978 356.727 2 173.663 250
1524 144.978 356.727 2 165.371 250
1525 154.978 356.727 2 157.277 250
1526 164.978 356.727 2 149.414 250
1527 174.978 356.727 2 141.82 250
1528 184.978 356.727 2 134.541 85.1776
1529 194.978 356.727 2 127.632 85.0279
1530 204.978 356.727 2 121.154 84.9206
1531 214.978 356.727 2 115.182 84.8612
1532 224.978 356.727 2 109.797 84.8522
1533 234.978 356.727 2 105.09 84.8908
1534 244.978 356.727 2 101.155 250
1535 254.978 356.727 2 98.0856 250
1536 264.978 356.727 2 95.9649 250
1537 274.978 356.727 2 94.8565 85.1996
1538 284.978 356.727 2 94.7957 85.2027
1539 294.978 356.727 2 95.7847 85.1548
1540 304.978 356.727 2 97.7916 85.0711
1541 314.978 356.727 2 100.756 84.9768
1542 324.978 356.727 2 104.595 84.8979
1543 334.978 356.727 2 109.218 84.8543
1544 344.978 356.727 2 114.53 84.8576
1545 354.978 356.727 2 120.439 84.9112
1546 364.978 356.727 2 126.862 85.0133
1547 374.978 356.727 2 133.726 85.1584
1548 384.978 356.727 2 140.965 85.34
1549 394.978 356.727 2 148.525 250
1550 404.978 356.727 2 156.359 250
1551 414.978 356.727 2 164.428 250
1552 424.978 356.727 2 172.699 250
1553 434.978 356.727 2 181.145 250
1554 444.978 356.727 2 189.742 86.8519
1555 454.978 356.727 2 198.47 250
1556 464.978 356.727 2 207.314 250
1557 474.978 356.727 2 216.258 87.6968
1558 484.978 356.727 2 225.291 87.9765
1559 84.9784 366.727 2 220.938 87.8423
1560 94.9784 366.727 2 212.137 87.5676
1561 104.978 366.727 2 203.447 250
1562 114.978 366.727 2 194.882 250
1563 124.978 366.727 2 186.461 250
1564 134.978 366.727 2 178.202 250
1565 144.978 366.727 2 170.131 250
1566 154.978 366.727 2 162.274 250
1567 164.978 366.727 2 154.666 250
1568 174.978 366.727 2 147.343 250
1569 184.978 366.727 2 140.351 85.3237
1570 194.978 366.727 2 133.742 250
1571 204.978 366.727 2 127.575 250
1572 214.978 366.727 2 121.918 250
1573 224.978 366.727 2 116.843 250
1574 234.978 366.727 2 112.431 250
1575 244.978 366.727 2 108.763 250
1576 254.978 366.727 2 105.914 250
1577 264.978 366.727 2 103.953 250
1578 274.978 366.727 2 102.931 84.9267
1579 284.978 366.727 2 102.875 84.9278
1580 294.978 366.727 2 103.787 84.9109
1581 304.978 366.727 2 105.642 84.8836
1582 314.978 366.727 2 108.391 84.8586
1583 324.978 366.727 2 111.97 84.8498
1584 334.978 366.727 2 116.3 84.8688
1585 344.978 366.727 2 121.302 84.9226
1586 354.978 366.727 2 126.896 85.0139
1587 364.978 366.727 2 133.008 85.1418
1588 374.978 366.727 2 139.569 85.3032
1589 384.978 366.727 2 146.52 85.4934
1590 394.978 366.727 2 153.807 250
1591 404.978 366.727 2 161.385 250
1592 414.978 366.727 2 169.214 250
1593 424.978 366.727 2 177.263 250
1594 434.978 366.727 2 185.501 250
1595 444.978 366.727 2 193.905 86.9863
1596 454.978 366.727 2 202.454 250
1597 464.978 366.727 2 211.13 250
1598 474.978 366.727 2 219.919 87.8107
1599 484.978 366.727 2 228.808 88.084
1600 84.9784 376.727 2 224.968 87.9666
1601 94.9784 376.727 2 216.331 87.6991
1602 104.978 376.727 2 207.816 250
1603 114.978 376.727 2 199.439 250
1604 124.978 376.727 2 191.219 250
1605 134.978 376.727 2 183.175 250
1606 144.978 376.727 2 175.333 250
1607 154.978 376.727 2 167.72 250
1608 164.978 376.727 2 160.37 250
1609 174.978 376.727 2 153.32 250
1610 184.978 376.727 2 146.613 85.4961
1611 194.978 376.727 2 140.299 250
1612 204.978 376.727 2 134.434 250
1613 214.978 376.727 2 129.077 250
1614 224.978 376.727 2 124.296 250
1615 234.978 376.727 2 120.158 250
1616 244.978 376.727 2 116.732 250
1617 254.978 376.727 2 114.083 250
1618 264.978 376.727 2 112.264 250
1619 274.978 376.727 2 111.318 84.8496
1620 284.978 376.727 2 111.267 84.8497
1621 294.978 376.727 2 112.11 84.85
1622 304.978 376.727 2 113.83 84.8544
1623 314.978 376.727 2 116.386 84.8695
1624 324.978 376.727 2 119.726 84.9024
1625 334.978 376.727 2 123.785 84.9596
1626 344.978 376.727 2 128.496 85.0449
1627 354.978 376.727 2 133.79 85.1599
1628 364.978 376.727 2 139.6 85.304
1629 374.978 376.727 2 145.865 85.4748
1630 384.978 376.727 2 152.529 250
1631 394.978 376.727 2 159.542 250
1632 404.978 376.727 2 166.859 250
1633 414.978 376.727 2 174.444 250
1634 424.978 376.727 2 182.261 250
1635 434.978 376.727 2 190.283 250
1636 444.978 376.727 2 198.484 250
1637 454.978 376.727 2 206.844 250
1638 464.978 376.727 2 215.344 250
1639 474.978 376.727 2 223.967 87.9358
1640 484.978 376.727 2 232.701 88.2022
1641 84.9784 386.727 2 229.364 88.101
1642 94.9784 386.727 2 220.898 87.8411
1643 104.978 386.727 2 212.567 87.5811
1644 114.978 386.727 2 204.385 250
1645 124.978 386.727 2 196.371 250
1646 134.978 386.727 2 188.547 250
1647 144.978 386.727 2 180.938 250
1648 154.978 386.727 2 173.571 250
1649 164.978 386.727 2 166.48 250
1650 174.978 386.727 2 159.7 250
1651 184.978 386.727 2 153.273 85.6915
1652 194.978 386.727 2 147.245 250
1653 204.978 386.727 2 141.667 250
1654 214.978 386.727 2 136.594 250
1655 224.978 386.727 2 132.085 250
1656 234.978 386.727 2 128.199 250
1657 244.978 386.727 2 124.993 250
1658 254.978 386.727 2 122.523 250
1659 264.978 386.727 2 120.832 250
1660 274.978 386.727 2 119.953 84.9052
1661 284.978 386.727 2 119.905 84.9046
1662 294.978 386.727 2 120.689 84.9144
1663 304.978 386.727 2 122.288 84.9365
1664 314.978 386.727 2 124.671 84.9742
1665 324.978 386.727 2 127.794 85.031
1666 334.978 386.727 2 131.604 85.1103
1667 344.978 386.727 2 136.045 85.2139
1668 354.978 386.727 2 141.056 85.3424
1669 364.978 386.727 2 146.578 85.4951
1670 374.978 386.727 2 152.557 85.67
1671 384.978 386.727 2 158.941 250
1672 394.978 386.727 2 165.682 250
1673 404.978 386.727 2 172.74 250
1674 414.978 386.727 2 180.077 250
1675 424.978 386.727 2 187.659 250
1676 434.978 386.727 2 195.46 250
1677 444.978 386.727 2 203.453 250
1678 454.978 386.727 2 211.616 250
1679 464.978 386.727 2 219.932 250
1680 474.978 386.727 2 228.382 88.0711
1681 484.978 386.727 2 236.953 88.33
1682 84.9784 396.727 2 234.104 88.2445
1683 94.9784 396.727 2 225.817 87.9926
1684 104.978 396.727 2 217.673 87.7409
1685 114.978 396.727 2 209.691 87.4905
1686 124.978 396.727 2 201.888 87.2425
1687 134.978 396.727 2 194.286 86.9986
1688 144.978 396.727 2 186.911 86.7603
1689 154.978 396.727 2 179.789 86.5297
1690 164.978 396.727 2 172.952 86.309
1691 174.978 396.727 2 166.436 86.1004
1692 184.978 396.727 2 160.279 85.9064
1693 194.978 396.727 2 154.525 85.7293
1694 204.978 396.727 2 149.219 85.5713
1695 214.978 396.727 2 144.412 85.434
1696 224.978 396.727 2 140.155 85.3185
1697 234.978 396.727 2 136.499 85.2251
1698 244.978 396.727 2 133.493 250
1699 254.978 396.727 2 131.183 250
1700 264.978 396.727 2 129.605 250
1701 274.978 396.727 2 128.786 85.0507
1702 284.978 396.727 2 128.741 85.0498
1703 294.978 396.727 2 129.471 85.0647
1704 304.978 396.727 2 130.963 85.0963
1705 314.978 396.727 2 133.191 85.146
1706 324.978 396.727 2 136.118 85.2157
1707 334.978 396.727 2 139.702 85.3067
1708 344.978 396.727 2 143.893 85.4196
1709 354.978 396.727 2 148.639 85.5544
1710 364.978 396.727 2 153.89 85.7101
1711 374.978 396.727 2 159.595 85.8851
1712 384.978 396.727 2 165.708 250
1713 394.978 396.727 2 172.185 250
1714 404.978 396.727 2 178.986 250
1715 414.978 396.727 2 186.077 250
1716 424.978 396.727 2 193.425 250
1717 434.978 396.727 2 201.001 250
1718 444.978 396.727 2 208.782 250
1719 454.978 396.727 2 216.745 250
1720 464.978 396.727 2 224.871 250
1721 474.978 396.727 2 233.143 88.2155
1722 484.978 396.727 2 241.545 88.4667
1723 84.9784 406.727 2 239.169 88.3962
1724 94.9784 406.727 2 231.063 88.1526
1725 104.978 406.727 2 223.111 87.9095
1726 114.978 406.727 2 215.33 87.6678
1727 124.978 406.727 2 207.739 87.4287
1728 134.978 406.727 2 200.36 87.1937
1729 144.978 406.727 2 193.216 86.9641
1730 154.978 406.727 2 186.336 86.7417
1731 164.978 406.727 2 179.749 86.5284
1732 174.978 406.727 2 173.488 86.3262
1733 184.978 406.727 2 167.59 86.1371
1734 194.978 406.727 2 162.096 85.9632
1735 204.978 406.727 2 157.046 85.8063
1736 214.978 406.727 2 152.486 85.6679
1737 224.978 406.727 2 148.46 85.5492
1738 234.978 406.727 2 145.014 85.4508
1739 244.978 406.727 2 142.188 85.3729
1740 254.978 406.727 2 140.021 85.315
1741 264.978 406.727 2 138.544 85.2766
1742 274.978 406.727 2 137.778 85.2571
1743 284.978 406.727 2 137.736 85.256
1744 294.978 406.727 2 138.419 85.2734
1745 304.978 406.727 2 139.815 85.3096
1746 314.978 406.727 2 141.904 85.3652
1747 324.978 406.727 2 144.656 85.4408
1748 334.978 406.727 2 148.033 85.5368
1749 344.978 406.727 2 151.994 85.6532
1750 354.978 406.727 2 156.495 85.7894
1751 364.978 406.727 2 161.491 85.9442
1752 374.978 406.727 2 166.936 86.1163
1753 384.978 406.727 2 172.789 86.3037
1754 394.978 406.727 2 179.01 86.5045
1755 404.978 406.727 2 185.562 86.7166
1756 414.978 406.727 2 192.41 86.9381
1757 424.978 406.727 2 199.525 87.1669
1758 434.978 406.727 2 206.878 87.4014
1759 444.978 406.727 2 214.446 87.6401
1760 454.978 406.727 2 222.206 87.8815
1761 464.978 406.727 2 230.139 88.1245
1762 474.978 406.727 2 238.228 88.3681
1763 484.978 406.727 2 246.457 88.6114
1764 84.9784 416.727 2 244.538 88.5551
1765 94.9784 416.727 2 236.616 88.3199
1766 104.978 416.727 2 228.857 88.0855
1767 114.978 416.727 2 221.278 250
1768 124.978 416.727 2 213.899 250
1769 134.978 416.727 2 206.739 250
1770 144.978 416.727 2 199.824 250
1771 154.978 416.727 2 193.179 86.9629
1772 164.978 416.727 2 186.833 86.7578
1773 174.978 416.727 2 180.818 86.563
1774 184.978 416.727 2 175.167 86.3803
1775 194.978 416.727 2 169.918 86.2115
1776 204.978 416.727 2 165.108 86.0582
1777 214.978 416.727 2 160.776 85.9219
1778 224.978 416.727 2 156.963 85.8037
1779 234.978 416.727 2 153.707 85.7046
1780 244.978 416.727 2 151.044 85.625
1781 254.978 416.727 2 149.006 85.5651
1782 264.978 416.727 2 147.619 85.5249
1783 274.978 416.727 2 146.901 85.5043
1784 284.978 416.727 2 146.862 85.5031
1785 294.978 416.727 2 147.502 85.5215
1786 304.978 416.727 2 148.813 85.5594
1787 314.978 416.727 2 150.777 85.6171
1788 324.978 416.727 2 153.37 85.6944
1789 334.978 416.727 2 156.559 85.7913
1790 344.978 416.727 2 160.31 85.9073
1791 354.978 416.727 2 164.583 86.0416
1792 364.978 416.727 2 169.34 86.193
1793 374.978 416.727 2 174.541 86.3602
1794 384.978 416.727 2 180.148 86.5413
1795 394.978 416.727 2 186.123 86.7348
1796 404.978 416.727 2 192.432 86.9388
1797 414.978 416.727 2 199.044 87.1515
1798 424.978 416.727 2 205.93 87.3713
1799 434.978 416.727 2 213.062 87.5967
1800 444.978 416.727 2 220.418 87.8262
1801 454.978 416.727 2 227.975 88.0586
1802 464.978 416.727 2 235.714 88.2929
1803 474.978 416.727 2 243.618 88.528
1804 484.978 416.727 2 251.67 88.7632
1805 84.9784 426.727 2 250.191 88.7203
1806 94.9784 426.727 2 242.455 88.4937
1807 104.978 426.727 2 234.889 88.2681
1808 114.978 426.727 2 227.511 250
1809 124.978 426.727 2 220.34 250
1810 134.978 426.727 2 213.397 250
1811 144.978 426.727 2 206.704 250
1812 154.978 426.727 2 200.288 87.1913
1813 164.978 426.727 2 194.174 250
1814 174.978 426.727 2 188.393 250
1815 184.978 426.727 2 182.977 250
1816 194.978 426.727 2 177.958 250
1817 204.978 426.727 2 173.371 250
1818 214.978 426.727 2 169.251 250
1819 224.978 426.727 2 165.634 86.0749
1820 234.978 426.727 2 162.551 250
1821 244.978 426.727 2 160.036 250
1822 254.978 426.727 2 158.114 250
1823 264.978 426.727 2 156.807 250
1824 274.978 426.727 2 156.131 85.7782
1825 284.978 426.727 2 156.094 85.7771
1826 294.978 426.727 2 156.697 85.7955
1827 304.978 426.727 2 157.931 250
1828 314.978 426.727 2 159.784 250
1829 324.978 426.727 2 162.232 250
1830 334.978 426.727 2 165.251 250
1831 344.978 426.727 2 168.808 250
1832 354.978 426.727 2 172.872 250
1833 364.978 426.727 2 177.407 250
1834 374.978 426.727 2 182.378 250
1835 384.978 426.727 2 187.75 250
1836 394.978 426.727 2 193.491 250
1837 404.978 426.727 2 199.567 250
1838 414.978 426.727 2 205.951 250
1839 424.978 426.727 2 212.613 250
1840 434.978 426.727 2 219.528 250
1841 444.978 426.727 2 226.674 250
1842 454.978 426.727 2 234.029 250
1843 464.978 426.727 2 241.574 88.4676
1844 474.978 426.727 2 249.292 88.6942
1845 484.978 426.727 2 257.167 250
1846 84.9784 436.727 2 256.111 88.8909
1847 94.9784 436.727 2 248.558 88.6728
1848 104.978 436.727 2 241.184 88.456
1849 114.978 436.727 2 234.005 250
1850 124.978 436.727 2 227.039 250
1851 134.978 436.727 2 220.307 250
1852 144.978 436.727 2 213.831 250
1853 154.978 436.727 2 207.635 87.4254
1854 164.978 436.727 2 201.744 250
1855 174.978 436.727 2 196.186 250
1856 184.978 436.727 2 190.991 250
1857 194.978 436.727 2 186.188 250
1858 204.978 436.727 2 181.809 250
1859 214.978 436.727 2 177.885 250
1860 224.978 436.727 2 174.446 86.3571
1861 234.978 436.727 2 171.523 250
1862 244.978 436.727 2 169.14 250
1863 254.978 436.727 2 167.323 250
1864 264.978 436.727 2 166.089 250
1865 274.978 436.727 2 165.451 86.0691
1866 284.978 436.727 2 165.416 86.068
1867 294.978 436.727 2 165.985 86.086
1868 304.978 436.727 2 167.151 250
1869 314.978 436.727 2 168.902 250
1870 324.978 436.727 2 171.22 250
1871 334.978 436.727 2 174.083 250
1872 344.978 436.727 2 177.463 250
1873 354.978 436.727 2 181.333 250
1874 364.978 436.727 2 185.662 250
1875 374.978 436.727 2 190.417 250
1876 384.978 436.727 2 195.569 250
1877 394.978 436.727 2 201.086 250
1878 404.978 436.727 2 206.94 250
1879 414.978 436.727 2 213.102 250
1880 424.978 436.727 2 219.548 250
1881 434.978 436.727 2 226.251 250
1882 444.978 436.727 2 233.191 250
1883 454.978 436.727 2 240.347 250
1884 464.978 436.727 2 247.7 88.6478
1885 474.978 436.727 2 255.232 88.8658
1886 484.978 436.727 2 262.93 250
1887 84.9784 446.727 2 262.278 89.0662
1888 94.9784 446.727 2 254.908 88.8565
1889 104.978 446.727 2 247.723 88.6484
1890 114.978 446.727 2 240.739 250
1891 124.978 446.727 2 233.974 250
1892 134.978 446.727 2 227.447 250
1893 144.978 446.727 2 221.18 250
1894 154.978 446.727 2 215.196 87.6636
1895 164.978 446.727 2 209.518 250
1896 174.978 446.727 2 204.172 250
1897 184.978 446.727 2 199.185 250
1898 194.978 446.727 2 194.584 250
1899 204.978 446.727 2 190.398 250
1900 214.978 446.727 2 186.655 250
1901 224.978 446.727 2 183.381 86.646
1902 234.978 446.727 2 180.602 250
1903 244.978 446.727 2 178.341 250
1904 254.978 446.727 2 176.618 250
1905 264.978 446.727 2 175.449 250
1906 274.978 446.727 2 174.845 86.37
1907 284.978 446.727 2 174.812 86.3689
1908 294.978 446.727 2 175.351 86.3863
1909 304.978 446.727 2 176.455 250
1910 314.978 446.727 2 178.115 250
1911 324.978 446.727 2 180.315 250
1912 334.978 446.727 2 183.035 250
1913 344.978 446.727 2 186.253 250
1914 354.978 446.727 2 189.944 250
1915 364.978 446.727 2 194.081 250
1916 374.978 446.727 2 198.635 250
1917 384.978 446.727 2 203.579 250
1918 394.978 446.727 2 208.884 250
1919 404.978 446.727 2 214.525 250
1920 414.978 446.727 2 220.476 250
1921 424.978 446.727 2 226.712 250
1922 434.978 446.727 2 233.209 250
1923 444.978 446.727 2 239.948 250
1924 454.978 446.727 2 246.908 250
1925 464.978 446.727 2 254.071 88.8324
1926 474.978 446.727 2 261.42 89.042
1927 484.978 446.727 2 268.941 250
1928 84.9784 456.727 2 268.676 89.2452
1929 94.9784 456.727 2 261.487 89.0438
1930 104.978 456.727 2 254.487 88.8444
1931 114.978 456.727 2 247.694 250
1932 124.978 456.727 2 241.124 250
1933 134.978 456.727 2 234.796 250
1934 144.978 456.727 2 228.731 250
1935 154.978 456.727 2 222.949 87.9044
1936 164.978 456.727 2 217.473 250
1937 174.978 456.727 2 212.328 250
1938 184.978 456.727 2 207.537 250
1939 194.978 456.727 2 203.126 250
1940 204.978 456.727 2 199.119 250
1941 214.978 456.727 2 195.543 250
1942 224.978 456.727 2 192.42 86.9384
1943 234.978 456.727 2 189.774 250
1944 244.978 456.727 2 187.623 250
1945 254.978 456.727 2 185.986 250
1946 264.978 456.727 2 184.877 250
1947 274.978 456.727 2 184.304 86.6759
1948 284.978 456.727 2 184.273 86.6749
1949 294.978 456.727 2 184.783 86.6914
1950 304.978 456.727 2 185.832 250
1951 314.978 456.727 2 187.408 250
1952 324.978 456.727 2 189.5 250
1953 334.978 456.727 2 192.091 250
1954 344.978 456.727 2 195.16 250
1955 354.978 456.727 2 198.685 250
1956 364.978 456.727 2 202.643 250
1957 374.978 456.727 2 207.009 250
1958 384.978 456.727 2 211.758 250
1959 394.978 456.727 2 216.863 250
1960 404.978 456.727 2 222.302 250
1961 414.978 456.727 2 228.05 250
1962 424.978 456.727 2 234.084 250
1963 434.978 456.727 2 240.382 250
1964 444.978 456.727 2 246.925 250
1965 454.978 456.727 2 253.694 250
1966 464.978 456.727 2 260.67 89.0207
1967 474.978 456.727 2 267.839 89.2219
1968 484.978 456.727 2 275.184 250
1969 84.9784 466.727 2 275.289 89.4273
1970 94.9784 466.727 2 268.276 89.2341
1971 104.978 466.727 2 261.459 89.043
1972 114.978 466.727 2 254.851 250
1973 124.978 466.727 2 248.471 250
1974 134.978 466.727 2 242.335 250
1975 144.978 466.727 2 236.463 250
1976 154.978 466.727 2 230.875 88.1469
1977 164.978 466.727 2 225.592 250
1978 174.978 466.727 2 220.636 250
1979 184.978 466.727 2 216.029 250
1980 194.978 466.727 2 211.795 250
1981 204.978 466.727 2 207.956 250
1982 214.978 466.727 2 204.534 250
1983 224.978 466.727 2 201.55 87.2317
1984 234.978 466.727 2 199.025 250
1985 244.978 466.727 2 196.976 250
1986 254.978 466.727 2 195.417 250
1987 264.978 466.727 2 194.362 250
1988 274.978 466.727 2 193.817 86.9834
1989 284.978 466.727 2 193.787 86.9825
1990 294.978 466.727 2 194.273 86.9981
1991 304.978 466.727 2 195.27 250
1992 314.978 466.727 2 196.771 250
1993 324.978 466.727 2 198.765 250
1994 334.978 466.727 2 201.236 250
1995 344.978 466.727 2 204.167 250
1996 354.978 466.727 2 207.54 250
1997 364.978 466.727 2 211.332 250
1998 374.978 466.727 2 215.522 250
1999 384.978 466.727 2 220.087 250
2000 394.978 466.727 2 225.004 250
2001 404.978 466.727 2 230.25 250
2002 414.978 466.727 2 235.804 250
2003 424.978 466.727 2 241.645 250
2004 434.978 466.727 2 247.751 250
2005 444.978 466.727 2 254.105 250
2006 454.978 466.727 2 260.687 250
2007 464.978 466.727 2 267.481 89.212
2008 474.978 466.727 2 274.471 89.4049
2009 484.978 466.727 2 281.644 250
2010 84.9784 476.727 2 282.101 89.6118
2011 94.9784 476.727 2 275.262 89.4266
2012 104.978 476.727 2 268.622 89.2437
2013 114.978 476.727 2 262.195 89.0638
2014 124.978 476.727 2 255.998 88.8877
2015 134.978 476.727 2 250.046 88.7161
2016 144.978 476.727 2 244.36 88.5499
2017 154.978 476.727 2 238.956 88.3898
2018 164.978 476.727 2 233.856 88.237
2019 174.978 476.727 2 229.079 88.0923
2020 184.978 476.727 2 224.646 87.9567
2021 194.978 476.727 2 220.577 87.8311
2022 204.978 476.727 2 216.893 87.7166
2023 214.978 476.727 2 213.614 87.614
2024 224.978 476.727 2 210.759 87.5242
2025 234.978 476.727 2 208.346 87.448
2026 244.978 476.727 2 206.389 87.3859
2027 254.978 476.727 2 204.902 87.3387
2028 264.978 476.727 2 203.896 87.3066
2029 274.978 476.727 2 203.376 87.2901
2030 284.978 476.727 2 203.348 87.2892
2031 294.978 476.727 2 203.811 87.3039
2032 304.978 476.727 2 204.762 250
2033 314.978 476.727 2 206.194 250
2034 324.978 476.727 2 208.097 250
2035 334.978 476.727 2 210.459 250
2036 344.978 476.727 2 213.264 250
2037 354.978 476.727 2 216.494 250
2038 364.978 476.727 2 220.132 250
2039 374.978 476.727 2 224.158 250
2040 384.978 476.727 2 228.55 250
2041 394.978 476.727 2 233.289 250
2042 404.978 476.727 2 238.353 250
2043 414.978 476.727 2 243.723 250
2044 424.978 476.727 2 249.378 250
2045 434.978 476.727 2 255.299 250
2046 444.978 476.727 2 261.469 250
2047 454.978 476.727 2 267.871 250
2048 464.978 476.727 2 274.487 89.4054
2049 474.978 476.727 2 281.303 89.5904
2050 484.978 476.727 2 288.306 250
2051 84.9784 486.727 2 289.098 89.7981
2052 94.9784 486.727 2 282.429 89.6206
2053 104.978 486.727 2 275.962 89.4457
2054 114.978 486.727 2 269.71 89.2738
2055 124.978 486.727 2 263.689 89.1059
2056 134.978 486.727 2 257.915 88.9425
2057 144.978 486.727 2 252.406 88.7844
2058 154.978 486.727 2 247.178 88.6325
2059 164.978 486.727 2 242.251 88.4876
2060 174.978 486.727 2 237.643 88.3506
2061 184.978 486.727 2 233.372 88.2224
2062 194.978 486.727 2 229.458 88.1038
2063 204.978 486.727 2 225.919 87.9958
2064 214.978 486.727 2 222.774 87.899
2065 224.978 486.727 2 220.038 87.8144
2066 234.978 486.727 2 217.727 87.7426
2067 244.978 486.727 2 215.855 87.6842
2068 254.978 486.727 2 214.434 87.6397
2069 264.978 486.727 2 213.473 87.6096
2070 274.978 486.727 2 212.977 87.594
2071 284.978 486.727 2 212.949 87.5932
2072 294.978 486.727 2 213.392 87.607
2073 304.978 486.727 2 214.3 87.6355
2074 314.978 486.727 2 215.669 87.6784
2075 324.978 486.727 2 217.489 87.7352
2076 334.978 486.727 2 219.75 87.8055
2077 344.978 486.727 2 222.437 87.8887
2078 354.978 486.727 2 225.537 87.984
2079 364.978 486.727 2 229.031 88.0908
2080 374.978 486.727 2 232.903 88.2083
2081 384.978 486.727 2 237.134 88.3354
2082 394.978 486.727 2 241.704 88.4715
2083 404.978 486.727 2 246.595 88.6155
2084 414.978 486.727 2 251.789 88.7666
2085 424.978 486.727 2 257.267 88.924
2086 434.978 486.727 2 263.011 89.0868
2087 444.978 486.727 2 269.004 89.2543
2088 454.978 486.727 2 275.23 89.4257
2089 464.978 486.727 2 281.674 89.6003
2090 474.978 486.727 2 288.32 89.7776
2091 484.978 486.727 2 295.156 89.9569
2092 84.9784 496.727 2 296.268 89.9857
2093 94.9784 496.727 2 289.764 89.8157
2094 104.978 496.727 2 283.464 250
2095 114.978 496.727 2 277.381 250
2096 124.978 496.727 2 271.53 250
2097 134.978 496.727 2 265.927 250
2098 144.978 496.727 2 260.587 250
2099 154.978 496.727 2 255.527 250
2100 164.978 496.727 2 250.764 250
2101 174.978 496.727 2 246.315 250
2102 184.978 496.727 2 242.198 250
2103 194.978 496.727 2 238.429 250
2104 204.978 496.727 2 235.025 88.2722
2105 214.978 496.727 2 232.002 88.181
2106 224.978 496.727 2 229.377 88.1014
2107 234.978 496.727 2 227.161 250
2108 244.978 496.727 2 225.368 250
2109 254.978 496.727 2 224.007 250
2110 264.978 496.727 2 223.086 250
2111 274.978 496.727 2 222.612 87.8941
2112 284.978 496.727 2 222.586 87.8933
2113 294.978 496.727 2 223.009 87.9063
2114 304.978 496.727 2 223.878 87.9331
2115 314.978 496.727 2 225.189 87.9734
2116 324.978 496.727 2 226.933 88.0268
2117 334.978 496.727 2 229.1 88.0929
2118 344.978 496.727 2 231.679 88.1713
2119 354.978 496.727 2 234.657 88.2611
2120 364.978 496.727 2 238.018 88.3618
2121 374.978 496.727 2 241.745 88.4727
2122 384.978 496.727 2 245.824 88.5929
2123 394.978 496.727 2 250.235 88.7216
2124 404.978 496.727 2 254.963 88.8581
2125 414.978 496.727 2 259.99 89.0015
2126 424.978 496.727 2 265.298 89.151
2127 434.978 496.727 2 270.872 89.306
2128 444.978 496.727 2 276.695 89.4656
2129 454.978 496.727 2 282.752 89.6293
2130 464.978 496.727 2 289.028 89.7963
2131 474.978 496.727 2 295.509 89.966
2132 484.978 496.727 2 302.182 90.138
2133 84.9784 506.727 2 303.598 90.1741
2134 94.9784 506.727 2 297.255 90.0113
2135 104.978 506.727 2 291.117 250
2136 114.978 506.727 2 285.197 250
2137 124.978 506.727 2 279.51 250
2138 134.978 506.727 2 274.07 250
2139 144.978 506.727 2 268.892 250
2140 154.978 506.727 2 263.991 250
2141 164.978 506.727 2 259.383 250
2142 174.978 506.727 2 255.085 250
2143 184.978 506.727 2 251.111 250
2144 194.978 506.727 2 247.478 250
2145 204.978 506.727 2 244.2 88.5451
2146 214.978 506.727 2 241.293 88.4593
2147 224.978 506.727 2 238.769 88.3843
2148 234.978 506.727 2 236.641 250
2149 244.978 506.727 2 234.92 250
2150 254.978 506.727 2 233.615 250
2151 264.978 506.727 2 232.733 250
2152 274.978 506.727 2 232.278 88.1894
2153 284.978 506.727 2 232.253 88.1886
2154 294.978 506.727 2 232.659 250
2155 304.978 506.727 2 233.492 250
2156 314.978 506.727 2 234.749 250
2157 324.978 506.727 2 236.422 250
2158 334.978 506.727 2 238.504 250
2159 344.978 506.727 2 240.982 250
2160 354.978 506.727 2 243.846 250
2161 364.978 506.727 2 247.082 250
2162 374.978 506.727 2 250.675 250
2163 384.978 506.727 2 254.61 250
2164 394.978 506.727 2 258.872 250
2165 404.978 506.727 2 263.445 250
2166 414.978 506.727 2 268.313 250
2167 424.978 506.727 2 273.46 89.3772
2168 434.978 506.727 2 278.87 89.5247
2169 444.978 506.727 2 284.53 89.6768
2170 454.978 506.727 2 290.423 89.8331
2171 464.978 506.727 2 296.537 89.9927
2172 474.978 506.727 2 302.858 90.1552
2173 484.978 506.727 2 309.372 250
2174 84.9784 516.727 2 311.077 90.3629
2175 94.9784 516.727 2 304.889 90.207
2176 104.978 516.727 2 298.908 250
2177 114.978 516.727 2 293.146 250
2178 124.978 516.727 2 287.616 250
2179 134.978 516.727 2 282.332 250
2180 144.978 516.727 2 277.308 250
2181 154.978 516.727 2 272.559 250
2182 164.978 516.727 2 268.098 250
2183 174.978 516.727 2 263.942 250
2184 184.978 516.727 2 260.103 250
2185 194.978 516.727 2 256.597 250
2186 204.978 516.727 2 253.438 88.8142
2187 214.978 516.727 2 250.637 88.7333
2188 224.978 516.727 2 248.209 88.6626
2189 234.978 516.727 2 246.163 250
2190 244.978 516.727 2 244.509 250
2191 254.978 516.727 2 243.255 250
2192 264.978 516.727 2 242.408 250
2193 274.978 516.727 2 241.971 88.4794
2194 284.978 516.727 2 241.947 88.4787
2195 294.978 516.727 2 242.337 250
2196 304.978 516.727 2 243.137 250
2197 314.978 516.727 2 244.344 250
2198 324.978 516.727 2 245.952 250
2199 334.978 516.727 2 247.954 250
2200 344.978 516.727 2 250.339 250
2201 354.978 516.727 2 253.097 250
2202 364.978 516.727 2 256.216 250
2203 374.978 516.727 2 259.682 250
2204 384.978 516.727 2 263.483 250
2205 394.978 516.727 2 267.604 250
2206 404.978 516.727 2 272.03 250
2207 414.978 516.727 2 276.747 250
2208 424.978 516.727 2 281.74 89.6021
2209 434.978 516.727 2 286.994 89.7424
2210 444.978 516.727 2 292.497 89.8875
2211 454.978 516.727 2 298.233 90.0366
2212 464.978 516.727 2 304.189 90.1892
2213 474.978 516.727 2 310.354 90.3448
2214 484.978 516.727 2 316.715 250
2215 84.9784 526.727 2 318.694 90.5516
2216 94.9784 526.727 2 312.657 90.4023
2217 104.978 526.727 2 306.827 250
2218 114.978 526.727 2 301.216 250
2219 124.978 526.727 2 295.838 250
2220 134.978 526.727 2 290.703 250
2221 144.978 526.727 2 285.827 250
2222 154.978 526.727 2 281.221 250
2223 164.978 526.727 2 276.9 250
2224 174.978 526.727 2 272.878 250
2225 184.978 526.727 2 269.167 250
2226 194.978 526.727 2 265.78 250
2227 204.978 526.727 2 262.731 89.0789
2228 214.978 526.727 2 260.031 89.0026
2229 224.978 526.727 2 257.691 88.9361
2230 234.978 526.727 2 255.721 250
2231 244.978 526.727 2 254.129 250
2232 254.978 526.727 2 252.923 250
2233 264.978 526.727 2 252.108 250
2234 274.978 526.727 2 251.688 88.7637
2235 284.978 526.727 2 251.666 88.763
2236 294.978 526.727 2 252.04 250
2237 304.978 526.727 2 252.809 250
2238 314.978 526.727 2 253.97 250
2239 324.978 526.727 2 255.518 250
2240 334.978 526.727 2 257.445 250
2241 344.978 526.727 2 259.743 250
2242 354.978 526.727 2 262.402 250
2243 364.978 526.727 2 265.412 250
2244 374.978 526.727 2 268.76 250
2245 384.978 526.727 2 272.434 250
2246 394.978 526.727 2 276.422 250
2247 404.978 526.727 2 280.709 250
2248 414.978 526.727 2 285.282 250
2249 424.978 526.727 2 290.128 89.8253
2250 434.978 526.727 2 295.233 89.9589
2251 444.978 526.727 2 300.585 90.0971
2252 454.978 526.727 2 306.169 90.2394
2253 464.978 526.727 2 311.975 90.3853
2254 474.978 526.727 2 317.989 90.5343
2255 484.978 526.727 2 324.199 250
2256 84.9784 536.727 2 326.44 90.74
2257 94.9784 536.727 2 320.549 90.597
2258 104.978 536.727 2 314.865 250
2259 114.978 536.727 2 309.4 250
2260 124.978 536.727 2 304.166 250
2261 134.978 536.727 2 299.174 250
2262 144.978 536.727 2 294.438 250
2263 154.978 536.727 2 289.969 250
2264 164.978 536.727 2 285.781 250
2265 174.978 536.727 2 281.885 250
2266 184.978 536.727 2 278.294 250
2267 194.978 536.727 2 275.02 250
2268 204.978 536.727 2 272.075 89.3392
2269 214.978 536.727 2 269.468 89.2672
2270 224.978 536.727 2 267.211 89.2044
2271 234.978 536.727 2 265.311 250
2272 244.978 536.727 2 263.778 250
2273 254.978 536.727 2 262.616 250
2274 264.978 536.727 2 261.831 250
2275 274.978 536.727 2 261.427 89.0421
2276 284.978 536.727 2 261.405 89.0415
2277 294.978 536.727 2 261.765 250
2278 304.978 536.727 2 262.506 250
2279 314.978 536.727 2 263.625 250
2280 324.978 536.727 2 265.116 250
2281 334.978 536.727 2 266.974 250
2282 344.978 536.727 2 269.19 250
2283 354.978 536.727 2 271.757 250
2284 364.978 536.727 2 274.664 250
2285 374.978 536.727 2 277.901 250
2286 384.978 536.727 2 281.456 250
2287 394.978 536.727 2 285.317 250
2288 404.978 536.727 2 289.473 250
2289 414.978 536.727 2 293.91 250
2290 424.978 536.727 2 298.616 90.0464
2291 434.978 536.727 2 303.578 90.1736
2292 444.978 536.727 2 308.785 90.3054
2293 454.978 536.727 2 314.224 90.4413
2294 464.978 536.727 2 319.883 90.5808
2295 474.978 536.727 2 325.751 90.7234
2296 484.978 536.727 2 331.817 250
2297 84.9784 546.727 2 334.305 90.9277
2298 94.9784 546.727 2 328.555 90.7908
2299 104.978 546.727 2 323.012 250
2300 114.978 546.727 2 317.688 250
2301 124.978 546.727 2 312.592 250
2302 134.978 546.727 2 307.737 250
2303 144.978 546.727 2 303.135 250
2304 154.978 546.727 2 298.796 250
2305 164.978 546.727 2 294.733 250
2306 174.978 546.727 2 290.958 250
2307 184.978 546.727 2 287.48 250
2308 194.978 546.727 2 284.312 250
2309 204.978 546.727 2 281.464 89.5947
2310 214.978 546.727 2 278.945 89.5267
2311 224.978 546.727 2 276.765 89.4675
2312 234.978 546.727 2 274.931 250
2313 244.978 546.727 2 273.451 250
2314 254.978 546.727 2 272.331 250
2315 264.978 546.727 2 271.574 250
2316 274.978 546.727 2 271.185 89.3146
2317 284.978 546.727 2 271.163 89.314
2318 294.978 546.727 2 271.511 250
2319 304.978 546.727 2 272.225 250
2320 314.978 546.727 2 273.304 250
2321 324.978 546.727 2 274.743 250
2322 334.978 546.727 2 276.536 250
2323 344.978 546.727 2 278.676 250
2324 354.978 546.727 2 281.156 250
2325 364.978 546.727 2 283.967 250
2326 374.978 546.727 2 287.099 250
2327 384.978 546.727 2 290.542 250
2328 394.978 546.727 2 294.284 250
2329 404.978 546.727 2 298.314 250
2330 414.978 546.727 2 302.622 250
2331 424.978 546.727 2 307.194 90.2653
2332 434.978 546.727 2 312.021 90.3865
2333 444.978 546.727 2 317.089 90.5121
2334 454.978 546.727 2 322.388 90.6419
2335 464.978 546.727 2 327.906 90.7753
2336 474.978 546.727 2 333.633 90.9118
2337 484.978 546.727 2 339.557 250
2338 84.9784 556.727 2 342.282 91.1145
2339 94.9784 556.727 2 336.668 90.9834
2340 104.978 556.727 2 331.261 90.8555
2341 114.978 556.727 2 326.071 90.7311
2342 124.978 556.727 2 321.109 90.6107
2343 134.978 556.727 2 316.385 90.4948
2344 144.978 556.727 2 311.91 90.3837
2345 154.978 556.727 2 307.695 90.278
2346 164.978 556.727 2 303.751 90.178
2347 174.978 556.727 2 300.089 90.0844
2348 184.978 556.727 2 296.718 89.9974
2349 194.978 556.727 2 293.65 89.9176
2350 204.978 556.727 2 290.893 89.8454
2351 214.978 556.727 2 288.457 89.7812
2352 224.978 556.727 2 286.349 89.7253
2353 234.978 556.727 2 284.577 89.6781
2354 244.978 556.727 2 283.148 89.6399
2355 254.978 556.727 2 282.066 89.6109
2356 264.978 556.727 2 281.335 89.5912
2357 274.978 556.727 2 280.959 89.5811
2358 284.978 556.727 2 280.939 89.5805
2359 294.978 556.727 2 281.274 89.5896
2360 304.978 556.727 2 281.964 89.6081
2361 314.978 556.727 2 283.005 89.6361
2362 324.978 556.727 2 284.395 89.6732
2363 334.978 556.727 2 286.128 89.7194
2364 344.978 556.727 2 288.197 89.7743
2365 354.978 556.727 2 290.596 89.8376
2366 364.978 556.727 2 293.316 89.9089
2367 374.978 556.727 2 296.349 89.9878
2368 384.978 556.727 2 299.686 90.074
2369 394.978 556.727 2 303.315 90.1669
2370 404.978 556.727 2 307.227 90.2661
2371 414.978 556.727 2 311.411 90.3712
2372 424.978 556.727 2 315.857 90.4817
2373 434.978 556.727 2 320.552 90.5971
2374 444.978 556.727 2 325.488 90.717
2375 454.978 556.727 2 330.652 90.841
2376 464.978 556.727 2 336.035 90.9685
2377 474.978 556.727 2 341.625 91.0993
2378 484.978 556.727 2 347.414 91.2329
2379 84.9784 566.727 2 350.363 91.3002
2380 94.9784 566.727 2 344.88 91.1746
2381 104.978 566.727 2 339.604 91.0522
2382 114.978 566.727 2 334.544 90.9334
2383 124.978 566.727 2 329.709 90.8184
2384 134.978 566.727 2 325.11 90.7079
2385 144.978 566.727 2 320.757 90.6021
2386 154.978 566.727 2 316.66 90.5016
2387 164.978 566.727 2 312.829 90.4066
2388 174.978 566.727 2 309.274 90.3177
2389 184.978 566.727 2 306.005 90.2352
2390 194.978 566.727 2 303.03 90.1597
2391 204.978 566.727 2 300.359 90.0913
2392 214.978 566.727 2 298 90.0306
2393 224.978 566.727 2 295.961 89.9778
2394 234.978 566.727 2 294.247 89.9332
2395 244.978 566.727 2 292.865 89.8971
2396 254.978 566.727 2 291.819 89.8697
2397 264.978 566.727 2 291.113 89.8512
2398 274.978 566.727 2 290.749 89.8416
2399 284.978 566.727 2 290.729 89.8411
2400 294.978 566.727 2 291.053 89.8496
2401 304.978 566.727 2 291.72 89.8671
2402 314.978 566.727 2 292.727 89.8935
2403 324.978 566.727 2 294.071 89.9286
2404 334.978 566.727 2 295.747 89.9722
2405 344.978 566.727 2 297.749 90.0241
2406 354.978 566.727 2 300.072 90.0839
2407 364.978 566.727 2 302.707 90.1514
2408 374.978 566.727 2 305.647 90.2262
2409 384.978 566.727 2 308.883 90.3079
2410 394.978 566.727 2 312.405 90.396
2411 404.978 566.727 2 316.205 90.4903
2412 414.978 566.727 2 320.272 90.5903
2413 424.978 566.727 2 324.596 90.6955
2414 434.978 566.727 2 329.167 90.8055
2415 444.978 566.727 2 333.975 90.9199
2416 454.978 566.727 2 339.01 91.0383
2417 464.978 566.727 2 344.262 91.1604
2418 474.978 566.727 2 349.721 91.2856
2419 484.978 566.727 2 355.378 91.4137
2420 84.9784 576.727 2 358.54 91.4846
2421 94.9784 576.727 2 353.185 91.3643
2422 104.978 576.727 2 348.034 91.2471
2423 114.978 576.727 2 343.098 91.1335
2424 124.978 576.727 2 338.386 91.0237
2425 134.978 576.727 2 333.906 90.9183
2426 144.978 576.727 2 329.669 90.8175
2427 154.978 576.727 2 325.684 90.7218
2428 164.978 576.727 2 321.961 90.6315
2429 174.978 576.727 2 318.508 90.547
2430 184.978 576.727 2 315.334 90.4688
2431 194.978 576.727 2 312.449 90.3971
2432 204.978 576.727 2 309.859 90.3324
2433 214.978 576.727 2 307.573 90.2749
2434 224.978 576.727 2 305.597 90.2249
2435 234.978 576.727 2 303.938 90.1828
2436 244.978 576.727 2 302.6 90.1487
2437 254.978 576.727 2 301.588 90.1228
2438 264.978 576.727 2 300.905 90.1053
2439 274.978 576.727 2 300.553 90.0963
2440 284.978 576.727 2 300.534 90.0958
2441 294.978 576.727 2 300.847 90.1038
2442 304.978 576.727 2 301.492 90.1204
2443 314.978 576.727 2 302.467 90.1453
2444 324.978 576.727 2 303.767 90.1784
2445 334.978 576.727 2 305.39 90.2197
2446 344.978 576.727 2 307.33 90.2687
2447 354.978 576.727 2 309.58 90.3254
2448 364.978 576.727 2 312.135 90.3893
2449 374.978 576.727 2 314.987 90.4602
2450 384.978 576.727 2 318.128 90.5377
2451 394.978 576.727 2 321.549 90.6215
2452 404.978 576.727 2 325.242 90.7111
2453 414.978 576.727 2 329.197 90.8062
2454 424.978 576.727 2 333.406 90.9064
2455 434.978 576.727 2 337.858 91.0114
2456 444.978 576.727 2 342.544 91.1206
2457 454.978 576.727 2 347.455 91.2338
2458 464.978 576.727 2 352.581 91.3506
2459 474.978 576.727 2 357.913 91.4706
2460 484.978 576.727 2 363.442 91.5935
2461 84.9784 586.727 2 366.808 91.6676
2462 94.9784 586.727 2 361.575 91.5522
2463 104.978 586.727 2 356.546 91.44
2464 114.978 586.727 2 351.729 91.3313
2465 124.978 586.727 2 347.134 91.2265
2466 134.978 586.727 2 342.769 91.1258
2467 144.978 586.727 2 338.643 91.0297
2468 154.978 586.727 2 334.765 90.9386
2469 164.978 586.727 2 331.143 90.8527
2470 174.978 586.727 2 327.787 90.7724
2471 184.978 586.727 2 324.704 90.6981
2472 194.978 586.727 2 321.903 90.6301
2473 204.978 586.727 2 319.39 90.5687
2474 214.978 586.727 2 317.172 90.5142
2475 224.978 586.727 2 315.257 90.4669
2476 234.978 586.727 2 313.648 90.427
2477 244.978 586.727 2 312.352 90.3947
2478 254.978 586.727 2 311.372 90.3702
2479 264.978 586.727 2 310.71 90.3537
2480 274.978 586.727 2 310.369 90.3452
2481 284.978 586.727 2 310.351 90.3447
2482 294.978 586.727 2 310.654 90.3523
2483 304.978 586.727 2 311.279 90.3679
2484 314.978 586.727 2 312.223 90.3915
2485 324.978 586.727 2 313.483 90.4229
2486 334.978 586.727 2 315.056 90.4619
2487 344.978 586.727 2 316.936 90.5084
2488 354.978 586.727 2 319.119 90.562
2489 364.978 586.727 2 321.598 90.6227
2490 374.978 586.727 2 324.367 90.6899
2491 384.978 586.727 2 327.418 90.7635
2492 394.978 586.727 2 330.743 90.8431
2493 404.978 586.727 2 334.334 90.9284
2494 414.978 586.727 2 338.183 91.019
2495 424.978 586.727 2 342.281 91.1145
2496 434.978 586.727 2 346.619 91.2147
2497 444.978 586.727 2 351.189 91.319
2498 454.978 586.727 2 355.98 91.4273
2499 464.978 586.727 2 360.985 91.5391
2500 474.978 586.727 2 366.195 91.6541
2501 484.978 586.727 2 371.601 91.7721
