# <Transmitter Set: Tx: 18 tx_ant_grid_40_m - Point 13> 
# <Receiver Set: Rx: 17 rx_ant_grid> 
# <X(m)> <Y(m)> <Z(m)> <Distance(m)> <FreeSpacePathLoss(dB)>
1 84.9784 -13.2734 2 278.885 89.2034
2 94.9784 -13.2734 2 271.966 88.9975
3 104.978 -13.2734 2 265.243 88.793
4 114.978 -13.2734 2 258.733 88.5906
5 124.978 -13.2734 2 252.45 88.3911
6 134.978 -13.2734 2 246.413 88.1954
7 144.978 -13.2734 2 240.641 88.0045
8 154.978 -13.2734 2 235.152 87.8193
9 164.978 -13.2734 2 229.967 87.6411
10 174.978 -13.2734 2 225.108 87.471
11 184.978 -13.2734 2 220.594 87.3104
12 194.978 -13.2734 2 216.45 87.1606
13 204.978 -13.2734 2 212.694 87.0229
14 214.978 -13.2734 2 209.35 86.8986
15 224.978 -13.2734 2 206.436 86.789
16 234.978 -13.2734 2 203.971 86.6955
17 244.978 -13.2734 2 201.972 86.6189
18 254.978 -13.2734 2 200.453 86.5604
19 264.978 -13.2734 2 199.424 86.5205
20 274.978 -13.2734 2 198.893 86.4999
21 284.978 -13.2734 2 198.864 86.4988
22 294.978 -13.2734 2 199.337 86.5172
23 304.978 -13.2734 2 200.309 86.5548
24 314.978 -13.2734 2 201.773 86.6113
25 324.978 -13.2734 2 203.717 86.6858
26 334.978 -13.2734 2 206.129 86.7774
27 344.978 -13.2734 2 208.992 86.8852
28 354.978 -13.2734 2 212.288 87.0078
29 364.978 -13.2734 2 215.997 87.1441
30 374.978 -13.2734 2 220.098 87.2926
31 384.978 -13.2734 2 224.57 87.452
32 394.978 -13.2734 2 229.391 87.6211
33 404.978 -13.2734 2 234.539 87.7984
34 414.978 -13.2734 2 239.994 87.9828
35 424.978 -13.2734 2 245.735 88.1732
36 434.978 -13.2734 2 251.742 88.3684
37 444.978 -13.2734 2 257.997 88.5675
38 454.978 -13.2734 2 264.482 88.7696
39 464.978 -13.2734 2 271.182 88.9739
40 474.978 -13.2734 2 278.079 89.1796
41 484.978 -13.2734 2 285.16 89.3863
42 84.9784 -3.2734 2 271.982 88.998
43 94.9784 -3.2734 2 264.882 88.7819
44 104.978 -3.2734 2 257.975 88.5668
45 114.978 -3.2734 2 251.276 88.3534
46 124.978 -3.2734 2 244.802 88.1425
47 134.978 -3.2734 2 238.572 87.9351
48 144.978 -3.2734 2 232.605 87.7322
49 154.978 -3.2734 2 226.922 87.5349
50 164.978 -3.2734 2 221.544 87.3445
51 174.978 -3.2734 2 216.496 87.1623
52 184.978 -3.2734 2 211.799 86.9897
53 194.978 -3.2734 2 207.479 86.8284
54 204.978 -3.2734 2 203.558 86.6797
55 214.978 -3.2734 2 200.061 86.5452
56 224.978 -3.2734 2 197.01 86.4264
57 234.978 -3.2734 2 194.426 86.3248
58 244.978 -3.2734 2 192.327 86.2415
59 254.978 -3.2734 2 190.731 86.1777
60 264.978 -3.2734 2 189.649 86.1342
61 274.978 -3.2734 2 189.091 86.1117
62 284.978 -3.2734 2 189.06 86.1105
63 294.978 -3.2734 2 189.558 86.1306
64 304.978 -3.2734 2 190.58 86.1716
65 314.978 -3.2734 2 192.118 86.2331
66 324.978 -3.2734 2 194.159 86.3142
67 334.978 -3.2734 2 196.688 86.4138
68 344.978 -3.2734 2 199.686 86.5307
69 354.978 -3.2734 2 203.133 86.6634
70 364.978 -3.2734 2 207.006 86.8106
71 374.978 -3.2734 2 211.282 86.9706
72 384.978 -3.2734 2 215.937 87.1419
73 394.978 -3.2734 2 220.946 87.323
74 404.978 -3.2734 2 226.286 87.5126
75 414.978 -3.2734 2 231.935 87.7091
76 424.978 -3.2734 2 237.871 87.9115
77 434.978 -3.2734 2 244.072 88.1184
78 444.978 -3.2734 2 250.518 88.329
79 454.978 -3.2734 2 257.192 88.5421
80 464.978 -3.2734 2 264.077 88.7571
81 474.978 -3.2734 2 271.155 88.9731
82 484.978 -3.2734 2 278.412 89.1895
83 84.9784 6.7266 2 265.276 88.794
84 94.9784 6.7266 2 257.991 88.5673
85 104.978 6.7266 2 250.895 88.3411
86 114.978 6.7266 2 244.001 88.1161
87 124.978 6.7266 2 237.329 250
88 134.978 6.7266 2 230.897 87.6733
89 144.978 6.7266 2 224.727 87.4576
90 154.978 6.7266 2 218.839 87.2472
91 164.978 6.7266 2 213.258 87.0437
92 174.978 6.7266 2 208.008 86.8483
93 184.978 6.7266 2 203.116 86.6628
94 194.978 6.7266 2 198.606 86.4888
95 204.978 6.7266 2 194.507 86.328
96 214.978 6.7266 2 190.844 86.1822
97 224.978 6.7266 2 187.643 86.0532
98 234.978 6.7266 2 184.928 85.9425
99 244.978 6.7266 2 182.721 85.8517
100 254.978 6.7266 2 181.04 85.782
101 264.978 6.7266 2 179.899 85.7345
102 274.978 6.7266 2 179.311 85.7099
103 284.978 6.7266 2 179.278 85.7085
104 294.978 6.7266 2 179.803 250
105 304.978 6.7266 2 180.88 250
106 314.978 6.7266 2 182.5 250
107 324.978 6.7266 2 184.647 250
108 334.978 6.7266 2 187.305 250
109 344.978 6.7266 2 190.451 250
110 354.978 6.7266 2 194.062 250
111 364.978 6.7266 2 198.113 250
112 374.978 6.7266 2 202.576 250
113 384.978 6.7266 2 207.426 250
114 394.978 6.7266 2 212.636 87.0207
115 404.978 6.7266 2 218.18 87.2234
116 414.978 6.7266 2 224.034 87.4331
117 424.978 6.7266 2 230.173 87.6482
118 434.978 6.7266 2 236.576 87.8677
119 444.978 6.7266 2 243.221 250
120 454.978 6.7266 2 250.09 250
121 464.978 6.7266 2 257.164 250
122 474.978 6.7266 2 264.428 88.7679
123 484.978 6.7266 2 271.865 88.9945
124 84.9784 16.7266 2 258.782 88.5922
125 94.9784 16.7266 2 251.31 88.3545
126 104.978 16.7266 2 244.019 88.1167
127 114.978 16.7266 2 236.925 87.8795
128 124.978 16.7266 2 230.048 250
129 134.978 16.7266 2 223.407 87.4108
130 144.978 16.7266 2 217.023 87.1815
131 154.978 16.7266 2 210.921 86.9571
132 164.978 16.7266 2 205.124 86.7393
133 174.978 16.7266 2 199.661 86.5297
134 184.978 16.7266 2 194.558 86.33
135 194.978 16.7266 2 189.846 250
136 204.978 16.7266 2 185.553 250
137 214.978 16.7266 2 181.71 250
138 224.978 16.7266 2 178.345 250
139 234.978 16.7266 2 175.486 250
140 244.978 16.7266 2 173.158 250
141 254.978 16.7266 2 171.384 250
142 264.978 16.7266 2 170.179 85.3211
143 274.978 16.7266 2 169.556 85.2941
144 284.978 16.7266 2 169.522 85.2926
145 294.978 16.7266 2 170.077 250
146 304.978 16.7266 2 171.216 250
147 314.978 16.7266 2 172.926 250
148 324.978 16.7266 2 175.191 85.5361
149 334.978 16.7266 2 177.989 85.6544
150 344.978 16.7266 2 181.297 250
151 354.978 16.7266 2 185.087 250
152 364.978 16.7266 2 189.329 250
153 374.978 16.7266 2 193.995 250
154 384.978 16.7266 2 199.054 86.5062
155 394.978 16.7266 2 204.478 86.7148
156 404.978 16.7266 2 210.237 86.9317
157 414.978 16.7266 2 216.305 87.1553
158 424.978 16.7266 2 222.658 87.3842
159 434.978 16.7266 2 229.271 87.6169
160 444.978 16.7266 2 236.122 250
161 454.978 16.7266 2 243.191 250
162 464.978 16.7266 2 250.461 250
163 474.978 16.7266 2 257.913 88.5648
164 484.978 16.7266 2 265.532 88.8019
165 84.9784 26.7266 2 252.518 88.3933
166 94.9784 26.7266 2 244.854 88.1442
167 104.978 26.7266 2 237.365 87.8944
168 114.978 26.7266 2 230.067 87.6445
169 124.978 26.7266 2 222.978 87.3956
170 134.978 26.7266 2 216.119 87.1486
171 144.978 26.7266 2 209.514 86.9047
172 154.978 26.7266 2 203.186 86.6655
173 164.978 26.7266 2 197.162 86.4324
174 174.978 26.7266 2 191.472 86.2073
175 184.978 26.7266 2 186.145 85.9922
176 194.978 26.7266 2 181.214 250
177 204.978 26.7266 2 176.711 250
178 214.978 26.7266 2 172.671 250
179 224.978 26.7266 2 169.127 250
180 234.978 26.7266 2 166.11 250
181 244.978 26.7266 2 163.649 250
182 254.978 26.7266 2 161.769 250
183 264.978 26.7266 2 160.493 84.8941
184 274.978 26.7266 2 159.832 84.8645
185 284.978 26.7266 2 159.796 84.8628
186 294.978 26.7266 2 160.385 250
187 304.978 26.7266 2 161.591 250
188 314.978 26.7266 2 163.402 85.0239
189 324.978 26.7266 2 165.797 85.1298
190 334.978 26.7266 2 168.752 85.2591
191 344.978 26.7266 2 172.237 85.4099
192 354.978 26.7266 2 176.222 85.5798
193 364.978 26.7266 2 180.673 250
194 374.978 26.7266 2 185.556 250
195 384.978 26.7266 2 190.839 86.182
196 394.978 26.7266 2 196.489 86.406
197 404.978 26.7266 2 202.476 86.6383
198 414.978 26.7266 2 208.77 86.8769
199 424.978 26.7266 2 215.345 87.1203
200 434.978 26.7266 2 222.176 87.367
201 444.978 26.7266 2 229.239 87.6158
202 454.978 26.7266 2 236.514 250
203 464.978 26.7266 2 243.983 250
204 474.978 26.7266 2 251.627 88.3647
205 484.978 26.7266 2 259.431 88.6125
206 84.9784 36.7266 2 246.5 88.1983
207 94.9784 36.7266 2 238.643 87.9375
208 104.978 36.7266 2 230.953 87.6752
209 114.978 36.7266 2 223.445 87.4122
210 124.978 36.7266 2 216.139 87.1493
211 134.978 36.7266 2 209.056 86.8876
212 144.978 36.7266 2 202.22 86.6285
213 154.978 36.7266 2 195.657 86.3733
214 164.978 36.7266 2 189.394 86.124
215 174.978 36.7266 2 183.463 85.8823
216 184.978 36.7266 2 177.896 85.6505
217 194.978 36.7266 2 172.73 85.431
218 204.978 36.7266 2 168 85.2263
219 214.978 36.7266 2 163.745 85.0392
220 224.978 36.7266 2 160.003 250
221 234.978 36.7266 2 156.81 250
222 244.978 36.7266 2 154.201 250
223 254.978 36.7266 2 152.205 250
224 264.978 36.7266 2 150.847 84.4542
225 274.978 36.7266 2 150.144 84.4216
226 284.978 36.7266 2 150.106 84.4198
227 294.978 36.7266 2 150.733 250
228 304.978 36.7266 2 152.016 250
229 314.978 36.7266 2 153.939 84.5968
230 324.978 36.7266 2 156.479 84.7128
231 334.978 36.7266 2 159.607 84.8543
232 344.978 36.7266 2 163.287 85.0188
233 354.978 36.7266 2 167.485 85.2038
234 364.978 36.7266 2 172.162 85.4066
235 374.978 36.7266 2 177.28 85.6245
236 384.978 36.7266 2 182.802 250
237 394.978 36.7266 2 188.693 250
238 404.978 36.7266 2 194.92 86.3443
239 414.978 36.7266 2 201.45 86.5988
240 424.978 36.7266 2 208.256 86.8576
241 434.978 36.7266 2 215.312 87.119
242 444.978 36.7266 2 222.593 87.3819
243 454.978 36.7266 2 230.078 250
244 464.978 36.7266 2 237.749 250
245 474.978 36.7266 2 245.587 88.1683
246 484.978 36.7266 2 253.577 88.4273
247 84.9784 46.7266 2 240.747 88.008
248 94.9784 46.7266 2 232.697 87.7353
249 104.978 46.7266 2 224.803 87.4603
250 114.978 46.7266 2 217.082 87.1836
251 124.978 46.7266 2 209.555 86.9062
252 134.978 46.7266 2 202.241 86.6293
253 144.978 46.7266 2 195.167 86.354
254 154.978 46.7266 2 188.358 250
255 164.978 46.7266 2 181.843 250
256 174.978 46.7266 2 175.657 250
257 184.978 46.7266 2 169.835 250
258 194.978 46.7266 2 164.416 250
259 204.978 46.7266 2 159.44 84.8468
260 214.978 46.7266 2 154.95 84.6431
261 224.978 46.7266 2 150.99 84.4608
262 234.978 46.7266 2 147.602 84.303
263 244.978 46.7266 2 144.827 84.1724
264 254.978 46.7266 2 142.7 84.0717
265 264.978 46.7266 2 141.251 84.0026
266 274.978 46.7266 2 140.5 83.9668
267 284.978 46.7266 2 140.459 83.9648
268 294.978 46.7266 2 141.129 250
269 304.978 46.7266 2 142.498 250
270 314.978 46.7266 2 144.549 250
271 324.978 46.7266 2 147.251 250
272 334.978 46.7266 2 150.57 250
273 344.978 46.7266 2 154.466 250
274 354.978 46.7266 2 158.897 250
275 364.978 46.7266 2 163.819 85.0424
276 374.978 46.7266 2 169.19 85.2782
277 384.978 46.7266 2 174.968 250
278 394.978 46.7266 2 181.114 250
279 404.978 46.7266 2 187.592 86.0511
280 414.978 46.7266 2 194.368 86.3225
281 424.978 46.7266 2 201.414 86.5975
282 434.978 46.7266 2 208.701 86.8743
283 444.978 46.7266 2 216.205 87.1517
284 454.978 46.7266 2 223.904 250
285 464.978 46.7266 2 231.779 250
286 474.978 46.7266 2 239.812 87.9768
287 484.978 46.7266 2 247.989 88.2469
288 84.9784 56.7266 2 235.279 87.8236
289 94.9784 56.7266 2 227.035 87.5388
290 104.978 56.7266 2 218.936 87.2508
291 114.978 56.7266 2 211.002 86.9601
292 124.978 56.7266 2 203.249 86.6679
293 134.978 56.7266 2 195.7 86.375
294 144.978 56.7266 2 188.38 86.083
295 154.978 56.7266 2 181.316 250
296 164.978 56.7266 2 174.54 250
297 174.978 56.7266 2 168.085 250
298 184.978 56.7266 2 161.991 250
299 194.978 56.7266 2 156.299 250
300 204.978 56.7266 2 151.056 84.4639
301 214.978 56.7266 2 146.31 84.2423
302 224.978 56.7266 2 142.109 84.0435
303 234.978 56.7266 2 138.504 83.8711
304 244.978 56.7266 2 135.543 83.7282
305 254.978 56.7266 2 133.268 83.6177
306 264.978 56.7266 2 131.715 83.542
307 274.978 56.7266 2 130.91 83.5027
308 284.978 56.7266 2 130.866 83.5005
309 294.978 56.7266 2 131.584 250
310 304.978 56.7266 2 133.052 250
311 314.978 56.7266 2 135.245 250
312 324.978 56.7266 2 138.13 250
313 334.978 56.7266 2 141.663 250
314 344.978 56.7266 2 145.797 250
315 354.978 56.7266 2 150.483 250
316 364.978 56.7266 2 155.672 84.6761
317 374.978 56.7266 2 161.314 84.9309
318 384.978 56.7266 2 167.364 250
319 394.978 56.7266 2 173.779 250
320 404.978 56.7266 2 180.52 85.7604
321 414.978 56.7266 2 187.553 86.0495
322 424.978 56.7266 2 194.845 86.3413
323 434.978 56.7266 2 202.369 86.6342
324 444.978 56.7266 2 210.099 86.9266
325 454.978 56.7266 2 218.014 250
326 464.978 56.7266 2 226.094 250
327 474.978 56.7266 2 234.322 87.791
328 484.978 56.7266 2 242.684 88.0725
329 84.9784 66.7266 2 230.116 87.6462
330 94.9784 66.7266 2 221.679 87.3493
331 104.978 66.7266 2 213.378 87.0481
332 114.978 66.7266 2 205.228 86.7433
333 124.978 66.7266 2 197.249 86.4358
334 134.978 66.7266 2 189.461 86.1267
335 144.978 66.7266 2 181.89 85.8173
336 154.978 66.7266 2 174.564 85.5094
337 164.978 66.7266 2 167.514 85.2051
338 174.978 66.7266 2 160.778 84.9069
339 184.978 66.7266 2 154.396 84.6177
340 194.978 66.7266 2 148.413 84.3409
341 204.978 66.7266 2 142.881 84.0803
342 214.978 66.7266 2 137.853 83.8397
343 224.978 66.7266 2 133.387 83.6235
344 234.978 66.7266 2 129.539 83.4356
345 244.978 66.7266 2 126.368 83.2798
346 254.978 66.7266 2 123.925 83.1594
347 264.978 66.7266 2 122.253 83.0768
348 274.978 66.7266 2 121.385 83.0339
349 284.978 66.7266 2 121.338 83.0316
350 294.978 66.7266 2 122.112 83.0699
351 304.978 66.7266 2 123.693 83.1479
352 314.978 66.7266 2 126.049 83.2641
353 324.978 66.7266 2 129.139 83.416
354 334.978 66.7266 2 132.911 83.6003
355 344.978 66.7266 2 137.309 83.8135
356 354.978 66.7266 2 142.275 84.0515
357 364.978 66.7266 2 147.752 84.31
358 374.978 66.7266 2 153.685 84.5851
359 384.978 66.7266 2 160.024 84.8731
360 394.978 66.7266 2 166.722 85.1704
361 404.978 66.7266 2 173.737 85.4742
362 414.978 66.7266 2 181.034 85.7817
363 424.978 66.7266 2 188.578 86.091
364 434.978 66.7266 2 196.342 86.4003
365 444.978 66.7266 2 204.3 86.708
366 454.978 66.7266 2 212.431 87.0131
367 464.978 66.7266 2 220.716 87.3148
368 474.978 66.7266 2 229.138 87.6123
369 484.978 66.7266 2 237.682 87.9051
370 84.9784 76.7266 2 225.278 87.4771
371 94.9784 76.7266 2 216.653 87.168
372 104.978 76.7266 2 208.152 86.8537
373 114.978 76.7266 2 199.789 86.5347
374 124.978 76.7266 2 191.583 86.2118
375 134.978 76.7266 2 183.556 85.8861
376 144.978 76.7266 2 175.73 85.559
377 154.978 76.7266 2 168.136 85.2323
378 164.978 76.7266 2 160.805 84.9081
379 174.978 76.7266 2 153.774 84.5892
380 184.978 76.7266 2 147.089 84.2789
381 194.978 76.7266 2 140.796 83.9809
382 204.978 76.7266 2 134.952 83.6995
383 214.978 76.7266 2 129.617 83.4394
384 224.978 76.7266 2 124.856 83.2053
385 234.978 76.7266 2 120.737 83.0019
386 244.978 76.7266 2 117.328 82.8335
387 254.978 76.7266 2 114.693 82.7035
388 264.978 76.7266 2 112.885 82.6146
389 274.978 76.7266 2 111.944 82.5685
390 284.978 76.7266 2 111.892 82.566
391 294.978 76.7266 2 112.731 82.6071
392 304.978 76.7266 2 114.442 82.6911
393 314.978 76.7266 2 116.984 82.8165
394 324.978 76.7266 2 120.307 82.9807
395 334.978 76.7266 2 124.348 83.1802
396 344.978 76.7266 2 129.038 83.411
397 354.978 76.7266 2 134.31 83.6684
398 364.978 76.7266 2 140.099 83.9476
399 374.978 76.7266 2 146.343 84.2439
400 384.978 76.7266 2 152.986 84.553
401 394.978 76.7266 2 159.979 84.871
402 404.978 76.7266 2 167.277 85.1947
403 414.978 76.7266 2 174.843 85.5213
404 424.978 76.7266 2 182.644 85.8485
405 434.978 76.7266 2 190.649 86.1744
406 444.978 76.7266 2 198.836 86.4977
407 454.978 76.7266 2 207.181 86.8172
408 464.978 76.7266 2 215.668 87.1321
409 474.978 76.7266 2 224.279 87.4417
410 484.978 76.7266 2 233.001 87.7458
411 84.9784 86.7266 2 220.788 87.3174
412 94.9784 86.7266 2 211.981 86.9965
413 104.978 86.7266 2 203.284 250
414 114.978 86.7266 2 194.712 250
415 124.978 86.7266 2 186.283 250
416 134.978 86.7266 2 178.016 85.6555
417 144.978 86.7266 2 169.936 85.3105
418 154.978 86.7266 2 162.07 250
419 164.978 86.7266 2 154.451 250
420 174.978 86.7266 2 147.118 250
421 184.978 86.7266 2 140.115 83.9483
422 194.978 86.7266 2 133.494 83.6287
423 204.978 86.7266 2 127.315 83.3264
424 214.978 86.7266 2 121.645 83.0468
425 224.978 86.7266 2 116.559 250
426 234.978 86.7266 2 112.136 250
427 244.978 86.7266 2 108.457 250
428 254.978 86.7266 2 105.601 82.2612
429 264.978 86.7266 2 103.634 82.1679
430 274.978 86.7266 2 102.608 82.1197
431 284.978 86.7266 2 102.552 82.1171
432 294.978 86.7266 2 103.467 82.16
433 304.978 86.7266 2 105.328 82.2482
434 314.978 86.7266 2 108.085 82.3806
435 324.978 86.7266 2 111.673 82.5552
436 334.978 86.7266 2 116.014 82.7686
437 344.978 86.7266 2 121.028 83.0163
438 354.978 86.7266 2 126.634 83.2929
439 364.978 86.7266 2 132.758 83.5929
440 374.978 86.7266 2 139.331 83.9108
441 384.978 86.7266 2 146.293 250
442 394.978 86.7266 2 153.591 250
443 404.978 86.7266 2 161.179 250
444 414.978 86.7266 2 169.018 85.2707
445 424.978 86.7266 2 177.075 85.6159
446 434.978 86.7266 2 185.322 85.9586
447 444.978 86.7266 2 193.733 250
448 454.978 86.7266 2 202.29 250
449 464.978 86.7266 2 210.973 250
450 474.978 86.7266 2 219.768 87.2807
451 484.978 86.7266 2 228.663 87.5957
452 84.9784 96.7266 2 216.666 87.1685
453 94.9784 96.7266 2 207.684 86.8361
454 104.978 96.7266 2 198.8 86.4963
455 114.978 96.7266 2 190.026 86.1494
456 124.978 96.7266 2 181.379 85.7961
457 134.978 96.7266 2 172.878 85.4374
458 144.978 96.7266 2 164.545 85.0746
459 154.978 96.7266 2 156.409 250
460 164.978 96.7266 2 148.5 250
461 174.978 96.7266 2 140.857 250
462 184.978 96.7266 2 133.526 83.6303
463 194.978 96.7266 2 126.561 250
464 204.978 96.7266 2 120.025 250
465 214.978 96.7266 2 113.994 250
466 224.978 96.7266 2 108.55 250
467 234.978 96.7266 2 103.786 250
468 244.978 96.7266 2 99.7998 250
469 254.978 96.7266 2 96.6876 250
470 264.978 96.7266 2 94.5356 250
471 274.978 96.7266 2 93.4101 81.7101
472 284.978 96.7266 2 93.3485 81.7076
473 294.978 96.7266 2 94.3526 81.7497
474 304.978 96.7266 2 96.3893 81.8373
475 314.978 96.7266 2 99.3951 81.9714
476 324.978 96.7266 2 103.285 82.1515
477 334.978 96.7266 2 107.965 82.3748
478 344.978 96.7266 2 113.335 82.6367
479 354.978 96.7266 2 119.303 82.9311
480 364.978 96.7266 2 125.785 83.2511
481 374.978 96.7266 2 132.704 83.5903
482 384.978 96.7266 2 139.996 250
483 394.978 96.7266 2 147.605 250
484 404.978 96.7266 2 155.485 250
485 414.978 96.7266 2 163.598 85.0326
486 424.978 96.7266 2 171.909 85.3958
487 434.978 96.7266 2 180.392 85.755
488 444.978 96.7266 2 189.023 250
489 454.978 96.7266 2 197.783 250
490 464.978 96.7266 2 206.656 250
491 474.978 96.7266 2 215.627 87.1306
492 484.978 96.7266 2 224.686 87.4561
493 84.9784 106.727 2 212.935 87.0317
494 94.9784 106.727 2 203.789 86.6885
495 104.978 106.727 2 194.726 86.3366
496 114.978 106.727 2 185.76 85.9765
497 124.978 106.727 2 176.905 85.6087
498 134.978 106.727 2 168.178 85.2341
499 144.978 106.727 2 159.6 84.854
500 154.978 106.727 2 151.198 250
501 164.978 106.727 2 143.001 250
502 174.978 106.727 2 135.047 250
503 184.978 106.727 2 127.382 83.3297
504 194.978 106.727 2 120.061 250
505 204.978 106.727 2 113.151 250
506 214.978 106.727 2 106.731 250
507 224.978 106.727 2 100.896 250
508 234.978 106.727 2 95.7525 250
509 244.978 106.727 2 91.4168 250
510 254.978 106.727 2 88.0086 250
511 264.978 106.727 2 85.6387 250
512 274.978 106.727 2 84.3947 81.3781
513 284.978 106.727 2 84.3265 81.376
514 294.978 106.727 2 85.4367 81.4111
515 304.978 106.727 2 87.6808 81.4876
516 314.978 106.727 2 90.9747 81.6115
517 324.978 106.727 2 95.2097 81.7862
518 334.978 106.727 2 100.266 82.0112
519 344.978 106.727 2 106.028 82.2816
520 354.978 106.727 2 112.385 82.5901
521 364.978 106.727 2 119.243 82.9281
522 374.978 106.727 2 126.52 83.2873
523 384.978 106.727 2 134.148 250
524 394.978 106.727 2 142.071 250
525 404.978 106.727 2 150.242 250
526 414.978 106.727 2 158.623 84.81
527 424.978 106.727 2 167.182 85.1906
528 434.978 106.727 2 175.893 85.5659
529 444.978 106.727 2 184.734 250
530 454.978 106.727 2 193.688 250
531 464.978 106.727 2 202.74 250
532 474.978 106.727 2 211.878 86.9927
533 484.978 106.727 2 221.09 87.3282
534 84.9784 116.727 2 209.615 86.9085
535 94.9784 116.727 2 200.317 86.5551
536 104.978 116.727 2 191.09 86.1921
537 114.978 116.727 2 181.944 250
538 124.978 116.727 2 172.894 250
539 134.978 116.727 2 163.953 250
540 144.978 116.727 2 155.143 250
541 154.978 116.727 2 146.484 250
542 164.978 116.727 2 138.008 250
543 174.978 116.727 2 129.748 250
544 184.978 116.727 2 121.75 83.052
545 194.978 116.727 2 114.069 250
546 204.978 116.727 2 106.771 250
547 214.978 116.727 2 99.943 250
548 224.978 116.727 2 93.6861 250
549 234.978 116.727 2 88.1224 250
550 244.978 116.727 2 83.3909 250
551 254.978 116.727 2 79.64 250
552 264.978 116.727 2 77.0131 250
553 274.978 116.727 2 75.6273 81.1896
554 284.978 116.727 2 75.5511 81.1888
555 294.978 116.727 2 76.7884 81.2031
556 304.978 116.727 2 79.2776 81.2454
557 314.978 116.727 2 82.9061 81.3341
558 324.978 116.727 2 87.5323 250
559 334.978 116.727 2 93.0074 250
560 344.978 116.727 2 99.1911 250
561 354.978 116.727 2 105.959 250
562 364.978 116.727 2 113.207 250
563 374.978 116.727 2 120.848 250
564 384.978 116.727 2 128.813 250
565 394.978 116.727 2 137.045 250
566 404.978 116.727 2 145.498 250
567 414.978 116.727 2 154.137 250
568 424.978 116.727 2 162.932 85.003
569 434.978 116.727 2 171.858 85.3936
570 444.978 116.727 2 180.897 250
571 454.978 116.727 2 190.032 250
572 464.978 116.727 2 199.25 250
573 474.978 116.727 2 208.54 86.8683
574 484.978 116.727 2 217.894 87.213
575 84.9784 126.727 2 206.725 86.8
576 94.9784 126.727 2 197.291 86.4375
577 104.978 126.727 2 187.916 86.0642
578 114.978 126.727 2 178.608 250
579 124.978 126.727 2 169.379 250
580 134.978 126.727 2 160.243 250
581 144.978 126.727 2 151.216 250
582 154.978 126.727 2 142.319 250
583 164.978 126.727 2 133.578 250
584 174.978 126.727 2 125.027 250
585 184.978 126.727 2 116.705 82.8027
586 194.978 126.727 2 108.668 82.4088
587 204.978 126.727 2 100.981 82.0441
588 214.978 126.727 2 93.7316 81.7235
589 224.978 126.727 2 87.0293 250
590 234.978 126.727 2 81.0098 250
591 244.978 126.727 2 75.8358 250
592 254.978 126.727 2 71.6906 81.1804
593 264.978 126.727 2 68.7607 81.2196
594 274.978 126.727 2 67.205 81.2608
595 284.978 126.727 2 67.1192 81.2635
596 294.978 126.727 2 68.5089 81.2252
597 304.978 126.727 2 71.2878 81.1831
598 314.978 126.727 2 75.3023 81.1866
599 324.978 126.727 2 80.3674 250
600 334.978 126.727 2 86.2983 250
601 344.978 126.727 2 92.9295 250
602 354.978 126.727 2 100.122 250
603 364.978 126.727 2 107.763 250
604 374.978 126.727 2 115.764 250
605 384.978 126.727 2 124.056 250
606 394.978 126.727 2 132.583 250
607 404.978 126.727 2 141.304 250
608 414.978 126.727 2 150.184 250
609 424.978 126.727 2 159.197 84.8359
610 434.978 126.727 2 168.322 85.2404
611 444.978 126.727 2 177.541 250
612 454.978 126.727 2 186.84 250
613 464.978 126.727 2 196.208 250
614 474.978 126.727 2 205.636 86.7588
615 484.978 126.727 2 215.115 87.1119
616 84.9784 136.727 2 204.285 86.7074
617 94.9784 136.727 2 194.733 86.3369
618 104.978 136.727 2 185.228 85.9548
619 114.978 136.727 2 175.778 85.561
620 124.978 136.727 2 166.392 85.1559
621 134.978 136.727 2 157.082 250
622 144.978 136.727 2 147.862 250
623 154.978 136.727 2 138.751 250
624 164.978 136.727 2 129.77 250
625 174.978 136.727 2 120.949 250
626 184.978 136.727 2 112.326 82.5872
627 194.978 136.727 2 103.95 82.1828
628 204.978 136.727 2 95.8861 81.8154
629 214.978 136.727 2 88.2192 81.507
630 224.978 136.727 2 81.0624 250
631 234.978 136.727 2 74.5627 250
632 244.978 136.727 2 68.9063 250
633 254.978 136.727 2 64.3161 81.3842
634 264.978 136.727 2 61.0332 81.6199
635 274.978 136.727 2 59.275 81.8007
636 284.978 136.727 2 59.1778 81.8121
637 294.978 136.727 2 60.7494 81.6462
638 304.978 136.727 2 63.8669 81.4098
639 314.978 136.727 2 68.3188 81.2297
640 324.978 136.727 2 73.8643 250
641 334.978 136.727 2 80.2772 250
642 344.978 136.727 2 87.3665 250
643 354.978 136.727 2 94.981 250
644 364.978 136.727 2 103.004 250
645 374.978 136.727 2 111.348 250
646 384.978 136.727 2 119.945 250
647 394.978 136.727 2 128.745 250
648 404.978 136.727 2 137.709 250
649 414.978 136.727 2 146.807 250
650 424.978 136.727 2 156.015 84.6917
651 434.978 136.727 2 165.316 85.1086
652 444.978 136.727 2 174.693 250
653 454.978 136.727 2 184.136 250
654 464.978 136.727 2 193.635 250
655 474.978 136.727 2 203.183 86.6653
656 484.978 136.727 2 212.771 87.0257
657 84.9784 146.727 2 202.31 86.6319
658 94.9784 146.727 2 192.66 86.2547
659 104.978 146.727 2 183.047 85.8652
660 114.978 146.727 2 173.479 85.4631
661 124.978 146.727 2 163.961 85.0487
662 134.978 146.727 2 154.505 84.6227
663 144.978 146.727 2 145.122 84.1864
664 154.978 146.727 2 135.826 83.7419
665 164.978 146.727 2 126.638 83.2931
666 174.978 146.727 2 117.583 82.846
667 184.978 146.727 2 108.693 82.4101
668 194.978 146.727 2 100.013 81.9996
669 204.978 146.727 2 91.6033 81.6364
670 214.978 146.727 2 83.5443 81.3525
671 224.978 146.727 2 75.9483 81.1929
672 234.978 146.727 2 68.9682 81.2153
673 244.978 146.727 2 62.81 81.4778
674 254.978 146.727 2 57.7372 81.9984
675 264.978 146.727 2 54.0561 82.6704
676 274.978 146.727 2 52.0629 83.1947
677 284.978 146.727 2 51.9522 83.2282
678 294.978 146.727 2 53.7356 82.7457
679 304.978 146.727 2 57.2363 82.072
680 314.978 146.727 2 62.1649 81.5252
681 324.978 146.727 2 68.2126 81.2323
682 334.978 146.727 2 75.1095 81.185
683 344.978 146.727 2 82.6434 81.3268
684 354.978 146.727 2 90.6554 81.5989
685 364.978 146.727 2 99.0297 81.9549
686 374.978 146.727 2 107.682 82.3612
687 384.978 146.727 2 116.55 82.795
688 394.978 146.727 2 125.588 83.2414
689 404.978 146.727 2 134.762 83.6903
690 414.978 146.727 2 144.046 84.1355
691 424.978 146.727 2 153.42 84.573
692 434.978 146.727 2 162.869 85.0002
693 444.978 146.727 2 172.38 85.416
694 454.978 146.727 2 181.943 85.8195
695 464.978 146.727 2 191.551 86.2105
696 474.978 146.727 2 201.197 86.5891
697 484.978 146.727 2 210.876 86.9555
698 84.9784 156.727 2 200.814 86.5743
699 94.9784 156.727 2 191.089 86.192
700 104.978 156.727 2 181.393 85.7967
701 114.978 156.727 2 171.732 85.3881
702 124.978 156.727 2 162.112 84.9665
703 134.978 156.727 2 152.541 84.5325
704 144.978 156.727 2 143.029 84.0873
705 154.978 156.727 2 133.588 83.6333
706 164.978 156.727 2 124.235 83.1747
707 174.978 156.727 2 114.99 82.7181
708 184.978 156.727 2 105.883 82.2747
709 194.978 156.727 2 96.9521 81.862
710 204.978 156.727 2 88.2507 81.5081
711 214.978 156.727 2 79.8541 81.2575
712 224.978 156.727 2 71.869 81.1794
713 234.978 156.727 2 64.4487 81.377
714 244.978 156.727 2 57.8111 81.988
715 254.978 156.727 2 52.2552 83.1379
716 264.978 156.727 2 48.1569 84.7531
717 274.978 156.727 2 45.9082 86.1751
718 284.978 156.727 2 45.7826 86.2718
719 294.978 156.727 2 47.7968 84.9472
720 304.978 156.727 2 51.7012 83.3058
721 314.978 156.727 2 57.1095 82.0914
722 324.978 156.727 2 63.6394 81.4235
723 334.978 156.727 2 70.9821 81.1858
724 344.978 156.727 2 78.911 81.2381
725 354.978 156.727 2 87.2664 81.473
726 364.978 156.727 2 95.937 81.8176
727 374.978 156.727 2 104.845 82.2252
728 384.978 156.727 2 113.934 82.6661
729 394.978 156.727 2 123.164 83.1218
730 404.978 156.727 2 132.506 83.5806
731 414.978 156.727 2 141.938 84.0354
732 424.978 156.727 2 151.442 84.4818
733 434.978 156.727 2 161.007 84.9172
734 444.978 156.727 2 170.622 85.3402
735 454.978 156.727 2 180.278 85.7503
736 464.978 156.727 2 189.97 86.1472
737 474.978 156.727 2 199.693 86.531
738 484.978 156.727 2 209.441 86.902
739 84.9784 166.727 2 199.808 86.5354
740 94.9784 166.727 2 190.031 86.1496
741 104.978 166.727 2 180.279 85.7503
742 114.978 166.727 2 170.555 85.3373
743 124.978 166.727 2 160.864 84.9108
744 134.978 166.727 2 151.215 84.4712
745 144.978 166.727 2 141.613 84.0199
746 154.978 166.727 2 132.071 83.5594
747 164.978 166.727 2 122.602 83.0941
748 174.978 166.727 2 113.224 82.6313
749 184.978 166.727 2 103.963 82.1834
750 194.978 166.727 2 94.8511 81.7708
751 204.978 166.727 2 85.9372 81.4275
752 214.978 166.727 2 77.2897 81.2102
753 224.978 166.727 2 69.0085 250
754 234.978 166.727 2 61.2426 81.6012
755 244.978 166.727 2 54.2138 250
756 254.978 166.727 2 48.2454 250
757 264.978 166.727 2 43.7733 250
758 274.978 166.727 2 41.2866 92.2208
759 284.978 166.727 2 41.1469 92.5499
760 294.978 166.727 2 43.3768 250
761 304.978 166.727 2 47.6448 250
762 314.978 166.727 2 53.4651 250
763 324.978 166.727 2 60.3904 250
764 334.978 166.727 2 68.0843 250
765 344.978 166.727 2 76.3149 250
766 354.978 166.727 2 84.9261 81.3947
767 364.978 166.727 2 93.8132 81.7269
768 374.978 166.727 2 102.905 250
769 384.978 166.727 2 112.151 82.5786
770 394.978 166.727 2 121.517 83.0405
771 404.978 166.727 2 130.977 83.506
772 414.978 166.727 2 140.511 83.9673
773 424.978 166.727 2 150.106 84.4198
774 434.978 166.727 2 159.751 84.8608
775 444.978 166.727 2 169.437 250
776 454.978 166.727 2 179.157 250
777 464.978 166.727 2 188.907 250
778 474.978 166.727 2 198.681 86.4917
779 484.978 166.727 2 208.477 86.8659
780 84.9784 176.727 2 199.3 86.5157
781 94.9784 176.727 2 189.497 86.1281
782 104.978 176.727 2 179.715 85.7268
783 114.978 176.727 2 169.958 85.3115
784 124.978 176.727 2 160.232 84.8824
785 134.978 176.727 2 150.542 84.44
786 144.978 176.727 2 140.895 83.9856
787 154.978 176.727 2 131.3 83.5218
788 164.978 176.727 2 121.772 83.053
789 174.978 176.727 2 112.324 82.5871
790 184.978 176.727 2 102.982 82.1372
791 194.978 176.727 2 93.775 81.7253
792 204.978 176.727 2 84.748 81.3891
793 214.978 176.727 2 75.9652 81.193
794 224.978 176.727 2 67.5218 250
795 234.978 176.727 2 59.5624 81.7681
796 244.978 176.727 2 52.3083 250
797 254.978 176.727 2 46.0938 250
798 264.978 176.727 2 41.3899 250
799 274.978 176.727 2 38.7505 104.173
800 284.978 176.727 2 38.6016 106.042
801 294.978 176.727 2 40.9703 250
802 304.978 176.727 2 45.4648 250
803 314.978 176.727 2 51.5319 250
804 324.978 176.727 2 58.6857 250
805 334.978 176.727 2 66.577 250
806 344.978 176.727 2 74.9732 250
807 354.978 176.727 2 83.7225 81.3577
808 364.978 176.727 2 92.7251 81.6818
809 374.978 176.727 2 101.914 250
810 384.978 176.727 2 111.243 82.5342
811 394.978 176.727 2 120.679 82.999
812 404.978 176.727 2 130.199 83.4679
813 414.978 176.727 2 139.787 83.9326
814 424.978 176.727 2 149.428 84.3883
815 434.978 176.727 2 159.114 84.8321
816 444.978 176.727 2 168.837 250
817 454.978 176.727 2 178.59 250
818 464.978 176.727 2 188.369 250
819 474.978 176.727 2 198.17 86.4718
820 484.978 176.727 2 207.99 86.8476
821 84.9784 186.727 2 199.292 86.5154
822 94.9784 186.727 2 189.489 86.1278
823 104.978 186.727 2 179.706 85.7264
824 114.978 186.727 2 169.95 85.3111
825 124.978 186.727 2 160.223 84.882
826 134.978 186.727 2 150.532 84.4396
827 144.978 186.727 2 140.884 83.9851
828 154.978 186.727 2 131.289 83.5212
829 164.978 186.727 2 121.759 83.0524
830 174.978 186.727 2 112.311 82.5865
831 184.978 186.727 2 102.967 82.1365
832 194.978 186.727 2 93.7591 81.7247
833 204.978 186.727 2 84.7304 81.3885
834 214.978 186.727 2 75.9456 81.1928
835 224.978 186.727 2 67.4997 250
836 234.978 186.727 2 59.5373 81.7709
837 244.978 186.727 2 52.2798 250
838 254.978 186.727 2 46.0615 250
839 264.978 186.727 2 41.3538 250
840 274.978 186.727 2 38.712 104.617
841 284.978 186.727 2 38.563 106.606
842 294.978 186.727 2 40.9339 93.085
843 304.978 186.727 2 45.432 86.5537
844 314.978 186.727 2 51.5029 83.3691
845 324.978 186.727 2 58.6603 81.8749
846 334.978 186.727 2 66.5546 250
847 344.978 186.727 2 74.9533 250
848 354.978 186.727 2 83.7047 250
849 364.978 186.727 2 92.709 250
850 374.978 186.727 2 101.899 250
851 384.978 186.727 2 111.229 82.5335
852 394.978 186.727 2 120.667 82.9984
853 404.978 186.727 2 130.188 83.4674
854 414.978 186.727 2 139.776 83.9321
855 424.978 186.727 2 149.418 84.3878
856 434.978 186.727 2 159.105 84.8317
857 444.978 186.727 2 168.828 250
858 454.978 186.727 2 178.581 250
859 464.978 186.727 2 188.361 250
860 474.978 186.727 2 198.162 86.4715
861 484.978 186.727 2 207.983 86.8473
862 84.9784 196.727 2 199.786 86.5346
863 94.9784 196.727 2 190.008 86.1487
864 104.978 196.727 2 180.254 85.7493
865 114.978 196.727 2 170.528 85.3362
866 124.978 196.727 2 160.837 84.9095
867 134.978 196.727 2 151.185 84.4698
868 144.978 196.727 2 141.582 84.0184
869 154.978 196.727 2 132.037 83.5578
870 164.978 196.727 2 122.566 83.0923
871 174.978 196.727 2 113.185 82.6294
872 184.978 196.727 2 103.92 82.1814
873 194.978 196.727 2 94.8039 81.7688
874 204.978 196.727 2 85.8852 81.4258
875 214.978 196.727 2 77.2318 81.2093
876 224.978 196.727 2 68.9437 250
877 234.978 196.727 2 61.1695 81.6077
878 244.978 196.727 2 54.1313 82.6532
879 254.978 196.727 2 48.1526 84.7553
880 264.978 196.727 2 43.671 88.3029
881 274.978 196.727 2 41.1782 92.4748
882 284.978 196.727 2 41.0381 92.818
883 294.978 196.727 2 43.2736 88.7978
884 304.978 196.727 2 47.5509 85.0863
885 314.978 196.727 2 53.3814 82.8327
886 324.978 196.727 2 60.3163 81.6884
887 334.978 196.727 2 68.0186 250
888 344.978 196.727 2 76.2563 250
889 354.978 196.727 2 84.8734 81.393
890 364.978 196.727 2 93.7656 81.725
891 374.978 196.727 2 102.861 82.1316
892 384.978 196.727 2 112.111 82.5767
893 394.978 196.727 2 121.48 83.0386
894 404.978 196.727 2 130.942 83.5043
895 414.978 196.727 2 140.479 83.9658
896 424.978 196.727 2 150.076 250
897 434.978 196.727 2 159.723 250
898 444.978 196.727 2 169.41 250
899 454.978 196.727 2 179.132 250
900 464.978 196.727 2 188.883 250
901 474.978 196.727 2 198.659 86.4908
902 484.978 196.727 2 208.456 86.8651
903 84.9784 206.727 2 200.777 86.5729
904 94.9784 206.727 2 191.05 86.1905
905 104.978 206.727 2 181.352 85.795
906 114.978 206.727 2 171.689 85.3863
907 124.978 206.727 2 162.066 250
908 134.978 206.727 2 152.492 84.5302
909 144.978 206.727 2 142.977 84.0848
910 154.978 206.727 2 133.532 83.6306
911 164.978 206.727 2 124.175 83.1717
912 174.978 206.727 2 114.925 82.715
913 184.978 206.727 2 105.813 82.2714
914 194.978 206.727 2 96.8752 81.8587
915 204.978 206.727 2 88.1662 81.5051
916 214.978 206.727 2 79.7607 81.2555
917 224.978 206.727 2 71.7652 81.1799
918 234.978 206.727 2 64.333 81.3833
919 244.978 206.727 2 57.682 82.0063
920 254.978 206.727 2 52.1123 83.18
921 264.978 206.727 2 48.0018 84.8353
922 274.978 206.727 2 45.7456 86.3008
923 284.978 206.727 2 45.6195 86.4007
924 294.978 206.727 2 47.6406 85.035
925 304.978 206.727 2 51.5568 83.3517
926 314.978 206.727 2 56.9788 82.1118
927 324.978 206.727 2 63.5222 81.4308
928 334.978 206.727 2 70.877 250
929 344.978 206.727 2 78.8165 250
930 354.978 206.727 2 87.1809 81.47
931 364.978 206.727 2 95.8593 81.8142
932 374.978 206.727 2 104.773 82.2218
933 384.978 206.727 2 113.868 82.6629
934 394.978 206.727 2 123.103 83.1188
935 404.978 206.727 2 132.45 83.5779
936 414.978 206.727 2 141.885 84.0329
937 424.978 206.727 2 151.393 250
938 434.978 206.727 2 160.961 250
939 444.978 206.727 2 170.578 250
940 454.978 206.727 2 180.237 250
941 464.978 206.727 2 189.931 250
942 474.978 206.727 2 199.655 86.5295
943 484.978 206.727 2 209.406 86.9007
944 84.9784 216.727 2 202.259 86.6299
945 94.9784 216.727 2 192.606 86.2526
946 104.978 216.727 2 182.99 85.8628
947 114.978 216.727 2 173.418 85.4605
948 124.978 216.727 2 163.898 250
949 134.978 216.727 2 154.437 84.6196
950 144.978 216.727 2 145.05 84.183
951 154.978 216.727 2 135.749 83.7382
952 164.978 216.727 2 126.556 83.2891
953 174.978 216.727 2 117.494 82.8417
954 184.978 216.727 2 108.597 82.4054
955 194.978 216.727 2 99.9091 81.9948
956 204.978 216.727 2 91.4894 81.6319
957 214.978 216.727 2 83.4193 81.3488
958 224.978 216.727 2 75.8107 81.1914
959 234.978 216.727 2 68.8168 81.2184
960 244.978 216.727 2 62.6437 81.4896
961 254.978 216.727 2 57.5562 82.0245
962 264.978 216.727 2 53.8627 82.7155
963 274.978 216.727 2 51.8621 83.2557
964 284.978 216.727 2 51.7509 83.2902
965 294.978 216.727 2 53.541 250
966 304.978 216.727 2 57.0537 250
967 314.978 216.727 2 61.9968 250
968 324.978 216.727 2 68.0595 250
969 334.978 216.727 2 74.9705 250
970 344.978 216.727 2 82.517 250
971 354.978 216.727 2 90.5402 81.5944
972 364.978 216.727 2 98.9243 81.9501
973 374.978 216.727 2 107.585 82.3565
974 384.978 216.727 2 116.46 82.7906
975 394.978 216.727 2 125.505 83.2373
976 404.978 216.727 2 134.685 83.6866
977 414.978 216.727 2 143.974 84.1321
978 424.978 216.727 2 153.352 250
979 434.978 216.727 2 162.805 250
980 444.978 216.727 2 172.319 250
981 454.978 216.727 2 181.886 250
982 464.978 216.727 2 191.496 250
983 474.978 216.727 2 201.145 86.5871
984 484.978 216.727 2 210.826 86.9536
985 84.9784 226.727 2 204.219 86.7049
986 94.9784 226.727 2 194.664 86.3342
987 104.978 226.727 2 185.155 250
988 114.978 226.727 2 175.701 250
989 124.978 226.727 2 166.311 250
990 134.978 226.727 2 156.997 84.7363
991 144.978 226.727 2 147.772 84.3109
992 154.978 226.727 2 138.654 83.8783
993 164.978 226.727 2 129.666 83.4418
994 174.978 226.727 2 120.838 83.0069
995 184.978 226.727 2 112.207 82.5814
996 194.978 226.727 2 103.821 82.1767
997 204.978 226.727 2 95.7461 81.8093
998 214.978 226.727 2 88.067 81.5015
999 224.978 226.727 2 80.8968 81.2814
1000 234.978 226.727 2 74.3826 81.1801
1001 244.978 226.727 2 68.7114 81.2207
1002 254.978 226.727 2 64.1072 81.3959
1003 264.978 226.727 2 60.8129 81.6402
1004 274.978 226.727 2 59.0483 81.8274
1005 284.978 226.727 2 58.9506 81.8391
1006 294.978 226.727 2 60.5282 250
1007 304.978 226.727 2 63.6564 250
1008 314.978 226.727 2 68.1221 250
1009 324.978 226.727 2 73.6825 250
1010 334.978 226.727 2 80.1099 250
1011 344.978 226.727 2 87.2128 250
1012 354.978 226.727 2 94.8396 81.7704
1013 364.978 226.727 2 102.874 82.1321
1014 374.978 226.727 2 111.227 82.5334
1015 384.978 226.727 2 119.833 82.9572
1016 394.978 226.727 2 128.641 83.3915
1017 404.978 226.727 2 137.612 83.8281
1018 414.978 226.727 2 146.716 84.2614
1019 424.978 226.727 2 155.929 250
1020 434.978 226.727 2 165.234 250
1021 444.978 226.727 2 174.616 250
1022 454.978 226.727 2 184.064 250
1023 464.978 226.727 2 193.566 250
1024 474.978 226.727 2 203.117 86.6628
1025 484.978 226.727 2 212.708 87.0234
1026 84.9784 236.727 2 206.646 86.797
1027 94.9784 236.727 2 197.208 86.4342
1028 104.978 236.727 2 187.828 86.0607
1029 114.978 236.727 2 178.516 85.6766
1030 124.978 236.727 2 169.282 250
1031 134.978 236.727 2 160.14 84.8783
1032 144.978 236.727 2 151.107 84.4662
1033 154.978 236.727 2 142.204 84.0481
1034 164.978 236.727 2 133.456 83.6269
1035 174.978 236.727 2 124.896 83.2073
1036 184.978 236.727 2 116.565 82.7958
1037 194.978 236.727 2 108.517 82.4015
1038 204.978 236.727 2 100.818 82.0366
1039 214.978 236.727 2 93.5565 81.7162
1040 224.978 236.727 2 86.8407 81.4581
1041 234.978 236.727 2 80.8071 81.2793
1042 244.978 236.727 2 75.6192 81.1895
1043 254.978 236.727 2 71.4615 81.1818
1044 264.978 236.727 2 68.5218 81.2249
1045 274.978 236.727 2 66.9605 81.2687
1046 284.978 236.727 2 66.8745 81.2716
1047 294.978 236.727 2 68.2692 250
1048 304.978 236.727 2 71.0575 250
1049 314.978 236.727 2 75.0842 250
1050 324.978 236.727 2 80.1631 250
1051 334.978 236.727 2 86.1081 250
1052 344.978 236.727 2 92.7528 250
1053 354.978 236.727 2 99.9579 81.9971
1054 364.978 236.727 2 107.611 82.3577
1055 374.978 236.727 2 115.622 82.7493
1056 384.978 236.727 2 123.923 83.1593
1057 394.978 236.727 2 132.459 83.5783
1058 404.978 236.727 2 141.188 83.9996
1059 414.978 236.727 2 150.075 250
1060 424.978 236.727 2 159.094 250
1061 434.978 236.727 2 168.224 250
1062 444.978 236.727 2 177.448 250
1063 454.978 236.727 2 186.752 250
1064 464.978 236.727 2 196.125 250
1065 474.978 236.727 2 205.556 86.7557
1066 484.978 236.727 2 215.039 87.1091
1067 84.9784 246.727 2 209.522 86.905
1068 94.9784 246.727 2 200.22 86.5514
1069 104.978 246.727 2 190.988 86.188
1070 114.978 246.727 2 181.838 85.8151
1071 124.978 246.727 2 172.782 85.4332
1072 134.978 246.727 2 163.835 85.0431
1073 144.978 246.727 2 155.018 84.6462
1074 154.978 246.727 2 146.352 84.2443
1075 164.978 246.727 2 137.867 83.8404
1076 174.978 246.727 2 129.599 83.4385
1077 184.978 246.727 2 121.591 83.0441
1078 194.978 246.727 2 113.899 82.6644
1079 204.978 246.727 2 106.59 82.3086
1080 214.978 246.727 2 99.7489 81.9875
1081 224.978 246.727 2 93.479 81.713
1082 234.978 246.727 2 87.9022 81.4955
1083 244.978 246.727 2 83.1582 81.3413
1084 254.978 246.727 2 79.3963 81.2478
1085 264.978 246.727 2 76.761 81.2027
1086 274.978 246.727 2 75.3706 81.1872
1087 284.978 246.727 2 75.2942 81.1865
1088 294.978 246.727 2 76.5356 81.1998
1089 304.978 246.727 2 79.0328 81.2405
1090 314.978 246.727 2 82.672 81.3276
1091 324.978 246.727 2 87.3106 81.4745
1092 334.978 246.727 2 92.7989 81.6849
1093 344.978 246.727 2 98.9955 81.9533
1094 354.978 246.727 2 105.776 82.2696
1095 364.978 246.727 2 113.036 82.622
1096 374.978 246.727 2 120.688 82.9995
1097 384.978 246.727 2 128.662 83.3926
1098 394.978 246.727 2 136.903 83.7939
1099 404.978 246.727 2 145.365 84.1978
1100 414.978 246.727 2 154.011 84.6001
1101 424.978 246.727 2 162.813 84.9977
1102 434.978 246.727 2 171.745 85.3887
1103 444.978 246.727 2 180.79 85.7716
1104 454.978 246.727 2 189.93 86.1455
1105 464.978 246.727 2 199.153 86.51
1106 474.978 246.727 2 208.448 86.8648
1107 484.978 246.727 2 217.805 87.2098
1108 84.9784 256.727 2 212.83 87.0279
1109 94.9784 256.727 2 203.679 86.6843
1110 104.978 256.727 2 194.611 86.3321
1111 114.978 256.727 2 185.64 85.9716
1112 124.978 256.727 2 176.778 85.6034
1113 134.978 256.727 2 168.045 85.2283
1114 144.978 256.727 2 159.46 84.8477
1115 154.978 256.727 2 151.05 84.4636
1116 164.978 256.727 2 142.844 84.0785
1117 174.978 256.727 2 134.881 83.6961
1118 184.978 256.727 2 127.206 83.3211
1119 194.978 256.727 2 119.874 82.9593
1120 204.978 256.727 2 112.953 82.618
1121 214.978 256.727 2 106.522 82.3053
1122 224.978 256.727 2 100.674 82.0299
1123 234.978 256.727 2 95.5187 81.7995
1124 244.978 256.727 2 91.1718 81.6192
1125 254.978 256.727 2 87.7541 81.4902
1126 264.978 256.727 2 85.3772 81.4091
1127 274.978 256.727 2 84.1294 81.3699
1128 284.978 256.727 2 84.0609 81.3679
1129 294.978 256.727 2 85.1746 81.4026
1130 304.978 256.727 2 87.4254 81.4786
1131 314.978 256.727 2 90.7286 81.6018
1132 324.978 256.727 2 94.9745 81.7761
1133 334.978 256.727 2 100.043 82.001
1134 344.978 256.727 2 105.816 82.2715
1135 354.978 256.727 2 112.186 82.5803
1136 364.978 256.727 2 119.055 82.9188
1137 374.978 256.727 2 126.343 83.2786
1138 384.978 256.727 2 133.982 83.6524
1139 394.978 256.727 2 141.914 84.0342
1140 404.978 256.727 2 150.093 84.4192
1141 414.978 256.727 2 158.482 84.8036
1142 424.978 256.727 2 167.048 85.1847
1143 434.978 256.727 2 175.765 85.5605
1144 444.978 256.727 2 184.613 85.9296
1145 454.978 256.727 2 193.573 86.291
1146 464.978 256.727 2 202.63 86.6442
1147 474.978 256.727 2 211.772 86.9887
1148 484.978 256.727 2 220.988 87.3246
1149 84.9784 266.727 2 216.549 87.1642
1150 94.9784 266.727 2 207.562 86.8315
1151 104.978 266.727 2 198.672 86.4913
1152 114.978 266.727 2 189.892 86.144
1153 124.978 266.727 2 181.239 85.7903
1154 134.978 266.727 2 172.731 250
1155 144.978 266.727 2 164.391 250
1156 154.978 266.727 2 156.247 250
1157 164.978 266.727 2 148.329 250
1158 174.978 266.727 2 140.677 83.9752
1159 184.978 266.727 2 133.336 83.621
1160 194.978 266.727 2 126.36 83.2794
1161 204.978 266.727 2 119.814 82.9563
1162 214.978 266.727 2 113.771 82.6582
1163 224.978 266.727 2 108.316 82.3918
1164 234.978 266.727 2 103.541 82.1635
1165 244.978 266.727 2 99.5456 250
1166 254.978 266.727 2 96.4251 250
1167 264.978 266.727 2 94.2671 250
1168 274.978 266.727 2 93.1384 81.6989
1169 284.978 266.727 2 93.0766 81.6963
1170 294.978 266.727 2 94.0837 250
1171 304.978 266.727 2 96.126 250
1172 314.978 266.727 2 99.1398 250
1173 324.978 266.727 2 103.04 250
1174 334.978 266.727 2 107.73 250
1175 344.978 266.727 2 113.111 250
1176 354.978 266.727 2 119.091 250
1177 364.978 266.727 2 125.583 250
1178 374.978 266.727 2 132.513 250
1179 384.978 266.727 2 139.814 250
1180 394.978 266.727 2 147.433 250
1181 404.978 266.727 2 155.322 250
1182 414.978 266.727 2 163.443 250
1183 424.978 266.727 2 171.761 250
1184 434.978 266.727 2 180.251 250
1185 444.978 266.727 2 188.889 250
1186 454.978 266.727 2 197.655 250
1187 464.978 266.727 2 206.533 250
1188 474.978 266.727 2 215.51 87.1263
1189 484.978 266.727 2 224.573 87.4521
1190 84.9784 276.727 2 220.66 87.3128
1191 94.9784 276.727 2 211.847 86.9915
1192 104.978 276.727 2 203.144 86.6639
1193 114.978 276.727 2 194.566 86.3303
1194 124.978 276.727 2 186.13 85.9917
1195 134.978 276.727 2 177.857 250
1196 144.978 276.727 2 169.769 250
1197 154.978 276.727 2 161.895 250
1198 164.978 276.727 2 154.268 250
1199 174.978 276.727 2 146.925 84.2712
1200 184.978 276.727 2 139.912 83.9386
1201 194.978 276.727 2 133.281 83.6184
1202 204.978 276.727 2 127.092 83.3154
1203 214.978 276.727 2 121.412 83.0353
1204 224.978 276.727 2 116.316 82.7835
1205 234.978 276.727 2 111.883 82.5655
1206 244.978 276.727 2 108.196 250
1207 254.978 276.727 2 105.332 250
1208 264.978 276.727 2 103.36 250
1209 274.978 276.727 2 102.332 82.1068
1210 284.978 276.727 2 102.275 82.1041
1211 294.978 276.727 2 103.193 250
1212 304.978 276.727 2 105.058 250
1213 314.978 276.727 2 107.823 250
1214 324.978 276.727 2 111.419 250
1215 334.978 276.727 2 115.77 250
1216 344.978 276.727 2 120.794 250
1217 354.978 276.727 2 126.411 250
1218 364.978 276.727 2 132.545 250
1219 374.978 276.727 2 139.128 250
1220 384.978 276.727 2 146.1 250
1221 394.978 276.727 2 153.407 250
1222 404.978 276.727 2 161.003 250
1223 414.978 276.727 2 168.851 250
1224 424.978 276.727 2 176.915 250
1225 434.978 276.727 2 185.169 250
1226 444.978 276.727 2 193.587 250
1227 454.978 276.727 2 202.15 250
1228 464.978 276.727 2 210.839 250
1229 474.978 276.727 2 219.639 87.2761
1230 484.978 276.727 2 228.539 87.5914
1231 84.9784 286.727 2 225.139 87.4722
1232 94.9784 286.727 2 216.509 87.1628
1233 104.978 286.727 2 208.001 86.848
1234 114.978 286.727 2 199.632 86.5286
1235 124.978 286.727 2 191.42 86.2053
1236 134.978 286.727 2 183.385 250
1237 144.978 286.727 2 175.552 250
1238 154.978 286.727 2 167.949 250
1239 164.978 286.727 2 160.61 250
1240 174.978 286.727 2 153.571 84.5799
1241 184.978 286.727 2 146.876 84.2689
1242 194.978 286.727 2 140.574 83.9703
1243 204.978 286.727 2 134.72 83.6883
1244 214.978 286.727 2 129.375 83.4276
1245 224.978 286.727 2 124.605 83.1929
1246 234.978 286.727 2 120.478 82.9891
1247 244.978 286.727 2 117.061 82.8203
1248 254.978 286.727 2 114.42 250
1249 264.978 286.727 2 112.607 250
1250 274.978 286.727 2 111.664 82.5548
1251 284.978 286.727 2 111.612 82.5523
1252 294.978 286.727 2 112.453 250
1253 304.978 286.727 2 114.168 250
1254 314.978 286.727 2 116.716 250
1255 324.978 286.727 2 120.047 250
1256 334.978 286.727 2 124.096 250
1257 344.978 286.727 2 128.795 250
1258 354.978 286.727 2 134.077 250
1259 364.978 286.727 2 139.875 250
1260 374.978 286.727 2 146.129 250
1261 384.978 286.727 2 152.781 250
1262 394.978 286.727 2 159.783 250
1263 404.978 286.727 2 167.09 250
1264 414.978 286.727 2 174.664 250
1265 424.978 286.727 2 182.472 250
1266 434.978 286.727 2 190.485 250
1267 444.978 286.727 2 198.678 250
1268 454.978 286.727 2 207.03 250
1269 464.978 286.727 2 215.523 250
1270 474.978 286.727 2 224.139 87.4368
1271 484.978 286.727 2 232.867 87.7412
1272 84.9784 296.727 2 229.967 87.6411
1273 94.9784 296.727 2 221.525 87.3437
1274 104.978 296.727 2 213.217 87.0422
1275 114.978 296.727 2 205.061 86.737
1276 124.978 296.727 2 197.075 86.429
1277 134.978 296.727 2 189.28 250
1278 144.978 296.727 2 181.702 250
1279 154.978 296.727 2 174.368 250
1280 164.978 296.727 2 167.31 250
1281 174.978 296.727 2 160.565 84.8973
1282 184.978 296.727 2 154.174 84.6075
1283 194.978 296.727 2 148.182 84.3301
1284 204.978 296.727 2 142.641 84.0688
1285 214.978 296.727 2 137.604 83.8277
1286 224.978 296.727 2 133.129 83.611
1287 234.978 296.727 2 129.275 83.4226
1288 244.978 296.727 2 126.097 250
1289 254.978 296.727 2 123.648 250
1290 264.978 296.727 2 121.973 250
1291 274.978 296.727 2 121.103 83.02
1292 284.978 296.727 2 121.055 83.0176
1293 294.978 296.727 2 121.831 250
1294 304.978 296.727 2 123.415 250
1295 314.978 296.727 2 125.777 250
1296 324.978 296.727 2 128.873 83.4029
1297 334.978 296.727 2 132.653 83.5878
1298 344.978 296.727 2 137.059 83.8015
1299 354.978 296.727 2 142.034 84.04
1300 364.978 296.727 2 147.52 84.2991
1301 374.978 296.727 2 153.462 84.5749
1302 384.978 296.727 2 159.81 84.8634
1303 394.978 296.727 2 166.516 85.1614
1304 404.978 296.727 2 173.54 85.4657
1305 414.978 296.727 2 180.844 85.7739
1306 424.978 296.727 2 188.396 86.0837
1307 434.978 296.727 2 196.167 250
1308 444.978 296.727 2 204.132 250
1309 454.978 296.727 2 212.27 250
1310 464.978 296.727 2 220.561 250
1311 474.978 296.727 2 228.988 87.6071
1312 484.978 296.727 2 237.537 87.9002
1313 84.9784 306.727 2 235.121 87.8182
1314 94.9784 306.727 2 226.87 87.5331
1315 104.978 306.727 2 218.766 87.2446
1316 114.978 306.727 2 210.825 86.9536
1317 124.978 306.727 2 203.066 86.6609
1318 134.978 306.727 2 195.51 250
1319 144.978 306.727 2 188.182 250
1320 154.978 306.727 2 181.111 250
1321 164.978 306.727 2 174.326 250
1322 174.978 306.727 2 167.863 85.2204
1323 184.978 306.727 2 161.761 84.9509
1324 194.978 306.727 2 156.061 84.6938
1325 204.978 306.727 2 150.809 84.4524
1326 214.978 306.727 2 146.055 84.2303
1327 224.978 306.727 2 141.847 84.031
1328 234.978 306.727 2 138.235 83.8581
1329 244.978 306.727 2 135.268 250
1330 254.978 306.727 2 132.988 250
1331 264.978 306.727 2 131.432 250
1332 274.978 306.727 2 130.625 83.4888
1333 284.978 306.727 2 130.581 83.4866
1334 294.978 306.727 2 131.3 250
1335 304.978 306.727 2 132.772 250
1336 314.978 306.727 2 134.97 250
1337 324.978 306.727 2 137.86 83.84
1338 334.978 306.727 2 141.399 250
1339 344.978 306.727 2 145.541 250
1340 354.978 306.727 2 150.235 250
1341 364.978 306.727 2 155.432 84.6651
1342 374.978 306.727 2 161.083 250
1343 384.978 306.727 2 167.141 250
1344 394.978 306.727 2 173.564 250
1345 404.978 306.727 2 180.314 250
1346 414.978 306.727 2 187.354 250
1347 424.978 306.727 2 194.654 250
1348 434.978 306.727 2 202.184 250
1349 444.978 306.727 2 209.922 250
1350 454.978 306.727 2 217.843 250
1351 464.978 306.727 2 225.929 250
1352 474.978 306.727 2 234.163 87.7856
1353 484.978 306.727 2 242.53 88.0674
1354 84.9784 316.727 2 240.58 88.0024
1355 94.9784 316.727 2 232.524 87.7294
1356 104.978 316.727 2 224.623 87.4539
1357 114.978 316.727 2 216.897 87.1769
1358 124.978 316.727 2 209.362 86.8991
1359 134.978 316.727 2 202.042 250
1360 144.978 316.727 2 194.96 250
1361 154.978 316.727 2 188.144 250
1362 164.978 316.727 2 181.622 250
1363 174.978 316.727 2 175.428 85.5462
1364 184.978 316.727 2 169.598 85.2959
1365 194.978 316.727 2 164.171 85.058
1366 204.978 316.727 2 159.187 84.8354
1367 214.978 316.727 2 154.69 84.6312
1368 224.978 316.727 2 150.723 84.4484
1369 234.978 316.727 2 147.329 84.2902
1370 244.978 316.727 2 144.549 250
1371 254.978 316.727 2 142.418 250
1372 264.978 316.727 2 140.966 250
1373 274.978 316.727 2 140.214 83.9531
1374 284.978 316.727 2 140.173 83.9511
1375 294.978 316.727 2 140.843 250
1376 304.978 316.727 2 142.216 250
1377 314.978 316.727 2 144.27 250
1378 324.978 316.727 2 146.977 84.2737
1379 334.978 316.727 2 150.302 250
1380 344.978 316.727 2 154.205 250
1381 354.978 316.727 2 158.643 250
1382 364.978 316.727 2 163.573 85.0315
1383 374.978 316.727 2 168.952 250
1384 384.978 316.727 2 174.737 250
1385 394.978 316.727 2 180.891 250
1386 404.978 316.727 2 187.377 250
1387 414.978 316.727 2 194.161 250
1388 424.978 316.727 2 201.214 250
1389 434.978 316.727 2 208.508 250
1390 444.978 316.727 2 216.019 250
1391 454.978 316.727 2 223.724 250
1392 464.978 316.727 2 231.605 250
1393 474.978 316.727 2 239.645 87.9711
1394 484.978 316.727 2 247.827 88.2416
1395 84.9784 326.727 2 246.324 88.1925
1396 94.9784 326.727 2 238.462 87.9314
1397 104.978 326.727 2 230.765 87.6687
1398 114.978 326.727 2 223.251 87.4053
1399 124.978 326.727 2 215.939 87.142
1400 134.978 326.727 2 208.85 86.8799
1401 144.978 326.727 2 202.006 86.6202
1402 154.978 326.727 2 195.436 86.3646
1403 164.978 326.727 2 189.165 86.1147
1404 174.978 326.727 2 183.227 85.8726
1405 184.978 326.727 2 177.653 85.6403
1406 194.978 326.727 2 172.479 85.4203
1407 204.978 326.727 2 167.742 85.2151
1408 214.978 326.727 2 163.481 85.0274
1409 224.978 326.727 2 159.732 84.86
1410 234.978 326.727 2 156.534 84.7153
1411 244.978 326.727 2 153.92 84.5959
1412 254.978 326.727 2 151.921 84.5039
1413 264.978 326.727 2 150.56 84.4409
1414 274.978 326.727 2 149.856 84.4082
1415 284.978 326.727 2 149.818 84.4064
1416 294.978 326.727 2 150.445 84.4356
1417 304.978 326.727 2 151.731 84.4951
1418 314.978 326.727 2 153.658 84.5839
1419 324.978 326.727 2 156.203 84.7002
1420 334.978 326.727 2 159.335 84.8421
1421 344.978 326.727 2 163.022 85.0071
1422 354.978 326.727 2 167.227 85.1925
1423 364.978 326.727 2 171.911 85.3958
1424 374.978 326.727 2 177.036 85.6143
1425 384.978 326.727 2 182.566 85.8453
1426 394.978 326.727 2 188.464 86.0864
1427 404.978 326.727 2 194.698 86.3355
1428 414.978 326.727 2 201.235 86.5906
1429 424.978 326.727 2 208.048 86.8498
1430 434.978 326.727 2 215.111 87.1117
1431 444.978 326.727 2 222.398 87.3749
1432 454.978 326.727 2 229.89 87.6384
1433 464.978 326.727 2 237.567 87.9012
1434 474.978 326.727 2 245.411 88.1626
1435 484.978 326.727 2 253.407 88.4218
1436 84.9784 336.727 2 252.335 88.3874
1437 94.9784 336.727 2 244.666 88.138
1438 104.978 336.727 2 237.17 87.8878
1439 114.978 336.727 2 229.866 87.6376
1440 124.978 336.727 2 222.77 87.3882
1441 134.978 336.727 2 215.905 87.1407
1442 144.978 336.727 2 209.293 86.8965
1443 154.978 336.727 2 202.958 86.6568
1444 164.978 336.727 2 196.928 86.4232
1445 174.978 336.727 2 191.23 86.1977
1446 184.978 336.727 2 185.897 85.9821
1447 194.978 336.727 2 180.959 85.7786
1448 204.978 336.727 2 176.45 85.5895
1449 214.978 336.727 2 172.404 85.417
1450 224.978 336.727 2 168.853 85.2635
1451 234.978 336.727 2 165.831 85.1313
1452 244.978 336.727 2 163.366 85.0223
1453 254.978 336.727 2 161.484 84.9385
1454 264.978 336.727 2 160.204 84.8812
1455 274.978 336.727 2 159.543 84.8514
1456 284.978 336.727 2 159.507 84.8498
1457 294.978 336.727 2 160.096 84.8763
1458 304.978 336.727 2 161.305 84.9305
1459 314.978 336.727 2 163.119 85.0114
1460 324.978 336.727 2 165.518 85.1175
1461 334.978 336.727 2 168.478 85.2472
1462 344.978 336.727 2 171.969 85.3983
1463 354.978 336.727 2 175.96 85.5687
1464 364.978 336.727 2 180.417 85.7561
1465 374.978 336.727 2 185.307 85.958
1466 384.978 336.727 2 190.597 86.1723
1467 394.978 336.727 2 196.254 86.3968
1468 404.978 336.727 2 202.248 86.6295
1469 414.978 336.727 2 208.549 86.8686
1470 424.978 336.727 2 215.131 87.1124
1471 434.978 336.727 2 221.968 87.3596
1472 444.978 336.727 2 229.037 87.6088
1473 454.978 336.727 2 236.319 87.859
1474 464.978 336.727 2 243.793 88.1092
1475 474.978 336.727 2 251.443 88.3588
1476 484.978 336.727 2 259.253 88.607
1477 84.9784 346.727 2 258.592 88.5862
1478 94.9784 346.727 2 251.114 88.3482
1479 104.978 346.727 2 243.817 88.11
1480 114.978 346.727 2 236.718 250
1481 124.978 346.727 2 229.834 250
1482 134.978 346.727 2 223.186 250
1483 144.978 346.727 2 216.796 250
1484 154.978 346.727 2 210.687 250
1485 164.978 346.727 2 204.884 250
1486 174.978 346.727 2 199.414 250
1487 184.978 346.727 2 194.305 86.32
1488 194.978 346.727 2 189.587 86.1317
1489 204.978 346.727 2 185.288 85.9572
1490 214.978 346.727 2 181.439 85.7986
1491 224.978 346.727 2 178.069 85.6578
1492 234.978 346.727 2 175.206 85.5367
1493 244.978 346.727 2 172.874 250
1494 254.978 346.727 2 171.096 250
1495 264.978 346.727 2 169.889 250
1496 274.978 346.727 2 169.266 85.2815
1497 284.978 346.727 2 169.232 85.28
1498 294.978 346.727 2 169.788 85.3041
1499 304.978 346.727 2 170.928 85.3535
1500 314.978 346.727 2 172.641 85.4272
1501 324.978 346.727 2 174.909 85.5241
1502 334.978 346.727 2 177.713 85.6428
1503 344.978 346.727 2 181.026 85.7814
1504 354.978 346.727 2 184.821 85.9381
1505 364.978 346.727 2 189.069 86.1109
1506 374.978 346.727 2 193.741 86.2977
1507 384.978 346.727 2 198.807 250
1508 394.978 346.727 2 204.237 250
1509 404.978 346.727 2 210.003 250
1510 414.978 346.727 2 216.078 250
1511 424.978 346.727 2 222.437 250
1512 434.978 346.727 2 229.056 250
1513 444.978 346.727 2 235.913 87.8452
1514 454.978 346.727 2 242.989 250
1515 464.978 346.727 2 250.264 250
1516 474.978 346.727 2 257.722 88.5588
1517 484.978 346.727 2 265.347 88.7962
1518 84.9784 356.727 2 265.079 88.7879
1519 94.9784 356.727 2 257.789 88.5609
1520 104.978 356.727 2 250.687 250
1521 114.978 356.727 2 243.787 250
1522 124.978 356.727 2 237.109 250
1523 134.978 356.727 2 230.671 250
1524 144.978 356.727 2 224.494 250
1525 154.978 356.727 2 218.6 250
1526 164.978 356.727 2 213.013 250
1527 174.978 356.727 2 207.757 250
1528 184.978 356.727 2 202.859 86.6529
1529 194.978 356.727 2 198.343 86.4785
1530 204.978 356.727 2 194.238 86.3174
1531 214.978 356.727 2 190.57 86.1712
1532 224.978 356.727 2 187.365 86.0419
1533 234.978 356.727 2 184.646 85.9309
1534 244.978 356.727 2 182.435 250
1535 254.978 356.727 2 180.751 250
1536 264.978 356.727 2 179.609 250
1537 274.978 356.727 2 179.019 85.6977
1538 284.978 356.727 2 178.987 85.6963
1539 294.978 356.727 2 179.513 85.7183
1540 304.978 356.727 2 180.592 85.7634
1541 314.978 356.727 2 182.214 85.8307
1542 324.978 356.727 2 184.365 85.9194
1543 334.978 356.727 2 187.026 86.0281
1544 344.978 356.727 2 190.177 86.1555
1545 354.978 356.727 2 193.793 86.2997
1546 364.978 356.727 2 197.849 86.4592
1547 374.978 356.727 2 202.318 86.6322
1548 384.978 356.727 2 207.174 86.8169
1549 394.978 356.727 2 212.39 250
1550 404.978 356.727 2 217.941 250
1551 414.978 356.727 2 223.801 250
1552 424.978 356.727 2 229.946 250
1553 434.978 356.727 2 236.355 250
1554 444.978 356.727 2 243.006 88.0832
1555 454.978 356.727 2 249.881 250
1556 464.978 356.727 2 256.961 250
1557 474.978 356.727 2 264.23 88.7618
1558 484.978 356.727 2 271.673 88.9887
1559 84.9784 366.727 2 271.779 88.9919
1560 94.9784 366.727 2 264.674 88.7755
1561 104.978 366.727 2 257.761 250
1562 114.978 366.727 2 251.056 250
1563 124.978 366.727 2 244.577 250
1564 134.978 366.727 2 238.341 250
1565 144.978 366.727 2 232.368 250
1566 154.978 366.727 2 226.679 250
1567 164.978 366.727 2 221.295 250
1568 174.978 366.727 2 216.241 250
1569 184.978 366.727 2 211.539 86.9801
1570 194.978 366.727 2 207.213 250
1571 204.978 366.727 2 203.287 250
1572 214.978 366.727 2 199.785 250
1573 224.978 366.727 2 196.73 250
1574 234.978 366.727 2 194.142 250
1575 244.978 366.727 2 192.04 250
1576 254.978 366.727 2 190.442 250
1577 264.978 366.727 2 189.358 250
1578 274.978 366.727 2 188.799 86.0999
1579 284.978 366.727 2 188.768 86.0987
1580 294.978 366.727 2 189.267 86.1188
1581 304.978 366.727 2 190.29 86.16
1582 314.978 366.727 2 191.83 86.2217
1583 324.978 366.727 2 193.875 86.303
1584 334.978 366.727 2 196.407 86.4028
1585 344.978 366.727 2 199.41 86.52
1586 354.978 366.727 2 202.862 86.653
1587 364.978 366.727 2 206.74 86.8005
1588 374.978 366.727 2 211.021 86.9609
1589 384.978 366.727 2 215.681 87.1326
1590 394.978 366.727 2 220.696 250
1591 404.978 366.727 2 226.043 250
1592 414.978 366.727 2 231.697 250
1593 424.978 366.727 2 237.639 250
1594 434.978 366.727 2 243.846 250
1595 444.978 366.727 2 250.298 88.3218
1596 454.978 366.727 2 256.978 250
1597 464.978 366.727 2 263.868 250
1598 474.978 366.727 2 270.951 88.9669
1599 484.978 366.727 2 278.214 89.1836
1600 84.9784 376.727 2 278.677 89.1973
1601 94.9784 376.727 2 271.752 88.9911
1602 104.978 376.727 2 265.024 250
1603 114.978 376.727 2 258.508 250
1604 124.978 376.727 2 252.22 250
1605 134.978 376.727 2 246.177 250
1606 144.978 376.727 2 240.399 250
1607 154.978 376.727 2 234.905 250
1608 164.978 376.727 2 229.714 250
1609 174.978 376.727 2 224.849 250
1610 184.978 376.727 2 220.331 87.301
1611 194.978 376.727 2 216.181 250
1612 204.978 376.727 2 212.421 250
1613 214.978 376.727 2 209.072 250
1614 224.978 376.727 2 206.154 250
1615 234.978 376.727 2 203.686 250
1616 244.978 376.727 2 201.684 250
1617 254.978 376.727 2 200.162 250
1618 264.978 376.727 2 199.132 250
1619 274.978 376.727 2 198.6 86.4885
1620 284.978 376.727 2 198.571 86.4874
1621 294.978 376.727 2 199.045 86.5058
1622 304.978 376.727 2 200.019 86.5436
1623 314.978 376.727 2 201.484 86.6002
1624 324.978 376.727 2 203.432 86.6749
1625 334.978 376.727 2 205.847 86.7667
1626 344.978 376.727 2 208.714 86.8748
1627 354.978 376.727 2 212.014 86.9977
1628 364.978 376.727 2 215.727 87.1342
1629 374.978 376.727 2 219.834 87.2831
1630 384.978 376.727 2 224.311 250
1631 394.978 376.727 2 229.137 250
1632 404.978 376.727 2 234.291 250
1633 414.978 376.727 2 239.751 250
1634 424.978 376.727 2 245.498 250
1635 434.978 376.727 2 251.511 250
1636 444.978 376.727 2 257.772 250
1637 454.978 376.727 2 264.262 250
1638 464.978 376.727 2 270.967 250
1639 474.978 376.727 2 277.87 89.1735
1640 484.978 376.727 2 284.956 89.3804
1641 84.9784 386.727 2 285.758 89.4035
1642 94.9784 386.727 2 279.01 89.2071
1643 104.978 386.727 2 272.461 89.0124
1644 114.978 386.727 2 266.126 250
1645 124.978 386.727 2 260.023 250
1646 134.978 386.727 2 254.166 250
1647 144.978 386.727 2 248.573 250
1648 154.978 386.727 2 243.264 250
1649 164.978 386.727 2 238.256 250
1650 174.978 386.727 2 233.568 250
1651 184.978 386.727 2 229.222 87.6152
1652 194.978 386.727 2 225.236 250
1653 204.978 386.727 2 221.629 250
1654 214.978 386.727 2 218.422 250
1655 224.978 386.727 2 215.631 250
1656 234.978 386.727 2 213.272 250
1657 244.978 386.727 2 211.361 250
1658 254.978 386.727 2 209.91 250
1659 264.978 386.727 2 208.927 250
1660 274.978 386.727 2 208.42 86.8638
1661 284.978 386.727 2 208.393 86.8627
1662 294.978 386.727 2 208.844 86.8797
1663 304.978 386.727 2 209.772 86.9144
1664 314.978 386.727 2 211.17 86.9664
1665 324.978 386.727 2 213.029 87.0352
1666 334.978 386.727 2 215.337 87.12
1667 344.978 386.727 2 218.079 87.2198
1668 354.978 386.727 2 221.239 87.3335
1669 364.978 386.727 2 224.801 87.4602
1670 374.978 386.727 2 228.744 87.5986
1671 384.978 386.727 2 233.05 250
1672 394.978 386.727 2 237.699 250
1673 404.978 386.727 2 242.671 250
1674 414.978 386.727 2 247.947 250
1675 424.978 386.727 2 253.508 250
1676 434.978 386.727 2 259.335 250
1677 444.978 386.727 2 265.411 250
1678 454.978 386.727 2 271.72 250
1679 464.978 386.727 2 278.245 250
1680 474.978 386.727 2 284.971 89.3808
1681 484.978 386.727 2 291.885 89.5784
1682 84.9784 396.727 2 293.01 89.6101
1683 94.9784 396.727 2 286.432 89.4229
1684 104.978 396.727 2 280.057 89.2378
1685 114.978 396.727 2 273.898 89.0555
1686 124.978 396.727 2 267.972 88.8765
1687 134.978 396.727 2 262.292 88.7018
1688 144.978 396.727 2 256.877 88.5321
1689 154.978 396.727 2 251.742 88.3684
1690 164.978 396.727 2 246.906 88.2116
1691 174.978 396.727 2 242.386 88.0626
1692 184.978 396.727 2 238.201 87.9226
1693 194.978 396.727 2 234.368 87.7926
1694 204.978 396.727 2 230.904 87.6735
1695 214.978 396.727 2 227.827 87.5666
1696 224.978 396.727 2 225.152 87.4726
1697 234.978 396.727 2 222.895 87.3926
1698 244.978 396.727 2 221.067 250
1699 254.978 396.727 2 219.679 250
1700 264.978 396.727 2 218.741 250
1701 274.978 396.727 2 218.257 87.2262
1702 284.978 396.727 2 218.23 87.2252
1703 294.978 396.727 2 218.662 87.2408
1704 304.978 396.727 2 219.548 87.2728
1705 314.978 396.727 2 220.884 87.3208
1706 324.978 396.727 2 222.662 87.3843
1707 334.978 396.727 2 224.871 87.4627
1708 344.978 396.727 2 227.498 87.5551
1709 354.978 396.727 2 230.53 87.6606
1710 364.978 396.727 2 233.949 87.7783
1711 374.978 396.727 2 237.741 87.9071
1712 384.978 396.727 2 241.887 250
1713 394.978 396.727 2 246.369 250
1714 404.978 396.727 2 251.17 250
1715 414.978 396.727 2 256.271 250
1716 424.978 396.727 2 261.655 250
1717 434.978 396.727 2 267.305 250
1718 444.978 396.727 2 273.204 250
1719 454.978 396.727 2 279.336 250
1720 464.978 396.727 2 285.687 250
1721 474.978 396.727 2 292.242 89.5884
1722 484.978 396.727 2 298.989 89.777
1723 84.9784 406.727 2 300.419 89.8165
1724 94.9784 406.727 2 294.007 89.6381
1725 104.978 406.727 2 287.8 89.4622
1726 114.978 406.727 2 281.811 89.2891
1727 124.978 406.727 2 276.054 89.1197
1728 134.978 406.727 2 270.544 88.9546
1729 144.978 406.727 2 265.297 88.7947
1730 154.978 406.727 2 260.329 88.6407
1731 164.978 406.727 2 255.655 88.4935
1732 174.978 406.727 2 251.293 88.354
1733 184.978 406.727 2 247.258 88.2231
1734 194.978 406.727 2 243.568 88.1018
1735 204.978 406.727 2 240.237 87.991
1736 214.978 406.727 2 237.281 87.8916
1737 224.978 406.727 2 234.714 87.8044
1738 234.978 406.727 2 232.549 87.7303
1739 244.978 406.727 2 230.798 87.6699
1740 254.978 406.727 2 229.469 87.6238
1741 264.978 406.727 2 228.571 87.5925
1742 274.978 406.727 2 228.107 87.5764
1743 284.978 406.727 2 228.082 87.5755
1744 294.978 406.727 2 228.495 87.5899
1745 304.978 406.727 2 229.344 87.6194
1746 314.978 406.727 2 230.623 87.6638
1747 324.978 406.727 2 232.326 87.7226
1748 334.978 406.727 2 234.444 87.7952
1749 344.978 406.727 2 236.965 87.8809
1750 354.978 406.727 2 239.877 87.9789
1751 364.978 406.727 2 243.165 88.0885
1752 374.978 406.727 2 246.815 88.2086
1753 384.978 406.727 2 250.811 88.3384
1754 394.978 406.727 2 255.137 88.477
1755 404.978 406.727 2 259.775 88.6233
1756 414.978 406.727 2 264.711 88.7766
1757 424.978 406.727 2 269.926 88.9359
1758 434.978 406.727 2 275.407 89.1005
1759 444.978 406.727 2 281.136 89.2694
1760 454.978 406.727 2 287.099 89.4421
1761 464.978 406.727 2 293.282 89.6177
1762 474.978 406.727 2 299.671 89.7958
1763 484.978 406.727 2 306.253 89.9758
1764 84.9784 416.727 2 307.975 90.0223
1765 94.9784 416.727 2 301.724 89.8524
1766 104.978 416.727 2 295.679 89.685
1767 114.978 416.727 2 289.852 250
1768 124.978 416.727 2 284.258 250
1769 134.978 416.727 2 278.911 250
1770 144.978 416.727 2 273.824 250
1771 154.978 416.727 2 269.013 88.9082
1772 164.978 416.727 2 264.493 88.7699
1773 174.978 416.727 2 260.279 88.6391
1774 184.978 416.727 2 256.386 88.5166
1775 194.978 416.727 2 252.828 88.4033
1776 204.978 416.727 2 249.621 88.2999
1777 214.978 416.727 2 246.778 88.2074
1778 224.978 416.727 2 244.311 88.1263
1779 234.978 416.727 2 242.232 88.0575
1780 244.978 416.727 2 240.551 88.0015
1781 254.978 416.727 2 239.276 87.9588
1782 264.978 416.727 2 238.415 87.9298
1783 274.978 416.727 2 237.971 87.9148
1784 284.978 416.727 2 237.946 87.914
1785 294.978 416.727 2 238.342 87.9274
1786 304.978 416.727 2 239.156 87.9547
1787 314.978 416.727 2 240.383 87.9959
1788 324.978 416.727 2 242.017 88.0504
1789 334.978 416.727 2 244.051 88.1178
1790 344.978 416.727 2 246.474 88.1974
1791 354.978 416.727 2 249.275 88.2887
1792 364.978 416.727 2 252.441 88.3909
1793 374.978 416.727 2 255.959 88.5031
1794 384.978 416.727 2 259.814 88.6245
1795 394.978 416.727 2 263.992 88.7545
1796 404.978 416.727 2 268.478 88.892
1797 414.978 416.727 2 273.256 89.0362
1798 424.978 416.727 2 278.311 89.1865
1799 434.978 416.727 2 283.63 89.342
1800 444.978 416.727 2 289.196 89.502
1801 454.978 416.727 2 294.996 89.6659
1802 464.978 416.727 2 301.017 89.8329
1803 474.978 416.727 2 307.245 90.0026
1804 484.978 416.727 2 313.669 90.1744
1805 84.9784 426.727 2 315.667 90.2272
1806 94.9784 426.727 2 309.571 90.0652
1807 104.978 426.727 2 303.682 89.9059
1808 114.978 426.727 2 298.012 250
1809 124.978 426.727 2 292.574 250
1810 134.978 426.727 2 287.382 250
1811 144.978 426.727 2 282.448 250
1812 154.978 426.727 2 277.786 89.171
1813 164.978 426.727 2 273.411 250
1814 174.978 426.727 2 269.337 250
1815 184.978 426.727 2 265.576 250
1816 194.978 426.727 2 262.143 250
1817 204.978 426.727 2 259.052 250
1818 214.978 426.727 2 256.313 250
1819 224.978 426.727 2 253.938 88.4388
1820 234.978 426.727 2 251.939 250
1821 244.978 426.727 2 250.323 250
1822 254.978 426.727 2 249.099 250
1823 264.978 426.727 2 248.271 250
1824 274.978 426.727 2 247.845 88.2422
1825 284.978 426.727 2 247.822 88.2415
1826 294.978 426.727 2 248.202 88.2538
1827 304.978 426.727 2 248.983 250
1828 314.978 426.727 2 250.162 250
1829 324.978 426.727 2 251.733 250
1830 334.978 426.727 2 253.689 250
1831 344.978 426.727 2 256.02 250
1832 354.978 426.727 2 258.718 250
1833 364.978 426.727 2 261.77 250
1834 374.978 426.727 2 265.164 250
1835 384.978 426.727 2 268.887 250
1836 394.978 426.727 2 272.926 250
1837 404.978 426.727 2 277.268 250
1838 414.978 426.727 2 281.897 250
1839 424.978 426.727 2 286.8 250
1840 434.978 426.727 2 291.964 250
1841 444.978 426.727 2 297.374 250
1842 454.978 426.727 2 303.018 250
1843 464.978 426.727 2 308.882 90.0467
1844 474.978 426.727 2 314.955 90.2084
1845 484.978 426.727 2 321.225 250
1846 84.9784 436.727 2 323.486 90.4308
1847 94.9784 436.727 2 317.54 90.2764
1848 104.978 436.727 2 311.801 90.1248
1849 114.978 436.727 2 306.282 250
1850 124.978 436.727 2 300.993 250
1851 134.978 436.727 2 295.948 250
1852 144.978 436.727 2 291.159 250
1853 154.978 436.727 2 286.64 89.4289
1854 164.978 436.727 2 282.402 250
1855 174.978 436.727 2 278.459 250
1856 184.978 436.727 2 274.823 250
1857 194.978 436.727 2 271.507 250
1858 204.978 436.727 2 268.523 250
1859 214.978 436.727 2 265.882 250
1860 224.978 436.727 2 263.594 88.7421
1861 234.978 436.727 2 261.668 250
1862 244.978 436.727 2 260.113 250
1863 254.978 436.727 2 258.935 250
1864 264.978 436.727 2 258.139 250
1865 274.978 436.727 2 257.729 88.559
1866 284.978 436.727 2 257.706 88.5583
1867 294.978 436.727 2 258.072 88.5698
1868 304.978 436.727 2 258.823 250
1869 314.978 436.727 2 259.958 250
1870 324.978 436.727 2 261.47 250
1871 334.978 436.727 2 263.353 250
1872 344.978 436.727 2 265.6 250
1873 354.978 436.727 2 268.201 250
1874 364.978 436.727 2 271.147 250
1875 374.978 436.727 2 274.425 250
1876 384.978 436.727 2 278.024 250
1877 394.978 436.727 2 281.932 250
1878 404.978 436.727 2 286.137 250
1879 414.978 436.727 2 290.625 250
1880 424.978 436.727 2 295.383 250
1881 434.978 436.727 2 300.399 250
1882 444.978 436.727 2 305.66 250
1883 454.978 436.727 2 311.154 250
1884 464.978 436.727 2 316.868 90.2588
1885 474.978 436.727 2 322.791 90.4129
1886 484.978 436.727 2 328.911 250
1887 84.9784 446.727 2 331.421 90.633
1888 94.9784 446.727 2 325.62 90.4857
1889 104.978 446.727 2 320.026 90.3413
1890 114.978 446.727 2 314.651 250
1891 124.978 446.727 2 309.506 250
1892 134.978 446.727 2 304.602 250
1893 144.978 446.727 2 299.951 250
1894 154.978 446.727 2 295.566 89.6818
1895 164.978 446.727 2 291.458 250
1896 174.978 446.727 2 287.639 250
1897 184.978 446.727 2 284.121 250
1898 194.978 446.727 2 280.915 250
1899 204.978 446.727 2 278.032 250
1900 214.978 446.727 2 275.482 250
1901 224.978 446.727 2 273.274 89.0368
1902 234.978 446.727 2 271.417 250
1903 244.978 446.727 2 269.918 250
1904 254.978 446.727 2 268.783 250
1905 264.978 446.727 2 268.016 250
1906 274.978 446.727 2 267.621 88.8658
1907 284.978 446.727 2 267.6 88.8652
1908 294.978 446.727 2 267.952 88.8759
1909 304.978 446.727 2 268.676 250
1910 314.978 446.727 2 269.768 250
1911 324.978 446.727 2 271.226 250
1912 334.978 446.727 2 273.042 250
1913 344.978 446.727 2 275.21 250
1914 354.978 446.727 2 277.721 250
1915 364.978 446.727 2 280.566 250
1916 374.978 446.727 2 283.736 250
1917 384.978 446.727 2 287.218 250
1918 394.978 446.727 2 291.003 250
1919 404.978 446.727 2 295.079 250
1920 414.978 446.727 2 299.433 250
1921 424.978 446.727 2 304.053 250
1922 434.978 446.727 2 308.929 250
1923 444.978 446.727 2 314.047 250
1924 454.978 446.727 2 319.396 250
1925 464.978 446.727 2 324.965 90.4689
1926 474.978 446.727 2 330.743 90.6159
1927 484.978 446.727 2 336.718 250
1928 84.9784 456.727 2 339.466 90.8334
1929 94.9784 456.727 2 333.804 90.6928
1930 104.978 456.727 2 328.35 90.5553
1931 114.978 456.727 2 323.114 250
1932 124.978 456.727 2 318.105 250
1933 134.978 456.727 2 313.336 250
1934 144.978 456.727 2 308.817 250
1935 154.978 456.727 2 304.559 89.9298
1936 164.978 456.727 2 300.574 250
1937 174.978 456.727 2 296.873 250
1938 184.978 456.727 2 293.465 250
1939 194.978 456.727 2 290.362 250
1940 204.978 456.727 2 287.574 250
1941 214.978 456.727 2 285.109 250
1942 224.978 456.727 2 282.977 89.323
1943 234.978 456.727 2 281.184 250
1944 244.978 456.727 2 279.737 250
1945 254.978 456.727 2 278.642 250
1946 264.978 456.727 2 277.902 250
1947 274.978 456.727 2 277.521 89.1632
1948 284.978 456.727 2 277.501 89.1626
1949 294.978 456.727 2 277.84 89.1726
1950 304.978 456.727 2 278.538 250
1951 314.978 456.727 2 279.593 250
1952 324.978 456.727 2 280.999 250
1953 334.978 456.727 2 282.753 250
1954 344.978 456.727 2 284.846 250
1955 354.978 456.727 2 287.273 250
1956 364.978 456.727 2 290.025 250
1957 374.978 456.727 2 293.092 250
1958 384.978 456.727 2 296.465 250
1959 394.978 456.727 2 300.133 250
1960 404.978 456.727 2 304.086 250
1961 414.978 456.727 2 308.313 250
1962 424.978 456.727 2 312.802 250
1963 434.978 456.727 2 317.543 250
1964 444.978 456.727 2 322.525 250
1965 454.978 456.727 2 327.736 250
1966 464.978 456.727 2 333.166 90.6768
1967 474.978 456.727 2 338.803 90.8171
1968 484.978 456.727 2 344.639 250
1969 84.9784 466.727 2 347.612 91.032
1970 94.9784 466.727 2 342.085 90.8978
1971 104.978 466.727 2 336.765 90.7667
1972 114.978 466.727 2 331.662 250
1973 124.978 466.727 2 326.784 250
1974 134.978 466.727 2 322.143 250
1975 144.978 466.727 2 317.75 250
1976 154.978 466.727 2 313.613 90.1729
1977 164.978 466.727 2 309.745 250
1978 174.978 466.727 2 306.154 250
1979 184.978 466.727 2 302.851 250
1980 194.978 466.727 2 299.845 250
1981 204.978 466.727 2 297.146 250
1982 214.978 466.727 2 294.761 250
1983 224.978 466.727 2 292.699 89.6013
1984 234.978 466.727 2 290.966 250
1985 244.978 466.727 2 289.568 250
1986 254.978 466.727 2 288.51 250
1987 264.978 466.727 2 287.796 250
1988 274.978 466.727 2 287.428 89.4515
1989 284.978 466.727 2 287.408 89.4509
1990 294.978 466.727 2 287.736 89.4603
1991 304.978 466.727 2 288.41 250
1992 314.978 466.727 2 289.429 250
1993 324.978 466.727 2 290.788 250
1994 334.978 466.727 2 292.483 250
1995 344.978 466.727 2 294.507 250
1996 354.978 466.727 2 296.855 250
1997 364.978 466.727 2 299.519 250
1998 374.978 466.727 2 302.49 250
1999 384.978 466.727 2 305.759 250
2000 394.978 466.727 2 309.317 250
2001 404.978 466.727 2 313.154 250
2002 414.978 466.727 2 317.26 250
2003 424.978 466.727 2 321.625 250
2004 434.978 466.727 2 326.237 250
2005 444.978 466.727 2 331.088 250
2006 454.978 466.727 2 336.166 250
2007 464.978 466.727 2 341.462 90.8825
2008 474.978 466.727 2 346.965 91.0164
2009 484.978 466.727 2 352.666 250
2010 84.9784 476.727 2 355.852 91.2285
2011 94.9784 476.727 2 350.456 91.1003
2012 104.978 476.727 2 345.265 90.9753
2013 114.978 476.727 2 340.289 90.8537
2014 124.978 476.727 2 335.537 90.7361
2015 134.978 476.727 2 331.019 90.6229
2016 144.978 476.727 2 326.744 90.5144
2017 154.978 476.727 2 322.723 90.4112
2018 164.978 476.727 2 318.965 90.3137
2019 174.978 476.727 2 315.48 90.2222
2020 184.978 476.727 2 312.275 90.1374
2021 194.978 476.727 2 309.361 90.0596
2022 204.978 476.727 2 306.745 89.9891
2023 214.978 476.727 2 304.436 89.9265
2024 224.978 476.727 2 302.44 89.872
2025 234.978 476.727 2 300.763 89.8259
2026 244.978 476.727 2 299.411 89.7887
2027 254.978 476.727 2 298.388 89.7604
2028 264.978 476.727 2 297.697 89.7412
2029 274.978 476.727 2 297.342 89.7313
2030 284.978 476.727 2 297.322 89.7308
2031 294.978 476.727 2 297.639 89.7396
2032 304.978 476.727 2 298.291 250
2033 314.978 476.727 2 299.276 250
2034 324.978 476.727 2 300.59 250
2035 334.978 476.727 2 302.23 250
2036 344.978 476.727 2 304.19 250
2037 354.978 476.727 2 306.464 250
2038 364.978 476.727 2 309.044 250
2039 374.978 476.727 2 311.925 250
2040 384.978 476.727 2 315.096 250
2041 394.978 476.727 2 318.55 250
2042 404.978 476.727 2 322.277 250
2043 414.978 476.727 2 326.268 250
2044 424.978 476.727 2 330.514 250
2045 434.978 476.727 2 335.004 250
2046 444.978 476.727 2 339.73 250
2047 454.978 476.727 2 344.681 250
2048 464.978 476.727 2 349.848 91.0858
2049 474.978 476.727 2 355.221 91.2136
2050 484.978 476.727 2 360.791 250
2051 84.9784 486.727 2 364.181 91.4229
2052 94.9784 486.727 2 358.91 91.3004
2053 104.978 486.727 2 353.843 91.181
2054 114.978 486.727 2 348.989 91.0652
2055 124.978 486.727 2 344.357 90.9532
2056 134.978 486.727 2 339.957 90.8455
2057 144.978 486.727 2 335.796 90.7426
2058 154.978 486.727 2 331.885 90.6447
2059 164.978 486.727 2 328.231 90.5523
2060 174.978 486.727 2 324.845 90.4658
2061 184.978 486.727 2 321.734 90.3856
2062 194.978 486.727 2 318.906 90.3121
2063 204.978 486.727 2 316.37 90.2457
2064 214.978 486.727 2 314.131 90.1866
2065 224.978 486.727 2 312.197 90.1353
2066 234.978 486.727 2 310.572 90.092
2067 244.978 486.727 2 309.263 90.0569
2068 254.978 486.727 2 308.273 90.0303
2069 264.978 486.727 2 307.605 90.0123
2070 274.978 486.727 2 307.261 90.003
2071 284.978 486.727 2 307.242 90.0025
2072 294.978 486.727 2 307.549 90.0108
2073 304.978 486.727 2 308.18 90.0278
2074 314.978 486.727 2 309.133 90.0534
2075 324.978 486.727 2 310.406 90.0875
2076 334.978 486.727 2 311.994 90.1299
2077 344.978 486.727 2 313.893 90.1803
2078 354.978 486.727 2 316.097 90.2385
2079 364.978 486.727 2 318.599 90.3041
2080 374.978 486.727 2 321.394 90.3768
2081 384.978 486.727 2 324.473 90.4562
2082 394.978 486.727 2 327.828 90.542
2083 404.978 486.727 2 331.451 90.6337
2084 414.978 486.727 2 335.333 90.731
2085 424.978 486.727 2 339.465 90.8334
2086 434.978 486.727 2 343.838 90.9406
2087 444.978 486.727 2 348.444 91.0521
2088 454.978 486.727 2 353.273 91.1675
2089 464.978 486.727 2 358.316 91.2865
2090 474.978 486.727 2 363.564 91.4087
2091 484.978 486.727 2 369.009 91.5337
2092 84.9784 496.727 2 372.592 91.6151
2093 94.9784 496.727 2 367.442 91.4979
2094 104.978 496.727 2 362.494 250
2095 114.978 496.727 2 357.758 250
2096 124.978 496.727 2 353.241 250
2097 134.978 496.727 2 348.952 250
2098 144.978 496.727 2 344.9 250
2099 154.978 496.727 2 341.093 250
2100 164.978 496.727 2 337.539 250
2101 174.978 496.727 2 334.247 250
2102 184.978 496.727 2 331.225 250
2103 194.978 496.727 2 328.479 250
2104 204.978 496.727 2 326.017 90.4958
2105 214.978 496.727 2 323.845 90.4401
2106 224.978 496.727 2 321.969 90.3917
2107 234.978 496.727 2 320.394 250
2108 244.978 496.727 2 319.125 250
2109 254.978 496.727 2 318.165 250
2110 264.978 496.727 2 317.518 250
2111 274.978 496.727 2 317.185 90.2671
2112 284.978 496.727 2 317.167 90.2666
2113 294.978 496.727 2 317.464 90.2744
2114 304.978 496.727 2 318.075 90.2904
2115 314.978 496.727 2 318.999 90.3145
2116 324.978 496.727 2 320.232 90.3466
2117 334.978 496.727 2 321.772 90.3866
2118 344.978 496.727 2 323.613 90.4341
2119 354.978 496.727 2 325.752 90.489
2120 364.978 496.727 2 328.181 90.551
2121 374.978 496.727 2 330.894 90.6197
2122 384.978 496.727 2 333.885 90.6949
2123 394.978 496.727 2 337.147 90.7761
2124 404.978 496.727 2 340.671 90.8631
2125 414.978 496.727 2 344.449 90.9554
2126 424.978 496.727 2 348.473 91.0528
2127 434.978 496.727 2 352.735 91.1547
2128 444.978 496.727 2 357.226 91.2609
2129 454.978 496.727 2 361.938 91.371
2130 464.978 496.727 2 366.861 91.4846
2131 474.978 496.727 2 371.989 91.6014
2132 484.978 496.727 2 377.312 91.7211
2133 84.9784 506.727 2 381.08 91.8049
2134 94.9784 506.727 2 376.046 91.6928
2135 104.978 506.727 2 371.213 250
2136 114.978 506.727 2 366.589 250
2137 124.978 506.727 2 362.182 250
2138 134.978 506.727 2 358.001 250
2139 144.978 506.727 2 354.052 250
2140 154.978 506.727 2 350.345 250
2141 164.978 506.727 2 346.886 250
2142 174.978 506.727 2 343.684 250
2143 184.978 506.727 2 340.745 250
2144 194.978 506.727 2 338.076 250
2145 204.978 506.727 2 335.684 90.7398
2146 214.978 506.727 2 333.575 90.6871
2147 224.978 506.727 2 331.754 90.6414
2148 234.978 506.727 2 330.226 250
2149 244.978 506.727 2 328.995 250
2150 254.978 506.727 2 328.064 250
2151 264.978 506.727 2 327.437 250
2152 274.978 506.727 2 327.113 90.5238
2153 284.978 506.727 2 327.096 90.5234
2154 294.978 506.727 2 327.384 250
2155 304.978 506.727 2 327.977 250
2156 314.978 506.727 2 328.873 250
2157 324.978 506.727 2 330.069 250
2158 334.978 506.727 2 331.563 250
2159 344.978 506.727 2 333.351 250
2160 354.978 506.727 2 335.427 250
2161 364.978 506.727 2 337.786 250
2162 374.978 506.727 2 340.423 250
2163 384.978 506.727 2 343.332 250
2164 394.978 506.727 2 346.504 250
2165 404.978 506.727 2 349.934 250
2166 414.978 506.727 2 353.613 250
2167 424.978 506.727 2 357.534 91.2681
2168 434.978 506.727 2 361.689 91.3652
2169 444.978 506.727 2 366.07 91.4664
2170 454.978 506.727 2 370.67 91.5715
2171 464.978 506.727 2 375.479 91.6801
2172 474.978 506.727 2 380.49 91.7918
2173 484.978 506.727 2 385.696 250
2174 84.9784 516.727 2 389.64 91.9923
2175 94.9784 516.727 2 384.717 91.885
2176 104.978 516.727 2 379.995 250
2177 114.978 516.727 2 375.479 250
2178 124.978 516.727 2 371.178 250
2179 134.978 516.727 2 367.099 250
2180 144.978 516.727 2 363.249 250
2181 154.978 516.727 2 359.637 250
2182 164.978 516.727 2 356.268 250
2183 174.978 516.727 2 353.151 250
2184 184.978 516.727 2 350.291 250
2185 194.978 516.727 2 347.696 250
2186 204.978 516.727 2 345.371 90.9778
2187 214.978 516.727 2 343.321 90.928
2188 224.978 516.727 2 341.552 90.8847
2189 234.978 516.727 2 340.068 250
2190 244.978 516.727 2 338.873 250
2191 254.978 516.727 2 337.969 250
2192 264.978 516.727 2 337.36 250
2193 274.978 516.727 2 337.046 90.7736
2194 284.978 516.727 2 337.029 90.7732
2195 294.978 516.727 2 337.309 250
2196 304.978 516.727 2 337.884 250
2197 314.978 516.727 2 338.754 250
2198 324.978 516.727 2 339.916 250
2199 334.978 516.727 2 341.367 250
2200 344.978 516.727 2 343.103 250
2201 354.978 516.727 2 345.12 250
2202 364.978 516.727 2 347.414 250
2203 374.978 516.727 2 349.979 250
2204 384.978 516.727 2 352.808 250
2205 394.978 516.727 2 355.896 250
2206 404.978 516.727 2 359.236 250
2207 414.978 516.727 2 362.821 250
2208 424.978 516.727 2 366.644 91.4796
2209 434.978 516.727 2 370.697 91.5721
2210 444.978 516.727 2 374.973 91.6687
2211 454.978 516.727 2 379.464 91.7691
2212 464.978 516.727 2 384.163 91.8729
2213 474.978 516.727 2 389.063 91.9798
2214 484.978 516.727 2 394.155 250
2215 84.9784 526.727 2 398.266 92.1774
2216 94.9784 526.727 2 393.452 92.0746
2217 104.978 526.727 2 388.836 250
2218 114.978 526.727 2 384.424 250
2219 124.978 526.727 2 380.224 250
2220 134.978 526.727 2 376.243 250
2221 144.978 526.727 2 372.488 250
2222 154.978 526.727 2 368.965 250
2223 164.978 526.727 2 365.683 250
2224 174.978 526.727 2 362.646 250
2225 184.978 526.727 2 359.862 250
2226 194.978 526.727 2 357.337 250
2227 204.978 526.727 2 355.074 91.2102
2228 214.978 526.727 2 353.081 91.1629
2229 224.978 526.727 2 351.361 91.122
2230 234.978 526.727 2 349.919 250
2231 244.978 526.727 2 348.758 250
2232 254.978 526.727 2 347.88 250
2233 264.978 526.727 2 347.288 250
2234 274.978 526.727 2 346.983 91.0168
2235 284.978 526.727 2 346.966 91.0164
2236 294.978 526.727 2 347.238 250
2237 304.978 526.727 2 347.797 250
2238 314.978 526.727 2 348.642 250
2239 324.978 526.727 2 349.771 250
2240 334.978 526.727 2 351.181 250
2241 344.978 526.727 2 352.869 250
2242 354.978 526.727 2 354.831 250
2243 364.978 526.727 2 357.062 250
2244 374.978 526.727 2 359.558 250
2245 384.978 526.727 2 362.313 250
2246 394.978 526.727 2 365.32 250
2247 404.978 526.727 2 368.575 250
2248 414.978 526.727 2 372.07 250
2249 424.978 526.727 2 375.798 91.6872
2250 434.978 526.727 2 379.754 91.7755
2251 444.978 526.727 2 383.929 91.8677
2252 454.978 526.727 2 388.317 91.9636
2253 464.978 526.727 2 392.91 92.0629
2254 474.978 526.727 2 397.702 92.1654
2255 484.978 526.727 2 402.685 250
2256 84.9784 536.727 2 406.956 250
2257 94.9784 536.727 2 402.246 92.2615
2258 104.978 536.727 2 397.731 250
2259 114.978 536.727 2 393.419 250
2260 124.978 536.727 2 389.316 250
2261 134.978 536.727 2 385.429 250
2262 144.978 536.727 2 381.764 250
2263 154.978 536.727 2 378.329 250
2264 164.978 536.727 2 375.128 250
2265 174.978 536.727 2 372.169 250
2266 184.978 536.727 2 369.456 250
2267 194.978 536.727 2 366.996 250
2268 204.978 536.727 2 364.794 91.4371
2269 214.978 536.727 2 362.854 91.3922
2270 224.978 536.727 2 361.181 91.3534
2271 234.978 536.727 2 359.778 250
2272 244.978 536.727 2 358.649 250
2273 254.978 536.727 2 357.795 250
2274 264.978 536.727 2 357.22 250
2275 274.978 536.727 2 356.923 91.2538
2276 284.978 536.727 2 356.907 91.2534
2277 294.978 536.727 2 357.171 250
2278 304.978 536.727 2 357.715 250
2279 314.978 536.727 2 358.536 250
2280 324.978 536.727 2 359.634 250
2281 334.978 536.727 2 361.006 250
2282 344.978 536.727 2 362.648 250
2283 354.978 536.727 2 364.557 250
2284 364.978 536.727 2 366.73 250
2285 374.978 536.727 2 369.16 250
2286 384.978 536.727 2 371.843 250
2287 394.978 536.727 2 374.775 250
2288 404.978 536.727 2 377.948 250
2289 414.978 536.727 2 381.357 250
2290 424.978 536.727 2 384.995 91.8911
2291 434.978 536.727 2 388.857 91.9754
2292 444.978 536.727 2 392.936 92.0635
2293 454.978 536.727 2 397.224 92.1552
2294 464.978 536.727 2 401.716 92.2503
2295 474.978 536.727 2 406.404 92.3485
2296 484.978 536.727 2 411.281 250
2297 84.9784 546.727 2 415.704 250
2298 94.9784 546.727 2 411.094 92.4457
2299 104.978 546.727 2 406.678 250
2300 114.978 546.727 2 402.462 250
2301 124.978 546.727 2 398.452 250
2302 134.978 546.727 2 394.655 250
2303 144.978 546.727 2 391.077 250
2304 154.978 546.727 2 387.723 250
2305 164.978 546.727 2 384.601 250
2306 174.978 546.727 2 381.715 250
2307 184.978 546.727 2 379.071 250
2308 194.978 546.727 2 376.674 250
2309 204.978 546.727 2 374.529 91.6587
2310 214.978 546.727 2 372.64 91.6161
2311 224.978 546.727 2 371.011 91.5793
2312 234.978 546.727 2 369.645 250
2313 244.978 546.727 2 368.546 250
2314 254.978 546.727 2 367.715 250
2315 264.978 546.727 2 367.155 250
2316 274.978 546.727 2 366.867 91.4847
2317 284.978 546.727 2 366.851 91.4844
2318 294.978 546.727 2 367.108 250
2319 304.978 546.727 2 367.637 250
2320 314.978 546.727 2 368.436 250
2321 324.978 546.727 2 369.505 250
2322 334.978 546.727 2 370.84 250
2323 344.978 546.727 2 372.439 250
2324 354.978 546.727 2 374.298 250
2325 364.978 546.727 2 376.414 250
2326 374.978 546.727 2 378.782 250
2327 384.978 546.727 2 381.398 250
2328 394.978 546.727 2 384.257 250
2329 404.978 546.727 2 387.352 250
2330 414.978 546.727 2 390.679 250
2331 424.978 546.727 2 394.232 92.0913
2332 434.978 546.727 2 398.004 92.1718
2333 444.978 546.727 2 401.989 92.2561
2334 454.978 546.727 2 406.182 92.3439
2335 464.978 546.727 2 410.576 92.435
2336 474.978 546.727 2 415.164 92.5291
2337 484.978 546.727 2 419.94 250
2338 84.9784 556.727 2 424.508 250
2339 94.9784 556.727 2 419.995 92.6272
2340 104.978 556.727 2 415.673 250
2341 114.978 556.727 2 411.549 250
2342 124.978 556.727 2 407.629 250
2343 134.978 556.727 2 403.918 250
2344 144.978 556.727 2 400.422 250
2345 154.978 556.727 2 397.148 250
2346 164.978 556.727 2 394.1 250
2347 174.978 556.727 2 391.284 250
2348 184.978 556.727 2 388.706 91.9721
2349 194.978 556.727 2 386.368 91.9212
2350 204.978 556.727 2 384.277 91.8754
2351 214.978 556.727 2 382.436 91.8349
2352 224.978 556.727 2 380.849 91.7998
2353 234.978 556.727 2 379.519 91.7703
2354 244.978 556.727 2 378.448 91.7465
2355 254.978 556.727 2 377.639 91.7284
2356 264.978 556.727 2 377.094 91.7162
2357 274.978 556.727 2 376.813 91.71
2358 284.978 556.727 2 376.798 91.7096
2359 294.978 556.727 2 377.048 91.7152
2360 304.978 556.727 2 377.563 91.7267
2361 314.978 556.727 2 378.341 91.7441
2362 324.978 556.727 2 379.382 91.7672
2363 334.978 556.727 2 380.683 91.7961
2364 344.978 556.727 2 382.24 91.8305
2365 354.978 556.727 2 384.052 91.8704
2366 364.978 556.727 2 386.115 91.9156
2367 374.978 556.727 2 388.424 91.966
2368 384.978 556.727 2 390.975 92.0212
2369 394.978 556.727 2 393.764 92.0813
2370 404.978 556.727 2 396.785 92.1459
2371 414.978 556.727 2 400.034 92.2148
2372 424.978 556.727 2 403.504 92.2879
2373 434.978 556.727 2 407.19 92.3649
2374 444.978 556.727 2 411.087 92.4455
2375 454.978 556.727 2 415.188 92.5296
2376 464.978 556.727 2 419.487 92.6169
2377 474.978 556.727 2 423.979 92.7072
2378 484.978 556.727 2 428.657 92.8003
2379 84.9784 566.727 2 433.364 92.8931
2380 94.9784 566.727 2 428.944 92.806
2381 104.978 566.727 2 424.713 92.7219
2382 114.978 566.727 2 420.678 92.6409
2383 124.978 566.727 2 416.843 92.5633
2384 134.978 566.727 2 413.215 92.4892
2385 144.978 566.727 2 409.799 92.4189
2386 154.978 566.727 2 406.6 92.3526
2387 164.978 566.727 2 403.624 92.2904
2388 174.978 566.727 2 400.875 92.2326
2389 184.978 566.727 2 398.358 92.1793
2390 194.978 566.727 2 396.078 92.1308
2391 204.978 566.727 2 394.038 92.0872
2392 214.978 566.727 2 392.243 92.0486
2393 224.978 566.727 2 390.695 92.0152
2394 234.978 566.727 2 389.399 91.9871
2395 244.978 566.727 2 388.355 91.9645
2396 254.978 566.727 2 387.567 91.9473
2397 264.978 566.727 2 387.036 91.9357
2398 274.978 566.727 2 386.763 91.9298
2399 284.978 566.727 2 386.748 91.9295
2400 294.978 566.727 2 386.991 91.9348
2401 304.978 566.727 2 387.493 91.9457
2402 314.978 566.727 2 388.252 91.9622
2403 324.978 566.727 2 389.266 91.9842
2404 334.978 566.727 2 390.533 92.0117
2405 344.978 566.727 2 392.052 92.0445
2406 354.978 566.727 2 393.819 92.0825
2407 364.978 566.727 2 395.83 92.1255
2408 374.978 566.727 2 398.083 92.1735
2409 384.978 566.727 2 400.573 92.2262
2410 394.978 566.727 2 403.295 92.2835
2411 404.978 566.727 2 406.246 92.3452
2412 414.978 566.727 2 409.419 92.4111
2413 424.978 566.727 2 412.811 92.4809
2414 434.978 566.727 2 416.415 92.5546
2415 444.978 566.727 2 420.226 92.6318
2416 454.978 566.727 2 424.238 92.7124
2417 464.978 566.727 2 428.447 92.7962
2418 474.978 566.727 2 432.845 92.8829
2419 484.978 566.727 2 437.428 92.9723
2420 84.9784 576.727 2 442.268 93.0659
2421 94.9784 576.727 2 437.938 92.9822
2422 104.978 576.727 2 433.795 92.9015
2423 114.978 576.727 2 429.845 92.8238
2424 124.978 576.727 2 426.093 92.7494
2425 134.978 576.727 2 422.544 92.6785
2426 144.978 576.727 2 419.204 92.6112
2427 154.978 576.727 2 416.078 92.5477
2428 164.978 576.727 2 413.17 92.4883
2429 174.978 576.727 2 410.484 92.4331
2430 184.978 576.727 2 408.027 92.3822
2431 194.978 576.727 2 405.801 92.3359
2432 204.978 576.727 2 403.811 92.2943
2433 214.978 576.727 2 402.059 92.2575
2434 224.978 576.727 2 400.55 92.2257
2435 234.978 576.727 2 399.285 92.199
2436 244.978 576.727 2 398.267 92.1774
2437 254.978 576.727 2 397.499 92.1611
2438 264.978 576.727 2 396.981 92.1501
2439 274.978 576.727 2 396.714 92.1444
2440 284.978 576.727 2 396.7 92.1441
2441 294.978 576.727 2 396.937 92.1491
2442 304.978 576.727 2 397.426 92.1595
2443 314.978 576.727 2 398.166 92.1753
2444 324.978 576.727 2 399.155 92.1962
2445 334.978 576.727 2 400.391 92.2224
2446 344.978 576.727 2 401.873 92.2536
2447 354.978 576.727 2 403.597 92.2898
2448 364.978 576.727 2 405.56 92.3309
2449 374.978 576.727 2 407.759 92.3767
2450 384.978 576.727 2 410.19 92.427
2451 394.978 576.727 2 412.849 92.4817
2452 404.978 576.727 2 415.731 92.5407
2453 414.978 576.727 2 418.833 92.6037
2454 424.978 576.727 2 422.149 92.6705
2455 434.978 576.727 2 425.674 92.7411
2456 444.978 576.727 2 429.403 92.8151
2457 454.978 576.727 2 433.33 92.8924
2458 464.978 576.727 2 437.451 92.9728
2459 474.978 576.727 2 441.76 93.0561
2460 484.978 576.727 2 446.252 93.1421
2461 84.9784 586.727 2 451.219 93.2362
2462 94.9784 586.727 2 446.975 93.1559
2463 104.978 586.727 2 442.917 93.0783
2464 114.978 586.727 2 439.049 93.0038
2465 124.978 586.727 2 435.376 92.9324
2466 134.978 586.727 2 431.903 92.8644
2467 144.978 586.727 2 428.636 92.7999
2468 154.978 586.727 2 425.579 92.7392
2469 164.978 586.727 2 422.736 92.6823
2470 174.978 586.727 2 420.113 92.6295
2471 184.978 586.727 2 417.712 92.581
2472 194.978 586.727 2 415.538 92.5367
2473 204.978 586.727 2 413.594 92.497
2474 214.978 586.727 2 411.884 92.4619
2475 224.978 586.727 2 410.411 92.4316
2476 234.978 586.727 2 409.177 92.4061
2477 244.978 586.727 2 408.184 92.3855
2478 254.978 586.727 2 407.434 92.3699
2479 264.978 586.727 2 406.929 92.3594
2480 274.978 586.727 2 406.669 92.354
2481 284.978 586.727 2 406.654 92.3537
2482 294.978 586.727 2 406.886 92.3585
2483 304.978 586.727 2 407.363 92.3685
2484 314.978 586.727 2 408.085 92.3834
2485 324.978 586.727 2 409.05 92.4034
2486 334.978 586.727 2 410.256 92.4284
2487 344.978 586.727 2 411.702 92.4582
2488 354.978 586.727 2 413.385 92.4927
2489 364.978 586.727 2 415.302 92.5319
2490 374.978 586.727 2 417.45 92.5756
2491 384.978 586.727 2 419.825 92.6237
2492 394.978 586.727 2 422.423 92.6761
2493 404.978 586.727 2 425.241 92.7325
2494 414.978 586.727 2 428.273 92.7928
2495 424.978 586.727 2 431.517 92.8568
2496 434.978 586.727 2 434.966 92.9244
2497 444.978 586.727 2 438.616 92.9954
2498 454.978 586.727 2 442.461 93.0696
2499 464.978 586.727 2 446.498 93.1468
2500 474.978 586.727 2 450.721 93.2268
2501 484.978 586.727 2 455.124 93.3095
