# <Transmitter Set: Tx: 19 tx_ant_grid_80_m - Point 5> 
# <Receiver Set: Rx: 17 rx_ant_grid> 
# <X(m)> <Y(m)> <Z(m)> <Distance(m)> <FreeSpacePathLoss(dB)>
1 84.9784 -13.2734 2 403.222 92.6518
2 94.9784 -13.2734 2 393.416 92.4626
3 104.978 -13.2734 2 383.621 92.2702
4 114.978 -13.2734 2 373.836 92.0746
5 124.978 -13.2734 2 364.063 91.8756
6 134.978 -13.2734 2 354.302 91.6733
7 144.978 -13.2734 2 344.556 91.4677
8 154.978 -13.2734 2 334.824 91.2588
9 164.978 -13.2734 2 325.109 91.0466
10 174.978 -13.2734 2 315.411 90.8314
11 184.978 -13.2734 2 305.733 90.6131
12 194.978 -13.2734 2 296.076 90.392
13 204.978 -13.2734 2 286.443 90.1684
14 214.978 -13.2734 2 276.836 89.9427
15 224.978 -13.2734 2 267.257 89.7152
16 234.978 -13.2734 2 257.711 89.4867
17 244.978 -13.2734 2 248.201 89.2579
18 254.978 -13.2734 2 238.73 89.03
19 264.978 -13.2734 2 229.304 88.8042
20 274.978 -13.2734 2 219.929 88.5823
21 284.978 -13.2734 2 210.612 88.3665
22 294.978 -13.2734 2 201.36 88.1599
23 304.978 -13.2734 2 192.183 87.9661
24 314.978 -13.2734 2 183.093 87.79
25 324.978 -13.2734 2 174.102 87.6381
26 334.978 -13.2734 2 165.227 87.5187
27 344.978 -13.2734 2 156.488 87.4429
28 354.978 -13.2734 2 147.908 87.4252
29 364.978 -13.2734 2 139.518 87.4853
30 374.978 -13.2734 2 131.354 87.6491
31 384.978 -13.2734 2 123.46 87.9522
32 394.978 -13.2734 2 115.891 88.4427
33 404.978 -13.2734 2 108.716 89.187
34 414.978 -13.2734 2 102.018 90.2776
35 424.978 -13.2734 2 95.8969 91.8466
36 434.978 -13.2734 2 90.4693 94.0902
37 444.978 -13.2734 2 85.8672 97.3206
38 454.978 -13.2734 2 82.2293 102.099
39 464.978 -13.2734 2 79.6878 109.651
40 474.978 -13.2734 2 78.3494 123.108
41 484.978 -13.2734 2 78.2758 125.148
42 84.9784 -3.2734 2 403.466 92.6564
43 94.9784 -3.2734 2 393.667 92.4675
44 104.978 -3.2734 2 383.877 92.2753
45 114.978 -3.2734 2 374.099 92.0799
46 124.978 -3.2734 2 364.333 91.8811
47 134.978 -3.2734 2 354.58 91.6791
48 144.978 -3.2734 2 344.842 91.4737
49 154.978 -3.2734 2 335.118 91.2651
50 164.978 -3.2734 2 325.412 91.0533
51 174.978 -3.2734 2 315.723 90.8384
52 184.978 -3.2734 2 306.055 90.6204
53 194.978 -3.2734 2 296.409 90.3997
54 204.978 -3.2734 2 286.787 90.1765
55 214.978 -3.2734 2 277.191 89.9511
56 224.978 -3.2734 2 267.626 89.724
57 234.978 -3.2734 2 258.093 89.4959
58 244.978 -3.2734 2 248.597 89.2675
59 254.978 -3.2734 2 239.142 89.0399
60 264.978 -3.2734 2 229.734 88.8144
61 274.978 -3.2734 2 220.377 88.5928
62 284.978 -3.2734 2 211.079 88.3772
63 294.978 -3.2734 2 201.849 88.1706
64 304.978 -3.2734 2 192.695 87.9765
65 314.978 -3.2734 2 183.63 87.7999
66 324.978 -3.2734 2 174.667 87.6468
67 334.978 -3.2734 2 165.822 87.5255
68 344.978 -3.2734 2 157.116 87.4466
69 354.978 -3.2734 2 148.573 87.4241
70 364.978 -3.2734 2 140.222 87.4765
71 374.978 -3.2734 2 132.102 87.6287
72 384.978 -3.2734 2 124.255 87.9135
73 394.978 -3.2734 2 116.738 88.3752
74 404.978 -3.2734 2 109.619 89.0736
75 414.978 -3.2734 2 102.979 90.0891
76 424.978 -3.2734 2 96.9187 91.5308
77 434.978 -3.2734 2 91.5517 93.547
78 444.978 -3.2734 2 87.0069 96.3369
79 454.978 -3.2734 2 83.4187 100.147
80 464.978 -3.2734 2 80.9145 105.112
81 474.978 -3.2734 2 79.5967 110.118
82 484.978 -3.2734 2 79.5244 110.508
83 84.9784 6.7266 2 403.958 92.6658
84 94.9784 6.7266 2 394.17 92.4773
85 104.978 6.7266 2 384.394 92.2855
86 114.978 6.7266 2 374.63 92.0906
87 124.978 6.7266 2 364.878 250
88 134.978 6.7266 2 355.14 91.6908
89 144.978 6.7266 2 345.417 91.486
90 154.978 6.7266 2 335.71 91.2779
91 164.978 6.7266 2 326.021 91.0667
92 174.978 6.7266 2 316.351 90.8524
93 184.978 6.7266 2 306.703 90.6351
94 194.978 6.7266 2 297.078 90.4151
95 204.978 6.7266 2 287.478 90.1926
96 214.978 6.7266 2 277.907 89.968
97 224.978 6.7266 2 268.367 89.7417
98 234.978 6.7266 2 258.861 89.5143
99 244.978 6.7266 2 249.394 89.2867
100 254.978 6.7266 2 239.971 89.0598
101 264.978 6.7266 2 230.596 88.835
102 274.978 6.7266 2 221.276 88.6139
103 284.978 6.7266 2 212.018 88.3987
104 294.978 6.7266 2 202.83 250
105 304.978 6.7266 2 193.723 250
106 314.978 6.7266 2 184.708 250
107 324.978 6.7266 2 175.799 250
108 334.978 6.7266 2 167.015 250
109 344.978 6.7266 2 158.374 250
110 354.978 6.7266 2 149.903 250
111 364.978 6.7266 2 141.631 250
112 374.978 6.7266 2 133.596 250
113 384.978 6.7266 2 125.842 250
114 394.978 6.7266 2 118.426 88.2511
115 404.978 6.7266 2 111.415 88.8665
116 414.978 6.7266 2 104.889 89.7496
117 424.978 6.7266 2 98.9457 90.9749
118 434.978 6.7266 2 93.6949 92.6259
119 444.978 6.7266 2 89.2592 250
120 454.978 6.7266 2 85.7653 250
121 464.978 6.7266 2 83.3317 250
122 474.978 6.7266 2 82.0528 102.44
123 484.978 6.7266 2 81.9826 102.58
124 84.9784 16.7266 2 404.696 92.6799
125 94.9784 16.7266 2 394.927 92.492
126 104.978 16.7266 2 385.17 92.3009
127 114.978 16.7266 2 375.426 92.1066
128 124.978 16.7266 2 365.695 250
129 134.978 16.7266 2 355.979 91.7083
130 144.978 16.7266 2 346.28 91.5043
131 154.978 16.7266 2 336.598 91.2971
132 164.978 16.7266 2 326.935 91.0868
133 174.978 16.7266 2 317.294 90.8734
134 184.978 16.7266 2 307.675 90.6572
135 194.978 16.7266 2 298.081 250
136 204.978 16.7266 2 288.515 250
137 214.978 16.7266 2 278.979 250
138 224.978 16.7266 2 269.477 250
139 234.978 16.7266 2 260.012 250
140 244.978 16.7266 2 250.588 250
141 254.978 16.7266 2 241.212 250
142 264.978 16.7266 2 231.887 88.8659
143 274.978 16.7266 2 222.621 88.6456
144 284.978 16.7266 2 213.421 88.4309
145 294.978 16.7266 2 204.296 250
146 304.978 16.7266 2 195.257 250
147 314.978 16.7266 2 186.317 250
148 324.978 16.7266 2 177.489 87.6922
149 334.978 16.7266 2 168.793 87.5623
150 344.978 16.7266 2 160.248 250
151 354.978 16.7266 2 151.881 250
152 364.978 16.7266 2 143.723 250
153 374.978 16.7266 2 135.812 250
154 384.978 16.7266 2 128.193 87.7501
155 394.978 16.7266 2 120.921 88.0907
156 404.978 16.7266 2 114.063 88.6014
157 414.978 16.7266 2 107.698 89.3232
158 424.978 16.7266 2 101.918 90.298
159 434.978 16.7266 2 96.8285 91.5577
160 444.978 16.7266 2 92.5431 250
161 454.978 16.7266 2 89.178 250
162 464.978 16.7266 2 86.8401 250
163 474.978 16.7266 2 85.6135 97.5626
164 484.978 16.7266 2 85.5462 97.6284
165 84.9784 26.7266 2 405.68 92.6987
166 94.9784 26.7266 2 395.935 92.5115
167 104.978 26.7266 2 386.203 92.3213
168 114.978 26.7266 2 376.486 92.1279
169 124.978 26.7266 2 366.783 91.9313
170 134.978 26.7266 2 357.097 91.7316
171 144.978 26.7266 2 347.429 91.5286
172 154.978 26.7266 2 337.78 91.3226
173 164.978 26.7266 2 328.152 91.1135
174 174.978 26.7266 2 318.547 90.9014
175 184.978 26.7266 2 308.967 90.6864
176 194.978 26.7266 2 299.415 250
177 204.978 26.7266 2 289.893 250
178 214.978 26.7266 2 280.404 250
179 224.978 26.7266 2 270.951 250
180 234.978 26.7266 2 261.54 250
181 244.978 26.7266 2 252.174 250
182 254.978 26.7266 2 242.858 250
183 264.978 26.7266 2 233.599 88.9068
184 274.978 26.7266 2 224.404 88.6877
185 284.978 26.7266 2 215.28 88.4739
186 294.978 26.7266 2 206.238 250
187 304.978 26.7266 2 197.288 250
188 314.978 26.7266 2 188.444 87.8914
189 324.978 26.7266 2 179.721 87.73
190 334.978 26.7266 2 171.137 87.5943
191 344.978 26.7266 2 162.716 87.4921
192 354.978 26.7266 2 154.483 87.433
193 364.978 26.7266 2 146.47 250
194 374.978 26.7266 2 138.715 250
195 384.978 26.7266 2 131.264 87.6517
196 394.978 26.7266 2 124.173 87.9174
197 404.978 26.7266 2 117.505 88.3172
198 414.978 26.7266 2 111.336 88.8751
199 424.978 26.7266 2 105.756 89.6095
200 434.978 26.7266 2 100.86 90.5223
201 444.978 26.7266 2 96.7536 91.5801
202 454.978 26.7266 2 93.54 250
203 464.978 26.7266 2 91.3138 250
204 474.978 26.7266 2 90.1482 94.2633
205 484.978 26.7266 2 90.0843 94.2985
206 84.9784 36.7266 2 406.907 92.722
207 94.9784 36.7266 2 397.192 92.5359
208 104.978 36.7266 2 387.492 92.3467
209 114.978 36.7266 2 377.807 92.1544
210 124.978 36.7266 2 368.14 91.959
211 134.978 36.7266 2 358.49 91.7605
212 144.978 36.7266 2 348.861 91.5589
213 154.978 36.7266 2 339.253 91.3543
214 164.978 36.7266 2 329.668 91.1466
215 174.978 36.7266 2 320.108 90.9361
216 184.978 36.7266 2 310.576 90.7228
217 194.978 36.7266 2 301.075 90.5069
218 204.978 36.7266 2 291.607 90.2887
219 214.978 36.7266 2 282.176 90.0685
220 224.978 36.7266 2 272.785 250
221 234.978 36.7266 2 263.439 250
222 244.978 36.7266 2 254.143 250
223 254.978 36.7266 2 244.902 250
224 264.978 36.7266 2 235.724 88.9578
225 274.978 36.7266 2 226.614 88.7401
226 284.978 36.7266 2 217.583 88.5274
227 294.978 36.7266 2 208.641 250
228 304.978 36.7266 2 199.799 250
229 314.978 36.7266 2 191.071 87.9436
230 324.978 36.7266 2 182.473 87.7788
231 334.978 36.7266 2 174.026 87.6369
232 344.978 36.7266 2 165.751 87.5247
233 354.978 36.7266 2 157.677 87.4502
234 364.978 36.7266 2 149.835 87.4232
235 374.978 36.7266 2 142.263 87.4554
236 384.978 36.7266 2 135.009 250
237 394.978 36.7266 2 128.124 250
238 404.978 36.7266 2 121.673 88.0472
239 414.978 36.7266 2 115.727 88.4562
240 424.978 36.7266 2 110.369 88.9842
241 434.978 36.7266 2 105.687 89.6203
242 444.978 36.7266 2 101.776 90.3272
243 454.978 36.7266 2 98.7256 250
244 464.978 36.7266 2 96.619 250
245 474.978 36.7266 2 95.5181 91.9705
246 484.978 36.7266 2 95.4578 91.9906
247 84.9784 46.7266 2 408.375 92.7498
248 94.9784 46.7266 2 398.696 92.5649
249 104.978 46.7266 2 389.033 92.377
250 114.978 46.7266 2 379.388 92.186
251 124.978 46.7266 2 369.762 91.992
252 134.978 46.7266 2 360.156 91.795
253 144.978 46.7266 2 350.572 91.595
254 154.978 46.7266 2 341.012 250
255 164.978 46.7266 2 331.478 250
256 174.978 46.7266 2 321.972 250
257 184.978 46.7266 2 312.498 250
258 194.978 46.7266 2 303.056 250
259 204.978 46.7266 2 293.652 90.3361
260 214.978 46.7266 2 284.289 90.1181
261 224.978 46.7266 2 274.97 89.8986
262 234.978 46.7266 2 265.701 89.6781
263 244.978 46.7266 2 256.487 89.4573
264 254.978 46.7266 2 247.334 89.2371
265 264.978 46.7266 2 238.249 89.0184
266 274.978 46.7266 2 229.24 88.8026
267 284.978 46.7266 2 220.317 88.5914
268 294.978 46.7266 2 211.49 250
269 304.978 46.7266 2 202.772 250
270 314.978 46.7266 2 194.178 250
271 324.978 46.7266 2 185.724 250
272 334.978 46.7266 2 177.432 250
273 344.978 46.7266 2 169.324 250
274 354.978 46.7266 2 161.428 250
275 364.978 46.7266 2 153.777 87.4303
276 374.978 46.7266 2 146.41 87.4295
277 384.978 46.7266 2 139.371 250
278 394.978 46.7266 2 132.714 250
279 404.978 46.7266 2 126.496 87.815
280 414.978 46.7266 2 120.788 88.0985
281 424.978 46.7266 2 115.665 88.4614
282 434.978 46.7266 2 111.206 88.8894
283 444.978 46.7266 2 107.496 89.3513
284 454.978 46.7266 2 104.612 250
285 464.978 46.7266 2 102.627 250
286 474.978 46.7266 2 101.591 90.3655
287 484.978 46.7266 2 101.534 90.3774
288 84.9784 56.7266 2 410.082 92.7821
289 94.9784 56.7266 2 400.444 92.5985
290 104.978 56.7266 2 390.825 92.4121
291 114.978 56.7266 2 381.225 92.2226
292 124.978 56.7266 2 371.646 92.0303
293 134.978 56.7266 2 362.09 91.835
294 144.978 56.7266 2 352.559 91.6368
295 154.978 56.7266 2 343.054 250
296 164.978 56.7266 2 333.579 250
297 174.978 56.7266 2 324.135 250
298 184.978 56.7266 2 314.725 250
299 194.978 56.7266 2 305.353 250
300 204.978 56.7266 2 296.022 90.3908
301 214.978 56.7266 2 286.735 90.1753
302 224.978 56.7266 2 277.499 89.9583
303 234.978 56.7266 2 268.317 89.7405
304 244.978 56.7266 2 259.196 89.5224
305 254.978 56.7266 2 250.142 89.3047
306 264.978 56.7266 2 241.163 89.0885
307 274.978 56.7266 2 232.267 88.8749
308 284.978 56.7266 2 223.465 88.6655
309 294.978 56.7266 2 214.767 250
310 304.978 56.7266 2 206.188 250
311 314.978 56.7266 2 197.742 250
312 324.978 56.7266 2 189.448 250
313 334.978 56.7266 2 181.326 250
314 344.978 56.7266 2 173.4 250
315 354.978 56.7266 2 165.698 250
316 364.978 56.7266 2 158.254 87.4541
317 374.978 56.7266 2 151.106 87.4239
318 384.978 56.7266 2 144.296 250
319 394.978 56.7266 2 137.876 250
320 404.978 56.7266 2 131.903 87.634
321 414.978 56.7266 2 126.439 87.8173
322 424.978 56.7266 2 121.554 88.0539
323 434.978 56.7266 2 117.319 88.331
324 444.978 56.7266 2 113.808 88.625
325 454.978 56.7266 2 111.089 250
326 464.978 56.7266 2 109.221 250
327 474.978 56.7266 2 108.249 89.2484
328 484.978 56.7266 2 108.195 89.2555
329 84.9784 66.7266 2 412.024 92.8187
330 94.9784 66.7266 2 402.433 92.6367
331 104.978 66.7266 2 392.862 92.4518
332 114.978 66.7266 2 383.314 92.2641
333 124.978 66.7266 2 373.789 92.0736
334 134.978 66.7266 2 364.289 91.8802
335 144.978 66.7266 2 354.817 91.684
336 154.978 66.7266 2 345.374 91.4851
337 164.978 66.7266 2 335.964 91.2834
338 174.978 66.7266 2 326.589 91.0792
339 184.978 66.7266 2 317.252 90.8725
340 194.978 66.7266 2 307.957 90.6636
341 204.978 66.7266 2 298.707 90.4526
342 214.978 66.7266 2 289.507 90.2399
343 224.978 66.7266 2 280.362 90.0258
344 234.978 66.7266 2 271.277 89.8109
345 244.978 66.7266 2 262.259 89.5958
346 254.978 66.7266 2 253.314 89.381
347 264.978 66.7266 2 244.452 89.1677
348 274.978 66.7266 2 235.68 88.9567
349 284.978 66.7266 2 227.01 88.7495
350 294.978 66.7266 2 218.454 88.5477
351 304.978 66.7266 2 210.025 88.3532
352 314.978 66.7266 2 201.74 88.1682
353 324.978 66.7266 2 193.617 87.9954
354 334.978 66.7266 2 185.677 87.8381
355 344.978 66.7266 2 177.945 87.6998
356 354.978 66.7266 2 170.449 87.5847
357 364.978 66.7266 2 163.222 87.4971
358 374.978 66.7266 2 156.301 87.4418
359 384.978 66.7266 2 149.728 87.4232
360 394.978 66.7266 2 143.551 87.4451
361 404.978 66.7266 2 137.824 87.5094
362 414.978 66.7266 2 132.604 87.6156
363 424.978 66.7266 2 127.955 87.7588
364 434.978 66.7266 2 123.939 87.9286
365 444.978 66.7266 2 120.621 88.1086
366 454.978 66.7266 2 118.058 88.277
367 464.978 66.7266 2 116.303 88.4095
368 474.978 66.7266 2 115.39 88.4844
369 484.978 66.7266 2 115.34 88.4887
370 84.9784 76.7266 2 414.199 92.8595
371 94.9784 76.7266 2 404.66 92.6792
372 104.978 76.7266 2 395.143 92.4962
373 114.978 76.7266 2 385.651 92.3104
374 124.978 76.7266 2 376.185 92.1218
375 134.978 76.7266 2 366.747 91.9306
376 144.978 76.7266 2 357.34 91.7366
377 154.978 76.7266 2 347.966 91.54
378 164.978 76.7266 2 338.628 91.3408
379 174.978 76.7266 2 329.329 91.1392
380 184.978 76.7266 2 320.072 90.9353
381 194.978 76.7266 2 310.861 90.7292
382 204.978 76.7266 2 301.7 90.5212
383 214.978 76.7266 2 292.594 90.3116
384 224.978 76.7266 2 283.548 90.1007
385 234.978 76.7266 2 274.569 89.8891
386 244.978 76.7266 2 265.663 89.6772
387 254.978 76.7266 2 256.837 89.4657
388 264.978 76.7266 2 248.1 89.2555
389 274.978 76.7266 2 239.462 89.0476
390 284.978 76.7266 2 230.934 88.8431
391 294.978 76.7266 2 222.529 88.6434
392 304.978 76.7266 2 214.261 88.4503
393 314.978 76.7266 2 206.146 88.2656
394 324.978 76.7266 2 198.203 88.0917
395 334.978 76.7266 2 190.455 87.9312
396 344.978 76.7266 2 182.925 87.787
397 354.978 76.7266 2 175.642 87.6622
398 364.978 76.7266 2 168.637 87.5603
399 374.978 76.7266 2 161.947 87.4846
400 384.978 76.7266 2 155.613 87.4382
401 394.978 76.7266 2 149.679 87.4232
402 404.978 76.7266 2 144.196 87.4407
403 414.978 76.7266 2 139.215 87.4892
404 424.978 76.7266 2 134.794 87.5648
405 434.978 76.7266 2 130.988 87.6596
406 444.978 76.7266 2 127.853 87.7625
407 454.978 76.7266 2 125.439 87.8595
408 464.978 76.7266 2 123.787 87.936
409 474.978 76.7266 2 122.93 87.9792
410 484.978 76.7266 2 122.883 87.9816
411 84.9784 86.7266 2 416.603 92.9045
412 94.9784 86.7266 2 407.12 92.726
413 104.978 86.7266 2 397.662 250
414 114.978 86.7266 2 388.231 250
415 124.978 86.7266 2 378.83 250
416 134.978 86.7266 2 369.46 91.9859
417 144.978 86.7266 2 360.123 91.7944
418 154.978 86.7266 2 350.824 250
419 164.978 86.7266 2 341.564 250
420 174.978 86.7266 2 332.347 250
421 184.978 86.7266 2 323.176 91.004
422 194.978 86.7266 2 314.056 90.801
423 204.978 86.7266 2 304.991 90.5962
424 214.978 86.7266 2 295.987 90.39
425 224.978 86.7266 2 287.048 250
426 234.978 86.7266 2 278.182 250
427 244.978 86.7266 2 269.395 250
428 254.978 86.7266 2 260.696 89.5583
429 264.978 86.7266 2 252.093 89.3516
430 274.978 86.7266 2 243.596 89.1471
431 284.978 86.7266 2 235.218 88.9456
432 294.978 86.7266 2 226.972 88.7486
433 304.978 86.7266 2 218.871 88.5575
434 314.978 86.7266 2 210.934 88.3739
435 324.978 86.7266 2 203.179 88.1997
436 334.978 86.7266 2 195.627 88.0372
437 344.978 86.7266 2 188.304 87.8887
438 354.978 86.7266 2 181.237 87.7566
439 364.978 86.7266 2 174.458 87.6436
440 374.978 86.7266 2 168 87.5521
441 384.978 86.7266 2 161.903 250
442 394.978 86.7266 2 156.208 250
443 404.978 86.7266 2 150.962 250
444 414.978 86.7266 2 146.212 87.4303
445 424.978 86.7266 2 142.008 87.4577
446 434.978 86.7266 2 138.401 87.5007
447 444.978 86.7266 2 135.438 250
448 454.978 86.7266 2 133.161 250
449 464.978 86.7266 2 131.607 250
450 474.978 86.7266 2 130.801 87.6651
451 484.978 86.7266 2 130.757 87.6664
452 84.9784 96.7266 2 419.231 92.9534
453 94.9784 96.7266 2 409.809 92.777
454 104.978 96.7266 2 400.415 92.598
455 114.978 96.7266 2 391.05 92.4165
456 124.978 96.7266 2 381.718 92.2325
457 134.978 96.7266 2 372.421 92.046
458 144.978 96.7266 2 363.161 91.857
459 154.978 96.7266 2 353.941 250
460 164.978 96.7266 2 344.765 250
461 174.978 96.7266 2 335.636 250
462 184.978 96.7266 2 326.558 91.0785
463 194.978 96.7266 2 317.535 250
464 204.978 96.7266 2 308.572 250
465 214.978 96.7266 2 299.675 250
466 224.978 96.7266 2 290.85 250
467 234.978 96.7266 2 282.103 250
468 244.978 96.7266 2 273.442 250
469 254.978 96.7266 2 264.876 250
470 264.978 96.7266 2 256.413 250
471 274.978 96.7266 2 248.065 89.2547
472 284.978 96.7266 2 239.843 89.0567
473 294.978 96.7266 2 231.761 88.8628
474 304.978 96.7266 2 223.834 88.6742
475 314.978 96.7266 2 216.079 88.4924
476 324.978 96.7266 2 208.515 88.3189
477 334.978 96.7266 2 201.164 88.1556
478 344.978 96.7266 2 194.05 88.0044
479 354.978 96.7266 2 187.201 87.8672
480 364.978 96.7266 2 180.645 87.7461
481 374.978 96.7266 2 174.416 87.643
482 384.978 96.7266 2 168.551 250
483 394.978 96.7266 2 163.089 250
484 404.978 96.7266 2 158.071 250
485 414.978 96.7266 2 153.541 87.4295
486 424.978 96.7266 2 149.544 87.4233
487 434.978 96.7266 2 146.123 87.4307
488 444.978 96.7266 2 143.319 250
489 454.978 96.7266 2 141.17 250
490 464.978 96.7266 2 139.704 250
491 474.978 96.7266 2 138.945 87.4929
492 484.978 96.7266 2 138.904 87.4935
493 84.9784 106.727 2 422.081 93.0062
494 94.9784 106.727 2 412.723 92.8319
495 104.978 106.727 2 403.397 92.6551
496 114.978 106.727 2 394.103 92.476
497 124.978 106.727 2 384.845 92.2945
498 134.978 106.727 2 375.625 92.1106
499 144.978 106.727 2 366.446 91.9244
500 154.978 106.727 2 357.311 250
501 164.978 106.727 2 348.224 250
502 174.978 106.727 2 339.188 250
503 184.978 106.727 2 330.207 91.1584
504 194.978 106.727 2 321.287 250
505 204.978 106.727 2 312.432 250
506 214.978 106.727 2 303.648 250
507 224.978 106.727 2 294.942 250
508 234.978 106.727 2 286.32 250
509 244.978 106.727 2 277.791 250
510 254.978 106.727 2 269.363 250
511 264.978 106.727 2 261.045 250
512 274.978 106.727 2 252.85 89.3699
513 284.978 106.727 2 244.789 89.1758
514 294.978 106.727 2 236.876 88.9854
515 304.978 106.727 2 229.126 88.7999
516 314.978 106.727 2 221.556 88.6205
517 324.978 106.727 2 214.186 88.4486
518 334.978 106.727 2 207.036 88.2856
519 344.978 106.727 2 200.131 88.1332
520 354.978 106.727 2 193.497 87.993
521 364.978 106.727 2 187.162 87.8665
522 374.978 106.727 2 181.157 87.7552
523 384.978 106.727 2 175.518 250
524 394.978 106.727 2 170.279 250
525 404.978 106.727 2 165.48 250
526 414.978 106.727 2 161.158 87.4774
527 424.978 106.727 2 157.354 87.4481
528 434.978 106.727 2 154.107 87.4315
529 444.978 106.727 2 151.451 250
530 454.978 106.727 2 149.418 250
531 464.978 106.727 2 148.035 250
532 474.978 106.727 2 147.319 87.4266
533 484.978 106.727 2 147.28 87.4267
534 84.9784 116.727 2 425.146 93.0626
535 94.9784 116.727 2 415.858 92.8906
536 104.978 116.727 2 406.603 92.7162
537 114.978 116.727 2 397.385 250
538 124.978 116.727 2 388.205 250
539 134.978 116.727 2 379.067 250
540 144.978 116.727 2 369.973 250
541 154.978 116.727 2 360.927 250
542 164.978 116.727 2 351.933 250
543 174.978 116.727 2 342.995 250
544 184.978 116.727 2 334.117 91.2434
545 194.978 116.727 2 325.303 250
546 204.978 116.727 2 316.561 250
547 214.978 116.727 2 307.895 250
548 224.978 116.727 2 299.312 250
549 234.978 116.727 2 290.82 250
550 244.978 116.727 2 282.427 250
551 254.978 116.727 2 274.141 250
552 264.978 116.727 2 265.973 250
553 274.978 116.727 2 257.935 89.4921
554 284.978 116.727 2 250.037 89.3022
555 294.978 116.727 2 242.296 89.1158
556 304.978 116.727 2 234.725 88.9338
557 314.978 116.727 2 227.341 88.7574
558 324.978 116.727 2 220.165 250
559 334.978 116.727 2 213.216 250
560 344.978 116.727 2 206.518 250
561 354.978 116.727 2 200.095 250
562 364.978 116.727 2 193.976 250
563 374.978 116.727 2 188.189 250
564 384.978 116.727 2 182.766 250
565 394.978 116.727 2 177.741 250
566 404.978 116.727 2 173.149 250
567 414.978 116.727 2 169.024 250
568 424.978 116.727 2 165.401 87.5207
569 434.978 116.727 2 162.314 87.4881
570 444.978 116.727 2 159.795 250
571 454.978 116.727 2 157.87 250
572 464.978 116.727 2 156.561 250
573 474.978 116.727 2 155.884 87.4396
574 484.978 116.727 2 155.847 87.4394
575 84.9784 126.727 2 428.423 93.1227
576 94.9784 126.727 2 419.207 92.953
577 104.978 126.727 2 410.028 92.7811
578 114.978 126.727 2 400.888 250
579 124.978 126.727 2 391.791 250
580 134.978 126.727 2 382.738 250
581 144.978 126.727 2 373.734 250
582 154.978 126.727 2 364.781 250
583 164.978 126.727 2 355.885 250
584 174.978 126.727 2 347.048 250
585 184.978 126.727 2 338.276 91.3333
586 194.978 126.727 2 329.575 91.1446
587 204.978 126.727 2 320.948 90.9547
588 214.978 126.727 2 312.404 90.7639
589 224.978 126.727 2 303.949 250
590 234.978 126.727 2 295.59 250
591 244.978 126.727 2 287.336 250
592 254.978 126.727 2 279.196 89.9984
593 264.978 126.727 2 271.18 89.8086
594 274.978 126.727 2 263.301 89.6207
595 284.978 126.727 2 255.569 89.4353
596 294.978 126.727 2 248 89.2531
597 304.978 126.727 2 240.609 89.0752
598 314.978 126.727 2 233.412 88.9024
599 324.978 126.727 2 226.428 250
600 334.978 126.727 2 219.677 250
601 344.978 126.727 2 213.182 250
602 354.978 126.727 2 206.966 250
603 364.978 126.727 2 201.056 250
604 374.978 126.727 2 195.479 250
605 384.978 126.727 2 190.264 250
606 394.978 126.727 2 185.443 250
607 404.978 126.727 2 181.046 250
608 414.978 126.727 2 177.104 250
609 424.978 126.727 2 173.65 87.6312
610 434.978 126.727 2 170.713 87.5884
611 444.978 126.727 2 168.319 250
612 454.978 126.727 2 166.493 250
613 464.978 126.727 2 165.253 250
614 474.978 126.727 2 164.611 87.5119
615 484.978 126.727 2 164.576 87.5115
616 84.9784 136.727 2 431.906 93.1861
617 94.9784 136.727 2 422.767 93.0188
618 104.978 136.727 2 413.667 92.8496
619 114.978 136.727 2 404.609 92.6783
620 124.978 136.727 2 395.597 92.505
621 134.978 136.727 2 386.634 250
622 144.978 136.727 2 377.722 250
623 154.978 136.727 2 368.866 250
624 164.978 136.727 2 360.071 250
625 174.978 136.727 2 351.339 250
626 184.978 136.727 2 342.678 91.4276
627 194.978 136.727 2 334.09 91.2429
628 204.978 136.727 2 325.584 91.0571
629 214.978 136.727 2 317.165 90.8706
630 224.978 136.727 2 308.84 250
631 234.978 136.727 2 300.617 250
632 244.978 136.727 2 292.504 250
633 254.978 136.727 2 284.512 90.1233
634 264.978 136.727 2 276.651 89.9383
635 274.978 136.727 2 268.932 89.7551
636 284.978 136.727 2 261.367 89.5744
637 294.978 136.727 2 253.971 89.3968
638 304.978 136.727 2 246.758 89.2232
639 314.978 136.727 2 239.746 89.0544
640 324.978 136.727 2 232.952 250
641 334.978 136.727 2 226.396 250
642 344.978 136.727 2 220.099 250
643 354.978 136.727 2 214.084 250
644 364.978 136.727 2 208.376 250
645 374.978 136.727 2 203 250
646 384.978 136.727 2 197.984 250
647 394.978 136.727 2 193.355 250
648 404.978 136.727 2 189.142 250
649 414.978 136.727 2 185.373 250
650 424.978 136.727 2 182.076 87.7716
651 434.978 136.727 2 179.276 87.7224
652 444.978 136.727 2 176.998 250
653 454.978 136.727 2 175.262 250
654 464.978 136.727 2 174.085 250
655 474.978 136.727 2 173.476 87.6286
656 484.978 136.727 2 173.443 87.6281
657 84.9784 146.727 2 435.592 93.2527
658 94.9784 146.727 2 426.531 93.0881
659 104.978 146.727 2 417.513 92.9215
660 114.978 146.727 2 408.541 92.753
661 124.978 146.727 2 399.617 92.5826
662 134.978 146.727 2 390.746 92.4105
663 144.978 146.727 2 381.931 92.2367
664 154.978 146.727 2 373.175 92.0612
665 164.978 146.727 2 364.483 91.8842
666 174.978 146.727 2 355.86 91.7058
667 184.978 146.727 2 347.311 91.5262
668 194.978 146.727 2 338.841 91.3454
669 204.978 146.727 2 330.457 91.1639
670 214.978 146.727 2 322.165 90.9817
671 224.978 146.727 2 313.973 90.7991
672 234.978 146.727 2 305.888 90.6166
673 244.978 146.727 2 297.919 90.4345
674 254.978 146.727 2 290.076 90.2531
675 264.978 146.727 2 282.37 90.073
676 274.978 146.727 2 274.811 89.8948
677 284.978 146.727 2 267.413 89.7189
678 294.978 146.727 2 260.189 89.5462
679 304.978 146.727 2 253.154 89.3772
680 314.978 146.727 2 246.323 89.2127
681 324.978 146.727 2 239.716 89.0537
682 334.978 146.727 2 233.35 88.9009
683 344.978 146.727 2 227.246 88.7552
684 354.978 146.727 2 221.425 88.6174
685 364.978 146.727 2 215.911 88.4885
686 374.978 146.727 2 210.728 88.3692
687 384.978 146.727 2 205.899 88.2601
688 394.978 146.727 2 201.452 88.1619
689 404.978 146.727 2 197.412 88.0749
690 414.978 146.727 2 193.804 87.9993
691 424.978 146.727 2 190.653 87.9352
692 434.978 146.727 2 187.981 87.8824
693 444.978 146.727 2 185.81 87.8406
694 454.978 146.727 2 184.157 87.8096
695 464.978 146.727 2 183.037 87.789
696 474.978 146.727 2 182.458 87.7785
697 484.978 146.727 2 182.426 87.7779
698 84.9784 156.727 2 439.474 93.3225
699 94.9784 156.727 2 430.495 93.1604
700 104.978 156.727 2 421.561 92.9966
701 114.978 156.727 2 412.677 92.831
702 124.978 156.727 2 403.845 92.6637
703 134.978 156.727 2 395.069 92.4947
704 144.978 156.727 2 386.352 92.3242
705 154.978 156.727 2 377.699 92.1522
706 164.978 156.727 2 369.114 91.9789
707 174.978 156.727 2 360.602 91.8042
708 184.978 156.727 2 352.168 91.6285
709 194.978 156.727 2 343.817 91.4519
710 204.978 156.727 2 335.558 91.2746
711 214.978 156.727 2 327.395 91.0969
712 224.978 156.727 2 319.337 90.9189
713 234.978 156.727 2 311.391 90.7411
714 244.978 156.727 2 303.567 90.5638
715 254.978 156.727 2 295.874 90.3874
716 264.978 156.727 2 288.322 90.2123
717 274.978 156.727 2 280.924 90.0391
718 284.978 156.727 2 273.691 89.8682
719 294.978 156.727 2 266.637 89.7004
720 304.978 156.727 2 259.776 89.5363
721 314.978 156.727 2 253.125 89.3765
722 324.978 156.727 2 246.7 89.2218
723 334.978 156.727 2 240.519 89.073
724 344.978 156.727 2 234.601 88.9308
725 354.978 156.727 2 228.968 88.7961
726 364.978 156.727 2 223.64 88.6696
727 374.978 156.727 2 218.639 88.5521
728 384.978 156.727 2 213.99 88.444
729 394.978 156.727 2 209.714 88.3461
730 404.978 156.727 2 205.836 88.2587
731 414.978 156.727 2 202.378 88.1822
732 424.978 156.727 2 199.363 88.1166
733 434.978 156.727 2 196.81 88.0621
734 444.978 156.727 2 194.737 88.0186
735 454.978 156.727 2 193.16 87.986
736 464.978 156.727 2 192.092 87.9642
737 474.978 156.727 2 191.541 87.953
738 484.978 156.727 2 191.511 87.9524
739 84.9784 166.727 2 443.547 93.3951
740 94.9784 166.727 2 434.652 93.2358
741 104.978 166.727 2 425.806 93.0748
742 114.978 166.727 2 417.013 92.9121
743 124.978 166.727 2 408.275 92.7479
744 134.978 166.727 2 399.595 92.5822
745 144.978 166.727 2 390.98 92.4151
746 154.978 166.727 2 382.431 92.2466
747 164.978 166.727 2 373.955 92.0769
748 174.978 166.727 2 365.555 91.9062
749 184.978 166.727 2 357.238 91.7345
750 194.978 166.727 2 349.009 91.5621
751 204.978 166.727 2 340.875 91.3891
752 214.978 166.727 2 332.843 91.2158
753 224.978 166.727 2 324.92 250
754 234.978 166.727 2 317.114 90.8694
755 244.978 166.727 2 309.435 250
756 254.978 166.727 2 301.891 250
757 264.978 166.727 2 294.494 250
758 274.978 166.727 2 287.255 90.1874
759 284.978 166.727 2 280.185 90.0217
760 294.978 166.727 2 273.299 250
761 304.978 166.727 2 266.61 250
762 314.978 166.727 2 260.133 250
763 324.978 166.727 2 253.885 250
764 334.978 166.727 2 247.883 250
765 344.978 166.727 2 242.146 250
766 354.978 166.727 2 236.692 88.981
767 364.978 166.727 2 231.542 88.8576
768 374.978 166.727 2 226.716 250
769 384.978 166.727 2 222.235 88.6365
770 394.978 166.727 2 218.122 88.54
771 404.978 166.727 2 214.396 88.4534
772 414.978 166.727 2 211.078 88.3772
773 424.978 166.727 2 208.189 88.3115
774 434.978 166.727 2 205.745 88.2567
775 444.978 166.727 2 203.763 250
776 454.978 166.727 2 202.257 250
777 464.978 166.727 2 201.237 250
778 474.978 166.727 2 200.711 88.1458
779 484.978 166.727 2 200.682 88.1451
780 84.9784 176.727 2 447.807 93.4706
781 94.9784 176.727 2 438.998 93.314
782 104.978 176.727 2 430.242 93.1558
783 114.978 176.727 2 421.541 92.9962
784 124.978 176.727 2 412.898 92.8351
785 134.978 176.727 2 404.319 92.6727
786 144.978 176.727 2 395.806 92.509
787 154.978 176.727 2 387.364 92.3441
788 164.978 176.727 2 378.997 92.1782
789 174.978 176.727 2 370.712 92.0113
790 184.978 176.727 2 362.513 91.8437
791 194.978 176.727 2 354.407 91.6755
792 204.978 176.727 2 346.4 91.5068
793 214.978 176.727 2 338.499 91.3381
794 224.978 176.727 2 330.711 250
795 234.978 176.727 2 323.046 91.0011
796 244.978 176.727 2 315.511 250
797 254.978 176.727 2 308.116 250
798 264.978 176.727 2 300.872 250
799 274.978 176.727 2 293.79 90.3392
800 284.978 176.727 2 286.881 90.1787
801 294.978 176.727 2 280.159 250
802 304.978 176.727 2 273.638 250
803 314.978 176.727 2 267.332 250
804 324.978 176.727 2 261.256 250
805 334.978 176.727 2 255.428 250
806 344.978 176.727 2 249.863 250
807 354.978 176.727 2 244.582 89.1708
808 364.978 176.727 2 239.601 89.0509
809 374.978 176.727 2 234.941 250
810 384.978 176.727 2 230.62 88.8356
811 394.978 176.727 2 226.659 88.7412
812 404.978 176.727 2 223.075 88.6563
813 414.978 176.727 2 219.889 88.5813
814 424.978 176.727 2 217.116 88.5165
815 434.978 176.727 2 214.774 88.4622
816 444.978 176.727 2 212.877 250
817 454.978 176.727 2 211.436 250
818 464.978 176.727 2 210.46 250
819 474.978 176.727 2 209.957 88.3516
820 484.978 176.727 2 209.93 88.351
821 84.9784 186.727 2 452.248 93.5486
822 94.9784 186.727 2 443.528 93.3948
823 104.978 186.727 2 434.862 93.2396
824 114.978 186.727 2 426.255 93.083
825 124.978 186.727 2 417.711 92.9251
826 134.978 186.727 2 409.232 92.766
827 144.978 186.727 2 400.823 92.6058
828 154.978 186.727 2 392.489 92.4446
829 164.978 186.727 2 384.234 92.2824
830 174.978 186.727 2 376.065 92.1194
831 184.978 186.727 2 367.985 91.9559
832 194.978 186.727 2 360.002 91.7918
833 204.978 186.727 2 352.122 91.6276
834 214.978 186.727 2 344.352 91.4633
835 224.978 186.727 2 336.7 250
836 234.978 186.727 2 329.174 91.1358
837 244.978 186.727 2 321.782 250
838 254.978 186.727 2 314.535 250
839 264.978 186.727 2 307.442 250
840 274.978 186.727 2 300.515 90.4941
841 284.978 186.727 2 293.765 90.3387
842 294.978 186.727 2 287.204 90.1862
843 304.978 186.727 2 280.847 90.0372
844 314.978 186.727 2 274.706 89.8923
845 324.978 186.727 2 268.797 89.7519
846 334.978 186.727 2 263.135 250
847 344.978 186.727 2 257.738 250
848 354.978 186.727 2 252.621 250
849 364.978 186.727 2 247.802 250
850 374.978 186.727 2 243.299 250
851 384.978 186.727 2 239.129 89.0396
852 394.978 186.727 2 235.311 88.9479
853 404.978 186.727 2 231.861 88.8652
854 414.978 186.727 2 228.797 88.7921
855 424.978 186.727 2 226.134 88.7287
856 434.978 186.727 2 223.886 88.6755
857 444.978 186.727 2 222.067 250
858 454.978 186.727 2 220.685 250
859 464.978 186.727 2 219.751 250
860 474.978 186.727 2 219.269 88.5668
861 484.978 186.727 2 219.243 88.5662
862 84.9784 196.727 2 456.865 93.629
863 94.9784 196.727 2 448.234 93.4781
864 104.978 196.727 2 439.661 93.3258
865 114.978 196.727 2 431.15 93.1723
866 124.978 196.727 2 422.705 93.0177
867 134.978 196.727 2 414.328 92.862
868 144.978 196.727 2 406.025 92.7052
869 154.978 196.727 2 397.8 92.5476
870 164.978 196.727 2 389.658 92.3892
871 174.978 196.727 2 381.604 92.2302
872 184.978 196.727 2 373.644 92.0707
873 194.978 196.727 2 365.785 91.9109
874 204.978 196.727 2 358.032 91.751
875 214.978 196.727 2 350.393 91.5912
876 224.978 196.727 2 342.876 250
877 234.978 196.727 2 335.488 91.2731
878 244.978 196.727 2 328.239 91.1154
879 254.978 196.727 2 321.138 90.9589
880 264.978 196.727 2 314.194 90.8041
881 274.978 196.727 2 307.419 90.6514
882 284.978 196.727 2 300.824 90.5011
883 294.978 196.727 2 294.42 90.3538
884 304.978 196.727 2 288.222 90.21
885 314.978 196.727 2 282.242 90.07
886 324.978 196.727 2 276.494 89.9346
887 334.978 196.727 2 270.993 250
888 344.978 196.727 2 265.755 250
889 354.978 196.727 2 260.795 89.5607
890 364.978 196.727 2 256.13 89.4487
891 374.978 196.727 2 251.776 89.344
892 384.978 196.727 2 247.749 89.2471
893 394.978 196.727 2 244.066 89.1584
894 404.978 196.727 2 240.742 89.0784
895 414.978 196.727 2 237.792 89.0074
896 424.978 196.727 2 235.231 250
897 434.978 196.727 2 233.071 250
898 444.978 196.727 2 231.324 250
899 454.978 196.727 2 229.998 250
900 464.978 196.727 2 229.102 250
901 474.978 196.727 2 228.639 88.7883
902 484.978 196.727 2 228.614 88.7877
903 84.9784 206.727 2 461.652 93.7118
904 94.9784 206.727 2 453.112 93.5637
905 104.978 206.727 2 444.634 93.4144
906 114.978 206.727 2 436.22 93.264
907 124.978 206.727 2 427.874 250
908 134.978 206.727 2 419.601 92.9603
909 144.978 206.727 2 411.404 92.807
910 154.978 206.727 2 403.288 92.6531
911 164.978 206.727 2 395.26 92.4984
912 174.978 206.727 2 387.322 92.3433
913 184.978 206.727 2 379.483 92.1879
914 194.978 206.727 2 371.747 92.0323
915 204.978 206.727 2 364.121 91.8768
916 214.978 206.727 2 356.613 91.7215
917 224.978 206.727 2 349.229 91.5667
918 234.978 206.727 2 341.979 91.4127
919 244.978 206.727 2 334.87 91.2598
920 254.978 206.727 2 327.912 91.1082
921 264.978 206.727 2 321.115 90.9584
922 274.978 206.727 2 314.489 90.8107
923 284.978 206.727 2 308.045 90.6656
924 294.978 206.727 2 301.795 90.5233
925 304.978 206.727 2 295.751 90.3845
926 314.978 206.727 2 289.926 90.2496
927 324.978 206.727 2 284.334 90.1191
928 334.978 206.727 2 278.988 250
929 344.978 206.727 2 273.903 250
930 354.978 206.727 2 269.093 89.759
931 364.978 206.727 2 264.575 89.6512
932 374.978 206.727 2 260.362 89.5503
933 384.978 206.727 2 256.47 89.4569
934 394.978 206.727 2 252.913 89.3714
935 404.978 206.727 2 249.707 89.2942
936 414.978 206.727 2 246.865 89.2258
937 424.978 206.727 2 244.398 250
938 434.978 206.727 2 242.32 250
939 444.978 206.727 2 240.64 250
940 454.978 206.727 2 239.366 250
941 464.978 206.727 2 238.505 250
942 474.978 206.727 2 238.061 89.0139
943 484.978 206.727 2 238.037 89.0133
944 84.9784 216.727 2 466.604 93.7967
945 94.9784 216.727 2 458.157 93.6514
946 104.978 216.727 2 449.774 93.5052
947 114.978 216.727 2 441.457 93.3579
948 124.978 216.727 2 433.213 250
949 134.978 216.727 2 425.043 93.0608
950 144.978 216.727 2 416.953 92.911
951 154.978 216.727 2 408.948 92.7607
952 164.978 216.727 2 401.033 92.6098
953 174.978 216.727 2 393.212 92.4586
954 184.978 216.727 2 385.492 92.3072
955 194.978 216.727 2 377.879 92.1558
956 204.978 216.727 2 370.38 92.0046
957 214.978 216.727 2 363.001 91.8537
958 224.978 216.727 2 355.75 91.7035
959 234.978 216.727 2 348.635 91.5542
960 244.978 216.727 2 341.665 91.406
961 254.978 216.727 2 334.848 91.2593
962 264.978 216.727 2 328.195 91.1144
963 274.978 216.727 2 321.715 90.9717
964 284.978 216.727 2 315.419 90.8315
965 294.978 216.727 2 309.318 250
966 304.978 216.727 2 303.424 250
967 314.978 216.727 2 297.749 250
968 324.978 216.727 2 292.306 250
969 334.978 216.727 2 287.109 250
970 344.978 216.727 2 282.17 250
971 354.978 216.727 2 277.504 89.9585
972 364.978 216.727 2 273.124 89.8548
973 374.978 216.727 2 269.045 89.7578
974 384.978 216.727 2 265.28 89.668
975 394.978 216.727 2 261.844 89.5858
976 404.978 216.727 2 258.748 89.5116
977 414.978 216.727 2 256.006 89.4458
978 424.978 216.727 2 253.629 250
979 434.978 216.727 2 251.627 250
980 444.978 216.727 2 250.009 250
981 454.978 216.727 2 248.783 250
982 464.978 216.727 2 247.955 250
983 474.978 216.727 2 247.528 89.2417
984 484.978 216.727 2 247.505 89.2412
985 84.9784 226.727 2 471.716 93.8835
986 94.9784 226.727 2 463.362 93.7412
987 104.978 226.727 2 455.075 250
988 114.978 226.727 2 446.858 250
989 124.978 226.727 2 438.714 250
990 134.978 226.727 2 430.649 93.1632
991 144.978 226.727 2 422.667 93.017
992 154.978 226.727 2 414.772 92.8703
993 164.978 226.727 2 406.969 92.7232
994 174.978 226.727 2 399.265 92.5759
995 184.978 226.727 2 391.665 92.4285
996 194.978 226.727 2 384.174 92.2812
997 204.978 226.727 2 376.8 92.1342
998 214.978 226.727 2 369.549 91.9877
999 224.978 226.727 2 362.429 91.842
1000 234.978 226.727 2 355.448 91.6972
1001 244.978 226.727 2 348.614 91.5537
1002 254.978 226.727 2 341.936 91.4118
1003 264.978 226.727 2 335.424 91.2717
1004 274.978 226.727 2 329.086 91.1339
1005 284.978 226.727 2 322.933 90.9987
1006 294.978 226.727 2 316.977 250
1007 304.978 226.727 2 311.228 250
1008 314.978 226.727 2 305.698 250
1009 324.978 226.727 2 300.399 250
1010 334.978 226.727 2 295.344 250
1011 344.978 226.727 2 290.546 250
1012 354.978 226.727 2 286.016 90.1585
1013 364.978 226.727 2 281.769 90.0589
1014 374.978 226.727 2 277.817 89.9659
1015 384.978 226.727 2 274.173 89.8797
1016 394.978 226.727 2 270.849 89.8008
1017 404.978 226.727 2 267.858 89.7295
1018 414.978 226.727 2 265.21 89.6663
1019 424.978 226.727 2 262.916 250
1020 434.978 226.727 2 260.985 250
1021 444.978 226.727 2 259.426 250
1022 454.978 226.727 2 258.244 250
1023 464.978 226.727 2 257.446 250
1024 474.978 226.727 2 257.035 89.4705
1025 484.978 226.727 2 257.013 89.4699
1026 84.9784 236.727 2 476.984 93.9722
1027 94.9784 236.727 2 468.724 93.8328
1028 104.978 236.727 2 460.533 93.6925
1029 114.978 236.727 2 452.414 93.5515
1030 124.978 236.727 2 444.373 250
1031 134.978 236.727 2 436.412 93.2675
1032 144.978 236.727 2 428.537 93.1248
1033 154.978 236.727 2 420.752 92.9816
1034 164.978 236.727 2 413.063 92.8382
1035 174.978 236.727 2 405.475 92.6948
1036 184.978 236.727 2 397.993 92.5513
1037 194.978 236.727 2 390.623 92.4081
1038 204.978 236.727 2 383.373 92.2653
1039 214.978 236.727 2 376.249 92.1231
1040 224.978 236.727 2 369.259 91.9818
1041 234.978 236.727 2 362.409 91.8416
1042 244.978 236.727 2 355.709 91.7027
1043 254.978 236.727 2 349.167 91.5654
1044 264.978 236.727 2 342.791 91.4301
1045 274.978 236.727 2 336.592 91.297
1046 284.978 236.727 2 330.58 91.1665
1047 294.978 236.727 2 324.764 250
1048 304.978 236.727 2 319.155 250
1049 314.978 236.727 2 313.765 250
1050 324.978 236.727 2 308.605 250
1051 334.978 236.727 2 303.686 250
1052 344.978 236.727 2 299.021 250
1053 354.978 236.727 2 294.622 90.3585
1054 364.978 236.727 2 290.501 90.263
1055 374.978 236.727 2 286.669 90.1737
1056 384.978 236.727 2 283.139 90.0911
1057 394.978 236.727 2 279.922 90.0155
1058 404.978 236.727 2 277.028 89.9472
1059 414.978 236.727 2 274.469 250
1060 424.978 236.727 2 272.253 250
1061 434.978 236.727 2 270.389 250
1062 444.978 236.727 2 268.884 250
1063 454.978 236.727 2 267.745 250
1064 464.978 236.727 2 266.975 250
1065 474.978 236.727 2 266.578 89.699
1066 484.978 236.727 2 266.557 89.6985
1067 84.9784 246.727 2 482.401 94.0626
1068 94.9784 246.727 2 474.235 93.926
1069 104.978 246.727 2 466.141 93.7888
1070 114.978 246.727 2 458.122 93.6508
1071 124.978 246.727 2 450.182 93.5124
1072 134.978 246.727 2 442.326 93.3734
1073 144.978 246.727 2 434.559 93.2341
1074 154.978 246.727 2 426.884 93.0945
1075 164.978 246.727 2 419.307 92.9548
1076 174.978 246.727 2 411.833 92.8151
1077 184.978 246.727 2 404.469 92.6756
1078 194.978 246.727 2 397.22 92.5364
1079 204.978 246.727 2 390.092 92.3977
1080 214.978 246.727 2 383.093 92.2598
1081 224.978 246.727 2 376.23 92.1228
1082 234.978 246.727 2 369.51 91.9869
1083 244.978 246.727 2 362.941 91.8525
1084 254.978 246.727 2 356.531 91.7198
1085 264.978 246.727 2 350.29 91.5891
1086 274.978 246.727 2 344.226 91.4606
1087 284.978 246.727 2 338.349 91.3348
1088 294.978 246.727 2 332.669 91.212
1089 304.978 246.727 2 327.196 91.0925
1090 314.978 246.727 2 321.94 90.9767
1091 324.978 246.727 2 316.913 90.8649
1092 334.978 246.727 2 312.126 90.7577
1093 344.978 246.727 2 307.589 90.6552
1094 354.978 246.727 2 303.314 90.558
1095 364.978 246.727 2 299.312 90.4665
1096 374.978 246.727 2 295.595 90.3809
1097 384.978 246.727 2 292.172 90.3018
1098 394.978 246.727 2 289.056 90.2294
1099 404.978 246.727 2 286.255 90.164
1100 414.978 246.727 2 283.778 90.1061
1101 424.978 246.727 2 281.636 90.0558
1102 434.978 246.727 2 279.834 90.0134
1103 444.978 246.727 2 278.38 89.9792
1104 454.978 246.727 2 277.28 89.9532
1105 464.978 246.727 2 276.537 89.9356
1106 474.978 246.727 2 276.154 89.9266
1107 484.978 246.727 2 276.133 89.9261
1108 84.9784 256.727 2 487.962 94.1545
1109 94.9784 256.727 2 479.891 94.0208
1110 104.978 256.727 2 471.894 93.8865
1111 114.978 256.727 2 463.975 93.7517
1112 124.978 256.727 2 456.137 93.6164
1113 134.978 256.727 2 448.386 93.4808
1114 144.978 256.727 2 440.725 93.3448
1115 154.978 256.727 2 433.159 93.2088
1116 164.978 256.727 2 425.694 93.0727
1117 174.978 256.727 2 418.334 92.9367
1118 184.978 256.727 2 411.087 92.8011
1119 194.978 256.727 2 403.956 92.6658
1120 204.978 256.727 2 396.95 92.5312
1121 214.978 256.727 2 390.074 92.3974
1122 224.978 256.727 2 383.335 92.2646
1123 234.978 256.727 2 376.742 92.133
1124 244.978 256.727 2 370.301 92.003
1125 254.978 256.727 2 364.021 91.8747
1126 264.978 256.727 2 357.911 91.7485
1127 274.978 256.727 2 351.978 91.6246
1128 284.978 256.727 2 346.233 91.5033
1129 294.978 256.727 2 340.684 91.385
1130 304.978 256.727 2 335.342 91.27
1131 314.978 256.727 2 330.216 91.1586
1132 324.978 256.727 2 325.317 91.0512
1133 334.978 256.727 2 320.655 90.9482
1134 344.978 256.727 2 316.24 90.8499
1135 354.978 256.727 2 312.084 90.7567
1136 364.978 256.727 2 308.196 90.669
1137 374.978 256.727 2 304.587 90.587
1138 384.978 256.727 2 301.267 90.5113
1139 394.978 256.727 2 298.245 90.442
1140 404.978 256.727 2 295.531 90.3795
1141 414.978 256.727 2 293.133 90.3241
1142 424.978 256.727 2 291.06 90.276
1143 434.978 256.727 2 289.317 90.2355
1144 444.978 256.727 2 287.911 90.2027
1145 454.978 256.727 2 286.847 90.1779
1146 464.978 256.727 2 286.129 90.1611
1147 474.978 256.727 2 285.759 90.1525
1148 484.978 256.727 2 285.739 90.152
1149 84.9784 266.727 2 493.664 94.2478
1150 94.9784 266.727 2 485.688 94.117
1151 104.978 266.727 2 477.788 93.9857
1152 114.978 266.727 2 469.968 93.8539
1153 124.978 266.727 2 462.232 93.7218
1154 134.978 266.727 2 454.584 250
1155 144.978 266.727 2 447.029 250
1156 154.978 266.727 2 439.572 250
1157 164.978 266.727 2 432.218 250
1158 174.978 266.727 2 424.971 93.0594
1159 184.978 266.727 2 417.839 92.9275
1160 194.978 266.727 2 410.826 92.7961
1161 204.978 266.727 2 403.938 92.6655
1162 214.978 266.727 2 397.183 92.5357
1163 224.978 266.727 2 390.568 92.407
1164 234.978 266.727 2 384.098 92.2797
1165 244.978 266.727 2 377.783 250
1166 254.978 266.727 2 371.63 250
1167 264.978 266.727 2 365.646 250
1168 274.978 266.727 2 359.841 91.7885
1169 284.978 266.727 2 354.223 91.6716
1170 294.978 266.727 2 348.801 250
1171 304.978 266.727 2 343.585 250
1172 314.978 266.727 2 338.584 250
1173 324.978 266.727 2 333.808 250
1174 334.978 266.727 2 329.266 250
1175 344.978 266.727 2 324.969 250
1176 354.978 266.727 2 320.926 250
1177 364.978 266.727 2 317.146 250
1178 374.978 266.727 2 313.64 250
1179 384.978 266.727 2 310.417 250
1180 394.978 266.727 2 307.485 250
1181 404.978 266.727 2 304.854 250
1182 414.978 266.727 2 302.53 250
1183 424.978 266.727 2 300.521 250
1184 434.978 266.727 2 298.833 250
1185 444.978 266.727 2 297.472 250
1186 454.978 266.727 2 296.443 250
1187 464.978 266.727 2 295.748 250
1188 474.978 266.727 2 295.39 90.3762
1189 484.978 266.727 2 295.37 90.3758
1190 84.9784 276.727 2 499.501 94.3424
1191 94.9784 276.727 2 491.62 94.2144
1192 104.978 276.727 2 483.816 94.086
1193 114.978 276.727 2 476.095 93.9573
1194 124.978 276.727 2 468.461 93.8283
1195 134.978 276.727 2 460.916 250
1196 144.978 276.727 2 453.467 250
1197 154.978 276.727 2 446.117 250
1198 164.978 276.727 2 438.873 250
1199 174.978 276.727 2 431.738 93.183
1200 184.978 276.727 2 424.719 93.0548
1201 194.978 276.727 2 417.821 92.9272
1202 204.978 276.727 2 411.051 92.8004
1203 214.978 276.727 2 404.415 92.6746
1204 224.978 276.727 2 397.92 92.5499
1205 234.978 276.727 2 391.572 92.4267
1206 244.978 276.727 2 385.379 250
1207 254.978 276.727 2 379.349 250
1208 264.978 276.727 2 373.489 250
1209 274.978 276.727 2 367.808 91.9522
1210 284.978 276.727 2 362.313 91.8396
1211 294.978 276.727 2 357.015 250
1212 304.978 276.727 2 351.92 250
1213 314.978 276.727 2 347.04 250
1214 324.978 276.727 2 342.381 250
1215 334.978 276.727 2 337.955 250
1216 344.978 276.727 2 333.769 250
1217 354.978 276.727 2 329.834 250
1218 364.978 276.727 2 326.158 250
1219 374.978 276.727 2 322.75 250
1220 384.978 276.727 2 319.618 250
1221 394.978 276.727 2 316.772 250
1222 404.978 276.727 2 314.218 250
1223 414.978 276.727 2 311.964 250
1224 424.978 276.727 2 310.016 250
1225 434.978 276.727 2 308.38 250
1226 444.978 276.727 2 307.061 250
1227 454.978 276.727 2 306.064 250
1228 464.978 276.727 2 305.391 250
1229 474.978 276.727 2 305.045 90.5975
1230 484.978 276.727 2 305.026 90.597
1231 84.9784 286.727 2 505.468 94.4382
1232 94.9784 286.727 2 497.681 94.313
1233 104.978 286.727 2 489.975 94.1875
1234 114.978 286.727 2 482.352 94.0618
1235 124.978 286.727 2 474.818 93.9358
1236 134.978 286.727 2 467.376 250
1237 144.978 286.727 2 460.032 250
1238 154.978 286.727 2 452.789 250
1239 164.978 286.727 2 445.653 250
1240 174.978 286.727 2 438.628 93.3073
1241 184.978 286.727 2 431.721 93.1827
1242 194.978 286.727 2 424.937 93.0588
1243 204.978 286.727 2 418.282 92.9358
1244 214.978 286.727 2 411.763 92.8138
1245 224.978 286.727 2 405.385 92.6931
1246 234.978 286.727 2 399.156 92.5738
1247 244.978 286.727 2 393.083 250
1248 254.978 286.727 2 387.173 250
1249 264.978 286.727 2 381.433 250
1250 274.978 286.727 2 375.872 92.1156
1251 284.978 286.727 2 370.497 92.007
1252 294.978 286.727 2 365.317 250
1253 304.978 286.727 2 360.34 250
1254 314.978 286.727 2 355.575 250
1255 324.978 286.727 2 351.03 250
1256 334.978 286.727 2 346.714 250
1257 344.978 286.727 2 342.635 250
1258 354.978 286.727 2 338.803 250
1259 364.978 286.727 2 335.225 250
1260 374.978 286.727 2 331.91 250
1261 384.978 286.727 2 328.866 250
1262 394.978 286.727 2 326.1 250
1263 404.978 286.727 2 323.62 250
1264 414.978 286.727 2 321.432 250
1265 424.978 286.727 2 319.541 250
1266 434.978 286.727 2 317.955 250
1267 444.978 286.727 2 316.676 250
1268 454.978 286.727 2 315.709 250
1269 464.978 286.727 2 315.057 250
1270 474.978 286.727 2 314.721 90.8159
1271 484.978 286.727 2 314.702 90.8155
1272 84.9784 296.727 2 511.562 94.535
1273 94.9784 296.727 2 503.869 94.4126
1274 104.978 296.727 2 496.258 94.29
1275 114.978 296.727 2 488.734 94.1672
1276 124.978 296.727 2 481.3 94.0443
1277 134.978 296.727 2 473.96 250
1278 144.978 296.727 2 466.719 250
1279 154.978 296.727 2 459.581 250
1280 164.978 296.727 2 452.552 250
1281 174.978 296.727 2 445.636 93.4322
1282 184.978 296.727 2 438.84 93.3111
1283 194.978 296.727 2 432.167 93.1908
1284 204.978 296.727 2 425.626 93.0715
1285 214.978 296.727 2 419.22 92.9532
1286 224.978 296.727 2 412.958 92.8363
1287 234.978 296.727 2 406.845 92.7208
1288 244.978 296.727 2 400.888 250
1289 254.978 296.727 2 395.094 250
1290 264.978 296.727 2 389.472 250
1291 274.978 296.727 2 384.027 92.2783
1292 284.978 296.727 2 378.768 92.1736
1293 294.978 296.727 2 373.702 250
1294 304.978 296.727 2 368.839 250
1295 314.978 296.727 2 364.185 250
1296 324.978 296.727 2 359.748 91.7866
1297 334.978 296.727 2 355.538 91.6991
1298 344.978 296.727 2 351.562 91.6158
1299 354.978 296.727 2 347.828 91.5371
1300 364.978 296.727 2 344.344 91.4632
1301 374.978 296.727 2 341.118 91.3943
1302 384.978 296.727 2 338.157 91.3307
1303 394.978 296.727 2 335.467 91.2727
1304 404.978 296.727 2 333.057 91.2204
1305 414.978 296.727 2 330.931 91.1742
1306 424.978 296.727 2 329.095 91.1341
1307 434.978 296.727 2 327.555 250
1308 444.978 296.727 2 326.314 250
1309 454.978 296.727 2 325.376 250
1310 464.978 296.727 2 324.743 250
1311 474.978 296.727 2 324.417 91.0314
1312 484.978 296.727 2 324.399 91.031
1313 84.9784 306.727 2 517.776 94.6327
1314 94.9784 306.727 2 510.177 94.5131
1315 104.978 306.727 2 502.662 94.3933
1316 114.978 306.727 2 495.235 94.2734
1317 124.978 306.727 2 487.9 94.1535
1318 134.978 306.727 2 480.661 250
1319 144.978 306.727 2 473.522 250
1320 154.978 306.727 2 466.489 250
1321 164.978 306.727 2 459.565 250
1322 174.978 306.727 2 452.757 93.5575
1323 184.978 306.727 2 446.069 93.4398
1324 194.978 306.727 2 439.506 93.3231
1325 204.978 306.727 2 433.075 93.2073
1326 214.978 306.727 2 426.782 93.0927
1327 224.978 306.727 2 420.632 92.9794
1328 234.978 306.727 2 414.632 92.8677
1329 244.978 306.727 2 408.789 250
1330 254.978 306.727 2 403.109 250
1331 264.978 306.727 2 397.599 250
1332 274.978 306.727 2 392.267 92.4402
1333 284.978 306.727 2 387.12 92.3394
1334 294.978 306.727 2 382.166 250
1335 304.978 306.727 2 377.411 250
1336 314.978 306.727 2 372.864 250
1337 324.978 306.727 2 368.532 91.967
1338 334.978 306.727 2 364.423 250
1339 344.978 306.727 2 360.545 250
1340 354.978 306.727 2 356.905 250
1341 364.978 306.727 2 353.511 91.6567
1342 374.978 306.727 2 350.369 250
1343 384.978 306.727 2 347.487 250
1344 394.978 306.727 2 344.87 250
1345 404.978 306.727 2 342.526 250
1346 414.978 306.727 2 340.459 250
1347 424.978 306.727 2 338.675 250
1348 434.978 306.727 2 337.178 250
1349 444.978 306.727 2 335.973 250
1350 454.978 306.727 2 335.062 250
1351 464.978 306.727 2 334.447 250
1352 474.978 306.727 2 334.131 91.2437
1353 484.978 306.727 2 334.113 91.2434
1354 84.9784 316.727 2 524.108 94.7313
1355 94.9784 316.727 2 516.602 94.6144
1356 104.978 316.727 2 509.182 94.4973
1357 114.978 316.727 2 501.851 94.3803
1358 124.978 316.727 2 494.614 94.2633
1359 134.978 316.727 2 487.475 250
1360 144.978 316.727 2 480.438 250
1361 154.978 316.727 2 473.507 250
1362 164.978 316.727 2 466.688 250
1363 174.978 316.727 2 459.985 93.683
1364 184.978 316.727 2 453.403 93.5688
1365 194.978 316.727 2 446.948 93.4554
1366 204.978 316.727 2 440.626 93.3431
1367 214.978 316.727 2 434.442 93.232
1368 224.978 316.727 2 428.402 93.1223
1369 234.978 316.727 2 422.512 93.0142
1370 244.978 316.727 2 416.779 250
1371 254.978 316.727 2 411.21 250
1372 264.978 316.727 2 405.81 250
1373 274.978 316.727 2 400.588 92.6013
1374 284.978 316.727 2 395.549 92.5041
1375 294.978 316.727 2 390.701 250
1376 304.978 316.727 2 386.052 250
1377 314.978 316.727 2 381.608 250
1378 324.978 316.727 2 377.376 92.1458
1379 334.978 316.727 2 373.365 250
1380 344.978 316.727 2 369.581 250
1381 354.978 316.727 2 366.031 250
1382 364.978 316.727 2 362.722 91.848
1383 374.978 316.727 2 359.66 250
1384 384.978 316.727 2 356.853 250
1385 394.978 316.727 2 354.305 250
1386 404.978 316.727 2 352.024 250
1387 414.978 316.727 2 350.013 250
1388 424.978 316.727 2 348.278 250
1389 434.978 316.727 2 346.823 250
1390 444.978 316.727 2 345.651 250
1391 454.978 316.727 2 344.766 250
1392 464.978 316.727 2 344.168 250
1393 474.978 316.727 2 343.861 91.4529
1394 484.978 316.727 2 343.844 91.4525
1395 84.9784 326.727 2 530.553 94.8306
1396 94.9784 326.727 2 523.139 94.7163
1397 104.978 326.727 2 515.813 94.602
1398 114.978 326.727 2 508.578 94.4877
1399 124.978 326.727 2 501.438 94.3736
1400 134.978 326.727 2 494.397 94.2597
1401 144.978 326.727 2 487.46 94.1462
1402 154.978 326.727 2 480.631 94.0331
1403 164.978 326.727 2 473.914 93.9206
1404 174.978 326.727 2 467.314 93.8088
1405 184.978 326.727 2 460.838 93.6978
1406 194.978 326.727 2 454.488 93.5877
1407 204.978 326.727 2 448.272 93.4788
1408 214.978 326.727 2 442.195 93.3711
1409 224.978 326.727 2 436.263 93.2648
1410 234.978 326.727 2 430.481 93.1602
1411 244.978 326.727 2 424.855 93.0573
1412 254.978 326.727 2 419.393 92.9564
1413 264.978 326.727 2 414.1 92.8577
1414 274.978 326.727 2 408.984 92.7614
1415 284.978 326.727 2 404.05 92.6676
1416 294.978 326.727 2 399.305 92.5766
1417 304.978 326.727 2 394.757 92.4887
1418 314.978 326.727 2 390.412 92.404
1419 324.978 326.727 2 386.277 92.3227
1420 334.978 326.727 2 382.359 92.2452
1421 344.978 326.727 2 378.665 92.1716
1422 354.978 326.727 2 375.201 92.1021
1423 364.978 326.727 2 371.973 92.0369
1424 374.978 326.727 2 368.988 91.9763
1425 384.978 326.727 2 366.253 91.9205
1426 394.978 326.727 2 363.771 91.8696
1427 404.978 326.727 2 361.549 91.8238
1428 414.978 326.727 2 359.592 91.7834
1429 424.978 326.727 2 357.903 91.7483
1430 434.978 326.727 2 356.487 91.7189
1431 444.978 326.727 2 355.347 91.6951
1432 454.978 326.727 2 354.486 91.6771
1433 464.978 326.727 2 353.905 91.665
1434 474.978 326.727 2 353.606 91.6587
1435 484.978 326.727 2 353.59 91.6584
1436 84.9784 336.727 2 537.107 94.9305
1437 94.9784 336.727 2 529.785 94.8188
1438 104.978 336.727 2 522.552 94.7072
1439 114.978 336.727 2 515.411 94.5957
1440 124.978 336.727 2 508.367 94.4844
1441 134.978 336.727 2 501.424 94.3734
1442 144.978 336.727 2 494.585 94.2628
1443 154.978 336.727 2 487.855 94.1527
1444 164.978 336.727 2 481.239 94.0433
1445 174.978 336.727 2 474.742 93.9346
1446 184.978 336.727 2 468.368 93.8267
1447 194.978 336.727 2 462.122 93.7199
1448 204.978 336.727 2 456.01 93.6142
1449 214.978 336.727 2 450.037 93.5098
1450 224.978 336.727 2 444.21 93.4069
1451 234.978 336.727 2 438.532 93.3056
1452 244.978 336.727 2 433.012 93.2061
1453 254.978 336.727 2 427.654 93.1086
1454 264.978 336.727 2 422.464 93.0133
1455 274.978 336.727 2 417.45 92.9203
1456 284.978 336.727 2 412.617 92.8299
1457 294.978 336.727 2 407.973 92.7422
1458 304.978 336.727 2 403.522 92.6575
1459 314.978 336.727 2 399.273 92.576
1460 324.978 336.727 2 395.23 92.4979
1461 334.978 336.727 2 391.402 92.4233
1462 344.978 336.727 2 387.794 92.3526
1463 354.978 336.727 2 384.412 92.2859
1464 364.978 336.727 2 381.262 92.2234
1465 374.978 336.727 2 378.351 92.1653
1466 384.978 336.727 2 375.683 92.1118
1467 394.978 336.727 2 373.265 92.063
1468 404.978 336.727 2 371.1 92.0192
1469 414.978 336.727 2 369.193 91.9805
1470 424.978 336.727 2 367.548 91.9469
1471 434.978 336.727 2 366.17 91.9188
1472 444.978 336.727 2 365.06 91.896
1473 454.978 336.727 2 364.222 91.8788
1474 464.978 336.727 2 363.656 91.8672
1475 474.978 336.727 2 363.365 91.8612
1476 484.978 336.727 2 363.349 91.8609
1477 84.9784 346.727 2 543.765 95.0309
1478 94.9784 346.727 2 536.534 94.9218
1479 104.978 346.727 2 529.393 94.8128
1480 114.978 346.727 2 522.347 250
1481 124.978 346.727 2 515.397 250
1482 134.978 346.727 2 508.55 250
1483 144.978 346.727 2 501.808 250
1484 154.978 346.727 2 495.177 250
1485 164.978 346.727 2 488.66 250
1486 174.978 346.727 2 482.262 250
1487 184.978 346.727 2 475.989 93.9555
1488 194.978 346.727 2 469.844 93.8518
1489 204.978 346.727 2 463.834 93.7493
1490 214.978 346.727 2 457.964 93.6481
1491 224.978 346.727 2 452.238 93.5484
1492 234.978 346.727 2 446.663 93.4504
1493 244.978 346.727 2 441.244 250
1494 254.978 346.727 2 435.987 250
1495 264.978 346.727 2 430.898 250
1496 274.978 346.727 2 425.983 93.078
1497 284.978 346.727 2 421.248 92.9908
1498 294.978 346.727 2 416.7 92.9063
1499 304.978 346.727 2 412.343 92.8247
1500 314.978 346.727 2 408.186 92.7462
1501 324.978 346.727 2 404.233 92.6711
1502 334.978 346.727 2 400.49 92.5994
1503 344.978 346.727 2 396.965 92.5315
1504 354.978 346.727 2 393.662 92.4674
1505 364.978 346.727 2 390.587 92.4074
1506 374.978 346.727 2 387.745 92.3517
1507 384.978 346.727 2 385.143 250
1508 394.978 346.727 2 382.784 250
1509 404.978 346.727 2 380.673 250
1510 414.978 346.727 2 378.814 250
1511 424.978 346.727 2 377.212 250
1512 434.978 346.727 2 375.869 250
1513 444.978 346.727 2 374.788 92.0937
1514 454.978 346.727 2 373.971 250
1515 464.978 346.727 2 373.42 250
1516 474.978 346.727 2 373.137 92.0604
1517 484.978 346.727 2 373.122 92.0601
1518 84.9784 356.727 2 550.525 95.1318
1519 94.9784 356.727 2 543.384 95.0252
1520 104.978 356.727 2 536.334 250
1521 114.978 356.727 2 529.38 250
1522 124.978 356.727 2 522.524 250
1523 134.978 356.727 2 515.771 250
1524 144.978 356.727 2 509.125 250
1525 154.978 356.727 2 502.59 250
1526 164.978 356.727 2 496.171 250
1527 174.978 356.727 2 489.871 250
1528 184.978 356.727 2 483.697 94.0841
1529 194.978 356.727 2 477.651 93.9834
1530 204.978 356.727 2 471.741 93.8839
1531 214.978 356.727 2 465.97 93.7858
1532 224.978 356.727 2 460.344 93.6892
1533 234.978 356.727 2 454.868 93.5943
1534 244.978 356.727 2 449.548 250
1535 254.978 356.727 2 444.389 250
1536 264.978 356.727 2 439.398 250
1537 274.978 356.727 2 434.579 93.2345
1538 284.978 356.727 2 429.939 93.1503
1539 294.978 356.727 2 425.483 93.0688
1540 304.978 356.727 2 421.217 92.9902
1541 314.978 356.727 2 417.148 92.9147
1542 324.978 356.727 2 413.281 92.8423
1543 334.978 356.727 2 409.621 92.7734
1544 344.978 356.727 2 406.175 92.7081
1545 354.978 356.727 2 402.947 92.6465
1546 364.978 356.727 2 399.944 92.5889
1547 374.978 356.727 2 397.169 92.5354
1548 384.978 356.727 2 394.629 92.4862
1549 394.978 356.727 2 392.327 250
1550 404.978 356.727 2 390.268 250
1551 414.978 356.727 2 388.455 250
1552 424.978 356.727 2 386.893 250
1553 434.978 356.727 2 385.583 250
1554 444.978 356.727 2 384.529 92.2882
1555 454.978 356.727 2 383.733 250
1556 464.978 356.727 2 383.197 250
1557 474.978 356.727 2 382.921 92.2563
1558 484.978 356.727 2 382.906 92.256
1559 84.9784 366.727 2 557.382 95.233
1560 94.9784 366.727 2 550.33 95.1289
1561 104.978 366.727 2 543.37 250
1562 114.978 366.727 2 536.507 250
1563 124.978 366.727 2 529.744 250
1564 134.978 366.727 2 523.084 250
1565 144.978 366.727 2 516.532 250
1566 154.978 366.727 2 510.092 250
1567 164.978 366.727 2 503.768 250
1568 174.978 366.727 2 497.565 250
1569 184.978 366.727 2 491.487 94.2123
1570 194.978 366.727 2 485.539 250
1571 204.978 366.727 2 479.725 250
1572 214.978 366.727 2 474.051 250
1573 224.978 366.727 2 468.522 250
1574 234.978 366.727 2 463.143 250
1575 244.978 366.727 2 457.919 250
1576 254.978 366.727 2 452.856 250
1577 264.978 366.727 2 447.959 250
1578 274.978 366.727 2 443.233 93.3896
1579 284.978 366.727 2 438.685 93.3083
1580 294.978 366.727 2 434.319 93.2298
1581 304.978 366.727 2 430.141 93.154
1582 314.978 366.727 2 426.157 93.0812
1583 324.978 366.727 2 422.372 93.0116
1584 334.978 366.727 2 418.792 92.9452
1585 344.978 366.727 2 415.422 92.8824
1586 354.978 366.727 2 412.266 92.8233
1587 364.978 366.727 2 409.331 92.7679
1588 374.978 366.727 2 406.621 92.7166
1589 384.978 366.727 2 404.14 92.6693
1590 394.978 366.727 2 401.892 250
1591 404.978 366.727 2 399.882 250
1592 414.978 366.727 2 398.114 250
1593 424.978 366.727 2 396.589 250
1594 434.978 366.727 2 395.312 250
1595 444.978 366.727 2 394.284 92.4795
1596 454.978 366.727 2 393.508 250
1597 464.978 366.727 2 392.985 250
1598 474.978 366.727 2 392.715 92.449
1599 484.978 366.727 2 392.701 92.4487
1600 84.9784 376.727 2 564.333 95.3345
1601 94.9784 376.727 2 557.369 95.2328
1602 104.978 376.727 2 550.498 250
1603 114.978 376.727 2 543.725 250
1604 124.978 376.727 2 537.053 250
1605 134.978 376.727 2 530.485 250
1606 144.978 376.727 2 524.025 250
1607 154.978 376.727 2 517.678 250
1608 164.978 376.727 2 511.448 250
1609 174.978 376.727 2 505.339 250
1610 184.978 376.727 2 499.356 94.3401
1611 194.978 376.727 2 493.503 250
1612 204.978 376.727 2 487.784 250
1613 214.978 376.727 2 482.205 250
1614 224.978 376.727 2 476.771 250
1615 234.978 376.727 2 471.486 250
1616 244.978 376.727 2 466.355 250
1617 254.978 376.727 2 461.385 250
1618 264.978 376.727 2 456.579 250
1619 274.978 376.727 2 451.943 93.5432
1620 284.978 376.727 2 447.483 93.4648
1621 294.978 376.727 2 443.204 93.389
1622 304.978 376.727 2 439.111 93.316
1623 314.978 376.727 2 435.209 93.2458
1624 324.978 376.727 2 431.503 93.1788
1625 334.978 376.727 2 428 93.1149
1626 344.978 376.727 2 424.702 93.0545
1627 354.978 376.727 2 421.617 92.9976
1628 364.978 376.727 2 418.747 92.9444
1629 374.978 376.727 2 416.098 92.8951
1630 384.978 376.727 2 413.674 250
1631 394.978 376.727 2 411.478 250
1632 404.978 376.727 2 409.516 250
1633 414.978 376.727 2 407.788 250
1634 424.978 376.727 2 406.3 250
1635 434.978 376.727 2 405.054 250
1636 444.978 376.727 2 404.051 250
1637 454.978 376.727 2 403.293 250
1638 464.978 376.727 2 402.783 250
1639 474.978 376.727 2 402.52 92.6384
1640 484.978 376.727 2 402.506 92.6381
1641 84.9784 386.727 2 571.374 95.4362
1642 94.9784 386.727 2 564.497 95.3369
1643 104.978 386.727 2 557.715 95.2379
1644 114.978 386.727 2 551.03 250
1645 124.978 386.727 2 544.447 250
1646 134.978 386.727 2 537.969 250
1647 144.978 386.727 2 531.601 250
1648 154.978 386.727 2 525.346 250
1649 164.978 386.727 2 519.207 250
1650 174.978 386.727 2 513.191 250
1651 184.978 386.727 2 507.3 94.4674
1652 194.978 386.727 2 501.539 250
1653 204.978 386.727 2 495.914 250
1654 214.978 386.727 2 490.427 250
1655 224.978 386.727 2 485.085 250
1656 234.978 386.727 2 479.891 250
1657 244.978 386.727 2 474.852 250
1658 254.978 386.727 2 469.971 250
1659 264.978 386.727 2 465.254 250
1660 274.978 386.727 2 460.706 93.6955
1661 284.978 386.727 2 456.331 93.6198
1662 294.978 386.727 2 452.136 93.5466
1663 304.978 386.727 2 448.124 93.4761
1664 314.978 386.727 2 444.301 93.4085
1665 324.978 386.727 2 440.672 93.3439
1666 334.978 386.727 2 437.242 93.2824
1667 344.978 386.727 2 434.015 93.2243
1668 354.978 386.727 2 430.996 93.1695
1669 364.978 386.727 2 428.189 93.1184
1670 374.978 386.727 2 425.599 93.071
1671 384.978 386.727 2 423.229 250
1672 394.978 386.727 2 421.084 250
1673 404.978 386.727 2 419.166 250
1674 414.978 386.727 2 417.479 250
1675 424.978 386.727 2 416.025 250
1676 434.978 386.727 2 414.808 250
1677 444.978 386.727 2 413.828 250
1678 454.978 386.727 2 413.089 250
1679 464.978 386.727 2 412.59 250
1680 474.978 386.727 2 412.334 92.8245
1681 484.978 386.727 2 412.32 92.8243
1682 84.9784 396.727 2 578.503 95.538
1683 94.9784 396.727 2 571.712 95.441
1684 104.978 396.727 2 565.016 95.3444
1685 114.978 396.727 2 558.418 95.2482
1686 124.978 396.727 2 551.923 95.1525
1687 134.978 396.727 2 545.535 95.0574
1688 144.978 396.727 2 539.255 94.963
1689 154.978 396.727 2 533.09 94.8694
1690 164.978 396.727 2 527.042 94.7766
1691 174.978 396.727 2 521.116 94.6849
1692 184.978 396.727 2 515.316 94.5942
1693 194.978 396.727 2 509.646 94.5047
1694 204.978 396.727 2 504.11 94.4165
1695 214.978 396.727 2 498.714 94.3297
1696 224.978 396.727 2 493.462 94.2445
1697 234.978 396.727 2 488.357 94.161
1698 244.978 396.727 2 483.406 250
1699 254.978 396.727 2 478.612 250
1700 264.978 396.727 2 473.981 250
1701 274.978 396.727 2 469.518 93.8463
1702 284.978 396.727 2 465.226 93.7731
1703 294.978 396.727 2 461.111 93.7025
1704 304.978 396.727 2 457.179 93.6345
1705 314.978 396.727 2 453.432 93.5693
1706 324.978 396.727 2 449.877 93.507
1707 334.978 396.727 2 446.517 93.4478
1708 344.978 396.727 2 443.358 93.3918
1709 354.978 396.727 2 440.403 93.3391
1710 364.978 396.727 2 437.656 93.2899
1711 374.978 396.727 2 435.122 93.2443
1712 384.978 396.727 2 432.805 250
1713 394.978 396.727 2 430.707 250
1714 404.978 396.727 2 428.832 250
1715 414.978 396.727 2 427.183 250
1716 424.978 396.727 2 425.763 250
1717 434.978 396.727 2 424.573 250
1718 444.978 396.727 2 423.616 250
1719 454.978 396.727 2 422.894 250
1720 464.978 396.727 2 422.407 250
1721 474.978 396.727 2 422.157 93.0076
1722 484.978 396.727 2 422.143 93.0073
1723 84.9784 406.727 2 585.715 95.64
1724 94.9784 406.727 2 579.009 95.5452
1725 104.978 406.727 2 572.398 95.4509
1726 114.978 406.727 2 565.887 95.357
1727 124.978 406.727 2 559.479 95.2637
1728 134.978 406.727 2 553.177 95.171
1729 144.978 406.727 2 546.986 95.0791
1730 154.978 406.727 2 540.908 94.9879
1731 164.978 406.727 2 534.949 94.8977
1732 174.978 406.727 2 529.111 94.8085
1733 184.978 406.727 2 523.4 94.7203
1734 194.978 406.727 2 517.818 94.6334
1735 204.978 406.727 2 512.371 94.5478
1736 214.978 406.727 2 507.063 94.4636
1737 224.978 406.727 2 501.898 94.381
1738 234.978 406.727 2 496.88 94.3
1739 244.978 406.727 2 492.015 94.2209
1740 254.978 406.727 2 487.306 94.1437
1741 264.978 406.727 2 482.758 94.0685
1742 274.978 406.727 2 478.376 93.9955
1743 284.978 406.727 2 474.165 93.9248
1744 294.978 406.727 2 470.128 93.8566
1745 304.978 406.727 2 466.272 93.791
1746 314.978 406.727 2 462.599 93.7281
1747 324.978 406.727 2 459.115 93.668
1748 334.978 406.727 2 455.823 93.6109
1749 344.978 406.727 2 452.729 93.557
1750 354.978 406.727 2 449.835 93.5063
1751 364.978 406.727 2 447.147 93.4589
1752 374.978 406.727 2 444.667 93.415
1753 384.978 406.727 2 442.399 93.3747
1754 394.978 406.727 2 440.347 93.3381
1755 404.978 406.727 2 438.513 93.3053
1756 414.978 406.727 2 436.901 93.2763
1757 424.978 406.727 2 435.512 93.2513
1758 434.978 406.727 2 434.349 93.2303
1759 444.978 406.727 2 433.414 93.2134
1760 454.978 406.727 2 432.708 93.2006
1761 464.978 406.727 2 432.232 93.192
1762 474.978 406.727 2 431.988 93.1876
1763 484.978 406.727 2 431.974 93.1873
1764 84.9784 416.727 2 593.009 95.7419
1765 94.9784 416.727 2 586.386 95.6494
1766 104.978 416.727 2 579.859 95.5573
1767 114.978 416.727 2 573.433 250
1768 124.978 416.727 2 567.11 250
1769 134.978 416.727 2 560.894 250
1770 144.978 416.727 2 554.789 250
1771 154.978 416.727 2 548.798 95.1061
1772 164.978 416.727 2 542.925 95.0183
1773 174.978 416.727 2 537.174 94.9315
1774 184.978 416.727 2 531.549 94.8458
1775 194.978 416.727 2 526.054 94.7614
1776 204.978 416.727 2 520.693 94.6783
1777 214.978 416.727 2 515.471 94.5966
1778 224.978 416.727 2 510.39 94.5165
1779 234.978 416.727 2 505.457 94.438
1780 244.978 416.727 2 500.675 94.3613
1781 254.978 416.727 2 496.048 94.2866
1782 264.978 416.727 2 491.581 94.2138
1783 274.978 416.727 2 487.279 94.1432
1784 284.978 416.727 2 483.145 94.0749
1785 294.978 416.727 2 479.184 94.009
1786 304.978 416.727 2 475.401 93.9456
1787 314.978 416.727 2 471.799 93.8849
1788 324.978 416.727 2 468.384 93.827
1789 334.978 416.727 2 465.158 93.7719
1790 344.978 416.727 2 462.126 93.7199
1791 354.978 416.727 2 459.291 93.6711
1792 364.978 416.727 2 456.659 93.6255
1793 374.978 416.727 2 454.231 93.5832
1794 384.978 416.727 2 452.011 93.5444
1795 394.978 416.727 2 450.003 93.5092
1796 404.978 416.727 2 448.209 93.4776
1797 414.978 416.727 2 446.631 93.4498
1798 424.978 416.727 2 445.273 93.4258
1799 434.978 416.727 2 444.136 93.4056
1800 444.978 416.727 2 443.221 93.3893
1801 454.978 416.727 2 442.531 93.3771
1802 464.978 416.727 2 442.066 93.3688
1803 474.978 416.727 2 441.826 93.3645
1804 484.978 416.727 2 441.813 93.3643
1805 84.9784 426.727 2 600.38 95.8438
1806 94.9784 426.727 2 593.839 95.7534
1807 104.978 426.727 2 587.396 95.6635
1808 114.978 426.727 2 581.053 250
1809 124.978 426.727 2 574.814 250
1810 134.978 426.727 2 568.682 250
1811 144.978 426.727 2 562.661 250
1812 154.978 426.727 2 556.755 95.2238
1813 164.978 426.727 2 550.967 250
1814 174.978 426.727 2 545.301 250
1815 184.978 426.727 2 539.761 250
1816 194.978 426.727 2 534.35 250
1817 204.978 426.727 2 529.073 250
1818 214.978 426.727 2 523.934 250
1819 224.978 426.727 2 518.937 94.6509
1820 234.978 426.727 2 514.085 250
1821 244.978 426.727 2 509.384 250
1822 254.978 426.727 2 504.837 250
1823 264.978 426.727 2 500.449 250
1824 274.978 426.727 2 496.224 94.2894
1825 284.978 426.727 2 492.165 94.2234
1826 294.978 426.727 2 488.277 94.1597
1827 304.978 426.727 2 484.565 250
1828 314.978 426.727 2 481.032 250
1829 324.978 426.727 2 477.682 250
1830 334.978 426.727 2 474.519 250
1831 344.978 426.727 2 471.548 250
1832 354.978 426.727 2 468.77 250
1833 364.978 426.727 2 466.191 250
1834 374.978 426.727 2 463.813 250
1835 384.978 426.727 2 461.64 250
1836 394.978 426.727 2 459.673 250
1837 404.978 426.727 2 457.917 250
1838 414.978 426.727 2 456.373 250
1839 424.978 426.727 2 455.044 250
1840 434.978 426.727 2 453.931 250
1841 444.978 426.727 2 453.036 250
1842 454.978 426.727 2 452.361 250
1843 464.978 426.727 2 451.906 93.5426
1844 474.978 426.727 2 451.672 93.5385
1845 484.978 426.727 2 451.659 250
1846 84.9784 436.727 2 607.827 95.9456
1847 94.9784 436.727 2 601.367 95.8574
1848 104.978 436.727 2 595.005 95.7696
1849 114.978 436.727 2 588.744 250
1850 124.978 436.727 2 582.587 250
1851 134.978 436.727 2 576.538 250
1852 144.978 436.727 2 570.6 250
1853 154.978 436.727 2 564.777 95.3409
1854 164.978 436.727 2 559.072 250
1855 174.978 436.727 2 553.489 250
1856 184.978 436.727 2 548.031 250
1857 194.978 436.727 2 542.703 250
1858 204.978 436.727 2 537.509 250
1859 214.978 436.727 2 532.451 250
1860 224.978 436.727 2 527.534 94.7842
1861 234.978 436.727 2 522.763 250
1862 244.978 436.727 2 518.14 250
1863 254.978 436.727 2 513.671 250
1864 264.978 436.727 2 509.359 250
1865 274.978 436.727 2 505.208 94.434
1866 284.978 436.727 2 501.222 94.3701
1867 294.978 436.727 2 497.405 94.3086
1868 304.978 436.727 2 493.761 250
1869 314.978 436.727 2 490.295 250
1870 324.978 436.727 2 487.008 250
1871 334.978 436.727 2 483.907 250
1872 344.978 436.727 2 480.993 250
1873 354.978 436.727 2 478.27 250
1874 364.978 436.727 2 475.743 250
1875 374.978 436.727 2 473.413 250
1876 384.978 436.727 2 471.283 250
1877 394.978 436.727 2 469.358 250
1878 404.978 436.727 2 467.638 250
1879 414.978 436.727 2 466.126 250
1880 424.978 436.727 2 464.825 250
1881 434.978 436.727 2 463.735 250
1882 444.978 436.727 2 462.86 250
1883 454.978 436.727 2 462.199 250
1884 464.978 436.727 2 461.753 93.7135
1885 474.978 436.727 2 461.524 93.7096
1886 484.978 436.727 2 461.512 250
1887 84.9784 446.727 2 615.346 96.0473
1888 94.9784 446.727 2 608.966 95.9611
1889 104.978 446.727 2 602.684 95.8754
1890 114.978 446.727 2 596.503 250
1891 124.978 446.727 2 590.427 250
1892 134.978 446.727 2 584.46 250
1893 144.978 446.727 2 578.603 250
1894 154.978 446.727 2 572.861 95.4575
1895 164.978 446.727 2 567.238 250
1896 174.978 446.727 2 561.736 250
1897 184.978 446.727 2 556.359 250
1898 194.978 446.727 2 551.112 250
1899 204.978 446.727 2 545.997 250
1900 214.978 446.727 2 541.018 250
1901 224.978 446.727 2 536.18 94.9164
1902 234.978 446.727 2 531.487 250
1903 244.978 446.727 2 526.941 250
1904 254.978 446.727 2 522.547 250
1905 264.978 446.727 2 518.308 250
1906 274.978 446.727 2 514.229 94.5771
1907 284.978 446.727 2 510.314 94.5153
1908 294.978 446.727 2 506.566 94.4557
1909 304.978 446.727 2 502.988 250
1910 314.978 446.727 2 499.586 250
1911 324.978 446.727 2 496.361 250
1912 334.978 446.727 2 493.318 250
1913 344.978 446.727 2 490.46 250
1914 354.978 446.727 2 487.791 250
1915 364.978 446.727 2 485.312 250
1916 374.978 446.727 2 483.029 250
1917 384.978 446.727 2 480.942 250
1918 394.978 446.727 2 479.055 250
1919 404.978 446.727 2 477.37 250
1920 414.978 446.727 2 475.889 250
1921 424.978 446.727 2 474.615 250
1922 434.978 446.727 2 473.548 250
1923 444.978 446.727 2 472.69 250
1924 454.978 446.727 2 472.043 250
1925 464.978 446.727 2 471.607 93.8817
1926 474.978 446.727 2 471.383 93.8779
1927 484.978 446.727 2 471.37 250
1928 84.9784 456.727 2 622.935 96.1488
1929 94.9784 456.727 2 616.633 96.0646
1930 104.978 456.727 2 610.43 95.981
1931 114.978 456.727 2 604.329 250
1932 124.978 456.727 2 598.332 250
1933 134.978 456.727 2 592.444 250
1934 144.978 456.727 2 586.667 250
1935 154.978 456.727 2 581.005 95.5735
1936 164.978 456.727 2 575.461 250
1937 174.978 456.727 2 570.039 250
1938 184.978 456.727 2 564.741 250
1939 194.978 456.727 2 559.572 250
1940 204.978 456.727 2 554.535 250
1941 214.978 456.727 2 549.634 250
1942 224.978 456.727 2 544.873 95.0475
1943 234.978 456.727 2 540.254 250
1944 244.978 456.727 2 535.783 250
1945 254.978 456.727 2 531.462 250
1946 264.978 456.727 2 527.295 250
1947 274.978 456.727 2 523.287 94.7186
1948 284.978 456.727 2 519.439 94.6587
1949 294.978 456.727 2 515.758 94.6011
1950 304.978 456.727 2 512.244 250
1951 314.978 456.727 2 508.904 250
1952 324.978 456.727 2 505.738 250
1953 334.978 456.727 2 502.752 250
1954 344.978 456.727 2 499.948 250
1955 354.978 456.727 2 497.33 250
1956 364.978 456.727 2 494.899 250
1957 374.978 456.727 2 492.66 250
1958 384.978 456.727 2 490.614 250
1959 394.978 456.727 2 488.764 250
1960 404.978 456.727 2 487.113 250
1961 414.978 456.727 2 485.662 250
1962 424.978 456.727 2 484.413 250
1963 434.978 456.727 2 483.368 250
1964 444.978 456.727 2 482.528 250
1965 454.978 456.727 2 481.894 250
1966 464.978 456.727 2 481.467 94.047
1967 474.978 456.727 2 481.247 94.0434
1968 484.978 456.727 2 481.235 250
1969 84.9784 466.727 2 630.591 96.2501
1970 94.9784 466.727 2 624.366 96.1678
1971 104.978 466.727 2 618.241 96.0862
1972 114.978 466.727 2 612.217 250
1973 124.978 466.727 2 606.299 250
1974 134.978 466.727 2 600.489 250
1975 144.978 466.727 2 594.79 250
1976 154.978 466.727 2 589.206 95.6889
1977 164.978 466.727 2 583.74 250
1978 174.978 466.727 2 578.395 250
1979 184.978 466.727 2 573.175 250
1980 194.978 466.727 2 568.083 250
1981 204.978 466.727 2 563.122 250
1982 214.978 466.727 2 558.296 250
1983 224.978 466.727 2 553.609 95.1774
1984 234.978 466.727 2 549.065 250
1985 244.978 466.727 2 544.665 250
1986 254.978 466.727 2 540.415 250
1987 264.978 466.727 2 536.318 250
1988 274.978 466.727 2 532.378 94.8585
1989 284.978 466.727 2 528.597 94.8005
1990 294.978 466.727 2 524.979 94.7448
1991 304.978 466.727 2 521.528 250
1992 314.978 466.727 2 518.247 250
1993 324.978 466.727 2 515.139 250
1994 334.978 466.727 2 512.208 250
1995 344.978 466.727 2 509.456 250
1996 354.978 466.727 2 506.886 250
1997 364.978 466.727 2 504.502 250
1998 374.978 466.727 2 502.305 250
1999 384.978 466.727 2 500.299 250
2000 394.978 466.727 2 498.485 250
2001 404.978 466.727 2 496.866 250
2002 414.978 466.727 2 495.444 250
2003 424.978 466.727 2 494.22 250
2004 434.978 466.727 2 493.195 250
2005 444.978 466.727 2 492.372 250
2006 454.978 466.727 2 491.75 250
2007 464.978 466.727 2 491.332 94.2097
2008 474.978 466.727 2 491.117 94.2062
2009 484.978 466.727 2 491.105 250
2010 84.9784 476.727 2 638.312 96.3511
2011 94.9784 476.727 2 632.163 96.2708
2012 104.978 476.727 2 626.114 96.191
2013 114.978 476.727 2 620.167 96.1119
2014 124.978 476.727 2 614.325 96.0336
2015 134.978 476.727 2 608.592 95.956
2016 144.978 476.727 2 602.97 95.8794
2017 154.978 476.727 2 597.462 95.8036
2018 164.978 476.727 2 592.072 95.7289
2019 174.978 476.727 2 586.803 95.6552
2020 184.978 476.727 2 581.658 95.5828
2021 194.978 476.727 2 576.641 95.5115
2022 204.978 476.727 2 571.755 95.4417
2023 214.978 476.727 2 567.003 95.3732
2024 224.978 476.727 2 562.388 95.3062
2025 234.978 476.727 2 557.915 95.2408
2026 244.978 476.727 2 553.586 95.1771
2027 254.978 476.727 2 549.405 95.1151
2028 264.978 476.727 2 545.375 95.055
2029 274.978 476.727 2 541.501 94.9969
2030 284.978 476.727 2 537.784 94.9407
2031 294.978 476.727 2 534.228 94.8867
2032 304.978 476.727 2 530.837 250
2033 314.978 476.727 2 527.614 250
2034 324.978 476.727 2 524.562 250
2035 334.978 476.727 2 521.684 250
2036 344.978 476.727 2 518.982 250
2037 354.978 476.727 2 516.46 250
2038 364.978 476.727 2 514.12 250
2039 374.978 476.727 2 511.965 250
2040 384.978 476.727 2 509.996 250
2041 394.978 476.727 2 508.217 250
2042 404.978 476.727 2 506.629 250
2043 414.978 476.727 2 505.234 250
2044 424.978 476.727 2 504.034 250
2045 434.978 476.727 2 503.029 250
2046 444.978 476.727 2 502.222 250
2047 454.978 476.727 2 501.613 250
2048 464.978 476.727 2 501.203 94.3698
2049 474.978 476.727 2 500.992 94.3664
2050 484.978 476.727 2 500.98 250
2051 84.9784 486.727 2 646.095 96.4518
2052 94.9784 486.727 2 640.021 96.3733
2053 104.978 486.727 2 634.047 96.2955
2054 114.978 486.727 2 628.175 96.2183
2055 124.978 486.727 2 622.409 96.1418
2056 134.978 486.727 2 616.75 96.0662
2057 144.978 486.727 2 611.203 95.9914
2058 154.978 486.727 2 605.771 95.9176
2059 164.978 486.727 2 600.455 95.8448
2060 174.978 486.727 2 595.261 95.7732
2061 184.978 486.727 2 590.189 95.7026
2062 194.978 486.727 2 585.245 95.6334
2063 204.978 486.727 2 580.431 95.5654
2064 214.978 486.727 2 575.751 95.4988
2065 224.978 486.727 2 571.207 95.4338
2066 234.978 486.727 2 566.803 95.3703
2067 244.978 486.727 2 562.543 95.3084
2068 254.978 486.727 2 558.429 95.2483
2069 264.978 486.727 2 554.465 95.1901
2070 274.978 486.727 2 550.654 95.1337
2071 284.978 486.727 2 546.999 95.0793
2072 294.978 486.727 2 543.504 95.027
2073 304.978 486.727 2 540.172 94.9768
2074 314.978 486.727 2 537.005 94.9289
2075 324.978 486.727 2 534.006 94.8833
2076 334.978 486.727 2 531.179 94.8402
2077 344.978 486.727 2 528.526 94.7995
2078 354.978 486.727 2 526.049 94.7613
2079 364.978 486.727 2 523.752 94.7258
2080 374.978 486.727 2 521.637 94.6929
2081 384.978 486.727 2 519.705 94.6629
2082 394.978 486.727 2 517.959 94.6356
2083 404.978 486.727 2 516.401 94.6112
2084 414.978 486.727 2 515.033 94.5897
2085 424.978 486.727 2 513.855 94.5712
2086 434.978 486.727 2 512.87 94.5557
2087 444.978 486.727 2 512.078 94.5432
2088 454.978 486.727 2 511.481 94.5337
2089 464.978 486.727 2 511.078 94.5274
2090 474.978 486.727 2 510.871 94.5241
2091 484.978 486.727 2 510.86 94.5239
2092 84.9784 496.727 2 653.939 96.5522
2093 94.9784 496.727 2 647.938 96.4755
2094 104.978 496.727 2 642.038 250
2095 114.978 496.727 2 636.24 250
2096 124.978 496.727 2 630.547 250
2097 134.978 496.727 2 624.963 250
2098 144.978 496.727 2 619.489 250
2099 154.978 496.727 2 614.13 250
2100 164.978 496.727 2 608.887 250
2101 174.978 496.727 2 603.765 250
2102 184.978 496.727 2 598.766 250
2103 194.978 496.727 2 593.893 250
2104 204.978 496.727 2 589.15 95.6881
2105 214.978 496.727 2 584.539 95.6234
2106 224.978 496.727 2 580.064 95.5602
2107 234.978 496.727 2 575.728 250
2108 244.978 496.727 2 571.534 250
2109 254.978 496.727 2 567.486 250
2110 264.978 496.727 2 563.585 250
2111 274.978 496.727 2 559.837 95.2689
2112 284.978 496.727 2 556.242 95.2162
2113 294.978 496.727 2 552.805 95.1655
2114 304.978 496.727 2 549.529 95.117
2115 314.978 496.727 2 546.416 95.0706
2116 324.978 496.727 2 543.47 95.0265
2117 334.978 496.727 2 540.692 94.9847
2118 344.978 496.727 2 538.086 94.9453
2119 354.978 496.727 2 535.654 94.9084
2120 364.978 496.727 2 533.398 94.8741
2121 374.978 496.727 2 531.321 94.8423
2122 384.978 496.727 2 529.424 94.8133
2123 394.978 496.727 2 527.711 94.7869
2124 404.978 496.727 2 526.182 94.7634
2125 414.978 496.727 2 524.839 94.7426
2126 424.978 496.727 2 523.683 94.7247
2127 434.978 496.727 2 522.717 94.7097
2128 444.978 496.727 2 521.94 94.6977
2129 454.978 496.727 2 521.354 94.6885
2130 464.978 496.727 2 520.959 94.6824
2131 474.978 496.727 2 520.756 94.6792
2132 484.978 496.727 2 520.745 94.6791
2133 84.9784 506.727 2 661.84 96.6523
2134 94.9784 506.727 2 655.913 96.5773
2135 104.978 506.727 2 650.084 250
2136 114.978 506.727 2 644.359 250
2137 124.978 506.727 2 638.738 250
2138 134.978 506.727 2 633.226 250
2139 144.978 506.727 2 627.825 250
2140 154.978 506.727 2 622.537 250
2141 164.978 506.727 2 617.366 250
2142 174.978 506.727 2 612.315 250
2143 184.978 506.727 2 607.386 250
2144 194.978 506.727 2 602.583 250
2145 204.978 506.727 2 597.908 95.8098
2146 214.978 506.727 2 593.366 95.7469
2147 224.978 506.727 2 588.958 95.6854
2148 234.978 506.727 2 584.688 250
2149 244.978 506.727 2 580.559 250
2150 254.978 506.727 2 576.573 250
2151 264.978 506.727 2 572.735 250
2152 274.978 506.727 2 569.047 95.4027
2153 284.978 506.727 2 565.511 95.3516
2154 294.978 506.727 2 562.131 250
2155 304.978 506.727 2 558.909 250
2156 314.978 506.727 2 555.849 250
2157 324.978 506.727 2 552.952 250
2158 334.978 506.727 2 550.223 250
2159 344.978 506.727 2 547.662 250
2160 354.978 506.727 2 545.272 250
2161 364.978 506.727 2 543.056 250
2162 374.978 506.727 2 541.016 250
2163 384.978 506.727 2 539.154 250
2164 394.978 506.727 2 537.472 250
2165 404.978 506.727 2 535.97 250
2166 414.978 506.727 2 534.652 250
2167 424.978 506.727 2 533.518 94.8759
2168 434.978 506.727 2 532.569 94.8614
2169 444.978 506.727 2 531.806 94.8498
2170 454.978 506.727 2 531.231 94.841
2171 464.978 506.727 2 530.844 94.835
2172 474.978 506.727 2 530.645 94.832
2173 484.978 506.727 2 530.634 250
2174 84.9784 516.727 2 669.798 96.7519
2175 94.9784 516.727 2 663.941 96.6787
2176 104.978 516.727 2 658.184 250
2177 114.978 516.727 2 652.53 250
2178 124.978 516.727 2 646.98 250
2179 134.978 516.727 2 641.539 250
2180 144.978 516.727 2 636.208 250
2181 154.978 516.727 2 630.991 250
2182 164.978 516.727 2 625.889 250
2183 174.978 516.727 2 620.908 250
2184 184.978 516.727 2 616.048 250
2185 194.978 516.727 2 611.313 250
2186 204.978 516.727 2 606.706 95.9304
2187 214.978 516.727 2 602.229 95.8692
2188 224.978 516.727 2 597.887 95.8095
2189 234.978 516.727 2 593.681 250
2190 244.978 516.727 2 589.615 250
2191 254.978 516.727 2 585.691 250
2192 264.978 516.727 2 581.913 250
2193 274.978 516.727 2 578.283 95.5349
2194 284.978 516.727 2 574.804 95.4853
2195 294.978 516.727 2 571.479 250
2196 304.978 516.727 2 568.31 250
2197 314.978 516.727 2 565.301 250
2198 324.978 516.727 2 562.453 250
2199 334.978 516.727 2 559.769 250
2200 344.978 516.727 2 557.252 250
2201 354.978 516.727 2 554.904 250
2202 364.978 516.727 2 552.727 250
2203 374.978 516.727 2 550.723 250
2204 384.978 516.727 2 548.894 250
2205 394.978 516.727 2 547.241 250
2206 404.978 516.727 2 545.767 250
2207 414.978 516.727 2 544.472 250
2208 424.978 516.727 2 543.358 95.0248
2209 434.978 516.727 2 542.427 95.0108
2210 444.978 516.727 2 541.678 94.9995
2211 454.978 516.727 2 541.113 94.991
2212 464.978 516.727 2 540.733 94.9853
2213 474.978 516.727 2 540.537 94.9823
2214 484.978 516.727 2 540.527 250
2215 84.9784 526.727 2 677.81 96.8511
2216 94.9784 526.727 2 672.023 96.7796
2217 104.978 526.727 2 666.336 250
2218 114.978 526.727 2 660.751 250
2219 124.978 526.727 2 655.272 250
2220 134.978 526.727 2 649.899 250
2221 144.978 526.727 2 644.638 250
2222 154.978 526.727 2 639.489 250
2223 164.978 526.727 2 634.456 250
2224 174.978 526.727 2 629.542 250
2225 184.978 526.727 2 624.749 250
2226 194.978 526.727 2 620.081 250
2227 204.978 526.727 2 615.539 96.0499
2228 214.978 526.727 2 611.128 95.9904
2229 224.978 526.727 2 606.849 95.9323
2230 234.978 526.727 2 602.706 250
2231 244.978 526.727 2 598.701 250
2232 254.978 526.727 2 594.837 250
2233 264.978 526.727 2 591.117 250
2234 274.978 526.727 2 587.544 95.6656
2235 284.978 526.727 2 584.12 95.6175
2236 294.978 526.727 2 580.848 250
2237 304.978 526.727 2 577.731 250
2238 314.978 526.727 2 574.771 250
2239 324.978 526.727 2 571.971 250
2240 334.978 526.727 2 569.332 250
2241 344.978 526.727 2 566.857 250
2242 354.978 526.727 2 564.549 250
2243 364.978 526.727 2 562.409 250
2244 374.978 526.727 2 560.44 250
2245 384.978 526.727 2 558.642 250
2246 394.978 526.727 2 557.019 250
2247 404.978 526.727 2 555.57 250
2248 414.978 526.727 2 554.298 250
2249 424.978 526.727 2 553.204 95.1714
2250 434.978 526.727 2 552.29 95.1579
2251 444.978 526.727 2 551.554 95.147
2252 454.978 526.727 2 551 95.1388
2253 464.978 526.727 2 550.626 95.1333
2254 474.978 526.727 2 550.434 95.1304
2255 484.978 526.727 2 550.424 250
2256 84.9784 536.727 2 685.875 96.9499
2257 94.9784 536.727 2 680.156 96.88
2258 104.978 536.727 2 674.537 250
2259 114.978 536.727 2 669.021 250
2260 124.978 536.727 2 663.61 250
2261 134.978 536.727 2 658.306 250
2262 144.978 536.727 2 653.112 250
2263 154.978 536.727 2 648.03 250
2264 164.978 536.727 2 643.064 250
2265 174.978 536.727 2 638.216 250
2266 184.978 536.727 2 633.489 250
2267 194.978 536.727 2 628.886 250
2268 204.978 536.727 2 624.408 96.1684
2269 214.978 536.727 2 620.06 96.1105
2270 224.978 536.727 2 615.843 96.054
2271 234.978 536.727 2 611.761 250
2272 244.978 536.727 2 607.815 250
2273 254.978 536.727 2 604.01 250
2274 264.978 536.727 2 600.347 250
2275 274.978 536.727 2 596.829 95.7949
2276 284.978 536.727 2 593.459 95.7482
2277 294.978 536.727 2 590.239 95.7033
2278 304.978 536.727 2 587.172 250
2279 314.978 536.727 2 584.259 250
2280 324.978 536.727 2 581.504 250
2281 334.978 536.727 2 578.909 250
2282 344.978 536.727 2 576.476 250
2283 354.978 536.727 2 574.206 250
2284 364.978 536.727 2 572.103 250
2285 374.978 536.727 2 570.166 250
2286 384.978 536.727 2 568.4 250
2287 394.978 536.727 2 566.804 250
2288 404.978 536.727 2 565.381 250
2289 414.978 536.727 2 564.131 250
2290 424.978 536.727 2 563.056 95.3159
2291 434.978 536.727 2 562.157 95.3028
2292 444.978 536.727 2 561.435 95.2923
2293 454.978 536.727 2 560.89 95.2843
2294 464.978 536.727 2 560.523 95.279
2295 474.978 536.727 2 560.334 95.2762
2296 484.978 536.727 2 560.324 250
2297 84.9784 546.727 2 693.989 97.0483
2298 94.9784 546.727 2 688.338 96.9799
2299 104.978 546.727 2 682.787 250
2300 114.978 546.727 2 677.338 250
2301 124.978 546.727 2 671.993 250
2302 134.978 546.727 2 666.756 250
2303 144.978 546.727 2 661.628 250
2304 154.978 546.727 2 656.613 250
2305 164.978 546.727 2 651.712 250
2306 174.978 546.727 2 646.929 250
2307 184.978 546.727 2 642.266 250
2308 194.978 546.727 2 637.726 250
2309 204.978 546.727 2 633.311 96.2858
2310 214.978 546.727 2 629.024 96.2295
2311 224.978 546.727 2 624.868 96.1745
2312 234.978 546.727 2 620.845 250
2313 244.978 546.727 2 616.958 250
2314 254.978 546.727 2 613.209 250
2315 264.978 546.727 2 609.601 250
2316 274.978 546.727 2 606.137 95.9226
2317 284.978 546.727 2 602.819 95.8773
2318 294.978 546.727 2 599.649 250
2319 304.978 546.727 2 596.63 250
2320 314.978 546.727 2 593.764 250
2321 324.978 546.727 2 591.054 250
2322 334.978 546.727 2 588.501 250
2323 344.978 546.727 2 586.107 250
2324 354.978 546.727 2 583.875 250
2325 364.978 546.727 2 581.806 250
2326 374.978 546.727 2 579.902 250
2327 384.978 546.727 2 578.165 250
2328 394.978 546.727 2 576.597 250
2329 404.978 546.727 2 575.198 250
2330 414.978 546.727 2 573.969 250
2331 424.978 546.727 2 572.913 95.4583
2332 434.978 546.727 2 572.029 95.4456
2333 444.978 546.727 2 571.32 95.4354
2334 454.978 546.727 2 570.784 95.4277
2335 464.978 546.727 2 570.424 95.4225
2336 474.978 546.727 2 570.238 95.4199
2337 484.978 546.727 2 570.228 250
2338 84.9784 556.727 2 702.152 97.1462
2339 94.9784 556.727 2 696.568 97.0793
2340 104.978 556.727 2 691.082 97.0132
2341 114.978 556.727 2 685.699 96.9478
2342 124.978 556.727 2 680.42 96.8832
2343 134.978 556.727 2 675.248 96.8195
2344 144.978 556.727 2 670.186 96.7567
2345 154.978 556.727 2 665.235 96.6949
2346 164.978 556.727 2 660.398 96.6341
2347 174.978 556.727 2 655.678 96.5743
2348 184.978 556.727 2 651.078 96.5157
2349 194.978 556.727 2 646.6 96.4583
2350 204.978 556.727 2 642.246 96.4022
2351 214.978 556.727 2 638.019 96.3473
2352 224.978 556.727 2 633.922 96.2938
2353 234.978 556.727 2 629.956 96.2417
2354 244.978 556.727 2 626.126 96.1912
2355 254.978 556.727 2 622.432 96.1421
2356 264.978 556.727 2 618.878 96.0947
2357 274.978 556.727 2 615.467 96.0489
2358 284.978 556.727 2 612.199 96.0049
2359 294.978 556.727 2 609.078 95.9626
2360 304.978 556.727 2 606.106 95.9222
2361 314.978 556.727 2 603.285 95.8837
2362 324.978 556.727 2 600.618 95.8471
2363 334.978 556.727 2 598.105 95.8125
2364 344.978 556.727 2 595.75 95.7799
2365 354.978 556.727 2 593.554 95.7495
2366 364.978 556.727 2 591.52 95.7212
2367 374.978 556.727 2 589.647 95.6951
2368 384.978 556.727 2 587.939 95.6712
2369 394.978 556.727 2 586.396 95.6495
2370 404.978 556.727 2 585.021 95.6302
2371 414.978 556.727 2 583.813 95.6132
2372 424.978 556.727 2 582.775 95.5985
2373 434.978 556.727 2 581.906 95.5863
2374 444.978 556.727 2 581.208 95.5764
2375 454.978 556.727 2 580.682 95.569
2376 464.978 556.727 2 580.328 95.5639
2377 474.978 556.727 2 580.145 95.5613
2378 484.978 556.727 2 580.135 95.5612
2379 84.9784 566.727 2 710.363 97.2435
2380 94.9784 566.727 2 704.843 97.1782
2381 104.978 566.727 2 699.423 97.1135
2382 114.978 566.727 2 694.104 97.0497
2383 124.978 566.727 2 688.89 96.9866
2384 134.978 566.727 2 683.782 96.9244
2385 144.978 566.727 2 678.783 96.8631
2386 154.978 566.727 2 673.895 96.8028
2387 164.978 566.727 2 669.121 96.7435
2388 174.978 566.727 2 664.463 96.6852
2389 184.978 566.727 2 659.924 96.6281
2390 194.978 566.727 2 655.506 96.5721
2391 204.978 566.727 2 651.212 96.5174
2392 214.978 566.727 2 647.043 96.464
2393 224.978 566.727 2 643.004 96.412
2394 234.978 566.727 2 639.095 96.3613
2395 244.978 566.727 2 635.319 96.3121
2396 254.978 566.727 2 631.68 96.2644
2397 264.978 566.727 2 628.178 96.2183
2398 274.978 566.727 2 624.817 96.1738
2399 284.978 566.727 2 621.598 96.131
2400 294.978 566.727 2 618.525 96.09
2401 304.978 566.727 2 615.598 96.0507
2402 314.978 566.727 2 612.821 250
2403 324.978 566.727 2 610.195 250
2404 334.978 566.727 2 607.723 250
2405 344.978 566.727 2 605.405 250
2406 354.978 566.727 2 603.244 250
2407 364.978 566.727 2 601.242 95.8557
2408 374.978 566.727 2 599.4 95.8303
2409 384.978 566.727 2 597.72 95.8072
2410 394.978 566.727 2 596.203 95.7862
2411 404.978 566.727 2 594.85 95.7675
2412 414.978 566.727 2 593.662 95.751
2413 424.978 566.727 2 592.641 95.7368
2414 434.978 566.727 2 591.787 95.7249
2415 444.978 566.727 2 591.101 95.7153
2416 454.978 566.727 2 590.583 95.7081
2417 464.978 566.727 2 590.235 95.7033
2418 474.978 566.727 2 590.056 95.7008
2419 484.978 566.727 2 590.046 95.7006
2420 84.9784 576.727 2 718.618 97.3404
2421 94.9784 576.727 2 713.162 97.2765
2422 104.978 576.727 2 707.806 97.2133
2423 114.978 576.727 2 702.551 97.1509
2424 124.978 576.727 2 697.399 97.0893
2425 134.978 576.727 2 692.354 97.0286
2426 144.978 576.727 2 687.417 96.9687
2427 154.978 576.727 2 682.592 96.9098
2428 164.978 576.727 2 677.879 96.852
2429 174.978 576.727 2 673.282 96.7952
2430 184.978 576.727 2 668.802 96.7395
2431 194.978 576.727 2 664.444 96.685
2432 204.978 576.727 2 660.207 96.6317
2433 214.978 576.727 2 656.096 96.5796
2434 224.978 576.727 2 652.112 96.5289
2435 234.978 576.727 2 648.259 96.4796
2436 244.978 576.727 2 644.537 96.4318
2437 254.978 576.727 2 640.949 96.3854
2438 264.978 576.727 2 637.499 96.3405
2439 274.978 576.727 2 634.187 96.2973
2440 284.978 576.727 2 631.016 96.2557
2441 294.978 576.727 2 627.989 96.2158
2442 304.978 576.727 2 625.107 96.1777
2443 314.978 576.727 2 622.372 96.1413
2444 324.978 576.727 2 619.787 96.1068
2445 334.978 576.727 2 617.352 96.0743
2446 344.978 576.727 2 615.071 96.0436
2447 354.978 576.727 2 612.944 96.015
2448 364.978 576.727 2 610.974 95.9883
2449 374.978 576.727 2 609.162 95.9638
2450 384.978 576.727 2 607.508 95.9413
2451 394.978 576.727 2 606.016 95.921
2452 404.978 576.727 2 604.684 95.9028
2453 414.978 576.727 2 603.516 95.8868
2454 424.978 576.727 2 602.512 95.8731
2455 434.978 576.727 2 601.672 95.8616
2456 444.978 576.727 2 600.997 95.8523
2457 454.978 576.727 2 600.488 95.8453
2458 464.978 576.727 2 600.145 95.8406
2459 474.978 576.727 2 599.969 95.8382
2460 484.978 576.727 2 599.959 95.838
2461 84.9784 586.727 2 726.917 97.4368
2462 94.9784 586.727 2 721.524 97.3743
2463 104.978 586.727 2 716.23 97.3125
2464 114.978 586.727 2 711.038 97.2515
2465 124.978 586.727 2 705.948 97.1913
2466 134.978 586.727 2 700.965 97.132
2467 144.978 586.727 2 696.089 97.0736
2468 154.978 586.727 2 691.324 97.0161
2469 164.978 586.727 2 686.671 96.9596
2470 174.978 586.727 2 682.133 96.9042
2471 184.978 586.727 2 677.712 96.8499
2472 194.978 586.727 2 673.411 96.7968
2473 204.978 586.727 2 669.231 96.7448
2474 214.978 586.727 2 665.176 96.6942
2475 224.978 586.727 2 661.247 96.6448
2476 234.978 586.727 2 657.447 96.5968
2477 244.978 586.727 2 653.777 96.5502
2478 254.978 586.727 2 650.241 96.505
2479 264.978 586.727 2 646.84 96.4614
2480 274.978 586.727 2 643.576 96.4194
2481 284.978 586.727 2 640.452 96.3789
2482 294.978 586.727 2 637.469 96.3401
2483 304.978 586.727 2 634.63 96.3031
2484 314.978 586.727 2 631.937 96.2678
2485 324.978 586.727 2 629.391 96.2343
2486 334.978 586.727 2 626.994 96.2026
2487 344.978 586.727 2 624.748 96.1729
2488 354.978 586.727 2 622.654 96.1451
2489 364.978 586.727 2 620.714 96.1192
2490 374.978 586.727 2 618.93 96.0954
2491 384.978 586.727 2 617.303 96.0736
2492 394.978 586.727 2 615.834 96.0539
2493 404.978 586.727 2 614.524 96.0363
2494 414.978 586.727 2 613.375 96.0208
2495 424.978 586.727 2 612.387 96.0074
2496 434.978 586.727 2 611.56 95.9963
2497 444.978 586.727 2 610.896 95.9873
2498 454.978 586.727 2 610.396 95.9805
2499 464.978 586.727 2 610.058 95.9759
2500 474.978 586.727 2 609.885 95.9736
2501 484.978 586.727 2 609.876 95.9735
