# <Transmitter Set: Tx: 20 tx_ant_grid_60_m - Point 15> 
# <Receiver Set: Rx: 17 rx_ant_grid> 
# <X(m)> <Y(m)> <Z(m)> <Distance(m)> <FreeSpacePathLoss(dB)>
1 84.9784 -13.2734 2 444.89 93.2408
2 94.9784 -13.2734 2 436.023 93.0749
3 104.978 -13.2734 2 427.205 92.9069
4 114.978 -13.2734 2 418.441 92.7369
5 124.978 -13.2734 2 409.733 92.5648
6 134.978 -13.2734 2 401.086 92.3908
7 144.978 -13.2734 2 392.503 92.2148
8 154.978 -13.2734 2 383.988 92.0369
9 164.978 -13.2734 2 375.547 91.8572
10 174.978 -13.2734 2 367.184 91.6758
11 184.978 -13.2734 2 358.904 91.4928
12 194.978 -13.2734 2 350.715 91.3083
13 204.978 -13.2734 2 342.621 91.1224
14 214.978 -13.2734 2 334.631 90.9354
15 224.978 -13.2734 2 326.751 90.7475
16 234.978 -13.2734 2 318.99 90.5589
17 244.978 -13.2734 2 311.357 90.3699
18 254.978 -13.2734 2 303.861 90.1808
19 264.978 -13.2734 2 296.513 89.9921
20 274.978 -13.2734 2 289.324 89.8041
21 284.978 -13.2734 2 282.307 89.6173
22 294.978 -13.2734 2 275.473 89.4323
23 304.978 -13.2734 2 268.838 89.2497
24 314.978 -13.2734 2 262.417 89.0701
25 324.978 -13.2734 2 256.225 88.8942
26 334.978 -13.2734 2 250.279 88.7228
27 344.978 -13.2734 2 244.598 88.5568
28 354.978 -13.2734 2 239.2 88.3971
29 364.978 -13.2734 2 234.105 88.2445
30 374.978 -13.2734 2 229.333 88.1
31 384.978 -13.2734 2 224.904 87.9646
32 394.978 -13.2734 2 220.84 87.8393
33 404.978 -13.2734 2 217.161 87.725
34 414.978 -13.2734 2 213.886 87.6226
35 424.978 -13.2734 2 211.035 87.5329
36 434.978 -13.2734 2 208.625 87.4568
37 444.978 -13.2734 2 206.671 87.3949
38 454.978 -13.2734 2 205.186 87.3477
39 464.978 -13.2734 2 204.181 87.3157
40 474.978 -13.2734 2 203.662 87.2992
41 484.978 -13.2734 2 203.634 87.2983
42 84.9784 -3.2734 2 440.596 93.1608
43 94.9784 -3.2734 2 431.64 92.9918
44 104.978 -3.2734 2 422.731 92.8205
45 114.978 -3.2734 2 413.872 92.647
46 124.978 -3.2734 2 405.066 92.4713
47 134.978 -3.2734 2 396.317 92.2934
48 144.978 -3.2734 2 387.628 92.1134
49 154.978 -3.2734 2 379.004 91.9312
50 164.978 -3.2734 2 370.449 91.747
51 174.978 -3.2734 2 361.968 91.5609
52 184.978 -3.2734 2 353.567 91.3729
53 194.978 -3.2734 2 345.25 91.1832
54 204.978 -3.2734 2 337.026 90.9918
55 214.978 -3.2734 2 328.899 90.7991
56 224.978 -3.2734 2 320.879 90.6051
57 234.978 -3.2734 2 312.972 90.4102
58 244.978 -3.2734 2 305.189 90.2146
59 254.978 -3.2734 2 297.538 90.0186
60 264.978 -3.2734 2 290.03 89.8227
61 274.978 -3.2734 2 282.676 89.6272
62 284.978 -3.2734 2 275.489 89.4328
63 294.978 -3.2734 2 268.482 89.2398
64 304.978 -3.2734 2 261.67 89.049
65 314.978 -3.2734 2 255.068 88.8611
66 324.978 -3.2734 2 248.693 88.6767
67 334.978 -3.2734 2 242.562 88.4968
68 344.978 -3.2734 2 236.696 88.3223
69 354.978 -3.2734 2 231.114 88.1541
70 364.978 -3.2734 2 225.836 87.9932
71 374.978 -3.2734 2 220.886 87.8407
72 384.978 -3.2734 2 216.284 87.6976
73 394.978 -3.2734 2 212.055 87.565
74 404.978 -3.2734 2 208.221 87.444
75 414.978 -3.2734 2 204.803 87.3355
76 424.978 -3.2734 2 201.824 87.2405
77 434.978 -3.2734 2 199.302 87.1598
78 444.978 -3.2734 2 197.256 87.0941
79 454.978 -3.2734 2 195.7 87.0441
80 464.978 -3.2734 2 194.645 87.0101
81 474.978 -3.2734 2 194.101 86.9926
82 484.978 -3.2734 2 194.072 86.9916
83 84.9784 6.7266 2 436.488 93.0837
84 94.9784 6.7266 2 427.446 92.9115
85 104.978 6.7266 2 418.448 92.737
86 114.978 6.7266 2 409.496 92.5601
87 124.978 6.7266 2 400.594 250
88 134.978 6.7266 2 391.745 92.1991
89 144.978 6.7266 2 382.952 92.0151
90 154.978 6.7266 2 374.22 91.8287
91 164.978 6.7266 2 365.553 91.64
92 174.978 6.7266 2 356.956 91.4492
93 184.978 6.7266 2 348.434 91.2562
94 194.978 6.7266 2 339.992 91.0613
95 204.978 6.7266 2 331.637 90.8644
96 214.978 6.7266 2 323.376 90.6659
97 224.978 6.7266 2 315.215 90.4658
98 234.978 6.7266 2 307.162 90.2645
99 244.978 6.7266 2 299.228 90.0622
100 254.978 6.7266 2 291.42 89.8592
101 264.978 6.7266 2 283.75 89.656
102 274.978 6.7266 2 276.229 89.453
103 284.978 6.7266 2 268.87 89.2506
104 294.978 6.7266 2 261.686 250
105 304.978 6.7266 2 254.692 250
106 314.978 6.7266 2 247.904 250
107 324.978 6.7266 2 241.34 250
108 334.978 6.7266 2 235.018 250
109 344.978 6.7266 2 228.959 250
110 354.978 6.7266 2 223.183 250
111 364.978 6.7266 2 217.713 250
112 374.978 6.7266 2 212.573 250
113 384.978 6.7266 2 207.788 250
114 394.978 6.7266 2 203.382 87.2902
115 404.978 6.7266 2 199.381 87.1623
116 414.978 6.7266 2 195.81 87.0476
117 424.978 6.7266 2 192.691 86.9471
118 434.978 6.7266 2 190.048 86.8618
119 444.978 6.7266 2 187.901 250
120 454.978 6.7266 2 186.267 250
121 464.978 6.7266 2 185.159 250
122 474.978 6.7266 2 184.587 86.6851
123 484.978 6.7266 2 184.556 86.6841
124 84.9784 16.7266 2 432.572 93.0095
125 94.9784 16.7266 2 423.447 92.8344
126 104.978 16.7266 2 414.362 92.6567
127 114.978 16.7266 2 405.32 92.4764
128 124.978 16.7266 2 396.324 250
129 134.978 16.7266 2 387.377 92.1081
130 144.978 16.7266 2 378.483 91.9201
131 154.978 16.7266 2 369.646 91.7296
132 164.978 16.7266 2 360.869 91.5365
133 174.978 16.7266 2 352.157 91.341
134 184.978 16.7266 2 343.516 91.1431
135 194.978 16.7266 2 334.95 250
136 204.978 16.7266 2 326.466 250
137 214.978 16.7266 2 318.07 250
138 224.978 16.7266 2 309.77 250
139 234.978 16.7266 2 301.572 250
140 244.978 16.7266 2 293.486 250
141 254.978 16.7266 2 285.522 250
142 264.978 16.7266 2 277.689 89.4927
143 274.978 16.7266 2 269.999 89.2819
144 284.978 16.7266 2 262.466 89.0715
145 294.978 16.7266 2 255.101 250
146 304.978 16.7266 2 247.922 88.6542
147 314.978 16.7266 2 240.943 250
148 324.978 16.7266 2 234.184 88.2469
149 334.978 16.7266 2 227.663 88.0491
150 344.978 16.7266 2 221.402 250
151 354.978 16.7266 2 215.424 250
152 364.978 16.7266 2 209.752 250
153 374.978 16.7266 2 204.413 250
154 384.978 16.7266 2 199.432 87.1639
155 394.978 16.7266 2 194.837 87.0163
156 404.978 16.7266 2 190.657 86.8814
157 414.978 16.7266 2 186.918 86.7606
158 424.978 16.7266 2 183.649 86.6547
159 434.978 16.7266 2 180.874 86.5648
160 444.978 16.7266 2 178.617 250
161 454.978 16.7266 2 176.896 250
162 464.978 16.7266 2 175.729 250
163 474.978 16.7266 2 175.127 86.379
164 484.978 16.7266 2 175.094 86.378
165 84.9784 26.7266 2 428.854 92.9385
166 94.9784 26.7266 2 419.647 92.7605
167 104.978 26.7266 2 410.478 92.5797
168 114.978 26.7266 2 401.349 92.3961
169 124.978 26.7266 2 392.262 92.2098
170 134.978 26.7266 2 383.22 92.0207
171 144.978 26.7266 2 374.228 91.8288
172 154.978 26.7266 2 365.287 91.6342
173 164.978 26.7266 2 356.403 91.4368
174 174.978 26.7266 2 347.58 91.2367
175 184.978 26.7266 2 338.822 91.0339
176 194.978 26.7266 2 330.135 250
177 204.978 26.7266 2 321.523 250
178 214.978 26.7266 2 312.995 250
179 224.978 26.7266 2 304.556 250
180 234.978 26.7266 2 296.214 250
181 244.978 26.7266 2 287.978 250
182 254.978 26.7266 2 279.857 250
183 264.978 26.7266 2 271.861 89.3333
184 274.978 26.7266 2 264.001 89.1147
185 284.978 26.7266 2 256.291 88.8961
186 294.978 26.7266 2 248.744 250
187 304.978 26.7266 2 241.375 250
188 314.978 26.7266 2 234.202 88.2474
189 324.978 26.7266 2 227.242 88.0363
190 334.978 26.7266 2 220.517 87.8293
191 344.978 26.7266 2 214.047 87.6276
192 354.978 26.7266 2 207.857 87.4325
193 364.978 26.7266 2 201.973 250
194 374.978 26.7266 2 196.422 250
195 384.978 26.7266 2 191.233 86.9001
196 394.978 26.7266 2 186.436 86.7449
197 404.978 26.7266 2 182.063 86.6033
198 414.978 26.7266 2 178.144 86.4765
199 424.978 26.7266 2 174.711 86.3656
200 434.978 26.7266 2 171.792 86.2716
201 444.978 26.7266 2 169.413 86.1954
202 454.978 26.7266 2 167.599 250
203 464.978 26.7266 2 166.367 250
204 474.978 26.7266 2 165.73 86.0779
205 484.978 26.7266 2 165.695 86.0768
206 84.9784 36.7266 2 425.338 92.8709
207 94.9784 36.7266 2 416.054 92.69
208 104.978 36.7266 2 406.804 92.5062
209 114.978 36.7266 2 397.59 92.3195
210 124.978 36.7266 2 388.415 92.1298
211 134.978 36.7266 2 379.282 91.9372
212 144.978 36.7266 2 370.194 91.7415
213 154.978 36.7266 2 361.154 91.5428
214 164.978 36.7266 2 352.165 91.3412
215 174.978 36.7266 2 343.233 91.1366
216 184.978 36.7266 2 334.361 90.929
217 194.978 36.7266 2 325.555 90.7186
218 204.978 36.7266 2 316.819 90.5055
219 214.978 36.7266 2 308.16 90.2897
220 224.978 36.7266 2 299.585 250
221 234.978 36.7266 2 291.101 250
222 244.978 36.7266 2 282.716 250
223 254.978 36.7266 2 274.439 250
224 264.978 36.7266 2 266.28 89.1785
225 274.978 36.7266 2 258.251 88.9521
226 284.978 36.7266 2 250.364 88.7253
227 294.978 36.7266 2 242.633 250
228 304.978 36.7266 2 235.073 250
229 314.978 36.7266 2 227.701 88.0503
230 324.978 36.7266 2 220.536 87.8299
231 334.978 36.7266 2 213.599 87.6136
232 344.978 36.7266 2 206.913 87.4026
233 354.978 36.7266 2 200.503 87.1983
234 364.978 36.7266 2 194.397 87.0021
235 374.978 36.7266 2 188.623 86.8157
236 384.978 36.7266 2 183.213 250
237 394.978 36.7266 2 178.201 250
238 404.978 36.7266 2 173.62 86.3305
239 414.978 36.7266 2 169.506 86.1983
240 424.978 36.7266 2 165.894 86.0832
241 434.978 36.7266 2 162.817 85.9859
242 444.978 36.7266 2 160.306 85.9072
243 454.978 36.7266 2 158.387 250
244 464.978 36.7266 2 157.082 250
245 474.978 36.7266 2 156.408 85.7867
246 484.978 36.7266 2 156.371 85.7855
247 84.9784 46.7266 2 422.03 92.8069
248 94.9784 46.7266 2 412.672 92.6232
249 104.978 46.7266 2 403.344 92.4365
250 114.978 46.7266 2 394.049 92.2468
251 124.978 46.7266 2 384.79 92.0538
252 134.978 46.7266 2 375.569 91.8577
253 144.978 46.7266 2 366.388 91.6584
254 154.978 46.7266 2 357.252 250
255 164.978 46.7266 2 348.163 250
256 174.978 46.7266 2 339.125 250
257 184.978 46.7266 2 330.143 250
258 194.978 46.7266 2 321.221 250
259 204.978 46.7266 2 312.364 90.395
260 214.978 46.7266 2 303.578 90.1736
261 224.978 46.7266 2 294.87 89.9494
262 234.978 46.7266 2 286.246 89.7226
263 244.978 46.7266 2 277.714 89.4933
264 254.978 46.7266 2 269.284 89.262
265 264.978 46.7266 2 260.964 89.0291
266 274.978 46.7266 2 252.766 88.7948
267 284.978 46.7266 2 244.702 88.5599
268 294.978 46.7266 2 236.786 250
269 304.978 46.7266 2 229.033 250
270 314.978 46.7266 2 221.46 250
271 324.978 46.7266 2 214.087 250
272 334.978 46.7266 2 206.934 250
273 344.978 46.7266 2 200.025 250
274 354.978 46.7266 2 193.387 250
275 364.978 46.7266 2 187.048 86.7648
276 374.978 46.7266 2 181.04 86.5702
277 384.978 46.7266 2 175.397 250
278 394.978 46.7266 2 170.154 250
279 404.978 46.7266 2 165.351 86.0659
280 414.978 46.7266 2 161.026 85.9297
281 424.978 46.7266 2 157.219 85.8116
282 434.978 46.7266 2 153.969 85.7125
283 444.978 46.7266 2 151.311 85.6329
284 454.978 46.7266 2 149.276 250
285 464.978 46.7266 2 147.891 250
286 474.978 46.7266 2 147.175 85.5121
287 484.978 46.7266 2 147.135 85.511
288 84.9784 56.7266 2 418.935 92.7465
289 94.9784 56.7266 2 409.506 92.5603
290 104.978 56.7266 2 400.104 92.3708
291 114.978 56.7266 2 390.733 92.1781
292 124.978 56.7266 2 381.393 91.982
293 134.978 56.7266 2 372.087 91.7826
294 144.978 56.7266 2 362.819 91.5797
295 154.978 56.7266 2 353.59 250
296 164.978 56.7266 2 344.404 250
297 174.978 56.7266 2 335.265 250
298 184.978 56.7266 2 326.177 250
299 194.978 56.7266 2 317.143 250
300 204.978 56.7266 2 308.169 90.2899
301 214.978 56.7266 2 299.26 90.0631
302 224.978 56.7266 2 290.423 89.833
303 234.978 56.7266 2 281.663 89.6
304 244.978 56.7266 2 272.988 89.3643
305 254.978 56.7266 2 264.406 89.126
306 264.978 56.7266 2 255.928 88.8857
307 274.978 56.7266 2 247.564 88.6438
308 284.978 56.7266 2 239.325 88.4008
309 294.978 56.7266 2 231.224 250
310 304.978 56.7266 2 223.278 250
311 314.978 56.7266 2 215.503 250
312 324.978 56.7266 2 207.919 250
313 334.978 56.7266 2 200.546 250
314 344.978 56.7266 2 193.409 250
315 354.978 56.7266 2 186.536 250
316 364.978 56.7266 2 179.956 86.5351
317 374.978 56.7266 2 173.703 86.3331
318 384.978 56.7266 2 167.813 250
319 394.978 56.7266 2 162.325 250
320 404.978 56.7266 2 157.283 85.8136
321 414.978 56.7266 2 152.73 85.6752
322 424.978 56.7266 2 148.711 85.5565
323 434.978 56.7266 2 145.27 85.458
324 444.978 56.7266 2 142.45 85.38
325 454.978 56.7266 2 140.287 250
326 464.978 56.7266 2 138.812 250
327 474.978 56.7266 2 138.048 85.264
328 484.978 56.7266 2 138.007 85.2629
329 84.9784 66.7266 2 416.057 92.6901
330 94.9784 66.7266 2 406.561 92.5014
331 104.978 66.7266 2 397.09 92.3093
332 114.978 66.7266 2 387.646 92.1137
333 124.978 66.7266 2 378.229 91.9147
334 134.978 66.7266 2 368.844 91.7121
335 144.978 66.7266 2 359.492 91.5059
336 154.978 66.7266 2 350.176 91.296
337 164.978 66.7266 2 340.898 91.0824
338 174.978 66.7266 2 331.662 90.865
339 184.978 66.7266 2 322.472 90.6439
340 194.978 66.7266 2 313.332 90.4191
341 204.978 66.7266 2 304.246 90.1906
342 214.978 66.7266 2 295.218 89.9585
343 224.978 66.7266 2 286.256 89.7228
344 234.978 66.7266 2 277.364 89.4838
345 244.978 66.7266 2 268.55 89.2417
346 254.978 66.7266 2 259.823 88.9967
347 264.978 66.7266 2 251.19 88.7493
348 274.978 66.7266 2 242.662 88.4998
349 284.978 66.7266 2 234.25 88.2489
350 294.978 66.7266 2 225.968 87.9973
351 304.978 66.7266 2 217.831 87.7458
352 314.978 66.7266 2 209.854 87.4956
353 324.978 66.7266 2 202.057 87.248
354 334.978 66.7266 2 194.462 87.0042
355 344.978 66.7266 2 187.094 86.7662
356 354.978 66.7266 2 179.979 86.5359
357 364.978 66.7266 2 173.15 86.3153
358 374.978 66.7266 2 166.642 86.1069
359 384.978 66.7266 2 160.493 85.913
360 394.978 66.7266 2 154.747 85.736
361 404.978 66.7266 2 149.449 85.578
362 414.978 66.7266 2 144.65 85.4406
363 424.978 66.7266 2 140.399 85.325
364 434.978 66.7266 2 136.75 85.2313
365 444.978 66.7266 2 133.75 85.159
366 454.978 66.7266 2 131.444 85.1068
367 464.978 66.7266 2 129.869 85.073
368 474.978 66.7266 2 129.052 85.0561
369 484.978 66.7266 2 129.007 85.0552
370 84.9784 76.7266 2 413.401 92.6377
371 94.9784 76.7266 2 403.843 92.4466
372 104.978 76.7266 2 394.306 92.2521
373 114.978 76.7266 2 384.794 92.0539
374 124.978 76.7266 2 375.306 91.8521
375 134.978 76.7266 2 365.846 91.6465
376 144.978 76.7266 2 356.415 91.4371
377 154.978 76.7266 2 347.016 91.2238
378 164.978 76.7266 2 337.651 91.0065
379 174.978 76.7266 2 328.324 90.7853
380 184.978 76.7266 2 319.038 90.5601
381 194.978 76.7266 2 309.797 90.3308
382 204.978 76.7266 2 300.603 90.0976
383 214.978 76.7266 2 291.463 89.8604
384 224.978 76.7266 2 282.382 89.6193
385 234.978 76.7266 2 273.364 89.3746
386 244.978 76.7266 2 264.417 89.1263
387 254.978 76.7266 2 255.548 88.8748
388 264.978 76.7266 2 246.766 88.6205
389 274.978 76.7266 2 238.079 88.3637
390 284.978 76.7266 2 229.5 88.1051
391 294.978 76.7266 2 221.04 87.8455
392 304.978 76.7266 2 212.714 87.5858
393 314.978 76.7266 2 204.538 87.3271
394 324.978 76.7266 2 196.53 87.0708
395 334.978 76.7266 2 188.713 86.8186
396 344.978 76.7266 2 181.111 86.5725
397 354.978 76.7266 2 173.752 86.3347
398 364.978 76.7266 2 166.668 86.1077
399 374.978 76.7266 2 159.896 85.8944
400 384.978 76.7266 2 153.477 85.6976
401 394.978 76.7266 2 147.457 85.5202
402 404.978 76.7266 2 141.887 85.3647
403 414.978 76.7266 2 136.823 85.2331
404 424.978 76.7266 2 132.322 85.1263
405 434.978 76.7266 2 128.443 85.0438
406 444.978 76.7266 2 125.244 84.984
407 454.978 76.7266 2 122.778 84.9438
408 464.978 76.7266 2 121.091 84.9197
409 474.978 76.7266 2 120.214 84.9084
410 484.978 76.7266 2 120.166 84.9078
411 84.9784 86.7266 2 410.972 92.5895
412 94.9784 86.7266 2 401.355 92.3963
413 104.978 86.7266 2 391.758 250
414 114.978 86.7266 2 382.182 250
415 124.978 86.7266 2 372.628 250
416 134.978 86.7266 2 363.098 91.5859
417 144.978 86.7266 2 353.594 91.3735
418 154.978 86.7266 2 344.118 250
419 164.978 86.7266 2 334.672 250
420 174.978 86.7266 2 325.26 250
421 184.978 86.7266 2 315.884 90.4824
422 194.978 86.7266 2 306.547 90.249
423 204.978 86.7266 2 297.253 90.0112
424 214.978 86.7266 2 288.007 89.7693
425 224.978 86.7266 2 278.812 250
426 234.978 86.7266 2 269.675 250
427 244.978 86.7266 2 260.602 250
428 254.978 86.7266 2 251.599 88.7611
429 264.978 86.7266 2 242.673 88.5001
430 274.978 86.7266 2 233.835 88.2364
431 284.978 86.7266 2 225.094 87.9704
432 294.978 86.7266 2 216.462 87.7032
433 304.978 86.7266 2 207.952 87.4355
434 314.978 86.7266 2 199.581 87.1687
435 324.978 86.7266 2 191.367 86.9044
436 334.978 86.7266 2 183.329 86.6444
437 344.978 86.7266 2 175.494 86.3909
438 354.978 86.7266 2 167.889 86.1466
439 364.978 86.7266 2 160.546 85.9147
440 374.978 86.7266 2 153.504 85.6985
441 384.978 86.7266 2 146.806 250
442 394.978 86.7266 2 140.501 250
443 404.978 86.7266 2 134.644 250
444 414.978 86.7266 2 129.296 85.0611
445 424.978 86.7266 2 124.523 84.9717
446 434.978 86.7266 2 120.393 84.9106
447 444.978 86.7266 2 116.974 250
448 454.978 86.7266 2 114.331 250
449 464.978 86.7266 2 112.516 250
450 474.978 86.7266 2 111.573 84.8496
451 484.978 86.7266 2 111.521 84.8496
452 84.9784 96.7266 2 408.772 92.5456
453 94.9784 96.7266 2 399.103 92.3504
454 104.978 96.7266 2 389.45 92.1514
455 114.978 96.7266 2 379.816 91.9485
456 124.978 96.7266 2 370.201 91.7417
457 134.978 96.7266 2 360.607 91.5307
458 144.978 96.7266 2 351.035 91.3155
459 154.978 96.7266 2 341.488 250
460 164.978 96.7266 2 331.968 250
461 174.978 96.7266 2 322.476 250
462 184.978 96.7266 2 313.017 90.4113
463 194.978 96.7266 2 303.592 250
464 204.978 96.7266 2 294.205 250
465 214.978 96.7266 2 284.859 250
466 224.978 96.7266 2 275.56 250
467 234.978 96.7266 2 266.312 250
468 244.978 96.7266 2 257.119 250
469 254.978 96.7266 2 247.99 250
470 264.978 96.7266 2 238.93 250
471 274.978 96.7266 2 229.947 88.1187
472 284.978 96.7266 2 221.053 87.8459
473 294.978 96.7266 2 212.256 87.5714
474 304.978 96.7266 2 203.571 87.2963
475 314.978 96.7266 2 195.012 87.0219
476 324.978 96.7266 2 186.596 86.7501
477 334.978 96.7266 2 178.344 86.483
478 344.978 96.7266 2 170.28 86.2231
479 354.978 96.7266 2 162.431 85.9737
480 364.978 96.7266 2 154.829 85.7385
481 374.978 96.7266 2 147.515 85.5219
482 384.978 96.7266 2 140.532 250
483 394.978 96.7266 2 133.931 250
484 404.978 96.7266 2 127.774 250
485 414.978 96.7266 2 122.125 84.9342
486 424.978 96.7266 2 117.06 84.875
487 434.978 96.7266 2 112.657 84.8509
488 444.978 96.7266 2 108.995 250
489 454.978 96.7266 2 106.153 250
490 464.978 96.7266 2 104.197 250
491 474.978 96.7266 2 103.177 84.922
492 484.978 96.7266 2 103.121 84.9231
493 84.9784 106.727 2 406.807 92.5063
494 94.9784 106.727 2 397.09 92.3093
495 104.978 106.727 2 387.387 92.1083
496 114.978 106.727 2 377.7 91.9034
497 124.978 106.727 2 368.029 91.6943
498 134.978 106.727 2 358.377 91.481
499 144.978 106.727 2 348.744 91.2633
500 154.978 106.727 2 339.133 250
501 164.978 106.727 2 329.544 250
502 174.978 106.727 2 319.981 250
503 184.978 106.727 2 310.446 90.3471
504 194.978 106.727 2 300.94 250
505 204.978 106.727 2 291.468 250
506 214.978 106.727 2 282.032 250
507 224.978 106.727 2 272.636 250
508 234.978 106.727 2 263.285 250
509 244.978 106.727 2 253.983 250
510 254.978 106.727 2 244.736 250
511 264.978 106.727 2 235.551 250
512 274.978 106.727 2 226.435 88.0116
513 284.978 106.727 2 217.397 87.7323
514 294.978 106.727 2 208.446 87.4511
515 304.978 106.727 2 199.595 87.1692
516 314.978 106.727 2 190.858 86.888
517 324.978 106.727 2 182.25 86.6094
518 334.978 106.727 2 173.792 86.336
519 344.978 106.727 2 165.506 86.0708
520 354.978 106.727 2 157.419 85.8177
521 364.978 106.727 2 149.563 85.5813
522 374.978 106.727 2 141.978 85.3672
523 384.978 106.727 2 134.708 250
524 394.978 106.727 2 127.807 250
525 404.978 106.727 2 121.339 250
526 414.978 106.727 2 115.376 84.8624
527 424.978 106.727 2 110 84.8516
528 434.978 106.727 2 105.302 84.8879
529 444.978 106.727 2 101.376 250
530 454.978 106.727 2 98.3133 250
531 464.978 106.727 2 96.1977 250
532 474.978 106.727 2 95.0919 85.1879
533 484.978 106.727 2 95.0313 85.1909
534 84.9784 116.727 2 405.079 92.4715
535 94.9784 116.727 2 395.319 92.2729
536 104.978 116.727 2 385.572 92.0703
537 114.978 116.727 2 375.838 250
538 124.978 116.727 2 366.118 250
539 134.978 116.727 2 356.414 250
540 144.978 116.727 2 346.727 250
541 154.978 116.727 2 337.058 250
542 164.978 116.727 2 327.409 250
543 174.978 116.727 2 317.781 250
544 184.978 116.727 2 308.178 90.2901
545 194.978 116.727 2 298.6 250
546 204.978 116.727 2 289.051 250
547 214.978 116.727 2 279.533 250
548 224.978 116.727 2 270.051 250
549 234.978 116.727 2 260.607 250
550 244.978 116.727 2 251.206 250
551 254.978 116.727 2 241.853 250
552 264.978 116.727 2 232.554 250
553 274.978 116.727 2 223.316 87.9158
554 284.978 116.727 2 214.146 87.6307
555 294.978 116.727 2 205.053 87.3435
556 304.978 116.727 2 196.049 87.0553
557 314.978 116.727 2 187.146 86.7679
558 324.978 116.727 2 178.36 250
559 334.978 116.727 2 169.708 250
560 344.978 116.727 2 161.212 250
561 354.978 116.727 2 152.898 250
562 364.978 116.727 2 144.797 250
563 374.978 116.727 2 136.948 250
564 384.978 116.727 2 129.395 250
565 394.978 116.727 2 122.195 250
566 404.978 116.727 2 115.413 250
567 414.978 116.727 2 109.127 250
568 424.978 116.727 2 103.427 84.9173
569 434.978 116.727 2 98.4153 85.0485
570 444.978 116.727 2 94.2022 250
571 454.978 116.727 2 90.8984 250
572 464.978 116.727 2 88.6059 250
573 474.978 116.727 2 87.4042 85.7408
574 484.978 116.727 2 87.3383 85.7473
575 84.9784 126.727 2 403.591 92.4415
576 94.9784 126.727 2 393.795 92.2415
577 104.978 126.727 2 384.009 92.0374
578 114.978 126.727 2 374.234 250
579 124.978 126.727 2 364.472 250
580 134.978 126.727 2 354.723 250
581 144.978 126.727 2 344.988 250
582 154.978 126.727 2 335.269 250
583 164.978 126.727 2 325.567 250
584 174.978 126.727 2 315.883 250
585 184.978 126.727 2 306.22 90.2407
586 194.978 126.727 2 296.579 89.9938
587 204.978 126.727 2 286.963 89.7416
588 214.978 126.727 2 277.373 89.4841
589 224.978 126.727 2 267.814 250
590 234.978 126.727 2 258.288 250
591 244.978 126.727 2 248.8 250
592 254.978 126.727 2 239.353 88.4017
593 264.978 126.727 2 229.953 88.1189
594 274.978 126.727 2 220.606 87.832
595 284.978 126.727 2 211.318 87.5418
596 294.978 126.727 2 202.099 87.2493
597 304.978 126.727 2 192.957 86.9557
598 314.978 126.727 2 183.904 86.663
599 324.978 126.727 2 174.955 250
600 334.978 126.727 2 166.126 250
601 344.978 126.727 2 157.436 250
602 354.978 126.727 2 148.912 250
603 364.978 126.727 2 140.582 250
604 374.978 126.727 2 132.483 250
605 384.978 126.727 2 124.66 250
606 394.978 126.727 2 117.169 250
607 404.978 126.727 2 110.078 250
608 414.978 126.727 2 103.468 250
609 424.978 126.727 2 97.4377 85.0846
610 434.978 126.727 2 92.1009 85.3589
611 444.978 126.727 2 87.5846 250
612 454.978 126.727 2 84.0211 250
613 464.978 126.727 2 81.5354 250
614 474.978 126.727 2 80.2279 86.7229
615 484.978 126.727 2 80.1561 86.7361
616 84.9784 136.727 2 402.347 92.4164
617 94.9784 136.727 2 392.519 92.2151
618 104.978 136.727 2 382.701 92.0097
619 114.978 136.727 2 372.892 91.8
620 124.978 136.727 2 363.093 91.5858
621 134.978 136.727 2 353.306 250
622 144.978 136.727 2 343.531 250
623 154.978 136.727 2 333.77 250
624 164.978 136.727 2 324.023 250
625 174.978 136.727 2 314.291 250
626 184.978 136.727 2 304.578 90.199
627 194.978 136.727 2 294.883 89.9498
628 204.978 136.727 2 285.21 89.695
629 214.978 136.727 2 275.559 89.4347
630 224.978 136.727 2 265.935 250
631 234.978 136.727 2 256.34 250
632 244.978 136.727 2 246.776 250
633 254.978 136.727 2 237.249 88.3389
634 264.978 136.727 2 227.762 88.0521
635 274.978 136.727 2 218.321 87.7611
636 284.978 136.727 2 208.931 87.4665
637 294.978 136.727 2 199.602 87.1694
638 304.978 136.727 2 190.34 86.8712
639 314.978 136.727 2 181.157 86.574
640 324.978 136.727 2 172.065 250
641 334.978 136.727 2 163.079 250
642 344.978 136.727 2 154.218 250
643 354.978 136.727 2 145.505 250
644 364.978 136.727 2 136.968 250
645 374.978 136.727 2 128.642 250
646 384.978 136.727 2 120.57 250
647 394.978 136.727 2 112.808 250
648 404.978 136.727 2 105.424 250
649 414.978 136.727 2 98.502 250
650 424.978 136.727 2 92.1473 85.3559
651 434.978 136.727 2 86.4847 85.8356
652 444.978 136.727 2 81.6583 250
653 454.978 136.727 2 77.8239 250
654 464.978 136.727 2 75.1335 250
655 474.978 136.727 2 73.7125 88.3548
656 484.978 136.727 2 73.6343 88.3812
657 84.9784 146.727 2 401.347 92.3961
658 94.9784 146.727 2 391.495 92.1939
659 104.978 146.727 2 381.65 91.9875
660 114.978 146.727 2 371.813 91.7767
661 124.978 146.727 2 361.986 91.5613
662 134.978 146.727 2 352.168 91.3413
663 144.978 146.727 2 342.36 91.1164
664 154.978 146.727 2 332.564 90.8865
665 164.978 146.727 2 322.781 90.6514
666 174.978 146.727 2 313.011 90.4111
667 184.978 146.727 2 303.257 90.1654
668 194.978 146.727 2 293.518 89.9142
669 204.978 146.727 2 283.798 89.6573
670 214.978 146.727 2 274.099 89.3947
671 224.978 146.727 2 264.421 89.1264
672 234.978 146.727 2 254.768 88.8525
673 244.978 146.727 2 245.144 88.5729
674 254.978 146.727 2 235.55 88.288
675 264.978 146.727 2 225.992 87.998
676 274.978 146.727 2 216.474 87.7035
677 284.978 146.727 2 207.001 87.4053
678 294.978 146.727 2 197.58 87.1045
679 304.978 146.727 2 188.219 86.8026
680 314.978 146.727 2 178.927 86.5018
681 324.978 146.727 2 169.715 86.205
682 334.978 146.727 2 160.598 85.9163
683 344.978 146.727 2 151.592 85.6412
684 354.978 146.727 2 142.719 85.3873
685 364.978 146.727 2 134.005 85.1649
686 374.978 146.727 2 125.482 84.9882
687 384.978 146.727 2 117.193 84.8761
688 394.978 146.727 2 109.191 84.8545
689 404.978 146.727 2 101.544 84.957
690 414.978 146.727 2 94.338 85.2265
691 424.978 146.727 2 87.682 85.7136
692 434.978 146.727 2 81.7106 86.4676
693 444.978 146.727 2 76.5839 87.5131
694 454.978 146.727 2 72.4816 88.7958
695 464.978 146.727 2 69.585 90.0974
696 474.978 146.727 2 68.0481 90.9919
697 484.978 146.727 2 67.9634 91.0465
698 84.9784 156.727 2 400.596 92.3808
699 94.9784 156.727 2 390.724 92.1779
700 104.978 156.727 2 380.859 91.9707
701 114.978 156.727 2 371.002 91.7591
702 124.978 156.727 2 361.152 91.5428
703 134.978 156.727 2 351.311 91.3218
704 144.978 156.727 2 341.479 91.0959
705 154.978 156.727 2 331.657 90.8649
706 164.978 156.727 2 321.846 90.6287
707 174.978 156.727 2 312.047 90.3871
708 184.978 156.727 2 302.261 90.14
709 194.978 156.727 2 292.489 89.8873
710 204.978 156.727 2 282.734 89.6288
711 214.978 156.727 2 272.996 89.3645
712 224.978 156.727 2 263.278 89.0943
713 234.978 156.727 2 253.582 88.8184
714 244.978 156.727 2 243.911 88.5366
715 254.978 156.727 2 234.267 88.2494
716 264.978 156.727 2 224.654 87.9569
717 274.978 156.727 2 215.077 87.6599
718 284.978 156.727 2 205.539 87.3589
719 294.978 156.727 2 196.048 87.0553
720 304.978 156.727 2 186.61 86.7506
721 314.978 156.727 2 177.234 86.4471
722 324.978 156.727 2 167.93 86.1479
723 334.978 156.727 2 158.71 85.8576
724 344.978 156.727 2 149.59 85.5821
725 354.978 156.727 2 140.591 85.33
726 364.978 156.727 2 131.736 85.1132
727 374.978 156.727 2 123.056 84.9481
728 384.978 156.727 2 114.592 84.8579
729 394.978 156.727 2 106.394 84.875
730 404.978 156.727 2 98.5302 85.0445
731 414.978 156.727 2 91.0861 85.4285
732 424.978 156.727 2 84.1734 86.1096
733 434.978 156.727 2 77.9335 87.1898
734 444.978 156.727 2 72.5405 88.7734
735 454.978 156.727 2 68.1953 90.8984
736 464.978 156.727 2 65.1082 93.3389
737 474.978 156.727 2 63.4631 95.2539
738 484.978 156.727 2 63.3723 95.379
739 84.9784 166.727 2 400.092 92.3706
740 94.9784 166.727 2 390.208 92.1672
741 104.978 166.727 2 380.33 91.9595
742 114.978 166.727 2 370.458 91.7473
743 124.978 166.727 2 360.594 91.5304
744 134.978 166.727 2 350.737 91.3088
745 144.978 166.727 2 340.888 91.0821
746 154.978 166.727 2 331.049 90.8504
747 164.978 166.727 2 321.219 90.6134
748 174.978 166.727 2 311.4 90.371
749 184.978 166.727 2 301.593 90.1229
750 194.978 166.727 2 291.8 89.8692
751 204.978 166.727 2 282.021 89.6096
752 214.978 166.727 2 272.257 89.3442
753 224.978 166.727 2 262.512 250
754 234.978 166.727 2 252.786 88.7954
755 244.978 166.727 2 243.083 250
756 254.978 166.727 2 233.405 250
757 264.978 166.727 2 223.755 250
758 274.978 166.727 2 214.138 87.6304
759 284.978 166.727 2 204.557 87.3277
760 294.978 166.727 2 195.018 250
761 304.978 166.727 2 185.527 250
762 314.978 166.727 2 176.093 250
763 324.978 166.727 2 166.725 250
764 334.978 166.727 2 157.435 250
765 344.978 166.727 2 148.237 250
766 354.978 166.727 2 139.15 85.2923
767 364.978 166.727 2 130.197 85.0799
768 374.978 166.727 2 121.407 250
769 384.978 166.727 2 112.82 84.8512
770 394.978 166.727 2 104.483 84.8996
771 404.978 166.727 2 96.4635 85.1245
772 414.978 166.727 2 88.8464 85.6064
773 424.978 166.727 2 81.7446 86.4622
774 434.978 166.727 2 75.3038 87.8598
775 444.978 166.727 2 69.7075 250
776 454.978 166.727 2 65.1738 250
777 464.978 166.727 2 61.9363 250
778 474.978 166.727 2 60.2045 102.399
779 484.978 166.727 2 60.1088 102.763
780 84.9784 176.727 2 399.838 92.3654
781 94.9784 176.727 2 389.948 92.1618
782 104.978 176.727 2 380.063 91.9538
783 114.978 176.727 2 370.184 91.7413
784 124.978 176.727 2 360.312 91.5241
785 134.978 176.727 2 350.447 91.3022
786 144.978 176.727 2 340.59 91.0752
787 154.978 176.727 2 330.742 90.8431
788 164.978 176.727 2 320.903 90.6057
789 174.978 176.727 2 311.074 90.3628
790 184.978 176.727 2 301.257 90.1143
791 194.978 176.727 2 291.452 89.8601
792 204.978 176.727 2 281.66 89.6
793 214.978 176.727 2 271.884 89.3339
794 224.978 176.727 2 262.125 250
795 234.978 176.727 2 252.385 88.7838
796 244.978 176.727 2 242.665 250
797 254.978 176.727 2 232.97 250
798 264.978 176.727 2 223.301 250
799 274.978 176.727 2 213.663 87.6156
800 284.978 176.727 2 204.06 87.3118
801 294.978 176.727 2 194.497 250
802 304.978 176.727 2 184.979 250
803 314.978 176.727 2 175.516 250
804 324.978 176.727 2 166.116 250
805 334.978 176.727 2 156.789 250
806 344.978 176.727 2 147.551 250
807 354.978 176.727 2 138.419 85.2734
808 364.978 176.727 2 129.415 85.0635
809 374.978 176.727 2 120.569 250
810 384.978 176.727 2 111.916 84.8498
811 394.978 176.727 2 103.507 84.9159
812 404.978 176.727 2 95.4056 85.1726
813 414.978 176.727 2 87.6967 85.7122
814 424.978 176.727 2 80.4934 86.6747
815 434.978 176.727 2 73.9437 88.2779
816 444.978 176.727 2 68.236 250
817 454.978 176.727 2 63.5975 250
818 464.978 176.727 2 60.2754 250
819 474.978 176.727 2 58.4945 114.996
820 484.978 176.727 2 58.3959 116.905
821 84.9784 186.727 2 399.835 92.3653
822 94.9784 186.727 2 389.944 92.1617
823 104.978 186.727 2 380.059 91.9537
824 114.978 186.727 2 370.18 91.7412
825 124.978 186.727 2 360.308 91.524
826 134.978 186.727 2 350.443 91.3021
827 144.978 186.727 2 340.586 91.0751
828 154.978 186.727 2 330.737 90.843
829 164.978 186.727 2 320.898 90.6056
830 174.978 186.727 2 311.069 90.3627
831 184.978 186.727 2 301.252 90.1142
832 194.978 186.727 2 291.447 89.8599
833 204.978 186.727 2 281.655 89.5998
834 214.978 186.727 2 271.879 89.3338
835 224.978 186.727 2 262.119 250
836 234.978 186.727 2 252.379 88.7836
837 244.978 186.727 2 242.659 250
838 254.978 186.727 2 232.964 250
839 264.978 186.727 2 223.295 250
840 274.978 186.727 2 213.656 87.6153
841 284.978 186.727 2 204.053 87.3116
842 294.978 186.727 2 194.489 87.0051
843 304.978 186.727 2 184.971 86.6975
844 314.978 186.727 2 175.508 86.3913
845 324.978 186.727 2 166.107 86.0899
846 334.978 186.727 2 156.78 250
847 344.978 186.727 2 147.541 250
848 354.978 186.727 2 138.408 250
849 364.978 186.727 2 129.404 250
850 374.978 186.727 2 120.556 250
851 384.978 186.727 2 111.903 84.8498
852 394.978 186.727 2 103.493 84.9161
853 404.978 186.727 2 95.39 85.1734
854 414.978 186.727 2 87.6797 85.7138
855 424.978 186.727 2 80.4749 86.6781
856 434.978 186.727 2 73.9236 88.2846
857 444.978 186.727 2 68.2142 250
858 454.978 186.727 2 63.574 250
859 464.978 186.727 2 60.2506 250
860 474.978 186.727 2 58.469 115.45
861 484.978 186.727 2 58.3704 117.478
862 84.9784 196.727 2 400.081 92.3703
863 94.9784 196.727 2 390.197 92.1669
864 104.978 196.727 2 380.318 91.9592
865 114.978 196.727 2 370.446 91.747
866 124.978 196.727 2 360.581 91.5301
867 134.978 196.727 2 350.724 91.3085
868 144.978 196.727 2 340.875 91.0818
869 154.978 196.727 2 331.035 90.8501
870 164.978 196.727 2 321.205 90.6131
871 174.978 196.727 2 311.386 90.3706
872 184.978 196.727 2 301.579 90.1226
873 194.978 196.727 2 291.784 89.8688
874 204.978 196.727 2 282.005 89.6092
875 214.978 196.727 2 272.241 89.3437
876 224.978 196.727 2 262.495 250
877 234.978 196.727 2 252.769 88.7949
878 244.978 196.727 2 243.065 88.5117
879 254.978 196.727 2 233.386 88.2228
880 264.978 196.727 2 223.735 87.9287
881 274.978 196.727 2 214.117 87.6298
882 284.978 196.727 2 204.535 87.327
883 294.978 196.727 2 194.995 87.0214
884 304.978 196.727 2 185.503 86.7147
885 314.978 196.727 2 176.068 86.4094
886 324.978 196.727 2 166.699 86.1087
887 334.978 196.727 2 157.407 250
888 344.978 196.727 2 148.207 250
889 354.978 196.727 2 139.118 85.2914
890 364.978 196.727 2 130.163 85.0792
891 374.978 196.727 2 121.371 84.9235
892 384.978 196.727 2 112.78 84.8511
893 394.978 196.727 2 104.44 84.9003
894 404.978 196.727 2 96.4171 85.1265
895 414.978 196.727 2 88.7961 85.6108
896 424.978 196.727 2 81.6898 250
897 434.978 196.727 2 75.2443 250
898 444.978 196.727 2 69.6433 250
899 454.978 196.727 2 65.1051 250
900 464.978 196.727 2 61.864 250
901 474.978 196.727 2 60.1302 102.68
902 484.978 196.727 2 60.0343 103.058
903 84.9784 206.727 2 400.577 92.3804
904 94.9784 206.727 2 390.705 92.1775
905 104.978 206.727 2 380.84 91.9703
906 114.978 206.727 2 370.982 91.7586
907 124.978 206.727 2 361.131 250
908 134.978 206.727 2 351.289 91.3213
909 144.978 206.727 2 341.457 91.0954
910 154.978 206.727 2 331.634 90.8644
911 164.978 206.727 2 321.822 90.6281
912 174.978 206.727 2 312.023 90.3865
913 184.978 206.727 2 302.236 90.1394
914 194.978 206.727 2 292.464 89.8866
915 204.978 206.727 2 282.708 89.6281
916 214.978 206.727 2 272.969 89.3637
917 224.978 206.727 2 263.25 89.0935
918 234.978 206.727 2 253.553 88.8175
919 244.978 206.727 2 243.88 88.5357
920 254.978 206.727 2 234.235 88.2484
921 264.978 206.727 2 224.621 87.9559
922 274.978 206.727 2 215.042 87.6588
923 284.978 206.727 2 205.503 87.3578
924 294.978 206.727 2 196.01 87.0541
925 304.978 206.727 2 186.57 86.7493
926 314.978 206.727 2 177.192 86.4457
927 324.978 206.727 2 167.885 86.1465
928 334.978 206.727 2 158.663 250
929 344.978 206.727 2 149.541 250
930 354.978 206.727 2 140.538 85.3286
931 364.978 206.727 2 131.679 85.1119
932 374.978 206.727 2 122.995 84.9472
933 384.978 206.727 2 114.527 84.8576
934 394.978 206.727 2 106.324 84.8757
935 404.978 206.727 2 98.4545 85.0472
936 414.978 206.727 2 91.0042 85.4344
937 424.978 206.727 2 84.0848 250
938 434.978 206.727 2 77.8378 250
939 444.978 206.727 2 72.4376 250
940 454.978 206.727 2 68.0859 250
941 464.978 206.727 2 64.9937 250
942 474.978 206.727 2 63.3456 95.4163
943 484.978 206.727 2 63.2546 95.5448
944 84.9784 216.727 2 401.321 92.3956
945 94.9784 216.727 2 391.468 92.1934
946 104.978 216.727 2 381.623 91.9869
947 114.978 216.727 2 371.785 91.7761
948 124.978 216.727 2 361.957 250
949 134.978 216.727 2 352.138 91.3406
950 144.978 216.727 2 342.33 91.1157
951 154.978 216.727 2 332.533 90.8857
952 164.978 216.727 2 322.749 90.6507
953 174.978 216.727 2 312.978 90.4103
954 184.978 216.727 2 303.222 90.1645
955 194.978 216.727 2 293.483 89.9132
956 204.978 216.727 2 283.762 89.6563
957 214.978 216.727 2 274.06 89.3937
958 224.978 216.727 2 264.382 89.1253
959 234.978 216.727 2 254.728 88.8513
960 244.978 216.727 2 245.101 88.5717
961 254.978 216.727 2 235.506 88.2866
962 264.978 216.727 2 225.946 87.9966
963 274.978 216.727 2 216.426 87.702
964 284.978 216.727 2 206.951 87.4037
965 294.978 216.727 2 197.527 250
966 304.978 216.727 2 188.163 250
967 314.978 216.727 2 178.869 250
968 324.978 216.727 2 169.654 250
969 334.978 216.727 2 160.533 250
970 344.978 216.727 2 151.524 250
971 354.978 216.727 2 142.646 85.3853
972 364.978 216.727 2 133.927 85.1631
973 374.978 216.727 2 125.399 84.9867
974 384.978 216.727 2 117.104 84.8754
975 394.978 216.727 2 109.095 84.8549
976 404.978 216.727 2 101.441 84.9594
977 414.978 216.727 2 94.2273 85.2324
978 424.978 216.727 2 87.5629 250
979 434.978 216.727 2 81.5828 250
980 444.978 216.727 2 76.4476 250
981 454.978 216.727 2 72.3375 250
982 464.978 216.727 2 69.4348 250
983 474.978 216.727 2 67.8946 91.0913
984 484.978 216.727 2 67.8097 91.1472
985 84.9784 226.727 2 402.313 92.4157
986 94.9784 226.727 2 392.485 92.2144
987 104.978 226.727 2 382.665 250
988 114.978 226.727 2 372.856 250
989 124.978 226.727 2 363.056 250
990 134.978 226.727 2 353.268 91.3662
991 144.978 226.727 2 343.492 91.1426
992 154.978 226.727 2 333.729 90.9141
993 164.978 226.727 2 323.981 90.6806
994 174.978 226.727 2 314.249 90.4419
995 184.978 226.727 2 304.534 90.1979
996 194.978 226.727 2 294.838 89.9486
997 204.978 226.727 2 285.163 89.6937
998 214.978 226.727 2 275.511 89.4334
999 224.978 226.727 2 265.885 89.1674
1000 234.978 226.727 2 256.287 88.896
1001 244.978 226.727 2 246.722 88.6192
1002 254.978 226.727 2 237.192 88.3372
1003 264.978 226.727 2 227.703 88.0503
1004 274.978 226.727 2 218.259 87.7592
1005 284.978 226.727 2 208.867 87.4645
1006 294.978 226.727 2 199.534 250
1007 304.978 226.727 2 190.27 250
1008 314.978 226.727 2 181.083 250
1009 324.978 226.727 2 171.987 250
1010 334.978 226.727 2 162.997 250
1011 344.978 226.727 2 154.131 250
1012 354.978 226.727 2 145.413 85.462
1013 364.978 226.727 2 136.87 85.2343
1014 374.978 226.727 2 128.537 85.0457
1015 384.978 226.727 2 120.459 84.9115
1016 394.978 226.727 2 112.689 84.8509
1017 404.978 226.727 2 105.296 84.888
1018 414.978 226.727 2 98.3657 85.0503
1019 424.978 226.727 2 92.0015 250
1020 434.978 226.727 2 86.3294 250
1021 444.978 226.727 2 81.4939 250
1022 454.978 226.727 2 77.6513 250
1023 464.978 226.727 2 74.9547 250
1024 474.978 226.727 2 73.5302 88.4166
1025 484.978 226.727 2 73.4519 88.4436
1026 84.9784 236.727 2 403.55 92.4407
1027 94.9784 236.727 2 393.753 92.2406
1028 104.978 236.727 2 383.966 92.0365
1029 114.978 236.727 2 374.19 91.828
1030 124.978 236.727 2 364.427 250
1031 134.978 236.727 2 354.676 91.398
1032 144.978 236.727 2 344.94 91.176
1033 154.978 236.727 2 335.22 90.9493
1034 164.978 236.727 2 325.516 90.7177
1035 174.978 236.727 2 315.831 90.4811
1036 184.978 236.727 2 306.166 90.2393
1037 194.978 236.727 2 296.524 89.9924
1038 204.978 236.727 2 286.905 89.7401
1039 214.978 236.727 2 277.314 89.4825
1040 224.978 236.727 2 267.753 89.2195
1041 234.978 236.727 2 258.225 88.9513
1042 244.978 236.727 2 248.734 88.6779
1043 254.978 236.727 2 239.285 88.3996
1044 264.978 236.727 2 229.882 88.1167
1045 274.978 236.727 2 220.531 87.8297
1046 284.978 236.727 2 211.241 87.5394
1047 294.978 236.727 2 202.017 250
1048 304.978 236.727 2 192.872 250
1049 314.978 236.727 2 183.815 250
1050 324.978 236.727 2 174.861 250
1051 334.978 236.727 2 166.027 250
1052 344.978 236.727 2 157.332 250
1053 354.978 236.727 2 148.802 85.5591
1054 364.978 236.727 2 140.465 85.3267
1055 374.978 236.727 2 132.359 85.1271
1056 384.978 236.727 2 124.529 84.9718
1057 394.978 236.727 2 117.029 84.8747
1058 404.978 236.727 2 109.929 84.8518
1059 414.978 236.727 2 103.309 250
1060 424.978 236.727 2 97.2692 250
1061 434.978 236.727 2 91.9227 250
1062 444.978 236.727 2 87.3972 250
1063 454.978 236.727 2 83.8257 250
1064 464.978 236.727 2 81.3341 250
1065 474.978 236.727 2 80.0232 86.7608
1066 484.978 236.727 2 79.9512 86.7743
1067 84.9784 246.727 2 405.031 92.4706
1068 94.9784 246.727 2 395.27 92.2719
1069 104.978 246.727 2 385.522 92.0692
1070 114.978 246.727 2 375.786 91.8624
1071 124.978 246.727 2 366.065 91.6513
1072 134.978 246.727 2 356.36 91.4358
1073 144.978 246.727 2 346.671 91.2158
1074 154.978 246.727 2 337 90.9912
1075 164.978 246.727 2 327.35 90.7619
1076 174.978 246.727 2 317.72 90.5277
1077 184.978 246.727 2 308.115 90.2885
1078 194.978 246.727 2 298.535 90.0444
1079 204.978 246.727 2 288.984 89.7951
1080 214.978 246.727 2 279.464 89.5408
1081 224.978 246.727 2 269.979 89.2813
1082 234.978 246.727 2 260.532 89.0168
1083 244.978 246.727 2 251.129 88.7475
1084 254.978 246.727 2 241.773 88.4735
1085 264.978 246.727 2 232.471 88.1952
1086 274.978 246.727 2 223.229 87.9131
1087 284.978 246.727 2 214.055 87.6279
1088 294.978 246.727 2 204.959 87.3405
1089 304.978 246.727 2 195.95 87.0521
1090 314.978 246.727 2 187.043 86.7646
1091 324.978 246.727 2 178.251 86.48
1092 334.978 246.727 2 169.594 86.2011
1093 344.978 246.727 2 161.091 85.9317
1094 354.978 246.727 2 152.771 85.6764
1095 364.978 246.727 2 144.663 85.441
1096 374.978 246.727 2 136.806 85.2327
1097 384.978 246.727 2 129.245 85.0601
1098 394.978 246.727 2 122.036 84.9329
1099 404.978 246.727 2 115.245 84.8616
1100 414.978 246.727 2 108.949 84.8556
1101 424.978 246.727 2 103.239 84.9208
1102 434.978 246.727 2 98.2181 85.0555
1103 444.978 246.727 2 93.9962 85.245
1104 454.978 246.727 2 90.685 85.4579
1105 464.978 246.727 2 88.3869 85.6474
1106 474.978 246.727 2 87.1822 85.763
1107 484.978 246.727 2 87.1161 85.7697
1108 84.9784 256.727 2 406.752 92.5052
1109 94.9784 256.727 2 397.033 92.3081
1110 104.978 256.727 2 387.329 92.1071
1111 114.978 256.727 2 377.641 91.9021
1112 124.978 256.727 2 367.969 91.693
1113 134.978 256.727 2 358.315 91.4796
1114 144.978 256.727 2 348.68 91.2619
1115 154.978 256.727 2 339.067 91.0397
1116 164.978 256.727 2 329.477 90.8129
1117 174.978 256.727 2 319.911 90.5815
1118 184.978 256.727 2 310.374 90.3453
1119 194.978 256.727 2 300.866 90.1043
1120 204.978 256.727 2 291.391 89.8585
1121 214.978 256.727 2 281.953 89.6078
1122 224.978 256.727 2 272.554 89.3523
1123 234.978 256.727 2 263.2 89.0921
1124 244.978 256.727 2 253.895 88.8274
1125 254.978 256.727 2 244.645 88.5582
1126 264.978 256.727 2 235.456 88.2851
1127 274.978 256.727 2 226.336 88.0085
1128 284.978 256.727 2 217.294 87.7291
1129 294.978 256.727 2 208.339 87.4477
1130 304.978 256.727 2 199.483 87.1656
1131 314.978 256.727 2 190.741 86.8842
1132 324.978 256.727 2 182.128 86.6054
1133 334.978 256.727 2 173.663 86.3319
1134 344.978 256.727 2 165.371 86.0665
1135 354.978 256.727 2 157.277 85.8134
1136 364.978 256.727 2 149.414 85.577
1137 374.978 256.727 2 141.82 85.3629
1138 384.978 256.727 2 134.541 85.1776
1139 394.978 256.727 2 127.632 85.0279
1140 404.978 256.727 2 121.154 84.9206
1141 414.978 256.727 2 115.182 84.8612
1142 424.978 256.727 2 109.797 84.8522
1143 434.978 256.727 2 105.09 84.8908
1144 444.978 256.727 2 101.155 84.9665
1145 454.978 256.727 2 98.0856 85.0603
1146 464.978 256.727 2 95.9649 85.1465
1147 474.978 256.727 2 94.8565 85.1996
1148 484.978 256.727 2 94.7957 85.2027
1149 84.9784 266.727 2 408.71 92.5444
1150 94.9784 266.727 2 399.039 92.3491
1151 104.978 266.727 2 389.385 92.1501
1152 114.978 266.727 2 379.749 91.9471
1153 124.978 266.727 2 370.132 91.7402
1154 134.978 266.727 2 360.536 250
1155 144.978 266.727 2 350.963 250
1156 154.978 266.727 2 341.414 250
1157 164.978 266.727 2 331.891 250
1158 174.978 266.727 2 322.398 90.6421
1159 184.978 266.727 2 312.936 90.4093
1160 194.978 266.727 2 303.508 90.1718
1161 204.978 266.727 2 294.119 89.9298
1162 214.978 266.727 2 284.77 89.6833
1163 224.978 266.727 2 275.468 89.4322
1164 234.978 266.727 2 266.216 89.1767
1165 244.978 266.727 2 257.021 250
1166 254.978 266.727 2 247.887 250
1167 264.978 266.727 2 238.823 250
1168 274.978 266.727 2 229.837 88.1154
1169 284.978 266.727 2 220.938 87.8423
1170 294.978 266.727 2 212.137 250
1171 304.978 266.727 2 203.447 250
1172 314.978 266.727 2 194.882 250
1173 324.978 266.727 2 186.461 250
1174 334.978 266.727 2 178.202 250
1175 344.978 266.727 2 170.131 250
1176 354.978 266.727 2 162.274 250
1177 364.978 266.727 2 154.666 250
1178 374.978 266.727 2 147.343 250
1179 384.978 266.727 2 140.351 250
1180 394.978 266.727 2 133.742 250
1181 404.978 266.727 2 127.575 250
1182 414.978 266.727 2 121.918 250
1183 424.978 266.727 2 116.843 250
1184 434.978 266.727 2 112.431 250
1185 444.978 266.727 2 108.763 250
1186 454.978 266.727 2 105.914 250
1187 464.978 266.727 2 103.953 250
1188 474.978 266.727 2 102.931 84.9267
1189 484.978 266.727 2 102.875 84.9278
1190 84.9784 276.727 2 410.903 92.5881
1191 94.9784 276.727 2 401.285 92.3948
1192 104.978 276.727 2 391.686 92.1979
1193 114.978 276.727 2 382.108 91.9972
1194 124.978 276.727 2 372.552 91.7927
1195 134.978 276.727 2 363.02 250
1196 144.978 276.727 2 353.514 250
1197 154.978 276.727 2 344.035 250
1198 164.978 276.727 2 334.588 250
1199 174.978 276.727 2 325.173 90.7094
1200 184.978 276.727 2 315.794 90.4802
1201 194.978 276.727 2 306.454 90.2466
1202 204.978 276.727 2 297.158 90.0088
1203 214.978 276.727 2 287.908 89.7667
1204 224.978 276.727 2 278.711 89.5204
1205 234.978 276.727 2 269.57 89.27
1206 244.978 276.727 2 260.493 250
1207 254.978 276.727 2 251.486 250
1208 264.978 276.727 2 242.557 250
1209 274.978 276.727 2 233.714 88.2327
1210 284.978 276.727 2 224.968 87.9666
1211 294.978 276.727 2 216.331 250
1212 304.978 276.727 2 207.816 250
1213 314.978 276.727 2 199.439 250
1214 324.978 276.727 2 191.219 250
1215 334.978 276.727 2 183.175 250
1216 344.978 276.727 2 175.333 250
1217 354.978 276.727 2 167.72 250
1218 364.978 276.727 2 160.37 250
1219 374.978 276.727 2 153.32 250
1220 384.978 276.727 2 146.613 250
1221 394.978 276.727 2 140.299 250
1222 404.978 276.727 2 134.434 250
1223 414.978 276.727 2 129.077 250
1224 424.978 276.727 2 124.296 250
1225 434.978 276.727 2 120.158 250
1226 444.978 276.727 2 116.732 250
1227 454.978 276.727 2 114.083 250
1228 464.978 276.727 2 112.264 250
1229 474.978 276.727 2 111.318 84.8496
1230 484.978 276.727 2 111.267 84.8497
1231 84.9784 286.727 2 413.326 92.6362
1232 94.9784 286.727 2 403.765 92.4451
1233 104.978 286.727 2 394.227 92.2504
1234 114.978 286.727 2 384.712 92.0522
1235 124.978 286.727 2 375.223 91.8503
1236 134.978 286.727 2 365.76 250
1237 144.978 286.727 2 356.327 250
1238 154.978 286.727 2 346.926 250
1239 164.978 286.727 2 337.559 250
1240 174.978 286.727 2 328.229 90.783
1241 184.978 286.727 2 318.94 90.5577
1242 194.978 286.727 2 309.696 90.3283
1243 204.978 286.727 2 300.499 90.0949
1244 214.978 286.727 2 291.356 89.8576
1245 224.978 286.727 2 282.271 89.6164
1246 234.978 286.727 2 273.249 89.3714
1247 244.978 286.727 2 264.299 250
1248 254.978 286.727 2 255.426 250
1249 264.978 286.727 2 246.639 250
1250 274.978 286.727 2 237.948 88.3598
1251 284.978 286.727 2 229.364 88.101
1252 294.978 286.727 2 220.898 250
1253 304.978 286.727 2 212.567 250
1254 314.978 286.727 2 204.385 250
1255 324.978 286.727 2 196.371 250
1256 334.978 286.727 2 188.547 250
1257 344.978 286.727 2 180.938 250
1258 354.978 286.727 2 173.571 250
1259 364.978 286.727 2 166.48 250
1260 374.978 286.727 2 159.7 250
1261 384.978 286.727 2 153.273 250
1262 394.978 286.727 2 147.245 250
1263 404.978 286.727 2 141.667 250
1264 414.978 286.727 2 136.594 250
1265 424.978 286.727 2 132.085 250
1266 434.978 286.727 2 128.199 250
1267 444.978 286.727 2 124.993 250
1268 454.978 286.727 2 122.523 250
1269 464.978 286.727 2 120.832 250
1270 474.978 286.727 2 119.953 84.9052
1271 484.978 286.727 2 119.905 84.9046
1272 84.9784 296.727 2 415.975 92.6885
1273 94.9784 296.727 2 406.477 92.4997
1274 104.978 296.727 2 397.004 92.3075
1275 114.978 296.727 2 387.557 92.1119
1276 124.978 296.727 2 378.139 91.9128
1277 134.978 296.727 2 368.751 250
1278 144.978 296.727 2 359.397 250
1279 154.978 296.727 2 350.078 250
1280 164.978 296.727 2 340.797 250
1281 174.978 296.727 2 331.559 90.8626
1282 184.978 296.727 2 322.366 90.6414
1283 194.978 296.727 2 313.222 90.4164
1284 204.978 296.727 2 304.133 90.1877
1285 214.978 296.727 2 295.102 89.9555
1286 224.978 296.727 2 286.136 89.7196
1287 234.978 296.727 2 277.24 89.4805
1288 244.978 296.727 2 268.423 250
1289 254.978 296.727 2 259.691 250
1290 264.978 296.727 2 251.053 250
1291 274.978 296.727 2 242.52 88.4956
1292 284.978 296.727 2 234.104 88.2445
1293 294.978 296.727 2 225.817 250
1294 304.978 296.727 2 217.673 250
1295 314.978 296.727 2 209.691 250
1296 324.978 296.727 2 201.888 87.2425
1297 334.978 296.727 2 194.286 86.9986
1298 344.978 296.727 2 186.911 86.7603
1299 354.978 296.727 2 179.789 86.5297
1300 364.978 296.727 2 172.952 86.309
1301 374.978 296.727 2 166.436 86.1004
1302 384.978 296.727 2 160.279 85.9064
1303 394.978 296.727 2 154.525 85.7293
1304 404.978 296.727 2 149.219 85.5713
1305 414.978 296.727 2 144.412 85.434
1306 424.978 296.727 2 140.155 85.3185
1307 434.978 296.727 2 136.499 250
1308 444.978 296.727 2 133.493 250
1309 454.978 296.727 2 131.183 250
1310 464.978 296.727 2 129.605 250
1311 474.978 296.727 2 128.786 85.0507
1312 484.978 296.727 2 128.741 85.0498
1313 84.9784 306.727 2 418.846 92.7448
1314 94.9784 306.727 2 409.415 92.5585
1315 104.978 306.727 2 400.011 92.3689
1316 114.978 306.727 2 390.637 92.1761
1317 124.978 306.727 2 381.295 91.98
1318 134.978 306.727 2 371.987 250
1319 144.978 306.727 2 362.716 250
1320 154.978 306.727 2 353.485 250
1321 164.978 306.727 2 344.296 250
1322 174.978 306.727 2 335.154 90.9478
1323 184.978 306.727 2 326.063 90.7309
1324 194.978 306.727 2 317.026 90.5106
1325 204.978 306.727 2 308.048 90.2869
1326 214.978 306.727 2 299.136 90.0598
1327 224.978 306.727 2 290.294 89.8297
1328 234.978 306.727 2 281.53 89.5965
1329 244.978 306.727 2 272.851 250
1330 254.978 306.727 2 264.265 250
1331 264.978 306.727 2 255.783 250
1332 274.978 306.727 2 247.413 88.6394
1333 284.978 306.727 2 239.169 88.3962
1334 294.978 306.727 2 231.063 250
1335 304.978 306.727 2 223.111 250
1336 314.978 306.727 2 215.33 250
1337 324.978 306.727 2 207.739 87.4287
1338 334.978 306.727 2 200.36 250
1339 344.978 306.727 2 193.216 250
1340 354.978 306.727 2 186.336 250
1341 364.978 306.727 2 179.749 86.5284
1342 374.978 306.727 2 173.488 250
1343 384.978 306.727 2 167.59 250
1344 394.978 306.727 2 162.096 250
1345 404.978 306.727 2 157.046 250
1346 414.978 306.727 2 152.486 250
1347 424.978 306.727 2 148.46 250
1348 434.978 306.727 2 145.014 250
1349 444.978 306.727 2 142.188 250
1350 454.978 306.727 2 140.021 250
1351 464.978 306.727 2 138.544 250
1352 474.978 306.727 2 137.778 85.2571
1353 484.978 306.727 2 137.736 85.256
1354 84.9784 316.727 2 421.935 92.805
1355 94.9784 316.727 2 412.574 92.6213
1356 104.978 316.727 2 403.244 92.4345
1357 114.978 316.727 2 393.947 92.2446
1358 124.978 316.727 2 384.686 92.0516
1359 134.978 316.727 2 375.462 250
1360 144.978 316.727 2 366.279 250
1361 154.978 316.727 2 357.139 250
1362 164.978 316.727 2 348.047 250
1363 174.978 316.727 2 339.006 91.0383
1364 184.978 316.727 2 330.021 90.8259
1365 194.978 316.727 2 321.096 90.6104
1366 204.978 316.727 2 312.235 90.3918
1367 214.978 316.727 2 303.446 90.1702
1368 224.978 316.727 2 294.733 89.9459
1369 234.978 316.727 2 286.105 89.7188
1370 244.978 316.727 2 277.569 250
1371 254.978 316.727 2 269.134 250
1372 264.978 316.727 2 260.81 250
1373 274.978 316.727 2 252.607 88.7902
1374 284.978 316.727 2 244.538 88.5551
1375 294.978 316.727 2 236.616 250
1376 304.978 316.727 2 228.857 250
1377 314.978 316.727 2 221.278 250
1378 324.978 316.727 2 213.899 87.6229
1379 334.978 316.727 2 206.739 250
1380 344.978 316.727 2 199.824 250
1381 354.978 316.727 2 193.179 250
1382 364.978 316.727 2 186.833 86.7578
1383 374.978 316.727 2 180.818 250
1384 384.978 316.727 2 175.167 250
1385 394.978 316.727 2 169.918 250
1386 404.978 316.727 2 165.108 250
1387 414.978 316.727 2 160.776 250
1388 424.978 316.727 2 156.963 250
1389 434.978 316.727 2 153.707 250
1390 444.978 316.727 2 151.044 250
1391 454.978 316.727 2 149.006 85.5651
1392 464.978 316.727 2 147.619 250
1393 474.978 316.727 2 146.901 85.5043
1394 484.978 316.727 2 146.862 85.5031
1395 84.9784 326.727 2 425.236 92.869
1396 94.9784 326.727 2 415.95 92.688
1397 104.978 326.727 2 406.698 92.5041
1398 114.978 326.727 2 397.481 92.3173
1399 124.978 326.727 2 388.304 92.1275
1400 134.978 326.727 2 379.168 91.9347
1401 144.978 326.727 2 370.077 91.739
1402 154.978 326.727 2 361.034 91.5402
1403 164.978 326.727 2 352.043 91.3384
1404 174.978 326.727 2 343.107 91.1337
1405 184.978 326.727 2 334.232 90.926
1406 194.978 326.727 2 325.422 90.7154
1407 204.978 326.727 2 316.683 90.5021
1408 214.978 326.727 2 308.02 90.2861
1409 224.978 326.727 2 299.441 90.0677
1410 234.978 326.727 2 290.952 89.847
1411 244.978 326.727 2 282.563 89.6242
1412 254.978 326.727 2 274.281 89.3997
1413 264.978 326.727 2 266.118 89.1739
1414 274.978 326.727 2 258.084 88.9473
1415 284.978 326.727 2 250.191 88.7203
1416 294.978 326.727 2 242.455 88.4937
1417 304.978 326.727 2 234.889 88.2681
1418 314.978 326.727 2 227.511 88.0445
1419 324.978 326.727 2 220.34 87.8238
1420 334.978 326.727 2 213.397 87.6072
1421 344.978 326.727 2 206.704 87.3959
1422 354.978 326.727 2 200.288 87.1913
1423 364.978 326.727 2 194.174 86.995
1424 374.978 326.727 2 188.393 86.8083
1425 384.978 326.727 2 182.977 86.6329
1426 394.978 326.727 2 177.958 86.4705
1427 404.978 326.727 2 173.371 86.3224
1428 414.978 326.727 2 169.251 86.1902
1429 424.978 326.727 2 165.634 86.0749
1430 434.978 326.727 2 162.551 85.9775
1431 444.978 326.727 2 160.036 85.8988
1432 454.978 326.727 2 158.114 85.8392
1433 464.978 326.727 2 156.807 85.7989
1434 474.978 326.727 2 156.131 85.7782
1435 484.978 326.727 2 156.094 85.7771
1436 84.9784 336.727 2 428.746 92.9365
1437 94.9784 336.727 2 419.537 92.7583
1438 104.978 336.727 2 410.366 92.5774
1439 114.978 336.727 2 401.234 92.3938
1440 124.978 336.727 2 392.144 92.2074
1441 134.978 336.727 2 383.1 92.0182
1442 144.978 336.727 2 374.104 91.8262
1443 154.978 336.727 2 365.161 91.6314
1444 164.978 336.727 2 356.274 91.4339
1445 174.978 336.727 2 347.447 91.2336
1446 184.978 336.727 2 338.686 91.0307
1447 194.978 336.727 2 329.995 90.8253
1448 204.978 336.727 2 321.38 90.6173
1449 214.978 336.727 2 312.847 90.4071
1450 224.978 336.727 2 304.404 90.1946
1451 234.978 336.727 2 296.058 89.9803
1452 244.978 336.727 2 287.817 89.7643
1453 254.978 336.727 2 279.691 89.5469
1454 264.978 336.727 2 271.691 89.3286
1455 274.978 336.727 2 263.826 89.1097
1456 284.978 336.727 2 256.111 88.8909
1457 294.978 336.727 2 248.558 88.6728
1458 304.978 336.727 2 241.184 88.456
1459 314.978 336.727 2 234.005 88.2415
1460 324.978 336.727 2 227.039 88.03
1461 334.978 336.727 2 220.307 87.8228
1462 344.978 336.727 2 213.831 87.6208
1463 354.978 336.727 2 207.635 87.4254
1464 364.978 336.727 2 201.744 87.2379
1465 374.978 336.727 2 196.186 87.0597
1466 384.978 336.727 2 190.991 86.8923
1467 394.978 336.727 2 186.188 86.7369
1468 404.978 336.727 2 181.809 86.5951
1469 414.978 336.727 2 177.885 86.4681
1470 424.978 336.727 2 174.446 86.3571
1471 434.978 336.727 2 171.523 86.263
1472 444.978 336.727 2 169.14 86.1866
1473 454.978 336.727 2 167.323 86.1286
1474 464.978 336.727 2 166.089 86.0893
1475 474.978 336.727 2 165.451 86.0691
1476 484.978 336.727 2 165.416 86.068
1477 84.9784 346.727 2 432.458 93.0073
1478 94.9784 346.727 2 423.33 92.8321
1479 104.978 346.727 2 414.243 92.6543
1480 114.978 346.727 2 405.198 250
1481 124.978 346.727 2 396.199 250
1482 134.978 346.727 2 387.25 250
1483 144.978 346.727 2 378.353 250
1484 154.978 346.727 2 369.513 250
1485 164.978 346.727 2 360.733 250
1486 174.978 346.727 2 352.018 250
1487 184.978 346.727 2 343.373 91.1398
1488 194.978 346.727 2 334.804 90.9395
1489 204.978 346.727 2 326.316 90.737
1490 214.978 346.727 2 317.916 90.5325
1491 224.978 346.727 2 309.611 90.3262
1492 234.978 346.727 2 301.409 90.1182
1493 244.978 346.727 2 293.319 250
1494 254.978 346.727 2 285.349 250
1495 264.978 346.727 2 277.512 250
1496 274.978 346.727 2 269.817 89.2768
1497 284.978 346.727 2 262.278 89.0662
1498 294.978 346.727 2 254.908 88.8565
1499 304.978 346.727 2 247.723 88.6484
1500 314.978 346.727 2 240.739 88.4428
1501 324.978 346.727 2 233.974 88.2405
1502 334.978 346.727 2 227.447 88.0425
1503 344.978 346.727 2 221.18 87.8498
1504 354.978 346.727 2 215.196 87.6636
1505 364.978 346.727 2 209.518 87.485
1506 374.978 346.727 2 204.172 87.3154
1507 384.978 346.727 2 199.185 250
1508 394.978 346.727 2 194.584 250
1509 404.978 346.727 2 190.398 250
1510 414.978 346.727 2 186.655 250
1511 424.978 346.727 2 183.381 250
1512 434.978 346.727 2 180.602 250
1513 444.978 346.727 2 178.341 86.4829
1514 454.978 346.727 2 176.618 250
1515 464.978 346.727 2 175.449 250
1516 474.978 346.727 2 174.845 86.37
1517 484.978 346.727 2 174.812 86.3689
1518 84.9784 356.727 2 436.368 93.0814
1519 94.9784 356.727 2 427.324 92.9092
1520 104.978 356.727 2 418.323 250
1521 114.978 356.727 2 409.369 250
1522 124.978 356.727 2 400.464 250
1523 134.978 356.727 2 391.611 250
1524 144.978 356.727 2 382.816 250
1525 154.978 356.727 2 374.081 250
1526 164.978 356.727 2 365.411 250
1527 174.978 356.727 2 356.81 250
1528 184.978 356.727 2 348.284 91.2528
1529 194.978 356.727 2 339.839 91.0577
1530 204.978 356.727 2 331.48 90.8607
1531 214.978 356.727 2 323.214 90.662
1532 224.978 356.727 2 315.049 90.4617
1533 234.978 356.727 2 306.992 90.2602
1534 244.978 356.727 2 299.053 250
1535 254.978 356.727 2 291.241 250
1536 264.978 356.727 2 283.566 250
1537 274.978 356.727 2 276.04 89.4478
1538 284.978 356.727 2 268.676 89.2452
1539 294.978 356.727 2 261.487 89.0438
1540 304.978 356.727 2 254.487 88.8444
1541 314.978 356.727 2 247.694 88.6476
1542 324.978 356.727 2 241.124 88.4543
1543 334.978 356.727 2 234.796 88.2653
1544 344.978 356.727 2 228.731 88.0817
1545 354.978 356.727 2 222.949 87.9044
1546 364.978 356.727 2 217.473 87.7347
1547 374.978 356.727 2 212.328 87.5736
1548 384.978 356.727 2 207.537 87.4223
1549 394.978 356.727 2 203.126 250
1550 404.978 356.727 2 199.119 250
1551 414.978 356.727 2 195.543 250
1552 424.978 356.727 2 192.42 250
1553 434.978 356.727 2 189.774 250
1554 444.978 356.727 2 187.623 86.7834
1555 454.978 356.727 2 185.986 250
1556 464.978 356.727 2 184.877 250
1557 474.978 356.727 2 184.304 86.6759
1558 484.978 356.727 2 184.273 86.6749
1559 84.9784 366.727 2 440.47 93.1585
1560 94.9784 366.727 2 431.512 92.9893
1561 104.978 366.727 2 422.6 250
1562 114.978 366.727 2 413.739 250
1563 124.978 366.727 2 404.93 250
1564 134.978 366.727 2 396.177 250
1565 144.978 366.727 2 387.486 250
1566 154.978 366.727 2 378.858 250
1567 164.978 366.727 2 370.3 250
1568 174.978 366.727 2 361.816 250
1569 184.978 366.727 2 353.41 91.3694
1570 194.978 366.727 2 345.091 250
1571 204.978 366.727 2 336.862 250
1572 214.978 366.727 2 328.732 250
1573 224.978 366.727 2 320.707 250
1574 234.978 366.727 2 312.796 250
1575 244.978 366.727 2 305.008 250
1576 254.978 366.727 2 297.352 250
1577 264.978 366.727 2 289.839 250
1578 274.978 366.727 2 282.481 89.622
1579 284.978 366.727 2 275.289 89.4273
1580 294.978 366.727 2 268.276 89.2341
1581 304.978 366.727 2 261.459 89.043
1582 314.978 366.727 2 254.851 88.8548
1583 324.978 366.727 2 248.471 88.6703
1584 334.978 366.727 2 242.335 88.4901
1585 344.978 366.727 2 236.463 88.3153
1586 354.978 366.727 2 230.875 88.1469
1587 364.978 366.727 2 225.592 87.9857
1588 374.978 366.727 2 220.636 87.833
1589 384.978 366.727 2 216.029 87.6896
1590 394.978 366.727 2 211.795 250
1591 404.978 366.727 2 207.956 250
1592 414.978 366.727 2 204.534 250
1593 424.978 366.727 2 201.55 250
1594 434.978 366.727 2 199.025 250
1595 444.978 366.727 2 196.976 87.0851
1596 454.978 366.727 2 195.417 250
1597 464.978 366.727 2 194.362 250
1598 474.978 366.727 2 193.817 86.9834
1599 484.978 366.727 2 193.787 86.9825
1600 84.9784 376.727 2 444.76 93.2384
1601 94.9784 376.727 2 435.889 93.0724
1602 104.978 376.727 2 427.069 250
1603 114.978 376.727 2 418.302 250
1604 124.978 376.727 2 409.591 250
1605 134.978 376.727 2 400.941 250
1606 144.978 376.727 2 392.355 250
1607 154.978 376.727 2 383.837 250
1608 164.978 376.727 2 375.392 250
1609 174.978 376.727 2 367.025 250
1610 184.978 376.727 2 358.742 91.4892
1611 194.978 376.727 2 350.549 250
1612 204.978 376.727 2 342.451 250
1613 214.978 376.727 2 334.457 250
1614 224.978 376.727 2 326.573 250
1615 234.978 376.727 2 318.808 250
1616 244.978 376.727 2 311.17 250
1617 254.978 376.727 2 303.67 250
1618 264.978 376.727 2 296.317 250
1619 274.978 376.727 2 289.123 89.7988
1620 284.978 376.727 2 282.101 89.6118
1621 294.978 376.727 2 275.262 89.4266
1622 304.978 376.727 2 268.622 89.2437
1623 314.978 376.727 2 262.195 89.0638
1624 324.978 376.727 2 255.998 88.8877
1625 334.978 376.727 2 250.046 88.7161
1626 344.978 376.727 2 244.36 88.5499
1627 354.978 376.727 2 238.956 88.3898
1628 364.978 376.727 2 233.856 88.237
1629 374.978 376.727 2 229.079 88.0923
1630 384.978 376.727 2 224.646 250
1631 394.978 376.727 2 220.577 250
1632 404.978 376.727 2 216.893 250
1633 414.978 376.727 2 213.614 250
1634 424.978 376.727 2 210.759 250
1635 434.978 376.727 2 208.346 250
1636 444.978 376.727 2 206.389 250
1637 454.978 376.727 2 204.902 250
1638 464.978 376.727 2 203.896 250
1639 474.978 376.727 2 203.376 87.2901
1640 484.978 376.727 2 203.348 87.2892
1641 84.9784 386.727 2 449.231 93.321
1642 94.9784 386.727 2 440.451 93.1581
1643 104.978 386.727 2 431.723 92.9934
1644 114.978 386.727 2 423.053 250
1645 124.978 386.727 2 414.442 250
1646 134.978 386.727 2 405.895 250
1647 144.978 386.727 2 397.416 250
1648 154.978 386.727 2 389.008 250
1649 164.978 386.727 2 380.678 250
1650 174.978 386.727 2 372.431 250
1651 184.978 386.727 2 364.271 91.6118
1652 194.978 386.727 2 356.204 250
1653 204.978 386.727 2 348.238 250
1654 214.978 386.727 2 340.38 250
1655 224.978 386.727 2 332.636 250
1656 234.978 386.727 2 325.016 250
1657 244.978 386.727 2 317.528 250
1658 254.978 386.727 2 310.181 250
1659 264.978 386.727 2 302.987 250
1660 274.978 386.727 2 295.955 89.9776
1661 284.978 386.727 2 289.098 89.7981
1662 294.978 386.727 2 282.429 89.6206
1663 304.978 386.727 2 275.962 89.4457
1664 314.978 386.727 2 269.71 89.2738
1665 324.978 386.727 2 263.689 89.1059
1666 334.978 386.727 2 257.915 88.9425
1667 344.978 386.727 2 252.406 88.7844
1668 354.978 386.727 2 247.178 88.6325
1669 364.978 386.727 2 242.251 88.4876
1670 374.978 386.727 2 237.643 88.3506
1671 384.978 386.727 2 233.372 250
1672 394.978 386.727 2 229.458 250
1673 404.978 386.727 2 225.919 250
1674 414.978 386.727 2 222.774 250
1675 424.978 386.727 2 220.038 250
1676 434.978 386.727 2 217.727 250
1677 444.978 386.727 2 215.855 250
1678 454.978 386.727 2 214.434 250
1679 464.978 386.727 2 213.473 250
1680 474.978 386.727 2 212.977 87.594
1681 484.978 386.727 2 212.949 87.5932
1682 84.9784 396.727 2 453.878 93.406
1683 94.9784 396.727 2 445.189 93.2464
1684 104.978 396.727 2 436.557 93.085
1685 114.978 396.727 2 427.984 92.9219
1686 124.978 396.727 2 419.475 92.7571
1687 134.978 396.727 2 411.032 92.5907
1688 144.978 396.727 2 402.661 92.4227
1689 154.978 396.727 2 394.366 92.2533
1690 164.978 396.727 2 386.152 92.0824
1691 174.978 396.727 2 378.023 91.9103
1692 184.978 396.727 2 369.987 91.737
1693 194.978 396.727 2 362.048 91.5627
1694 204.978 396.727 2 354.213 91.3875
1695 214.978 396.727 2 346.49 91.2117
1696 224.978 396.727 2 338.886 91.0354
1697 234.978 396.727 2 331.41 90.859
1698 244.978 396.727 2 324.069 250
1699 254.978 396.727 2 316.874 250
1700 264.978 396.727 2 309.835 250
1701 274.978 396.727 2 302.963 90.1579
1702 284.978 396.727 2 296.268 89.9857
1703 294.978 396.727 2 289.764 89.8157
1704 304.978 396.727 2 283.464 89.6484
1705 314.978 396.727 2 277.381 89.4843
1706 324.978 396.727 2 271.53 89.3242
1707 334.978 396.727 2 265.927 89.1686
1708 344.978 396.727 2 260.587 89.0184
1709 354.978 396.727 2 255.527 88.8742
1710 364.978 396.727 2 250.764 88.7369
1711 374.978 396.727 2 246.315 88.6073
1712 384.978 396.727 2 242.198 250
1713 394.978 396.727 2 238.429 250
1714 404.978 396.727 2 235.025 250
1715 414.978 396.727 2 232.002 250
1716 424.978 396.727 2 229.377 250
1717 434.978 396.727 2 227.161 250
1718 444.978 396.727 2 225.368 250
1719 454.978 396.727 2 224.007 250
1720 464.978 396.727 2 223.086 250
1721 474.978 396.727 2 222.612 87.8941
1722 484.978 396.727 2 222.586 87.8933
1723 84.9784 406.727 2 458.696 93.4934
1724 94.9784 406.727 2 450.101 93.3369
1725 104.978 406.727 2 441.564 93.1789
1726 114.978 406.727 2 433.091 93.0194
1727 124.978 406.727 2 424.684 92.8583
1728 134.978 406.727 2 416.347 92.6958
1729 144.978 406.727 2 408.085 92.5319
1730 154.978 406.727 2 399.902 92.3667
1731 164.978 406.727 2 391.804 92.2003
1732 174.978 406.727 2 383.795 92.0328
1733 184.978 406.727 2 375.882 91.8644
1734 194.978 406.727 2 368.07 91.6952
1735 204.978 406.727 2 360.366 91.5254
1736 214.978 406.727 2 352.778 91.3551
1737 224.978 406.727 2 345.313 91.1846
1738 234.978 406.727 2 337.978 91.0142
1739 244.978 406.727 2 330.784 90.8441
1740 254.978 406.727 2 323.738 90.6747
1741 264.978 406.727 2 316.852 90.5063
1742 274.978 406.727 2 310.134 90.3393
1743 284.978 406.727 2 303.598 90.1741
1744 294.978 406.727 2 297.255 90.0113
1745 304.978 406.727 2 291.117 89.8513
1746 314.978 406.727 2 285.197 89.6946
1747 324.978 406.727 2 279.51 89.542
1748 334.978 406.727 2 274.07 89.3939
1749 344.978 406.727 2 268.892 89.2512
1750 354.978 406.727 2 263.991 89.1144
1751 364.978 406.727 2 259.383 88.9843
1752 374.978 406.727 2 255.085 88.8615
1753 384.978 406.727 2 251.111 88.747
1754 394.978 406.727 2 247.478 88.6413
1755 404.978 406.727 2 244.2 88.5451
1756 414.978 406.727 2 241.293 88.4593
1757 424.978 406.727 2 238.769 88.3843
1758 434.978 406.727 2 236.641 88.3207
1759 444.978 406.727 2 234.92 88.269
1760 454.978 406.727 2 233.615 88.2297
1761 464.978 406.727 2 232.733 88.2031
1762 474.978 406.727 2 232.278 88.1894
1763 484.978 406.727 2 232.253 88.1886
1764 84.9784 416.727 2 463.68 93.5828
1765 94.9784 416.727 2 455.179 93.4297
1766 104.978 416.727 2 446.74 93.275
1767 114.978 416.727 2 438.366 250
1768 124.978 416.727 2 430.062 250
1769 134.978 416.727 2 421.831 250
1770 144.978 416.727 2 413.679 250
1771 154.978 416.727 2 405.609 92.4822
1772 164.978 416.727 2 397.627 92.3203
1773 174.978 416.727 2 389.738 92.1574
1774 184.978 416.727 2 381.948 91.9938
1775 194.978 416.727 2 374.263 91.8296
1776 204.978 416.727 2 366.689 91.665
1777 214.978 416.727 2 359.235 91.5001
1778 224.978 416.727 2 351.906 91.3353
1779 234.978 416.727 2 344.712 91.1708
1780 244.978 416.727 2 337.661 91.0067
1781 254.978 416.727 2 330.762 90.8436
1782 264.978 416.727 2 324.025 90.6816
1783 274.978 416.727 2 317.459 90.5213
1784 284.978 416.727 2 311.077 90.3629
1785 294.978 416.727 2 304.889 90.207
1786 304.978 416.727 2 298.908 90.054
1787 314.978 416.727 2 293.146 89.9044
1788 324.978 416.727 2 287.616 89.7589
1789 334.978 416.727 2 282.332 89.618
1790 344.978 416.727 2 277.308 89.4823
1791 354.978 416.727 2 272.559 89.3525
1792 364.978 416.727 2 268.098 89.2291
1793 374.978 416.727 2 263.942 89.113
1794 384.978 416.727 2 260.103 89.0047
1795 394.978 416.727 2 256.597 88.9049
1796 404.978 416.727 2 253.438 88.8142
1797 414.978 416.727 2 250.637 88.7333
1798 424.978 416.727 2 248.209 88.6626
1799 434.978 416.727 2 246.163 88.6028
1800 444.978 416.727 2 244.509 88.5542
1801 454.978 416.727 2 243.255 88.5173
1802 464.978 416.727 2 242.408 88.4923
1803 474.978 416.727 2 241.971 88.4794
1804 484.978 416.727 2 241.947 88.4787
1805 84.9784 426.727 2 468.824 93.6743
1806 94.9784 426.727 2 460.418 93.5244
1807 104.978 426.727 2 452.077 93.3731
1808 114.978 426.727 2 443.804 250
1809 124.978 426.727 2 435.603 250
1810 134.978 426.727 2 427.479 250
1811 144.978 426.727 2 419.437 250
1812 154.978 426.727 2 411.48 92.5996
1813 164.978 426.727 2 403.614 250
1814 174.978 426.727 2 395.844 250
1815 184.978 426.727 2 388.177 250
1816 194.978 426.727 2 380.617 250
1817 204.978 426.727 2 373.173 250
1818 214.978 426.727 2 365.85 250
1819 224.978 426.727 2 358.657 91.4873
1820 234.978 426.727 2 351.601 250
1821 244.978 426.727 2 344.691 250
1822 254.978 426.727 2 337.936 250
1823 264.978 426.727 2 331.344 250
1824 274.978 426.727 2 324.927 90.7035
1825 284.978 426.727 2 318.694 90.5516
1826 294.978 426.727 2 312.657 90.4023
1827 304.978 426.727 2 306.827 250
1828 314.978 426.727 2 301.216 250
1829 324.978 426.727 2 295.838 250
1830 334.978 426.727 2 290.703 250
1831 344.978 426.727 2 285.827 250
1832 354.978 426.727 2 281.221 250
1833 364.978 426.727 2 276.9 250
1834 374.978 426.727 2 272.878 250
1835 384.978 426.727 2 269.167 250
1836 394.978 426.727 2 265.78 250
1837 404.978 426.727 2 262.731 250
1838 414.978 426.727 2 260.031 250
1839 424.978 426.727 2 257.691 250
1840 434.978 426.727 2 255.721 250
1841 444.978 426.727 2 254.129 250
1842 454.978 426.727 2 252.923 250
1843 464.978 426.727 2 252.108 88.7758
1844 474.978 426.727 2 251.688 88.7637
1845 484.978 426.727 2 251.666 250
1846 84.9784 436.727 2 474.124 93.7676
1847 94.9784 436.727 2 465.813 93.6209
1848 104.978 436.727 2 457.57 93.473
1849 114.978 436.727 2 449.398 250
1850 124.978 436.727 2 441.302 250
1851 134.978 436.727 2 433.285 250
1852 144.978 436.727 2 425.352 250
1853 154.978 436.727 2 417.508 92.7186
1854 164.978 436.727 2 409.757 250
1855 174.978 436.727 2 402.106 250
1856 184.978 436.727 2 394.561 250
1857 194.978 436.727 2 387.126 250
1858 204.978 436.727 2 379.809 250
1859 214.978 436.727 2 372.617 250
1860 224.978 436.727 2 365.557 91.6401
1861 234.978 436.727 2 358.637 250
1862 244.978 436.727 2 351.865 250
1863 254.978 436.727 2 345.25 250
1864 264.978 436.727 2 338.801 250
1865 274.978 436.727 2 332.527 90.8856
1866 284.978 436.727 2 326.44 90.74
1867 294.978 436.727 2 320.549 90.597
1868 304.978 436.727 2 314.865 250
1869 314.978 436.727 2 309.4 250
1870 324.978 436.727 2 304.166 250
1871 334.978 436.727 2 299.174 250
1872 344.978 436.727 2 294.438 250
1873 354.978 436.727 2 289.969 250
1874 364.978 436.727 2 285.781 250
1875 374.978 436.727 2 281.885 250
1876 384.978 436.727 2 278.294 250
1877 394.978 436.727 2 275.02 250
1878 404.978 436.727 2 272.075 250
1879 414.978 436.727 2 269.468 250
1880 424.978 436.727 2 267.211 250
1881 434.978 436.727 2 265.311 250
1882 444.978 436.727 2 263.778 250
1883 454.978 436.727 2 262.616 250
1884 464.978 436.727 2 261.831 89.0536
1885 474.978 436.727 2 261.427 89.0421
1886 484.978 436.727 2 261.405 250
1887 84.9784 446.727 2 479.573 93.8625
1888 94.9784 446.727 2 471.358 93.719
1889 104.978 446.727 2 463.214 93.5745
1890 114.978 446.727 2 455.144 250
1891 124.978 446.727 2 447.151 250
1892 134.978 446.727 2 439.241 250
1893 144.978 446.727 2 431.418 250
1894 154.978 446.727 2 423.686 92.839
1895 164.978 446.727 2 416.051 250
1896 174.978 446.727 2 408.518 250
1897 184.978 446.727 2 401.092 250
1898 194.978 446.727 2 393.781 250
1899 204.978 446.727 2 386.59 250
1900 214.978 446.727 2 379.527 250
1901 224.978 446.727 2 372.598 91.7936
1902 234.978 446.727 2 365.811 250
1903 244.978 446.727 2 359.174 250
1904 254.978 446.727 2 352.696 250
1905 264.978 446.727 2 346.386 250
1906 274.978 446.727 2 340.252 91.0673
1907 284.978 446.727 2 334.305 90.9277
1908 294.978 446.727 2 328.555 90.7908
1909 304.978 446.727 2 323.012 250
1910 314.978 446.727 2 317.688 250
1911 324.978 446.727 2 312.592 250
1912 334.978 446.727 2 307.737 250
1913 344.978 446.727 2 303.135 250
1914 354.978 446.727 2 298.796 250
1915 364.978 446.727 2 294.733 250
1916 374.978 446.727 2 290.958 250
1917 384.978 446.727 2 287.48 250
1918 394.978 446.727 2 284.312 250
1919 404.978 446.727 2 281.464 250
1920 414.978 446.727 2 278.945 250
1921 424.978 446.727 2 276.765 250
1922 434.978 446.727 2 274.931 250
1923 444.978 446.727 2 273.451 250
1924 454.978 446.727 2 272.331 250
1925 464.978 446.727 2 271.574 89.3254
1926 474.978 446.727 2 271.185 89.3146
1927 484.978 446.727 2 271.163 250
1928 84.9784 456.727 2 485.167 93.959
1929 94.9784 456.727 2 477.049 93.8187
1930 104.978 456.727 2 469.003 93.6775
1931 114.978 456.727 2 461.034 250
1932 124.978 456.727 2 453.146 250
1933 134.978 456.727 2 445.342 250
1934 144.978 456.727 2 437.628 250
1935 154.978 456.727 2 430.008 92.9606
1936 164.978 456.727 2 422.487 250
1937 174.978 456.727 2 415.071 250
1938 184.978 456.727 2 407.765 250
1939 194.978 456.727 2 400.575 250
1940 204.978 456.727 2 393.509 250
1941 214.978 456.727 2 386.572 250
1942 224.978 456.727 2 379.771 91.9476
1943 234.978 456.727 2 373.115 250
1944 244.978 456.727 2 366.61 250
1945 254.978 456.727 2 360.266 250
1946 264.978 456.727 2 354.09 250
1947 274.978 456.727 2 348.093 91.2484
1948 284.978 456.727 2 342.282 91.1145
1949 294.978 456.727 2 336.668 90.9834
1950 304.978 456.727 2 331.261 250
1951 314.978 456.727 2 326.071 250
1952 324.978 456.727 2 321.109 250
1953 334.978 456.727 2 316.385 250
1954 344.978 456.727 2 311.91 250
1955 354.978 456.727 2 307.695 250
1956 364.978 456.727 2 303.751 250
1957 374.978 456.727 2 300.089 250
1958 384.978 456.727 2 296.718 250
1959 394.978 456.727 2 293.65 250
1960 404.978 456.727 2 290.893 250
1961 414.978 456.727 2 288.457 250
1962 424.978 456.727 2 286.349 250
1963 434.978 456.727 2 284.577 250
1964 444.978 456.727 2 283.148 250
1965 454.978 456.727 2 282.066 250
1966 464.978 456.727 2 281.335 89.5912
1967 474.978 456.727 2 280.959 89.5811
1968 484.978 456.727 2 280.939 250
1969 84.9784 466.727 2 490.902 94.0568
1970 94.9784 466.727 2 482.88 93.9197
1971 104.978 466.727 2 474.933 93.7818
1972 114.978 466.727 2 467.065 250
1973 124.978 466.727 2 459.28 250
1974 134.978 466.727 2 451.582 250
1975 144.978 466.727 2 443.977 250
1976 154.978 466.727 2 436.467 93.0833
1977 164.978 466.727 2 429.06 250
1978 174.978 466.727 2 421.759 250
1979 184.978 466.727 2 414.571 250
1980 194.978 466.727 2 407.502 250
1981 204.978 466.727 2 400.557 250
1982 214.978 466.727 2 393.744 250
1983 224.978 466.727 2 387.07 92.1017
1984 234.978 466.727 2 380.541 250
1985 244.978 466.727 2 374.166 250
1986 254.978 466.727 2 367.952 250
1987 264.978 466.727 2 361.907 250
1988 274.978 466.727 2 356.041 91.4287
1989 284.978 466.727 2 350.363 91.3002
1990 294.978 466.727 2 344.88 91.1746
1991 304.978 466.727 2 339.604 250
1992 314.978 466.727 2 334.544 250
1993 324.978 466.727 2 329.709 250
1994 334.978 466.727 2 325.11 250
1995 344.978 466.727 2 320.757 250
1996 354.978 466.727 2 316.66 250
1997 364.978 466.727 2 312.829 250
1998 374.978 466.727 2 309.274 250
1999 384.978 466.727 2 306.005 250
2000 394.978 466.727 2 303.03 250
2001 404.978 466.727 2 300.359 250
2002 414.978 466.727 2 298 250
2003 424.978 466.727 2 295.961 250
2004 434.978 466.727 2 294.247 250
2005 444.978 466.727 2 292.865 250
2006 454.978 466.727 2 291.819 250
2007 464.978 466.727 2 291.113 89.8512
2008 474.978 466.727 2 290.749 89.8416
2009 484.978 466.727 2 290.729 250
2010 84.9784 476.727 2 496.771 94.1559
2011 94.9784 476.727 2 488.845 94.0219
2012 104.978 476.727 2 480.997 93.8872
2013 114.978 476.727 2 473.23 93.7519
2014 124.978 476.727 2 465.548 93.6162
2015 134.978 476.727 2 457.956 93.48
2016 144.978 476.727 2 450.458 93.3435
2017 154.978 476.727 2 443.058 93.2068
2018 164.978 476.727 2 435.763 93.07
2019 174.978 476.727 2 428.576 92.9332
2020 184.978 476.727 2 421.505 92.7967
2021 194.978 476.727 2 414.554 92.6605
2022 204.978 476.727 2 407.729 92.5248
2023 214.978 476.727 2 401.038 92.3898
2024 224.978 476.727 2 394.487 92.2558
2025 234.978 476.727 2 388.083 92.1229
2026 244.978 476.727 2 381.834 91.9914
2027 254.978 476.727 2 375.747 91.8615
2028 264.978 476.727 2 369.83 91.7336
2029 274.978 476.727 2 364.091 91.6079
2030 284.978 476.727 2 358.54 91.4846
2031 294.978 476.727 2 353.185 91.3643
2032 304.978 476.727 2 348.034 250
2033 314.978 476.727 2 343.098 250
2034 324.978 476.727 2 338.386 250
2035 334.978 476.727 2 333.906 250
2036 344.978 476.727 2 329.669 250
2037 354.978 476.727 2 325.684 250
2038 364.978 476.727 2 321.961 250
2039 374.978 476.727 2 318.508 250
2040 384.978 476.727 2 315.334 250
2041 394.978 476.727 2 312.449 250
2042 404.978 476.727 2 309.859 250
2043 414.978 476.727 2 307.573 250
2044 424.978 476.727 2 305.597 250
2045 434.978 476.727 2 303.938 250
2046 444.978 476.727 2 302.6 250
2047 454.978 476.727 2 301.588 250
2048 464.978 476.727 2 300.905 90.1053
2049 474.978 476.727 2 300.553 90.0963
2050 484.978 476.727 2 300.534 250
2051 84.9784 486.727 2 502.771 94.256
2052 94.9784 486.727 2 494.941 94.1251
2053 104.978 486.727 2 487.191 93.9936
2054 114.978 486.727 2 479.525 93.8617
2055 124.978 486.727 2 471.945 93.7294
2056 134.978 486.727 2 464.458 93.5967
2057 144.978 486.727 2 457.066 93.4639
2058 154.978 486.727 2 449.775 93.331
2059 164.978 486.727 2 442.59 93.1981
2060 174.978 486.727 2 435.517 93.0653
2061 184.978 486.727 2 428.559 92.9329
2062 194.978 486.727 2 421.725 92.8009
2063 204.978 486.727 2 415.018 92.6696
2064 214.978 486.727 2 408.447 92.5391
2065 224.978 486.727 2 402.016 92.4097
2066 234.978 486.727 2 395.734 92.2814
2067 244.978 486.727 2 389.608 92.1547
2068 254.978 486.727 2 383.644 92.0297
2069 264.978 486.727 2 377.851 91.9066
2070 274.978 486.727 2 372.236 91.7858
2071 284.978 486.727 2 366.808 91.6676
2072 294.978 486.727 2 361.575 91.5522
2073 304.978 486.727 2 356.546 91.44
2074 314.978 486.727 2 351.729 91.3313
2075 324.978 486.727 2 347.134 91.2265
2076 334.978 486.727 2 342.769 91.1258
2077 344.978 486.727 2 338.643 91.0297
2078 354.978 486.727 2 334.765 90.9386
2079 364.978 486.727 2 331.143 90.8527
2080 374.978 486.727 2 327.787 90.7724
2081 384.978 486.727 2 324.704 90.6981
2082 394.978 486.727 2 321.903 90.6301
2083 404.978 486.727 2 319.39 90.5687
2084 414.978 486.727 2 317.172 90.5142
2085 424.978 486.727 2 315.257 90.4669
2086 434.978 486.727 2 313.648 90.427
2087 444.978 486.727 2 312.352 90.3947
2088 454.978 486.727 2 311.372 90.3702
2089 464.978 486.727 2 310.71 90.3537
2090 474.978 486.727 2 310.369 90.3452
2091 484.978 486.727 2 310.351 90.3447
2092 84.9784 496.727 2 508.896 94.3572
2093 94.9784 496.727 2 501.163 94.2293
2094 104.978 496.727 2 493.51 250
2095 114.978 496.727 2 485.943 250
2096 124.978 496.727 2 478.466 250
2097 134.978 496.727 2 471.082 250
2098 144.978 496.727 2 463.796 250
2099 154.978 496.727 2 456.612 250
2100 164.978 496.727 2 449.537 250
2101 174.978 496.727 2 442.574 250
2102 184.978 496.727 2 435.73 250
2103 194.978 496.727 2 429.009 250
2104 204.978 496.727 2 422.418 92.8144
2105 214.978 496.727 2 415.964 92.6882
2106 224.978 496.727 2 409.651 92.5632
2107 234.978 496.727 2 403.488 250
2108 244.978 496.727 2 397.481 250
2109 254.978 496.727 2 391.637 250
2110 264.978 496.727 2 385.964 250
2111 274.978 496.727 2 380.469 91.9624
2112 284.978 496.727 2 375.16 91.8489
2113 294.978 496.727 2 370.045 91.7383
2114 304.978 496.727 2 365.133 91.6308
2115 314.978 496.727 2 360.431 91.5268
2116 324.978 496.727 2 355.948 91.4266
2117 334.978 496.727 2 351.692 91.3305
2118 344.978 496.727 2 347.672 91.2388
2119 354.978 496.727 2 343.896 91.1519
2120 364.978 496.727 2 340.372 91.0701
2121 374.978 496.727 2 337.107 90.9937
2122 384.978 496.727 2 334.111 90.9231
2123 394.978 496.727 2 331.389 90.8585
2124 404.978 496.727 2 328.948 90.8002
2125 414.978 496.727 2 326.796 90.7486
2126 424.978 496.727 2 324.937 90.7037
2127 434.978 496.727 2 323.376 90.6659
2128 444.978 496.727 2 322.119 90.6353
2129 454.978 496.727 2 321.169 90.6122
2130 464.978 496.727 2 320.527 90.5965
2131 474.978 496.727 2 320.197 90.5884
2132 484.978 496.727 2 320.179 90.588
2133 84.9784 506.727 2 515.143 94.4591
2134 94.9784 506.727 2 507.505 94.3343
2135 104.978 506.727 2 499.949 250
2136 114.978 506.727 2 492.481 250
2137 124.978 506.727 2 485.104 250
2138 134.978 506.727 2 477.823 250
2139 144.978 506.727 2 470.641 250
2140 154.978 506.727 2 463.564 250
2141 164.978 506.727 2 456.596 250
2142 174.978 506.727 2 449.743 250
2143 184.978 506.727 2 443.009 250
2144 194.978 506.727 2 436.401 250
2145 204.978 506.727 2 429.923 92.959
2146 214.978 506.727 2 423.583 92.837
2147 224.978 506.727 2 417.386 92.7162
2148 234.978 506.727 2 411.339 250
2149 244.978 506.727 2 405.448 250
2150 254.978 506.727 2 399.721 250
2151 264.978 506.727 2 394.164 250
2152 274.978 506.727 2 388.785 92.1375
2153 284.978 506.727 2 383.591 92.0285
2154 294.978 506.727 2 378.59 250
2155 304.978 506.727 2 373.79 250
2156 314.978 506.727 2 369.198 250
2157 324.978 506.727 2 364.823 250
2158 334.978 506.727 2 360.672 250
2159 344.978 506.727 2 356.753 250
2160 354.978 506.727 2 353.074 250
2161 364.978 506.727 2 349.643 250
2162 374.978 506.727 2 346.466 250
2163 384.978 506.727 2 343.55 250
2164 394.978 506.727 2 340.904 250
2165 404.978 506.727 2 338.532 250
2166 414.978 506.727 2 336.441 250
2167 424.978 506.727 2 334.635 90.9355
2168 434.978 506.727 2 333.121 90.8997
2169 444.978 506.727 2 331.9 90.8707
2170 454.978 506.727 2 330.978 90.8487
2171 464.978 506.727 2 330.355 90.8339
2172 474.978 506.727 2 330.035 90.8262
2173 484.978 506.727 2 330.018 250
2174 84.9784 516.727 2 521.507 94.5619
2175 94.9784 516.727 2 513.963 94.44
2176 104.978 516.727 2 506.504 250
2177 114.978 516.727 2 499.134 250
2178 124.978 516.727 2 491.857 250
2179 134.978 516.727 2 484.677 250
2180 144.978 516.727 2 477.598 250
2181 154.978 516.727 2 470.626 250
2182 164.978 516.727 2 463.764 250
2183 174.978 516.727 2 457.018 250
2184 184.978 516.727 2 450.393 250
2185 194.978 516.727 2 443.895 250
2186 204.978 516.727 2 437.529 93.1033
2187 214.978 516.727 2 431.3 92.9853
2188 224.978 516.727 2 425.215 92.8686
2189 234.978 516.727 2 419.281 250
2190 244.978 516.727 2 413.503 250
2191 254.978 516.727 2 407.889 250
2192 264.978 516.727 2 402.445 250
2193 274.978 516.727 2 397.178 92.3111
2194 284.978 516.727 2 392.096 92.2064
2195 294.978 516.727 2 387.205 250
2196 304.978 516.727 2 382.513 250
2197 314.978 516.727 2 378.027 250
2198 324.978 516.727 2 373.755 250
2199 334.978 516.727 2 369.705 250
2200 344.978 516.727 2 365.882 250
2201 354.978 516.727 2 362.296 250
2202 364.978 516.727 2 358.953 250
2203 374.978 516.727 2 355.859 250
2204 384.978 516.727 2 353.021 250
2205 394.978 516.727 2 350.446 250
2206 404.978 516.727 2 348.139 250
2207 414.978 516.727 2 346.106 250
2208 424.978 516.727 2 344.351 91.1624
2209 434.978 516.727 2 342.879 91.1284
2210 444.978 516.727 2 341.694 91.1009
2211 454.978 516.727 2 340.798 91.0801
2212 464.978 516.727 2 340.194 91.066
2213 474.978 516.727 2 339.883 91.0587
2214 484.978 516.727 2 339.866 250
2215 84.9784 526.727 2 527.983 94.6653
2216 94.9784 526.727 2 520.533 94.5462
2217 104.978 526.727 2 513.17 250
2218 114.978 526.727 2 505.897 250
2219 124.978 526.727 2 498.719 250
2220 134.978 526.727 2 491.639 250
2221 144.978 526.727 2 484.662 250
2222 154.978 526.727 2 477.793 250
2223 164.978 526.727 2 471.035 250
2224 174.978 526.727 2 464.395 250
2225 184.978 526.727 2 457.877 250
2226 194.978 526.727 2 451.486 250
2227 204.978 526.727 2 445.228 93.2471
2228 214.978 526.727 2 439.109 93.133
2229 224.978 526.727 2 433.134 93.0202
2230 234.978 526.727 2 427.31 250
2231 244.978 526.727 2 421.642 250
2232 254.978 526.727 2 416.138 250
2233 264.978 526.727 2 410.803 250
2234 274.978 526.727 2 405.645 92.4829
2235 284.978 526.727 2 400.67 92.3823
2236 294.978 526.727 2 395.885 250
2237 304.978 526.727 2 391.297 250
2238 314.978 526.727 2 386.913 250
2239 324.978 526.727 2 382.74 250
2240 334.978 526.727 2 378.786 250
2241 344.978 526.727 2 375.056 250
2242 354.978 526.727 2 371.558 250
2243 364.978 526.727 2 368.299 250
2244 374.978 526.727 2 365.284 250
2245 384.978 526.727 2 362.52 250
2246 394.978 526.727 2 360.013 250
2247 404.978 526.727 2 357.768 250
2248 414.978 526.727 2 355.79 250
2249 424.978 526.727 2 354.083 91.3846
2250 434.978 526.727 2 352.652 91.3522
2251 444.978 526.727 2 351.499 91.3261
2252 454.978 526.727 2 350.628 91.3063
2253 464.978 526.727 2 350.041 91.2929
2254 474.978 526.727 2 349.739 91.286
2255 484.978 526.727 2 349.722 250
2256 84.9784 536.727 2 534.568 94.7692
2257 94.9784 536.727 2 527.211 94.653
2258 104.978 536.727 2 519.943 250
2259 114.978 536.727 2 512.766 250
2260 124.978 536.727 2 505.685 250
2261 134.978 536.727 2 498.704 250
2262 144.978 536.727 2 491.828 250
2263 154.978 536.727 2 485.06 250
2264 164.978 536.727 2 478.405 250
2265 174.978 536.727 2 471.868 250
2266 184.978 536.727 2 465.455 250
2267 194.978 536.727 2 459.17 250
2268 204.978 536.727 2 453.018 93.3903
2269 214.978 536.727 2 447.005 93.28
2270 224.978 536.727 2 441.137 93.171
2271 234.978 536.727 2 435.42 250
2272 244.978 536.727 2 429.859 250
2273 254.978 536.727 2 424.462 250
2274 264.978 536.727 2 419.233 250
2275 274.978 536.727 2 414.179 92.6531
2276 284.978 536.727 2 409.308 92.5563
2277 294.978 536.727 2 404.625 250
2278 304.978 536.727 2 400.138 250
2279 314.978 536.727 2 395.852 250
2280 324.978 536.727 2 391.774 250
2281 334.978 536.727 2 387.912 250
2282 344.978 536.727 2 384.271 250
2283 354.978 536.727 2 380.858 250
2284 364.978 536.727 2 377.678 250
2285 374.978 536.727 2 374.739 250
2286 384.978 536.727 2 372.046 250
2287 394.978 536.727 2 369.603 250
2288 404.978 536.727 2 367.417 250
2289 414.978 536.727 2 365.491 250
2290 424.978 536.727 2 363.829 91.6021
2291 434.978 536.727 2 362.437 91.5713
2292 444.978 536.727 2 361.315 91.5464
2293 454.978 536.727 2 360.468 91.5276
2294 464.978 536.727 2 359.897 91.5149
2295 474.978 536.727 2 359.603 91.5084
2296 484.978 536.727 2 359.587 250
2297 84.9784 546.727 2 541.258 94.8735
2298 94.9784 546.727 2 533.993 94.7601
2299 104.978 546.727 2 526.818 250
2300 114.978 546.727 2 519.736 250
2301 124.978 546.727 2 512.752 250
2302 134.978 546.727 2 505.868 250
2303 144.978 546.727 2 499.091 250
2304 154.978 546.727 2 492.422 250
2305 164.978 546.727 2 485.869 250
2306 174.978 546.727 2 479.434 250
2307 184.978 546.727 2 473.123 250
2308 194.978 546.727 2 466.941 250
2309 204.978 546.727 2 460.893 93.5329
2310 214.978 546.727 2 454.984 93.4261
2311 224.978 546.727 2 449.221 93.3208
2312 234.978 546.727 2 443.608 250
2313 244.978 546.727 2 438.151 250
2314 254.978 546.727 2 432.856 250
2315 264.978 546.727 2 427.73 250
2316 274.978 546.727 2 422.778 92.8214
2317 284.978 546.727 2 418.007 92.7284
2318 294.978 546.727 2 413.423 250
2319 304.978 546.727 2 409.032 250
2320 314.978 546.727 2 404.84 250
2321 324.978 546.727 2 400.854 250
2322 334.978 546.727 2 397.08 250
2323 344.978 546.727 2 393.524 250
2324 354.978 546.727 2 390.192 250
2325 364.978 546.727 2 387.089 250
2326 374.978 546.727 2 384.222 250
2327 384.978 546.727 2 381.595 250
2328 394.978 546.727 2 379.214 250
2329 404.978 546.727 2 377.083 250
2330 414.978 546.727 2 375.207 250
2331 424.978 546.727 2 373.589 91.8151
2332 434.978 546.727 2 372.233 91.7858
2333 444.978 546.727 2 371.141 91.7621
2334 454.978 546.727 2 370.317 91.7442
2335 464.978 546.727 2 369.76 91.7321
2336 474.978 546.727 2 369.474 91.7258
2337 484.978 546.727 2 369.459 250
2338 84.9784 556.727 2 548.049 94.9782
2339 94.9784 556.727 2 540.875 94.8676
2340 104.978 556.727 2 533.793 94.757
2341 114.978 556.727 2 526.804 94.6465
2342 124.978 556.727 2 519.915 94.5363
2343 134.978 556.727 2 513.128 94.4264
2344 144.978 556.727 2 506.447 94.3169
2345 154.978 556.727 2 499.877 94.2079
2346 164.978 556.727 2 493.422 94.0995
2347 174.978 556.727 2 487.087 93.9919
2348 184.978 556.727 2 480.877 93.8851
2349 194.978 556.727 2 474.796 93.7794
2350 204.978 556.727 2 468.849 93.6748
2351 214.978 556.727 2 463.042 93.5714
2352 224.978 556.727 2 457.38 93.4696
2353 234.978 556.727 2 451.868 93.3693
2354 244.978 556.727 2 446.512 93.2708
2355 254.978 556.727 2 441.318 93.1743
2356 264.978 556.727 2 436.291 93.08
2357 274.978 556.727 2 431.438 92.9879
2358 284.978 556.727 2 426.764 92.8984
2359 294.978 556.727 2 422.274 92.8116
2360 304.978 556.727 2 417.976 92.7278
2361 314.978 556.727 2 413.875 92.6471
2362 324.978 556.727 2 409.977 92.5697
2363 334.978 556.727 2 406.288 92.4959
2364 344.978 556.727 2 402.813 92.4258
2365 354.978 556.727 2 399.558 92.3597
2366 364.978 556.727 2 396.529 92.2978
2367 374.978 556.727 2 393.73 92.2402
2368 384.978 556.727 2 391.167 92.1871
2369 394.978 556.727 2 388.845 92.1388
2370 404.978 556.727 2 386.767 92.0953
2371 414.978 556.727 2 384.938 92.0569
2372 424.978 556.727 2 383.361 92.0237
2373 434.978 556.727 2 382.04 91.9957
2374 444.978 556.727 2 380.976 91.9732
2375 454.978 556.727 2 380.173 91.9561
2376 464.978 556.727 2 379.631 91.9446
2377 474.978 556.727 2 379.352 91.9387
2378 484.978 556.727 2 379.337 91.9383
2379 84.9784 566.727 2 554.937 95.0832
2380 94.9784 566.727 2 547.853 94.9752
2381 104.978 566.727 2 540.862 94.8674
2382 114.978 566.727 2 533.966 94.7597
2383 124.978 566.727 2 527.17 94.6523
2384 134.978 566.727 2 520.478 94.5453
2385 144.978 566.727 2 513.892 94.4388
2386 154.978 566.727 2 507.419 94.3329
2387 164.978 566.727 2 501.061 94.2276
2388 174.978 566.727 2 494.824 94.1231
2389 184.978 566.727 2 488.712 94.0196
2390 194.978 566.727 2 482.73 93.9171
2391 204.978 566.727 2 476.882 93.8158
2392 214.978 566.727 2 471.174 93.7158
2393 224.978 566.727 2 465.611 93.6173
2394 234.978 566.727 2 460.198 93.5204
2395 244.978 566.727 2 454.94 93.4253
2396 254.978 566.727 2 449.843 93.3322
2397 264.978 566.727 2 444.913 93.2412
2398 274.978 566.727 2 440.154 93.1526
2399 284.978 566.727 2 435.573 93.0664
2400 294.978 566.727 2 431.176 92.9829
2401 304.978 566.727 2 426.967 92.9023
2402 314.978 566.727 2 422.953 92.8248
2403 324.978 566.727 2 419.14 92.7505
2404 334.978 566.727 2 415.532 92.6797
2405 344.978 566.727 2 412.135 92.6126
2406 354.978 566.727 2 408.954 92.5493
2407 364.978 566.727 2 405.995 92.49
2408 374.978 566.727 2 403.262 92.4349
2409 384.978 566.727 2 400.761 92.3842
2410 394.978 566.727 2 398.494 92.338
2411 404.978 566.727 2 396.467 92.2965
2412 414.978 566.727 2 394.683 92.2598
2413 424.978 566.727 2 393.145 92.2281
2414 434.978 566.727 2 391.856 92.2014
2415 444.978 566.727 2 390.819 92.1799
2416 454.978 566.727 2 390.036 92.1636
2417 464.978 566.727 2 389.508 92.1526
2418 474.978 566.727 2 389.237 92.147
2419 484.978 566.727 2 389.222 92.1467
2420 84.9784 576.727 2 561.918 95.1884
2421 94.9784 576.727 2 554.923 95.083
2422 104.978 576.727 2 548.022 94.9778
2423 114.978 576.727 2 541.218 94.8729
2424 124.978 576.727 2 534.514 94.7683
2425 134.978 576.727 2 527.915 94.6642
2426 144.978 576.727 2 521.423 94.5605
2427 154.978 576.727 2 515.045 94.4575
2428 164.978 576.727 2 508.782 94.3553
2429 174.978 576.727 2 502.641 94.2539
2430 184.978 576.727 2 496.625 94.1534
2431 194.978 576.727 2 490.739 94.0541
2432 204.978 576.727 2 484.988 93.9559
2433 214.978 576.727 2 479.376 93.8591
2434 224.978 576.727 2 473.91 93.7638
2435 234.978 576.727 2 468.592 93.6702
2436 244.978 576.727 2 463.43 93.5784
2437 254.978 576.727 2 458.427 93.4885
2438 264.978 576.727 2 453.59 93.4008
2439 274.978 576.727 2 448.924 93.3153
2440 284.978 576.727 2 444.434 93.2323
2441 294.978 576.727 2 440.125 93.152
2442 304.978 576.727 2 436.002 93.0745
2443 314.978 576.727 2 432.072 93
2444 324.978 576.727 2 428.34 92.9287
2445 334.978 576.727 2 424.81 92.8607
2446 344.978 576.727 2 421.488 92.7963
2447 354.978 576.727 2 418.378 92.7357
2448 364.978 576.727 2 415.487 92.6789
2449 374.978 576.727 2 412.817 92.6261
2450 384.978 576.727 2 410.373 92.5776
2451 394.978 576.727 2 408.16 92.5334
2452 404.978 576.727 2 406.181 92.4937
2453 414.978 576.727 2 404.44 92.4587
2454 424.978 576.727 2 402.939 92.4284
2455 434.978 576.727 2 401.682 92.4029
2456 444.978 576.727 2 400.671 92.3823
2457 454.978 576.727 2 399.907 92.3668
2458 464.978 576.727 2 399.392 92.3563
2459 474.978 576.727 2 399.127 92.3509
2460 484.978 576.727 2 399.113 92.3506
2461 84.9784 586.727 2 568.989 95.2937
2462 94.9784 586.727 2 562.083 95.1908
2463 104.978 586.727 2 555.271 95.0883
2464 114.978 586.727 2 548.556 94.986
2465 124.978 586.727 2 541.943 94.8841
2466 134.978 586.727 2 535.435 94.7827
2467 144.978 586.727 2 529.036 94.6819
2468 154.978 586.727 2 522.75 94.5818
2469 164.978 586.727 2 516.581 94.4825
2470 174.978 586.727 2 510.534 94.384
2471 184.978 586.727 2 504.612 94.2866
2472 194.978 586.727 2 498.82 94.1902
2473 204.978 586.727 2 493.164 94.0951
2474 214.978 586.727 2 487.646 94.0014
2475 224.978 586.727 2 482.273 93.9092
2476 234.978 586.727 2 477.049 93.8187
2477 244.978 586.727 2 471.979 93.73
2478 254.978 586.727 2 467.068 93.6432
2479 264.978 586.727 2 462.322 93.5585
2480 274.978 586.727 2 457.744 93.4762
2481 284.978 586.727 2 453.341 93.3962
2482 294.978 586.727 2 449.118 93.3189
2483 304.978 586.727 2 445.079 93.2443
2484 314.978 586.727 2 441.23 93.1727
2485 324.978 586.727 2 437.575 93.1042
2486 334.978 586.727 2 434.121 93.0389
2487 344.978 586.727 2 430.87 92.9771
2488 354.978 586.727 2 427.829 92.9189
2489 364.978 586.727 2 425.001 92.8644
2490 374.978 586.727 2 422.391 92.8139
2491 384.978 586.727 2 420.004 92.7674
2492 394.978 586.727 2 417.841 92.7251
2493 404.978 586.727 2 415.909 92.6872
2494 414.978 586.727 2 414.208 92.6536
2495 424.978 586.727 2 412.743 92.6247
2496 434.978 586.727 2 411.516 92.6003
2497 444.978 586.727 2 410.529 92.5807
2498 454.978 586.727 2 409.783 92.5658
2499 464.978 586.727 2 409.281 92.5558
2500 474.978 586.727 2 409.022 92.5506
2501 484.978 586.727 2 409.008 92.5504
