# <Transmitter Set: Tx: 19 tx_ant_grid_80_m - Point 32> 
# <Receiver Set: Rx: 17 rx_ant_grid> 
# <X(m)> <Y(m)> <Z(m)> <Distance(m)> <FreeSpacePathLoss(dB)>
1 84.9784 -13.2734 2 607.8 95.9453
2 94.9784 -13.2734 2 606.308 95.925
3 104.978 -13.2734 2 604.978 95.9068
4 114.978 -13.2734 2 603.81 95.8909
5 124.978 -13.2734 2 602.806 95.8771
6 134.978 -13.2734 2 601.966 95.8656
7 144.978 -13.2734 2 601.292 95.8563
8 154.978 -13.2734 2 600.783 95.8494
9 164.978 -13.2734 2 600.441 95.8446
10 174.978 -13.2734 2 600.265 95.8422
11 184.978 -13.2734 2 600.255 95.8421
12 194.978 -13.2734 2 600.412 95.8443
13 204.978 -13.2734 2 600.735 95.8487
14 214.978 -13.2734 2 601.225 95.8554
15 224.978 -13.2734 2 601.88 95.8644
16 234.978 -13.2734 2 602.701 95.8757
17 244.978 -13.2734 2 603.686 95.8892
18 254.978 -13.2734 2 604.835 95.9049
19 264.978 -13.2734 2 606.147 95.9228
20 274.978 -13.2734 2 607.62 95.9428
21 284.978 -13.2734 2 609.254 95.965
22 294.978 -13.2734 2 611.048 95.9893
23 304.978 -13.2734 2 612.999 96.0157
24 314.978 -13.2734 2 615.107 96.0441
25 324.978 -13.2734 2 617.369 96.0745
26 334.978 -13.2734 2 619.785 96.1068
27 344.978 -13.2734 2 622.352 96.1411
28 354.978 -13.2734 2 625.068 96.1772
29 364.978 -13.2734 2 627.932 96.2151
30 374.978 -13.2734 2 630.941 96.2547
31 384.978 -13.2734 2 634.094 96.2961
32 394.978 -13.2734 2 637.389 96.3391
33 404.978 -13.2734 2 640.822 96.3837
34 414.978 -13.2734 2 644.392 96.4299
35 424.978 -13.2734 2 648.097 96.4776
36 434.978 -13.2734 2 651.934 96.5267
37 444.978 -13.2734 2 655.901 96.5772
38 454.978 -13.2734 2 659.996 96.629
39 464.978 -13.2734 2 664.216 96.6821
40 474.978 -13.2734 2 668.56 96.7365
41 484.978 -13.2734 2 673.023 96.792
42 84.9784 -3.2734 2 598.012 95.8112
43 94.9784 -3.2734 2 596.495 95.7902
44 104.978 -3.2734 2 595.143 95.7715
45 114.978 -3.2734 2 593.956 95.7551
46 124.978 -3.2734 2 592.935 95.7409
47 134.978 -3.2734 2 592.082 95.729
48 144.978 -3.2734 2 591.396 95.7195
49 154.978 -3.2734 2 590.879 95.7122
50 164.978 -3.2734 2 590.53 95.7074
51 174.978 -3.2734 2 590.351 95.7049
52 184.978 -3.2734 2 590.341 95.7048
53 194.978 -3.2734 2 590.501 95.707
54 204.978 -3.2734 2 590.83 95.7116
55 214.978 -3.2734 2 591.328 95.7185
56 224.978 -3.2734 2 591.994 95.7278
57 234.978 -3.2734 2 592.828 95.7394
58 244.978 -3.2734 2 593.83 95.7533
59 254.978 -3.2734 2 594.998 95.7695
60 264.978 -3.2734 2 596.331 95.788
61 274.978 -3.2734 2 597.829 95.8087
62 284.978 -3.2734 2 599.49 95.8316
63 294.978 -3.2734 2 601.312 95.8566
64 304.978 -3.2734 2 603.295 95.8838
65 314.978 -3.2734 2 605.436 95.9131
66 324.978 -3.2734 2 607.735 95.9444
67 334.978 -3.2734 2 610.189 95.9777
68 344.978 -3.2734 2 612.796 96.013
69 354.978 -3.2734 2 615.554 96.0501
70 364.978 -3.2734 2 618.462 96.0891
71 374.978 -3.2734 2 621.518 250
72 384.978 -3.2734 2 624.718 96.1725
73 394.978 -3.2734 2 628.061 96.2168
74 404.978 -3.2734 2 631.545 96.2626
75 414.978 -3.2734 2 635.168 96.3101
76 424.978 -3.2734 2 638.926 96.3591
77 434.978 -3.2734 2 642.818 96.4096
78 444.978 -3.2734 2 646.841 250
79 454.978 -3.2734 2 650.993 250
80 464.978 -3.2734 2 655.271 250
81 474.978 -3.2734 2 659.673 96.6249
82 484.978 -3.2734 2 664.197 96.6819
83 84.9784 6.7266 2 588.231 95.6752
84 94.9784 6.7266 2 586.689 95.6536
85 104.978 6.7266 2 585.314 95.6343
86 114.978 6.7266 2 584.107 95.6173
87 124.978 6.7266 2 583.069 250
88 134.978 6.7266 2 582.201 95.5904
89 144.978 6.7266 2 581.503 95.5806
90 154.978 6.7266 2 580.977 95.5731
91 164.978 6.7266 2 580.623 95.5681
92 174.978 6.7266 2 580.441 95.5655
93 184.978 6.7266 2 580.431 95.5654
94 194.978 6.7266 2 580.593 95.5677
95 204.978 6.7266 2 580.928 95.5724
96 214.978 6.7266 2 581.434 95.5796
97 224.978 6.7266 2 582.112 250
98 234.978 6.7266 2 582.96 250
99 244.978 6.7266 2 583.979 250
100 254.978 6.7266 2 585.166 250
101 264.978 6.7266 2 586.522 95.6513
102 274.978 6.7266 2 588.045 95.6726
103 284.978 6.7266 2 589.733 95.6963
104 294.978 6.7266 2 591.585 250
105 304.978 6.7266 2 593.601 250
106 314.978 6.7266 2 595.777 250
107 324.978 6.7266 2 598.113 250
108 334.978 6.7266 2 600.606 250
109 344.978 6.7266 2 603.254 250
110 354.978 6.7266 2 606.056 250
111 364.978 6.7266 2 609.01 250
112 374.978 6.7266 2 612.112 250
113 384.978 6.7266 2 615.361 250
114 394.978 6.7266 2 618.755 96.0931
115 404.978 6.7266 2 622.291 96.1403
116 414.978 6.7266 2 625.967 96.1891
117 424.978 6.7266 2 629.781 96.2394
118 434.978 6.7266 2 633.729 96.2913
119 444.978 6.7266 2 637.809 250
120 454.978 6.7266 2 642.02 250
121 464.978 6.7266 2 646.357 250
122 474.978 6.7266 2 650.819 96.5124
123 484.978 6.7266 2 655.404 96.5709
124 84.9784 16.7266 2 578.457 95.5374
125 94.9784 16.7266 2 576.889 95.5151
126 104.978 16.7266 2 575.49 95.4951
127 114.978 16.7266 2 574.263 95.4776
128 124.978 16.7266 2 573.207 250
129 134.978 16.7266 2 572.324 95.4498
130 144.978 16.7266 2 571.614 95.4396
131 154.978 16.7266 2 571.079 95.4319
132 164.978 16.7266 2 570.719 95.4268
133 174.978 16.7266 2 570.534 95.4241
134 184.978 16.7266 2 570.523 95.424
135 194.978 16.7266 2 570.689 250
136 204.978 16.7266 2 571.029 250
137 214.978 16.7266 2 571.544 250
138 224.978 16.7266 2 572.233 250
139 234.978 16.7266 2 573.096 250
140 244.978 16.7266 2 574.132 250
141 254.978 16.7266 2 575.34 250
142 264.978 16.7266 2 576.719 95.5127
143 274.978 16.7266 2 578.268 95.5347
144 284.978 16.7266 2 579.984 95.5591
145 294.978 16.7266 2 581.868 250
146 304.978 16.7266 2 583.917 250
147 314.978 16.7266 2 586.129 250
148 324.978 16.7266 2 588.503 95.6791
149 334.978 16.7266 2 591.037 95.7145
150 344.978 16.7266 2 593.728 250
151 354.978 16.7266 2 596.575 250
152 364.978 16.7266 2 599.575 250
153 374.978 16.7266 2 602.726 250
154 384.978 16.7266 2 606.025 95.9211
155 394.978 16.7266 2 609.471 95.968
156 404.978 16.7266 2 613.061 96.0165
157 414.978 16.7266 2 616.792 96.0667
158 424.978 16.7266 2 620.661 96.1185
159 434.978 16.7266 2 624.667 96.1718
160 444.978 16.7266 2 628.806 250
161 454.978 16.7266 2 633.077 250
162 464.978 16.7266 2 637.475 250
163 474.978 16.7266 2 641.999 96.399
164 484.978 16.7266 2 646.646 96.4589
165 84.9784 26.7266 2 568.691 95.3976
166 94.9784 26.7266 2 567.096 95.3745
167 104.978 26.7266 2 565.673 95.3539
168 114.978 26.7266 2 564.424 95.3358
169 124.978 26.7266 2 563.35 95.3202
170 134.978 26.7266 2 562.451 95.3071
171 144.978 26.7266 2 561.73 95.2966
172 154.978 26.7266 2 561.185 95.2886
173 164.978 26.7266 2 560.818 95.2833
174 174.978 26.7266 2 560.63 95.2805
175 184.978 26.7266 2 560.619 95.2804
176 194.978 26.7266 2 560.787 250
177 204.978 26.7266 2 561.134 250
178 214.978 26.7266 2 561.658 250
179 224.978 26.7266 2 562.359 250
180 234.978 26.7266 2 563.237 250
181 244.978 26.7266 2 564.292 250
182 254.978 26.7266 2 565.521 250
183 264.978 26.7266 2 566.923 95.372
184 274.978 26.7266 2 568.498 95.3948
185 284.978 26.7266 2 570.245 95.4199
186 294.978 26.7266 2 572.16 250
187 304.978 26.7266 2 574.244 250
188 314.978 26.7266 2 576.493 95.5094
189 324.978 26.7266 2 578.907 95.5438
190 334.978 26.7266 2 581.482 95.5803
191 344.978 26.7266 2 584.217 95.6189
192 354.978 26.7266 2 587.11 95.6595
193 364.978 26.7266 2 590.158 250
194 374.978 26.7266 2 593.359 250
195 384.978 26.7266 2 596.711 95.7932
196 394.978 26.7266 2 600.21 95.8415
197 404.978 26.7266 2 603.855 95.8915
198 414.978 26.7266 2 607.642 95.9431
199 424.978 26.7266 2 611.57 95.9964
200 434.978 26.7266 2 615.635 96.0512
201 444.978 26.7266 2 619.834 96.1075
202 454.978 26.7266 2 624.166 250
203 464.978 26.7266 2 628.627 250
204 474.978 26.7266 2 633.214 96.2845
205 484.978 26.7266 2 637.925 96.3461
206 84.9784 36.7266 2 558.933 95.2557
207 94.9784 36.7266 2 557.31 95.2319
208 104.978 36.7266 2 555.863 95.2106
209 114.978 36.7266 2 554.591 95.1919
210 124.978 36.7266 2 553.498 95.1758
211 134.978 36.7266 2 552.584 95.1623
212 144.978 36.7266 2 551.849 95.1514
213 154.978 36.7266 2 551.295 95.1432
214 164.978 36.7266 2 550.921 95.1376
215 174.978 36.7266 2 550.729 95.1348
216 184.978 36.7266 2 550.719 95.1346
217 194.978 36.7266 2 550.89 95.1372
218 204.978 36.7266 2 551.242 95.1424
219 214.978 36.7266 2 551.776 95.1503
220 224.978 36.7266 2 552.49 250
221 234.978 36.7266 2 553.384 250
222 244.978 36.7266 2 554.456 250
223 254.978 36.7266 2 555.707 250
224 264.978 36.7266 2 557.135 95.2293
225 274.978 36.7266 2 558.737 95.2529
226 284.978 36.7266 2 560.514 95.2788
227 294.978 36.7266 2 562.463 250
228 304.978 36.7266 2 564.582 250
229 314.978 36.7266 2 566.87 95.3712
230 324.978 36.7266 2 569.324 95.4067
231 334.978 36.7266 2 571.943 95.4443
232 344.978 36.7266 2 574.723 95.4842
233 354.978 36.7266 2 577.664 95.5261
234 364.978 36.7266 2 580.761 95.5701
235 374.978 36.7266 2 584.014 95.616
236 384.978 36.7266 2 587.419 250
237 394.978 36.7266 2 590.973 250
238 404.978 36.7266 2 594.674 95.765
239 414.978 36.7266 2 598.52 95.8182
240 424.978 36.7266 2 602.507 95.873
241 434.978 36.7266 2 606.633 95.9294
242 444.978 36.7266 2 610.894 95.9872
243 454.978 36.7266 2 615.289 250
244 464.978 36.7266 2 619.813 250
245 474.978 36.7266 2 624.465 96.1692
246 484.978 36.7266 2 629.242 96.2323
247 84.9784 46.7266 2 549.184 95.1118
248 94.9784 46.7266 2 547.532 95.0872
249 104.978 46.7266 2 546.059 95.0652
250 114.978 46.7266 2 544.765 95.0459
251 124.978 46.7266 2 543.652 95.0292
252 134.978 46.7266 2 542.721 95.0152
253 144.978 46.7266 2 541.972 95.004
254 154.978 46.7266 2 541.408 250
255 164.978 46.7266 2 541.028 250
256 174.978 46.7266 2 540.832 250
257 184.978 46.7266 2 540.822 250
258 194.978 46.7266 2 540.996 250
259 204.978 46.7266 2 541.355 94.9947
260 214.978 46.7266 2 541.898 95.0028
261 224.978 46.7266 2 542.625 95.0138
262 234.978 46.7266 2 543.535 95.0274
263 244.978 46.7266 2 544.627 95.0438
264 254.978 46.7266 2 545.901 95.0629
265 264.978 46.7266 2 547.354 95.0846
266 274.978 46.7266 2 548.985 95.1089
267 284.978 46.7266 2 550.793 95.1357
268 294.978 46.7266 2 552.776 250
269 304.978 46.7266 2 554.932 250
270 314.978 46.7266 2 557.26 250
271 324.978 46.7266 2 559.756 250
272 334.978 46.7266 2 562.419 250
273 344.978 46.7266 2 565.247 250
274 354.978 46.7266 2 568.236 250
275 364.978 46.7266 2 571.385 95.4363
276 374.978 46.7266 2 574.691 95.4837
277 384.978 46.7266 2 578.15 250
278 394.978 46.7266 2 581.761 250
279 404.978 46.7266 2 585.521 95.6372
280 414.978 46.7266 2 589.426 95.692
281 424.978 46.7266 2 593.474 95.7484
282 434.978 46.7266 2 597.662 95.8064
283 444.978 46.7266 2 601.987 95.8659
284 454.978 46.7266 2 606.446 250
285 464.978 46.7266 2 611.036 250
286 474.978 46.7266 2 615.755 96.0528
287 484.978 46.7266 2 620.599 96.1177
288 84.9784 56.7266 2 539.444 94.9659
289 94.9784 56.7266 2 537.763 94.9404
290 104.978 56.7266 2 536.262 94.9177
291 114.978 56.7266 2 534.945 94.8976
292 124.978 56.7266 2 533.811 94.8804
293 134.978 56.7266 2 532.863 94.8659
294 144.978 56.7266 2 532.101 94.8543
295 154.978 56.7266 2 531.526 250
296 164.978 56.7266 2 531.139 250
297 174.978 56.7266 2 530.939 250
298 184.978 56.7266 2 530.929 250
299 194.978 56.7266 2 531.106 250
300 204.978 56.7266 2 531.472 94.8446
301 214.978 56.7266 2 532.025 94.8531
302 224.978 56.7266 2 532.765 94.8644
303 234.978 56.7266 2 533.692 94.8786
304 244.978 56.7266 2 534.805 94.8955
305 254.978 56.7266 2 536.101 94.9152
306 264.978 56.7266 2 537.581 94.9377
307 274.978 56.7266 2 539.242 94.9628
308 284.978 56.7266 2 541.082 94.9906
309 294.978 56.7266 2 543.101 250
310 304.978 56.7266 2 545.295 250
311 314.978 56.7266 2 547.664 250
312 324.978 56.7266 2 550.203 250
313 334.978 56.7266 2 552.913 250
314 344.978 56.7266 2 555.788 250
315 354.978 56.7266 2 558.829 250
316 364.978 56.7266 2 562.03 95.301
317 374.978 56.7266 2 565.39 95.3498
318 384.978 56.7266 2 568.907 250
319 394.978 56.7266 2 572.576 250
320 404.978 56.7266 2 576.395 95.508
321 414.978 56.7266 2 580.362 95.5644
322 424.978 56.7266 2 584.473 95.6225
323 434.978 56.7266 2 588.725 95.6822
324 444.978 56.7266 2 593.115 95.7434
325 454.978 56.7266 2 597.64 250
326 464.978 56.7266 2 602.298 250
327 474.978 56.7266 2 607.084 95.9355
328 484.978 56.7266 2 611.996 96.0022
329 84.9784 66.7266 2 529.714 94.8177
330 94.9784 66.7266 2 528.002 94.7914
331 104.978 66.7266 2 526.473 94.7679
332 114.978 66.7266 2 525.131 94.7471
333 124.978 66.7266 2 523.976 94.7293
334 134.978 66.7266 2 523.01 94.7143
335 144.978 66.7266 2 522.234 94.7022
336 154.978 66.7266 2 521.648 94.6931
337 164.978 66.7266 2 521.253 94.687
338 174.978 66.7266 2 521.051 94.6838
339 184.978 66.7266 2 521.039 94.6837
340 194.978 66.7266 2 521.22 94.6865
341 204.978 66.7266 2 521.593 94.6923
342 214.978 66.7266 2 522.157 94.701
343 224.978 66.7266 2 522.911 94.7127
344 234.978 66.7266 2 523.855 94.7274
345 244.978 66.7266 2 524.989 94.7449
346 254.978 66.7266 2 526.309 94.7653
347 264.978 66.7266 2 527.816 94.7885
348 274.978 66.7266 2 529.508 94.8145
349 284.978 66.7266 2 531.382 94.8433
350 294.978 66.7266 2 533.437 94.8747
351 304.978 66.7266 2 535.671 94.9087
352 314.978 66.7266 2 538.082 94.9453
353 324.978 66.7266 2 540.667 94.9843
354 334.978 66.7266 2 543.424 95.0258
355 344.978 66.7266 2 546.35 95.0696
356 354.978 66.7266 2 549.442 95.1157
357 364.978 66.7266 2 552.698 95.1639
358 374.978 66.7266 2 556.114 95.2143
359 384.978 66.7266 2 559.689 95.2668
360 394.978 66.7266 2 563.418 95.3212
361 404.978 66.7266 2 567.3 95.3775
362 414.978 66.7266 2 571.329 95.4355
363 424.978 66.7266 2 575.505 95.4953
364 434.978 66.7266 2 579.823 95.5568
365 444.978 66.7266 2 584.28 95.6198
366 454.978 66.7266 2 588.873 95.6842
367 464.978 66.7266 2 593.599 95.7501
368 474.978 66.7266 2 598.455 95.8173
369 484.978 66.7266 2 603.437 95.8858
370 84.9784 76.7266 2 519.995 94.6674
371 94.9784 76.7266 2 518.25 94.6401
372 104.978 76.7266 2 516.693 94.6158
373 114.978 76.7266 2 515.325 94.5943
374 124.978 76.7266 2 514.148 94.5758
375 134.978 76.7266 2 513.163 94.5603
376 144.978 76.7266 2 512.372 94.5478
377 154.978 76.7266 2 511.775 94.5384
378 164.978 76.7266 2 511.373 94.532
379 174.978 76.7266 2 511.166 94.5287
380 184.978 76.7266 2 511.155 94.5286
381 194.978 76.7266 2 511.339 94.5315
382 204.978 76.7266 2 511.719 94.5375
383 214.978 76.7266 2 512.293 94.5466
384 224.978 76.7266 2 513.062 94.5587
385 234.978 76.7266 2 514.025 94.5739
386 244.978 76.7266 2 515.18 94.592
387 254.978 76.7266 2 516.525 94.6131
388 264.978 76.7266 2 518.061 94.6372
389 274.978 76.7266 2 519.784 94.6641
390 284.978 76.7266 2 521.693 94.6938
391 294.978 76.7266 2 523.787 94.7263
392 304.978 76.7266 2 526.062 94.7615
393 314.978 76.7266 2 528.516 94.7993
394 324.978 76.7266 2 531.148 94.8397
395 334.978 76.7266 2 533.954 94.8825
396 344.978 76.7266 2 536.931 94.9278
397 354.978 76.7266 2 540.077 94.9754
398 364.978 76.7266 2 543.389 95.0253
399 374.978 76.7266 2 546.864 95.0773
400 384.978 76.7266 2 550.499 95.1314
401 394.978 76.7266 2 554.29 95.1875
402 404.978 76.7266 2 558.235 95.2455
403 414.978 76.7266 2 562.329 95.3053
404 424.978 76.7266 2 566.571 95.3669
405 434.978 76.7266 2 570.956 95.4302
406 444.978 76.7266 2 575.482 95.495
407 454.978 76.7266 2 580.145 95.5613
408 464.978 76.7266 2 584.942 95.6291
409 474.978 76.7266 2 589.869 95.6982
410 484.978 76.7266 2 594.923 95.7685
411 84.9784 86.7266 2 510.286 94.5148
412 94.9784 86.7266 2 508.507 94.4866
413 104.978 86.7266 2 506.92 250
414 114.978 86.7266 2 505.526 250
415 124.978 86.7266 2 504.327 250
416 134.978 86.7266 2 503.323 94.4039
417 144.978 86.7266 2 502.516 94.3909
418 154.978 86.7266 2 501.907 250
419 164.978 86.7266 2 501.497 250
420 174.978 86.7266 2 501.286 250
421 184.978 86.7266 2 501.275 94.371
422 194.978 86.7266 2 501.463 94.374
423 204.978 86.7266 2 501.85 94.3802
424 214.978 86.7266 2 502.436 94.3896
425 224.978 86.7266 2 503.22 250
426 234.978 86.7266 2 504.201 250
427 244.978 86.7266 2 505.378 250
428 254.978 86.7266 2 506.75 94.4586
429 264.978 86.7266 2 508.315 94.4835
430 274.978 86.7266 2 510.071 94.5114
431 284.978 86.7266 2 512.017 94.5422
432 294.978 86.7266 2 514.149 94.5758
433 304.978 86.7266 2 516.467 94.6122
434 314.978 86.7266 2 518.967 94.6513
435 324.978 86.7266 2 521.646 94.6931
436 334.978 86.7266 2 524.503 94.7374
437 344.978 86.7266 2 527.534 94.7842
438 354.978 86.7266 2 530.736 94.8334
439 364.978 86.7266 2 534.106 94.8849
440 374.978 86.7266 2 537.641 94.9386
441 384.978 86.7266 2 541.337 250
442 394.978 86.7266 2 545.192 250
443 404.978 86.7266 2 549.202 250
444 414.978 86.7266 2 553.364 95.1738
445 424.978 86.7266 2 557.674 95.2373
446 434.978 86.7266 2 562.128 95.3024
447 444.978 86.7266 2 566.725 250
448 454.978 86.7266 2 571.459 250
449 464.978 86.7266 2 576.328 250
450 474.978 86.7266 2 581.328 95.5781
451 484.978 86.7266 2 586.456 95.6504
452 84.9784 96.7266 2 500.588 94.3599
453 94.9784 96.7266 2 498.775 94.3307
454 104.978 96.7266 2 497.157 94.3045
455 114.978 96.7266 2 495.736 94.2815
456 124.978 96.7266 2 494.512 94.2616
457 134.978 96.7266 2 493.488 94.2449
458 144.978 96.7266 2 492.665 94.2315
459 154.978 96.7266 2 492.044 250
460 164.978 96.7266 2 491.626 250
461 174.978 96.7266 2 491.411 250
462 184.978 96.7266 2 491.399 94.2108
463 194.978 96.7266 2 491.591 250
464 204.978 96.7266 2 491.986 250
465 214.978 96.7266 2 492.584 250
466 224.978 96.7266 2 493.383 250
467 234.978 96.7266 2 494.384 250
468 244.978 96.7266 2 495.585 250
469 254.978 96.7266 2 496.983 250
470 264.978 96.7266 2 498.579 250
471 274.978 96.7266 2 500.369 94.3564
472 284.978 96.7266 2 502.352 94.3883
473 294.978 96.7266 2 504.526 94.4231
474 304.978 96.7266 2 506.888 94.4608
475 314.978 96.7266 2 509.434 94.5013
476 324.978 96.7266 2 512.164 94.5445
477 334.978 96.7266 2 515.073 94.5904
478 344.978 96.7266 2 518.159 94.6387
479 354.978 96.7266 2 521.419 94.6896
480 364.978 96.7266 2 524.848 94.7428
481 374.978 96.7266 2 528.445 94.7982
482 384.978 96.7266 2 532.206 250
483 394.978 96.7266 2 536.126 250
484 404.978 96.7266 2 540.203 250
485 414.978 96.7266 2 544.434 95.0409
486 424.978 96.7266 2 548.814 95.1063
487 434.978 96.7266 2 553.34 95.1734
488 444.978 96.7266 2 558.009 250
489 454.978 96.7266 2 562.816 250
490 464.978 96.7266 2 567.759 250
491 474.978 96.7266 2 572.834 95.4571
492 484.978 96.7266 2 578.038 95.5314
493 84.9784 106.727 2 490.903 94.2027
494 94.9784 106.727 2 489.054 94.1724
495 104.978 106.727 2 487.404 94.1453
496 114.978 106.727 2 485.954 94.1214
497 124.978 106.727 2 484.705 94.1008
498 134.978 106.727 2 483.661 94.0835
499 144.978 106.727 2 482.821 94.0695
500 154.978 106.727 2 482.187 250
501 164.978 106.727 2 481.761 250
502 174.978 106.727 2 481.541 250
503 184.978 106.727 2 481.529 94.0481
504 194.978 106.727 2 481.725 250
505 204.978 106.727 2 482.128 250
506 214.978 106.727 2 482.738 250
507 224.978 106.727 2 483.554 250
508 234.978 106.727 2 484.575 250
509 244.978 106.727 2 485.799 250
510 254.978 106.727 2 487.226 250
511 264.978 106.727 2 488.854 250
512 274.978 106.727 2 490.68 94.1991
513 284.978 106.727 2 492.702 94.2321
514 294.978 106.727 2 494.918 94.2682
515 304.978 106.727 2 497.325 94.3073
516 314.978 106.727 2 499.92 94.3492
517 324.978 106.727 2 502.702 94.3939
518 334.978 106.727 2 505.665 94.4413
519 344.978 106.727 2 508.808 94.4914
520 354.978 106.727 2 512.127 94.5439
521 364.978 106.727 2 515.619 94.5989
522 374.978 106.727 2 519.28 94.6562
523 384.978 106.727 2 523.106 250
524 394.978 106.727 2 527.094 250
525 404.978 106.727 2 531.241 250
526 414.978 106.727 2 535.542 94.9067
527 424.978 106.727 2 539.994 94.9742
528 434.978 106.727 2 544.594 95.0433
529 444.978 106.727 2 549.337 250
530 454.978 106.727 2 554.219 250
531 464.978 106.727 2 559.239 250
532 474.978 106.727 2 564.39 95.3353
533 484.978 106.727 2 569.671 95.4117
534 84.9784 116.727 2 481.23 94.0431
535 94.9784 116.727 2 479.344 94.0117
536 104.978 116.727 2 477.66 93.9835
537 114.978 116.727 2 476.18 250
538 124.978 116.727 2 474.907 250
539 134.978 116.727 2 473.841 250
540 144.978 116.727 2 472.983 250
541 154.978 116.727 2 472.337 250
542 164.978 116.727 2 471.901 250
543 174.978 116.727 2 471.677 250
544 184.978 116.727 2 471.664 93.8826
545 194.978 116.727 2 471.864 250
546 204.978 116.727 2 472.276 250
547 214.978 116.727 2 472.898 250
548 224.978 116.727 2 473.731 250
549 234.978 116.727 2 474.773 250
550 244.978 116.727 2 476.023 250
551 254.978 116.727 2 477.479 250
552 264.978 116.727 2 479.14 250
553 274.978 116.727 2 481.003 94.0393
554 284.978 116.727 2 483.065 94.0736
555 294.978 116.727 2 485.325 94.111
556 304.978 116.727 2 487.78 94.1515
557 314.978 116.727 2 490.426 94.1949
558 324.978 116.727 2 493.261 250
559 334.978 116.727 2 496.281 250
560 344.978 116.727 2 499.483 250
561 354.978 116.727 2 502.863 250
562 364.978 116.727 2 506.419 250
563 374.978 116.727 2 510.145 250
564 384.978 116.727 2 514.04 250
565 394.978 116.727 2 518.098 250
566 404.978 116.727 2 522.316 250
567 414.978 116.727 2 526.69 250
568 424.978 116.727 2 531.216 94.8407
569 434.978 116.727 2 535.891 94.912
570 444.978 116.727 2 540.71 250
571 454.978 116.727 2 545.67 250
572 464.978 116.727 2 550.767 250
573 474.978 116.727 2 555.997 95.2126
574 484.978 116.727 2 561.357 95.2912
575 84.9784 126.727 2 471.571 93.8811
576 94.9784 126.727 2 469.647 93.8484
577 104.978 126.727 2 467.928 93.8192
578 114.978 126.727 2 466.417 250
579 124.978 126.727 2 465.116 250
580 134.978 126.727 2 464.028 250
581 144.978 126.727 2 463.153 250
582 154.978 126.727 2 462.492 250
583 164.978 126.727 2 462.047 250
584 174.978 126.727 2 461.818 250
585 184.978 126.727 2 461.805 93.7144
586 194.978 126.727 2 462.009 93.7179
587 204.978 126.727 2 462.43 93.7252
588 214.978 126.727 2 463.066 93.7361
589 224.978 126.727 2 463.916 250
590 234.978 126.727 2 464.98 250
591 244.978 126.727 2 466.257 250
592 254.978 126.727 2 467.743 93.8161
593 264.978 126.727 2 469.438 93.8449
594 274.978 126.727 2 471.339 93.8771
595 284.978 126.727 2 473.444 93.9127
596 294.978 126.727 2 475.749 93.9515
597 304.978 126.727 2 478.253 93.9935
598 314.978 126.727 2 480.952 94.0385
599 324.978 126.727 2 483.842 250
600 334.978 126.727 2 486.92 250
601 344.978 126.727 2 490.184 250
602 354.978 126.727 2 493.628 250
603 364.978 126.727 2 497.249 250
604 374.978 126.727 2 501.044 250
605 384.978 126.727 2 505.009 250
606 394.978 126.727 2 509.139 250
607 404.978 126.727 2 513.43 250
608 414.978 126.727 2 517.88 250
609 424.978 126.727 2 522.482 94.7061
610 434.978 126.727 2 527.235 94.7796
611 444.978 126.727 2 532.132 250
612 454.978 126.727 2 537.172 250
613 464.978 126.727 2 542.348 250
614 474.978 126.727 2 547.659 95.0891
615 484.978 126.727 2 553.099 95.1699
616 84.9784 136.727 2 461.927 93.7165
617 94.9784 136.727 2 459.962 93.6827
618 104.978 136.727 2 458.207 93.6523
619 114.978 136.727 2 456.664 93.6256
620 124.978 136.727 2 455.335 93.6025
621 134.978 136.727 2 454.223 250
622 144.978 136.727 2 453.329 250
623 154.978 136.727 2 452.654 250
624 164.978 136.727 2 452.199 250
625 174.978 136.727 2 451.965 250
626 184.978 136.727 2 451.953 93.5434
627 194.978 136.727 2 452.161 93.5471
628 204.978 136.727 2 452.591 93.5546
629 214.978 136.727 2 453.24 93.5659
630 224.978 136.727 2 454.109 250
631 234.978 136.727 2 455.196 250
632 244.978 136.727 2 456.5 250
633 254.978 136.727 2 458.018 93.649
634 264.978 136.727 2 459.749 93.679
635 274.978 136.727 2 461.69 93.7124
636 284.978 136.727 2 463.838 93.7494
637 294.978 136.727 2 466.192 93.7896
638 304.978 136.727 2 468.746 93.8331
639 314.978 136.727 2 471.499 93.8798
640 324.978 136.727 2 474.447 250
641 334.978 136.727 2 477.586 250
642 344.978 136.727 2 480.913 250
643 354.978 136.727 2 484.423 250
644 364.978 136.727 2 488.113 250
645 374.978 136.727 2 491.978 250
646 384.978 136.727 2 496.015 250
647 394.978 136.727 2 500.219 250
648 404.978 136.727 2 504.587 250
649 414.978 136.727 2 509.113 250
650 424.978 136.727 2 513.795 94.5702
651 434.978 136.727 2 518.626 94.646
652 444.978 136.727 2 523.605 250
653 454.978 136.727 2 528.725 250
654 464.978 136.727 2 533.984 250
655 474.978 136.727 2 539.377 94.9648
656 484.978 136.727 2 544.9 95.0479
657 84.9784 146.727 2 452.298 93.5495
658 94.9784 146.727 2 450.291 93.5143
659 104.978 146.727 2 448.498 93.4827
660 114.978 146.727 2 446.922 93.4549
661 124.978 146.727 2 445.564 93.4309
662 134.978 146.727 2 444.428 93.4108
663 144.978 146.727 2 443.514 93.3945
664 154.978 146.727 2 442.824 93.3823
665 164.978 146.727 2 442.359 93.374
666 174.978 146.727 2 442.12 93.3697
667 184.978 146.727 2 442.107 93.3695
668 194.978 146.727 2 442.32 93.3733
669 204.978 146.727 2 442.759 93.3811
670 214.978 146.727 2 443.423 93.3929
671 224.978 146.727 2 444.311 93.4087
672 234.978 146.727 2 445.422 93.4284
673 244.978 146.727 2 446.754 93.452
674 254.978 146.727 2 448.305 93.4793
675 264.978 146.727 2 450.073 93.5105
676 274.978 146.727 2 452.056 93.5452
677 284.978 146.727 2 454.25 93.5836
678 294.978 146.727 2 456.653 93.6254
679 304.978 146.727 2 459.26 93.6705
680 314.978 146.727 2 462.07 93.719
681 324.978 146.727 2 465.077 93.7706
682 334.978 146.727 2 468.279 93.8252
683 344.978 146.727 2 471.671 93.8828
684 354.978 146.727 2 475.25 93.9431
685 364.978 146.727 2 479.01 94.0061
686 374.978 146.727 2 482.949 94.0717
687 384.978 146.727 2 487.061 94.1396
688 394.978 146.727 2 491.341 94.2099
689 404.978 146.727 2 495.787 94.2823
690 414.978 146.727 2 500.393 94.3568
691 424.978 146.727 2 505.155 94.4332
692 434.978 146.727 2 510.069 94.5114
693 444.978 146.727 2 515.13 94.5912
694 454.978 146.727 2 520.334 94.6727
695 464.978 146.727 2 525.677 94.7556
696 474.978 146.727 2 531.154 94.8398
697 484.978 146.727 2 536.761 94.9252
698 84.9784 156.727 2 442.686 93.3798
699 94.9784 156.727 2 440.635 93.3432
700 104.978 156.727 2 438.802 93.3104
701 114.978 156.727 2 437.191 93.2815
702 124.978 156.727 2 435.803 93.2565
703 134.978 156.727 2 434.641 93.2356
704 144.978 156.727 2 433.707 93.2187
705 154.978 156.727 2 433.001 93.2059
706 164.978 156.727 2 432.526 93.1973
707 174.978 156.727 2 432.281 93.1929
708 184.978 156.727 2 432.268 93.1926
709 194.978 156.727 2 432.486 93.1966
710 204.978 156.727 2 432.934 93.2047
711 214.978 156.727 2 433.614 93.217
712 224.978 156.727 2 434.522 93.2334
713 234.978 156.727 2 435.658 93.2539
714 244.978 156.727 2 437.02 93.2784
715 254.978 156.727 2 438.605 93.3069
716 264.978 156.727 2 440.412 93.3393
717 274.978 156.727 2 442.438 93.3754
718 284.978 156.727 2 444.68 93.4152
719 294.978 156.727 2 447.134 93.4587
720 304.978 156.727 2 449.797 93.5056
721 314.978 156.727 2 452.665 93.5559
722 324.978 156.727 2 455.735 93.6094
723 334.978 156.727 2 459.002 93.6661
724 344.978 156.727 2 462.462 93.7257
725 354.978 156.727 2 466.111 93.7882
726 364.978 156.727 2 469.945 93.8535
727 374.978 156.727 2 473.958 93.9214
728 384.978 156.727 2 478.147 93.9917
729 394.978 156.727 2 482.507 94.0643
730 404.978 156.727 2 487.034 94.1392
731 414.978 156.727 2 491.722 94.2161
732 424.978 156.727 2 496.567 94.295
733 434.978 156.727 2 501.565 94.3756
734 444.978 156.727 2 506.711 94.458
735 454.978 156.727 2 512 94.5419
736 464.978 156.727 2 517.429 94.6273
737 474.978 156.727 2 522.993 94.714
738 484.978 156.727 2 528.687 94.8019
739 84.9784 166.727 2 433.091 93.2075
740 94.9784 166.727 2 430.994 93.1695
741 104.978 166.727 2 429.121 93.1354
742 114.978 166.727 2 427.473 93.1053
743 124.978 166.727 2 426.053 93.0793
744 134.978 166.727 2 424.865 93.0575
745 144.978 166.727 2 423.908 93.0399
746 154.978 166.727 2 423.187 93.0266
747 164.978 166.727 2 422.7 93.0176
748 174.978 166.727 2 422.45 93.013
749 184.978 166.727 2 422.436 93.0127
750 194.978 166.727 2 422.659 93.0169
751 204.978 166.727 2 423.119 93.0253
752 214.978 166.727 2 423.813 93.0381
753 224.978 166.727 2 424.743 250
754 234.978 166.727 2 425.905 93.0766
755 244.978 166.727 2 427.298 250
756 254.978 166.727 2 428.919 250
757 264.978 166.727 2 430.767 250
758 274.978 166.727 2 432.838 93.203
759 284.978 166.727 2 435.129 93.2444
760 294.978 166.727 2 437.636 250
761 304.978 166.727 2 440.357 250
762 314.978 166.727 2 443.286 250
763 324.978 166.727 2 446.42 250
764 334.978 166.727 2 449.755 250
765 344.978 166.727 2 453.286 250
766 354.978 166.727 2 457.008 93.6315
767 364.978 166.727 2 460.918 93.6991
768 374.978 166.727 2 465.009 250
769 384.978 166.727 2 469.278 93.8422
770 394.978 166.727 2 473.72 93.9173
771 404.978 166.727 2 478.329 93.9947
772 414.978 166.727 2 483.102 94.0742
773 424.978 166.727 2 488.033 94.1556
774 434.978 166.727 2 493.117 94.2389
775 444.978 166.727 2 498.35 250
776 454.978 166.727 2 503.727 250
777 464.978 166.727 2 509.244 250
778 474.978 166.727 2 514.896 94.5876
779 484.978 166.727 2 520.679 94.6781
780 84.9784 176.727 2 423.514 93.0326
781 94.9784 176.727 2 421.37 92.9931
782 104.978 176.727 2 419.454 92.9575
783 114.978 176.727 2 417.768 92.9262
784 124.978 176.727 2 416.315 92.8991
785 134.978 176.727 2 415.099 92.8764
786 144.978 176.727 2 414.12 92.8581
787 154.978 176.727 2 413.381 92.8442
788 164.978 176.727 2 412.883 92.8349
789 174.978 176.727 2 412.627 92.83
790 184.978 176.727 2 412.613 92.8298
791 194.978 176.727 2 412.841 92.8341
792 204.978 176.727 2 413.311 92.8429
793 214.978 176.727 2 414.023 92.8562
794 224.978 176.727 2 414.974 250
795 234.978 176.727 2 416.163 92.8963
796 244.978 176.727 2 417.589 250
797 254.978 176.727 2 419.248 250
798 264.978 176.727 2 421.138 250
799 274.978 176.727 2 423.256 93.0279
800 284.978 176.727 2 425.599 93.071
801 294.978 176.727 2 428.162 250
802 304.978 176.727 2 430.942 250
803 314.978 176.727 2 433.935 250
804 324.978 176.727 2 437.136 250
805 334.978 176.727 2 440.541 250
806 344.978 176.727 2 444.145 250
807 354.978 176.727 2 447.944 93.473
808 364.978 176.727 2 451.931 93.543
809 374.978 176.727 2 456.104 250
810 384.978 176.727 2 460.455 93.6912
811 394.978 176.727 2 464.981 93.7689
812 404.978 176.727 2 469.676 93.849
813 414.978 176.727 2 474.536 93.9311
814 424.978 176.727 2 479.555 94.0152
815 434.978 176.727 2 484.728 94.1011
816 444.978 176.727 2 490.051 250
817 454.978 176.727 2 495.518 250
818 464.978 176.727 2 501.126 250
819 474.978 176.727 2 506.868 94.4605
820 484.978 176.727 2 512.741 94.5536
821 84.9784 186.727 2 413.958 92.855
822 94.9784 186.727 2 411.765 92.8138
823 104.978 186.727 2 409.803 92.7768
824 114.978 186.727 2 408.077 92.7442
825 124.978 186.727 2 406.59 92.716
826 134.978 186.727 2 405.344 92.6923
827 144.978 186.727 2 404.342 92.6732
828 154.978 186.727 2 403.585 92.6587
829 164.978 186.727 2 403.075 92.649
830 174.978 186.727 2 402.812 92.6439
831 184.978 186.727 2 402.798 92.6437
832 194.978 186.727 2 403.032 92.6481
833 204.978 186.727 2 403.514 92.6574
834 214.978 186.727 2 404.242 92.6713
835 224.978 186.727 2 405.216 250
836 234.978 186.727 2 406.434 92.713
837 244.978 186.727 2 407.894 250
838 254.978 186.727 2 409.592 250
839 264.978 186.727 2 411.527 250
840 274.978 186.727 2 413.694 92.8501
841 284.978 186.727 2 416.09 92.8949
842 294.978 186.727 2 418.712 92.9438
843 304.978 186.727 2 421.554 92.9965
844 314.978 186.727 2 424.614 93.0529
845 324.978 186.727 2 427.884 93.1128
846 334.978 186.727 2 431.362 250
847 344.978 186.727 2 435.043 250
848 354.978 186.727 2 438.92 250
849 364.978 186.727 2 442.989 250
850 374.978 186.727 2 447.244 250
851 384.978 186.727 2 451.681 93.5387
852 394.978 186.727 2 456.294 93.6191
853 404.978 186.727 2 461.078 93.7019
854 414.978 186.727 2 466.027 93.7868
855 424.978 186.727 2 471.137 93.8737
856 434.978 186.727 2 476.402 93.9624
857 444.978 186.727 2 481.816 250
858 454.978 186.727 2 487.376 250
859 464.978 186.727 2 493.076 250
860 474.978 186.727 2 498.911 94.3329
861 484.978 186.727 2 504.877 94.4287
862 84.9784 196.727 2 404.424 92.6747
863 94.9784 196.727 2 402.178 92.6318
864 104.978 196.727 2 400.169 92.5933
865 114.978 196.727 2 398.402 92.5592
866 124.978 196.727 2 396.878 92.5298
867 134.978 196.727 2 395.602 92.5051
868 144.978 196.727 2 394.575 92.4852
869 154.978 196.727 2 393.799 92.4701
870 164.978 196.727 2 393.277 92.4599
871 174.978 196.727 2 393.008 92.4547
872 184.978 196.727 2 392.993 92.4544
873 194.978 196.727 2 393.233 92.459
874 204.978 196.727 2 393.726 92.4687
875 214.978 196.727 2 394.473 92.4832
876 224.978 196.727 2 395.471 250
877 234.978 196.727 2 396.719 92.5267
878 244.978 196.727 2 398.214 92.5556
879 254.978 196.727 2 399.953 92.5891
880 264.978 196.727 2 401.934 92.6271
881 274.978 196.727 2 404.153 92.6696
882 284.978 196.727 2 406.606 92.7163
883 294.978 196.727 2 409.288 92.7671
884 304.978 196.727 2 412.196 92.8219
885 314.978 196.727 2 415.324 92.8806
886 324.978 196.727 2 418.667 92.9429
887 334.978 196.727 2 422.221 250
888 344.978 196.727 2 425.98 250
889 354.978 196.727 2 429.939 93.1503
890 364.978 196.727 2 434.092 93.2257
891 374.978 196.727 2 438.434 93.3038
892 384.978 196.727 2 442.959 93.3847
893 394.978 196.727 2 447.662 93.468
894 404.978 196.727 2 452.537 93.5536
895 414.978 196.727 2 457.579 93.6414
896 424.978 196.727 2 462.782 250
897 434.978 196.727 2 468.14 250
898 444.978 196.727 2 473.65 250
899 454.978 196.727 2 479.304 250
900 464.978 196.727 2 485.099 250
901 474.978 196.727 2 491.029 94.2048
902 484.978 196.727 2 497.089 94.3034
903 84.9784 206.727 2 394.912 92.4917
904 94.9784 206.727 2 392.612 92.447
905 104.978 206.727 2 390.554 92.4068
906 114.978 206.727 2 388.743 92.3713
907 124.978 206.727 2 387.181 250
908 134.978 206.727 2 385.873 92.3148
909 144.978 206.727 2 384.82 92.294
910 154.978 206.727 2 384.025 92.2782
911 164.978 206.727 2 383.489 92.2676
912 174.978 206.727 2 383.213 92.2621
913 184.978 206.727 2 383.198 92.2618
914 194.978 206.727 2 383.443 92.2667
915 204.978 206.727 2 383.95 92.2767
916 214.978 206.727 2 384.715 92.2919
917 224.978 206.727 2 385.739 92.3121
918 234.978 206.727 2 387.018 92.3373
919 244.978 206.727 2 388.55 92.3675
920 254.978 206.727 2 390.333 92.4024
921 264.978 206.727 2 392.362 92.4421
922 274.978 206.727 2 394.635 92.4863
923 284.978 206.727 2 397.146 92.535
924 294.978 206.727 2 399.892 92.5879
925 304.978 206.727 2 402.867 92.645
926 314.978 206.727 2 406.067 92.706
927 324.978 206.727 2 409.486 92.7709
928 334.978 206.727 2 413.119 250
929 344.978 206.727 2 416.961 250
930 354.978 206.727 2 421.004 92.9863
931 364.978 206.727 2 425.245 93.0645
932 374.978 206.727 2 429.676 93.1455
933 384.978 206.727 2 434.293 93.2293
934 394.978 206.727 2 439.088 93.3156
935 404.978 206.727 2 444.057 93.4042
936 414.978 206.727 2 449.194 93.495
937 424.978 206.727 2 454.493 250
938 434.978 206.727 2 459.948 250
939 444.978 206.727 2 465.554 250
940 454.978 206.727 2 471.306 250
941 464.978 206.727 2 477.198 250
942 474.978 206.727 2 483.225 94.0762
943 484.978 206.727 2 489.382 94.1778
944 84.9784 216.727 2 385.425 92.3059
945 94.9784 216.727 2 383.068 92.2593
946 104.978 216.727 2 380.959 92.2173
947 114.978 216.727 2 379.102 250
948 124.978 216.727 2 377.5 250
949 134.978 216.727 2 376.158 92.1213
950 144.978 216.727 2 375.078 92.0996
951 154.978 216.727 2 374.262 92.0831
952 164.978 216.727 2 373.712 92.072
953 174.978 216.727 2 373.429 92.0663
954 184.978 216.727 2 373.413 92.066
955 194.978 216.727 2 373.665 92.0711
956 204.978 216.727 2 374.185 92.0816
957 214.978 216.727 2 374.97 92.0974
958 224.978 216.727 2 376.02 92.1185
959 234.978 216.727 2 377.333 92.1449
960 244.978 216.727 2 378.904 92.1763
961 254.978 216.727 2 380.732 92.2128
962 264.978 216.727 2 382.812 92.2542
963 274.978 216.727 2 385.141 92.3003
964 284.978 216.727 2 387.714 92.351
965 294.978 216.727 2 390.526 250
966 304.978 216.727 2 393.572 250
967 314.978 216.727 2 396.847 250
968 324.978 216.727 2 400.345 250
969 334.978 216.727 2 404.06 250
970 344.978 216.727 2 407.987 250
971 354.978 216.727 2 412.118 92.8205
972 364.978 216.727 2 416.449 92.9016
973 374.978 216.727 2 420.973 92.9857
974 384.978 216.727 2 425.684 93.0725
975 394.978 216.727 2 430.576 93.1619
976 404.978 216.727 2 435.642 93.2536
977 414.978 216.727 2 440.877 93.3476
978 424.978 216.727 2 446.275 250
979 434.978 216.727 2 451.829 250
980 444.978 216.727 2 457.535 250
981 454.978 216.727 2 463.386 250
982 464.978 216.727 2 469.377 250
983 474.978 216.727 2 475.503 93.9474
984 484.978 216.727 2 481.759 94.0519
985 84.9784 226.727 2 375.965 92.1174
986 94.9784 226.727 2 373.548 92.0687
987 104.978 226.727 2 371.385 250
988 114.978 226.727 2 369.479 250
989 124.978 226.727 2 367.836 250
990 134.978 226.727 2 366.459 91.9247
991 144.978 226.727 2 365.35 91.902
992 154.978 226.727 2 364.512 91.8848
993 164.978 226.727 2 363.947 91.8732
994 174.978 226.727 2 363.656 91.8672
995 184.978 226.727 2 363.641 91.8669
996 194.978 226.727 2 363.9 91.8722
997 204.978 226.727 2 364.433 91.8832
998 214.978 226.727 2 365.239 91.8997
999 224.978 226.727 2 366.317 91.9218
1000 234.978 226.727 2 367.664 91.9493
1001 244.978 226.727 2 369.277 91.9822
1002 254.978 226.727 2 371.152 92.0203
1003 264.978 226.727 2 373.286 92.0634
1004 274.978 226.727 2 375.674 92.1116
1005 284.978 226.727 2 378.311 92.1645
1006 294.978 226.727 2 381.193 250
1007 304.978 226.727 2 384.313 250
1008 314.978 226.727 2 387.666 250
1009 324.978 226.727 2 391.246 250
1010 334.978 226.727 2 395.046 250
1011 344.978 226.727 2 399.062 250
1012 354.978 226.727 2 403.285 92.653
1013 364.978 226.727 2 407.71 92.7372
1014 374.978 226.727 2 412.329 92.8245
1015 384.978 226.727 2 417.138 92.9145
1016 394.978 226.727 2 422.129 93.0071
1017 404.978 226.727 2 427.295 93.102
1018 414.978 226.727 2 432.631 93.1992
1019 424.978 226.727 2 438.13 250
1020 434.978 226.727 2 443.787 250
1021 444.978 226.727 2 449.594 250
1022 454.978 226.727 2 455.547 250
1023 464.978 226.727 2 461.64 250
1024 474.978 226.727 2 467.868 93.8182
1025 484.978 226.727 2 474.225 93.9258
1026 84.9784 236.727 2 366.533 91.9262
1027 94.9784 236.727 2 364.054 91.8754
1028 104.978 236.727 2 361.834 91.8297
1029 114.978 236.727 2 359.878 91.7893
1030 124.978 236.727 2 358.191 250
1031 134.978 236.727 2 356.776 91.7249
1032 144.978 236.727 2 355.637 91.7011
1033 154.978 236.727 2 354.776 91.6832
1034 164.978 236.727 2 354.196 91.671
1035 174.978 236.727 2 353.897 91.6648
1036 184.978 236.727 2 353.881 91.6644
1037 194.978 236.727 2 354.147 91.67
1038 204.978 236.727 2 354.695 91.6815
1039 214.978 236.727 2 355.523 91.6988
1040 224.978 236.727 2 356.631 91.7219
1041 234.978 236.727 2 358.014 91.7506
1042 244.978 236.727 2 359.67 91.785
1043 254.978 236.727 2 361.595 91.8248
1044 264.978 236.727 2 363.785 91.8699
1045 274.978 236.727 2 366.235 91.9201
1046 284.978 236.727 2 368.939 91.9753
1047 294.978 236.727 2 371.893 250
1048 304.978 236.727 2 375.091 250
1049 314.978 236.727 2 378.526 250
1050 324.978 236.727 2 382.191 250
1051 334.978 236.727 2 386.081 250
1052 344.978 236.727 2 390.189 250
1053 354.978 236.727 2 394.507 92.4838
1054 364.978 236.727 2 399.029 92.5713
1055 374.978 236.727 2 403.748 92.6618
1056 384.978 236.727 2 408.658 92.7552
1057 394.978 236.727 2 413.751 92.8511
1058 404.978 236.727 2 419.02 92.9495
1059 414.978 236.727 2 424.46 250
1060 424.978 236.727 2 430.064 250
1061 434.978 236.727 2 435.825 250
1062 444.978 236.727 2 441.737 250
1063 454.978 236.727 2 447.795 250
1064 464.978 236.727 2 453.992 250
1065 474.978 236.727 2 460.323 93.6889
1066 484.978 236.727 2 466.783 93.7997
1067 84.9784 246.727 2 357.133 91.7323
1068 94.9784 246.727 2 354.587 91.6792
1069 104.978 246.727 2 352.308 91.6315
1070 114.978 246.727 2 350.299 91.5892
1071 124.978 246.727 2 348.565 91.5527
1072 134.978 246.727 2 347.111 91.5219
1073 144.978 246.727 2 345.94 91.4971
1074 154.978 246.727 2 345.055 91.4783
1075 164.978 246.727 2 344.458 91.4656
1076 174.978 246.727 2 344.151 91.459
1077 184.978 246.727 2 344.134 91.4587
1078 194.978 246.727 2 344.408 91.4645
1079 204.978 246.727 2 344.972 91.4765
1080 214.978 246.727 2 345.824 91.4946
1081 224.978 246.727 2 346.962 91.5188
1082 234.978 246.727 2 348.383 91.5488
1083 244.978 246.727 2 350.085 91.5847
1084 254.978 246.727 2 352.062 91.6263
1085 264.978 246.727 2 354.311 91.6735
1086 274.978 246.727 2 356.826 91.7259
1087 284.978 246.727 2 359.602 91.7836
1088 294.978 246.727 2 362.632 91.8461
1089 304.978 246.727 2 365.91 91.9135
1090 314.978 246.727 2 369.43 91.9853
1091 324.978 246.727 2 373.185 92.0614
1092 334.978 246.727 2 377.168 92.1416
1093 344.978 246.727 2 381.371 92.2256
1094 354.978 246.727 2 385.788 92.3131
1095 364.978 246.727 2 390.412 92.404
1096 374.978 246.727 2 395.234 92.4979
1097 384.978 246.727 2 400.248 92.5948
1098 394.978 246.727 2 405.446 92.6942
1099 404.978 246.727 2 410.822 92.7961
1100 414.978 246.727 2 416.37 92.9001
1101 424.978 246.727 2 422.081 93.0062
1102 434.978 246.727 2 427.949 93.114
1103 444.978 246.727 2 433.969 93.2234
1104 454.978 246.727 2 440.133 93.3343
1105 464.978 246.727 2 446.437 93.4464
1106 474.978 246.727 2 452.874 93.5595
1107 484.978 246.727 2 459.438 93.6736
1108 84.9784 256.727 2 347.765 91.5358
1109 94.9784 256.727 2 345.151 91.4803
1110 104.978 256.727 2 342.808 91.4304
1111 114.978 256.727 2 340.743 91.3863
1112 124.978 256.727 2 338.961 91.348
1113 134.978 256.727 2 337.466 91.3158
1114 144.978 256.727 2 336.261 91.2898
1115 154.978 256.727 2 335.351 91.2702
1116 164.978 256.727 2 334.737 91.2569
1117 174.978 256.727 2 334.42 91.25
1118 184.978 256.727 2 334.403 91.2496
1119 194.978 256.727 2 334.685 91.2557
1120 204.978 256.727 2 335.265 91.2683
1121 214.978 256.727 2 336.141 91.2872
1122 224.978 256.727 2 337.312 91.3125
1123 234.978 256.727 2 338.774 91.344
1124 244.978 256.727 2 340.524 91.3815
1125 254.978 256.727 2 342.556 91.425
1126 264.978 256.727 2 344.867 91.4743
1127 274.978 256.727 2 347.45 91.5291
1128 284.978 256.727 2 350.3 91.5893
1129 294.978 256.727 2 353.41 91.6546
1130 304.978 256.727 2 356.773 91.7248
1131 314.978 256.727 2 360.383 91.7997
1132 324.978 256.727 2 364.231 91.879
1133 334.978 256.727 2 368.311 91.9625
1134 344.978 256.727 2 372.614 92.0499
1135 354.978 256.727 2 377.134 92.1409
1136 364.978 256.727 2 381.861 92.2353
1137 374.978 256.727 2 386.79 92.3329
1138 384.978 256.727 2 391.912 92.4333
1139 394.978 256.727 2 397.22 92.5364
1140 404.978 256.727 2 402.706 92.6419
1141 414.978 256.727 2 408.363 92.7496
1142 424.978 256.727 2 414.185 92.8593
1143 434.978 256.727 2 420.164 92.9707
1144 444.978 256.727 2 426.293 93.0837
1145 454.978 256.727 2 432.567 93.1981
1146 464.978 256.727 2 438.979 93.3136
1147 474.978 256.727 2 445.524 93.4302
1148 484.978 256.727 2 452.195 93.5476
1149 84.9784 266.727 2 338.434 91.3367
1150 94.9784 266.727 2 335.747 91.2787
1151 104.978 266.727 2 333.339 91.2266
1152 114.978 266.727 2 331.215 91.1804
1153 124.978 266.727 2 329.381 91.1403
1154 134.978 266.727 2 327.842 250
1155 144.978 266.727 2 326.602 250
1156 154.978 266.727 2 325.664 250
1157 164.978 266.727 2 325.032 250
1158 174.978 266.727 2 324.706 91.0378
1159 184.978 266.727 2 324.688 91.0374
1160 194.978 266.727 2 324.978 91.0438
1161 204.978 266.727 2 325.576 91.0569
1162 214.978 266.727 2 326.478 91.0768
1163 224.978 266.727 2 327.683 91.1032
1164 234.978 266.727 2 329.188 91.1361
1165 244.978 266.727 2 330.989 250
1166 254.978 266.727 2 333.079 250
1167 264.978 266.727 2 335.455 250
1168 274.978 266.727 2 338.111 91.3297
1169 284.978 266.727 2 341.039 91.3926
1170 294.978 266.727 2 344.232 250
1171 304.978 266.727 2 347.684 250
1172 314.978 266.727 2 351.387 250
1173 324.978 266.727 2 355.333 250
1174 334.978 266.727 2 359.513 250
1175 344.978 266.727 2 363.921 250
1176 354.978 266.727 2 368.547 250
1177 364.978 266.727 2 373.383 250
1178 374.978 266.727 2 378.423 250
1179 384.978 266.727 2 383.656 250
1180 394.978 266.727 2 389.077 250
1181 404.978 266.727 2 394.676 250
1182 414.978 266.727 2 400.447 250
1183 424.978 266.727 2 406.382 250
1184 434.978 266.727 2 412.474 250
1185 444.978 266.727 2 418.716 250
1186 454.978 266.727 2 425.102 250
1187 464.978 266.727 2 431.625 250
1188 474.978 266.727 2 438.279 93.3011
1189 484.978 266.727 2 445.058 93.422
1190 84.9784 276.727 2 329.142 91.1351
1191 94.9784 276.727 2 326.379 91.0746
1192 104.978 276.727 2 323.901 91.02
1193 114.978 276.727 2 321.714 90.9717
1194 124.978 276.727 2 319.826 90.9298
1195 134.978 276.727 2 318.241 250
1196 144.978 276.727 2 316.963 250
1197 154.978 276.727 2 315.997 250
1198 164.978 276.727 2 315.345 250
1199 174.978 276.727 2 315.01 90.8224
1200 184.978 276.727 2 314.991 90.822
1201 194.978 276.727 2 315.29 90.8287
1202 204.978 276.727 2 315.906 90.8424
1203 214.978 276.727 2 316.836 90.8632
1204 224.978 276.727 2 318.078 90.8909
1205 234.978 276.727 2 319.628 90.9254
1206 244.978 276.727 2 321.482 250
1207 254.978 276.727 2 323.634 250
1208 264.978 276.727 2 326.079 250
1209 274.978 276.727 2 328.81 91.1279
1210 284.978 276.727 2 331.82 91.1935
1211 294.978 276.727 2 335.101 250
1212 304.978 276.727 2 338.646 250
1213 314.978 276.727 2 342.447 250
1214 324.978 276.727 2 346.494 250
1215 334.978 276.727 2 350.78 250
1216 344.978 276.727 2 355.296 250
1217 354.978 276.727 2 360.033 250
1218 364.978 276.727 2 364.982 250
1219 374.978 276.727 2 370.136 250
1220 384.978 276.727 2 375.485 250
1221 394.978 276.727 2 381.022 250
1222 404.978 276.727 2 386.738 250
1223 414.978 276.727 2 392.625 250
1224 424.978 276.727 2 398.677 250
1225 434.978 276.727 2 404.885 250
1226 444.978 276.727 2 411.242 250
1227 454.978 276.727 2 417.742 250
1228 464.978 276.727 2 424.378 250
1229 474.978 276.727 2 431.144 93.1722
1230 484.978 276.727 2 438.034 93.2967
1231 84.9784 286.727 2 319.893 90.9313
1232 94.9784 286.727 2 317.049 90.868
1233 104.978 286.727 2 314.498 90.8109
1234 114.978 286.727 2 312.245 90.7603
1235 124.978 286.727 2 310.299 90.7165
1236 134.978 286.727 2 308.665 250
1237 144.978 286.727 2 307.348 250
1238 154.978 286.727 2 306.351 250
1239 164.978 286.727 2 305.679 250
1240 174.978 286.727 2 305.333 90.604
1241 184.978 286.727 2 305.314 90.6036
1242 194.978 286.727 2 305.622 90.6106
1243 204.978 286.727 2 306.257 90.625
1244 214.978 286.727 2 307.217 90.6468
1245 224.978 286.727 2 308.497 90.6758
1246 234.978 286.727 2 310.095 90.7119
1247 244.978 286.727 2 312.006 250
1248 254.978 286.727 2 314.223 250
1249 264.978 286.727 2 316.74 250
1250 274.978 286.727 2 319.551 90.9237
1251 284.978 286.727 2 322.647 90.9923
1252 294.978 286.727 2 326.021 250
1253 304.978 286.727 2 329.664 250
1254 314.978 286.727 2 333.567 250
1255 324.978 286.727 2 337.721 250
1256 334.978 286.727 2 342.117 250
1257 344.978 286.727 2 346.745 250
1258 354.978 286.727 2 351.597 250
1259 364.978 286.727 2 356.664 250
1260 374.978 286.727 2 361.936 250
1261 384.978 286.727 2 367.405 250
1262 394.978 286.727 2 373.061 250
1263 404.978 286.727 2 378.897 250
1264 414.978 286.727 2 384.905 250
1265 424.978 286.727 2 391.076 250
1266 434.978 286.727 2 397.402 250
1267 444.978 286.727 2 403.878 250
1268 454.978 286.727 2 410.494 250
1269 464.978 286.727 2 417.246 250
1270 474.978 286.727 2 424.126 93.0439
1271 484.978 286.727 2 431.128 93.1719
1272 84.9784 296.727 2 310.691 90.7253
1273 94.9784 296.727 2 307.762 90.6591
1274 104.978 296.727 2 305.132 90.5994
1275 114.978 296.727 2 302.81 90.5465
1276 124.978 296.727 2 300.803 90.5007
1277 134.978 296.727 2 299.117 250
1278 144.978 296.727 2 297.758 250
1279 154.978 296.727 2 296.729 250
1280 164.978 296.727 2 296.035 250
1281 174.978 296.727 2 295.677 90.3828
1282 184.978 296.727 2 295.658 90.3824
1283 194.978 296.727 2 295.976 90.3897
1284 204.978 296.727 2 296.632 90.4048
1285 214.978 296.727 2 297.622 90.4276
1286 224.978 296.727 2 298.944 90.458
1287 234.978 296.727 2 300.593 90.4958
1288 244.978 296.727 2 302.563 250
1289 254.978 296.727 2 304.849 250
1290 264.978 296.727 2 307.443 250
1291 274.978 296.727 2 310.338 90.7174
1292 284.978 296.727 2 313.526 90.7891
1293 294.978 296.727 2 316.997 250
1294 304.978 296.727 2 320.742 250
1295 314.978 296.727 2 324.752 250
1296 324.978 296.727 2 329.017 91.1324
1297 334.978 296.727 2 333.528 91.2307
1298 344.978 296.727 2 338.274 91.3332
1299 354.978 296.727 2 343.246 91.4398
1300 364.978 296.727 2 348.434 91.5499
1301 374.978 296.727 2 353.829 91.6634
1302 384.978 296.727 2 359.421 91.7798
1303 394.978 296.727 2 365.201 91.8989
1304 404.978 296.727 2 371.161 92.0204
1305 414.978 296.727 2 377.291 92.1441
1306 424.978 296.727 2 383.585 92.2695
1307 434.978 296.727 2 390.033 250
1308 444.978 296.727 2 396.628 250
1309 454.978 296.727 2 403.364 250
1310 464.978 296.727 2 410.233 250
1311 474.978 296.727 2 417.228 92.9162
1312 484.978 296.727 2 424.344 93.0479
1313 84.9784 306.727 2 301.539 90.5175
1314 94.9784 306.727 2 298.52 90.4483
1315 104.978 306.727 2 295.809 90.3859
1316 114.978 306.727 2 293.413 90.3305
1317 124.978 306.727 2 291.341 90.2825
1318 134.978 306.727 2 289.6 250
1319 144.978 306.727 2 288.196 250
1320 154.978 306.727 2 287.133 250
1321 164.978 306.727 2 286.415 250
1322 174.978 306.727 2 286.046 90.1592
1323 184.978 306.727 2 286.025 90.1587
1324 194.978 306.727 2 286.355 90.1664
1325 204.978 306.727 2 287.032 90.1822
1326 214.978 306.727 2 288.056 90.2061
1327 224.978 306.727 2 289.421 90.2379
1328 234.978 306.727 2 291.124 90.2775
1329 244.978 306.727 2 293.158 250
1330 254.978 306.727 2 295.516 250
1331 264.978 306.727 2 298.192 250
1332 274.978 306.727 2 301.176 90.5092
1333 284.978 306.727 2 304.459 90.5841
1334 294.978 306.727 2 308.032 250
1335 304.978 306.727 2 311.885 250
1336 314.978 306.727 2 316.008 250
1337 324.978 306.727 2 320.389 90.9423
1338 334.978 306.727 2 325.02 250
1339 344.978 306.727 2 329.888 250
1340 354.978 306.727 2 334.985 250
1341 364.978 306.727 2 340.299 91.3767
1342 374.978 306.727 2 345.82 250
1343 384.978 306.727 2 351.54 250
1344 394.978 306.727 2 357.447 250
1345 404.978 306.727 2 363.534 250
1346 414.978 306.727 2 369.791 250
1347 424.978 306.727 2 376.21 250
1348 434.978 306.727 2 382.783 250
1349 444.978 306.727 2 389.501 250
1350 454.978 306.727 2 396.358 250
1351 464.978 306.727 2 403.346 250
1352 474.978 306.727 2 410.459 92.7892
1353 484.978 306.727 2 417.69 92.9248
1354 84.9784 316.727 2 292.443 90.3081
1355 94.9784 316.727 2 289.329 90.2357
1356 104.978 316.727 2 286.531 90.1705
1357 114.978 316.727 2 284.057 90.1126
1358 124.978 316.727 2 281.916 90.0624
1359 134.978 316.727 2 280.116 250
1360 144.978 316.727 2 278.664 250
1361 154.978 316.727 2 277.565 250
1362 164.978 316.727 2 276.822 250
1363 174.978 316.727 2 276.44 89.9333
1364 184.978 316.727 2 276.419 89.9328
1365 194.978 316.727 2 276.76 89.9409
1366 204.978 316.727 2 277.461 89.9574
1367 214.978 316.727 2 278.519 89.9824
1368 224.978 316.727 2 279.931 90.0157
1369 234.978 316.727 2 281.691 90.0571
1370 244.978 316.727 2 283.793 250
1371 254.978 316.727 2 286.229 250
1372 264.978 316.727 2 288.99 250
1373 274.978 316.727 2 292.068 90.2994
1374 284.978 316.727 2 295.453 90.3777
1375 294.978 316.727 2 299.134 250
1376 304.978 316.727 2 303.1 250
1377 314.978 316.727 2 307.34 250
1378 324.978 316.727 2 311.843 90.7513
1379 334.978 316.727 2 316.599 250
1380 344.978 316.727 2 321.595 250
1381 354.978 316.727 2 326.821 250
1382 364.978 316.727 2 332.265 91.2032
1383 374.978 316.727 2 337.918 250
1384 384.978 316.727 2 343.769 250
1385 394.978 316.727 2 349.808 250
1386 404.978 316.727 2 356.026 250
1387 414.978 316.727 2 362.412 250
1388 424.978 316.727 2 368.96 250
1389 434.978 316.727 2 375.659 250
1390 444.978 316.727 2 382.502 250
1391 454.978 316.727 2 389.483 250
1392 464.978 316.727 2 396.592 250
1393 474.978 316.727 2 403.824 92.6633
1394 484.978 316.727 2 411.172 92.8027
1395 84.9784 326.727 2 283.407 90.0974
1396 94.9784 326.727 2 280.193 90.0219
1397 104.978 326.727 2 277.303 89.9537
1398 114.978 326.727 2 274.746 89.8932
1399 124.978 326.727 2 272.532 89.8407
1400 134.978 326.727 2 270.67 89.7965
1401 144.978 326.727 2 269.167 89.7607
1402 154.978 326.727 2 268.028 89.7336
1403 164.978 326.727 2 267.26 89.7153
1404 174.978 326.727 2 266.864 89.7058
1405 184.978 326.727 2 266.842 89.7053
1406 194.978 326.727 2 267.195 89.7137
1407 204.978 326.727 2 267.921 89.731
1408 214.978 326.727 2 269.017 89.7572
1409 224.978 326.727 2 270.478 89.7919
1410 234.978 326.727 2 272.3 89.8352
1411 244.978 326.727 2 274.473 89.8868
1412 254.978 326.727 2 276.991 89.9463
1413 264.978 326.727 2 279.844 90.0136
1414 274.978 326.727 2 283.021 90.0883
1415 284.978 326.727 2 286.513 90.1701
1416 294.978 326.727 2 290.307 90.2585
1417 304.978 326.727 2 294.392 90.3532
1418 314.978 326.727 2 298.756 90.4537
1419 324.978 326.727 2 303.387 90.5597
1420 334.978 326.727 2 308.272 90.6707
1421 344.978 326.727 2 313.401 90.7863
1422 354.978 326.727 2 318.761 90.9061
1423 364.978 326.727 2 324.341 91.0297
1424 374.978 326.727 2 330.13 91.1567
1425 384.978 326.727 2 336.116 91.2867
1426 394.978 326.727 2 342.29 91.4194
1427 404.978 326.727 2 348.642 91.5543
1428 414.978 326.727 2 355.162 91.6912
1429 424.978 326.727 2 361.84 91.8298
1430 434.978 326.727 2 368.669 91.9698
1431 444.978 326.727 2 375.64 92.1109
1432 454.978 326.727 2 382.745 92.2529
1433 464.978 326.727 2 389.977 92.3955
1434 474.978 326.727 2 397.329 92.5385
1435 484.978 326.727 2 404.795 92.6818
1436 84.9784 336.727 2 274.439 89.886
1437 94.9784 336.727 2 271.119 89.8072
1438 104.978 336.727 2 268.13 89.736
1439 114.978 336.727 2 265.485 89.6729
1440 124.978 336.727 2 263.193 89.6181
1441 134.978 336.727 2 261.265 89.5719
1442 144.978 336.727 2 259.707 89.5346
1443 154.978 336.727 2 258.527 89.5063
1444 164.978 336.727 2 257.73 89.4872
1445 174.978 336.727 2 257.319 89.4773
1446 184.978 336.727 2 257.297 89.4768
1447 194.978 336.727 2 257.663 89.4856
1448 204.978 336.727 2 258.416 89.5036
1449 214.978 336.727 2 259.552 89.5309
1450 224.978 336.727 2 261.066 89.5672
1451 234.978 336.727 2 262.953 89.6124
1452 244.978 336.727 2 265.203 89.6662
1453 254.978 336.727 2 267.808 89.7284
1454 264.978 336.727 2 270.757 89.7986
1455 274.978 336.727 2 274.04 89.8765
1456 284.978 336.727 2 277.644 89.9618
1457 294.978 336.727 2 281.558 90.054
1458 304.978 336.727 2 285.768 90.1527
1459 314.978 336.727 2 290.262 90.2574
1460 324.978 336.727 2 295.026 90.3678
1461 334.978 336.727 2 300.048 90.4834
1462 344.978 336.727 2 305.315 90.6036
1463 354.978 336.727 2 310.815 90.7281
1464 364.978 336.727 2 316.535 90.8565
1465 374.978 336.727 2 322.464 90.9883
1466 384.978 336.727 2 328.59 91.1231
1467 394.978 336.727 2 334.903 91.2605
1468 404.978 336.727 2 341.392 91.4001
1469 414.978 336.727 2 348.047 91.5417
1470 424.978 336.727 2 354.859 91.6849
1471 434.978 336.727 2 361.82 91.8294
1472 444.978 336.727 2 368.92 91.9749
1473 454.978 336.727 2 376.152 92.1212
1474 464.978 336.727 2 383.509 92.268
1475 474.978 336.727 2 390.983 92.4151
1476 484.978 336.727 2 398.568 92.5624
1477 84.9784 346.727 2 265.544 89.6743
1478 94.9784 346.727 2 262.111 89.5922
1479 104.978 346.727 2 259.019 89.5181
1480 114.978 346.727 2 256.28 250
1481 124.978 346.727 2 253.905 250
1482 134.978 346.727 2 251.905 250
1483 144.978 346.727 2 250.289 250
1484 154.978 346.727 2 249.065 250
1485 164.978 346.727 2 248.237 250
1486 174.978 346.727 2 247.811 250
1487 184.978 346.727 2 247.788 89.248
1488 194.978 346.727 2 248.168 89.2571
1489 204.978 346.727 2 248.949 89.276
1490 214.978 346.727 2 250.128 89.3044
1491 224.978 346.727 2 251.699 89.3422
1492 234.978 346.727 2 253.655 89.3892
1493 244.978 346.727 2 255.987 250
1494 254.978 346.727 2 258.685 250
1495 264.978 346.727 2 261.737 250
1496 274.978 346.727 2 265.132 89.6645
1497 284.978 346.727 2 268.856 89.7533
1498 294.978 346.727 2 272.896 89.8494
1499 304.978 346.727 2 277.237 89.9522
1500 314.978 346.727 2 281.867 90.0612
1501 324.978 346.727 2 286.771 90.1761
1502 334.978 346.727 2 291.935 90.2963
1503 344.978 346.727 2 297.346 90.4213
1504 354.978 346.727 2 302.99 90.5506
1505 364.978 346.727 2 308.855 90.6839
1506 374.978 346.727 2 314.928 90.8206
1507 384.978 346.727 2 321.198 250
1508 394.978 346.727 2 327.653 250
1509 404.978 346.727 2 334.283 250
1510 414.978 346.727 2 341.077 250
1511 424.978 346.727 2 348.026 250
1512 434.978 346.727 2 355.121 250
1513 444.978 346.727 2 362.352 91.8404
1514 454.978 346.727 2 369.713 250
1515 464.978 346.727 2 377.195 250
1516 474.978 346.727 2 384.792 92.2934
1517 484.978 346.727 2 392.496 92.4447
1518 84.9784 356.727 2 256.731 89.4632
1519 94.9784 356.727 2 253.178 89.3778
1520 104.978 356.727 2 249.976 250
1521 114.978 356.727 2 247.136 250
1522 124.978 356.727 2 244.673 250
1523 134.978 356.727 2 242.597 250
1524 144.978 356.727 2 240.919 250
1525 154.978 356.727 2 239.646 250
1526 164.978 356.727 2 238.786 250
1527 174.978 356.727 2 238.343 250
1528 184.978 356.727 2 238.318 89.0201
1529 194.978 356.727 2 238.714 89.0296
1530 204.978 356.727 2 239.526 89.0491
1531 214.978 356.727 2 240.751 89.0786
1532 224.978 356.727 2 242.383 89.1179
1533 234.978 356.727 2 244.414 89.1668
1534 244.978 356.727 2 246.833 250
1535 254.978 356.727 2 249.63 250
1536 264.978 356.727 2 252.791 250
1537 274.978 356.727 2 256.305 89.4529
1538 284.978 356.727 2 260.155 89.5453
1539 294.978 356.727 2 264.327 89.6453
1540 304.978 356.727 2 268.807 89.7522
1541 314.978 356.727 2 273.58 89.8656
1542 324.978 356.727 2 278.63 89.985
1543 334.978 356.727 2 283.942 90.1099
1544 344.978 356.727 2 289.502 90.2398
1545 354.978 356.727 2 295.296 90.374
1546 364.978 356.727 2 301.311 90.5123
1547 374.978 356.727 2 307.533 90.654
1548 384.978 356.727 2 313.951 90.7987
1549 394.978 356.727 2 320.552 250
1550 404.978 356.727 2 327.326 250
1551 414.978 356.727 2 334.262 250
1552 424.978 356.727 2 341.349 250
1553 434.978 356.727 2 348.58 250
1554 444.978 356.727 2 355.944 91.7076
1555 454.978 356.727 2 363.435 250
1556 464.978 356.727 2 371.043 250
1557 474.978 356.727 2 378.763 92.1735
1558 484.978 356.727 2 386.588 92.3289
1559 84.9784 366.727 2 248.008 89.2533
1560 94.9784 366.727 2 244.328 89.1647
1561 104.978 366.727 2 241.008 250
1562 114.978 366.727 2 238.062 250
1563 124.978 366.727 2 235.503 250
1564 134.978 366.727 2 233.346 250
1565 144.978 366.727 2 231.6 250
1566 154.978 366.727 2 230.276 250
1567 164.978 366.727 2 229.381 250
1568 174.978 366.727 2 228.92 250
1569 184.978 366.727 2 228.895 88.7944
1570 194.978 366.727 2 229.306 250
1571 204.978 366.727 2 230.151 250
1572 214.978 366.727 2 231.426 250
1573 224.978 366.727 2 233.124 250
1574 234.978 366.727 2 235.234 250
1575 244.978 366.727 2 237.747 250
1576 254.978 366.727 2 240.649 250
1577 264.978 366.727 2 243.927 250
1578 274.978 366.727 2 247.566 89.2427
1579 284.978 366.727 2 251.55 89.3386
1580 294.978 366.727 2 255.863 89.4423
1581 304.978 366.727 2 260.489 89.5534
1582 314.978 366.727 2 265.411 89.6711
1583 324.978 366.727 2 270.613 89.7952
1584 334.978 366.727 2 276.08 89.9248
1585 344.978 366.727 2 281.795 90.0595
1586 354.978 366.727 2 287.744 90.1988
1587 364.978 366.727 2 293.914 90.3421
1588 374.978 366.727 2 300.29 90.4889
1589 384.978 366.727 2 306.859 90.6387
1590 394.978 366.727 2 313.609 250
1591 404.978 366.727 2 320.53 250
1592 414.978 366.727 2 327.609 250
1593 424.978 366.727 2 334.838 250
1594 434.978 366.727 2 342.206 250
1595 444.978 366.727 2 349.704 91.5767
1596 454.978 366.727 2 357.326 250
1597 464.978 366.727 2 365.062 250
1598 474.978 366.727 2 372.906 92.0558
1599 484.978 366.727 2 380.851 92.2152
1600 84.9784 376.727 2 239.384 89.0457
1601 94.9784 376.727 2 235.57 88.9541
1602 104.978 376.727 2 232.125 250
1603 114.978 376.727 2 229.064 250
1604 124.978 376.727 2 226.404 250
1605 134.978 376.727 2 224.159 250
1606 144.978 376.727 2 222.342 250
1607 154.978 376.727 2 220.962 250
1608 164.978 376.727 2 220.029 250
1609 174.978 376.727 2 219.548 250
1610 184.978 376.727 2 219.522 88.5727
1611 194.978 376.727 2 219.95 250
1612 204.978 376.727 2 220.832 250
1613 214.978 376.727 2 222.16 250
1614 224.978 376.727 2 223.928 250
1615 234.978 376.727 2 226.124 250
1616 244.978 376.727 2 228.737 250
1617 254.978 376.727 2 231.752 250
1618 264.978 376.727 2 235.154 250
1619 274.978 376.727 2 238.927 89.0347
1620 284.978 376.727 2 243.053 89.134
1621 294.978 376.727 2 247.514 89.2414
1622 304.978 376.727 2 252.292 89.3565
1623 314.978 376.727 2 257.371 89.4786
1624 324.978 376.727 2 262.733 89.6071
1625 334.978 376.727 2 268.36 89.7415
1626 344.978 376.727 2 274.236 89.8812
1627 354.978 376.727 2 280.346 90.0255
1628 364.978 376.727 2 286.675 90.1739
1629 374.978 376.727 2 293.208 90.3258
1630 384.978 376.727 2 299.932 250
1631 394.978 376.727 2 306.835 250
1632 404.978 376.727 2 313.905 250
1633 414.978 376.727 2 321.131 250
1634 424.978 376.727 2 328.502 250
1635 434.978 376.727 2 336.009 250
1636 444.978 376.727 2 343.643 250
1637 454.978 376.727 2 351.395 250
1638 464.978 376.727 2 359.259 250
1639 474.978 376.727 2 367.227 91.9404
1640 484.978 376.727 2 375.292 92.1039
1641 84.9784 386.727 2 230.872 88.8416
1642 94.9784 386.727 2 226.915 88.7473
1643 104.978 386.727 2 223.336 88.6625
1644 114.978 386.727 2 220.153 250
1645 124.978 386.727 2 217.384 250
1646 134.978 386.727 2 215.045 250
1647 144.978 386.727 2 213.15 250
1648 154.978 386.727 2 211.71 250
1649 164.978 386.727 2 210.736 250
1650 174.978 386.727 2 210.234 250
1651 184.978 386.727 2 210.206 88.3573
1652 194.978 386.727 2 210.654 250
1653 204.978 386.727 2 211.574 250
1654 214.978 386.727 2 212.961 250
1655 224.978 386.727 2 214.804 250
1656 234.978 386.727 2 217.092 250
1657 244.978 386.727 2 219.813 250
1658 254.978 386.727 2 222.949 250
1659 264.978 386.727 2 226.483 250
1660 274.978 386.727 2 230.398 88.8303
1661 284.978 386.727 2 234.673 88.9326
1662 294.978 386.727 2 239.291 89.0435
1663 304.978 386.727 2 244.23 89.1623
1664 314.978 386.727 2 249.473 89.2886
1665 324.978 386.727 2 255.001 89.4216
1666 334.978 386.727 2 260.795 89.5607
1667 344.978 386.727 2 266.838 89.7052
1668 354.978 386.727 2 273.113 89.8545
1669 364.978 386.727 2 279.606 90.008
1670 374.978 386.727 2 286.3 90.1651
1671 384.978 386.727 2 293.183 250
1672 394.978 386.727 2 300.241 250
1673 404.978 386.727 2 307.463 250
1674 414.978 386.727 2 314.836 250
1675 424.978 386.727 2 322.351 250
1676 434.978 386.727 2 329.998 250
1677 444.978 386.727 2 337.768 250
1678 454.978 386.727 2 345.653 250
1679 464.978 386.727 2 353.644 250
1680 474.978 386.727 2 361.736 91.8277
1681 484.978 386.727 2 369.921 91.9953
1682 84.9784 396.727 2 222.484 88.6423
1683 94.9784 396.727 2 218.374 88.5459
1684 104.978 396.727 2 214.653 88.4594
1685 114.978 396.727 2 211.339 88.3831
1686 124.978 396.727 2 208.453 88.3175
1687 134.978 396.727 2 206.013 88.2627
1688 144.978 396.727 2 204.034 88.2186
1689 154.978 396.727 2 202.53 88.1855
1690 164.978 396.727 2 201.511 88.1632
1691 174.978 396.727 2 200.986 88.1517
1692 184.978 396.727 2 200.957 88.1511
1693 194.978 396.727 2 201.426 88.1613
1694 204.978 396.727 2 202.388 88.1824
1695 214.978 396.727 2 203.836 88.2143
1696 224.978 396.727 2 205.761 88.257
1697 234.978 396.727 2 208.149 88.3107
1698 244.978 396.727 2 210.985 250
1699 254.978 396.727 2 214.25 250
1700 264.978 396.727 2 217.926 250
1701 274.978 396.727 2 221.991 88.6307
1702 284.978 396.727 2 226.426 88.7357
1703 294.978 396.727 2 231.208 88.8496
1704 304.978 396.727 2 236.317 88.972
1705 314.978 396.727 2 241.731 89.1022
1706 324.978 396.727 2 247.432 89.2394
1707 334.978 396.727 2 253.399 89.3831
1708 344.978 396.727 2 259.614 89.5324
1709 354.978 396.727 2 266.06 89.6867
1710 364.978 396.727 2 272.72 89.8452
1711 374.978 396.727 2 279.58 90.0074
1712 384.978 396.727 2 286.624 250
1713 394.978 396.727 2 293.84 250
1714 404.978 396.727 2 301.215 250
1715 414.978 396.727 2 308.737 250
1716 424.978 396.727 2 316.397 250
1717 434.978 396.727 2 324.185 250
1718 444.978 396.727 2 332.091 250
1719 454.978 396.727 2 340.107 250
1720 464.978 396.727 2 348.226 250
1721 474.978 396.727 2 356.44 91.7179
1722 484.978 396.727 2 364.744 91.8896
1723 84.9784 406.727 2 214.233 88.4497
1724 94.9784 406.727 2 209.963 88.3518
1725 104.978 406.727 2 206.09 88.2644
1726 114.978 406.727 2 202.636 88.1878
1727 124.978 406.727 2 199.624 88.1222
1728 134.978 406.727 2 197.075 88.0677
1729 144.978 406.727 2 195.005 88.0242
1730 154.978 406.727 2 193.43 87.9916
1731 164.978 406.727 2 192.364 87.9698
1732 174.978 406.727 2 191.813 87.9586
1733 184.978 406.727 2 191.783 87.958
1734 194.978 406.727 2 192.274 87.9679
1735 204.978 406.727 2 193.281 87.9885
1736 214.978 406.727 2 194.798 88.0199
1737 224.978 406.727 2 196.811 88.0621
1738 234.978 406.727 2 199.307 88.1154
1739 244.978 406.727 2 202.266 88.1797
1740 254.978 406.727 2 205.67 88.255
1741 264.978 406.727 2 209.496 88.3411
1742 274.978 406.727 2 213.722 88.4379
1743 284.978 406.727 2 218.325 88.5447
1744 294.978 406.727 2 223.28 88.6612
1745 304.978 406.727 2 228.566 88.7866
1746 314.978 406.727 2 234.16 88.9203
1747 324.978 406.727 2 240.041 89.0615
1748 334.978 406.727 2 246.187 89.2095
1749 344.978 406.727 2 252.58 89.3634
1750 354.978 406.727 2 259.201 89.5225
1751 364.978 406.727 2 266.033 89.686
1752 374.978 406.727 2 273.06 89.8533
1753 384.978 406.727 2 280.268 90.0236
1754 394.978 406.727 2 287.644 90.1965
1755 404.978 406.727 2 295.173 90.3712
1756 414.978 406.727 2 302.846 90.5474
1757 424.978 406.727 2 310.651 90.7245
1758 434.978 406.727 2 318.579 90.9021
1759 444.978 406.727 2 326.621 91.0799
1760 454.978 406.727 2 334.768 91.2576
1761 464.978 406.727 2 343.014 91.4348
1762 474.978 406.727 2 351.35 91.6114
1763 484.978 406.727 2 359.771 91.7871
1764 84.9784 416.727 2 206.138 88.2655
1765 94.9784 416.727 2 201.696 88.1672
1766 104.978 416.727 2 197.661 88.0802
1767 114.978 416.727 2 194.058 250
1768 124.978 416.727 2 190.911 250
1769 134.978 416.727 2 188.243 250
1770 144.978 416.727 2 186.075 250
1771 154.978 416.727 2 184.424 87.8146
1772 164.978 416.727 2 183.305 87.7939
1773 174.978 416.727 2 182.727 87.7834
1774 184.978 416.727 2 182.696 87.7828
1775 194.978 416.727 2 183.211 87.7922
1776 204.978 416.727 2 184.268 87.8117
1777 214.978 416.727 2 185.858 87.8415
1778 224.978 416.727 2 187.967 87.8821
1779 234.978 416.727 2 190.579 87.9337
1780 244.978 416.727 2 193.672 87.9966
1781 254.978 416.727 2 197.224 88.0709
1782 264.978 416.727 2 201.21 88.1566
1783 274.978 416.727 2 205.607 88.2536
1784 284.978 416.727 2 210.387 88.3614
1785 294.978 416.727 2 215.525 88.4795
1786 304.978 416.727 2 220.997 88.6073
1787 314.978 416.727 2 226.778 88.744
1788 324.978 416.727 2 232.844 88.8888
1789 334.978 416.727 2 239.176 89.0407
1790 344.978 416.727 2 245.751 89.199
1791 354.978 416.727 2 252.551 89.3627
1792 364.978 416.727 2 259.558 89.531
1793 374.978 416.727 2 266.756 89.7033
1794 384.978 416.727 2 274.13 89.8787
1795 394.978 416.727 2 281.666 90.0565
1796 404.978 416.727 2 289.352 90.2363
1797 414.978 416.727 2 297.175 90.4174
1798 424.978 416.727 2 305.125 90.5993
1799 434.978 416.727 2 313.193 90.7816
1800 444.978 416.727 2 321.369 90.964
1801 454.978 416.727 2 329.646 91.1462
1802 464.978 416.727 2 338.017 91.3277
1803 474.978 416.727 2 346.473 91.5084
1804 484.978 416.727 2 355.01 91.6881
1805 84.9784 426.727 2 198.217 88.092
1806 94.9784 426.727 2 193.594 87.995
1807 104.978 426.727 2 189.386 87.9099
1808 114.978 426.727 2 185.622 250
1809 124.978 426.727 2 182.329 250
1810 134.978 426.727 2 179.534 250
1811 144.978 426.727 2 177.259 250
1812 154.978 426.727 2 175.526 87.6604
1813 164.978 426.727 2 174.35 250
1814 174.978 426.727 2 173.742 250
1815 184.978 426.727 2 173.709 250
1816 194.978 426.727 2 174.251 250
1817 204.978 426.727 2 175.362 250
1818 214.978 426.727 2 177.032 250
1819 224.978 426.727 2 179.245 87.7218
1820 234.978 426.727 2 181.981 250
1821 244.978 426.727 2 185.218 250
1822 254.978 426.727 2 188.929 250
1823 264.978 426.727 2 193.087 250
1824 274.978 426.727 2 197.664 88.0802
1825 284.978 426.727 2 202.632 88.1877
1826 294.978 426.727 2 207.962 88.3064
1827 304.978 426.727 2 213.627 250
1828 314.978 426.727 2 219.602 250
1829 324.978 426.727 2 225.862 250
1830 334.978 426.727 2 232.383 250
1831 344.978 426.727 2 239.145 250
1832 354.978 426.727 2 246.128 250
1833 364.978 426.727 2 253.313 250
1834 374.978 426.727 2 260.684 250
1835 384.978 426.727 2 268.225 250
1836 394.978 426.727 2 275.922 250
1837 404.978 426.727 2 283.763 250
1838 414.978 426.727 2 291.736 250
1839 424.978 426.727 2 299.831 250
1840 434.978 426.727 2 308.037 250
1841 444.978 426.727 2 316.347 250
1842 454.978 426.727 2 324.752 250
1843 464.978 426.727 2 333.245 91.2245
1844 474.978 426.727 2 341.82 91.4093
1845 484.978 426.727 2 350.47 250
1846 84.9784 436.727 2 190.491 87.9319
1847 94.9784 436.727 2 185.676 87.8381
1848 104.978 436.727 2 181.284 87.7574
1849 114.978 436.727 2 177.348 250
1850 124.978 436.727 2 173.899 250
1851 134.978 436.727 2 170.966 250
1852 144.978 436.727 2 168.576 250
1853 154.978 436.727 2 166.752 87.5366
1854 164.978 436.727 2 165.514 87.522
1855 174.978 436.727 2 164.874 250
1856 184.978 436.727 2 164.839 250
1857 194.978 436.727 2 165.41 250
1858 204.978 436.727 2 166.58 250
1859 214.978 436.727 2 168.337 250
1860 224.978 436.727 2 170.663 87.5877
1861 234.978 436.727 2 173.535 250
1862 244.978 436.727 2 176.926 250
1863 254.978 436.727 2 180.807 250
1864 264.978 436.727 2 185.148 250
1865 274.978 436.727 2 189.916 87.9205
1866 284.978 436.727 2 195.081 88.0258
1867 294.978 436.727 2 200.612 88.1436
1868 304.978 436.727 2 206.479 250
1869 314.978 436.727 2 212.655 250
1870 324.978 436.727 2 219.113 250
1871 334.978 436.727 2 225.83 250
1872 344.978 436.727 2 232.782 250
1873 354.978 436.727 2 239.95 250
1874 364.978 436.727 2 247.315 250
1875 374.978 436.727 2 254.859 250
1876 384.978 436.727 2 262.567 250
1877 394.978 436.727 2 270.426 250
1878 404.978 436.727 2 278.421 250
1879 414.978 436.727 2 286.543 250
1880 424.978 436.727 2 294.78 250
1881 434.978 436.727 2 303.124 250
1882 444.978 436.727 2 311.564 250
1883 454.978 436.727 2 320.095 250
1884 464.978 436.727 2 328.709 91.1257
1885 474.978 436.727 2 337.399 91.3144
1886 484.978 436.727 2 346.159 250
1887 84.9784 446.727 2 182.986 87.7881
1888 94.9784 446.727 2 177.968 87.7002
1889 104.978 446.727 2 173.381 87.6271
1890 114.978 446.727 2 169.262 250
1891 124.978 446.727 2 165.644 250
1892 134.978 446.727 2 162.562 250
1893 144.978 446.727 2 160.047 250
1894 154.978 446.727 2 158.125 87.4532
1895 164.978 446.727 2 156.818 250
1896 174.978 446.727 2 156.142 250
1897 184.978 446.727 2 156.105 250
1898 194.978 446.727 2 156.708 250
1899 204.978 446.727 2 157.942 250
1900 214.978 446.727 2 159.795 250
1901 224.978 446.727 2 162.243 87.4874
1902 234.978 446.727 2 165.261 250
1903 244.978 446.727 2 168.819 250
1904 254.978 446.727 2 172.882 250
1905 264.978 446.727 2 177.417 250
1906 274.978 446.727 2 182.387 87.7772
1907 284.978 446.727 2 187.76 87.8781
1908 294.978 446.727 2 193.5 87.993
1909 304.978 446.727 2 199.576 250
1910 314.978 446.727 2 205.959 250
1911 324.978 446.727 2 212.621 250
1912 334.978 446.727 2 219.536 250
1913 344.978 446.727 2 226.682 250
1914 354.978 446.727 2 234.036 250
1915 364.978 446.727 2 241.581 250
1916 374.978 446.727 2 249.299 250
1917 384.978 446.727 2 257.174 250
1918 394.978 446.727 2 265.192 250
1919 404.978 446.727 2 273.341 250
1920 414.978 446.727 2 281.61 250
1921 424.978 446.727 2 289.987 250
1922 434.978 446.727 2 298.464 250
1923 444.978 446.727 2 307.033 250
1924 454.978 446.727 2 315.686 250
1925 464.978 446.727 2 324.417 91.0314
1926 474.978 446.727 2 333.219 91.224
1927 484.978 446.727 2 342.087 250
1928 84.9784 456.727 2 175.73 87.6636
1929 94.9784 456.727 2 170.498 87.5854
1930 104.978 456.727 2 165.705 87.5242
1931 114.978 456.727 2 161.389 250
1932 124.978 456.727 2 157.591 250
1933 134.978 456.727 2 154.348 250
1934 144.978 456.727 2 151.697 250
1935 154.978 456.727 2 149.668 87.4232
1936 164.978 456.727 2 148.287 250
1937 174.978 456.727 2 147.572 250
1938 184.978 456.727 2 147.533 250
1939 194.978 456.727 2 148.17 250
1940 204.978 456.727 2 149.475 250
1941 214.978 456.727 2 151.431 250
1942 224.978 456.727 2 154.012 87.4311
1943 234.978 456.727 2 157.189 250
1944 244.978 456.727 2 160.925 250
1945 254.978 456.727 2 165.182 250
1946 264.978 456.727 2 169.923 250
1947 274.978 456.727 2 175.106 87.6537
1948 284.978 456.727 2 180.695 87.747
1949 294.978 456.727 2 186.653 87.8567
1950 304.978 456.727 2 192.945 250
1951 314.978 456.727 2 199.54 250
1952 324.978 456.727 2 206.409 250
1953 334.978 456.727 2 213.525 250
1954 344.978 456.727 2 220.866 250
1955 354.978 456.727 2 228.408 250
1956 364.978 456.727 2 236.132 250
1957 374.978 456.727 2 244.023 250
1958 384.978 456.727 2 252.063 250
1959 394.978 456.727 2 260.238 250
1960 404.978 456.727 2 268.538 250
1961 414.978 456.727 2 276.949 250
1962 424.978 456.727 2 285.464 250
1963 434.978 456.727 2 294.071 250
1964 444.978 456.727 2 302.765 250
1965 454.978 456.727 2 311.536 250
1966 464.978 456.727 2 320.38 90.9421
1967 474.978 456.727 2 329.29 91.1384
1968 484.978 456.727 2 338.261 250
1969 84.9784 466.727 2 168.754 87.5618
1970 94.9784 466.727 2 163.299 87.4979
1971 104.978 466.727 2 158.288 87.4544
1972 114.978 466.727 2 153.764 250
1973 124.978 466.727 2 149.773 250
1974 134.978 466.727 2 146.357 250
1975 144.978 466.727 2 143.558 250
1976 154.978 466.727 2 141.412 87.4635
1977 164.978 466.727 2 139.95 250
1978 174.978 466.727 2 139.192 250
1979 184.978 466.727 2 139.151 250
1980 194.978 466.727 2 139.826 250
1981 204.978 466.727 2 141.209 250
1982 214.978 466.727 2 143.277 250
1983 224.978 466.727 2 146.003 87.4312
1984 234.978 466.727 2 149.35 250
1985 244.978 466.727 2 153.277 250
1986 254.978 466.727 2 157.741 250
1987 264.978 466.727 2 162.698 250
1988 274.978 466.727 2 168.105 87.5534
1989 284.978 466.727 2 173.919 87.6353
1990 294.978 466.727 2 180.1 87.7366
1991 304.978 466.727 2 186.614 250
1992 314.978 466.727 2 193.425 250
1993 324.978 466.727 2 200.503 250
1994 334.978 466.727 2 207.822 250
1995 344.978 466.727 2 215.357 250
1996 354.978 466.727 2 223.085 250
1997 364.978 466.727 2 230.988 250
1998 374.978 466.727 2 239.048 250
1999 384.978 466.727 2 247.25 250
2000 394.978 466.727 2 255.58 250
2001 404.978 466.727 2 264.026 250
2002 414.978 466.727 2 272.577 250
2003 424.978 466.727 2 281.223 250
2004 434.978 466.727 2 289.957 250
2005 444.978 466.727 2 298.77 250
2006 454.978 466.727 2 307.655 250
2007 464.978 466.727 2 316.608 90.8581
2008 474.978 466.727 2 325.621 91.0579
2009 484.978 466.727 2 334.69 250
2010 84.9784 476.727 2 162.096 87.486
2011 94.9784 476.727 2 156.408 87.4424
2012 104.978 476.727 2 151.169 87.424
2013 114.978 476.727 2 146.426 87.4295
2014 124.978 476.727 2 142.229 87.4557
2015 134.978 476.727 2 138.627 87.4974
2016 144.978 476.727 2 135.669 87.5471
2017 154.978 476.727 2 133.396 87.5961
2018 164.978 476.727 2 131.844 87.6356
2019 174.978 476.727 2 131.04 87.6581
2020 184.978 476.727 2 130.996 87.6594
2021 194.978 476.727 2 131.713 87.6391
2022 204.978 476.727 2 133.18 87.6013
2023 214.978 476.727 2 135.371 87.5529
2024 224.978 476.727 2 138.253 87.5028
2025 234.978 476.727 2 141.783 87.4599
2026 244.978 476.727 2 145.914 87.4315
2027 254.978 476.727 2 150.596 87.4235
2028 264.978 476.727 2 155.781 87.439
2029 274.978 476.727 2 161.419 87.4797
2030 284.978 476.727 2 167.466 87.5454
2031 294.978 476.727 2 173.877 87.6347
2032 304.978 476.727 2 180.615 250
2033 314.978 476.727 2 187.644 250
2034 324.978 476.727 2 194.932 250
2035 334.978 476.727 2 202.453 250
2036 344.978 476.727 2 210.18 250
2037 354.978 476.727 2 218.092 250
2038 364.978 476.727 2 226.169 250
2039 374.978 476.727 2 234.395 250
2040 384.978 476.727 2 242.754 250
2041 394.978 476.727 2 251.233 250
2042 404.978 476.727 2 259.82 250
2043 414.978 476.727 2 268.505 250
2044 424.978 476.727 2 277.279 250
2045 434.978 476.727 2 286.133 250
2046 444.978 476.727 2 295.06 250
2047 454.978 476.727 2 304.054 250
2048 464.978 476.727 2 313.109 90.7798
2049 474.978 476.727 2 322.22 90.9829
2050 484.978 476.727 2 331.383 250
2051 84.9784 486.727 2 155.795 87.4391
2052 94.9784 486.727 2 149.869 87.4232
2053 104.978 486.727 2 144.392 87.4394
2054 114.978 486.727 2 139.419 87.4865
2055 124.978 486.727 2 135.004 87.5604
2056 134.978 486.727 2 131.204 87.6534
2057 144.978 486.727 2 128.074 87.7544
2058 154.978 486.727 2 125.664 87.8498
2059 164.978 486.727 2 124.016 87.9249
2060 174.978 486.727 2 123.16 87.9674
2061 184.978 486.727 2 123.113 87.9697
2062 194.978 486.727 2 123.877 87.9316
2063 204.978 486.727 2 125.435 87.8597
2064 214.978 486.727 2 127.759 87.766
2065 224.978 486.727 2 130.808 87.6648
2066 234.978 486.727 2 134.534 87.5703
2067 244.978 486.727 2 138.881 87.4938
2068 254.978 486.727 2 143.793 87.4433
2069 264.978 486.727 2 149.214 87.4234
2070 274.978 486.727 2 155.091 87.4357
2071 284.978 486.727 2 161.375 87.4793
2072 294.978 486.727 2 168.019 87.5523
2073 304.978 486.727 2 174.982 87.6518
2074 314.978 486.727 2 182.228 87.7743
2075 324.978 486.727 2 189.725 87.9167
2076 334.978 486.727 2 197.444 88.0756
2077 344.978 486.727 2 205.36 88.2481
2078 354.978 486.727 2 213.451 88.4316
2079 364.978 486.727 2 221.697 88.6238
2080 374.978 486.727 2 230.083 88.8227
2081 384.978 486.727 2 238.593 89.0267
2082 394.978 486.727 2 247.215 89.2342
2083 404.978 486.727 2 255.937 89.4441
2084 414.978 486.727 2 264.749 89.6553
2085 424.978 486.727 2 273.643 89.8671
2086 434.978 486.727 2 282.611 90.0787
2087 444.978 486.727 2 291.646 90.2896
2088 454.978 486.727 2 300.742 90.4993
2089 464.978 486.727 2 309.894 90.7074
2090 474.978 486.727 2 319.097 90.9136
2091 484.978 486.727 2 328.346 91.1177
2092 84.9784 496.727 2 149.897 87.4232
2093 94.9784 496.727 2 143.728 87.4438
2094 104.978 496.727 2 138.008 250
2095 114.978 496.727 2 132.795 250
2096 124.978 496.727 2 128.152 250
2097 134.978 496.727 2 124.143 250
2098 144.978 496.727 2 120.83 250
2099 154.978 496.727 2 118.273 250
2100 164.978 496.727 2 116.52 250
2101 174.978 496.727 2 115.609 250
2102 184.978 496.727 2 115.559 250
2103 194.978 496.727 2 116.372 250
2104 204.978 496.727 2 118.029 88.2791
2105 214.978 496.727 2 120.496 88.1162
2106 224.978 496.727 2 123.725 87.9391
2107 234.978 496.727 2 127.657 250
2108 244.978 496.727 2 132.23 250
2109 254.978 496.727 2 137.38 250
2110 264.978 496.727 2 143.045 250
2111 274.978 496.727 2 149.165 87.4235
2112 284.978 496.727 2 155.688 87.4386
2113 294.978 496.727 2 162.565 87.4906
2114 304.978 496.727 2 169.752 87.5751
2115 314.978 496.727 2 177.212 87.6877
2116 324.978 496.727 2 184.913 87.8237
2117 334.978 496.727 2 192.824 87.9792
2118 344.978 496.727 2 200.922 88.1503
2119 354.978 496.727 2 209.184 88.3341
2120 364.978 496.727 2 217.593 88.5276
2121 374.978 496.727 2 226.131 88.7287
2122 384.978 496.727 2 234.784 88.9352
2123 394.978 496.727 2 243.541 89.1457
2124 404.978 496.727 2 252.39 89.3588
2125 414.978 496.727 2 261.322 89.5733
2126 424.978 496.727 2 270.329 89.7884
2127 434.978 496.727 2 279.403 90.0033
2128 444.978 496.727 2 288.539 90.2173
2129 454.978 496.727 2 297.73 90.4301
2130 464.978 496.727 2 306.971 90.6412
2131 474.978 496.727 2 316.259 90.8503
2132 484.978 496.727 2 325.589 91.0572
2133 84.9784 506.727 2 144.451 87.4391
2134 94.9784 506.727 2 138.038 87.5061
2135 104.978 506.727 2 132.072 250
2136 114.978 506.727 2 126.616 250
2137 124.978 506.727 2 121.738 250
2138 134.978 506.727 2 117.51 250
2139 144.978 506.727 2 114.005 250
2140 154.978 506.727 2 111.29 250
2141 164.978 506.727 2 109.426 250
2142 174.978 506.727 2 108.455 250
2143 184.978 506.727 2 108.402 250
2144 194.978 506.727 2 109.268 250
2145 204.978 506.727 2 111.031 88.9088
2146 214.978 506.727 2 113.65 88.6398
2147 224.978 506.727 2 117.068 88.3499
2148 234.978 506.727 2 121.216 250
2149 244.978 506.727 2 126.023 250
2150 254.978 506.727 2 131.417 250
2151 264.978 506.727 2 137.327 250
2152 274.978 506.727 2 143.692 87.4441
2153 284.978 506.727 2 150.452 87.4234
2154 294.978 506.727 2 157.557 250
2155 304.978 506.727 2 164.963 250
2156 314.978 506.727 2 172.63 250
2157 324.978 506.727 2 180.526 250
2158 334.978 506.727 2 188.622 250
2159 344.978 506.727 2 196.893 250
2160 354.978 506.727 2 205.317 250
2161 364.978 506.727 2 213.878 250
2162 374.978 506.727 2 222.558 250
2163 384.978 506.727 2 231.345 250
2164 394.978 506.727 2 240.227 250
2165 404.978 506.727 2 249.194 250
2166 414.978 506.727 2 258.236 250
2167 424.978 506.727 2 267.347 89.7174
2168 434.978 506.727 2 276.519 89.9352
2169 444.978 506.727 2 285.747 90.1522
2170 454.978 506.727 2 295.025 90.3678
2171 464.978 506.727 2 304.349 90.5816
2172 474.978 506.727 2 313.715 90.7934
2173 484.978 506.727 2 323.118 250
2174 84.9784 516.727 2 139.51 87.4854
2175 94.9784 516.727 2 132.859 87.6092
2176 104.978 516.727 2 126.65 250
2177 114.978 516.727 2 120.949 250
2178 124.978 516.727 2 115.832 250
2179 134.978 516.727 2 111.38 250
2180 144.978 516.727 2 107.676 250
2181 154.978 516.727 2 104.798 250
2182 164.978 516.727 2 102.815 250
2183 174.978 516.727 2 101.782 250
2184 184.978 516.727 2 101.725 250
2185 194.978 516.727 2 102.647 250
2186 204.978 516.727 2 104.522 89.8114
2187 214.978 516.727 2 107.301 89.3788
2188 224.978 516.727 2 110.914 88.9219
2189 234.978 516.727 2 115.284 250
2190 244.978 516.727 2 120.328 250
2191 254.978 516.727 2 125.966 250
2192 264.978 516.727 2 132.121 250
2193 274.978 516.727 2 138.724 87.496
2194 284.978 516.727 2 145.715 87.4324
2195 294.978 516.727 2 153.04 250
2196 304.978 516.727 2 160.654 250
2197 314.978 516.727 2 168.518 250
2198 324.978 516.727 2 176.598 250
2199 334.978 516.727 2 184.865 250
2200 344.978 516.727 2 193.297 250
2201 354.978 516.727 2 201.872 250
2202 364.978 516.727 2 210.572 250
2203 374.978 516.727 2 219.384 250
2204 384.978 516.727 2 228.293 250
2205 394.978 516.727 2 237.289 250
2206 404.978 516.727 2 246.363 250
2207 414.978 516.727 2 255.506 250
2208 424.978 516.727 2 264.71 89.6544
2209 434.978 516.727 2 273.971 89.8749
2210 444.978 516.727 2 283.282 90.0944
2211 454.978 516.727 2 292.638 90.3126
2212 464.978 516.727 2 302.036 90.5288
2213 474.978 516.727 2 311.471 90.7429
2214 484.978 516.727 2 320.94 250
2215 84.9784 526.727 2 135.13 87.5578
2216 94.9784 526.727 2 128.252 87.748
2217 104.978 526.727 2 121.808 250
2218 114.978 526.727 2 115.869 250
2219 124.978 526.727 2 110.517 250
2220 134.978 526.727 2 105.842 250
2221 144.978 526.727 2 101.937 250
2222 154.978 526.727 2 98.8916 250
2223 164.978 526.727 2 96.7886 250
2224 174.978 526.727 2 95.6897 250
2225 184.978 526.727 2 95.6295 250
2226 194.978 526.727 2 96.6099 250
2227 204.978 526.727 2 98.6 91.0637
2228 214.978 526.727 2 101.54 90.3761
2229 224.978 526.727 2 105.351 89.6738
2230 234.978 526.727 2 109.943 250
2231 244.978 526.727 2 115.221 250
2232 254.978 526.727 2 121.097 250
2233 264.978 526.727 2 127.487 250
2234 274.978 526.727 2 134.318 87.575
2235 284.978 526.727 2 141.527 87.4624
2236 294.978 526.727 2 149.058 250
2237 304.978 526.727 2 156.865 250
2238 314.978 526.727 2 164.91 250
2239 324.978 526.727 2 173.158 250
2240 334.978 526.727 2 181.583 250
2241 344.978 526.727 2 190.16 250
2242 354.978 526.727 2 198.87 250
2243 364.978 526.727 2 207.696 250
2244 374.978 526.727 2 216.624 250
2245 384.978 526.727 2 225.643 250
2246 394.978 526.727 2 234.741 250
2247 404.978 526.727 2 243.909 250
2248 414.978 526.727 2 253.14 250
2249 424.978 526.727 2 262.428 89.5998
2250 434.978 526.727 2 271.767 89.8226
2251 444.978 526.727 2 281.15 90.0444
2252 454.978 526.727 2 290.575 90.2647
2253 464.978 526.727 2 300.037 90.4831
2254 474.978 526.727 2 309.533 90.6992
2255 484.978 526.727 2 319.06 250
2256 84.9784 536.727 2 131.367 87.6488
2257 94.9784 536.727 2 124.281 87.9122
2258 104.978 536.727 2 117.619 250
2259 114.978 536.727 2 111.457 250
2260 124.978 536.727 2 105.883 250
2261 134.978 536.727 2 100.993 250
2262 144.978 536.727 2 96.8921 250
2263 154.978 536.727 2 93.6833 250
2264 164.978 536.727 2 91.4606 250
2265 174.978 536.727 2 90.2969 250
2266 184.978 536.727 2 90.2331 250
2267 194.978 536.727 2 91.2715 250
2268 204.978 536.727 2 93.3755 92.7519
2269 214.978 536.727 2 96.4752 91.6647
2270 224.978 536.727 2 100.479 90.6075
2271 234.978 536.727 2 105.283 250
2272 244.978 536.727 2 110.783 250
2273 254.978 536.727 2 116.882 250
2274 264.978 536.727 2 123.49 250
2275 274.978 536.727 2 130.531 87.6731
2276 284.978 536.727 2 137.938 87.5076
2277 294.978 536.727 2 145.655 250
2278 304.978 536.727 2 153.635 250
2279 314.978 536.727 2 161.84 250
2280 324.978 536.727 2 170.237 250
2281 334.978 536.727 2 178.799 250
2282 344.978 536.727 2 187.504 250
2283 354.978 536.727 2 196.332 250
2284 364.978 536.727 2 205.267 250
2285 374.978 536.727 2 214.297 250
2286 384.978 536.727 2 223.409 250
2287 394.978 536.727 2 232.594 250
2288 404.978 536.727 2 241.844 250
2289 414.978 536.727 2 251.152 250
2290 424.978 536.727 2 260.51 89.5539
2291 434.978 536.727 2 269.915 89.7785
2292 444.978 536.727 2 279.361 90.0023
2293 454.978 536.727 2 288.844 90.2245
2294 464.978 536.727 2 298.361 90.4446
2295 474.978 536.727 2 307.909 90.6625
2296 484.978 536.727 2 317.485 250
2297 84.9784 546.727 2 128.274 87.7472
2298 94.9784 546.727 2 121.007 88.0856
2299 104.978 546.727 2 114.154 250
2300 114.978 546.727 2 107.795 250
2301 124.978 546.727 2 102.02 250
2302 134.978 546.727 2 96.9362 250
2303 144.978 546.727 2 92.6558 250
2304 154.978 546.727 2 89.2949 250
2305 164.978 546.727 2 86.9601 250
2306 174.978 546.727 2 85.7353 250
2307 184.978 546.727 2 85.6681 250
2308 194.978 546.727 2 86.7612 250
2309 204.978 546.727 2 88.9719 94.9517
2310 214.978 546.727 2 92.2197 93.2397
2311 224.978 546.727 2 96.4 91.6878
2312 234.978 546.727 2 101.397 250
2313 244.978 546.727 2 107.098 250
2314 254.978 546.727 2 113.395 250
2315 264.978 546.727 2 120.195 250
2316 274.978 546.727 2 127.418 87.7788
2317 284.978 546.727 2 134.996 87.5606
2318 294.978 546.727 2 142.872 250
2319 304.978 546.727 2 150.999 250
2320 314.978 546.727 2 159.34 250
2321 324.978 546.727 2 167.862 250
2322 334.978 546.727 2 176.54 250
2323 344.978 546.727 2 185.35 250
2324 354.978 546.727 2 194.276 250
2325 364.978 546.727 2 203.302 250
2326 374.978 546.727 2 212.415 250
2327 384.978 546.727 2 221.605 250
2328 394.978 546.727 2 230.862 250
2329 404.978 546.727 2 240.178 250
2330 414.978 546.727 2 249.548 250
2331 424.978 546.727 2 258.964 89.5168
2332 434.978 546.727 2 268.423 89.743
2333 444.978 546.727 2 277.92 89.9683
2334 454.978 546.727 2 287.451 90.192
2335 464.978 546.727 2 297.013 90.4136
2336 474.978 546.727 2 306.602 90.6329
2337 484.978 546.727 2 316.217 250
2338 84.9784 556.727 2 125.902 87.8396
2339 94.9784 556.727 2 118.489 88.2467
2340 104.978 556.727 2 111.482 88.8593
2341 114.978 556.727 2 104.96 89.7378
2342 124.978 556.727 2 99.021 90.9558
2343 134.978 556.727 2 93.7744 92.5951
2344 144.978 556.727 2 89.3427 94.7249
2345 154.978 556.727 2 85.8522 97.3346
2346 164.978 556.727 2 83.4211 100.144
2347 174.978 556.727 2 82.1436 102.263
2348 184.978 556.727 2 82.0734 102.399
2349 194.978 556.727 2 83.2138 100.448
2350 204.978 556.727 2 85.5162 97.6581
2351 214.978 556.727 2 88.8904 95.0029
2352 224.978 556.727 2 93.22 92.8145
2353 234.978 556.727 2 98.3792 91.1216
2354 244.978 556.727 2 104.245 89.8593
2355 254.978 556.727 2 110.704 88.9456
2356 264.978 556.727 2 117.66 88.3058
2357 274.978 556.727 2 125.03 87.8777
2358 284.978 556.727 2 132.744 87.6121
2359 294.978 556.727 2 140.746 87.4706
2360 304.978 556.727 2 148.989 87.4236
2361 314.978 556.727 2 157.437 87.4486
2362 324.978 556.727 2 166.057 87.5283
2363 334.978 556.727 2 174.824 87.6493
2364 344.978 556.727 2 183.717 87.8015
2365 354.978 556.727 2 192.718 87.977
2366 364.978 556.727 2 201.814 88.1698
2367 374.978 556.727 2 210.991 88.3752
2368 384.978 556.727 2 220.24 88.5896
2369 394.978 556.727 2 229.552 88.8101
2370 404.978 556.727 2 238.92 89.0345
2371 414.978 556.727 2 248.337 89.2612
2372 424.978 556.727 2 257.798 89.4888
2373 434.978 556.727 2 267.298 89.7162
2374 444.978 556.727 2 276.833 89.9426
2375 454.978 556.727 2 286.4 90.1674
2376 464.978 556.727 2 295.996 90.3902
2377 474.978 556.727 2 305.617 90.6105
2378 484.978 556.727 2 315.263 90.828
2379 84.9784 566.727 2 124.291 87.9118
2380 94.9784 566.727 2 116.776 88.3723
2381 104.978 566.727 2 109.66 89.0686
2382 114.978 566.727 2 103.023 90.0808
2383 124.978 566.727 2 96.9648 91.5171
2384 134.978 566.727 2 91.6005 93.5238
2385 144.978 566.727 2 87.0582 96.2961
2386 154.978 566.727 2 83.4723 100.071
2387 164.978 566.727 2 80.9698 104.958
2388 174.978 566.727 2 79.6529 109.827
2389 184.978 566.727 2 79.5806 110.203
2390 194.978 566.727 2 80.7561 105.571
2391 204.978 566.727 2 83.1266 100.579
2392 214.978 566.727 2 86.594 96.6752
2393 224.978 566.727 2 91.0329 93.7999
2394 234.978 566.727 2 96.3093 91.716
2395 244.978 566.727 2 102.294 90.2223
2396 254.978 566.727 2 108.869 89.1673
2397 264.978 566.727 2 115.935 88.4391
2398 274.978 566.727 2 123.407 87.9548
2399 284.978 566.727 2 131.217 87.653
2400 294.978 566.727 2 139.307 87.488
2401 304.978 566.727 2 147.631 87.4258
2402 314.978 566.727 2 156.152 87.441
2403 324.978 566.727 2 164.839 87.5144
2404 334.978 566.727 2 173.667 87.6315
2405 344.978 566.727 2 182.616 87.7814
2406 354.978 566.727 2 191.67 87.9557
2407 364.978 566.727 2 200.813 88.148
2408 374.978 566.727 2 210.034 88.3534
2409 384.978 566.727 2 219.323 88.5681
2410 394.978 566.727 2 228.673 88.7891
2411 404.978 566.727 2 238.075 89.0142
2412 414.978 566.727 2 247.524 89.2417
2413 424.978 566.727 2 257.015 89.47
2414 434.978 566.727 2 266.543 89.6982
2415 444.978 566.727 2 276.104 89.9254
2416 454.978 566.727 2 285.696 90.151
2417 464.978 566.727 2 295.314 90.3745
2418 474.978 566.727 2 304.957 90.5955
2419 484.978 566.727 2 314.623 90.8137
2420 84.9784 576.727 2 123.472 87.9516
2421 94.9784 576.727 2 115.904 88.4417
2422 104.978 576.727 2 108.73 89.1852
2423 114.978 576.727 2 102.033 90.2746
2424 124.978 576.727 2 95.9124 91.8416
2425 134.978 576.727 2 90.4858 94.0814
2426 144.978 576.727 2 85.8846 97.3044
2427 154.978 576.727 2 82.2474 102.065
2428 164.978 576.727 2 79.7065 109.559
2429 174.978 576.727 2 78.3684 122.651
2430 184.978 576.727 2 78.2949 124.572
2431 194.978 576.727 2 79.4894 110.704
2432 204.978 576.727 2 81.8966 102.755
2433 214.978 576.727 2 85.4139 97.7599
2434 224.978 576.727 2 89.9111 94.395
2435 234.978 576.727 2 95.2497 92.0607
2436 244.978 576.727 2 101.296 90.4277
2437 254.978 576.727 2 107.933 89.291
2438 264.978 576.727 2 115.056 88.5129
2439 274.978 576.727 2 122.582 87.9974
2440 284.978 576.727 2 130.441 87.6758
2441 294.978 576.727 2 138.576 87.4981
2442 304.978 576.727 2 146.942 87.4277
2443 314.978 576.727 2 155.5 87.4376
2444 324.978 576.727 2 164.222 87.5076
2445 334.978 576.727 2 173.082 87.6226
2446 344.978 576.727 2 182.06 87.7713
2447 354.978 576.727 2 191.139 87.9449
2448 364.978 576.727 2 200.307 88.137
2449 374.978 576.727 2 209.55 88.3424
2450 384.978 576.727 2 218.86 88.5572
2451 394.978 576.727 2 228.228 88.7785
2452 404.978 576.727 2 237.648 89.004
2453 414.978 576.727 2 247.114 89.2318
2454 424.978 576.727 2 256.62 89.4605
2455 434.978 576.727 2 266.162 89.6891
2456 444.978 576.727 2 275.737 89.9167
2457 454.978 576.727 2 285.34 90.1427
2458 464.978 576.727 2 294.97 90.3665
2459 474.978 576.727 2 304.624 90.5879
2460 484.978 576.727 2 314.3 90.8065
2461 84.9784 586.727 2 123.46 87.9522
2462 94.9784 586.727 2 115.891 88.4427
2463 104.978 586.727 2 108.716 89.187
2464 114.978 586.727 2 102.018 90.2776
2465 124.978 586.727 2 95.8969 91.8466
2466 134.978 586.727 2 90.4693 94.0902
2467 144.978 586.727 2 85.8672 97.3206
2468 154.978 586.727 2 82.2293 102.099
2469 164.978 586.727 2 79.6878 109.651
2470 174.978 586.727 2 78.3494 123.108
2471 184.978 586.727 2 78.2758 125.148
2472 194.978 586.727 2 79.4707 110.811
2473 204.978 586.727 2 81.8784 102.793
2474 214.978 586.727 2 85.3964 97.7774
2475 224.978 586.727 2 89.8946 94.4043
2476 234.978 586.727 2 95.234 92.066
2477 244.978 586.727 2 101.282 90.4309
2478 254.978 586.727 2 107.919 89.2929
2479 264.978 586.727 2 115.043 88.514
2480 274.978 586.727 2 122.57 87.9981
2481 284.978 586.727 2 130.43 87.6762
2482 294.978 586.727 2 138.566 87.4983
2483 304.978 586.727 2 146.932 87.4278
2484 314.978 586.727 2 155.491 87.4376
2485 324.978 586.727 2 164.213 87.5075
2486 334.978 586.727 2 173.073 87.6225
2487 344.978 586.727 2 182.052 87.7712
2488 354.978 586.727 2 191.132 87.9448
2489 364.978 586.727 2 200.299 88.1368
2490 374.978 586.727 2 209.543 88.3422
2491 384.978 586.727 2 218.853 88.5571
2492 394.978 586.727 2 228.222 88.7784
2493 404.978 586.727 2 237.642 89.0038
2494 414.978 586.727 2 247.108 89.2316
2495 424.978 586.727 2 256.614 89.4604
2496 434.978 586.727 2 266.156 89.6889
2497 444.978 586.727 2 275.731 89.9166
2498 454.978 586.727 2 285.335 90.1425
2499 464.978 586.727 2 294.965 90.3664
2500 474.978 586.727 2 304.62 90.5878
2501 484.978 586.727 2 314.295 90.8064
