# <Transmitter Set: Tx: 18 tx_ant_grid_40_m - Point 16> 
# <Receiver Set: Rx: 17 rx_ant_grid> 
# <X(m)> <Y(m)> <Z(m)> <Distance(m)> <FreeSpacePathLoss(dB)>
1 84.9784 -13.2734 2 297.618 89.739
2 94.9784 -13.2734 2 297.935 89.7478
3 104.978 -13.2734 2 298.586 89.7658
4 114.978 -13.2734 2 299.57 89.7931
5 124.978 -13.2734 2 300.883 89.8292
6 134.978 -13.2734 2 302.521 89.8742
7 144.978 -13.2734 2 304.479 89.9276
8 154.978 -13.2734 2 306.751 89.9893
9 164.978 -13.2734 2 309.329 90.0587
10 174.978 -13.2734 2 312.206 90.1356
11 184.978 -13.2734 2 315.375 90.2195
12 194.978 -13.2734 2 318.826 90.31
13 204.978 -13.2734 2 322.55 90.4067
14 214.978 -13.2734 2 326.538 90.5091
15 224.978 -13.2734 2 330.78 90.6168
16 234.978 -13.2734 2 335.267 90.7294
17 244.978 -13.2734 2 339.989 90.8463
18 254.978 -13.2734 2 344.936 90.9673
19 264.978 -13.2734 2 350.099 91.0918
20 274.978 -13.2734 2 355.468 91.2195
21 284.978 -13.2734 2 361.035 91.35
22 294.978 -13.2734 2 366.79 91.483
23 304.978 -13.2734 2 372.724 91.618
24 314.978 -13.2734 2 378.829 91.7549
25 324.978 -13.2734 2 385.098 91.8934
26 334.978 -13.2734 2 391.521 92.033
27 344.978 -13.2734 2 398.092 92.1737
28 354.978 -13.2734 2 404.803 92.3151
29 364.978 -13.2734 2 411.648 92.4571
30 374.978 -13.2734 2 418.62 92.5994
31 384.978 -13.2734 2 425.712 92.7419
32 394.978 -13.2734 2 432.92 92.8844
33 404.978 -13.2734 2 440.236 93.0267
34 414.978 -13.2734 2 447.657 93.1688
35 424.978 -13.2734 2 455.176 93.3105
36 434.978 -13.2734 2 462.789 93.4517
37 444.978 -13.2734 2 470.491 93.5924
38 454.978 -13.2734 2 478.279 93.7323
39 464.978 -13.2734 2 486.147 93.8715
40 474.978 -13.2734 2 494.092 94.0099
41 484.978 -13.2734 2 502.111 94.1474
42 84.9784 -3.2734 2 287.704 89.4594
43 94.9784 -3.2734 2 288.031 89.4688
44 104.978 -3.2734 2 288.705 89.488
45 114.978 -3.2734 2 289.722 89.517
46 124.978 -3.2734 2 291.08 89.5556
47 134.978 -3.2734 2 292.773 89.6034
48 144.978 -3.2734 2 294.796 89.6603
49 154.978 -3.2734 2 297.141 89.7257
50 164.978 -3.2734 2 299.802 89.7995
51 174.978 -3.2734 2 302.77 89.881
52 184.978 -3.2734 2 306.037 89.9699
53 194.978 -3.2734 2 309.591 90.0657
54 204.978 -3.2734 2 313.425 90.1679
55 214.978 -3.2734 2 317.528 90.2761
56 224.978 -3.2734 2 321.889 90.3896
57 234.978 -3.2734 2 326.498 90.5081
58 244.978 -3.2734 2 331.345 90.6311
59 254.978 -3.2734 2 336.419 90.7581
60 264.978 -3.2734 2 341.711 90.8886
61 274.978 -3.2734 2 347.21 91.0223
62 284.978 -3.2734 2 352.907 91.1588
63 294.978 -3.2734 2 358.792 91.2976
64 304.978 -3.2734 2 364.856 91.4385
65 314.978 -3.2734 2 371.091 91.5811
66 324.978 -3.2734 2 377.488 91.725
67 334.978 -3.2734 2 384.039 91.8701
68 344.978 -3.2734 2 390.735 92.0161
69 354.978 -3.2734 2 397.571 92.1626
70 364.978 -3.2734 2 404.538 92.3096
71 374.978 -3.2734 2 411.63 92.4567
72 384.978 -3.2734 2 418.841 92.6039
73 394.978 -3.2734 2 426.165 92.7509
74 404.978 -3.2734 2 433.595 92.8976
75 414.978 -3.2734 2 441.128 93.0439
76 424.978 -3.2734 2 448.756 93.1897
77 434.978 -3.2734 2 456.476 93.3348
78 444.978 -3.2734 2 464.283 93.4792
79 454.978 -3.2734 2 472.173 93.6228
80 464.978 -3.2734 2 480.142 93.7655
81 474.978 -3.2734 2 488.185 93.9072
82 484.978 -3.2734 2 496.299 94.0479
83 84.9784 6.7266 2 277.796 89.1713
84 94.9784 6.7266 2 278.135 89.1813
85 104.978 6.7266 2 278.832 89.2019
86 114.978 6.7266 2 279.886 89.2328
87 124.978 6.7266 2 281.291 250
88 134.978 6.7266 2 283.042 89.325
89 144.978 6.7266 2 285.134 89.3855
90 154.978 6.7266 2 287.559 89.4552
91 164.978 6.7266 2 290.307 89.5337
92 174.978 6.7266 2 293.372 89.6203
93 184.978 6.7266 2 296.741 89.7146
94 194.978 6.7266 2 300.406 89.8161
95 204.978 6.7266 2 304.356 89.9243
96 214.978 6.7266 2 308.579 90.0385
97 224.978 6.7266 2 313.064 90.1584
98 234.978 6.7266 2 317.802 90.2832
99 244.978 6.7266 2 322.779 90.4126
100 254.978 6.7266 2 327.986 90.546
101 264.978 6.7266 2 333.412 90.683
102 274.978 6.7266 2 339.045 90.8231
103 284.978 6.7266 2 344.877 90.9658
104 294.978 6.7266 2 350.897 250
105 304.978 6.7266 2 357.095 250
106 314.978 6.7266 2 363.463 250
107 324.978 6.7266 2 369.992 250
108 334.978 6.7266 2 376.673 250
109 344.978 6.7266 2 383.499 250
110 354.978 6.7266 2 390.461 250
111 364.978 6.7266 2 397.553 250
112 374.978 6.7266 2 404.767 250
113 384.978 6.7266 2 412.098 250
114 394.978 6.7266 2 419.54 92.618
115 404.978 6.7266 2 427.085 92.7692
116 414.978 6.7266 2 434.73 92.9198
117 424.978 6.7266 2 442.469 93.0697
118 434.978 6.7266 2 450.297 93.2188
119 444.978 6.7266 2 458.209 250
120 454.978 6.7266 2 466.202 250
121 464.978 6.7266 2 474.271 250
122 474.978 6.7266 2 482.412 93.8057
123 484.978 6.7266 2 490.622 93.9497
124 84.9784 16.7266 2 267.895 88.8742
125 94.9784 16.7266 2 268.246 88.8849
126 104.978 16.7266 2 268.969 88.9069
127 114.978 16.7266 2 270.061 88.94
128 124.978 16.7266 2 271.517 250
129 134.978 16.7266 2 273.331 89.0385
130 144.978 16.7266 2 275.497 89.1031
131 154.978 16.7266 2 278.005 89.1775
132 164.978 16.7266 2 280.848 89.261
133 174.978 16.7266 2 284.014 89.3531
134 184.978 16.7266 2 287.493 89.4534
135 194.978 16.7266 2 291.275 250
136 204.978 16.7266 2 295.346 250
137 214.978 16.7266 2 299.696 250
138 224.978 16.7266 2 304.313 250
139 234.978 16.7266 2 309.184 250
140 244.978 16.7266 2 314.298 250
141 254.978 16.7266 2 319.643 250
142 264.978 16.7266 2 325.208 90.4751
143 274.978 16.7266 2 330.982 90.6219
144 284.978 16.7266 2 336.953 90.7713
145 294.978 16.7266 2 343.112 250
146 304.978 16.7266 2 349.448 250
147 314.978 16.7266 2 355.953 250
148 324.978 16.7266 2 362.617 91.3867
149 334.978 16.7266 2 369.432 91.5433
150 344.978 16.7266 2 376.388 250
151 354.978 16.7266 2 383.48 250
152 364.978 16.7266 2 390.698 250
153 374.978 16.7266 2 398.037 250
154 384.978 16.7266 2 405.49 92.3294
155 394.978 16.7266 2 413.05 92.4859
156 404.978 16.7266 2 420.713 92.6416
157 414.978 16.7266 2 428.471 92.7967
158 424.978 16.7266 2 436.321 92.9508
159 434.978 16.7266 2 444.257 93.104
160 444.978 16.7266 2 452.275 250
161 454.978 16.7266 2 460.371 250
162 464.978 16.7266 2 468.54 250
163 474.978 16.7266 2 476.779 93.7055
164 484.978 16.7266 2 485.084 93.8528
165 84.9784 26.7266 2 258.001 88.5676
166 94.9784 26.7266 2 258.366 88.5791
167 104.978 26.7266 2 259.117 88.6027
168 114.978 26.7266 2 260.25 88.6382
169 124.978 26.7266 2 261.76 88.6853
170 134.978 26.7266 2 263.642 88.7436
171 144.978 26.7266 2 265.886 88.8128
172 154.978 26.7266 2 268.485 88.8922
173 164.978 26.7266 2 271.427 88.9813
174 174.978 26.7266 2 274.702 89.0795
175 184.978 26.7266 2 278.297 89.1861
176 194.978 26.7266 2 282.202 250
177 204.978 26.7266 2 286.403 250
178 214.978 26.7266 2 290.886 250
179 224.978 26.7266 2 295.641 250
180 234.978 26.7266 2 300.652 250
181 244.978 26.7266 2 305.909 250
182 254.978 26.7266 2 311.398 250
183 264.978 26.7266 2 317.108 90.2651
184 274.978 26.7266 2 323.026 90.419
185 284.978 26.7266 2 329.142 90.5754
186 294.978 26.7266 2 335.444 250
187 304.978 26.7266 2 341.923 250
188 314.978 26.7266 2 348.568 91.055
189 324.978 26.7266 2 355.371 91.2172
190 334.978 26.7266 2 362.321 91.3799
191 344.978 26.7266 2 369.412 91.5429
192 354.978 26.7266 2 376.635 91.706
193 364.978 26.7266 2 383.982 250
194 374.978 26.7266 2 391.447 250
195 384.978 26.7266 2 399.023 92.1934
196 394.978 26.7266 2 406.703 92.3547
197 404.978 26.7266 2 414.483 92.5152
198 414.978 26.7266 2 422.356 92.6747
199 424.978 26.7266 2 430.317 92.8332
200 434.978 26.7266 2 438.362 92.9905
201 444.978 26.7266 2 446.486 93.1466
202 454.978 26.7266 2 454.685 250
203 464.978 26.7266 2 462.955 250
204 474.978 26.7266 2 471.291 93.6068
205 484.978 26.7266 2 479.691 93.7575
206 84.9784 36.7266 2 248.116 88.2511
207 94.9784 36.7266 2 248.496 88.2634
208 104.978 36.7266 2 249.276 88.2888
209 114.978 36.7266 2 250.454 88.3269
210 124.978 36.7266 2 252.023 88.3774
211 134.978 36.7266 2 253.976 88.44
212 144.978 36.7266 2 256.306 88.5141
213 154.978 36.7266 2 259 88.599
214 164.978 36.7266 2 262.049 88.6942
215 174.978 36.7266 2 265.439 88.799
216 184.978 36.7266 2 269.159 88.9127
217 194.978 36.7266 2 273.194 89.0344
218 204.978 36.7266 2 277.531 89.1635
219 214.978 36.7266 2 282.156 89.2992
220 224.978 36.7266 2 287.055 250
221 234.978 36.7266 2 292.214 250
222 244.978 36.7266 2 297.619 250
223 254.978 36.7266 2 303.259 250
224 264.978 36.7266 2 309.119 90.053
225 274.978 36.7266 2 315.187 90.2145
226 284.978 36.7266 2 321.452 90.3783
227 294.978 36.7266 2 327.902 250
228 304.978 36.7266 2 334.527 250
229 314.978 36.7266 2 341.316 90.8789
230 324.978 36.7266 2 348.26 91.0476
231 334.978 36.7266 2 355.35 91.2167
232 344.978 36.7266 2 362.577 91.3858
233 354.978 36.7266 2 369.933 91.5548
234 364.978 36.7266 2 377.411 91.7233
235 374.978 36.7266 2 385.003 91.8913
236 384.978 36.7266 2 392.704 250
237 394.978 36.7266 2 400.505 250
238 404.978 36.7266 2 408.403 92.39
239 414.978 36.7266 2 416.391 92.5541
240 424.978 36.7266 2 424.464 92.7169
241 434.978 36.7266 2 432.618 92.8784
242 444.978 36.7266 2 440.848 93.0385
243 454.978 36.7266 2 449.15 250
244 464.978 36.7266 2 457.519 250
245 474.978 36.7266 2 465.953 93.5098
246 484.978 36.7266 2 474.448 93.6637
247 84.9784 46.7266 2 238.241 87.924
248 94.9784 46.7266 2 238.636 87.9373
249 104.978 46.7266 2 239.449 87.9646
250 114.978 46.7266 2 240.674 88.0056
251 124.978 46.7266 2 242.307 88.06
252 134.978 46.7266 2 244.338 88.1272
253 144.978 46.7266 2 246.758 88.2067
254 154.978 46.7266 2 249.556 250
255 164.978 46.7266 2 252.718 250
256 174.978 46.7266 2 256.232 250
257 184.978 46.7266 2 260.084 250
258 194.978 46.7266 2 264.257 250
259 204.978 46.7266 2 268.739 88.8999
260 214.978 46.7266 2 273.512 89.0439
261 224.978 46.7266 2 278.563 89.1939
262 234.978 46.7266 2 283.877 89.3492
263 244.978 46.7266 2 289.438 89.5089
264 254.978 46.7266 2 295.234 89.6725
265 264.978 46.7266 2 301.25 89.8393
266 274.978 46.7266 2 307.473 90.0088
267 284.978 46.7266 2 313.892 90.1803
268 294.978 46.7266 2 320.495 250
269 304.978 46.7266 2 327.269 250
270 314.978 46.7266 2 334.206 250
271 324.978 46.7266 2 341.295 250
272 334.978 46.7266 2 348.526 250
273 344.978 46.7266 2 355.892 250
274 354.978 46.7266 2 363.384 250
275 364.978 46.7266 2 370.993 91.5789
276 374.978 46.7266 2 378.714 91.7524
277 384.978 46.7266 2 386.54 250
278 394.978 46.7266 2 394.464 250
279 404.978 46.7266 2 402.48 92.2664
280 414.978 46.7266 2 410.583 92.4351
281 424.978 46.7266 2 418.768 92.6024
282 434.978 46.7266 2 427.031 92.7681
283 444.978 46.7266 2 435.367 92.9322
284 454.978 46.7266 2 443.771 250
285 464.978 46.7266 2 452.24 250
286 474.978 46.7266 2 460.771 93.4145
287 484.978 46.7266 2 469.359 93.5718
288 84.9784 56.7266 2 228.376 87.5857
289 94.9784 56.7266 2 228.788 87.6001
290 104.978 56.7266 2 229.636 87.6296
291 114.978 56.7266 2 230.914 87.6739
292 124.978 56.7266 2 232.615 87.7325
293 134.978 56.7266 2 234.73 87.8049
294 144.978 56.7266 2 237.248 87.8904
295 154.978 56.7266 2 240.156 250
296 164.978 56.7266 2 243.441 250
297 174.978 56.7266 2 247.087 250
298 184.978 56.7266 2 251.079 250
299 194.978 56.7266 2 255.4 250
300 204.978 56.7266 2 260.034 88.6314
301 214.978 56.7266 2 264.964 88.7844
302 224.978 56.7266 2 270.175 88.9435
303 234.978 56.7266 2 275.65 89.1077
304 244.978 56.7266 2 281.374 89.2764
305 254.978 56.7266 2 287.332 89.4488
306 264.978 56.7266 2 293.51 89.6242
307 274.978 56.7266 2 299.895 89.802
308 284.978 56.7266 2 306.472 89.9817
309 294.978 56.7266 2 313.231 250
310 304.978 56.7266 2 320.16 250
311 314.978 56.7266 2 327.247 250
312 324.978 56.7266 2 334.484 250
313 334.978 56.7266 2 341.859 250
314 344.978 56.7266 2 349.365 250
315 354.978 56.7266 2 356.994 250
316 364.978 56.7266 2 364.737 91.4358
317 374.978 56.7266 2 372.588 91.615
318 384.978 56.7266 2 380.539 250
319 394.978 56.7266 2 388.585 250
320 404.978 56.7266 2 396.72 92.1445
321 414.978 56.7266 2 404.939 92.3179
322 424.978 56.7266 2 413.236 92.4897
323 434.978 56.7266 2 421.607 92.6597
324 444.978 56.7266 2 430.048 92.8278
325 454.978 56.7266 2 438.554 250
326 464.978 56.7266 2 447.122 250
327 474.978 56.7266 2 455.748 93.3212
328 484.978 56.7266 2 464.43 93.4819
329 84.9784 66.7266 2 218.524 87.2359
330 94.9784 66.7266 2 218.955 87.2514
331 104.978 66.7266 2 219.84 87.2833
332 114.978 66.7266 2 221.174 87.3312
333 124.978 66.7266 2 222.95 87.3946
334 134.978 66.7266 2 225.156 87.4727
335 144.978 66.7266 2 227.78 87.5649
336 154.978 66.7266 2 230.807 87.6702
337 164.978 66.7266 2 234.223 87.7876
338 174.978 66.7266 2 238.011 87.9162
339 184.978 66.7266 2 242.152 88.0548
340 194.978 66.7266 2 246.629 88.2025
341 204.978 66.7266 2 251.425 88.3582
342 214.978 66.7266 2 256.521 88.5209
343 224.978 66.7266 2 261.9 88.6896
344 234.978 66.7266 2 267.544 88.8635
345 244.978 66.7266 2 273.438 89.0417
346 254.978 66.7266 2 279.566 89.2234
347 264.978 66.7266 2 285.911 89.4079
348 274.978 66.7266 2 292.462 89.5946
349 284.978 66.7266 2 299.203 89.7829
350 294.978 66.7266 2 306.122 89.9723
351 304.978 66.7266 2 313.208 90.1622
352 314.978 66.7266 2 320.449 90.3523
353 324.978 66.7266 2 327.836 90.5422
354 334.978 66.7266 2 335.358 90.7316
355 344.978 66.7266 2 343.006 90.9203
356 354.978 66.7266 2 350.773 91.1079
357 364.978 66.7266 2 358.651 91.2943
358 374.978 66.7266 2 366.632 91.4793
359 384.978 66.7266 2 374.709 91.6628
360 394.978 66.7266 2 382.878 91.8446
361 404.978 66.7266 2 391.132 92.0246
362 414.978 66.7266 2 399.465 92.2028
363 424.978 66.7266 2 407.874 92.3791
364 434.978 66.7266 2 416.353 92.5533
365 444.978 66.7266 2 424.898 92.7256
366 454.978 66.7266 2 433.505 92.8958
367 464.978 66.7266 2 442.171 93.064
368 474.978 66.7266 2 450.892 93.2301
369 484.978 66.7266 2 459.665 93.3941
370 84.9784 76.7266 2 208.686 86.8737
371 94.9784 76.7266 2 209.137 86.8906
372 104.978 76.7266 2 210.064 86.9252
373 114.978 76.7266 2 211.46 86.9772
374 124.978 76.7266 2 213.316 87.0458
375 134.978 76.7266 2 215.62 87.1303
376 144.978 76.7266 2 218.359 87.2299
377 154.978 76.7266 2 221.515 87.3434
378 164.978 76.7266 2 225.072 87.4698
379 174.978 76.7266 2 229.011 87.6079
380 184.978 76.7266 2 233.312 87.7564
381 194.978 76.7266 2 237.956 87.9144
382 204.978 76.7266 2 242.923 88.0804
383 214.978 76.7266 2 248.193 88.2536
384 224.978 76.7266 2 253.749 88.4327
385 234.978 76.7266 2 259.571 88.6169
386 244.978 76.7266 2 265.642 88.8052
387 254.978 76.7266 2 271.945 88.9969
388 264.978 76.7266 2 278.464 89.191
389 274.978 76.7266 2 285.186 89.387
390 284.978 76.7266 2 292.095 89.5843
391 294.978 76.7266 2 299.179 89.7822
392 304.978 76.7266 2 306.425 89.9805
393 314.978 76.7266 2 313.823 90.1785
394 324.978 76.7266 2 321.362 90.376
395 334.978 76.7266 2 329.032 90.5726
396 344.978 76.7266 2 336.824 90.7681
397 354.978 76.7266 2 344.73 90.9623
398 364.978 76.7266 2 352.742 91.1549
399 374.978 76.7266 2 360.854 91.3458
400 384.978 76.7266 2 369.059 91.5348
401 394.978 76.7266 2 377.35 91.722
402 404.978 76.7266 2 385.722 91.907
403 414.978 76.7266 2 394.17 92.09
404 424.978 76.7266 2 402.689 92.2708
405 434.978 76.7266 2 411.274 92.4494
406 444.978 76.7266 2 419.923 92.6257
407 454.978 76.7266 2 428.63 92.7998
408 464.978 76.7266 2 437.392 92.9717
409 474.978 76.7266 2 446.207 93.1412
410 484.978 76.7266 2 455.07 93.3086
411 84.9784 86.7266 2 198.864 86.4988
412 94.9784 86.7266 2 199.337 86.5172
413 104.978 86.7266 2 200.309 250
414 114.978 86.7266 2 201.773 250
415 124.978 86.7266 2 203.717 250
416 134.978 86.7266 2 206.129 86.7774
417 144.978 86.7266 2 208.992 86.8852
418 154.978 86.7266 2 212.288 250
419 164.978 86.7266 2 215.997 250
420 174.978 86.7266 2 220.098 250
421 184.978 86.7266 2 224.57 87.452
422 194.978 86.7266 2 229.391 87.6211
423 204.978 86.7266 2 234.539 87.7984
424 214.978 86.7266 2 239.994 87.9828
425 224.978 86.7266 2 245.735 250
426 234.978 86.7266 2 251.742 250
427 244.978 86.7266 2 257.997 250
428 254.978 86.7266 2 264.482 88.7696
429 264.978 86.7266 2 271.182 88.9739
430 274.978 86.7266 2 278.079 89.1796
431 284.978 86.7266 2 285.16 89.3863
432 294.978 86.7266 2 292.412 89.5932
433 304.978 86.7266 2 299.822 89.8
434 314.978 86.7266 2 307.379 90.0062
435 324.978 86.7266 2 315.072 90.2115
436 334.978 86.7266 2 322.891 90.4155
437 344.978 86.7266 2 330.828 90.618
438 354.978 86.7266 2 338.874 90.8189
439 364.978 86.7266 2 347.022 91.0178
440 374.978 86.7266 2 355.264 91.2147
441 384.978 86.7266 2 363.595 250
442 394.978 86.7266 2 372.008 250
443 404.978 86.7266 2 380.497 250
444 414.978 86.7266 2 389.059 91.9797
445 424.978 86.7266 2 397.687 92.1651
446 434.978 86.7266 2 406.379 92.348
447 444.978 86.7266 2 415.129 250
448 454.978 86.7266 2 423.935 250
449 464.978 86.7266 2 432.792 250
450 474.978 86.7266 2 441.698 93.0549
451 484.978 86.7266 2 450.651 93.2255
452 84.9784 96.7266 2 189.06 86.1105
453 94.9784 96.7266 2 189.558 86.1306
454 104.978 96.7266 2 190.58 86.1716
455 114.978 96.7266 2 192.118 86.2331
456 124.978 96.7266 2 194.159 86.3142
457 134.978 96.7266 2 196.688 86.4138
458 144.978 96.7266 2 199.686 86.5307
459 154.978 96.7266 2 203.133 250
460 164.978 96.7266 2 207.006 250
461 174.978 96.7266 2 211.282 250
462 184.978 96.7266 2 215.937 87.1419
463 194.978 96.7266 2 220.946 250
464 204.978 96.7266 2 226.286 250
465 214.978 96.7266 2 231.935 250
466 224.978 96.7266 2 237.871 87.9115
467 234.978 96.7266 2 244.072 250
468 244.978 96.7266 2 250.518 250
469 254.978 96.7266 2 257.192 250
470 264.978 96.7266 2 264.077 250
471 274.978 96.7266 2 271.155 88.9731
472 284.978 96.7266 2 278.412 89.1895
473 294.978 96.7266 2 285.835 89.4057
474 304.978 96.7266 2 293.412 89.6214
475 314.978 96.7266 2 301.129 89.836
476 324.978 96.7266 2 308.978 90.0493
477 334.978 96.7266 2 316.948 90.2609
478 344.978 96.7266 2 325.03 90.4705
479 354.978 96.7266 2 333.216 90.6781
480 364.978 96.7266 2 341.499 90.8834
481 374.978 96.7266 2 349.871 91.0863
482 384.978 96.7266 2 358.327 250
483 394.978 96.7266 2 366.861 250
484 404.978 96.7266 2 375.467 250
485 414.978 96.7266 2 384.14 91.8724
486 424.978 96.7266 2 392.877 92.0622
487 434.978 96.7266 2 401.672 92.2494
488 444.978 96.7266 2 410.523 250
489 454.978 96.7266 2 419.425 250
490 464.978 96.7266 2 428.376 250
491 474.978 96.7266 2 437.372 92.9713
492 484.978 96.7266 2 446.411 93.1451
493 84.9784 106.727 2 179.278 85.7085
494 94.9784 106.727 2 179.803 85.7305
495 104.978 106.727 2 180.88 85.7754
496 114.978 106.727 2 182.5 85.8425
497 124.978 106.727 2 184.647 85.931
498 134.978 106.727 2 187.305 86.0395
499 144.978 106.727 2 190.451 86.1665
500 154.978 106.727 2 194.062 250
501 164.978 106.727 2 198.113 250
502 174.978 106.727 2 202.576 250
503 184.978 106.727 2 207.426 86.8264
504 194.978 106.727 2 212.636 250
505 204.978 106.727 2 218.18 250
506 214.978 106.727 2 224.034 250
507 224.978 106.727 2 230.173 250
508 234.978 106.727 2 236.576 250
509 244.978 106.727 2 243.221 250
510 254.978 106.727 2 250.09 250
511 264.978 106.727 2 257.164 250
512 274.978 106.727 2 264.428 88.7679
513 284.978 106.727 2 271.865 88.9945
514 294.978 106.727 2 279.462 89.2204
515 304.978 106.727 2 287.206 89.4451
516 314.978 106.727 2 295.086 89.6684
517 324.978 106.727 2 303.091 89.8898
518 334.978 106.727 2 311.212 90.1091
519 344.978 106.727 2 319.439 90.326
520 354.978 106.727 2 327.765 90.5404
521 364.978 106.727 2 336.182 90.7522
522 374.978 106.727 2 344.684 90.9611
523 384.978 106.727 2 353.264 250
524 394.978 106.727 2 361.917 250
525 404.978 106.727 2 370.638 250
526 414.978 106.727 2 379.422 91.7681
527 424.978 106.727 2 388.264 91.9625
528 434.978 106.727 2 397.162 92.1539
529 444.978 106.727 2 406.111 250
530 454.978 106.727 2 415.108 250
531 464.978 106.727 2 424.15 250
532 474.978 106.727 2 433.234 92.8905
533 484.978 106.727 2 442.357 93.0676
534 84.9784 116.727 2 169.522 85.2926
535 94.9784 116.727 2 170.077 85.3167
536 104.978 116.727 2 171.216 85.3659
537 114.978 116.727 2 172.926 250
538 124.978 116.727 2 175.191 250
539 134.978 116.727 2 177.989 250
540 144.978 116.727 2 181.297 250
541 154.978 116.727 2 185.087 250
542 164.978 116.727 2 189.329 250
543 174.978 116.727 2 193.995 250
544 184.978 116.727 2 199.054 86.5062
545 194.978 116.727 2 204.478 250
546 204.978 116.727 2 210.237 250
547 214.978 116.727 2 216.305 250
548 224.978 116.727 2 222.658 250
549 234.978 116.727 2 229.271 250
550 244.978 116.727 2 236.122 250
551 254.978 116.727 2 243.191 250
552 264.978 116.727 2 250.461 250
553 274.978 116.727 2 257.913 88.5648
554 284.978 116.727 2 265.532 88.8019
555 294.978 116.727 2 273.306 89.0377
556 304.978 116.727 2 281.219 89.2719
557 314.978 116.727 2 289.263 89.5039
558 324.978 116.727 2 297.425 250
559 334.978 116.727 2 305.696 250
560 344.978 116.727 2 314.067 250
561 354.978 116.727 2 322.532 250
562 364.978 116.727 2 331.082 250
563 374.978 116.727 2 339.711 250
564 384.978 116.727 2 348.414 250
565 394.978 116.727 2 357.184 250
566 404.978 116.727 2 366.018 250
567 414.978 116.727 2 374.91 250
568 424.978 116.727 2 383.857 91.8661
569 434.978 116.727 2 392.855 92.0618
570 444.978 116.727 2 401.899 250
571 454.978 116.727 2 410.989 250
572 464.978 116.727 2 420.119 250
573 474.978 116.727 2 429.288 92.8128
574 484.978 116.727 2 438.494 92.993
575 84.9784 126.727 2 159.796 84.8628
576 94.9784 126.727 2 160.385 84.8893
577 104.978 126.727 2 161.591 84.9433
578 114.978 126.727 2 163.402 250
579 124.978 126.727 2 165.797 250
580 134.978 126.727 2 168.752 250
581 144.978 126.727 2 172.237 250
582 154.978 126.727 2 176.222 250
583 164.978 126.727 2 180.673 250
584 174.978 126.727 2 185.556 250
585 184.978 126.727 2 190.839 86.182
586 194.978 126.727 2 196.489 86.406
587 204.978 126.727 2 202.476 86.6383
588 214.978 126.727 2 208.77 86.8769
589 224.978 126.727 2 215.345 250
590 234.978 126.727 2 222.176 250
591 244.978 126.727 2 229.239 250
592 254.978 126.727 2 236.514 87.8656
593 264.978 126.727 2 243.983 88.1155
594 274.978 126.727 2 251.627 88.3647
595 284.978 126.727 2 259.431 88.6125
596 294.978 126.727 2 267.382 88.8585
597 304.978 126.727 2 275.466 89.1022
598 314.978 126.727 2 283.672 89.3432
599 324.978 126.727 2 291.99 250
600 334.978 126.727 2 300.411 250
601 344.978 126.727 2 308.926 250
602 354.978 126.727 2 317.528 250
603 364.978 126.727 2 326.209 250
604 374.978 126.727 2 334.964 250
605 384.978 126.727 2 343.787 250
606 394.978 126.727 2 352.672 250
607 404.978 126.727 2 361.616 250
608 414.978 126.727 2 370.614 250
609 424.978 126.727 2 379.662 91.7735
610 434.978 126.727 2 388.757 91.9732
611 444.978 126.727 2 397.895 250
612 454.978 126.727 2 407.073 250
613 464.978 126.727 2 416.29 250
614 474.978 126.727 2 425.542 92.7385
615 484.978 126.727 2 434.827 92.9217
616 84.9784 136.727 2 150.106 84.4198
617 94.9784 136.727 2 150.733 84.4489
618 104.978 136.727 2 152.016 84.5083
619 114.978 136.727 2 153.939 84.5968
620 124.978 136.727 2 156.479 84.7128
621 134.978 136.727 2 159.607 250
622 144.978 136.727 2 163.287 250
623 154.978 136.727 2 167.485 250
624 164.978 136.727 2 172.162 250
625 174.978 136.727 2 177.28 250
626 184.978 136.727 2 182.802 85.855
627 194.978 136.727 2 188.693 86.0957
628 204.978 136.727 2 194.92 86.3443
629 214.978 136.727 2 201.45 86.5988
630 224.978 136.727 2 208.256 250
631 234.978 136.727 2 215.312 250
632 244.978 136.727 2 222.593 250
633 254.978 136.727 2 230.078 87.645
634 264.978 136.727 2 237.749 87.9074
635 274.978 136.727 2 245.587 88.1683
636 284.978 136.727 2 253.577 88.4273
637 294.978 136.727 2 261.706 88.6836
638 304.978 136.727 2 269.96 88.9369
639 314.978 136.727 2 278.329 89.187
640 324.978 136.727 2 286.802 250
641 334.978 136.727 2 295.371 250
642 344.978 136.727 2 304.027 250
643 354.978 136.727 2 312.763 250
644 364.978 136.727 2 321.573 250
645 374.978 136.727 2 330.451 250
646 384.978 136.727 2 339.391 250
647 394.978 136.727 2 348.389 250
648 404.978 136.727 2 357.44 250
649 414.978 136.727 2 366.54 250
650 424.978 136.727 2 375.686 91.6847
651 434.978 136.727 2 384.875 91.8885
652 444.978 136.727 2 394.103 250
653 454.978 136.727 2 403.368 250
654 464.978 136.727 2 412.667 250
655 474.978 136.727 2 421.998 92.6675
656 484.978 136.727 2 431.36 92.8537
657 84.9784 146.727 2 140.459 83.9648
658 94.9784 146.727 2 141.129 83.9968
659 104.978 146.727 2 142.498 84.0621
660 114.978 146.727 2 144.549 84.1593
661 124.978 146.727 2 147.251 84.2865
662 134.978 146.727 2 150.57 84.4413
663 144.978 146.727 2 154.466 84.6209
664 154.978 146.727 2 158.897 84.8223
665 164.978 146.727 2 163.819 85.0424
666 174.978 146.727 2 169.19 85.2782
667 184.978 146.727 2 174.968 85.5266
668 194.978 146.727 2 181.114 85.7851
669 204.978 146.727 2 187.592 86.0511
670 214.978 146.727 2 194.368 86.3225
671 224.978 146.727 2 201.414 86.5975
672 234.978 146.727 2 208.701 86.8743
673 244.978 146.727 2 216.205 87.1517
674 254.978 146.727 2 223.904 87.4285
675 264.978 146.727 2 231.779 87.7037
676 274.978 146.727 2 239.812 87.9768
677 284.978 146.727 2 247.989 88.2469
678 294.978 146.727 2 256.295 88.5137
679 304.978 146.727 2 264.718 88.7768
680 314.978 146.727 2 273.247 89.036
681 324.978 146.727 2 281.873 89.2909
682 334.978 146.727 2 290.587 89.5416
683 344.978 146.727 2 299.382 89.7879
684 354.978 146.727 2 308.25 90.0297
685 364.978 146.727 2 317.185 90.2671
686 374.978 146.727 2 326.182 90.5
687 384.978 146.727 2 335.236 90.7286
688 394.978 146.727 2 344.343 90.9528
689 404.978 146.727 2 353.497 91.1728
690 414.978 146.727 2 362.697 91.3886
691 424.978 146.727 2 371.937 91.6003
692 434.978 146.727 2 381.216 91.8079
693 444.978 146.727 2 390.531 92.0116
694 454.978 146.727 2 399.878 92.2115
695 464.978 146.727 2 409.257 92.4077
696 474.978 146.727 2 418.664 92.6003
697 484.978 146.727 2 428.098 92.7893
698 84.9784 156.727 2 130.866 83.5005
699 94.9784 156.727 2 131.584 83.5356
700 104.978 156.727 2 133.052 83.6072
701 114.978 156.727 2 135.245 83.7138
702 124.978 156.727 2 138.13 83.853
703 134.978 156.727 2 141.663 84.0223
704 144.978 156.727 2 145.797 84.2182
705 154.978 156.727 2 150.483 84.4373
706 164.978 156.727 2 155.672 84.6761
707 174.978 156.727 2 161.314 84.9309
708 184.978 156.727 2 167.364 85.1985
709 194.978 156.727 2 173.779 85.4759
710 204.978 156.727 2 180.52 85.7604
711 214.978 156.727 2 187.553 86.0495
712 224.978 156.727 2 194.845 86.3413
713 234.978 156.727 2 202.369 86.6342
714 244.978 156.727 2 210.099 86.9266
715 254.978 156.727 2 218.014 87.2174
716 264.978 156.727 2 226.094 87.5058
717 274.978 156.727 2 234.322 87.791
718 284.978 156.727 2 242.684 88.0725
719 294.978 156.727 2 251.165 88.3498
720 304.978 156.727 2 259.755 88.6227
721 314.978 156.727 2 268.442 88.8909
722 324.978 156.727 2 277.217 89.1542
723 334.978 156.727 2 286.073 89.4126
724 344.978 156.727 2 295.002 89.666
725 354.978 156.727 2 303.998 89.9145
726 364.978 156.727 2 313.055 90.1581
727 374.978 156.727 2 322.167 90.3968
728 384.978 156.727 2 331.331 90.6307
729 394.978 156.727 2 340.542 90.8599
730 404.978 156.727 2 349.796 91.0845
731 414.978 156.727 2 359.09 91.3046
732 424.978 156.727 2 368.421 91.5203
733 434.978 156.727 2 377.787 91.7317
734 444.978 156.727 2 387.184 91.939
735 454.978 156.727 2 396.61 92.1422
736 464.978 156.727 2 406.064 92.3414
737 474.978 156.727 2 415.544 92.5369
738 484.978 156.727 2 425.047 92.7286
739 84.9784 166.727 2 121.338 83.0316
740 94.9784 166.727 2 122.112 83.0699
741 104.978 166.727 2 123.693 83.1479
742 114.978 166.727 2 126.049 83.2641
743 124.978 166.727 2 129.139 83.416
744 134.978 166.727 2 132.911 83.6003
745 144.978 166.727 2 137.309 83.8135
746 154.978 166.727 2 142.275 84.0515
747 164.978 166.727 2 147.752 84.31
748 174.978 166.727 2 153.685 84.5851
749 184.978 166.727 2 160.024 84.8731
750 194.978 166.727 2 166.722 85.1704
751 204.978 166.727 2 173.737 85.4742
752 214.978 166.727 2 181.034 85.7817
753 224.978 166.727 2 188.578 250
754 234.978 166.727 2 196.342 86.4003
755 244.978 166.727 2 204.3 250
756 254.978 166.727 2 212.431 250
757 264.978 166.727 2 220.716 250
758 274.978 166.727 2 229.138 87.6123
759 284.978 166.727 2 237.682 87.9051
760 294.978 166.727 2 246.335 250
761 304.978 166.727 2 255.087 250
762 314.978 166.727 2 263.928 250
763 324.978 166.727 2 272.849 250
764 334.978 166.727 2 281.842 250
765 344.978 166.727 2 290.901 250
766 354.978 166.727 2 300.02 89.8055
767 364.978 166.727 2 309.193 90.055
768 374.978 166.727 2 318.416 250
769 384.978 166.727 2 327.685 90.5384
770 394.978 166.727 2 336.995 90.7724
771 404.978 166.727 2 346.344 91.0014
772 414.978 166.727 2 355.729 91.2256
773 424.978 166.727 2 365.146 91.4452
774 434.978 166.727 2 374.593 91.6602
775 444.978 166.727 2 384.068 250
776 454.978 166.727 2 393.569 250
777 464.978 166.727 2 403.095 250
778 474.978 166.727 2 412.642 92.4775
779 484.978 166.727 2 422.211 92.6718
780 84.9784 176.727 2 111.892 82.566
781 94.9784 176.727 2 112.731 82.6071
782 104.978 176.727 2 114.442 82.6911
783 114.978 176.727 2 116.984 82.8165
784 124.978 176.727 2 120.307 82.9807
785 134.978 176.727 2 124.348 83.1802
786 144.978 176.727 2 129.038 83.411
787 154.978 176.727 2 134.31 83.6684
788 164.978 176.727 2 140.099 83.9476
789 174.978 176.727 2 146.343 84.2439
790 184.978 176.727 2 152.986 84.553
791 194.978 176.727 2 159.979 84.871
792 204.978 176.727 2 167.277 85.1947
793 214.978 176.727 2 174.843 85.5213
794 224.978 176.727 2 182.644 250
795 234.978 176.727 2 190.649 86.1744
796 244.978 176.727 2 198.836 250
797 254.978 176.727 2 207.181 250
798 264.978 176.727 2 215.668 250
799 274.978 176.727 2 224.279 87.4417
800 284.978 176.727 2 233.001 87.7458
801 294.978 176.727 2 241.822 250
802 304.978 176.727 2 250.732 250
803 314.978 176.727 2 259.721 250
804 324.978 176.727 2 268.781 250
805 334.978 176.727 2 277.906 250
806 344.978 176.727 2 287.09 250
807 354.978 176.727 2 296.326 89.703
808 364.978 176.727 2 305.61 89.9584
809 374.978 176.727 2 314.938 250
810 384.978 176.727 2 324.306 90.4519
811 394.978 176.727 2 333.711 90.6905
812 404.978 176.727 2 343.149 90.9238
813 414.978 176.727 2 352.619 91.1519
814 424.978 176.727 2 362.116 91.3751
815 434.978 176.727 2 371.641 91.5935
816 444.978 176.727 2 381.189 250
817 454.978 176.727 2 390.76 250
818 464.978 176.727 2 400.353 250
819 474.978 176.727 2 409.964 92.4223
820 484.978 176.727 2 419.594 92.6191
821 84.9784 186.727 2 102.552 82.1171
822 94.9784 186.727 2 103.467 82.16
823 104.978 186.727 2 105.328 82.2482
824 114.978 186.727 2 108.085 82.3806
825 124.978 186.727 2 111.673 82.5552
826 134.978 186.727 2 116.014 82.7686
827 144.978 186.727 2 121.028 83.0163
828 154.978 186.727 2 126.634 83.2929
829 164.978 186.727 2 132.758 83.5929
830 174.978 186.727 2 139.331 83.9108
831 184.978 186.727 2 146.293 84.2416
832 194.978 186.727 2 153.591 84.5808
833 204.978 186.727 2 161.179 84.9249
834 214.978 186.727 2 169.018 85.2707
835 224.978 186.727 2 177.075 250
836 234.978 186.727 2 185.322 85.9586
837 244.978 186.727 2 193.733 250
838 254.978 186.727 2 202.29 250
839 264.978 186.727 2 210.973 250
840 274.978 186.727 2 219.768 87.2807
841 284.978 186.727 2 228.663 87.5957
842 294.978 186.727 2 237.645 87.9039
843 304.978 186.727 2 246.705 88.205
844 314.978 186.727 2 255.836 88.4992
845 324.978 186.727 2 265.029 88.7864
846 334.978 186.727 2 274.279 250
847 344.978 186.727 2 283.58 250
848 354.978 186.727 2 292.927 250
849 364.978 186.727 2 302.315 250
850 374.978 186.727 2 311.742 250
851 384.978 186.727 2 321.203 90.3719
852 394.978 186.727 2 330.696 90.6147
853 404.978 186.727 2 340.218 90.852
854 414.978 186.727 2 349.767 91.0838
855 424.978 186.727 2 359.34 91.3105
856 434.978 186.727 2 368.936 91.5321
857 444.978 186.727 2 378.553 250
858 454.978 186.727 2 388.189 250
859 464.978 186.727 2 397.843 250
860 474.978 186.727 2 407.514 92.3716
861 484.978 186.727 2 417.2 92.5706
862 84.9784 196.727 2 93.3485 81.7076
863 94.9784 196.727 2 94.3526 81.7497
864 104.978 196.727 2 96.3893 81.8373
865 114.978 196.727 2 99.3951 81.9714
866 124.978 196.727 2 103.285 82.1515
867 134.978 196.727 2 107.965 82.3748
868 144.978 196.727 2 113.335 82.6367
869 154.978 196.727 2 119.303 82.9311
870 164.978 196.727 2 125.785 83.2511
871 174.978 196.727 2 132.704 83.5903
872 184.978 196.727 2 139.996 83.9426
873 194.978 196.727 2 147.605 84.3031
874 204.978 196.727 2 155.485 84.6675
875 214.978 196.727 2 163.598 85.0326
876 224.978 196.727 2 171.909 250
877 234.978 196.727 2 180.392 85.755
878 244.978 196.727 2 189.023 86.109
879 254.978 196.727 2 197.783 86.4567
880 264.978 196.727 2 206.656 86.7973
881 274.978 196.727 2 215.627 87.1306
882 284.978 196.727 2 224.686 87.4561
883 294.978 196.727 2 233.821 87.7739
884 304.978 196.727 2 243.024 88.0838
885 314.978 196.727 2 252.288 88.3859
886 324.978 196.727 2 261.606 88.6805
887 334.978 196.727 2 270.972 250
888 344.978 196.727 2 280.383 250
889 354.978 196.727 2 289.833 89.5202
890 364.978 196.727 2 299.318 89.7861
891 374.978 196.727 2 308.836 90.0455
892 384.978 196.727 2 318.384 90.2985
893 394.978 196.727 2 327.959 90.5453
894 404.978 196.727 2 337.558 90.7863
895 414.978 196.727 2 347.18 91.0216
896 424.978 196.727 2 356.823 250
897 434.978 196.727 2 366.484 250
898 444.978 196.727 2 376.164 250
899 454.978 196.727 2 385.86 250
900 464.978 196.727 2 395.571 250
901 474.978 196.727 2 405.296 92.3254
902 484.978 196.727 2 415.034 92.5265
903 84.9784 206.727 2 84.3265 81.376
904 94.9784 206.727 2 85.4367 81.4111
905 104.978 206.727 2 87.6808 81.4876
906 114.978 206.727 2 90.9747 81.6115
907 124.978 206.727 2 95.2097 250
908 134.978 206.727 2 100.266 82.0112
909 144.978 206.727 2 106.028 82.2816
910 154.978 206.727 2 112.385 82.5901
911 164.978 206.727 2 119.243 82.9281
912 174.978 206.727 2 126.52 83.2873
913 184.978 206.727 2 134.148 83.6605
914 194.978 206.727 2 142.071 84.0417
915 204.978 206.727 2 150.242 84.4261
916 214.978 206.727 2 158.623 84.81
917 224.978 206.727 2 167.182 85.1906
918 234.978 206.727 2 175.893 85.5659
919 244.978 206.727 2 184.734 85.9345
920 254.978 206.727 2 193.688 86.2956
921 264.978 206.727 2 202.74 86.6484
922 274.978 206.727 2 211.878 86.9927
923 284.978 206.727 2 221.09 87.3282
924 294.978 206.727 2 230.367 87.655
925 304.978 206.727 2 239.703 87.9731
926 314.978 206.727 2 249.09 88.2827
927 324.978 206.727 2 258.524 88.5841
928 334.978 206.727 2 267.998 250
929 344.978 206.727 2 277.509 250
930 354.978 206.727 2 287.054 89.4408
931 364.978 206.727 2 296.628 89.7115
932 374.978 206.727 2 306.23 89.9752
933 384.978 206.727 2 315.857 90.2322
934 394.978 206.727 2 325.506 90.4827
935 404.978 206.727 2 335.175 90.7271
936 414.978 206.727 2 344.864 90.9655
937 424.978 206.727 2 354.569 250
938 434.978 206.727 2 364.291 250
939 444.978 206.727 2 374.027 250
940 454.978 206.727 2 383.777 250
941 464.978 206.727 2 393.539 250
942 474.978 206.727 2 403.313 92.2839
943 484.978 206.727 2 413.098 92.4868
944 84.9784 216.727 2 75.5511 81.1888
945 94.9784 216.727 2 76.7884 81.2031
946 104.978 216.727 2 79.2776 81.2454
947 114.978 216.727 2 82.9061 81.3341
948 124.978 216.727 2 87.5323 250
949 134.978 216.727 2 93.0074 81.6934
950 144.978 216.727 2 99.1911 81.9622
951 154.978 216.727 2 105.959 82.2784
952 164.978 216.727 2 113.207 82.6304
953 174.978 216.727 2 120.848 83.0074
954 184.978 216.727 2 128.813 83.4
955 194.978 216.727 2 137.045 83.8008
956 204.978 216.727 2 145.498 84.2041
957 214.978 216.727 2 154.137 84.6059
958 224.978 216.727 2 162.932 85.003
959 234.978 216.727 2 171.858 85.3936
960 244.978 216.727 2 180.897 85.7761
961 254.978 216.727 2 190.032 86.1496
962 264.978 216.727 2 199.25 86.5138
963 274.978 216.727 2 208.54 86.8683
964 284.978 216.727 2 217.894 87.213
965 294.978 216.727 2 227.302 250
966 304.978 216.727 2 236.758 250
967 314.978 216.727 2 246.258 250
968 324.978 216.727 2 255.796 250
969 334.978 216.727 2 265.368 250
970 344.978 216.727 2 274.97 250
971 354.978 216.727 2 284.6 89.3701
972 364.978 216.727 2 294.254 89.6451
973 374.978 216.727 2 303.931 89.9127
974 384.978 216.727 2 313.628 90.1733
975 394.978 216.727 2 323.343 90.4272
976 404.978 216.727 2 333.076 90.6746
977 414.978 216.727 2 342.823 90.9158
978 424.978 216.727 2 352.585 250
979 434.978 216.727 2 362.36 250
980 444.978 216.727 2 372.147 250
981 454.978 216.727 2 381.945 250
982 464.978 216.727 2 391.753 250
983 474.978 216.727 2 401.57 92.2473
984 484.978 216.727 2 411.397 92.4519
985 84.9784 226.727 2 67.1192 81.2635
986 94.9784 226.727 2 68.5089 81.2252
987 104.978 226.727 2 71.2878 250
988 114.978 226.727 2 75.3023 250
989 124.978 226.727 2 80.3674 250
990 134.978 226.727 2 86.2983 81.4396
991 144.978 226.727 2 92.9295 81.6902
992 154.978 226.727 2 100.122 82.0046
993 164.978 226.727 2 107.763 82.3651
994 174.978 226.727 2 115.764 82.7563
995 184.978 226.727 2 124.056 83.1658
996 194.978 226.727 2 132.583 83.5844
997 204.978 226.727 2 141.304 84.0052
998 214.978 226.727 2 150.184 84.4234
999 224.978 226.727 2 159.197 84.8359
1000 234.978 226.727 2 168.322 85.2404
1001 244.978 226.727 2 177.541 85.6355
1002 254.978 226.727 2 186.84 86.0206
1003 264.978 226.727 2 196.208 86.395
1004 274.978 226.727 2 205.636 86.7588
1005 284.978 226.727 2 215.115 87.1119
1006 294.978 226.727 2 224.64 250
1007 304.978 226.727 2 234.204 250
1008 314.978 226.727 2 243.803 250
1009 324.978 226.727 2 253.434 250
1010 334.978 226.727 2 263.091 250
1011 344.978 226.727 2 272.774 250
1012 354.978 226.727 2 282.478 89.3086
1013 364.978 226.727 2 292.203 89.5873
1014 374.978 226.727 2 301.945 89.8584
1015 384.978 226.727 2 311.704 90.1222
1016 394.978 226.727 2 321.478 90.379
1017 404.978 226.727 2 331.265 90.6291
1018 414.978 226.727 2 341.064 90.8728
1019 424.978 226.727 2 350.875 250
1020 434.978 226.727 2 360.696 250
1021 444.978 226.727 2 370.527 250
1022 454.978 226.727 2 380.367 250
1023 464.978 226.727 2 390.214 250
1024 474.978 226.727 2 400.07 92.2156
1025 484.978 226.727 2 409.932 92.4217
1026 84.9784 236.727 2 59.1778 81.8121
1027 94.9784 236.727 2 60.7494 81.6462
1028 104.978 236.727 2 63.8669 81.4098
1029 114.978 236.727 2 68.3188 81.2297
1030 124.978 236.727 2 73.8643 250
1031 134.978 236.727 2 80.2772 81.2669
1032 144.978 236.727 2 87.3665 81.4765
1033 154.978 236.727 2 94.981 81.7764
1034 164.978 236.727 2 103.004 82.1383
1035 174.978 236.727 2 111.348 82.5393
1036 184.978 236.727 2 119.945 82.9628
1037 194.978 236.727 2 128.745 83.3967
1038 204.978 236.727 2 137.709 83.8328
1039 214.978 236.727 2 146.807 84.2657
1040 224.978 236.727 2 156.015 84.6917
1041 234.978 236.727 2 165.316 85.1086
1042 244.978 236.727 2 174.693 85.5149
1043 254.978 236.727 2 184.136 85.91
1044 264.978 236.727 2 193.635 86.2935
1045 274.978 236.727 2 203.183 86.6653
1046 284.978 236.727 2 212.771 87.0257
1047 294.978 236.727 2 222.396 250
1048 304.978 236.727 2 232.053 250
1049 314.978 236.727 2 241.738 250
1050 324.978 236.727 2 251.447 250
1051 334.978 236.727 2 261.178 250
1052 344.978 236.727 2 270.929 250
1053 354.978 236.727 2 280.697 89.2566
1054 364.978 236.727 2 290.482 89.5386
1055 374.978 236.727 2 300.28 89.8126
1056 384.978 236.727 2 310.091 90.0791
1057 394.978 236.727 2 319.914 90.3384
1058 404.978 236.727 2 329.748 90.5907
1059 414.978 236.727 2 339.591 250
1060 424.978 236.727 2 349.443 250
1061 434.978 236.727 2 359.303 250
1062 444.978 236.727 2 369.171 250
1063 454.978 236.727 2 379.046 250
1064 464.978 236.727 2 388.927 250
1065 474.978 236.727 2 398.814 92.189
1066 484.978 236.727 2 408.707 92.3963
1067 84.9784 246.727 2 51.9522 83.2282
1068 94.9784 246.727 2 53.7356 82.7457
1069 104.978 246.727 2 57.2363 82.072
1070 114.978 246.727 2 62.1649 81.5252
1071 124.978 246.727 2 68.2126 81.2323
1072 134.978 246.727 2 75.1095 81.185
1073 144.978 246.727 2 82.6434 81.3268
1074 154.978 246.727 2 90.6554 81.5989
1075 164.978 246.727 2 99.0297 81.9549
1076 174.978 246.727 2 107.682 82.3612
1077 184.978 246.727 2 116.55 82.795
1078 194.978 246.727 2 125.588 83.2414
1079 204.978 246.727 2 134.762 83.6903
1080 214.978 246.727 2 144.046 84.1355
1081 224.978 246.727 2 153.42 84.573
1082 234.978 246.727 2 162.869 85.0002
1083 244.978 246.727 2 172.38 85.416
1084 254.978 246.727 2 181.943 85.8195
1085 264.978 246.727 2 191.551 86.2105
1086 274.978 246.727 2 201.197 86.5891
1087 284.978 246.727 2 210.876 86.9555
1088 294.978 246.727 2 220.584 87.31
1089 304.978 246.727 2 230.316 87.6532
1090 314.978 246.727 2 240.071 87.9854
1091 324.978 246.727 2 249.845 88.3072
1092 334.978 246.727 2 259.636 88.619
1093 344.978 246.727 2 269.443 88.9213
1094 354.978 246.727 2 279.263 89.2145
1095 364.978 246.727 2 289.096 89.4992
1096 374.978 246.727 2 298.94 89.7756
1097 384.978 246.727 2 308.794 90.0443
1098 394.978 246.727 2 318.657 90.3056
1099 404.978 246.727 2 328.528 90.5598
1100 414.978 246.727 2 338.406 90.8073
1101 424.978 246.727 2 348.292 91.0484
1102 434.978 246.727 2 358.184 91.2834
1103 444.978 246.727 2 368.082 91.5126
1104 454.978 246.727 2 377.985 91.7361
1105 464.978 246.727 2 387.893 91.9544
1106 474.978 246.727 2 397.806 92.1676
1107 484.978 246.727 2 407.723 92.3759
1108 84.9784 256.727 2 45.7826 86.2718
1109 94.9784 256.727 2 47.7968 84.9472
1110 104.978 256.727 2 51.7012 83.3058
1111 114.978 256.727 2 57.1095 82.0914
1112 124.978 256.727 2 63.6394 81.4235
1113 134.978 256.727 2 70.9821 81.1858
1114 144.978 256.727 2 78.911 81.2381
1115 154.978 256.727 2 87.2664 81.473
1116 164.978 256.727 2 95.937 81.8176
1117 174.978 256.727 2 104.845 82.2252
1118 184.978 256.727 2 113.934 82.6661
1119 194.978 256.727 2 123.164 83.1218
1120 204.978 256.727 2 132.506 83.5806
1121 214.978 256.727 2 141.938 84.0354
1122 224.978 256.727 2 151.442 84.4818
1123 234.978 256.727 2 161.007 84.9172
1124 244.978 256.727 2 170.622 85.3402
1125 254.978 256.727 2 180.278 85.7503
1126 264.978 256.727 2 189.97 86.1472
1127 274.978 256.727 2 199.693 86.531
1128 284.978 256.727 2 209.441 86.902
1129 294.978 256.727 2 219.213 87.2607
1130 304.978 256.727 2 229.004 87.6076
1131 314.978 256.727 2 238.812 87.9432
1132 324.978 256.727 2 248.636 88.268
1133 334.978 256.727 2 258.473 88.5825
1134 344.978 256.727 2 268.322 88.8872
1135 354.978 256.727 2 278.182 89.1827
1136 364.978 256.727 2 288.051 89.4693
1137 374.978 256.727 2 297.93 89.7476
1138 384.978 256.727 2 307.816 90.018
1139 394.978 256.727 2 317.709 90.2808
1140 404.978 256.727 2 327.609 90.5364
1141 414.978 256.727 2 337.514 90.7852
1142 424.978 256.727 2 347.425 91.0275
1143 434.978 256.727 2 357.341 91.2636
1144 444.978 256.727 2 367.262 91.4938
1145 454.978 256.727 2 377.187 91.7183
1146 464.978 256.727 2 387.115 91.9375
1147 474.978 256.727 2 397.048 92.1515
1148 484.978 256.727 2 406.983 92.3606
1149 84.9784 266.727 2 41.1469 92.5499
1150 94.9784 266.727 2 43.3768 88.6649
1151 104.978 266.727 2 47.6448 85.0325
1152 114.978 266.727 2 53.4651 82.8117
1153 124.978 266.727 2 60.3904 81.681
1154 134.978 266.727 2 68.0843 250
1155 144.978 266.727 2 76.3149 250
1156 154.978 266.727 2 84.9261 250
1157 164.978 266.727 2 93.8132 250
1158 174.978 266.727 2 102.905 82.1336
1159 184.978 266.727 2 112.151 82.5786
1160 194.978 266.727 2 121.517 83.0405
1161 204.978 266.727 2 130.977 83.506
1162 214.978 266.727 2 140.511 83.9673
1163 224.978 266.727 2 150.106 84.4198
1164 234.978 266.727 2 159.751 84.8608
1165 244.978 266.727 2 169.437 250
1166 254.978 266.727 2 179.157 250
1167 264.978 266.727 2 188.907 250
1168 274.978 266.727 2 198.681 86.4917
1169 284.978 266.727 2 208.477 86.8659
1170 294.978 266.727 2 218.292 250
1171 304.978 266.727 2 228.122 250
1172 314.978 266.727 2 237.967 250
1173 324.978 266.727 2 247.824 250
1174 334.978 266.727 2 257.692 250
1175 344.978 266.727 2 267.57 250
1176 354.978 266.727 2 277.456 250
1177 364.978 266.727 2 287.351 250
1178 374.978 266.727 2 297.253 250
1179 384.978 266.727 2 307.16 250
1180 394.978 266.727 2 317.074 250
1181 404.978 266.727 2 326.993 250
1182 414.978 266.727 2 336.917 250
1183 424.978 266.727 2 346.845 250
1184 434.978 266.727 2 356.777 250
1185 444.978 266.727 2 366.713 250
1186 454.978 266.727 2 376.652 250
1187 464.978 266.727 2 386.595 250
1188 474.978 266.727 2 396.54 92.1407
1189 484.978 266.727 2 406.488 92.3502
1190 84.9784 276.727 2 38.6016 106.042
1191 94.9784 276.727 2 40.9703 92.9904
1192 104.978 276.727 2 45.4648 86.5265
1193 114.978 276.727 2 51.5319 83.3597
1194 124.978 276.727 2 58.6857 81.8717
1195 134.978 276.727 2 66.577 250
1196 144.978 276.727 2 74.9732 250
1197 154.978 276.727 2 83.7225 250
1198 164.978 276.727 2 92.7251 250
1199 174.978 276.727 2 101.914 82.0873
1200 184.978 276.727 2 111.243 82.5342
1201 194.978 276.727 2 120.679 82.999
1202 204.978 276.727 2 130.199 83.4679
1203 214.978 276.727 2 139.787 83.9326
1204 224.978 276.727 2 149.428 84.3883
1205 234.978 276.727 2 159.114 84.8321
1206 244.978 276.727 2 168.837 250
1207 254.978 276.727 2 178.59 250
1208 264.978 276.727 2 188.369 250
1209 274.978 276.727 2 198.17 86.4718
1210 284.978 276.727 2 207.99 86.8476
1211 294.978 276.727 2 217.826 250
1212 304.978 276.727 2 227.677 250
1213 314.978 276.727 2 237.54 250
1214 324.978 276.727 2 247.414 250
1215 334.978 276.727 2 257.298 250
1216 344.978 276.727 2 267.19 250
1217 354.978 276.727 2 277.09 250
1218 364.978 276.727 2 286.998 250
1219 374.978 276.727 2 296.911 250
1220 384.978 276.727 2 306.83 250
1221 394.978 276.727 2 316.754 250
1222 404.978 276.727 2 326.683 250
1223 414.978 276.727 2 336.616 250
1224 424.978 276.727 2 346.552 250
1225 434.978 276.727 2 356.493 250
1226 444.978 276.727 2 366.436 250
1227 454.978 276.727 2 376.383 250
1228 464.978 276.727 2 386.332 250
1229 474.978 276.727 2 396.284 92.1352
1230 484.978 276.727 2 406.238 92.345
1231 84.9784 286.727 2 38.563 106.606
1232 94.9784 286.727 2 40.9339 93.085
1233 104.978 286.727 2 45.432 86.5537
1234 114.978 286.727 2 51.5029 83.3691
1235 124.978 286.727 2 58.6603 81.8749
1236 134.978 286.727 2 66.5546 250
1237 144.978 286.727 2 74.9533 250
1238 154.978 286.727 2 83.7047 250
1239 164.978 286.727 2 92.709 250
1240 174.978 286.727 2 101.899 82.0866
1241 184.978 286.727 2 111.229 82.5335
1242 194.978 286.727 2 120.667 82.9984
1243 204.978 286.727 2 130.188 83.4674
1244 214.978 286.727 2 139.776 83.9321
1245 224.978 286.727 2 149.418 84.3878
1246 234.978 286.727 2 159.105 84.8317
1247 244.978 286.727 2 168.828 250
1248 254.978 286.727 2 178.581 250
1249 264.978 286.727 2 188.361 250
1250 274.978 286.727 2 198.162 86.4715
1251 284.978 286.727 2 207.983 86.8473
1252 294.978 286.727 2 217.819 250
1253 304.978 286.727 2 227.67 250
1254 314.978 286.727 2 237.534 250
1255 324.978 286.727 2 247.408 250
1256 334.978 286.727 2 257.292 250
1257 344.978 286.727 2 267.185 250
1258 354.978 286.727 2 277.085 250
1259 364.978 286.727 2 286.992 250
1260 374.978 286.727 2 296.906 250
1261 384.978 286.727 2 306.825 250
1262 394.978 286.727 2 316.749 250
1263 404.978 286.727 2 326.678 250
1264 414.978 286.727 2 336.611 250
1265 424.978 286.727 2 346.548 250
1266 434.978 286.727 2 356.488 250
1267 444.978 286.727 2 366.432 250
1268 454.978 286.727 2 376.379 250
1269 464.978 286.727 2 386.328 250
1270 474.978 286.727 2 396.28 92.1351
1271 484.978 286.727 2 406.234 92.345
1272 84.9784 296.727 2 41.0381 92.818
1273 94.9784 296.727 2 43.2736 88.7978
1274 104.978 296.727 2 47.5509 85.0863
1275 114.978 296.727 2 53.3814 82.8327
1276 124.978 296.727 2 60.3163 81.6884
1277 134.978 296.727 2 68.0186 250
1278 144.978 296.727 2 76.2563 250
1279 154.978 296.727 2 84.8734 250
1280 164.978 296.727 2 93.7656 250
1281 174.978 296.727 2 102.861 82.1316
1282 184.978 296.727 2 112.111 82.5767
1283 194.978 296.727 2 121.48 83.0386
1284 204.978 296.727 2 130.942 83.5043
1285 214.978 296.727 2 140.479 83.9658
1286 224.978 296.727 2 150.076 84.4184
1287 234.978 296.727 2 159.723 84.8595
1288 244.978 296.727 2 169.41 250
1289 254.978 296.727 2 179.132 250
1290 264.978 296.727 2 188.883 250
1291 274.978 296.727 2 198.659 86.4908
1292 284.978 296.727 2 208.456 86.8651
1293 294.978 296.727 2 218.271 250
1294 304.978 296.727 2 228.102 250
1295 314.978 296.727 2 237.948 250
1296 324.978 296.727 2 247.806 88.2409
1297 334.978 296.727 2 257.675 88.5573
1298 344.978 296.727 2 267.553 88.8638
1299 354.978 296.727 2 277.44 89.1608
1300 364.978 296.727 2 287.335 89.4488
1301 374.978 296.727 2 297.237 89.7284
1302 384.978 296.727 2 307.146 89.9999
1303 394.978 296.727 2 317.06 90.2638
1304 404.978 296.727 2 326.979 90.5204
1305 414.978 296.727 2 336.904 90.7701
1306 424.978 296.727 2 346.832 91.0132
1307 434.978 296.727 2 356.765 250
1308 444.978 296.727 2 366.701 250
1309 454.978 296.727 2 376.64 250
1310 464.978 296.727 2 386.583 250
1311 474.978 296.727 2 396.529 92.1404
1312 484.978 296.727 2 406.477 92.35
1313 84.9784 306.727 2 45.6195 86.4007
1314 94.9784 306.727 2 47.6406 85.035
1315 104.978 306.727 2 51.5568 83.3517
1316 114.978 306.727 2 56.9788 82.1118
1317 124.978 306.727 2 63.5222 81.4308
1318 134.978 306.727 2 70.877 250
1319 144.978 306.727 2 78.8165 250
1320 154.978 306.727 2 87.1809 250
1321 164.978 306.727 2 95.8593 250
1322 174.978 306.727 2 104.773 82.2218
1323 184.978 306.727 2 113.868 82.6629
1324 194.978 306.727 2 123.103 83.1188
1325 204.978 306.727 2 132.45 83.5779
1326 214.978 306.727 2 141.885 84.0329
1327 224.978 306.727 2 151.393 84.4795
1328 234.978 306.727 2 160.961 84.9151
1329 244.978 306.727 2 170.578 250
1330 254.978 306.727 2 180.237 250
1331 264.978 306.727 2 189.931 250
1332 274.978 306.727 2 199.655 86.5295
1333 284.978 306.727 2 209.406 86.9007
1334 294.978 306.727 2 219.179 250
1335 304.978 306.727 2 228.971 250
1336 314.978 306.727 2 238.781 250
1337 324.978 306.727 2 248.606 88.267
1338 334.978 306.727 2 258.444 250
1339 344.978 306.727 2 268.294 250
1340 354.978 306.727 2 278.155 250
1341 364.978 306.727 2 288.025 89.4686
1342 374.978 306.727 2 297.905 250
1343 384.978 306.727 2 307.792 250
1344 394.978 306.727 2 317.686 250
1345 404.978 306.727 2 327.586 250
1346 414.978 306.727 2 337.492 250
1347 424.978 306.727 2 347.404 250
1348 434.978 306.727 2 357.321 250
1349 444.978 306.727 2 367.242 250
1350 454.978 306.727 2 377.167 250
1351 464.978 306.727 2 387.096 250
1352 474.978 306.727 2 397.029 92.1511
1353 484.978 306.727 2 406.965 92.3602
1354 84.9784 316.727 2 51.7509 83.2902
1355 94.9784 316.727 2 53.541 82.793
1356 104.978 316.727 2 57.0537 82.1001
1357 114.978 316.727 2 61.9968 81.5383
1358 124.978 316.727 2 68.0595 81.2362
1359 134.978 316.727 2 74.9705 250
1360 144.978 316.727 2 82.517 250
1361 154.978 316.727 2 90.5402 250
1362 164.978 316.727 2 98.9243 250
1363 174.978 316.727 2 107.585 82.3565
1364 184.978 316.727 2 116.46 82.7906
1365 194.978 316.727 2 125.505 83.2373
1366 204.978 316.727 2 134.685 83.6866
1367 214.978 316.727 2 143.974 84.1321
1368 224.978 316.727 2 153.352 84.5698
1369 234.978 316.727 2 162.805 84.9974
1370 244.978 316.727 2 172.319 250
1371 254.978 316.727 2 181.886 250
1372 264.978 316.727 2 191.496 250
1373 274.978 316.727 2 201.145 86.5871
1374 284.978 316.727 2 210.826 86.9536
1375 294.978 316.727 2 220.536 250
1376 304.978 316.727 2 230.271 250
1377 314.978 316.727 2 240.028 250
1378 324.978 316.727 2 249.803 88.3058
1379 334.978 316.727 2 259.596 250
1380 344.978 316.727 2 269.404 250
1381 354.978 316.727 2 279.226 250
1382 364.978 316.727 2 289.06 89.4981
1383 374.978 316.727 2 298.905 250
1384 384.978 316.727 2 308.76 250
1385 394.978 316.727 2 318.624 250
1386 404.978 316.727 2 328.496 250
1387 414.978 316.727 2 338.376 250
1388 424.978 316.727 2 348.262 250
1389 434.978 316.727 2 358.155 250
1390 444.978 316.727 2 368.054 250
1391 454.978 316.727 2 377.958 250
1392 464.978 316.727 2 387.867 250
1393 474.978 316.727 2 397.78 92.1671
1394 484.978 316.727 2 407.698 92.3754
1395 84.9784 326.727 2 58.9506 81.8391
1396 94.9784 326.727 2 60.5282 81.6674
1397 104.978 326.727 2 63.6564 81.4225
1398 114.978 326.727 2 68.1221 81.2346
1399 124.978 326.727 2 73.6825 81.1773
1400 134.978 326.727 2 80.1099 81.2631
1401 144.978 326.727 2 87.2128 81.4711
1402 154.978 326.727 2 94.8396 81.7704
1403 164.978 326.727 2 102.874 82.1321
1404 174.978 326.727 2 111.227 82.5334
1405 184.978 326.727 2 119.833 82.9572
1406 194.978 326.727 2 128.641 83.3915
1407 204.978 326.727 2 137.612 83.8281
1408 214.978 326.727 2 146.716 84.2614
1409 224.978 326.727 2 155.929 84.6878
1410 234.978 326.727 2 165.234 85.105
1411 244.978 326.727 2 174.616 85.5117
1412 254.978 326.727 2 184.064 85.907
1413 264.978 326.727 2 193.566 86.2907
1414 274.978 326.727 2 203.117 86.6628
1415 284.978 326.727 2 212.708 87.0234
1416 294.978 326.727 2 222.336 87.3727
1417 304.978 326.727 2 231.995 87.7112
1418 314.978 326.727 2 241.682 88.0392
1419 324.978 326.727 2 251.394 88.3572
1420 334.978 326.727 2 261.127 88.6656
1421 344.978 326.727 2 270.88 88.9648
1422 354.978 326.727 2 280.65 89.2552
1423 364.978 326.727 2 290.435 89.5373
1424 374.978 326.727 2 300.235 89.8114
1425 384.978 326.727 2 310.048 90.078
1426 394.978 326.727 2 319.872 90.3373
1427 404.978 326.727 2 329.707 90.5897
1428 414.978 326.727 2 339.551 90.8356
1429 424.978 326.727 2 349.405 91.0751
1430 434.978 326.727 2 359.266 91.3087
1431 444.978 326.727 2 369.135 91.5366
1432 454.978 326.727 2 379.011 91.759
1433 464.978 326.727 2 388.893 91.9761
1434 474.978 326.727 2 398.781 92.1883
1435 484.978 326.727 2 408.674 92.3957
1436 84.9784 336.727 2 66.8745 81.2716
1437 94.9784 336.727 2 68.2692 81.2309
1438 104.978 336.727 2 71.0575 81.1851
1439 114.978 336.727 2 75.0842 81.1848
1440 124.978 336.727 2 80.1631 81.2643
1441 134.978 336.727 2 86.1081 81.4332
1442 144.978 336.727 2 92.7528 81.683
1443 154.978 336.727 2 99.9579 81.9971
1444 164.978 336.727 2 107.611 82.3577
1445 174.978 336.727 2 115.622 82.7493
1446 184.978 336.727 2 123.923 83.1593
1447 194.978 336.727 2 132.459 83.5783
1448 204.978 336.727 2 141.188 83.9996
1449 214.978 336.727 2 150.075 84.4183
1450 224.978 336.727 2 159.094 84.8312
1451 234.978 336.727 2 168.224 85.2361
1452 244.978 336.727 2 177.448 85.6316
1453 254.978 336.727 2 186.752 86.017
1454 264.978 336.727 2 196.125 86.3917
1455 274.978 336.727 2 205.556 86.7557
1456 284.978 336.727 2 215.039 87.1091
1457 294.978 336.727 2 224.567 87.4519
1458 304.978 336.727 2 234.134 87.7846
1459 314.978 336.727 2 243.736 88.1074
1460 324.978 336.727 2 253.369 88.4206
1461 334.978 336.727 2 263.029 88.7247
1462 344.978 336.727 2 272.714 89.02
1463 354.978 336.727 2 282.42 89.3069
1464 364.978 336.727 2 292.147 89.5857
1465 374.978 336.727 2 301.891 89.8569
1466 384.978 336.727 2 311.652 90.1208
1467 394.978 336.727 2 321.427 90.3777
1468 404.978 336.727 2 331.215 90.6278
1469 414.978 336.727 2 341.016 90.8716
1470 424.978 336.727 2 350.828 91.1092
1471 434.978 336.727 2 360.651 91.341
1472 444.978 336.727 2 370.483 91.5673
1473 454.978 336.727 2 380.324 91.7881
1474 464.978 336.727 2 390.172 92.0039
1475 474.978 336.727 2 400.029 92.2147
1476 484.978 336.727 2 409.892 92.4209
1477 84.9784 346.727 2 75.2942 81.1865
1478 94.9784 346.727 2 76.5356 81.1998
1479 104.978 346.727 2 79.0328 81.2405
1480 114.978 346.727 2 82.672 250
1481 124.978 346.727 2 87.3106 250
1482 134.978 346.727 2 92.7989 250
1483 144.978 346.727 2 98.9955 250
1484 154.978 346.727 2 105.776 250
1485 164.978 346.727 2 113.036 250
1486 174.978 346.727 2 120.688 250
1487 184.978 346.727 2 128.662 83.3926
1488 194.978 346.727 2 136.903 83.7939
1489 204.978 346.727 2 145.365 84.1978
1490 214.978 346.727 2 154.011 84.6001
1491 224.978 346.727 2 162.813 84.9977
1492 234.978 346.727 2 171.745 85.3887
1493 244.978 346.727 2 180.79 250
1494 254.978 346.727 2 189.93 250
1495 264.978 346.727 2 199.153 250
1496 274.978 346.727 2 208.448 86.8648
1497 284.978 346.727 2 217.805 87.2098
1498 294.978 346.727 2 227.217 87.5452
1499 304.978 346.727 2 236.677 87.8711
1500 314.978 346.727 2 246.179 88.1878
1501 324.978 346.727 2 255.72 88.4955
1502 334.978 346.727 2 265.295 88.7946
1503 344.978 346.727 2 274.9 89.0854
1504 354.978 346.727 2 284.532 89.3681
1505 364.978 346.727 2 294.188 89.6432
1506 374.978 346.727 2 303.867 89.911
1507 384.978 346.727 2 313.566 250
1508 394.978 346.727 2 323.283 250
1509 404.978 346.727 2 333.017 250
1510 414.978 346.727 2 342.767 250
1511 424.978 346.727 2 352.53 250
1512 434.978 346.727 2 362.307 250
1513 444.978 346.727 2 372.095 91.6038
1514 454.978 346.727 2 381.894 250
1515 464.978 346.727 2 391.703 250
1516 474.978 346.727 2 401.522 92.2462
1517 484.978 346.727 2 411.35 92.4509
1518 84.9784 356.727 2 84.0609 81.3679
1519 94.9784 356.727 2 85.1746 81.4026
1520 104.978 356.727 2 87.4254 250
1521 114.978 356.727 2 90.7286 250
1522 124.978 356.727 2 94.9745 250
1523 134.978 356.727 2 100.043 250
1524 144.978 356.727 2 105.816 250
1525 154.978 356.727 2 112.186 250
1526 164.978 356.727 2 119.055 250
1527 174.978 356.727 2 126.343 250
1528 184.978 356.727 2 133.982 83.6524
1529 194.978 356.727 2 141.914 84.0342
1530 204.978 356.727 2 150.093 84.4192
1531 214.978 356.727 2 158.482 84.8036
1532 224.978 356.727 2 167.048 85.1847
1533 234.978 356.727 2 175.765 85.5605
1534 244.978 356.727 2 184.613 250
1535 254.978 356.727 2 193.573 250
1536 264.978 356.727 2 202.63 250
1537 274.978 356.727 2 211.772 86.9887
1538 284.978 356.727 2 220.988 87.3246
1539 294.978 356.727 2 230.27 87.6516
1540 304.978 356.727 2 239.61 87.97
1541 314.978 356.727 2 249.001 88.2798
1542 324.978 356.727 2 258.437 88.5813
1543 334.978 356.727 2 267.915 88.8748
1544 344.978 356.727 2 277.429 89.1604
1545 354.978 356.727 2 286.976 89.4385
1546 364.978 356.727 2 296.553 89.7094
1547 374.978 356.727 2 306.157 89.9732
1548 384.978 356.727 2 315.786 90.2303
1549 394.978 356.727 2 325.437 250
1550 404.978 356.727 2 335.108 250
1551 414.978 356.727 2 344.799 250
1552 424.978 356.727 2 354.506 250
1553 434.978 356.727 2 364.229 250
1554 444.978 356.727 2 373.967 91.6461
1555 454.978 356.727 2 383.719 250
1556 464.978 356.727 2 393.483 250
1557 474.978 356.727 2 403.258 92.2827
1558 484.978 356.727 2 413.044 92.4857
1559 84.9784 366.727 2 93.0766 81.6963
1560 94.9784 366.727 2 94.0837 81.7383
1561 104.978 366.727 2 96.126 250
1562 114.978 366.727 2 99.1398 250
1563 124.978 366.727 2 103.04 250
1564 134.978 366.727 2 107.73 250
1565 144.978 366.727 2 113.111 250
1566 154.978 366.727 2 119.091 250
1567 164.978 366.727 2 125.583 250
1568 174.978 366.727 2 132.513 250
1569 184.978 366.727 2 139.814 83.9339
1570 194.978 366.727 2 147.433 250
1571 204.978 366.727 2 155.322 250
1572 214.978 366.727 2 163.443 250
1573 224.978 366.727 2 171.761 250
1574 234.978 366.727 2 180.251 250
1575 244.978 366.727 2 188.889 250
1576 254.978 366.727 2 197.655 250
1577 264.978 366.727 2 206.533 250
1578 274.978 366.727 2 215.51 87.1263
1579 284.978 366.727 2 224.573 87.4521
1580 294.978 366.727 2 233.712 87.7702
1581 304.978 366.727 2 242.919 88.0803
1582 314.978 366.727 2 252.187 88.3827
1583 324.978 366.727 2 261.509 88.6775
1584 334.978 366.727 2 270.879 88.9647
1585 344.978 366.727 2 280.292 89.2447
1586 354.978 366.727 2 289.745 89.5177
1587 364.978 366.727 2 299.234 89.7838
1588 374.978 366.727 2 308.754 90.0433
1589 384.978 366.727 2 318.304 90.2964
1590 394.978 366.727 2 327.881 250
1591 404.978 366.727 2 337.483 250
1592 414.978 366.727 2 347.107 250
1593 424.978 366.727 2 356.752 250
1594 434.978 366.727 2 366.415 250
1595 444.978 366.727 2 376.097 91.6939
1596 454.978 366.727 2 385.794 250
1597 464.978 366.727 2 395.507 250
1598 474.978 366.727 2 405.233 92.3241
1599 484.978 366.727 2 414.973 92.5252
1600 84.9784 376.727 2 102.275 82.1041
1601 94.9784 376.727 2 103.193 82.1471
1602 104.978 376.727 2 105.058 250
1603 114.978 376.727 2 107.823 250
1604 124.978 376.727 2 111.419 250
1605 134.978 376.727 2 115.77 250
1606 144.978 376.727 2 120.794 250
1607 154.978 376.727 2 126.411 250
1608 164.978 376.727 2 132.545 250
1609 174.978 376.727 2 139.128 250
1610 184.978 376.727 2 146.1 84.2324
1611 194.978 376.727 2 153.407 250
1612 204.978 376.727 2 161.003 250
1613 214.978 376.727 2 168.851 250
1614 224.978 376.727 2 176.915 250
1615 234.978 376.727 2 185.169 250
1616 244.978 376.727 2 193.587 250
1617 254.978 376.727 2 202.15 250
1618 264.978 376.727 2 210.839 250
1619 274.978 376.727 2 219.639 87.2761
1620 284.978 376.727 2 228.539 87.5914
1621 294.978 376.727 2 237.526 87.8998
1622 304.978 376.727 2 246.591 88.2012
1623 314.978 376.727 2 255.725 88.4957
1624 324.978 376.727 2 264.922 88.7831
1625 334.978 376.727 2 274.176 89.0638
1626 344.978 376.727 2 283.48 89.3377
1627 354.978 376.727 2 292.83 89.605
1628 364.978 376.727 2 302.221 89.866
1629 374.978 376.727 2 311.651 90.1208
1630 384.978 376.727 2 321.115 250
1631 394.978 376.727 2 330.61 250
1632 404.978 376.727 2 340.135 250
1633 414.978 376.727 2 349.686 250
1634 424.978 376.727 2 359.261 250
1635 434.978 376.727 2 368.859 250
1636 444.978 376.727 2 378.478 250
1637 454.978 376.727 2 388.116 250
1638 464.978 376.727 2 397.772 250
1639 474.978 376.727 2 407.445 92.3701
1640 484.978 376.727 2 417.133 92.5692
1641 84.9784 386.727 2 111.612 82.5523
1642 94.9784 386.727 2 112.453 82.5935
1643 104.978 386.727 2 114.168 82.6777
1644 114.978 386.727 2 116.716 250
1645 124.978 386.727 2 120.047 250
1646 134.978 386.727 2 124.096 250
1647 144.978 386.727 2 128.795 250
1648 154.978 386.727 2 134.077 250
1649 164.978 386.727 2 139.875 250
1650 174.978 386.727 2 146.129 250
1651 184.978 386.727 2 152.781 84.5436
1652 194.978 386.727 2 159.783 250
1653 204.978 386.727 2 167.09 250
1654 214.978 386.727 2 174.664 250
1655 224.978 386.727 2 182.472 250
1656 234.978 386.727 2 190.485 250
1657 244.978 386.727 2 198.678 250
1658 254.978 386.727 2 207.03 250
1659 264.978 386.727 2 215.523 250
1660 274.978 386.727 2 224.139 87.4368
1661 284.978 386.727 2 232.867 87.7412
1662 294.978 386.727 2 241.693 88.0396
1663 304.978 386.727 2 250.607 88.3318
1664 314.978 386.727 2 259.6 88.6179
1665 324.978 386.727 2 268.665 88.8976
1666 334.978 386.727 2 277.794 89.1712
1667 344.978 386.727 2 286.981 89.4387
1668 354.978 386.727 2 296.22 89.7001
1669 364.978 386.727 2 305.507 89.9556
1670 374.978 386.727 2 314.838 90.2053
1671 384.978 386.727 2 324.209 250
1672 394.978 386.727 2 333.617 250
1673 404.978 386.727 2 343.058 250
1674 414.978 386.727 2 352.53 250
1675 424.978 386.727 2 362.03 250
1676 434.978 386.727 2 371.556 250
1677 444.978 386.727 2 381.107 250
1678 454.978 386.727 2 390.68 250
1679 464.978 386.727 2 400.274 250
1680 474.978 386.727 2 409.888 92.4208
1681 484.978 386.727 2 419.519 92.6176
1682 84.9784 396.727 2 121.055 83.0176
1683 94.9784 396.727 2 121.831 83.056
1684 104.978 396.727 2 123.415 83.1342
1685 114.978 396.727 2 125.777 83.2507
1686 124.978 396.727 2 128.873 83.4029
1687 134.978 396.727 2 132.653 83.5878
1688 144.978 396.727 2 137.059 83.8015
1689 154.978 396.727 2 142.034 84.04
1690 164.978 396.727 2 147.52 84.2991
1691 174.978 396.727 2 153.462 84.5749
1692 184.978 396.727 2 159.81 84.8634
1693 194.978 396.727 2 166.516 85.1614
1694 204.978 396.727 2 173.54 85.4657
1695 214.978 396.727 2 180.844 85.7739
1696 224.978 396.727 2 188.396 86.0837
1697 234.978 396.727 2 196.167 86.3934
1698 244.978 396.727 2 204.132 250
1699 254.978 396.727 2 212.27 250
1700 264.978 396.727 2 220.561 250
1701 274.978 396.727 2 228.988 87.6071
1702 284.978 396.727 2 237.537 87.9002
1703 294.978 396.727 2 246.196 88.1883
1704 304.978 396.727 2 254.953 88.4711
1705 314.978 396.727 2 263.798 88.7485
1706 324.978 396.727 2 272.723 89.0203
1707 334.978 396.727 2 281.72 89.2865
1708 344.978 396.727 2 290.783 89.5472
1709 354.978 396.727 2 299.906 89.8023
1710 364.978 396.727 2 309.082 90.0521
1711 374.978 396.727 2 318.308 90.2965
1712 384.978 396.727 2 327.58 250
1713 394.978 396.727 2 336.894 250
1714 404.978 396.727 2 346.245 250
1715 414.978 396.727 2 355.632 250
1716 424.978 396.727 2 365.052 250
1717 434.978 396.727 2 374.501 250
1718 444.978 396.727 2 383.979 250
1719 454.978 396.727 2 393.482 250
1720 464.978 396.727 2 403.009 250
1721 474.978 396.727 2 412.559 92.4758
1722 484.978 396.727 2 422.13 92.6702
1723 84.9784 406.727 2 130.581 83.4866
1724 94.9784 406.727 2 131.3 83.5218
1725 104.978 406.727 2 132.772 83.5936
1726 114.978 406.727 2 134.97 83.7004
1727 124.978 406.727 2 137.86 83.84
1728 134.978 406.727 2 141.399 84.0097
1729 144.978 406.727 2 145.541 84.2061
1730 154.978 406.727 2 150.235 84.4258
1731 164.978 406.727 2 155.432 84.6651
1732 174.978 406.727 2 161.083 84.9206
1733 184.978 406.727 2 167.141 85.1888
1734 194.978 406.727 2 173.564 85.4668
1735 204.978 406.727 2 180.314 85.7518
1736 214.978 406.727 2 187.354 86.0415
1737 224.978 406.727 2 194.654 86.3338
1738 234.978 406.727 2 202.184 86.6271
1739 244.978 406.727 2 209.922 86.9199
1740 254.978 406.727 2 217.843 87.2112
1741 264.978 406.727 2 225.929 87.5
1742 274.978 406.727 2 234.163 87.7856
1743 284.978 406.727 2 242.53 88.0674
1744 294.978 406.727 2 251.017 88.345
1745 304.978 406.727 2 259.611 88.6182
1746 314.978 406.727 2 268.303 88.8866
1747 324.978 406.727 2 277.083 89.1502
1748 334.978 406.727 2 285.943 89.4088
1749 344.978 406.727 2 294.876 89.6625
1750 354.978 406.727 2 303.876 89.9112
1751 364.978 406.727 2 312.936 90.155
1752 374.978 406.727 2 322.052 90.3938
1753 384.978 406.727 2 331.219 90.6279
1754 394.978 406.727 2 340.432 90.8572
1755 404.978 406.727 2 349.69 91.082
1756 414.978 406.727 2 358.986 91.3022
1757 424.978 406.727 2 368.32 91.518
1758 434.978 406.727 2 377.688 91.7295
1759 444.978 406.727 2 387.087 91.9369
1760 454.978 406.727 2 396.516 92.1402
1761 464.978 406.727 2 405.972 92.3395
1762 474.978 406.727 2 415.454 92.535
1763 484.978 406.727 2 424.96 92.7268
1764 84.9784 416.727 2 140.173 83.9511
1765 94.9784 416.727 2 140.843 83.9832
1766 104.978 416.727 2 142.216 84.0486
1767 114.978 416.727 2 144.27 250
1768 124.978 416.727 2 146.977 250
1769 134.978 416.727 2 150.302 250
1770 144.978 416.727 2 154.205 250
1771 154.978 416.727 2 158.643 84.8109
1772 164.978 416.727 2 163.573 85.0315
1773 174.978 416.727 2 168.952 85.2678
1774 184.978 416.727 2 174.737 85.5168
1775 194.978 416.727 2 180.891 85.7758
1776 204.978 416.727 2 187.377 86.0424
1777 214.978 416.727 2 194.161 86.3143
1778 224.978 416.727 2 201.214 86.5897
1779 234.978 416.727 2 208.508 86.8671
1780 244.978 416.727 2 216.019 87.1449
1781 254.978 416.727 2 223.724 87.4221
1782 264.978 416.727 2 231.605 87.6978
1783 274.978 416.727 2 239.645 87.9711
1784 284.978 416.727 2 247.827 88.2416
1785 294.978 416.727 2 256.138 88.5087
1786 304.978 416.727 2 264.566 88.7721
1787 314.978 416.727 2 273.1 89.0315
1788 324.978 416.727 2 281.73 89.2868
1789 334.978 416.727 2 290.449 89.5377
1790 344.978 416.727 2 299.247 89.7841
1791 354.978 416.727 2 308.119 90.0262
1792 364.978 416.727 2 317.058 90.2638
1793 374.978 416.727 2 326.059 90.4969
1794 384.978 416.727 2 335.116 90.7256
1795 394.978 416.727 2 344.226 90.95
1796 404.978 416.727 2 353.383 91.1701
1797 414.978 416.727 2 362.586 91.386
1798 424.978 416.727 2 371.829 91.5978
1799 434.978 416.727 2 381.111 91.8056
1800 444.978 416.727 2 390.428 92.0094
1801 454.978 416.727 2 399.778 92.2094
1802 464.978 416.727 2 409.158 92.4057
1803 474.978 416.727 2 418.568 92.5983
1804 484.978 416.727 2 428.004 92.7874
1805 84.9784 426.727 2 149.818 84.4064
1806 94.9784 426.727 2 150.445 84.4356
1807 104.978 426.727 2 151.731 84.4951
1808 114.978 426.727 2 153.658 250
1809 124.978 426.727 2 156.203 250
1810 134.978 426.727 2 159.335 250
1811 144.978 426.727 2 163.022 250
1812 154.978 426.727 2 167.227 85.1925
1813 164.978 426.727 2 171.911 250
1814 174.978 426.727 2 177.036 250
1815 184.978 426.727 2 182.566 250
1816 194.978 426.727 2 188.464 250
1817 204.978 426.727 2 194.698 250
1818 214.978 426.727 2 201.235 250
1819 224.978 426.727 2 208.048 86.8498
1820 234.978 426.727 2 215.111 250
1821 244.978 426.727 2 222.398 250
1822 254.978 426.727 2 229.89 250
1823 264.978 426.727 2 237.567 250
1824 274.978 426.727 2 245.411 88.1626
1825 284.978 426.727 2 253.407 88.4218
1826 294.978 426.727 2 261.541 88.6784
1827 304.978 426.727 2 269.8 250
1828 314.978 426.727 2 278.173 250
1829 324.978 426.727 2 286.651 250
1830 334.978 426.727 2 295.224 250
1831 344.978 426.727 2 303.885 250
1832 354.978 426.727 2 312.625 250
1833 364.978 426.727 2 321.439 250
1834 374.978 426.727 2 330.32 250
1835 384.978 426.727 2 339.264 250
1836 394.978 426.727 2 348.265 250
1837 404.978 426.727 2 357.319 250
1838 414.978 426.727 2 366.422 250
1839 424.978 426.727 2 375.571 250
1840 434.978 426.727 2 384.763 250
1841 444.978 426.727 2 393.993 250
1842 454.978 426.727 2 403.261 250
1843 464.978 426.727 2 412.562 92.4758
1844 474.978 426.727 2 421.896 92.6655
1845 484.978 426.727 2 431.259 250
1846 84.9784 436.727 2 159.507 84.8498
1847 94.9784 436.727 2 160.096 84.8763
1848 104.978 436.727 2 161.305 84.9305
1849 114.978 436.727 2 163.119 250
1850 124.978 436.727 2 165.518 250
1851 134.978 436.727 2 168.478 250
1852 144.978 436.727 2 171.969 250
1853 154.978 436.727 2 175.96 85.5687
1854 164.978 436.727 2 180.417 250
1855 174.978 436.727 2 185.307 250
1856 184.978 436.727 2 190.597 250
1857 194.978 436.727 2 196.254 250
1858 204.978 436.727 2 202.248 250
1859 214.978 436.727 2 208.549 250
1860 224.978 436.727 2 215.131 87.1124
1861 234.978 436.727 2 221.968 250
1862 244.978 436.727 2 229.037 250
1863 254.978 436.727 2 236.319 250
1864 264.978 436.727 2 243.793 250
1865 274.978 436.727 2 251.443 88.3588
1866 284.978 436.727 2 259.253 88.607
1867 294.978 436.727 2 267.209 88.8533
1868 304.978 436.727 2 275.298 250
1869 314.978 436.727 2 283.509 250
1870 324.978 436.727 2 291.832 250
1871 334.978 436.727 2 300.257 250
1872 344.978 436.727 2 308.776 250
1873 354.978 436.727 2 317.382 250
1874 364.978 436.727 2 326.067 250
1875 374.978 436.727 2 334.826 250
1876 384.978 436.727 2 343.652 250
1877 394.978 436.727 2 352.541 250
1878 404.978 436.727 2 361.488 250
1879 414.978 436.727 2 370.489 250
1880 424.978 436.727 2 379.54 250
1881 434.978 436.727 2 388.638 250
1882 444.978 436.727 2 397.779 250
1883 454.978 436.727 2 406.96 250
1884 464.978 436.727 2 416.179 92.5498
1885 474.978 436.727 2 425.433 92.7363
1886 484.978 436.727 2 434.72 250
1887 84.9784 446.727 2 169.232 85.28
1888 94.9784 446.727 2 169.788 85.3041
1889 104.978 446.727 2 170.928 85.3535
1890 114.978 446.727 2 172.641 250
1891 124.978 446.727 2 174.909 250
1892 134.978 446.727 2 177.713 250
1893 144.978 446.727 2 181.026 250
1894 154.978 446.727 2 184.821 85.9381
1895 164.978 446.727 2 189.069 250
1896 174.978 446.727 2 193.741 250
1897 184.978 446.727 2 198.807 250
1898 194.978 446.727 2 204.237 250
1899 204.978 446.727 2 210.003 250
1900 214.978 446.727 2 216.078 250
1901 224.978 446.727 2 222.437 87.3763
1902 234.978 446.727 2 229.056 250
1903 244.978 446.727 2 235.913 250
1904 254.978 446.727 2 242.989 250
1905 264.978 446.727 2 250.264 250
1906 274.978 446.727 2 257.722 88.5588
1907 284.978 446.727 2 265.347 88.7962
1908 294.978 446.727 2 273.125 89.0323
1909 304.978 446.727 2 281.044 250
1910 314.978 446.727 2 289.093 250
1911 324.978 446.727 2 297.259 250
1912 334.978 446.727 2 305.535 250
1913 344.978 446.727 2 313.911 250
1914 354.978 446.727 2 322.379 250
1915 364.978 446.727 2 330.933 250
1916 374.978 446.727 2 339.566 250
1917 384.978 446.727 2 348.273 250
1918 394.978 446.727 2 357.047 250
1919 404.978 446.727 2 365.884 250
1920 414.978 446.727 2 374.779 250
1921 424.978 446.727 2 383.729 250
1922 434.978 446.727 2 392.729 250
1923 444.978 446.727 2 401.777 250
1924 454.978 446.727 2 410.869 250
1925 464.978 446.727 2 420.002 92.6273
1926 474.978 446.727 2 429.174 92.8106
1927 484.978 446.727 2 438.382 250
1928 84.9784 456.727 2 178.987 85.6963
1929 94.9784 456.727 2 179.513 85.7183
1930 104.978 456.727 2 180.592 85.7634
1931 114.978 456.727 2 182.214 250
1932 124.978 456.727 2 184.365 250
1933 134.978 456.727 2 187.026 250
1934 144.978 456.727 2 190.177 250
1935 154.978 456.727 2 193.793 86.2997
1936 164.978 456.727 2 197.849 250
1937 174.978 456.727 2 202.318 250
1938 184.978 456.727 2 207.174 250
1939 194.978 456.727 2 212.39 250
1940 204.978 456.727 2 217.941 250
1941 214.978 456.727 2 223.801 250
1942 224.978 456.727 2 229.946 87.6404
1943 234.978 456.727 2 236.355 250
1944 244.978 456.727 2 243.006 250
1945 254.978 456.727 2 249.881 250
1946 264.978 456.727 2 256.961 250
1947 274.978 456.727 2 264.23 88.7618
1948 284.978 456.727 2 271.673 88.9887
1949 294.978 456.727 2 279.275 89.2149
1950 304.978 456.727 2 287.024 250
1951 314.978 456.727 2 294.909 250
1952 324.978 456.727 2 302.919 250
1953 334.978 456.727 2 311.044 250
1954 344.978 456.727 2 319.276 250
1955 354.978 456.727 2 327.606 250
1956 364.978 456.727 2 336.027 250
1957 374.978 456.727 2 344.532 250
1958 384.978 456.727 2 353.116 250
1959 394.978 456.727 2 361.773 250
1960 404.978 456.727 2 370.497 250
1961 414.978 456.727 2 379.284 250
1962 424.978 456.727 2 388.13 250
1963 434.978 456.727 2 397.031 250
1964 444.978 456.727 2 405.982 250
1965 454.978 456.727 2 414.982 250
1966 464.978 456.727 2 424.027 92.7082
1967 474.978 456.727 2 433.113 92.8882
1968 484.978 456.727 2 442.239 250
1969 84.9784 466.727 2 188.768 86.0987
1970 94.9784 466.727 2 189.267 86.1188
1971 104.978 466.727 2 190.29 86.16
1972 114.978 466.727 2 191.83 250
1973 124.978 466.727 2 193.875 250
1974 134.978 466.727 2 196.407 250
1975 144.978 466.727 2 199.41 250
1976 154.978 466.727 2 202.862 86.653
1977 164.978 466.727 2 206.74 250
1978 174.978 466.727 2 211.021 250
1979 184.978 466.727 2 215.681 250
1980 194.978 466.727 2 220.696 250
1981 204.978 466.727 2 226.043 250
1982 214.978 466.727 2 231.697 250
1983 224.978 466.727 2 237.639 87.9036
1984 234.978 466.727 2 243.846 250
1985 244.978 466.727 2 250.298 250
1986 254.978 466.727 2 256.978 250
1987 264.978 466.727 2 263.868 250
1988 274.978 466.727 2 270.951 88.9669
1989 284.978 466.727 2 278.214 89.1836
1990 294.978 466.727 2 285.642 89.4002
1991 304.978 466.727 2 293.224 89.6161
1992 314.978 466.727 2 300.946 250
1993 324.978 466.727 2 308.799 250
1994 334.978 466.727 2 316.774 250
1995 344.978 466.727 2 324.86 250
1996 354.978 466.727 2 333.05 250
1997 364.978 466.727 2 341.337 250
1998 374.978 466.727 2 349.713 250
1999 384.978 466.727 2 358.173 250
2000 394.978 466.727 2 366.71 250
2001 404.978 466.727 2 375.32 250
2002 414.978 466.727 2 383.997 250
2003 424.978 466.727 2 392.736 250
2004 434.978 466.727 2 401.535 250
2005 444.978 466.727 2 410.389 250
2006 454.978 466.727 2 419.294 250
2007 464.978 466.727 2 428.247 92.7922
2008 474.978 466.727 2 437.246 92.9688
2009 484.978 466.727 2 446.288 250
2010 84.9784 476.727 2 198.571 86.4874
2011 94.9784 476.727 2 199.045 86.5058
2012 104.978 476.727 2 200.019 86.5436
2013 114.978 476.727 2 201.484 86.6002
2014 124.978 476.727 2 203.432 86.6749
2015 134.978 476.727 2 205.847 86.7667
2016 144.978 476.727 2 208.714 86.8748
2017 154.978 476.727 2 212.014 86.9977
2018 164.978 476.727 2 215.727 87.1342
2019 174.978 476.727 2 219.834 87.2831
2020 184.978 476.727 2 224.311 87.4429
2021 194.978 476.727 2 229.137 87.6123
2022 204.978 476.727 2 234.291 87.7899
2023 214.978 476.727 2 239.751 87.9747
2024 224.978 476.727 2 245.498 88.1654
2025 234.978 476.727 2 251.511 88.361
2026 244.978 476.727 2 257.772 88.5604
2027 254.978 476.727 2 264.262 88.7628
2028 264.978 476.727 2 270.967 88.9674
2029 274.978 476.727 2 277.87 89.1735
2030 284.978 476.727 2 284.956 89.3804
2031 294.978 476.727 2 292.213 89.5876
2032 304.978 476.727 2 299.628 250
2033 314.978 476.727 2 307.19 250
2034 324.978 476.727 2 314.887 250
2035 334.978 476.727 2 322.711 250
2036 344.978 476.727 2 330.652 250
2037 354.978 476.727 2 338.703 250
2038 364.978 476.727 2 346.854 250
2039 374.978 476.727 2 355.101 250
2040 384.978 476.727 2 363.435 250
2041 394.978 476.727 2 371.851 250
2042 404.978 476.727 2 380.344 250
2043 414.978 476.727 2 388.909 250
2044 424.978 476.727 2 397.541 250
2045 434.978 476.727 2 406.236 250
2046 444.978 476.727 2 414.989 250
2047 454.978 476.727 2 423.797 250
2048 464.978 476.727 2 432.658 92.8792
2049 474.978 476.727 2 441.567 93.0524
2050 484.978 476.727 2 450.522 250
2051 84.9784 486.727 2 208.393 86.8627
2052 94.9784 486.727 2 208.844 86.8797
2053 104.978 486.727 2 209.772 86.9144
2054 114.978 486.727 2 211.17 86.9664
2055 124.978 486.727 2 213.029 87.0352
2056 134.978 486.727 2 215.337 87.12
2057 144.978 486.727 2 218.079 87.2198
2058 154.978 486.727 2 221.239 87.3335
2059 164.978 486.727 2 224.801 87.4602
2060 174.978 486.727 2 228.744 87.5986
2061 184.978 486.727 2 233.05 87.7475
2062 194.978 486.727 2 237.699 87.9057
2063 204.978 486.727 2 242.671 88.0721
2064 214.978 486.727 2 247.947 88.2455
2065 224.978 486.727 2 253.508 88.425
2066 234.978 486.727 2 259.335 88.6095
2067 244.978 486.727 2 265.411 88.7982
2068 254.978 486.727 2 271.72 88.9901
2069 264.978 486.727 2 278.245 89.1845
2070 274.978 486.727 2 284.971 89.3808
2071 284.978 486.727 2 291.885 89.5784
2072 294.978 486.727 2 298.974 89.7766
2073 304.978 486.727 2 306.226 89.9751
2074 314.978 486.727 2 313.628 90.1733
2075 324.978 486.727 2 321.171 90.371
2076 334.978 486.727 2 328.846 90.5679
2077 344.978 486.727 2 336.642 90.7636
2078 354.978 486.727 2 344.553 90.958
2079 364.978 486.727 2 352.569 91.1508
2080 374.978 486.727 2 360.685 91.3418
2081 384.978 486.727 2 368.893 91.5311
2082 394.978 486.727 2 377.188 91.7183
2083 404.978 486.727 2 385.563 91.9036
2084 414.978 486.727 2 394.014 92.0867
2085 424.978 486.727 2 402.537 92.2676
2086 434.978 486.727 2 411.126 92.4463
2087 444.978 486.727 2 419.777 92.6228
2088 454.978 486.727 2 428.487 92.797
2089 464.978 486.727 2 437.253 92.9689
2090 474.978 486.727 2 446.07 93.1386
2091 484.978 486.727 2 454.936 93.306
2092 84.9784 496.727 2 218.23 87.2252
2093 94.9784 496.727 2 218.662 87.2408
2094 104.978 496.727 2 219.548 250
2095 114.978 496.727 2 220.884 250
2096 124.978 496.727 2 222.662 250
2097 134.978 496.727 2 224.871 250
2098 144.978 496.727 2 227.498 250
2099 154.978 496.727 2 230.53 250
2100 164.978 496.727 2 233.949 250
2101 174.978 496.727 2 237.741 250
2102 184.978 496.727 2 241.887 250
2103 194.978 496.727 2 246.369 250
2104 204.978 496.727 2 251.17 88.35
2105 214.978 496.727 2 256.271 88.513
2106 224.978 496.727 2 261.655 88.682
2107 234.978 496.727 2 267.305 250
2108 244.978 496.727 2 273.204 250
2109 254.978 496.727 2 279.336 250
2110 264.978 496.727 2 285.687 250
2111 274.978 496.727 2 292.242 89.5884
2112 284.978 496.727 2 298.989 89.777
2113 294.978 496.727 2 305.913 89.9666
2114 304.978 496.727 2 313.003 90.1568
2115 314.978 496.727 2 320.249 90.3471
2116 324.978 496.727 2 327.64 90.5372
2117 334.978 496.727 2 335.166 90.7269
2118 344.978 496.727 2 342.819 90.9157
2119 354.978 496.727 2 350.59 91.1035
2120 364.978 496.727 2 358.472 91.2901
2121 374.978 496.727 2 366.457 91.4753
2122 384.978 496.727 2 374.538 91.6589
2123 394.978 496.727 2 382.711 91.8409
2124 404.978 496.727 2 390.968 92.0211
2125 414.978 496.727 2 399.305 92.1994
2126 424.978 496.727 2 407.717 92.3758
2127 434.978 496.727 2 416.199 92.5502
2128 444.978 496.727 2 424.747 92.7226
2129 454.978 496.727 2 433.357 92.8929
2130 464.978 496.727 2 442.026 93.0612
2131 474.978 496.727 2 450.75 93.2274
2132 484.978 496.727 2 459.526 93.3915
2133 84.9784 506.727 2 228.082 87.5755
2134 94.9784 506.727 2 228.495 87.5899
2135 104.978 506.727 2 229.344 250
2136 114.978 506.727 2 230.623 250
2137 124.978 506.727 2 232.326 250
2138 134.978 506.727 2 234.444 250
2139 144.978 506.727 2 236.965 250
2140 154.978 506.727 2 239.877 250
2141 164.978 506.727 2 243.165 250
2142 174.978 506.727 2 246.815 250
2143 184.978 506.727 2 250.811 250
2144 194.978 506.727 2 255.137 250
2145 204.978 506.727 2 259.775 88.6233
2146 214.978 506.727 2 264.711 88.7766
2147 224.978 506.727 2 269.926 88.9359
2148 234.978 506.727 2 275.407 250
2149 244.978 506.727 2 281.136 250
2150 254.978 506.727 2 287.099 250
2151 264.978 506.727 2 293.282 250
2152 274.978 506.727 2 299.671 89.7958
2153 284.978 506.727 2 306.253 89.9758
2154 294.978 506.727 2 313.017 250
2155 304.978 506.727 2 319.95 250
2156 314.978 506.727 2 327.042 250
2157 324.978 506.727 2 334.283 250
2158 334.978 506.727 2 341.663 250
2159 344.978 506.727 2 349.173 250
2160 354.978 506.727 2 356.806 250
2161 364.978 506.727 2 364.553 250
2162 374.978 506.727 2 372.408 250
2163 384.978 506.727 2 380.363 250
2164 394.978 506.727 2 388.413 250
2165 404.978 506.727 2 396.551 250
2166 414.978 506.727 2 404.773 250
2167 424.978 506.727 2 413.074 92.4863
2168 434.978 506.727 2 421.448 92.6565
2169 444.978 506.727 2 429.892 92.8248
2170 454.978 506.727 2 438.401 92.9912
2171 464.978 506.727 2 446.972 93.1558
2172 474.978 506.727 2 455.601 93.3185
2173 484.978 506.727 2 464.285 250
2174 84.9784 516.727 2 237.946 87.914
2175 94.9784 516.727 2 238.342 87.9274
2176 104.978 516.727 2 239.156 250
2177 114.978 516.727 2 240.383 250
2178 124.978 516.727 2 242.017 250
2179 134.978 516.727 2 244.051 250
2180 144.978 516.727 2 246.474 250
2181 154.978 516.727 2 249.275 250
2182 164.978 516.727 2 252.441 250
2183 174.978 516.727 2 255.959 250
2184 184.978 516.727 2 259.814 250
2185 194.978 516.727 2 263.992 250
2186 204.978 516.727 2 268.478 88.892
2187 214.978 516.727 2 273.256 89.0362
2188 224.978 516.727 2 278.311 89.1865
2189 234.978 516.727 2 283.63 250
2190 244.978 516.727 2 289.196 250
2191 254.978 516.727 2 294.996 250
2192 264.978 516.727 2 301.017 250
2193 274.978 516.727 2 307.245 90.0026
2194 284.978 516.727 2 313.669 90.1744
2195 294.978 516.727 2 320.276 250
2196 304.978 516.727 2 327.055 250
2197 314.978 516.727 2 333.996 250
2198 324.978 516.727 2 341.09 250
2199 334.978 516.727 2 348.325 250
2200 344.978 516.727 2 355.695 250
2201 354.978 516.727 2 363.191 250
2202 364.978 516.727 2 370.805 250
2203 374.978 516.727 2 378.529 250
2204 384.978 516.727 2 386.359 250
2205 394.978 516.727 2 394.286 250
2206 404.978 516.727 2 402.306 250
2207 414.978 516.727 2 410.413 250
2208 424.978 516.727 2 418.601 92.599
2209 434.978 516.727 2 426.867 92.7648
2210 444.978 516.727 2 435.206 92.9291
2211 454.978 516.727 2 443.613 93.0917
2212 464.978 516.727 2 452.085 93.2525
2213 474.978 516.727 2 460.618 93.4117
2214 484.978 516.727 2 469.21 250
2215 84.9784 526.727 2 247.822 88.2415
2216 94.9784 526.727 2 248.202 88.2538
2217 104.978 526.727 2 248.983 250
2218 114.978 526.727 2 250.162 250
2219 124.978 526.727 2 251.733 250
2220 134.978 526.727 2 253.689 250
2221 144.978 526.727 2 256.02 250
2222 154.978 526.727 2 258.718 250
2223 164.978 526.727 2 261.77 250
2224 174.978 526.727 2 265.164 250
2225 184.978 526.727 2 268.887 250
2226 194.978 526.727 2 272.926 250
2227 204.978 526.727 2 277.268 89.1557
2228 214.978 526.727 2 281.897 89.2916
2229 224.978 526.727 2 286.8 89.4335
2230 234.978 526.727 2 291.964 250
2231 244.978 526.727 2 297.374 250
2232 254.978 526.727 2 303.018 250
2233 264.978 526.727 2 308.882 250
2234 274.978 526.727 2 314.955 90.2084
2235 284.978 526.727 2 321.225 90.3724
2236 294.978 526.727 2 327.679 250
2237 304.978 526.727 2 334.308 250
2238 314.978 526.727 2 341.102 250
2239 324.978 526.727 2 348.05 250
2240 334.978 526.727 2 355.144 250
2241 344.978 526.727 2 362.376 250
2242 354.978 526.727 2 369.736 250
2243 364.978 526.727 2 377.218 250
2244 374.978 526.727 2 384.814 250
2245 384.978 526.727 2 392.518 250
2246 394.978 526.727 2 400.323 250
2247 404.978 526.727 2 408.224 250
2248 414.978 526.727 2 416.216 250
2249 424.978 526.727 2 424.292 92.7135
2250 434.978 526.727 2 432.449 92.8751
2251 444.978 526.727 2 440.682 93.0353
2252 454.978 526.727 2 448.987 93.1941
2253 464.978 526.727 2 457.36 93.3513
2254 474.978 526.727 2 465.796 93.5069
2255 484.978 526.727 2 474.294 250
2256 84.9784 536.727 2 257.706 88.5583
2257 94.9784 536.727 2 258.072 88.5698
2258 104.978 536.727 2 258.823 250
2259 114.978 536.727 2 259.958 250
2260 124.978 536.727 2 261.47 250
2261 134.978 536.727 2 263.353 250
2262 144.978 536.727 2 265.6 250
2263 154.978 536.727 2 268.201 250
2264 164.978 536.727 2 271.147 250
2265 174.978 536.727 2 274.425 250
2266 184.978 536.727 2 278.024 250
2267 194.978 536.727 2 281.932 250
2268 204.978 536.727 2 286.137 89.4144
2269 214.978 536.727 2 290.625 89.5427
2270 224.978 536.727 2 295.383 89.6767
2271 234.978 536.727 2 300.399 250
2272 244.978 536.727 2 305.66 250
2273 254.978 536.727 2 311.154 250
2274 264.978 536.727 2 316.868 250
2275 274.978 536.727 2 322.791 90.4129
2276 284.978 536.727 2 328.911 90.5695
2277 294.978 536.727 2 335.217 250
2278 304.978 536.727 2 341.7 250
2279 314.978 536.727 2 348.35 250
2280 324.978 536.727 2 355.157 250
2281 334.978 536.727 2 362.111 250
2282 344.978 536.727 2 369.206 250
2283 354.978 536.727 2 376.433 250
2284 364.978 536.727 2 383.784 250
2285 374.978 536.727 2 391.253 250
2286 384.978 536.727 2 398.832 250
2287 394.978 536.727 2 406.516 250
2288 404.978 536.727 2 414.299 250
2289 414.978 536.727 2 422.176 250
2290 424.978 536.727 2 430.141 92.8297
2291 434.978 536.727 2 438.189 92.9871
2292 444.978 536.727 2 446.316 93.1433
2293 454.978 536.727 2 454.518 93.2982
2294 464.978 536.727 2 462.79 93.4518
2295 474.978 536.727 2 471.13 93.6039
2296 484.978 536.727 2 479.533 250
2297 84.9784 546.727 2 267.6 88.8652
2298 94.9784 546.727 2 267.952 88.8759
2299 104.978 546.727 2 268.676 250
2300 114.978 546.727 2 269.768 250
2301 124.978 546.727 2 271.226 250
2302 134.978 546.727 2 273.042 250
2303 144.978 546.727 2 275.21 250
2304 154.978 546.727 2 277.721 250
2305 164.978 546.727 2 280.566 250
2306 174.978 546.727 2 283.736 250
2307 184.978 546.727 2 287.218 250
2308 194.978 546.727 2 291.003 250
2309 204.978 546.727 2 295.079 89.6682
2310 214.978 546.727 2 299.433 89.7893
2311 224.978 546.727 2 304.053 89.916
2312 234.978 546.727 2 308.929 250
2313 244.978 546.727 2 314.047 250
2314 254.978 546.727 2 319.396 250
2315 264.978 546.727 2 324.965 250
2316 274.978 546.727 2 330.743 90.6159
2317 284.978 546.727 2 336.718 90.7655
2318 294.978 546.727 2 342.881 250
2319 304.978 546.727 2 349.222 250
2320 314.978 546.727 2 355.731 250
2321 324.978 546.727 2 362.399 250
2322 334.978 546.727 2 369.218 250
2323 344.978 546.727 2 376.178 250
2324 354.978 546.727 2 383.274 250
2325 364.978 546.727 2 390.496 250
2326 374.978 546.727 2 397.839 250
2327 384.978 546.727 2 405.295 250
2328 394.978 546.727 2 412.859 250
2329 404.978 546.727 2 420.525 250
2330 414.978 546.727 2 428.287 250
2331 424.978 546.727 2 436.14 92.9473
2332 434.978 546.727 2 444.079 93.1006
2333 444.978 546.727 2 452.101 93.2528
2334 454.978 546.727 2 460.199 93.404
2335 464.978 546.727 2 468.372 93.5539
2336 474.978 546.727 2 476.613 93.7026
2337 484.978 546.727 2 484.922 250
2338 84.9784 556.727 2 277.501 89.1626
2339 94.9784 556.727 2 277.84 89.1726
2340 104.978 556.727 2 278.538 89.1932
2341 114.978 556.727 2 279.593 89.2242
2342 124.978 556.727 2 280.999 89.2654
2343 134.978 556.727 2 282.753 89.3165
2344 144.978 556.727 2 284.846 89.3772
2345 154.978 556.727 2 287.273 89.4471
2346 164.978 556.727 2 290.025 89.5256
2347 174.978 556.727 2 293.092 89.6124
2348 184.978 556.727 2 296.465 89.7069
2349 194.978 556.727 2 300.133 89.8086
2350 204.978 556.727 2 304.086 89.9169
2351 214.978 556.727 2 308.313 90.0314
2352 224.978 556.727 2 312.802 90.1514
2353 234.978 556.727 2 317.543 90.2765
2354 244.978 556.727 2 322.525 90.4061
2355 254.978 556.727 2 327.736 90.5397
2356 264.978 556.727 2 333.166 90.6768
2357 274.978 556.727 2 338.803 90.8171
2358 284.978 556.727 2 344.639 90.9601
2359 294.978 556.727 2 350.663 91.1053
2360 304.978 556.727 2 356.866 91.2524
2361 314.978 556.727 2 363.238 91.4011
2362 324.978 556.727 2 369.77 91.5511
2363 334.978 556.727 2 376.455 91.702
2364 344.978 556.727 2 383.285 91.8536
2365 354.978 556.727 2 390.251 92.0056
2366 364.978 556.727 2 397.346 92.1578
2367 374.978 556.727 2 404.565 92.3101
2368 384.978 556.727 2 411.899 92.4622
2369 394.978 556.727 2 419.344 250
2370 404.978 556.727 2 426.893 250
2371 414.978 556.727 2 434.542 250
2372 424.978 556.727 2 442.284 93.0662
2373 434.978 556.727 2 450.115 93.2154
2374 444.978 556.727 2 458.031 93.3637
2375 454.978 556.727 2 466.026 93.5111
2376 464.978 556.727 2 474.098 93.6574
2377 474.978 556.727 2 482.242 93.8027
2378 484.978 556.727 2 490.455 93.9468
2379 84.9784 566.727 2 287.408 89.4509
2380 94.9784 566.727 2 287.736 89.4603
2381 104.978 566.727 2 288.41 89.4796
2382 114.978 566.727 2 289.429 89.5087
2383 124.978 566.727 2 290.788 89.5473
2384 134.978 566.727 2 292.483 89.5952
2385 144.978 566.727 2 294.507 89.6522
2386 154.978 566.727 2 296.855 89.7178
2387 164.978 566.727 2 299.519 89.7916
2388 174.978 566.727 2 302.49 89.8733
2389 184.978 566.727 2 305.759 89.9624
2390 194.978 566.727 2 309.317 90.0584
2391 204.978 566.727 2 313.154 90.1607
2392 214.978 566.727 2 317.26 90.269
2393 224.978 566.727 2 321.625 90.3828
2394 234.978 566.727 2 326.237 90.5015
2395 244.978 566.727 2 331.088 90.6246
2396 254.978 566.727 2 336.166 90.7518
2397 264.978 566.727 2 341.462 90.8825
2398 274.978 566.727 2 346.965 91.0164
2399 284.978 566.727 2 352.666 91.1531
2400 294.978 566.727 2 358.555 91.2921
2401 304.978 566.727 2 364.623 91.4331
2402 314.978 566.727 2 370.862 91.5759
2403 324.978 566.727 2 377.263 91.72
2404 334.978 566.727 2 383.817 91.8653
2405 344.978 566.727 2 390.518 92.0114
2406 354.978 566.727 2 397.357 92.1581
2407 364.978 566.727 2 404.328 92.3052
2408 374.978 566.727 2 411.424 92.4524
2409 384.978 566.727 2 418.638 92.5997
2410 394.978 566.727 2 425.965 92.7469
2411 404.978 566.727 2 433.399 92.8938
2412 414.978 566.727 2 440.935 93.0402
2413 424.978 566.727 2 448.567 93.1861
2414 434.978 566.727 2 456.29 93.3313
2415 444.978 566.727 2 464.1 93.4758
2416 454.978 566.727 2 471.993 93.6195
2417 464.978 566.727 2 479.965 93.7623
2418 474.978 566.727 2 488.011 93.9041
2419 484.978 566.727 2 496.128 94.045
2420 84.9784 576.727 2 297.322 89.7308
2421 94.9784 576.727 2 297.639 89.7396
2422 104.978 576.727 2 298.291 89.7577
2423 114.978 576.727 2 299.276 89.7849
2424 124.978 576.727 2 300.59 89.8212
2425 134.978 576.727 2 302.23 89.8662
2426 144.978 576.727 2 304.19 89.9198
2427 154.978 576.727 2 306.464 89.9815
2428 164.978 576.727 2 309.044 90.0511
2429 174.978 576.727 2 311.925 90.1281
2430 184.978 576.727 2 315.096 90.2121
2431 194.978 576.727 2 318.55 90.3028
2432 204.978 576.727 2 322.277 90.3997
2433 214.978 576.727 2 326.268 90.5022
2434 224.978 576.727 2 330.514 90.6101
2435 234.978 576.727 2 335.004 90.7228
2436 244.978 576.727 2 339.73 90.84
2437 254.978 576.727 2 344.681 90.9611
2438 264.978 576.727 2 349.848 91.0858
2439 274.978 576.727 2 355.221 91.2136
2440 284.978 576.727 2 360.791 91.3443
2441 294.978 576.727 2 366.55 91.4775
2442 304.978 576.727 2 372.488 91.6127
2443 314.978 576.727 2 378.597 91.7498
2444 324.978 576.727 2 384.869 91.8884
2445 334.978 576.727 2 391.296 92.0282
2446 344.978 576.727 2 397.871 92.169
2447 354.978 576.727 2 404.586 92.3105
2448 364.978 576.727 2 411.434 92.4527
2449 374.978 576.727 2 418.41 92.5951
2450 384.978 576.727 2 425.506 92.7377
2451 394.978 576.727 2 432.717 92.8804
2452 404.978 576.727 2 440.036 93.0229
2453 414.978 576.727 2 447.46 93.1651
2454 424.978 576.727 2 454.982 93.3069
2455 434.978 576.727 2 462.599 93.4482
2456 444.978 576.727 2 470.304 93.589
2457 454.978 576.727 2 478.095 93.729
2458 464.978 576.727 2 485.966 93.8683
2459 474.978 576.727 2 493.914 94.0068
2460 484.978 576.727 2 501.936 94.1444
2461 84.9784 586.727 2 307.242 90.0025
2462 94.9784 586.727 2 307.549 90.0108
2463 104.978 586.727 2 308.18 90.0278
2464 114.978 586.727 2 309.133 90.0534
2465 124.978 586.727 2 310.406 90.0875
2466 134.978 586.727 2 311.994 90.1299
2467 144.978 586.727 2 313.893 90.1803
2468 154.978 586.727 2 316.097 90.2385
2469 164.978 586.727 2 318.599 90.3041
2470 174.978 586.727 2 321.394 90.3768
2471 184.978 586.727 2 324.473 90.4562
2472 194.978 586.727 2 327.828 90.542
2473 204.978 586.727 2 331.451 90.6337
2474 214.978 586.727 2 335.333 90.731
2475 224.978 586.727 2 339.465 90.8334
2476 234.978 586.727 2 343.838 90.9406
2477 244.978 586.727 2 348.444 91.0521
2478 254.978 586.727 2 353.273 91.1675
2479 264.978 586.727 2 358.316 91.2865
2480 274.978 586.727 2 363.564 91.4087
2481 284.978 586.727 2 369.009 91.5337
2482 294.978 586.727 2 374.641 91.6613
2483 304.978 586.727 2 380.453 91.791
2484 314.978 586.727 2 386.436 91.9226
2485 324.978 586.727 2 392.583 92.0559
2486 334.978 586.727 2 398.886 92.1905
2487 344.978 586.727 2 405.337 92.3263
2488 354.978 586.727 2 411.93 92.4629
2489 364.978 586.727 2 418.659 92.6002
2490 374.978 586.727 2 425.516 92.7379
2491 384.978 586.727 2 432.495 92.876
2492 394.978 586.727 2 439.591 93.0143
2493 404.978 586.727 2 446.799 93.1525
2494 414.978 586.727 2 454.112 93.2906
2495 424.978 586.727 2 461.526 93.4285
2496 434.978 586.727 2 469.036 93.566
2497 444.978 586.727 2 476.637 93.703
2498 454.978 586.727 2 484.326 93.8395
2499 464.978 586.727 2 492.098 93.9753
2500 474.978 586.727 2 499.948 94.1105
2501 484.978 586.727 2 507.875 94.2449
