# <Transmitter Set: Tx: 20 tx_ant_grid_60_m - Point 35> 
# <Receiver Set: Rx: 17 rx_ant_grid> 
# <X(m)> <Y(m)> <Z(m)> <Distance(m)> <FreeSpacePathLoss(dB)>
1 84.9784 -13.2734 2 716.971 97.2533
2 94.9784 -13.2734 2 711.502 97.188
3 104.978 -13.2734 2 706.133 97.1235
4 114.978 -13.2734 2 700.865 97.0597
5 124.978 -13.2734 2 695.702 96.9968
6 134.978 -13.2734 2 690.644 96.9347
7 144.978 -13.2734 2 685.695 96.8735
8 154.978 -13.2734 2 680.857 96.8133
9 164.978 -13.2734 2 676.132 96.754
10 174.978 -13.2734 2 671.523 96.6959
11 184.978 -13.2734 2 667.032 96.6389
12 194.978 -13.2734 2 662.661 96.583
13 204.978 -13.2734 2 658.414 96.5284
14 214.978 -13.2734 2 654.291 96.4751
15 224.978 -13.2734 2 650.296 96.4231
16 234.978 -13.2734 2 646.432 96.3725
17 244.978 -13.2734 2 642.699 96.3234
18 254.978 -13.2734 2 639.102 96.2758
19 264.978 -13.2734 2 635.641 96.2298
20 274.978 -13.2734 2 632.319 96.1854
21 284.978 -13.2734 2 629.139 96.1427
22 294.978 -13.2734 2 626.103 96.1017
23 304.978 -13.2734 2 623.212 96.0625
24 314.978 -13.2734 2 620.469 96.0251
25 324.978 -13.2734 2 617.876 95.9897
26 334.978 -13.2734 2 615.434 95.9562
27 344.978 -13.2734 2 613.145 95.9246
28 354.978 -13.2734 2 611.012 95.8952
29 364.978 -13.2734 2 609.035 95.8677
30 374.978 -13.2734 2 607.217 95.8425
31 384.978 -13.2734 2 605.559 95.8193
32 394.978 -13.2734 2 604.061 95.7984
33 404.978 -13.2734 2 602.726 95.7797
34 414.978 -13.2734 2 601.554 95.7632
35 424.978 -13.2734 2 600.546 95.7491
36 434.978 -13.2734 2 599.703 95.7372
37 444.978 -13.2734 2 599.026 95.7277
38 454.978 -13.2734 2 598.515 95.7205
39 464.978 -13.2734 2 598.171 95.7156
40 474.978 -13.2734 2 597.995 95.7131
41 484.978 -13.2734 2 597.985 95.713
42 84.9784 -3.2734 2 708.692 97.1543
43 94.9784 -3.2734 2 703.159 97.0876
44 104.978 -3.2734 2 697.725 250
45 114.978 -3.2734 2 692.394 250
46 124.978 -3.2734 2 687.166 250
47 134.978 -3.2734 2 682.046 96.8281
48 144.978 -3.2734 2 677.034 250
49 154.978 -3.2734 2 672.133 250
50 164.978 -3.2734 2 667.347 250
51 174.978 -3.2734 2 662.676 96.5832
52 184.978 -3.2734 2 658.125 96.5247
53 194.978 -3.2734 2 653.695 96.4674
54 204.978 -3.2734 2 649.389 96.4113
55 214.978 -3.2734 2 645.208 96.3565
56 224.978 -3.2734 2 641.157 96.303
57 234.978 -3.2734 2 637.237 96.251
58 244.978 -3.2734 2 633.45 96.2005
59 254.978 -3.2734 2 629.8 96.1515
60 264.978 -3.2734 2 626.288 96.1042
61 274.978 -3.2734 2 622.916 96.0585
62 284.978 -3.2734 2 619.688 96.0145
63 294.978 -3.2734 2 616.605 95.9722
64 304.978 -3.2734 2 613.67 95.9319
65 314.978 -3.2734 2 610.884 95.8934
66 324.978 -3.2734 2 608.249 95.8568
67 334.978 -3.2734 2 605.769 95.8223
68 344.978 -3.2734 2 603.444 95.7898
69 354.978 -3.2734 2 601.276 95.7593
70 364.978 -3.2734 2 599.267 95.7311
71 374.978 -3.2734 2 597.419 95.705
72 384.978 -3.2734 2 595.733 95.6811
73 394.978 -3.2734 2 594.211 95.6595
74 404.978 -3.2734 2 592.853 95.6402
75 414.978 -3.2734 2 591.662 95.6232
76 424.978 -3.2734 2 590.637 95.6085
77 434.978 -3.2734 2 589.78 95.5963
78 444.978 -3.2734 2 589.092 95.5864
79 454.978 -3.2734 2 588.572 95.579
80 464.978 -3.2734 2 588.223 95.574
81 474.978 -3.2734 2 588.043 95.5714
82 484.978 -3.2734 2 588.033 95.5712
83 84.9784 6.7266 2 700.458 97.0548
84 94.9784 6.7266 2 694.859 250
85 104.978 6.7266 2 689.36 96.9188
86 114.978 6.7266 2 683.964 250
87 124.978 6.7266 2 678.671 250
88 134.978 6.7266 2 673.486 96.7207
89 144.978 6.7266 2 668.41 250
90 154.978 6.7266 2 663.446 250
91 164.978 6.7266 2 658.596 250
92 174.978 6.7266 2 653.863 96.4695
93 184.978 6.7266 2 649.25 96.4094
94 194.978 6.7266 2 644.759 96.3506
95 204.978 6.7266 2 640.392 96.2929
96 214.978 6.7266 2 636.153 96.2366
97 224.978 6.7266 2 632.044 96.1817
98 234.978 6.7266 2 628.067 96.1282
99 244.978 6.7266 2 624.225 96.0762
100 254.978 6.7266 2 620.52 96.0258
101 264.978 6.7266 2 616.955 95.977
102 274.978 6.7266 2 613.532 95.93
103 284.978 6.7266 2 610.254 95.8847
104 294.978 6.7266 2 607.123 250
105 304.978 6.7266 2 604.142 250
106 314.978 6.7266 2 601.312 250
107 324.978 6.7266 2 598.635 250
108 334.978 6.7266 2 596.115 250
109 344.978 6.7266 2 593.752 250
110 354.978 6.7266 2 591.549 250
111 364.978 6.7266 2 589.507 250
112 374.978 6.7266 2 587.628 250
113 384.978 6.7266 2 585.914 250
114 394.978 6.7266 2 584.366 95.5185
115 404.978 6.7266 2 582.986 95.4985
116 414.978 6.7266 2 581.774 95.481
117 424.978 6.7266 2 580.732 95.4658
118 434.978 6.7266 2 579.86 95.4532
119 444.978 6.7266 2 579.16 250
120 454.978 6.7266 2 578.632 250
121 464.978 6.7266 2 578.276 250
122 474.978 6.7266 2 578.093 95.4274
123 484.978 6.7266 2 578.083 95.4273
124 84.9784 16.7266 2 692.27 96.9547
125 94.9784 16.7266 2 686.605 250
126 104.978 16.7266 2 681.039 250
127 114.978 16.7266 2 675.576 96.7471
128 124.978 16.7266 2 670.218 250
129 134.978 16.7266 2 664.966 250
130 144.978 16.7266 2 659.825 250
131 154.978 16.7266 2 654.795 250
132 164.978 16.7266 2 649.881 250
133 174.978 16.7266 2 645.085 250
134 184.978 16.7266 2 640.408 250
135 194.978 16.7266 2 635.855 250
136 204.978 16.7266 2 631.427 250
137 214.978 16.7266 2 627.127 250
138 224.978 16.7266 2 622.958 250
139 234.978 16.7266 2 618.922 250
140 244.978 16.7266 2 615.023 250
141 254.978 16.7266 2 611.263 250
142 264.978 16.7266 2 607.643 95.8484
143 274.978 16.7266 2 604.168 95.7999
144 284.978 16.7266 2 600.839 95.7532
145 294.978 16.7266 2 597.659 250
146 304.978 16.7266 2 594.63 250
147 314.978 16.7266 2 591.754 250
148 324.978 16.7266 2 589.034 95.5856
149 334.978 16.7266 2 586.472 95.5488
150 344.978 16.7266 2 584.07 250
151 354.978 16.7266 2 581.831 250
152 364.978 16.7266 2 579.754 250
153 374.978 16.7266 2 577.844 250
154 384.978 16.7266 2 576.101 95.3983
155 394.978 16.7266 2 574.527 95.3753
156 404.978 16.7266 2 573.122 95.3546
157 414.978 16.7266 2 571.89 95.3365
158 424.978 16.7266 2 570.829 95.3209
159 434.978 16.7266 2 569.943 95.3078
160 444.978 16.7266 2 569.23 250
161 454.978 16.7266 2 568.693 250
162 464.978 16.7266 2 568.331 250
163 474.978 16.7266 2 568.145 95.2812
164 484.978 16.7266 2 568.135 95.281
165 84.9784 26.7266 2 684.131 96.8541
166 94.9784 26.7266 2 678.398 250
167 104.978 26.7266 2 672.764 250
168 114.978 26.7266 2 667.233 96.6414
169 124.978 26.7266 2 661.807 96.5721
170 134.978 26.7266 2 656.489 96.5036
171 144.978 26.7266 2 651.28 250
172 154.978 26.7266 2 646.184 250
173 164.978 26.7266 2 641.204 250
174 174.978 26.7266 2 636.342 250
175 184.978 26.7266 2 631.601 250
176 194.978 26.7266 2 626.983 250
177 204.978 26.7266 2 622.492 250
178 214.978 26.7266 2 618.13 250
179 224.978 26.7266 2 613.9 250
180 234.978 26.7266 2 609.805 250
181 244.978 26.7266 2 605.847 250
182 254.978 26.7266 2 602.029 250
183 264.978 26.7266 2 598.354 95.7182
184 274.978 26.7266 2 594.824 95.6682
185 284.978 26.7266 2 591.443 95.6201
186 294.978 26.7266 2 588.212 250
187 304.978 26.7266 2 585.134 250
188 314.978 26.7266 2 582.211 95.4873
189 324.978 26.7266 2 579.447 95.4472
190 334.978 26.7266 2 576.842 95.4092
191 344.978 26.7266 2 574.4 95.3734
192 354.978 26.7266 2 572.122 95.3399
193 364.978 26.7266 2 570.011 250
194 374.978 26.7266 2 568.068 250
195 384.978 26.7266 2 566.294 95.2537
196 394.978 26.7266 2 564.693 250
197 404.978 26.7266 2 563.264 95.2085
198 414.978 26.7266 2 562.01 95.1897
199 424.978 26.7266 2 560.931 95.1736
200 434.978 26.7266 2 560.028 95.16
201 444.978 26.7266 2 559.303 95.1491
202 454.978 26.7266 2 558.756 250
203 464.978 26.7266 2 558.388 250
204 474.978 26.7266 2 558.199 95.1325
205 484.978 26.7266 2 558.188 95.1323
206 84.9784 36.7266 2 676.041 96.7529
207 94.9784 36.7266 2 670.239 250
208 104.978 36.7266 2 664.536 250
209 114.978 36.7266 2 658.936 250
210 124.978 36.7266 2 653.441 96.4641
211 134.978 36.7266 2 648.054 250
212 144.978 36.7266 2 642.777 250
213 154.978 36.7266 2 637.614 250
214 164.978 36.7266 2 632.566 96.1887
215 174.978 36.7266 2 627.637 96.1224
216 184.978 36.7266 2 622.83 96.0573
217 194.978 36.7266 2 618.147 95.9934
218 204.978 36.7266 2 613.591 95.9308
219 214.978 36.7266 2 609.165 95.8695
220 224.978 36.7266 2 604.872 250
221 234.978 36.7266 2 600.715 250
222 244.978 36.7266 2 596.697 250
223 254.978 36.7266 2 592.82 250
224 264.978 36.7266 2 589.088 95.5864
225 274.978 36.7266 2 585.502 95.5348
226 284.978 36.7266 2 582.067 95.4852
227 294.978 36.7266 2 578.783 250
228 304.978 36.7266 2 575.655 250
229 314.978 36.7266 2 572.684 95.3482
230 324.978 36.7266 2 569.873 95.3067
231 334.978 36.7266 2 567.225 95.2675
232 344.978 36.7266 2 564.741 95.2306
233 354.978 36.7266 2 562.424 95.1959
234 364.978 36.7266 2 560.276 95.1637
235 374.978 36.7266 2 558.299 95.134
236 384.978 36.7266 2 556.495 250
237 394.978 36.7266 2 554.865 250
238 404.978 36.7266 2 553.411 95.06
239 414.978 36.7266 2 552.134 95.0406
240 424.978 36.7266 2 551.036 95.0239
241 434.978 36.7266 2 550.117 95.0099
242 444.978 36.7266 2 549.379 94.9986
243 454.978 36.7266 2 548.822 250
244 464.978 36.7266 2 548.447 250
245 474.978 36.7266 2 548.254 94.9814
246 484.978 36.7266 2 548.244 94.9812
247 84.9784 46.7266 2 668.004 96.6512
248 94.9784 46.7266 2 662.131 96.5762
249 104.978 46.7266 2 656.358 250
250 114.978 46.7266 2 650.688 96.4282
251 124.978 46.7266 2 645.122 250
252 134.978 46.7266 2 639.665 96.2833
253 144.978 46.7266 2 634.318 96.2121
254 154.978 46.7266 2 629.085 250
255 164.978 46.7266 2 623.968 250
256 174.978 46.7266 2 618.971 250
257 184.978 46.7266 2 614.096 250
258 194.978 46.7266 2 609.346 250
259 204.978 46.7266 2 604.724 95.8077
260 214.978 46.7266 2 600.233 95.7447
261 224.978 46.7266 2 595.875 95.6831
262 234.978 46.7266 2 591.655 95.6231
263 244.978 46.7266 2 587.575 95.5647
264 254.978 46.7266 2 583.638 95.5079
265 264.978 46.7266 2 579.846 95.453
266 274.978 46.7266 2 576.203 95.3998
267 284.978 46.7266 2 572.711 95.3486
268 294.978 46.7266 2 569.374 250
269 304.978 46.7266 2 566.194 250
270 314.978 46.7266 2 563.173 250
271 324.978 46.7266 2 560.315 250
272 334.978 46.7266 2 557.621 250
273 344.978 46.7266 2 555.094 250
274 354.978 46.7266 2 552.737 250
275 364.978 46.7266 2 550.551 95.0165
276 374.978 46.7266 2 548.539 94.9857
277 384.978 46.7266 2 546.702 250
278 394.978 46.7266 2 545.043 250
279 404.978 46.7266 2 543.563 94.9092
280 414.978 46.7266 2 542.263 94.8891
281 424.978 46.7266 2 541.144 94.8717
282 434.978 46.7266 2 540.209 94.8572
283 444.978 46.7266 2 539.457 94.8455
284 454.978 46.7266 2 538.89 250
285 464.978 46.7266 2 538.508 250
286 474.978 46.7266 2 538.312 94.8277
287 484.978 46.7266 2 538.301 94.8275
288 84.9784 56.7266 2 660.02 96.5491
289 94.9784 56.7266 2 654.075 96.4723
290 104.978 56.7266 2 648.231 250
291 114.978 56.7266 2 642.488 250
292 124.978 56.7266 2 636.851 250
293 134.978 56.7266 2 631.323 250
294 144.978 56.7266 2 625.905 96.099
295 154.978 56.7266 2 620.601 250
296 164.978 56.7266 2 615.413 250
297 174.978 56.7266 2 610.346 250
298 184.978 56.7266 2 605.401 250
299 194.978 56.7266 2 600.582 250
300 204.978 56.7266 2 595.892 95.6833
301 214.978 56.7266 2 591.334 95.6185
302 224.978 56.7266 2 586.911 95.5551
303 234.978 56.7266 2 582.626 95.4933
304 244.978 56.7266 2 578.482 95.4331
305 254.978 56.7266 2 574.482 95.3746
306 264.978 56.7266 2 570.63 95.3179
307 274.978 56.7266 2 566.928 95.2631
308 284.978 56.7266 2 563.379 95.2102
309 294.978 56.7266 2 559.986 250
310 304.978 56.7266 2 556.752 250
311 314.978 56.7266 2 553.679 250
312 324.978 56.7266 2 550.772 250
313 334.978 56.7266 2 548.031 250
314 344.978 56.7266 2 545.46 250
315 354.978 56.7266 2 543.061 250
316 364.978 56.7266 2 540.836 94.867
317 374.978 56.7266 2 538.787 94.8351
318 384.978 56.7266 2 536.917 250
319 394.978 56.7266 2 535.228 250
320 404.978 56.7266 2 533.72 94.7558
321 414.978 56.7266 2 532.396 94.735
322 424.978 56.7266 2 531.257 94.7171
323 434.978 56.7266 2 530.304 94.702
324 444.978 56.7266 2 529.539 94.6899
325 454.978 56.7266 2 528.961 250
326 464.978 56.7266 2 528.572 250
327 474.978 56.7266 2 528.372 94.6714
328 484.978 56.7266 2 528.361 94.6712
329 84.9784 66.7266 2 652.091 96.4465
330 94.9784 66.7266 2 646.074 96.3678
331 104.978 66.7266 2 640.156 96.2898
332 114.978 66.7266 2 634.341 96.2124
333 124.978 66.7266 2 628.631 96.1358
334 134.978 66.7266 2 623.029 96.06
335 144.978 66.7266 2 617.538 95.985
336 154.978 66.7266 2 612.162 95.9111
337 164.978 66.7266 2 606.903 95.8381
338 174.978 66.7266 2 601.763 95.7662
339 184.978 66.7266 2 596.748 95.6955
340 194.978 66.7266 2 591.858 95.626
341 204.978 66.7266 2 587.098 95.5578
342 214.978 66.7266 2 582.472 95.4911
343 224.978 66.7266 2 577.981 95.4258
344 234.978 66.7266 2 573.629 95.3621
345 244.978 66.7266 2 569.419 95.3
346 254.978 66.7266 2 565.356 95.2397
347 264.978 66.7266 2 561.441 95.1812
348 274.978 66.7266 2 557.677 95.1246
349 284.978 66.7266 2 554.069 95.07
350 294.978 66.7266 2 550.619 95.0175
351 304.978 66.7266 2 547.329 94.9672
352 314.978 66.7266 2 544.204 94.9191
353 324.978 66.7266 2 541.245 94.8733
354 334.978 66.7266 2 538.456 94.8299
355 344.978 66.7266 2 535.839 94.7891
356 354.978 66.7266 2 533.397 94.7508
357 364.978 66.7266 2 531.131 94.7151
358 374.978 66.7266 2 529.045 94.6821
359 384.978 66.7266 2 527.141 94.6519
360 394.978 66.7266 2 525.42 94.6245
361 404.978 66.7266 2 523.884 94.6
362 414.978 66.7266 2 522.535 94.5784
363 424.978 66.7266 2 521.374 94.5598
364 434.978 66.7266 2 520.403 94.5442
365 444.978 66.7266 2 519.623 94.5316
366 454.978 66.7266 2 519.034 94.5221
367 464.978 66.7266 2 518.638 94.5157
368 474.978 66.7266 2 518.434 94.5124
369 484.978 66.7266 2 518.423 94.5122
370 84.9784 76.7266 2 644.22 96.3435
371 94.9784 76.7266 2 638.129 96.2629
372 104.978 76.7266 2 632.137 96.1829
373 114.978 76.7266 2 626.247 96.1036
374 124.978 76.7266 2 620.463 96.025
375 134.978 76.7266 2 614.786 95.9473
376 144.978 76.7266 2 609.221 95.8703
377 154.978 76.7266 2 603.771 95.7943
378 164.978 76.7266 2 598.438 95.7194
379 174.978 76.7266 2 593.225 95.6455
380 184.978 76.7266 2 588.137 95.5727
381 194.978 76.7266 2 583.175 95.5012
382 204.978 76.7266 2 578.344 95.4311
383 214.978 76.7266 2 573.646 95.3623
384 224.978 76.7266 2 569.086 95.2951
385 234.978 76.7266 2 564.665 95.2294
386 244.978 76.7266 2 560.389 95.1654
387 254.978 76.7266 2 556.259 95.1032
388 264.978 76.7266 2 552.279 95.0428
389 274.978 76.7266 2 548.453 94.9844
390 284.978 76.7266 2 544.784 94.928
391 294.978 76.7266 2 541.274 94.8738
392 304.978 76.7266 2 537.928 94.8217
393 314.978 76.7266 2 534.748 94.772
394 324.978 76.7266 2 531.736 94.7246
395 334.978 76.7266 2 528.897 94.6797
396 344.978 76.7266 2 526.232 94.6374
397 354.978 76.7266 2 523.745 94.5977
398 364.978 76.7266 2 521.438 94.5608
399 374.978 76.7266 2 519.313 94.5266
400 384.978 76.7266 2 517.373 94.4953
401 394.978 76.7266 2 515.619 94.4669
402 404.978 76.7266 2 514.054 94.4414
403 414.978 76.7266 2 512.679 94.4191
404 424.978 76.7266 2 511.496 94.3997
405 434.978 76.7266 2 510.506 94.3836
406 444.978 76.7266 2 509.711 94.3705
407 454.978 76.7266 2 509.111 94.3607
408 464.978 76.7266 2 508.706 94.354
409 474.978 76.7266 2 508.498 94.3506
410 484.978 76.7266 2 508.487 94.3504
411 84.9784 86.7266 2 636.409 96.24
412 94.9784 86.7266 2 630.242 96.1575
413 104.978 86.7266 2 624.175 250
414 114.978 86.7266 2 618.209 250
415 124.978 86.7266 2 612.349 250
416 134.978 86.7266 2 606.596 250
417 144.978 86.7266 2 600.956 95.7548
418 154.978 86.7266 2 595.429 250
419 164.978 86.7266 2 590.021 250
420 174.978 86.7266 2 584.733 250
421 184.978 86.7266 2 579.57 95.449
422 194.978 86.7266 2 574.535 95.3754
423 204.978 86.7266 2 569.63 95.3031
424 214.978 86.7266 2 564.86 95.2323
425 224.978 86.7266 2 560.228 250
426 234.978 86.7266 2 555.737 250
427 244.978 86.7266 2 551.392 250
428 254.978 86.7266 2 547.194 94.9651
429 264.978 86.7266 2 543.148 94.9028
430 274.978 86.7266 2 539.257 94.8424
431 284.978 86.7266 2 535.525 94.7841
432 294.978 86.7266 2 531.954 94.728
433 304.978 86.7266 2 528.548 94.6742
434 314.978 86.7266 2 525.311 94.6227
435 324.978 86.7266 2 522.246 94.5737
436 334.978 86.7266 2 519.354 94.5273
437 344.978 86.7266 2 516.641 94.4834
438 354.978 86.7266 2 514.107 94.4423
439 364.978 86.7266 2 511.756 94.404
440 374.978 86.7266 2 509.591 94.3686
441 384.978 86.7266 2 507.613 250
442 394.978 86.7266 2 505.826 250
443 404.978 86.7266 2 504.23 250
444 414.978 86.7266 2 502.829 94.257
445 424.978 86.7266 2 501.623 94.237
446 434.978 86.7266 2 500.613 94.2201
447 444.978 86.7266 2 499.802 250
448 454.978 86.7266 2 499.19 250
449 464.978 86.7266 2 498.778 250
450 474.978 86.7266 2 498.566 94.186
451 484.978 86.7266 2 498.554 94.1858
452 84.9784 96.7266 2 628.66 96.1362
453 94.9784 96.7266 2 622.417 96.0517
454 104.978 96.7266 2 616.272 250
455 114.978 96.7266 2 610.229 250
456 124.978 96.7266 2 604.291 250
457 134.978 96.7266 2 598.462 95.7197
458 144.978 96.7266 2 592.743 95.6386
459 154.978 96.7266 2 587.14 250
460 164.978 96.7266 2 581.654 250
461 174.978 96.7266 2 576.29 250
462 184.978 96.7266 2 571.051 95.3241
463 194.978 96.7266 2 565.939 250
464 204.978 96.7266 2 560.96 250
465 214.978 96.7266 2 556.115 250
466 224.978 96.7266 2 551.41 250
467 234.978 96.7266 2 546.847 250
468 244.978 96.7266 2 542.429 250
469 254.978 96.7266 2 538.162 250
470 264.978 96.7266 2 534.047 250
471 274.978 96.7266 2 530.09 94.6986
472 284.978 96.7266 2 526.292 94.6384
473 294.978 96.7266 2 522.659 94.5803
474 304.978 96.7266 2 519.192 94.5246
475 314.978 96.7266 2 515.896 94.4714
476 324.978 96.7266 2 512.774 94.4206
477 334.978 96.7266 2 509.829 94.3725
478 344.978 96.7266 2 507.065 94.327
479 354.978 96.7266 2 504.483 94.2844
480 364.978 96.7266 2 502.087 94.2447
481 374.978 96.7266 2 499.88 94.2079
482 384.978 96.7266 2 497.864 250
483 394.978 96.7266 2 496.041 250
484 404.978 96.7266 2 494.414 250
485 414.978 96.7266 2 492.985 94.0921
486 424.978 96.7266 2 491.754 94.0713
487 434.978 96.7266 2 490.725 94.0538
488 444.978 96.7266 2 489.897 250
489 454.978 96.7266 2 489.273 250
490 464.978 96.7266 2 488.852 250
491 474.978 96.7266 2 488.636 94.0183
492 484.978 96.7266 2 488.624 94.0181
493 84.9784 106.727 2 620.976 96.032
494 94.9784 106.727 2 614.654 95.9454
495 104.978 106.727 2 608.431 250
496 114.978 106.727 2 602.309 250
497 124.978 106.727 2 596.293 250
498 134.978 106.727 2 590.384 95.6049
499 144.978 106.727 2 584.587 250
500 154.978 106.727 2 578.904 250
501 164.978 106.727 2 573.34 250
502 174.978 106.727 2 567.897 250
503 184.978 106.727 2 562.58 95.1983
504 194.978 106.727 2 557.391 250
505 204.978 106.727 2 552.334 250
506 214.978 106.727 2 547.413 250
507 224.978 106.727 2 542.632 250
508 234.978 106.727 2 537.995 250
509 244.978 106.727 2 533.504 250
510 254.978 106.727 2 529.165 250
511 264.978 106.727 2 524.98 250
512 274.978 106.727 2 520.953 94.553
513 284.978 106.727 2 517.089 94.4907
514 294.978 106.727 2 513.39 94.4306
515 304.978 106.727 2 509.86 94.373
516 314.978 106.727 2 506.504 94.3178
517 324.978 106.727 2 503.323 94.2652
518 334.978 106.727 2 500.323 94.2153
519 344.978 106.727 2 497.505 94.1682
520 354.978 106.727 2 494.874 94.124
521 364.978 106.727 2 492.431 94.0827
522 374.978 106.727 2 490.18 94.0446
523 384.978 106.727 2 488.124 250
524 394.978 106.727 2 486.265 250
525 404.978 106.727 2 484.605 250
526 414.978 106.727 2 483.147 93.9243
527 424.978 106.727 2 481.891 93.9026
528 434.978 106.727 2 480.841 93.8845
529 444.978 106.727 2 479.996 250
530 454.978 106.727 2 479.359 250
531 464.978 106.727 2 478.929 250
532 474.978 106.727 2 478.708 93.8475
533 484.978 106.727 2 478.696 93.8473
534 84.9784 116.727 2 613.358 95.9276
535 94.9784 116.727 2 606.957 95.8388
536 104.978 116.727 2 600.654 250
537 114.978 116.727 2 594.452 250
538 124.978 116.727 2 588.355 250
539 134.978 116.727 2 582.366 250
540 144.978 116.727 2 576.488 250
541 154.978 116.727 2 570.725 250
542 164.978 116.727 2 565.08 250
543 174.978 116.727 2 559.557 250
544 184.978 116.727 2 554.16 95.0714
545 194.978 116.727 2 548.891 250
546 204.978 116.727 2 543.755 250
547 214.978 116.727 2 538.756 250
548 224.978 116.727 2 533.898 250
549 234.978 116.727 2 529.184 250
550 244.978 116.727 2 524.618 250
551 254.978 116.727 2 520.204 250
552 264.978 116.727 2 515.946 250
553 274.978 116.727 2 511.849 94.4055
554 284.978 116.727 2 507.915 94.341
555 294.978 116.727 2 504.149 94.2789
556 304.978 116.727 2 500.554 94.2192
557 314.978 116.727 2 497.135 94.162
558 324.978 116.727 2 493.894 250
559 334.978 116.727 2 490.836 250
560 344.978 116.727 2 487.964 250
561 354.978 116.727 2 485.28 250
562 364.978 116.727 2 482.789 250
563 374.978 116.727 2 480.493 250
564 384.978 116.727 2 478.396 250
565 394.978 116.727 2 476.499 250
566 404.978 116.727 2 474.805 250
567 414.978 116.727 2 473.316 250
568 424.978 116.727 2 472.034 93.7309
569 434.978 116.727 2 470.962 93.7121
570 444.978 116.727 2 470.099 250
571 454.978 116.727 2 469.448 250
572 464.978 116.727 2 469.01 250
573 474.978 116.727 2 468.784 93.6736
574 484.978 116.727 2 468.772 93.6734
575 84.9784 126.727 2 605.809 95.8228
576 94.9784 126.727 2 599.327 95.7319
577 104.978 126.727 2 592.943 95.6415
578 114.978 126.727 2 586.66 250
579 124.978 126.727 2 580.482 250
580 134.978 126.727 2 574.41 250
581 144.978 126.727 2 568.45 250
582 154.978 126.727 2 562.605 250
583 164.978 126.727 2 556.878 250
584 174.978 126.727 2 551.272 250
585 184.978 126.727 2 545.793 94.9436
586 194.978 126.727 2 540.443 94.8609
587 204.978 126.727 2 535.226 94.7795
588 214.978 126.727 2 530.146 94.6995
589 224.978 126.727 2 525.208 250
590 234.978 126.727 2 520.415 250
591 244.978 126.727 2 515.772 250
592 254.978 126.727 2 511.282 94.3962
593 264.978 126.727 2 506.949 94.3251
594 274.978 126.727 2 502.778 94.2562
595 284.978 126.727 2 498.773 94.1894
596 294.978 126.727 2 494.937 94.125
597 304.978 126.727 2 491.275 94.0632
598 314.978 126.727 2 487.791 94.0039
599 324.978 126.727 2 484.488 250
600 334.978 126.727 2 481.37 250
601 344.978 126.727 2 478.441 250
602 354.978 126.727 2 475.704 250
603 364.978 126.727 2 473.162 250
604 374.978 126.727 2 470.819 250
605 384.978 126.727 2 468.678 250
606 394.978 126.727 2 466.742 250
607 404.978 126.727 2 465.012 250
608 414.978 126.727 2 463.492 250
609 424.978 126.727 2 462.183 93.5561
610 434.978 126.727 2 461.088 93.5364
611 444.978 126.727 2 460.207 250
612 454.978 126.727 2 459.542 250
613 464.978 126.727 2 459.094 250
614 474.978 126.727 2 458.864 93.4964
615 484.978 126.727 2 458.851 93.4961
616 84.9784 136.727 2 598.333 95.7179
617 94.9784 136.727 2 591.769 95.6247
618 104.978 136.727 2 585.302 95.532
619 114.978 136.727 2 578.936 95.4397
620 124.978 136.727 2 572.674 95.3481
621 134.978 136.727 2 566.52 250
622 144.978 136.727 2 560.476 250
623 154.978 136.727 2 554.546 250
624 164.978 136.727 2 548.735 250
625 174.978 136.727 2 543.045 250
626 184.978 136.727 2 537.482 94.8148
627 194.978 136.727 2 532.048 94.7295
628 204.978 136.727 2 526.748 94.6456
629 214.978 136.727 2 521.586 94.5632
630 224.978 136.727 2 516.566 250
631 234.978 136.727 2 511.692 250
632 244.978 136.727 2 506.969 250
633 254.978 136.727 2 502.4 94.2499
634 264.978 136.727 2 497.991 94.1763
635 274.978 136.727 2 493.744 94.1049
636 284.978 136.727 2 489.665 94.0358
637 294.978 136.727 2 485.757 93.9691
638 304.978 136.727 2 482.026 93.905
639 314.978 136.727 2 478.474 93.8435
640 324.978 136.727 2 475.106 250
641 334.978 136.727 2 471.926 250
642 344.978 136.727 2 468.938 250
643 354.978 136.727 2 466.145 250
644 364.978 136.727 2 463.551 250
645 374.978 136.727 2 461.159 250
646 384.978 136.727 2 458.973 250
647 394.978 136.727 2 456.996 250
648 404.978 136.727 2 455.229 250
649 414.978 136.727 2 453.676 250
650 424.978 136.727 2 452.339 93.3779
651 434.978 136.727 2 451.219 93.3574
652 444.978 136.727 2 450.319 250
653 454.978 136.727 2 449.64 250
654 464.978 136.727 2 449.182 250
655 474.978 136.727 2 448.946 93.3157
656 484.978 136.727 2 448.933 93.3155
657 84.9784 146.727 2 590.931 95.6127
658 94.9784 146.727 2 584.284 95.5173
659 104.978 146.727 2 577.733 95.4222
660 114.978 146.727 2 571.283 95.3276
661 124.978 146.727 2 564.936 95.2335
662 134.978 146.727 2 558.696 95.14
663 144.978 146.727 2 552.567 95.0472
664 154.978 146.727 2 546.551 94.9552
665 164.978 146.727 2 540.654 94.8641
666 174.978 146.727 2 534.879 94.774
667 184.978 146.727 2 529.229 94.685
668 194.978 146.727 2 523.71 94.5972
669 204.978 146.727 2 518.325 94.5107
670 214.978 146.727 2 513.078 94.4256
671 224.978 146.727 2 507.974 94.342
672 234.978 146.727 2 503.017 94.2601
673 244.978 146.727 2 498.212 94.18
674 254.978 146.727 2 493.562 94.1018
675 264.978 146.727 2 489.072 94.0257
676 274.978 146.727 2 484.748 93.9518
677 284.978 146.727 2 480.592 93.8802
678 294.978 146.727 2 476.61 93.811
679 304.978 146.727 2 472.806 93.7445
680 314.978 146.727 2 469.184 93.6807
681 324.978 146.727 2 465.749 93.6198
682 334.978 146.727 2 462.505 93.5618
683 344.978 146.727 2 459.456 93.507
684 354.978 146.727 2 456.605 93.4555
685 364.978 146.727 2 453.956 93.4074
686 374.978 146.727 2 451.514 93.3628
687 384.978 146.727 2 449.281 93.3219
688 394.978 146.727 2 447.26 93.2847
689 404.978 146.727 2 445.455 93.2513
690 414.978 146.727 2 443.868 93.2218
691 424.978 146.727 2 442.501 93.1964
692 434.978 146.727 2 441.357 93.1751
693 444.978 146.727 2 440.437 93.1578
694 454.978 146.727 2 439.742 93.1448
695 464.978 146.727 2 439.274 93.1361
696 474.978 146.727 2 439.033 93.1315
697 484.978 146.727 2 439.02 93.1313
698 84.9784 156.727 2 583.606 95.5075
699 94.9784 156.727 2 576.875 95.4096
700 104.978 156.727 2 570.239 95.3122
701 114.978 156.727 2 563.703 95.2151
702 124.978 156.727 2 557.27 95.1185
703 134.978 156.727 2 550.943 95.0225
704 144.978 156.727 2 544.726 94.9271
705 154.978 156.727 2 538.624 94.8326
706 164.978 156.727 2 532.639 94.7388
707 174.978 156.727 2 526.775 94.6461
708 184.978 156.727 2 521.038 94.5544
709 194.978 156.727 2 515.431 94.4638
710 204.978 156.727 2 509.959 94.3746
711 214.978 156.727 2 504.625 94.2868
712 224.978 156.727 2 499.434 94.2005
713 234.978 156.727 2 494.392 94.1159
714 244.978 156.727 2 489.502 94.033
715 254.978 156.727 2 484.768 93.9522
716 264.978 156.727 2 480.197 93.8733
717 274.978 156.727 2 475.791 93.7968
718 284.978 156.727 2 471.557 93.7225
719 294.978 156.727 2 467.498 93.6508
720 304.978 156.727 2 463.619 93.5818
721 314.978 156.727 2 459.925 93.5155
722 324.978 156.727 2 456.42 93.4522
723 334.978 156.727 2 453.109 93.392
724 344.978 156.727 2 449.996 93.335
725 354.978 156.727 2 447.085 93.2814
726 364.978 156.727 2 444.38 93.2313
727 374.978 156.727 2 441.885 93.1849
728 384.978 156.727 2 439.603 93.1422
729 394.978 156.727 2 437.537 93.1034
730 404.978 156.727 2 435.692 93.0686
731 414.978 156.727 2 434.069 93.0379
732 424.978 156.727 2 432.671 93.0114
733 434.978 156.727 2 431.501 92.9891
734 444.978 156.727 2 430.559 92.9712
735 454.978 156.727 2 429.849 92.9576
736 464.978 156.727 2 429.37 92.9484
737 474.978 156.727 2 429.123 92.9437
738 484.978 156.727 2 429.11 92.9434
739 84.9784 166.727 2 576.362 95.4021
740 94.9784 166.727 2 569.545 95.3019
741 104.978 166.727 2 562.823 95.2019
742 114.978 166.727 2 556.2 95.1023
743 124.978 166.727 2 549.679 95.0032
744 134.978 166.727 2 543.264 94.9046
745 144.978 166.727 2 536.958 94.8066
746 154.978 166.727 2 530.766 94.7093
747 164.978 166.727 2 524.691 94.6129
748 174.978 166.727 2 518.738 94.5173
749 184.978 166.727 2 512.911 94.4228
750 194.978 166.727 2 507.214 94.3295
751 204.978 166.727 2 501.652 94.2374
752 214.978 166.727 2 496.229 94.1468
753 224.978 166.727 2 490.95 250
754 234.978 166.727 2 485.819 93.9702
755 244.978 166.727 2 480.842 250
756 254.978 166.727 2 476.022 250
757 264.978 166.727 2 471.366 250
758 274.978 166.727 2 466.877 93.6398
759 284.978 166.727 2 462.561 93.5628
760 294.978 166.727 2 458.422 250
761 304.978 166.727 2 454.466 250
762 314.978 166.727 2 450.697 250
763 324.978 166.727 2 447.12 250
764 334.978 166.727 2 443.74 250
765 344.978 166.727 2 440.561 250
766 354.978 166.727 2 437.587 93.1044
767 364.978 166.727 2 434.822 93.0522
768 374.978 166.727 2 432.272 250
769 384.978 166.727 2 429.939 92.9593
770 394.978 166.727 2 427.827 92.9189
771 404.978 166.727 2 425.94 92.8825
772 414.978 166.727 2 424.279 92.8505
773 424.978 166.727 2 422.849 92.8228
774 434.978 166.727 2 421.651 92.7995
775 444.978 166.727 2 420.688 250
776 454.978 166.727 2 419.961 250
777 464.978 166.727 2 419.47 250
778 474.978 166.727 2 419.218 92.7521
779 484.978 166.727 2 419.204 92.7518
780 84.9784 176.727 2 569.201 95.2968
781 94.9784 176.727 2 562.298 95.1941
782 104.978 176.727 2 555.488 95.0916
783 114.978 176.727 2 548.776 94.9894
784 124.978 176.727 2 542.166 94.8876
785 134.978 176.727 2 535.661 94.7863
786 144.978 176.727 2 529.265 94.6856
787 154.978 176.727 2 522.981 94.5855
788 164.978 176.727 2 516.815 94.4863
789 174.978 176.727 2 510.77 94.3879
790 184.978 176.727 2 504.851 94.2905
791 194.978 176.727 2 499.062 94.1943
792 204.978 176.727 2 493.408 94.0993
793 214.978 176.727 2 487.894 94.0056
794 224.978 176.727 2 482.523 250
795 234.978 176.727 2 477.302 93.8231
796 244.978 176.727 2 472.235 250
797 254.978 176.727 2 467.327 250
798 264.978 176.727 2 462.583 250
799 274.978 176.727 2 458.008 93.4809
800 284.978 176.727 2 453.607 93.4011
801 294.978 176.727 2 449.386 250
802 304.978 176.727 2 445.35 250
803 314.978 176.727 2 441.503 250
804 324.978 176.727 2 437.851 250
805 334.978 176.727 2 434.399 250
806 344.978 176.727 2 431.15 250
807 354.978 176.727 2 428.111 92.9243
808 364.978 176.727 2 425.285 92.8699
809 374.978 176.727 2 422.677 250
810 384.978 176.727 2 420.291 92.773
811 394.978 176.727 2 418.13 92.7308
812 404.978 176.727 2 416.199 92.6929
813 414.978 176.727 2 414.5 92.6594
814 424.978 176.727 2 413.036 92.6304
815 434.978 176.727 2 411.809 92.6061
816 444.978 176.727 2 410.823 250
817 454.978 176.727 2 410.078 250
818 464.978 176.727 2 409.576 250
819 474.978 176.727 2 409.318 92.5565
820 484.978 176.727 2 409.303 92.5563
821 84.9784 186.727 2 562.127 95.1915
822 94.9784 186.727 2 555.136 95.0862
823 104.978 186.727 2 548.237 94.9811
824 114.978 186.727 2 541.436 94.8763
825 124.978 186.727 2 534.735 94.7718
826 134.978 186.727 2 528.138 94.6677
827 144.978 186.727 2 521.649 94.5642
828 154.978 186.727 2 515.273 94.4613
829 164.978 186.727 2 509.014 94.3591
830 174.978 186.727 2 502.875 94.2578
831 184.978 186.727 2 496.862 94.1574
832 194.978 186.727 2 490.979 94.0581
833 204.978 186.727 2 485.231 93.9601
834 214.978 186.727 2 479.622 93.8634
835 224.978 186.727 2 474.158 250
836 234.978 186.727 2 468.844 93.6747
837 244.978 186.727 2 463.684 250
838 254.978 186.727 2 458.684 250
839 264.978 186.727 2 453.85 250
840 274.978 186.727 2 449.186 93.3201
841 284.978 186.727 2 444.698 93.2373
842 294.978 186.727 2 440.392 93.157
843 304.978 186.727 2 436.272 93.0796
844 314.978 186.727 2 432.345 93.0052
845 324.978 186.727 2 428.615 92.934
846 334.978 186.727 2 425.087 250
847 344.978 186.727 2 421.767 250
848 354.978 186.727 2 418.66 250
849 364.978 186.727 2 415.77 250
850 374.978 186.727 2 413.102 250
851 384.978 186.727 2 410.66 92.5833
852 394.978 186.727 2 408.448 92.5392
853 404.978 186.727 2 406.471 92.4995
854 414.978 186.727 2 404.731 92.4645
855 424.978 186.727 2 403.231 92.4343
856 434.978 186.727 2 401.975 92.4088
857 444.978 186.727 2 400.964 250
858 454.978 186.727 2 400.201 250
859 464.978 186.727 2 399.687 250
860 474.978 186.727 2 399.422 92.3569
861 484.978 186.727 2 399.408 92.3566
862 84.9784 196.727 2 555.143 95.0863
863 94.9784 196.727 2 548.063 94.9784
864 104.978 196.727 2 541.074 94.8707
865 114.978 196.727 2 534.181 94.7631
866 124.978 196.727 2 527.388 94.6558
867 134.978 196.727 2 520.698 94.5489
868 144.978 196.727 2 514.116 94.4425
869 154.978 196.727 2 507.645 94.3366
870 164.978 196.727 2 501.29 94.2314
871 174.978 196.727 2 495.056 94.127
872 184.978 196.727 2 488.947 94.0236
873 194.978 196.727 2 482.967 93.9212
874 204.978 196.727 2 477.122 93.82
875 214.978 196.727 2 471.417 93.7201
876 224.978 196.727 2 465.857 250
877 234.978 196.727 2 460.447 93.5249
878 244.978 196.727 2 455.192 93.4299
879 254.978 196.727 2 450.098 93.3369
880 264.978 196.727 2 445.17 93.246
881 274.978 196.727 2 440.415 93.1574
882 284.978 196.727 2 435.837 93.0714
883 294.978 196.727 2 431.442 92.988
884 304.978 196.727 2 427.236 92.9075
885 314.978 196.727 2 423.225 92.8301
886 324.978 196.727 2 419.413 92.7559
887 334.978 196.727 2 415.808 250
888 344.978 196.727 2 412.413 250
889 354.978 196.727 2 409.235 92.5549
890 364.978 196.727 2 406.278 92.4957
891 374.978 196.727 2 403.547 92.4406
892 384.978 196.727 2 401.047 92.39
893 394.978 196.727 2 398.782 92.3439
894 404.978 196.727 2 396.756 92.3024
895 414.978 196.727 2 394.973 92.2658
896 424.978 196.727 2 393.437 250
897 434.978 196.727 2 392.149 250
898 444.978 196.727 2 391.113 250
899 454.978 196.727 2 390.331 250
900 464.978 196.727 2 389.803 250
901 474.978 196.727 2 389.532 92.1531
902 484.978 196.727 2 389.517 92.1528
903 84.9784 206.727 2 548.253 94.9813
904 94.9784 206.727 2 541.082 94.8708
905 104.978 206.727 2 534.002 94.7603
906 114.978 206.727 2 527.017 250
907 124.978 206.727 2 520.13 250
908 134.978 206.727 2 513.345 94.4299
909 144.978 206.727 2 506.668 94.3205
910 154.978 206.727 2 500.1 94.2116
911 164.978 206.727 2 493.649 94.1033
912 174.978 206.727 2 487.317 93.9958
913 184.978 206.727 2 481.109 93.8891
914 194.978 206.727 2 475.031 93.7835
915 204.978 206.727 2 469.087 93.679
916 214.978 206.727 2 463.283 93.5758
917 224.978 206.727 2 457.624 93.474
918 234.978 206.727 2 452.115 93.3738
919 244.978 206.727 2 446.763 93.2755
920 254.978 206.727 2 441.571 93.1791
921 264.978 206.727 2 436.548 93.0848
922 274.978 206.727 2 431.697 92.9929
923 284.978 206.727 2 427.025 92.9034
924 294.978 206.727 2 422.539 92.8168
925 304.978 206.727 2 418.244 92.733
926 314.978 206.727 2 414.145 92.6524
927 324.978 206.727 2 410.25 92.5751
928 334.978 206.727 2 406.563 250
929 344.978 206.727 2 403.09 250
930 354.978 206.727 2 399.838 92.3654
931 364.978 206.727 2 396.811 92.3035
932 374.978 206.727 2 394.014 92.246
933 384.978 206.727 2 391.453 92.193
934 394.978 206.727 2 389.132 92.1448
935 404.978 206.727 2 387.056 92.1014
936 414.978 206.727 2 385.229 92.063
937 424.978 206.727 2 383.653 250
938 434.978 206.727 2 382.332 250
939 444.978 206.727 2 381.27 250
940 454.978 206.727 2 380.467 250
941 464.978 206.727 2 379.926 250
942 474.978 206.727 2 379.647 91.9449
943 484.978 206.727 2 379.632 91.9446
944 84.9784 216.727 2 541.459 94.8766
945 94.9784 216.727 2 534.197 94.7633
946 104.978 216.727 2 527.025 94.65
947 114.978 216.727 2 519.946 250
948 124.978 216.727 2 512.964 250
949 134.978 216.727 2 506.084 94.3109
950 144.978 216.727 2 499.309 94.1984
951 154.978 216.727 2 492.643 94.0863
952 164.978 216.727 2 486.093 93.9749
953 174.978 216.727 2 479.661 93.8641
954 184.978 216.727 2 473.353 93.7541
955 194.978 216.727 2 467.174 93.6451
956 204.978 216.727 2 461.129 93.5371
957 214.978 216.727 2 455.223 93.4305
958 224.978 216.727 2 449.463 93.3252
959 234.978 216.727 2 443.853 93.2216
960 244.978 216.727 2 438.399 93.1196
961 254.978 216.727 2 433.108 93.0197
962 264.978 216.727 2 427.985 92.9219
963 274.978 216.727 2 423.036 92.8264
964 284.978 216.727 2 418.268 92.7335
965 294.978 216.727 2 413.686 250
966 304.978 216.727 2 409.298 250
967 314.978 216.727 2 405.109 250
968 324.978 216.727 2 401.126 250
969 334.978 216.727 2 397.354 250
970 344.978 216.727 2 393.8 250
971 354.978 216.727 2 390.47 92.1726
972 364.978 216.727 2 387.37 92.108
973 374.978 216.727 2 384.505 92.0478
974 384.978 216.727 2 381.88 91.9924
975 394.978 216.727 2 379.501 91.9418
976 404.978 216.727 2 377.372 91.8964
977 414.978 216.727 2 375.497 91.8562
978 424.978 216.727 2 373.88 250
979 434.978 216.727 2 372.525 250
980 444.978 216.727 2 371.434 250
981 454.978 216.727 2 370.61 250
982 464.978 216.727 2 370.055 250
983 474.978 216.727 2 369.769 91.7323
984 484.978 216.727 2 369.753 91.7319
985 84.9784 226.727 2 534.766 94.7723
986 94.9784 226.727 2 527.412 94.6562
987 104.978 226.727 2 520.146 250
988 114.978 226.727 2 512.972 250
989 124.978 226.727 2 505.894 250
990 134.978 226.727 2 498.916 94.1918
991 144.978 226.727 2 492.043 94.0762
992 154.978 226.727 2 485.278 93.9609
993 164.978 226.727 2 478.626 93.8461
994 174.978 226.727 2 472.093 93.732
995 184.978 226.727 2 465.682 93.6186
996 194.978 226.727 2 459.4 93.506
997 204.978 226.727 2 453.252 93.3946
998 214.978 226.727 2 447.242 93.2843
999 224.978 226.727 2 441.377 93.1754
1000 234.978 226.727 2 435.663 93.0681
1001 244.978 226.727 2 430.106 92.9625
1002 254.978 226.727 2 424.711 92.8588
1003 264.978 226.727 2 419.485 92.7573
1004 274.978 226.727 2 414.435 92.6581
1005 284.978 226.727 2 409.567 92.5615
1006 294.978 226.727 2 404.887 250
1007 304.978 226.727 2 400.402 250
1008 314.978 226.727 2 396.119 250
1009 324.978 226.727 2 392.044 250
1010 334.978 226.727 2 388.184 250
1011 344.978 226.727 2 384.546 250
1012 354.978 226.727 2 381.135 91.9766
1013 364.978 226.727 2 377.959 91.9089
1014 374.978 226.727 2 375.022 91.8459
1015 384.978 226.727 2 372.33 91.7879
1016 394.978 226.727 2 369.889 91.7349
1017 404.978 226.727 2 367.704 91.6872
1018 414.978 226.727 2 365.78 91.645
1019 424.978 226.727 2 364.12 250
1020 434.978 226.727 2 362.729 250
1021 444.978 226.727 2 361.608 250
1022 454.978 226.727 2 360.762 250
1023 464.978 226.727 2 360.191 250
1024 474.978 226.727 2 359.897 91.5149
1025 484.978 226.727 2 359.881 91.5146
1026 84.9784 236.727 2 528.178 94.6683
1027 94.9784 236.727 2 520.731 94.5494
1028 104.978 236.727 2 513.37 94.4303
1029 114.978 236.727 2 506.1 94.3111
1030 124.978 236.727 2 498.925 250
1031 134.978 236.727 2 491.848 94.0729
1032 144.978 236.727 2 484.874 93.954
1033 154.978 236.727 2 478.008 93.8354
1034 164.978 236.727 2 471.254 93.7172
1035 174.978 236.727 2 464.617 93.5996
1036 184.978 236.727 2 458.102 93.4826
1037 194.978 236.727 2 451.714 93.3665
1038 204.978 236.727 2 445.459 93.2514
1039 214.978 236.727 2 439.343 93.1374
1040 224.978 236.727 2 433.372 93.0247
1041 234.978 236.727 2 427.55 92.9135
1042 244.978 236.727 2 421.886 92.8041
1043 254.978 236.727 2 416.385 92.6965
1044 264.978 236.727 2 411.053 92.5911
1045 274.978 236.727 2 405.898 92.488
1046 284.978 236.727 2 400.926 92.3875
1047 294.978 236.727 2 396.144 250
1048 304.978 236.727 2 391.559 250
1049 314.978 236.727 2 387.179 250
1050 324.978 236.727 2 383.009 250
1051 334.978 236.727 2 379.057 250
1052 344.978 236.727 2 375.33 250
1053 354.978 236.727 2 371.835 91.7771
1054 364.978 236.727 2 368.578 91.7063
1055 374.978 236.727 2 365.566 91.6403
1056 384.978 236.727 2 362.804 91.5794
1057 394.978 236.727 2 360.299 91.5238
1058 404.978 236.727 2 358.055 91.4738
1059 414.978 236.727 2 356.079 250
1060 424.978 236.727 2 354.373 250
1061 434.978 236.727 2 352.943 250
1062 444.978 236.727 2 351.792 250
1063 454.978 236.727 2 350.922 250
1064 464.978 236.727 2 350.335 250
1065 474.978 236.727 2 350.033 91.2927
1066 484.978 236.727 2 350.016 91.2924
1067 84.9784 246.727 2 521.698 94.565
1068 94.9784 246.727 2 514.157 94.4431
1069 104.978 246.727 2 506.701 94.3211
1070 114.978 246.727 2 499.334 94.1988
1071 124.978 246.727 2 492.06 94.0765
1072 134.978 246.727 2 484.883 93.9541
1073 144.978 246.727 2 477.808 93.8319
1074 154.978 246.727 2 470.838 93.7099
1075 164.978 246.727 2 463.98 93.5882
1076 174.978 246.727 2 457.237 93.467
1077 184.978 246.727 2 450.615 93.3464
1078 194.978 246.727 2 444.12 93.2265
1079 204.978 246.727 2 437.757 93.1076
1080 214.978 246.727 2 431.532 92.9897
1081 224.978 246.727 2 425.45 92.8731
1082 234.978 246.727 2 419.519 92.758
1083 244.978 246.727 2 413.745 92.6445
1084 254.978 246.727 2 408.134 92.5329
1085 264.978 246.727 2 402.693 92.4234
1086 274.978 246.727 2 397.43 92.3162
1087 284.978 246.727 2 392.35 92.2116
1088 294.978 246.727 2 387.463 92.1099
1089 304.978 246.727 2 382.774 92.0113
1090 314.978 246.727 2 378.291 91.916
1091 324.978 246.727 2 374.022 91.8244
1092 334.978 246.727 2 369.975 91.7367
1093 344.978 246.727 2 366.155 91.6533
1094 354.978 246.727 2 362.572 91.5743
1095 364.978 246.727 2 359.231 91.5001
1096 374.978 246.727 2 356.139 91.4309
1097 384.978 246.727 2 353.304 91.367
1098 394.978 246.727 2 350.731 91.3086
1099 404.978 246.727 2 348.426 91.2561
1100 414.978 246.727 2 346.394 91.2095
1101 424.978 246.727 2 344.641 91.1691
1102 434.978 246.727 2 343.171 91.1351
1103 444.978 246.727 2 341.986 91.1077
1104 454.978 246.727 2 341.091 91.0869
1105 464.978 246.727 2 340.487 91.0728
1106 474.978 246.727 2 340.176 91.0656
1107 484.978 246.727 2 340.159 91.0652
1108 84.9784 256.727 2 515.331 94.4622
1109 94.9784 256.727 2 507.695 94.3374
1110 104.978 256.727 2 500.143 94.2123
1111 114.978 256.727 2 492.678 94.0869
1112 124.978 256.727 2 485.304 93.9613
1113 134.978 256.727 2 478.026 93.8357
1114 144.978 256.727 2 470.847 93.71
1115 154.978 256.727 2 463.773 93.5845
1116 164.978 256.727 2 456.809 93.4592
1117 174.978 256.727 2 449.958 93.3343
1118 184.978 256.727 2 443.228 93.2099
1119 194.978 256.727 2 436.623 93.0862
1120 204.978 256.727 2 430.149 92.9633
1121 214.978 256.727 2 423.812 92.8414
1122 224.978 256.727 2 417.618 92.7208
1123 234.978 256.727 2 411.574 92.6015
1124 244.978 256.727 2 405.687 92.4838
1125 254.978 256.727 2 399.963 92.3679
1126 264.978 256.727 2 394.41 92.2542
1127 274.978 256.727 2 389.034 92.1427
1128 284.978 256.727 2 383.844 92.0339
1129 294.978 256.727 2 378.846 91.9279
1130 304.978 256.727 2 374.049 91.825
1131 314.978 256.727 2 369.461 91.7255
1132 324.978 256.727 2 365.089 91.6298
1133 334.978 256.727 2 360.941 91.5381
1134 344.978 256.727 2 357.025 91.4507
1135 354.978 256.727 2 353.349 91.368
1136 364.978 256.727 2 349.92 91.2902
1137 374.978 256.727 2 346.745 91.2175
1138 384.978 256.727 2 343.832 91.1504
1139 394.978 256.727 2 341.188 91.0891
1140 404.978 256.727 2 338.818 91.0338
1141 414.978 256.727 2 336.729 90.9848
1142 424.978 256.727 2 334.925 90.9424
1143 434.978 256.727 2 333.411 90.9066
1144 444.978 256.727 2 332.192 90.8776
1145 454.978 256.727 2 331.27 90.8557
1146 464.978 256.727 2 330.649 90.8409
1147 474.978 256.727 2 330.329 90.8332
1148 484.978 256.727 2 330.311 90.8328
1149 84.9784 266.727 2 509.081 94.3602
1150 94.9784 266.727 2 501.35 94.2324
1151 104.978 266.727 2 493.701 94.1042
1152 114.978 266.727 2 486.136 93.9756
1153 124.978 266.727 2 478.662 93.8467
1154 134.978 266.727 2 471.281 250
1155 144.978 266.727 2 463.998 250
1156 154.978 266.727 2 456.818 250
1157 164.978 266.727 2 449.746 250
1158 174.978 266.727 2 442.786 93.2017
1159 184.978 266.727 2 435.945 93.0734
1160 194.978 266.727 2 429.228 92.9457
1161 204.978 266.727 2 422.641 92.8187
1162 214.978 266.727 2 416.189 92.6927
1163 224.978 266.727 2 409.88 92.5678
1164 234.978 266.727 2 403.721 92.4442
1165 244.978 266.727 2 397.717 250
1166 254.978 266.727 2 391.877 250
1167 264.978 266.727 2 386.207 250
1168 274.978 266.727 2 380.716 91.9677
1169 284.978 266.727 2 375.41 91.8543
1170 294.978 266.727 2 370.299 250
1171 304.978 266.727 2 365.39 250
1172 314.978 266.727 2 360.691 250
1173 324.978 266.727 2 356.212 250
1174 334.978 266.727 2 351.959 250
1175 344.978 266.727 2 347.942 250
1176 354.978 266.727 2 344.169 250
1177 364.978 266.727 2 340.648 250
1178 374.978 266.727 2 337.386 250
1179 384.978 266.727 2 334.392 250
1180 394.978 266.727 2 331.672 250
1181 404.978 266.727 2 329.233 250
1182 414.978 266.727 2 327.083 250
1183 424.978 266.727 2 325.225 250
1184 434.978 266.727 2 323.667 250
1185 444.978 266.727 2 322.411 250
1186 454.978 266.727 2 321.461 250
1187 464.978 266.727 2 320.82 250
1188 474.978 266.727 2 320.49 90.5956
1189 484.978 266.727 2 320.472 90.5952
1190 84.9784 276.727 2 502.952 94.259
1191 94.9784 276.727 2 495.125 94.1282
1192 104.978 276.727 2 487.378 93.9968
1193 114.978 276.727 2 479.714 93.865
1194 124.978 276.727 2 472.138 250
1195 134.978 276.727 2 464.653 250
1196 144.978 276.727 2 457.265 250
1197 154.978 276.727 2 449.977 250
1198 164.978 276.727 2 442.796 250
1199 174.978 276.727 2 435.725 93.0693
1200 184.978 276.727 2 428.772 92.937
1201 194.978 276.727 2 421.94 92.8051
1202 204.978 276.727 2 415.237 92.6739
1203 214.978 276.727 2 408.669 92.5436
1204 224.978 276.727 2 402.242 92.4142
1205 234.978 276.727 2 395.964 92.2862
1206 244.978 276.727 2 389.841 250
1207 254.978 276.727 2 383.881 250
1208 264.978 276.727 2 378.091 250
1209 274.978 276.727 2 372.48 91.7911
1210 284.978 276.727 2 367.056 91.673
1211 294.978 276.727 2 361.826 250
1212 304.978 276.727 2 356.801 250
1213 314.978 276.727 2 351.988 250
1214 324.978 276.727 2 347.396 250
1215 334.978 276.727 2 343.034 250
1216 344.978 276.727 2 338.911 250
1217 354.978 276.727 2 335.036 250
1218 364.978 276.727 2 331.418 250
1219 374.978 276.727 2 328.064 250
1220 384.978 276.727 2 324.984 250
1221 394.978 276.727 2 322.185 250
1222 404.978 276.727 2 319.674 250
1223 414.978 276.727 2 317.459 250
1224 424.978 276.727 2 315.545 250
1225 434.978 276.727 2 313.938 250
1226 444.978 276.727 2 312.643 250
1227 454.978 276.727 2 311.663 250
1228 464.978 276.727 2 311.003 250
1229 474.978 276.727 2 310.662 90.3525
1230 484.978 276.727 2 310.644 90.352
1231 84.9784 286.727 2 496.948 94.1588
1232 94.9784 286.727 2 489.025 94.0249
1233 104.978 286.727 2 481.18 93.8904
1234 114.978 286.727 2 473.416 93.7552
1235 124.978 286.727 2 465.737 250
1236 134.978 286.727 2 458.148 250
1237 144.978 286.727 2 450.653 250
1238 154.978 286.727 2 443.257 250
1239 164.978 286.727 2 435.965 250
1240 174.978 286.727 2 428.782 92.9372
1241 184.978 286.727 2 421.713 92.8007
1242 194.978 286.727 2 414.766 92.6646
1243 204.978 286.727 2 407.945 92.5291
1244 214.978 286.727 2 401.257 92.3943
1245 224.978 286.727 2 394.71 92.2604
1246 234.978 286.727 2 388.31 92.1276
1247 244.978 286.727 2 382.064 250
1248 254.978 286.727 2 375.981 250
1249 264.978 286.727 2 370.067 250
1250 274.978 286.727 2 364.333 91.6132
1251 284.978 286.727 2 358.785 91.4901
1252 294.978 286.727 2 353.434 250
1253 304.978 286.727 2 348.287 250
1254 314.978 286.727 2 343.355 250
1255 324.978 286.727 2 338.646 250
1256 334.978 286.727 2 334.17 250
1257 344.978 286.727 2 329.936 250
1258 354.978 286.727 2 325.954 250
1259 364.978 286.727 2 322.234 250
1260 374.978 286.727 2 318.784 250
1261 384.978 286.727 2 315.613 250
1262 394.978 286.727 2 312.73 250
1263 404.978 286.727 2 310.143 250
1264 414.978 286.727 2 307.859 250
1265 424.978 286.727 2 305.885 250
1266 434.978 286.727 2 304.227 250
1267 444.978 286.727 2 302.89 250
1268 454.978 286.727 2 301.879 250
1269 464.978 286.727 2 301.197 250
1270 474.978 286.727 2 300.846 90.1038
1271 484.978 286.727 2 300.826 90.1033
1272 84.9784 296.727 2 491.075 94.0598
1273 94.9784 296.727 2 483.056 93.9227
1274 104.978 296.727 2 475.112 93.7849
1275 114.978 296.727 2 467.247 250
1276 124.978 296.727 2 459.465 250
1277 134.978 296.727 2 451.771 250
1278 144.978 296.727 2 444.168 250
1279 154.978 296.727 2 436.662 250
1280 164.978 296.727 2 429.258 250
1281 174.978 296.727 2 421.96 92.8055
1282 184.978 296.727 2 414.776 92.6648
1283 194.978 296.727 2 407.71 92.5244
1284 204.978 296.727 2 400.769 92.3844
1285 214.978 296.727 2 393.96 92.2449
1286 224.978 296.727 2 387.289 92.1063
1287 234.978 296.727 2 380.764 91.9687
1288 244.978 296.727 2 374.393 250
1289 254.978 296.727 2 368.183 250
1290 264.978 296.727 2 362.142 250
1291 274.978 296.727 2 356.28 91.434
1292 284.978 296.727 2 350.605 91.3058
1293 294.978 296.727 2 345.127 250
1294 304.978 296.727 2 339.854 250
1295 314.978 296.727 2 334.798 250
1296 324.978 296.727 2 329.966 90.8246
1297 334.978 296.727 2 325.371 90.7142
1298 344.978 296.727 2 321.022 90.6086
1299 354.978 296.727 2 316.928 90.5082
1300 364.978 296.727 2 313.1 90.4134
1301 374.978 296.727 2 309.548 90.3246
1302 384.978 296.727 2 306.282 90.2423
1303 394.978 296.727 2 303.31 90.1668
1304 404.978 296.727 2 300.642 250
1305 414.978 296.727 2 298.285 250
1306 424.978 296.727 2 296.248 250
1307 434.978 296.727 2 294.535 250
1308 444.978 296.727 2 293.155 250
1309 454.978 296.727 2 292.11 250
1310 464.978 296.727 2 291.405 250
1311 474.978 296.727 2 291.041 89.8493
1312 484.978 296.727 2 291.022 89.8488
1313 84.9784 306.727 2 485.336 93.9619
1314 94.9784 306.727 2 477.221 93.8217
1315 104.978 306.727 2 469.178 93.6806
1316 114.978 306.727 2 461.212 250
1317 124.978 306.727 2 453.327 250
1318 134.978 306.727 2 445.526 250
1319 144.978 306.727 2 437.815 250
1320 154.978 306.727 2 430.198 250
1321 164.978 306.727 2 422.681 250
1322 174.978 306.727 2 415.268 92.6746
1323 184.978 306.727 2 407.966 92.5295
1324 194.978 306.727 2 400.78 92.3846
1325 204.978 306.727 2 393.717 92.2399
1326 214.978 306.727 2 386.784 92.0957
1327 224.978 306.727 2 379.987 91.9522
1328 234.978 306.727 2 373.334 91.8096
1329 244.978 306.727 2 366.834 250
1330 254.978 306.727 2 360.493 250
1331 264.978 306.727 2 354.322 250
1332 274.978 306.727 2 348.328 91.2538
1333 284.978 306.727 2 342.521 91.1201
1334 294.978 306.727 2 336.912 250
1335 304.978 306.727 2 331.509 250
1336 314.978 306.727 2 326.323 250
1337 324.978 306.727 2 321.364 90.6169
1338 334.978 306.727 2 316.644 250
1339 344.978 306.727 2 312.173 250
1340 354.978 306.727 2 307.962 250
1341 364.978 306.727 2 304.021 90.1849
1342 374.978 306.727 2 300.362 250
1343 384.978 306.727 2 296.995 250
1344 394.978 306.727 2 293.929 250
1345 404.978 306.727 2 291.175 250
1346 414.978 306.727 2 288.741 250
1347 424.978 306.727 2 286.635 250
1348 434.978 306.727 2 284.865 250
1349 444.978 306.727 2 283.437 250
1350 454.978 306.727 2 282.356 250
1351 464.978 306.727 2 281.627 250
1352 474.978 306.727 2 281.251 89.589
1353 484.978 306.727 2 281.23 89.5884
1354 84.9784 316.727 2 479.738 93.8654
1355 94.9784 316.727 2 471.526 93.722
1356 104.978 316.727 2 463.385 93.5776
1357 114.978 316.727 2 455.317 93.4322
1358 124.978 316.727 2 447.328 93.2859
1359 134.978 316.727 2 439.421 250
1360 144.978 316.727 2 431.601 250
1361 154.978 316.727 2 423.872 250
1362 164.978 316.727 2 416.241 250
1363 174.978 316.727 2 408.711 92.5444
1364 184.978 316.727 2 401.289 92.3949
1365 194.978 316.727 2 393.982 92.2454
1366 204.978 316.727 2 386.795 92.0959
1367 214.978 316.727 2 379.735 91.9468
1368 224.978 316.727 2 372.81 91.7982
1369 234.978 316.727 2 366.027 91.6504
1370 244.978 316.727 2 359.394 250
1371 254.978 316.727 2 352.92 250
1372 264.978 316.727 2 346.614 250
1373 274.978 316.727 2 340.484 91.0727
1374 284.978 316.727 2 334.541 90.9333
1375 294.978 316.727 2 328.795 250
1376 304.978 316.727 2 323.257 250
1377 314.978 316.727 2 317.936 250
1378 324.978 316.727 2 312.845 90.407
1379 334.978 316.727 2 307.994 250
1380 344.978 316.727 2 303.396 250
1381 354.978 316.727 2 299.061 250
1382 364.978 316.727 2 295.001 89.9528
1383 374.978 316.727 2 291.229 250
1384 384.978 316.727 2 287.755 250
1385 394.978 316.727 2 284.59 250
1386 404.978 316.727 2 281.744 250
1387 414.978 316.727 2 279.228 250
1388 424.978 316.727 2 277.05 250
1389 434.978 316.727 2 275.218 250
1390 444.978 316.727 2 273.74 250
1391 454.978 316.727 2 272.621 250
1392 464.978 316.727 2 271.865 250
1393 474.978 316.727 2 271.476 89.3227
1394 484.978 316.727 2 271.455 89.3221
1395 84.9784 326.727 2 474.284 93.7704
1396 94.9784 326.727 2 465.976 93.6238
1397 104.978 326.727 2 457.736 93.476
1398 114.978 326.727 2 449.567 93.3271
1399 124.978 326.727 2 441.474 93.1772
1400 134.978 326.727 2 433.46 93.0264
1401 144.978 326.727 2 425.531 92.8747
1402 154.978 326.727 2 417.69 92.7222
1403 164.978 326.727 2 409.943 92.569
1404 174.978 326.727 2 402.296 92.4153
1405 184.978 326.727 2 394.753 92.2613
1406 194.978 326.727 2 387.322 92.107
1407 204.978 326.727 2 380.009 91.9526
1408 214.978 326.727 2 372.821 91.7985
1409 224.978 326.727 2 365.765 91.6447
1410 234.978 326.727 2 358.849 91.4915
1411 244.978 326.727 2 352.081 91.3393
1412 254.978 326.727 2 345.47 91.1882
1413 264.978 326.727 2 339.025 91.0387
1414 274.978 326.727 2 332.756 90.891
1415 284.978 326.727 2 326.673 90.7456
1416 294.978 326.727 2 320.786 90.6028
1417 304.978 326.727 2 315.106 90.4632
1418 314.978 326.727 2 309.646 90.327
1419 324.978 326.727 2 304.416 90.1949
1420 334.978 326.727 2 299.428 90.0674
1421 344.978 326.727 2 294.696 89.9449
1422 354.978 326.727 2 290.232 89.828
1423 364.978 326.727 2 286.047 89.7173
1424 374.978 326.727 2 282.155 89.6133
1425 384.978 326.727 2 278.567 89.5165
1426 394.978 326.727 2 275.297 89.4275
1427 404.978 326.727 2 272.354 89.3468
1428 414.978 326.727 2 269.75 89.275
1429 424.978 326.727 2 267.495 89.2124
1430 434.978 326.727 2 265.598 89.1594
1431 444.978 326.727 2 264.066 89.1165
1432 454.978 326.727 2 262.905 89.0838
1433 464.978 326.727 2 262.121 89.0618
1434 474.978 326.727 2 261.718 89.0504
1435 484.978 326.727 2 261.696 89.0497
1436 84.9784 336.727 2 468.98 93.6771
1437 94.9784 336.727 2 460.577 93.5272
1438 104.978 336.727 2 452.238 93.3761
1439 114.978 336.727 2 443.968 93.2237
1440 124.978 336.727 2 435.771 93.0701
1441 134.978 336.727 2 427.65 92.9155
1442 144.978 336.727 2 419.611 92.7598
1443 154.978 336.727 2 411.657 92.6031
1444 164.978 336.727 2 403.795 92.4457
1445 174.978 336.727 2 396.029 92.2875
1446 184.978 336.727 2 388.365 92.1288
1447 194.978 336.727 2 380.809 91.9696
1448 204.978 336.727 2 373.369 91.8103
1449 214.978 336.727 2 366.05 91.651
1450 224.978 336.727 2 358.861 91.4918
1451 234.978 336.727 2 351.809 91.3331
1452 244.978 336.727 2 344.903 91.1752
1453 254.978 336.727 2 338.152 91.0182
1454 264.978 336.727 2 331.565 90.8627
1455 274.978 336.727 2 325.152 90.7089
1456 284.978 336.727 2 318.923 90.5572
1457 294.978 336.727 2 312.891 90.4081
1458 304.978 336.727 2 307.065 90.2621
1459 314.978 336.727 2 301.459 90.1195
1460 324.978 336.727 2 296.084 89.981
1461 334.978 336.727 2 290.954 89.847
1462 344.978 336.727 2 286.082 89.7182
1463 354.978 336.727 2 281.481 89.5951
1464 364.978 336.727 2 277.164 89.4784
1465 374.978 336.727 2 273.145 89.3686
1466 384.978 336.727 2 269.438 89.2663
1467 394.978 336.727 2 266.055 89.1722
1468 404.978 336.727 2 263.009 89.0868
1469 414.978 336.727 2 260.312 89.0106
1470 424.978 336.727 2 257.974 88.9442
1471 434.978 336.727 2 256.006 88.888
1472 444.978 336.727 2 254.416 88.8423
1473 454.978 336.727 2 253.212 88.8077
1474 464.978 336.727 2 252.398 88.7842
1475 474.978 336.727 2 251.978 88.7721
1476 484.978 336.727 2 251.956 88.7714
1477 84.9784 346.727 2 463.831 93.5855
1478 94.9784 346.727 2 455.333 93.4325
1479 104.978 346.727 2 446.896 250
1480 114.978 346.727 2 438.526 250
1481 124.978 346.727 2 430.225 250
1482 134.978 346.727 2 421.997 250
1483 144.978 346.727 2 413.848 250
1484 154.978 346.727 2 405.782 250
1485 164.978 346.727 2 397.803 250
1486 174.978 346.727 2 389.918 250
1487 184.978 346.727 2 382.131 91.9977
1488 194.978 346.727 2 374.45 91.8336
1489 204.978 346.727 2 366.88 91.6692
1490 214.978 346.727 2 359.43 91.5045
1491 224.978 346.727 2 352.105 91.3398
1492 234.978 346.727 2 344.915 91.1754
1493 244.978 346.727 2 337.868 250
1494 254.978 346.727 2 330.974 250
1495 264.978 346.727 2 324.241 250
1496 274.978 346.727 2 317.68 90.5267
1497 284.978 346.727 2 311.302 90.3685
1498 294.978 346.727 2 305.119 90.2128
1499 304.978 346.727 2 299.142 90.06
1500 314.978 346.727 2 293.384 89.9107
1501 324.978 346.727 2 287.859 89.7654
1502 334.978 346.727 2 282.58 89.6247
1503 344.978 346.727 2 277.561 89.4892
1504 354.978 346.727 2 272.816 89.3595
1505 364.978 346.727 2 268.36 89.2364
1506 374.978 346.727 2 264.207 89.1204
1507 384.978 346.727 2 260.372 250
1508 394.978 346.727 2 256.87 250
1509 404.978 346.727 2 253.714 250
1510 414.978 346.727 2 250.917 250
1511 424.978 346.727 2 248.491 250
1512 434.978 346.727 2 246.447 250
1513 444.978 346.727 2 244.795 88.5627
1514 454.978 346.727 2 243.543 250
1515 464.978 346.727 2 242.697 250
1516 474.978 346.727 2 242.261 88.4879
1517 484.978 346.727 2 242.237 88.4872
1518 84.9784 356.727 2 458.842 93.496
1519 94.9784 356.727 2 450.25 93.3397
1520 104.978 356.727 2 441.716 250
1521 114.978 356.727 2 433.246 250
1522 124.978 356.727 2 424.842 250
1523 134.978 356.727 2 416.508 250
1524 144.978 356.727 2 408.249 250
1525 154.978 356.727 2 400.07 250
1526 164.978 356.727 2 391.975 250
1527 174.978 356.727 2 383.97 250
1528 184.978 356.727 2 376.06 91.8683
1529 194.978 356.727 2 368.252 91.6992
1530 204.978 356.727 2 360.553 91.5295
1531 214.978 356.727 2 352.968 91.3594
1532 224.978 356.727 2 345.507 91.1891
1533 234.978 356.727 2 338.177 91.0188
1534 244.978 356.727 2 330.987 250
1535 254.978 356.727 2 323.945 250
1536 264.978 356.727 2 317.063 250
1537 274.978 356.727 2 310.351 90.3447
1538 284.978 356.727 2 303.819 90.1798
1539 294.978 356.727 2 297.48 90.0171
1540 304.978 356.727 2 291.347 89.8573
1541 314.978 356.727 2 285.432 89.7009
1542 324.978 356.727 2 279.75 89.5485
1543 334.978 356.727 2 274.314 89.4006
1544 344.978 356.727 2 269.141 89.2581
1545 354.978 356.727 2 264.245 89.1215
1546 364.978 356.727 2 259.642 88.9916
1547 374.978 356.727 2 255.348 88.8691
1548 384.978 356.727 2 251.378 88.7547
1549 394.978 356.727 2 247.749 250
1550 404.978 356.727 2 244.475 250
1551 414.978 356.727 2 241.57 250
1552 424.978 356.727 2 239.05 250
1553 434.978 356.727 2 236.925 250
1554 444.978 356.727 2 235.206 88.2776
1555 454.978 356.727 2 233.902 250
1556 464.978 356.727 2 233.021 250
1557 474.978 356.727 2 232.567 88.1981
1558 484.978 356.727 2 232.542 88.1973
1559 84.9784 366.727 2 454.019 93.4086
1560 94.9784 366.727 2 445.333 93.249
1561 104.978 366.727 2 436.704 250
1562 114.978 366.727 2 428.134 250
1563 124.978 366.727 2 419.628 250
1564 134.978 366.727 2 411.188 250
1565 144.978 366.727 2 402.82 250
1566 154.978 366.727 2 394.529 250
1567 164.978 366.727 2 386.318 250
1568 174.978 366.727 2 378.193 250
1569 184.978 366.727 2 370.16 91.7408
1570 194.978 366.727 2 362.225 250
1571 204.978 366.727 2 354.394 250
1572 214.978 366.727 2 346.675 250
1573 224.978 366.727 2 339.075 250
1574 234.978 366.727 2 331.603 250
1575 244.978 366.727 2 324.267 250
1576 254.978 366.727 2 317.077 250
1577 264.978 366.727 2 310.042 250
1578 274.978 366.727 2 303.174 90.1633
1579 284.978 366.727 2 296.484 89.9913
1580 294.978 366.727 2 289.985 89.8215
1581 304.978 366.727 2 283.69 89.6544
1582 314.978 366.727 2 277.612 89.4906
1583 324.978 366.727 2 271.766 89.3307
1584 334.978 366.727 2 266.168 89.1753
1585 344.978 366.727 2 260.833 89.0254
1586 354.978 366.727 2 255.778 88.8814
1587 364.978 366.727 2 251.02 88.7443
1588 374.978 366.727 2 246.575 88.6149
1589 384.978 366.727 2 242.462 88.4939
1590 394.978 366.727 2 238.697 250
1591 404.978 366.727 2 235.297 250
1592 414.978 366.727 2 232.279 250
1593 424.978 366.727 2 229.656 250
1594 434.978 366.727 2 227.443 250
1595 444.978 366.727 2 225.652 87.9876
1596 454.978 366.727 2 224.293 250
1597 464.978 366.727 2 223.374 250
1598 474.978 366.727 2 222.9 87.9029
1599 484.978 366.727 2 222.874 87.9021
1600 84.9784 376.727 2 449.367 93.3235
1601 94.9784 376.727 2 440.589 93.1607
1602 104.978 376.727 2 431.865 250
1603 114.978 376.727 2 423.197 250
1604 124.978 376.727 2 414.589 250
1605 134.978 376.727 2 406.045 250
1606 144.978 376.727 2 397.569 250
1607 154.978 376.727 2 389.166 250
1608 164.978 376.727 2 380.839 250
1609 174.978 376.727 2 372.595 250
1610 184.978 376.727 2 364.438 91.6155
1611 194.978 376.727 2 356.376 250
1612 204.978 376.727 2 348.414 250
1613 214.978 376.727 2 340.559 250
1614 224.978 376.727 2 332.82 250
1615 234.978 376.727 2 325.204 250
1616 244.978 376.727 2 317.72 250
1617 254.978 376.727 2 310.378 250
1618 264.978 376.727 2 303.188 250
1619 274.978 376.727 2 296.161 89.983
1620 284.978 376.727 2 289.31 89.8037
1621 294.978 376.727 2 282.646 89.6264
1622 304.978 376.727 2 276.183 89.4517
1623 314.978 376.727 2 269.936 89.2801
1624 324.978 376.727 2 263.92 89.1124
1625 334.978 376.727 2 258.152 88.9492
1626 344.978 376.727 2 252.648 88.7914
1627 354.978 376.727 2 247.426 88.6398
1628 364.978 376.727 2 242.503 88.4951
1629 374.978 376.727 2 237.9 88.3583
1630 384.978 376.727 2 233.634 250
1631 394.978 376.727 2 229.725 250
1632 404.978 376.727 2 226.19 250
1633 414.978 376.727 2 223.048 250
1634 424.978 376.727 2 220.315 250
1635 434.978 376.727 2 218.008 250
1636 444.978 376.727 2 216.138 250
1637 454.978 376.727 2 214.719 250
1638 464.978 376.727 2 213.759 250
1639 474.978 376.727 2 213.263 87.603
1640 484.978 376.727 2 213.236 87.6022
1641 84.9784 386.727 2 444.89 93.2408
1642 94.9784 386.727 2 436.023 93.0749
1643 104.978 386.727 2 427.205 92.9069
1644 114.978 386.727 2 418.441 250
1645 124.978 386.727 2 409.733 250
1646 134.978 386.727 2 401.086 250
1647 144.978 386.727 2 392.503 250
1648 154.978 386.727 2 383.988 250
1649 164.978 386.727 2 375.547 250
1650 174.978 386.727 2 367.184 250
1651 184.978 386.727 2 358.904 91.4928
1652 194.978 386.727 2 350.715 250
1653 204.978 386.727 2 342.621 250
1654 214.978 386.727 2 334.631 250
1655 224.978 386.727 2 326.751 250
1656 234.978 386.727 2 318.99 250
1657 244.978 386.727 2 311.357 250
1658 254.978 386.727 2 303.861 250
1659 264.978 386.727 2 296.513 250
1660 274.978 386.727 2 289.324 89.8041
1661 284.978 386.727 2 282.307 89.6173
1662 294.978 386.727 2 275.473 89.4323
1663 304.978 386.727 2 268.838 89.2497
1664 314.978 386.727 2 262.417 89.0701
1665 324.978 386.727 2 256.225 88.8942
1666 334.978 386.727 2 250.279 88.7228
1667 344.978 386.727 2 244.598 88.5568
1668 354.978 386.727 2 239.2 88.3971
1669 364.978 386.727 2 234.105 88.2445
1670 374.978 386.727 2 229.333 88.1
1671 384.978 386.727 2 224.904 250
1672 394.978 386.727 2 220.84 250
1673 404.978 386.727 2 217.161 250
1674 414.978 386.727 2 213.886 250
1675 424.978 386.727 2 211.035 250
1676 434.978 386.727 2 208.625 250
1677 444.978 386.727 2 206.671 250
1678 454.978 386.727 2 205.186 250
1679 464.978 386.727 2 204.181 250
1680 474.978 386.727 2 203.662 87.2992
1681 484.978 386.727 2 203.634 87.2983
1682 84.9784 396.727 2 440.596 93.1608
1683 94.9784 396.727 2 431.64 92.9918
1684 104.978 396.727 2 422.731 92.8205
1685 114.978 396.727 2 413.872 92.647
1686 124.978 396.727 2 405.066 92.4713
1687 134.978 396.727 2 396.317 92.2934
1688 144.978 396.727 2 387.628 92.1134
1689 154.978 396.727 2 379.004 91.9312
1690 164.978 396.727 2 370.449 91.747
1691 174.978 396.727 2 361.968 91.5609
1692 184.978 396.727 2 353.567 91.3729
1693 194.978 396.727 2 345.25 91.1832
1694 204.978 396.727 2 337.026 90.9918
1695 214.978 396.727 2 328.899 90.7991
1696 224.978 396.727 2 320.879 90.6051
1697 234.978 396.727 2 312.972 90.4102
1698 244.978 396.727 2 305.189 250
1699 254.978 396.727 2 297.538 250
1700 264.978 396.727 2 290.03 250
1701 274.978 396.727 2 282.676 89.6272
1702 284.978 396.727 2 275.489 89.4328
1703 294.978 396.727 2 268.482 89.2398
1704 304.978 396.727 2 261.67 89.049
1705 314.978 396.727 2 255.068 88.8611
1706 324.978 396.727 2 248.693 88.6767
1707 334.978 396.727 2 242.562 88.4968
1708 344.978 396.727 2 236.696 88.3223
1709 354.978 396.727 2 231.114 88.1541
1710 364.978 396.727 2 225.836 87.9932
1711 374.978 396.727 2 220.886 87.8407
1712 384.978 396.727 2 216.284 250
1713 394.978 396.727 2 212.055 250
1714 404.978 396.727 2 208.221 250
1715 414.978 396.727 2 204.803 250
1716 424.978 396.727 2 201.824 250
1717 434.978 396.727 2 199.302 250
1718 444.978 396.727 2 197.256 250
1719 454.978 396.727 2 195.7 250
1720 464.978 396.727 2 194.645 250
1721 474.978 396.727 2 194.101 86.9926
1722 484.978 396.727 2 194.072 86.9916
1723 84.9784 406.727 2 436.488 93.0837
1724 94.9784 406.727 2 427.446 92.9115
1725 104.978 406.727 2 418.448 92.737
1726 114.978 406.727 2 409.496 92.5601
1727 124.978 406.727 2 400.594 92.3808
1728 134.978 406.727 2 391.745 92.1991
1729 144.978 406.727 2 382.952 92.0151
1730 154.978 406.727 2 374.22 91.8287
1731 164.978 406.727 2 365.553 91.64
1732 174.978 406.727 2 356.956 91.4492
1733 184.978 406.727 2 348.434 91.2562
1734 194.978 406.727 2 339.992 91.0613
1735 204.978 406.727 2 331.637 90.8644
1736 214.978 406.727 2 323.376 90.6659
1737 224.978 406.727 2 315.215 90.4658
1738 234.978 406.727 2 307.162 90.2645
1739 244.978 406.727 2 299.228 90.0622
1740 254.978 406.727 2 291.42 89.8592
1741 264.978 406.727 2 283.75 89.656
1742 274.978 406.727 2 276.229 89.453
1743 284.978 406.727 2 268.87 89.2506
1744 294.978 406.727 2 261.686 89.0495
1745 304.978 406.727 2 254.692 88.8503
1746 314.978 406.727 2 247.904 88.6537
1747 324.978 406.727 2 241.34 88.4607
1748 334.978 406.727 2 235.018 88.272
1749 344.978 406.727 2 228.959 88.0886
1750 354.978 406.727 2 223.183 87.9117
1751 364.978 406.727 2 217.713 87.7422
1752 374.978 406.727 2 212.573 87.5813
1753 384.978 406.727 2 207.788 87.4303
1754 394.978 406.727 2 203.382 87.2902
1755 404.978 406.727 2 199.381 87.1623
1756 414.978 406.727 2 195.81 87.0476
1757 424.978 406.727 2 192.691 86.9471
1758 434.978 406.727 2 190.048 86.8618
1759 444.978 406.727 2 187.901 86.7924
1760 454.978 406.727 2 186.267 86.7395
1761 464.978 406.727 2 185.159 86.7036
1762 474.978 406.727 2 184.587 86.6851
1763 484.978 406.727 2 184.556 86.6841
1764 84.9784 416.727 2 432.572 93.0095
1765 94.9784 416.727 2 423.447 92.8344
1766 104.978 416.727 2 414.362 92.6567
1767 114.978 416.727 2 405.32 250
1768 124.978 416.727 2 396.324 250
1769 134.978 416.727 2 387.377 250
1770 144.978 416.727 2 378.483 250
1771 154.978 416.727 2 369.646 91.7296
1772 164.978 416.727 2 360.869 91.5365
1773 174.978 416.727 2 352.157 91.341
1774 184.978 416.727 2 343.516 91.1431
1775 194.978 416.727 2 334.95 90.943
1776 204.978 416.727 2 326.466 90.7406
1777 214.978 416.727 2 318.07 90.5363
1778 224.978 416.727 2 309.77 90.3301
1779 234.978 416.727 2 301.572 90.1224
1780 244.978 416.727 2 293.486 89.9133
1781 254.978 416.727 2 285.522 89.7033
1782 264.978 416.727 2 277.689 89.4927
1783 274.978 416.727 2 269.999 89.2819
1784 284.978 416.727 2 262.466 89.0715
1785 294.978 416.727 2 255.101 88.862
1786 304.978 416.727 2 247.922 88.6542
1787 314.978 416.727 2 240.943 88.4489
1788 324.978 416.727 2 234.184 88.2469
1789 334.978 416.727 2 227.663 88.0491
1790 344.978 416.727 2 221.402 87.8567
1791 354.978 416.727 2 215.424 87.6707
1792 364.978 416.727 2 209.752 87.4924
1793 374.978 416.727 2 204.413 87.3231
1794 384.978 416.727 2 199.432 87.1639
1795 394.978 416.727 2 194.837 87.0163
1796 404.978 416.727 2 190.657 86.8814
1797 414.978 416.727 2 186.918 86.7606
1798 424.978 416.727 2 183.649 86.6547
1799 434.978 416.727 2 180.874 86.5648
1800 444.978 416.727 2 178.617 86.4918
1801 454.978 416.727 2 176.896 86.4362
1802 464.978 416.727 2 175.729 86.3985
1803 474.978 416.727 2 175.127 86.379
1804 484.978 416.727 2 175.094 86.378
1805 84.9784 426.727 2 428.854 92.9385
1806 94.9784 426.727 2 419.647 92.7605
1807 104.978 426.727 2 410.478 92.5797
1808 114.978 426.727 2 401.349 250
1809 124.978 426.727 2 392.262 250
1810 134.978 426.727 2 383.22 250
1811 144.978 426.727 2 374.228 250
1812 154.978 426.727 2 365.287 91.6342
1813 164.978 426.727 2 356.403 250
1814 174.978 426.727 2 347.58 250
1815 184.978 426.727 2 338.822 250
1816 194.978 426.727 2 330.135 250
1817 204.978 426.727 2 321.523 250
1818 214.978 426.727 2 312.995 250
1819 224.978 426.727 2 304.556 90.1985
1820 234.978 426.727 2 296.214 250
1821 244.978 426.727 2 287.978 250
1822 254.978 426.727 2 279.857 250
1823 264.978 426.727 2 271.861 250
1824 274.978 426.727 2 264.001 89.1147
1825 284.978 426.727 2 256.291 88.8961
1826 294.978 426.727 2 248.744 88.6782
1827 304.978 426.727 2 241.375 250
1828 314.978 426.727 2 234.202 250
1829 324.978 426.727 2 227.242 250
1830 334.978 426.727 2 220.517 250
1831 344.978 426.727 2 214.047 250
1832 354.978 426.727 2 207.857 250
1833 364.978 426.727 2 201.973 250
1834 374.978 426.727 2 196.422 250
1835 384.978 426.727 2 191.233 250
1836 394.978 426.727 2 186.436 250
1837 404.978 426.727 2 182.063 250
1838 414.978 426.727 2 178.144 250
1839 424.978 426.727 2 174.711 250
1840 434.978 426.727 2 171.792 250
1841 444.978 426.727 2 169.413 250
1842 454.978 426.727 2 167.599 250
1843 464.978 426.727 2 166.367 86.0982
1844 474.978 426.727 2 165.73 86.0779
1845 484.978 426.727 2 165.695 250
1846 84.9784 436.727 2 425.338 92.8709
1847 94.9784 436.727 2 416.054 92.69
1848 104.978 436.727 2 406.804 92.5062
1849 114.978 436.727 2 397.59 250
1850 124.978 436.727 2 388.415 250
1851 134.978 436.727 2 379.282 250
1852 144.978 436.727 2 370.194 250
1853 154.978 436.727 2 361.154 91.5428
1854 164.978 436.727 2 352.165 250
1855 174.978 436.727 2 343.233 250
1856 184.978 436.727 2 334.361 250
1857 194.978 436.727 2 325.555 250
1858 204.978 436.727 2 316.819 250
1859 214.978 436.727 2 308.16 250
1860 224.978 436.727 2 299.585 90.0714
1861 234.978 436.727 2 291.101 250
1862 244.978 436.727 2 282.716 250
1863 254.978 436.727 2 274.439 250
1864 264.978 436.727 2 266.28 250
1865 274.978 436.727 2 258.251 88.9521
1866 284.978 436.727 2 250.364 88.7253
1867 294.978 436.727 2 242.633 88.4989
1868 304.978 436.727 2 235.073 250
1869 314.978 436.727 2 227.701 250
1870 324.978 436.727 2 220.536 250
1871 334.978 436.727 2 213.599 250
1872 344.978 436.727 2 206.913 250
1873 354.978 436.727 2 200.503 250
1874 364.978 436.727 2 194.397 250
1875 374.978 436.727 2 188.623 250
1876 384.978 436.727 2 183.213 250
1877 394.978 436.727 2 178.201 250
1878 404.978 436.727 2 173.62 250
1879 414.978 436.727 2 169.506 250
1880 424.978 436.727 2 165.894 250
1881 434.978 436.727 2 162.817 250
1882 444.978 436.727 2 160.306 250
1883 454.978 436.727 2 158.387 250
1884 464.978 436.727 2 157.082 85.8074
1885 474.978 436.727 2 156.408 85.7867
1886 484.978 436.727 2 156.371 250
1887 84.9784 446.727 2 422.03 92.8069
1888 94.9784 446.727 2 412.672 92.6232
1889 104.978 446.727 2 403.344 92.4365
1890 114.978 446.727 2 394.049 250
1891 124.978 446.727 2 384.79 250
1892 134.978 446.727 2 375.569 250
1893 144.978 446.727 2 366.388 250
1894 154.978 446.727 2 357.252 91.4558
1895 164.978 446.727 2 348.163 250
1896 174.978 446.727 2 339.125 250
1897 184.978 446.727 2 330.143 250
1898 194.978 446.727 2 321.221 250
1899 204.978 446.727 2 312.364 250
1900 214.978 446.727 2 303.578 250
1901 224.978 446.727 2 294.87 89.9494
1902 234.978 446.727 2 286.246 250
1903 244.978 446.727 2 277.714 250
1904 254.978 446.727 2 269.284 250
1905 264.978 446.727 2 260.964 250
1906 274.978 446.727 2 252.766 88.7948
1907 284.978 446.727 2 244.702 88.5599
1908 294.978 446.727 2 236.786 88.325
1909 304.978 446.727 2 229.033 250
1910 314.978 446.727 2 221.46 250
1911 324.978 446.727 2 214.087 250
1912 334.978 446.727 2 206.934 250
1913 344.978 446.727 2 200.025 250
1914 354.978 446.727 2 193.387 250
1915 364.978 446.727 2 187.048 250
1916 374.978 446.727 2 181.04 250
1917 384.978 446.727 2 175.397 250
1918 394.978 446.727 2 170.154 250
1919 404.978 446.727 2 165.351 250
1920 414.978 446.727 2 161.026 250
1921 424.978 446.727 2 157.219 250
1922 434.978 446.727 2 153.969 250
1923 444.978 446.727 2 151.311 250
1924 454.978 446.727 2 149.276 250
1925 464.978 446.727 2 147.891 85.5327
1926 474.978 446.727 2 147.175 85.5121
1927 484.978 446.727 2 147.135 250
1928 84.9784 456.727 2 418.935 92.7465
1929 94.9784 456.727 2 409.506 92.5603
1930 104.978 456.727 2 400.104 92.3708
1931 114.978 456.727 2 390.733 250
1932 124.978 456.727 2 381.393 250
1933 134.978 456.727 2 372.087 250
1934 144.978 456.727 2 362.819 250
1935 154.978 456.727 2 353.59 91.3734
1936 164.978 456.727 2 344.404 250
1937 174.978 456.727 2 335.265 250
1938 184.978 456.727 2 326.177 250
1939 194.978 456.727 2 317.143 250
1940 204.978 456.727 2 308.169 250
1941 214.978 456.727 2 299.26 250
1942 224.978 456.727 2 290.423 89.833
1943 234.978 456.727 2 281.663 250
1944 244.978 456.727 2 272.988 250
1945 254.978 456.727 2 264.406 250
1946 264.978 456.727 2 255.928 250
1947 274.978 456.727 2 247.564 88.6438
1948 284.978 456.727 2 239.325 88.4008
1949 294.978 456.727 2 231.224 88.1575
1950 304.978 456.727 2 223.278 250
1951 314.978 456.727 2 215.503 250
1952 324.978 456.727 2 207.919 250
1953 334.978 456.727 2 200.546 250
1954 344.978 456.727 2 193.409 250
1955 354.978 456.727 2 186.536 250
1956 364.978 456.727 2 179.956 250
1957 374.978 456.727 2 173.703 250
1958 384.978 456.727 2 167.813 250
1959 394.978 456.727 2 162.325 250
1960 404.978 456.727 2 157.283 250
1961 414.978 456.727 2 152.73 250
1962 424.978 456.727 2 148.711 250
1963 434.978 456.727 2 145.27 250
1964 444.978 456.727 2 142.45 250
1965 454.978 456.727 2 140.287 250
1966 464.978 456.727 2 138.812 85.2835
1967 474.978 456.727 2 138.048 85.264
1968 484.978 456.727 2 138.007 250
1969 84.9784 466.727 2 416.057 92.6901
1970 94.9784 466.727 2 406.561 92.5014
1971 104.978 466.727 2 397.09 92.3093
1972 114.978 466.727 2 387.646 250
1973 124.978 466.727 2 378.229 250
1974 134.978 466.727 2 368.844 250
1975 144.978 466.727 2 359.492 250
1976 154.978 466.727 2 350.176 91.296
1977 164.978 466.727 2 340.898 250
1978 174.978 466.727 2 331.662 250
1979 184.978 466.727 2 322.472 250
1980 194.978 466.727 2 313.332 250
1981 204.978 466.727 2 304.246 250
1982 214.978 466.727 2 295.218 250
1983 224.978 466.727 2 286.256 89.7228
1984 234.978 466.727 2 277.364 250
1985 244.978 466.727 2 268.55 250
1986 254.978 466.727 2 259.823 250
1987 264.978 466.727 2 251.19 250
1988 274.978 466.727 2 242.662 88.4998
1989 284.978 466.727 2 234.25 88.2489
1990 294.978 466.727 2 225.968 87.9973
1991 304.978 466.727 2 217.831 250
1992 314.978 466.727 2 209.854 250
1993 324.978 466.727 2 202.057 250
1994 334.978 466.727 2 194.462 250
1995 344.978 466.727 2 187.094 250
1996 354.978 466.727 2 179.979 250
1997 364.978 466.727 2 173.15 250
1998 374.978 466.727 2 166.642 250
1999 384.978 466.727 2 160.493 250
2000 394.978 466.727 2 154.747 250
2001 404.978 466.727 2 149.449 250
2002 414.978 466.727 2 144.65 250
2003 424.978 466.727 2 140.399 250
2004 434.978 466.727 2 136.75 250
2005 444.978 466.727 2 133.75 250
2006 454.978 466.727 2 131.444 250
2007 464.978 466.727 2 129.869 85.073
2008 474.978 466.727 2 129.052 85.0561
2009 484.978 466.727 2 129.007 250
2010 84.9784 476.727 2 413.401 92.6377
2011 94.9784 476.727 2 403.843 92.4466
2012 104.978 476.727 2 394.306 92.2521
2013 114.978 476.727 2 384.794 92.0539
2014 124.978 476.727 2 375.306 91.8521
2015 134.978 476.727 2 365.846 91.6465
2016 144.978 476.727 2 356.415 91.4371
2017 154.978 476.727 2 347.016 91.2238
2018 164.978 476.727 2 337.651 91.0065
2019 174.978 476.727 2 328.324 90.7853
2020 184.978 476.727 2 319.038 90.5601
2021 194.978 476.727 2 309.797 90.3308
2022 204.978 476.727 2 300.603 90.0976
2023 214.978 476.727 2 291.463 89.8604
2024 224.978 476.727 2 282.382 89.6193
2025 234.978 476.727 2 273.364 89.3746
2026 244.978 476.727 2 264.417 89.1263
2027 254.978 476.727 2 255.548 88.8748
2028 264.978 476.727 2 246.766 88.6205
2029 274.978 476.727 2 238.079 88.3637
2030 284.978 476.727 2 229.5 88.1051
2031 294.978 476.727 2 221.04 87.8455
2032 304.978 476.727 2 212.714 250
2033 314.978 476.727 2 204.538 250
2034 324.978 476.727 2 196.53 250
2035 334.978 476.727 2 188.713 250
2036 344.978 476.727 2 181.111 250
2037 354.978 476.727 2 173.752 250
2038 364.978 476.727 2 166.668 250
2039 374.978 476.727 2 159.896 250
2040 384.978 476.727 2 153.477 250
2041 394.978 476.727 2 147.457 250
2042 404.978 476.727 2 141.887 250
2043 414.978 476.727 2 136.823 250
2044 424.978 476.727 2 132.322 250
2045 434.978 476.727 2 128.443 250
2046 444.978 476.727 2 125.244 250
2047 454.978 476.727 2 122.778 250
2048 464.978 476.727 2 121.091 84.9197
2049 474.978 476.727 2 120.214 84.9084
2050 484.978 476.727 2 120.166 250
2051 84.9784 486.727 2 410.972 92.5895
2052 94.9784 486.727 2 401.355 92.3963
2053 104.978 486.727 2 391.758 92.1994
2054 114.978 486.727 2 382.182 91.9988
2055 124.978 486.727 2 372.628 91.7943
2056 134.978 486.727 2 363.098 91.5859
2057 144.978 486.727 2 353.594 91.3735
2058 154.978 486.727 2 344.118 91.157
2059 164.978 486.727 2 334.672 90.9364
2060 174.978 486.727 2 325.26 90.7115
2061 184.978 486.727 2 315.884 90.4824
2062 194.978 486.727 2 306.547 90.249
2063 204.978 486.727 2 297.253 90.0112
2064 214.978 486.727 2 288.007 89.7693
2065 224.978 486.727 2 278.812 89.5231
2066 234.978 486.727 2 269.675 89.2729
2067 244.978 486.727 2 260.602 89.0188
2068 254.978 486.727 2 251.599 88.7611
2069 264.978 486.727 2 242.673 88.5001
2070 274.978 486.727 2 233.835 88.2364
2071 284.978 486.727 2 225.094 87.9704
2072 294.978 486.727 2 216.462 87.7032
2073 304.978 486.727 2 207.952 87.4355
2074 314.978 486.727 2 199.581 87.1687
2075 324.978 486.727 2 191.367 86.9044
2076 334.978 486.727 2 183.329 86.6444
2077 344.978 486.727 2 175.494 86.3909
2078 354.978 486.727 2 167.889 86.1466
2079 364.978 486.727 2 160.546 85.9147
2080 374.978 486.727 2 153.504 85.6985
2081 384.978 486.727 2 146.806 85.5016
2082 394.978 486.727 2 140.501 85.3277
2083 404.978 486.727 2 134.644 85.1801
2084 414.978 486.727 2 129.296 85.0611
2085 424.978 486.727 2 124.523 84.9717
2086 434.978 486.727 2 120.393 84.9106
2087 444.978 486.727 2 116.974 84.8742
2088 454.978 486.727 2 114.331 84.8566
2089 464.978 486.727 2 112.516 84.8506
2090 474.978 486.727 2 111.573 84.8496
2091 484.978 486.727 2 111.521 84.8496
2092 84.9784 496.727 2 408.772 92.5456
2093 94.9784 496.727 2 399.103 92.3504
2094 104.978 496.727 2 389.45 250
2095 114.978 496.727 2 379.816 250
2096 124.978 496.727 2 370.201 250
2097 134.978 496.727 2 360.607 250
2098 144.978 496.727 2 351.035 250
2099 154.978 496.727 2 341.488 250
2100 164.978 496.727 2 331.968 250
2101 174.978 496.727 2 322.476 250
2102 184.978 496.727 2 313.017 250
2103 194.978 496.727 2 303.592 250
2104 204.978 496.727 2 294.205 89.9321
2105 214.978 496.727 2 284.859 89.6856
2106 224.978 496.727 2 275.56 89.4347
2107 234.978 496.727 2 266.312 250
2108 244.978 496.727 2 257.119 250
2109 254.978 496.727 2 247.99 250
2110 264.978 496.727 2 238.93 250
2111 274.978 496.727 2 229.947 88.1187
2112 284.978 496.727 2 221.053 87.8459
2113 294.978 496.727 2 212.256 87.5714
2114 304.978 496.727 2 203.571 87.2963
2115 314.978 496.727 2 195.012 87.0219
2116 324.978 496.727 2 186.596 86.7501
2117 334.978 496.727 2 178.344 86.483
2118 344.978 496.727 2 170.28 86.2231
2119 354.978 496.727 2 162.431 85.9737
2120 364.978 496.727 2 154.829 85.7385
2121 374.978 496.727 2 147.515 85.5219
2122 384.978 496.727 2 140.532 85.3285
2123 394.978 496.727 2 133.931 85.1632
2124 404.978 496.727 2 127.774 85.0307
2125 414.978 496.727 2 122.125 84.9342
2126 424.978 496.727 2 117.06 84.875
2127 434.978 496.727 2 112.657 84.8509
2128 444.978 496.727 2 108.995 84.8553
2129 454.978 496.727 2 106.153 84.8776
2130 464.978 496.727 2 104.197 84.9041
2131 474.978 496.727 2 103.177 84.922
2132 484.978 496.727 2 103.121 84.9231
2133 84.9784 506.727 2 406.807 92.5063
2134 94.9784 506.727 2 397.09 92.3093
2135 104.978 506.727 2 387.387 250
2136 114.978 506.727 2 377.7 250
2137 124.978 506.727 2 368.029 250
2138 134.978 506.727 2 358.377 250
2139 144.978 506.727 2 348.744 250
2140 154.978 506.727 2 339.133 250
2141 164.978 506.727 2 329.544 250
2142 174.978 506.727 2 319.981 250
2143 184.978 506.727 2 310.446 250
2144 194.978 506.727 2 300.94 250
2145 204.978 506.727 2 291.468 89.8605
2146 214.978 506.727 2 282.032 89.6099
2147 224.978 506.727 2 272.636 89.3546
2148 234.978 506.727 2 263.285 250
2149 244.978 506.727 2 253.983 250
2150 254.978 506.727 2 244.736 250
2151 264.978 506.727 2 235.551 250
2152 274.978 506.727 2 226.435 88.0116
2153 284.978 506.727 2 217.397 87.7323
2154 294.978 506.727 2 208.446 250
2155 304.978 506.727 2 199.595 250
2156 314.978 506.727 2 190.858 250
2157 324.978 506.727 2 182.25 250
2158 334.978 506.727 2 173.792 250
2159 344.978 506.727 2 165.506 250
2160 354.978 506.727 2 157.419 250
2161 364.978 506.727 2 149.563 250
2162 374.978 506.727 2 141.978 250
2163 384.978 506.727 2 134.708 250
2164 394.978 506.727 2 127.807 250
2165 404.978 506.727 2 121.339 250
2166 414.978 506.727 2 115.376 250
2167 424.978 506.727 2 110 84.8516
2168 434.978 506.727 2 105.302 84.8879
2169 444.978 506.727 2 101.376 84.961
2170 454.978 506.727 2 98.3133 85.0521
2171 464.978 506.727 2 96.1977 85.1361
2172 474.978 506.727 2 95.0919 85.1879
2173 484.978 506.727 2 95.0313 250
2174 84.9784 516.727 2 405.079 92.4715
2175 94.9784 516.727 2 395.319 92.2729
2176 104.978 516.727 2 385.572 250
2177 114.978 516.727 2 375.838 250
2178 124.978 516.727 2 366.118 250
2179 134.978 516.727 2 356.414 250
2180 144.978 516.727 2 346.727 250
2181 154.978 516.727 2 337.058 250
2182 164.978 516.727 2 327.409 250
2183 174.978 516.727 2 317.781 250
2184 184.978 516.727 2 308.178 250
2185 194.978 516.727 2 298.6 250
2186 204.978 516.727 2 289.051 89.7969
2187 214.978 516.727 2 279.533 89.5426
2188 224.978 516.727 2 270.051 89.2833
2189 234.978 516.727 2 260.607 250
2190 244.978 516.727 2 251.206 250
2191 254.978 516.727 2 241.853 250
2192 264.978 516.727 2 232.554 250
2193 274.978 516.727 2 223.316 87.9158
2194 284.978 516.727 2 214.146 87.6307
2195 294.978 516.727 2 205.053 250
2196 304.978 516.727 2 196.049 250
2197 314.978 516.727 2 187.146 250
2198 324.978 516.727 2 178.36 250
2199 334.978 516.727 2 169.708 250
2200 344.978 516.727 2 161.212 250
2201 354.978 516.727 2 152.898 250
2202 364.978 516.727 2 144.797 250
2203 374.978 516.727 2 136.948 250
2204 384.978 516.727 2 129.395 250
2205 394.978 516.727 2 122.195 250
2206 404.978 516.727 2 115.413 250
2207 414.978 516.727 2 109.127 250
2208 424.978 516.727 2 103.427 84.9173
2209 434.978 516.727 2 98.4153 85.0485
2210 444.978 516.727 2 94.2022 85.2338
2211 454.978 516.727 2 90.8984 85.4421
2212 464.978 516.727 2 88.6059 85.6277
2213 474.978 516.727 2 87.4042 85.7408
2214 484.978 516.727 2 87.3383 250
2215 84.9784 526.727 2 403.591 92.4415
2216 94.9784 526.727 2 393.795 92.2415
2217 104.978 526.727 2 384.009 250
2218 114.978 526.727 2 374.234 250
2219 124.978 526.727 2 364.472 250
2220 134.978 526.727 2 354.723 250
2221 144.978 526.727 2 344.988 250
2222 154.978 526.727 2 335.269 250
2223 164.978 526.727 2 325.567 250
2224 174.978 526.727 2 315.883 250
2225 184.978 526.727 2 306.22 250
2226 194.978 526.727 2 296.579 250
2227 204.978 526.727 2 286.963 89.7416
2228 214.978 526.727 2 277.373 89.4841
2229 224.978 526.727 2 267.814 89.2212
2230 234.978 526.727 2 258.288 250
2231 244.978 526.727 2 248.8 250
2232 254.978 526.727 2 239.353 250
2233 264.978 526.727 2 229.953 250
2234 274.978 526.727 2 220.606 87.832
2235 284.978 526.727 2 211.318 87.5418
2236 294.978 526.727 2 202.099 250
2237 304.978 526.727 2 192.957 250
2238 314.978 526.727 2 183.904 250
2239 324.978 526.727 2 174.955 250
2240 334.978 526.727 2 166.126 250
2241 344.978 526.727 2 157.436 250
2242 354.978 526.727 2 148.912 250
2243 364.978 526.727 2 140.582 250
2244 374.978 526.727 2 132.483 250
2245 384.978 526.727 2 124.66 250
2246 394.978 526.727 2 117.169 250
2247 404.978 526.727 2 110.078 250
2248 414.978 526.727 2 103.468 250
2249 424.978 526.727 2 97.4377 85.0846
2250 434.978 526.727 2 92.1009 85.3589
2251 444.978 526.727 2 87.5846 85.723
2252 454.978 526.727 2 84.0211 86.1296
2253 464.978 526.727 2 81.5354 86.4961
2254 474.978 526.727 2 80.2279 86.7229
2255 484.978 526.727 2 80.1561 250
2256 84.9784 536.727 2 402.347 92.4164
2257 94.9784 536.727 2 392.519 92.2151
2258 104.978 536.727 2 382.701 250
2259 114.978 536.727 2 372.892 250
2260 124.978 536.727 2 363.093 250
2261 134.978 536.727 2 353.306 250
2262 144.978 536.727 2 343.531 250
2263 154.978 536.727 2 333.77 250
2264 164.978 536.727 2 324.023 250
2265 174.978 536.727 2 314.291 250
2266 184.978 536.727 2 304.578 250
2267 194.978 536.727 2 294.883 250
2268 204.978 536.727 2 285.21 89.695
2269 214.978 536.727 2 275.559 89.4347
2270 224.978 536.727 2 265.935 89.1688
2271 234.978 536.727 2 256.34 250
2272 244.978 536.727 2 246.776 250
2273 254.978 536.727 2 237.249 250
2274 264.978 536.727 2 227.762 250
2275 274.978 536.727 2 218.321 87.7611
2276 284.978 536.727 2 208.931 87.4665
2277 294.978 536.727 2 199.602 250
2278 304.978 536.727 2 190.34 250
2279 314.978 536.727 2 181.157 250
2280 324.978 536.727 2 172.065 250
2281 334.978 536.727 2 163.079 250
2282 344.978 536.727 2 154.218 250
2283 354.978 536.727 2 145.505 250
2284 364.978 536.727 2 136.968 250
2285 374.978 536.727 2 128.642 250
2286 384.978 536.727 2 120.57 250
2287 394.978 536.727 2 112.808 250
2288 404.978 536.727 2 105.424 250
2289 414.978 536.727 2 98.502 250
2290 424.978 536.727 2 92.1473 85.3559
2291 434.978 536.727 2 86.4847 85.8356
2292 444.978 536.727 2 81.6583 86.4761
2293 454.978 536.727 2 77.8239 87.2146
2294 464.978 536.727 2 75.1335 87.9091
2295 474.978 536.727 2 73.7125 88.3548
2296 484.978 536.727 2 73.6343 250
2297 84.9784 546.727 2 401.347 92.3961
2298 94.9784 546.727 2 391.495 92.1939
2299 104.978 546.727 2 381.65 250
2300 114.978 546.727 2 371.813 250
2301 124.978 546.727 2 361.986 250
2302 134.978 546.727 2 352.168 250
2303 144.978 546.727 2 342.36 250
2304 154.978 546.727 2 332.564 250
2305 164.978 546.727 2 322.781 250
2306 174.978 546.727 2 313.011 250
2307 184.978 546.727 2 303.257 250
2308 194.978 546.727 2 293.518 250
2309 204.978 546.727 2 283.798 89.6573
2310 214.978 546.727 2 274.099 89.3947
2311 224.978 546.727 2 264.421 89.1264
2312 234.978 546.727 2 254.768 250
2313 244.978 546.727 2 245.144 250
2314 254.978 546.727 2 235.55 250
2315 264.978 546.727 2 225.992 250
2316 274.978 546.727 2 216.474 87.7035
2317 284.978 546.727 2 207.001 87.4053
2318 294.978 546.727 2 197.58 250
2319 304.978 546.727 2 188.219 250
2320 314.978 546.727 2 178.927 250
2321 324.978 546.727 2 169.715 250
2322 334.978 546.727 2 160.598 250
2323 344.978 546.727 2 151.592 250
2324 354.978 546.727 2 142.719 250
2325 364.978 546.727 2 134.005 250
2326 374.978 546.727 2 125.482 250
2327 384.978 546.727 2 117.193 250
2328 394.978 546.727 2 109.191 250
2329 404.978 546.727 2 101.544 250
2330 414.978 546.727 2 94.338 250
2331 424.978 546.727 2 87.682 85.7136
2332 434.978 546.727 2 81.7106 86.4676
2333 444.978 546.727 2 76.5839 87.5131
2334 454.978 546.727 2 72.4816 88.7958
2335 464.978 546.727 2 69.585 90.0974
2336 474.978 546.727 2 68.0481 90.9919
2337 484.978 546.727 2 67.9634 250
2338 84.9784 556.727 2 400.596 92.3808
2339 94.9784 556.727 2 390.724 92.1779
2340 104.978 556.727 2 380.859 91.9707
2341 114.978 556.727 2 371.002 91.7591
2342 124.978 556.727 2 361.152 91.5428
2343 134.978 556.727 2 351.311 91.3218
2344 144.978 556.727 2 341.479 91.0959
2345 154.978 556.727 2 331.657 90.8649
2346 164.978 556.727 2 321.846 90.6287
2347 174.978 556.727 2 312.047 90.3871
2348 184.978 556.727 2 302.261 90.14
2349 194.978 556.727 2 292.489 89.8873
2350 204.978 556.727 2 282.734 89.6288
2351 214.978 556.727 2 272.996 89.3645
2352 224.978 556.727 2 263.278 89.0943
2353 234.978 556.727 2 253.582 88.8184
2354 244.978 556.727 2 243.911 88.5366
2355 254.978 556.727 2 234.267 88.2494
2356 264.978 556.727 2 224.654 87.9569
2357 274.978 556.727 2 215.077 87.6599
2358 284.978 556.727 2 205.539 87.3589
2359 294.978 556.727 2 196.048 87.0553
2360 304.978 556.727 2 186.61 86.7506
2361 314.978 556.727 2 177.234 86.4471
2362 324.978 556.727 2 167.93 86.1479
2363 334.978 556.727 2 158.71 85.8576
2364 344.978 556.727 2 149.59 85.5821
2365 354.978 556.727 2 140.591 85.33
2366 364.978 556.727 2 131.736 85.1132
2367 374.978 556.727 2 123.056 84.9481
2368 384.978 556.727 2 114.592 84.8579
2369 394.978 556.727 2 106.394 84.875
2370 404.978 556.727 2 98.5302 85.0445
2371 414.978 556.727 2 91.0861 85.4285
2372 424.978 556.727 2 84.1734 86.1096
2373 434.978 556.727 2 77.9335 87.1898
2374 444.978 556.727 2 72.5405 88.7734
2375 454.978 556.727 2 68.1953 90.8984
2376 464.978 556.727 2 65.1082 93.3389
2377 474.978 556.727 2 63.4631 95.2539
2378 484.978 556.727 2 63.3723 95.379
2379 84.9784 566.727 2 400.092 92.3706
2380 94.9784 566.727 2 390.208 92.1672
2381 104.978 566.727 2 380.33 91.9595
2382 114.978 566.727 2 370.458 91.7473
2383 124.978 566.727 2 360.594 91.5304
2384 134.978 566.727 2 350.737 91.3088
2385 144.978 566.727 2 340.888 91.0821
2386 154.978 566.727 2 331.049 90.8504
2387 164.978 566.727 2 321.219 90.6134
2388 174.978 566.727 2 311.4 90.371
2389 184.978 566.727 2 301.593 90.1229
2390 194.978 566.727 2 291.8 89.8692
2391 204.978 566.727 2 282.021 89.6096
2392 214.978 566.727 2 272.257 89.3442
2393 224.978 566.727 2 262.512 89.0728
2394 234.978 566.727 2 252.786 88.7954
2395 244.978 566.727 2 243.083 88.5122
2396 254.978 566.727 2 233.405 88.2234
2397 264.978 566.727 2 223.755 87.9293
2398 274.978 566.727 2 214.138 87.6304
2399 284.978 566.727 2 204.557 87.3277
2400 294.978 566.727 2 195.018 87.0221
2401 304.978 566.727 2 185.527 86.7155
2402 314.978 566.727 2 176.093 86.4102
2403 324.978 566.727 2 166.725 86.1096
2404 334.978 566.727 2 157.435 85.8182
2405 344.978 566.727 2 148.237 85.5427
2406 354.978 566.727 2 139.15 85.2923
2407 364.978 566.727 2 130.197 85.0799
2408 374.978 566.727 2 121.407 84.924
2409 384.978 566.727 2 112.82 84.8512
2410 394.978 566.727 2 104.483 84.8996
2411 404.978 566.727 2 96.4635 85.1245
2412 414.978 566.727 2 88.8464 85.6064
2413 424.978 566.727 2 81.7446 86.4622
2414 434.978 566.727 2 75.3038 87.8598
2415 444.978 566.727 2 69.7075 90.0331
2416 454.978 566.727 2 65.1738 93.274
2417 464.978 566.727 2 61.9363 97.7555
2418 474.978 566.727 2 60.2045 102.399
2419 484.978 566.727 2 60.1088 102.763
2420 84.9784 576.727 2 399.838 92.3654
2421 94.9784 576.727 2 389.948 92.1618
2422 104.978 576.727 2 380.063 91.9538
2423 114.978 576.727 2 370.184 91.7413
2424 124.978 576.727 2 360.312 91.5241
2425 134.978 576.727 2 350.447 91.3022
2426 144.978 576.727 2 340.59 91.0752
2427 154.978 576.727 2 330.742 90.8431
2428 164.978 576.727 2 320.903 90.6057
2429 174.978 576.727 2 311.074 90.3628
2430 184.978 576.727 2 301.257 90.1143
2431 194.978 576.727 2 291.452 89.8601
2432 204.978 576.727 2 281.66 89.6
2433 214.978 576.727 2 271.884 89.3339
2434 224.978 576.727 2 262.125 89.0619
2435 234.978 576.727 2 252.385 88.7838
2436 244.978 576.727 2 242.665 88.4999
2437 254.978 576.727 2 232.97 88.2103
2438 264.978 576.727 2 223.301 87.9153
2439 274.978 576.727 2 213.663 87.6156
2440 284.978 576.727 2 204.06 87.3118
2441 294.978 576.727 2 194.497 87.0053
2442 304.978 576.727 2 184.979 86.6978
2443 314.978 576.727 2 175.516 86.3916
2444 324.978 576.727 2 166.116 86.0902
2445 334.978 576.727 2 156.789 85.7984
2446 344.978 576.727 2 147.551 85.5229
2447 354.978 576.727 2 138.419 85.2734
2448 364.978 576.727 2 129.415 85.0635
2449 374.978 576.727 2 120.569 84.9129
2450 384.978 576.727 2 111.916 84.8498
2451 394.978 576.727 2 103.507 84.9159
2452 404.978 576.727 2 95.4056 85.1726
2453 414.978 576.727 2 87.6967 85.7122
2454 424.978 576.727 2 80.4934 86.6747
2455 434.978 576.727 2 73.9437 88.2779
2456 444.978 576.727 2 68.236 90.8728
2457 454.978 576.727 2 63.5975 95.0733
2458 464.978 576.727 2 60.2754 102.14
2459 474.978 576.727 2 58.4945 114.996
2460 484.978 576.727 2 58.3959 116.905
2461 84.9784 586.727 2 399.835 92.3653
2462 94.9784 586.727 2 389.944 92.1617
2463 104.978 586.727 2 380.059 91.9537
2464 114.978 586.727 2 370.18 91.7412
2465 124.978 586.727 2 360.308 91.524
2466 134.978 586.727 2 350.443 91.3021
2467 144.978 586.727 2 340.586 91.0751
2468 154.978 586.727 2 330.737 90.843
2469 164.978 586.727 2 320.898 90.6056
2470 174.978 586.727 2 311.069 90.3627
2471 184.978 586.727 2 301.252 90.1142
2472 194.978 586.727 2 291.447 89.8599
2473 204.978 586.727 2 281.655 89.5998
2474 214.978 586.727 2 271.879 89.3338
2475 224.978 586.727 2 262.119 89.0617
2476 234.978 586.727 2 252.379 88.7836
2477 244.978 586.727 2 242.659 88.4997
2478 254.978 586.727 2 232.964 88.2101
2479 264.978 586.727 2 223.295 87.9151
2480 274.978 586.727 2 213.656 87.6153
2481 284.978 586.727 2 204.053 87.3116
2482 294.978 586.727 2 194.489 87.0051
2483 304.978 586.727 2 184.971 86.6975
2484 314.978 586.727 2 175.508 86.3913
2485 324.978 586.727 2 166.107 86.0899
2486 334.978 586.727 2 156.78 85.7981
2487 344.978 586.727 2 147.541 85.5226
2488 354.978 586.727 2 138.408 85.2732
2489 364.978 586.727 2 129.404 85.0633
2490 374.978 586.727 2 120.556 84.9127
2491 384.978 586.727 2 111.903 84.8498
2492 394.978 586.727 2 103.493 84.9161
2493 404.978 586.727 2 95.39 85.1734
2494 414.978 586.727 2 87.6797 85.7138
2495 424.978 586.727 2 80.4749 86.6781
2496 434.978 586.727 2 73.9236 88.2846
2497 444.978 586.727 2 68.2142 90.8865
2498 454.978 586.727 2 63.574 95.1044
2499 464.978 586.727 2 60.2506 102.23
2500 474.978 586.727 2 58.469 115.45
2501 484.978 586.727 2 58.3704 117.478
