# <Transmitter Set: Tx: 20 tx_ant_grid_60_m - Point 23> 
# <Receiver Set: Rx: 17 rx_ant_grid> 
# <X(m)> <Y(m)> <Z(m)> <Distance(m)> <FreeSpacePathLoss(dB)>
1 84.9784 -13.2734 2 444.698 93.2373
2 94.9784 -13.2734 2 440.392 93.157
3 104.978 -13.2734 2 436.272 93.0796
4 114.978 -13.2734 2 432.345 93.0052
5 124.978 -13.2734 2 428.615 92.934
6 134.978 -13.2734 2 425.087 92.8661
7 144.978 -13.2734 2 421.767 92.8018
8 154.978 -13.2734 2 418.66 92.7412
9 164.978 -13.2734 2 415.77 92.6844
10 174.978 -13.2734 2 413.102 92.6318
11 184.978 -13.2734 2 410.66 92.5833
12 194.978 -13.2734 2 408.448 92.5392
13 204.978 -13.2734 2 406.471 92.4995
14 214.978 -13.2734 2 404.731 92.4645
15 224.978 -13.2734 2 403.231 92.4343
16 234.978 -13.2734 2 401.975 92.4088
17 244.978 -13.2734 2 400.964 92.3883
18 254.978 -13.2734 2 400.201 92.3728
19 264.978 -13.2734 2 399.687 92.3623
20 274.978 -13.2734 2 399.422 92.3569
21 284.978 -13.2734 2 399.408 92.3566
22 294.978 -13.2734 2 399.643 92.3614
23 304.978 -13.2734 2 400.129 92.3713
24 314.978 -13.2734 2 400.864 92.3863
25 324.978 -13.2734 2 401.846 92.4062
26 334.978 -13.2734 2 403.074 92.4311
27 344.978 -13.2734 2 404.546 92.4608
28 354.978 -13.2734 2 406.258 92.4953
29 364.978 -13.2734 2 408.209 92.5344
30 374.978 -13.2734 2 410.393 92.578
31 384.978 -13.2734 2 412.809 92.626
32 394.978 -13.2734 2 415.451 92.6782
33 404.978 -13.2734 2 418.316 92.7344
34 414.978 -13.2734 2 421.398 92.7946
35 424.978 -13.2734 2 424.694 92.8585
36 434.978 -13.2734 2 428.198 92.926
37 444.978 -13.2734 2 431.905 92.9968
38 454.978 -13.2734 2 435.81 93.0709
39 464.978 -13.2734 2 439.908 93.148
40 474.978 -13.2734 2 444.193 93.2279
41 484.978 -13.2734 2 448.66 93.3105
42 84.9784 -3.2734 2 435.837 93.0714
43 94.9784 -3.2734 2 431.442 92.988
44 104.978 -3.2734 2 427.236 92.9075
45 114.978 -3.2734 2 423.225 92.8301
46 124.978 -3.2734 2 419.413 92.7559
47 134.978 -3.2734 2 415.808 92.6852
48 144.978 -3.2734 2 412.413 92.6181
49 154.978 -3.2734 2 409.235 92.5549
50 164.978 -3.2734 2 406.278 92.4957
51 174.978 -3.2734 2 403.547 92.4406
52 184.978 -3.2734 2 401.047 92.39
53 194.978 -3.2734 2 398.782 92.3439
54 204.978 -3.2734 2 396.756 92.3024
55 214.978 -3.2734 2 394.973 92.2658
56 224.978 -3.2734 2 393.437 92.2341
57 234.978 -3.2734 2 392.149 92.2075
58 244.978 -3.2734 2 391.113 92.186
59 254.978 -3.2734 2 390.331 92.1697
60 264.978 -3.2734 2 389.803 92.1588
61 274.978 -3.2734 2 389.532 92.1531
62 284.978 -3.2734 2 389.517 92.1528
63 294.978 -3.2734 2 389.759 92.1578
64 304.978 -3.2734 2 390.257 92.1682
65 314.978 -3.2734 2 391.01 92.1839
66 324.978 -3.2734 2 392.017 92.2047
67 334.978 -3.2734 2 393.276 92.2308
68 344.978 -3.2734 2 394.784 92.2619
69 354.978 -3.2734 2 396.538 92.298
70 364.978 -3.2734 2 398.536 92.3389
71 374.978 -3.2734 2 400.774 92.3844
72 384.978 -3.2734 2 403.247 92.4346
73 394.978 -3.2734 2 405.952 92.4891
74 404.978 -3.2734 2 408.883 92.5479
75 414.978 -3.2734 2 412.036 92.6106
76 424.978 -3.2734 2 415.406 92.6773
77 434.978 -3.2734 2 418.988 92.7476
78 444.978 -3.2734 2 422.775 92.8214
79 454.978 -3.2734 2 426.764 92.8984
80 464.978 -3.2734 2 430.948 92.9786
81 474.978 -3.2734 2 435.321 93.0616
82 484.978 -3.2734 2 439.878 93.1474
83 84.9784 6.7266 2 427.025 92.9034
84 94.9784 6.7266 2 422.539 92.8168
85 104.978 6.7266 2 418.244 92.733
86 114.978 6.7266 2 414.145 92.6524
87 124.978 6.7266 2 410.25 250
88 134.978 6.7266 2 406.563 92.5014
89 144.978 6.7266 2 403.09 92.4314
90 154.978 6.7266 2 399.838 92.3654
91 164.978 6.7266 2 396.811 92.3035
92 174.978 6.7266 2 394.014 92.246
93 184.978 6.7266 2 391.453 92.193
94 194.978 6.7266 2 389.132 92.1448
95 204.978 6.7266 2 387.056 92.1014
96 214.978 6.7266 2 385.229 92.063
97 224.978 6.7266 2 383.653 92.0298
98 234.978 6.7266 2 382.332 92.0019
99 244.978 6.7266 2 381.27 91.9794
100 254.978 6.7266 2 380.467 91.9624
101 264.978 6.7266 2 379.926 91.9509
102 274.978 6.7266 2 379.647 91.9449
103 284.978 6.7266 2 379.632 91.9446
104 294.978 6.7266 2 379.88 250
105 304.978 6.7266 2 380.391 250
106 314.978 6.7266 2 381.164 250
107 324.978 6.7266 2 382.197 250
108 334.978 6.7266 2 383.488 250
109 344.978 6.7266 2 385.034 250
110 354.978 6.7266 2 386.833 250
111 364.978 6.7266 2 388.881 250
112 374.978 6.7266 2 391.174 250
113 384.978 6.7266 2 393.707 250
114 394.978 6.7266 2 396.477 92.2967
115 404.978 6.7266 2 399.477 92.3581
116 414.978 6.7266 2 402.704 92.4236
117 424.978 6.7266 2 406.152 92.4931
118 434.978 6.7266 2 409.814 92.5664
119 444.978 6.7266 2 413.686 250
120 454.978 6.7266 2 417.761 250
121 464.978 6.7266 2 422.034 250
122 474.978 6.7266 2 426.499 92.8933
123 484.978 6.7266 2 431.15 92.9824
124 84.9784 16.7266 2 418.268 92.7335
125 94.9784 16.7266 2 413.686 92.6433
126 104.978 16.7266 2 409.298 92.5561
127 114.978 16.7266 2 405.109 92.4722
128 124.978 16.7266 2 401.126 250
129 134.978 16.7266 2 397.354 92.3147
130 144.978 16.7266 2 393.8 92.2416
131 154.978 16.7266 2 390.47 92.1726
132 164.978 16.7266 2 387.37 92.108
133 174.978 16.7266 2 384.505 92.0478
134 184.978 16.7266 2 381.88 91.9924
135 194.978 16.7266 2 379.501 250
136 204.978 16.7266 2 377.372 250
137 214.978 16.7266 2 375.497 250
138 224.978 16.7266 2 373.88 250
139 234.978 16.7266 2 372.525 250
140 244.978 16.7266 2 371.434 250
141 254.978 16.7266 2 370.61 250
142 264.978 16.7266 2 370.055 91.7385
143 274.978 16.7266 2 369.769 91.7323
144 284.978 16.7266 2 369.753 91.7319
145 294.978 16.7266 2 370.008 250
146 304.978 16.7266 2 370.533 250
147 314.978 16.7266 2 371.326 250
148 324.978 16.7266 2 372.386 91.7891
149 334.978 16.7266 2 373.711 91.8177
150 344.978 16.7266 2 375.298 250
151 354.978 16.7266 2 377.143 250
152 364.978 16.7266 2 379.243 250
153 374.978 16.7266 2 381.594 250
154 384.978 16.7266 2 384.19 92.0412
155 394.978 16.7266 2 387.028 92.1008
156 404.978 16.7266 2 390.102 92.165
157 414.978 16.7266 2 393.405 92.2335
158 424.978 16.7266 2 396.933 92.3061
159 434.978 16.7266 2 400.68 92.3825
160 444.978 16.7266 2 404.64 250
161 454.978 16.7266 2 408.805 250
162 464.978 16.7266 2 413.171 250
163 474.978 16.7266 2 417.73 92.723
164 484.978 16.7266 2 422.477 92.8156
165 84.9784 26.7266 2 409.567 92.5615
166 94.9784 26.7266 2 404.887 92.4677
167 104.978 26.7266 2 400.402 92.3769
168 114.978 26.7266 2 396.119 92.2893
169 124.978 26.7266 2 392.044 92.2053
170 134.978 26.7266 2 388.184 92.125
171 144.978 26.7266 2 384.546 92.0487
172 154.978 26.7266 2 381.135 91.9766
173 164.978 26.7266 2 377.959 91.9089
174 174.978 26.7266 2 375.022 91.8459
175 184.978 26.7266 2 372.33 91.7879
176 194.978 26.7266 2 369.889 250
177 204.978 26.7266 2 367.704 250
178 214.978 26.7266 2 365.78 250
179 224.978 26.7266 2 364.12 250
180 234.978 26.7266 2 362.729 250
181 244.978 26.7266 2 361.608 250
182 254.978 26.7266 2 360.762 250
183 264.978 26.7266 2 360.191 91.5214
184 274.978 26.7266 2 359.897 91.5149
185 284.978 26.7266 2 359.881 91.5146
186 294.978 26.7266 2 360.143 250
187 304.978 26.7266 2 360.682 250
188 314.978 26.7266 2 361.497 91.5505
189 324.978 26.7266 2 362.586 91.5746
190 334.978 26.7266 2 363.946 91.6047
191 344.978 26.7266 2 365.575 91.6405
192 354.978 26.7266 2 367.469 91.6821
193 364.978 26.7266 2 369.625 250
194 374.978 26.7266 2 372.036 250
195 384.978 26.7266 2 374.699 91.839
196 394.978 26.7266 2 377.608 91.9014
197 404.978 26.7266 2 380.757 91.9685
198 414.978 26.7266 2 384.142 92.0402
199 424.978 26.7266 2 387.754 92.116
200 434.978 26.7266 2 391.589 92.1959
201 444.978 26.7266 2 395.639 92.2795
202 454.978 26.7266 2 399.898 250
203 464.978 26.7266 2 404.36 250
204 474.978 26.7266 2 409.018 92.5505
205 484.978 26.7266 2 413.865 92.6469
206 84.9784 36.7266 2 400.926 92.3875
207 94.9784 36.7266 2 396.144 92.2899
208 104.978 36.7266 2 391.559 92.1953
209 114.978 36.7266 2 387.179 92.104
210 124.978 36.7266 2 383.009 92.0162
211 134.978 36.7266 2 379.057 91.9324
212 144.978 36.7266 2 375.33 91.8526
213 154.978 36.7266 2 371.835 91.7771
214 164.978 36.7266 2 368.578 91.7063
215 174.978 36.7266 2 365.566 91.6403
216 184.978 36.7266 2 362.804 91.5794
217 194.978 36.7266 2 360.299 91.5238
218 204.978 36.7266 2 358.055 91.4738
219 214.978 36.7266 2 356.079 91.4295
220 224.978 36.7266 2 354.373 250
221 234.978 36.7266 2 352.943 250
222 244.978 36.7266 2 351.792 250
223 254.978 36.7266 2 350.922 250
224 264.978 36.7266 2 350.335 91.2996
225 274.978 36.7266 2 350.033 91.2927
226 284.978 36.7266 2 350.016 91.2924
227 294.978 36.7266 2 350.286 250
228 304.978 36.7266 2 350.84 250
229 314.978 36.7266 2 351.677 91.3301
230 324.978 36.7266 2 352.797 91.3555
231 334.978 36.7266 2 354.195 91.3871
232 344.978 36.7266 2 355.868 91.4248
233 354.978 36.7266 2 357.814 91.4684
234 364.978 36.7266 2 360.027 91.5178
235 374.978 36.7266 2 362.502 91.5727
236 384.978 36.7266 2 365.235 250
237 394.978 36.7266 2 368.218 250
238 404.978 36.7266 2 371.447 91.7687
239 414.978 36.7266 2 374.916 91.8437
240 424.978 36.7266 2 378.616 91.923
241 434.978 36.7266 2 382.542 92.0064
242 444.978 36.7266 2 386.687 92.0937
243 454.978 36.7266 2 391.044 250
244 464.978 36.7266 2 395.606 250
245 474.978 36.7266 2 400.366 92.3761
246 484.978 36.7266 2 405.316 92.4763
247 84.9784 46.7266 2 392.35 92.2116
248 94.9784 46.7266 2 387.463 92.1099
249 104.978 46.7266 2 382.774 92.0113
250 114.978 46.7266 2 378.291 91.916
251 124.978 46.7266 2 374.022 91.8244
252 134.978 46.7266 2 369.975 91.7367
253 144.978 46.7266 2 366.155 91.6533
254 154.978 46.7266 2 362.572 250
255 164.978 46.7266 2 359.231 250
256 174.978 46.7266 2 356.139 250
257 184.978 46.7266 2 353.304 250
258 194.978 46.7266 2 350.731 250
259 204.978 46.7266 2 348.426 91.2561
260 214.978 46.7266 2 346.394 91.2095
261 224.978 46.7266 2 344.641 91.1691
262 234.978 46.7266 2 343.171 91.1351
263 244.978 46.7266 2 341.986 91.1077
264 254.978 46.7266 2 341.091 91.0869
265 264.978 46.7266 2 340.487 91.0728
266 274.978 46.7266 2 340.176 91.0656
267 284.978 46.7266 2 340.159 91.0652
268 294.978 46.7266 2 340.436 250
269 304.978 46.7266 2 341.007 250
270 314.978 46.7266 2 341.868 250
271 324.978 46.7266 2 343.02 250
272 334.978 46.7266 2 344.457 250
273 344.978 46.7266 2 346.178 250
274 354.978 46.7266 2 348.178 250
275 364.978 46.7266 2 350.452 91.3023
276 374.978 46.7266 2 352.994 91.36
277 384.978 46.7266 2 355.8 250
278 394.978 46.7266 2 358.862 250
279 404.978 46.7266 2 362.174 91.5655
280 414.978 46.7266 2 365.73 91.6439
281 424.978 46.7266 2 369.523 91.7269
282 434.978 46.7266 2 373.545 91.8141
283 444.978 46.7266 2 377.789 91.9053
284 454.978 46.7266 2 382.247 250
285 464.978 46.7266 2 386.912 250
286 474.978 46.7266 2 391.778 92.1998
287 484.978 46.7266 2 396.835 92.304
288 84.9784 56.7266 2 383.844 92.0339
289 94.9784 56.7266 2 378.846 91.9279
290 104.978 56.7266 2 374.049 91.825
291 114.978 56.7266 2 369.461 91.7255
292 124.978 56.7266 2 365.089 91.6298
293 134.978 56.7266 2 360.941 91.5381
294 144.978 56.7266 2 357.025 91.4507
295 154.978 56.7266 2 353.349 250
296 164.978 56.7266 2 349.92 250
297 174.978 56.7266 2 346.745 250
298 184.978 56.7266 2 343.832 250
299 194.978 56.7266 2 341.188 250
300 204.978 56.7266 2 338.818 91.0338
301 214.978 56.7266 2 336.729 90.9848
302 224.978 56.7266 2 334.925 90.9424
303 234.978 56.7266 2 333.411 90.9066
304 244.978 56.7266 2 332.192 90.8776
305 254.978 56.7266 2 331.27 90.8557
306 264.978 56.7266 2 330.649 90.8409
307 274.978 56.7266 2 330.329 90.8332
308 284.978 56.7266 2 330.311 90.8328
309 294.978 56.7266 2 330.596 250
310 304.978 56.7266 2 331.183 250
311 314.978 56.7266 2 332.071 250
312 324.978 56.7266 2 333.256 250
313 334.978 56.7266 2 334.736 250
314 344.978 56.7266 2 336.506 250
315 354.978 56.7266 2 338.563 250
316 364.978 56.7266 2 340.901 91.0824
317 374.978 56.7266 2 343.514 91.1431
318 384.978 56.7266 2 346.396 250
319 394.978 56.7266 2 349.541 250
320 404.978 56.7266 2 352.941 91.3588
321 414.978 56.7266 2 356.589 91.441
322 424.978 56.7266 2 360.478 91.5278
323 434.978 56.7266 2 364.599 91.6191
324 444.978 56.7266 2 368.946 91.7143
325 454.978 56.7266 2 373.51 250
326 464.978 56.7266 2 378.283 250
327 474.978 56.7266 2 383.258 92.0215
328 484.978 56.7266 2 388.426 92.1301
329 84.9784 66.7266 2 375.41 91.8543
330 94.9784 66.7266 2 370.299 91.7438
331 104.978 66.7266 2 365.39 91.6365
332 114.978 66.7266 2 360.691 91.5326
333 124.978 66.7266 2 356.212 91.4325
334 134.978 66.7266 2 351.959 91.3365
335 144.978 66.7266 2 347.942 91.245
336 154.978 66.7266 2 344.169 91.1582
337 164.978 66.7266 2 340.648 91.0765
338 174.978 66.7266 2 337.386 91.0003
339 184.978 66.7266 2 334.392 90.9298
340 194.978 66.7266 2 331.672 90.8653
341 204.978 66.7266 2 329.233 90.8071
342 214.978 66.7266 2 327.083 90.7555
343 224.978 66.7266 2 325.225 90.7107
344 234.978 66.7266 2 323.667 90.673
345 244.978 66.7266 2 322.411 90.6424
346 254.978 66.7266 2 321.461 90.6193
347 264.978 66.7266 2 320.82 90.6037
348 274.978 66.7266 2 320.49 90.5956
349 284.978 66.7266 2 320.472 90.5952
350 294.978 66.7266 2 320.766 90.6024
351 304.978 66.7266 2 321.371 90.6171
352 314.978 66.7266 2 322.286 90.6394
353 324.978 66.7266 2 323.506 90.6691
354 334.978 66.7266 2 325.031 90.706
355 344.978 66.7266 2 326.854 90.75
356 354.978 66.7266 2 328.971 90.8008
357 364.978 66.7266 2 331.376 90.8582
358 374.978 66.7266 2 334.064 90.922
359 384.978 66.7266 2 337.027 90.9919
360 394.978 66.7266 2 340.258 91.0675
361 404.978 66.7266 2 343.75 91.1485
362 414.978 66.7266 2 347.495 91.2347
363 424.978 66.7266 2 351.484 91.3257
364 434.978 66.7266 2 355.71 91.4212
365 444.978 66.7266 2 360.164 91.5209
366 454.978 66.7266 2 364.838 91.6243
367 464.978 66.7266 2 369.723 91.7313
368 474.978 66.7266 2 374.812 91.8414
369 484.978 66.7266 2 380.095 91.9545
370 84.9784 76.7266 2 367.056 91.673
371 94.9784 76.7266 2 361.826 91.5578
372 104.978 76.7266 2 356.801 91.4457
373 114.978 76.7266 2 351.988 91.3372
374 124.978 76.7266 2 347.396 91.2325
375 134.978 76.7266 2 343.034 91.132
376 144.978 76.7266 2 338.911 91.036
377 154.978 76.7266 2 335.036 90.945
378 164.978 76.7266 2 331.418 90.8592
379 174.978 76.7266 2 328.064 90.7791
380 184.978 76.7266 2 324.984 90.7049
381 194.978 76.7266 2 322.185 90.637
382 204.978 76.7266 2 319.674 90.5757
383 214.978 76.7266 2 317.459 90.5212
384 224.978 76.7266 2 315.545 90.474
385 234.978 76.7266 2 313.938 90.4342
386 244.978 76.7266 2 312.643 90.402
387 254.978 76.7266 2 311.663 90.3775
388 264.978 76.7266 2 311.003 90.361
389 274.978 76.7266 2 310.662 90.3525
390 284.978 76.7266 2 310.644 90.352
391 294.978 76.7266 2 310.947 90.3596
392 304.978 76.7266 2 311.571 90.3752
393 314.978 76.7266 2 312.514 90.3988
394 324.978 76.7266 2 313.773 90.4301
395 334.978 76.7266 2 315.344 90.469
396 344.978 76.7266 2 317.223 90.5154
397 354.978 76.7266 2 319.404 90.569
398 364.978 76.7266 2 321.881 90.6295
399 374.978 76.7266 2 324.647 90.6967
400 384.978 76.7266 2 327.696 90.7702
401 394.978 76.7266 2 331.018 90.8497
402 404.978 76.7266 2 334.606 90.9348
403 414.978 76.7266 2 338.452 91.0253
404 424.978 76.7266 2 342.547 91.1207
405 434.978 76.7266 2 346.881 91.2207
406 444.978 76.7266 2 351.447 91.3249
407 454.978 76.7266 2 356.235 91.433
408 464.978 76.7266 2 361.237 91.5447
409 474.978 76.7266 2 366.443 91.6596
410 484.978 76.7266 2 371.846 91.7774
411 84.9784 86.7266 2 358.785 91.4901
412 94.9784 86.7266 2 353.434 91.3699
413 104.978 86.7266 2 348.287 250
414 114.978 86.7266 2 343.355 250
415 124.978 86.7266 2 338.646 250
416 134.978 86.7266 2 334.17 90.9245
417 144.978 86.7266 2 329.936 90.8239
418 154.978 86.7266 2 325.954 250
419 164.978 86.7266 2 322.234 250
420 174.978 86.7266 2 318.784 250
421 184.978 86.7266 2 315.613 90.4757
422 194.978 86.7266 2 312.73 90.4041
423 204.978 86.7266 2 310.143 90.3395
424 214.978 86.7266 2 307.859 90.2821
425 224.978 86.7266 2 305.885 250
426 234.978 86.7266 2 304.227 250
427 244.978 86.7266 2 302.89 250
428 254.978 86.7266 2 301.879 90.1303
429 264.978 86.7266 2 301.197 90.1128
430 274.978 86.7266 2 300.846 90.1038
431 284.978 86.7266 2 300.826 90.1033
432 294.978 86.7266 2 301.14 90.1113
433 304.978 86.7266 2 301.784 90.1278
434 314.978 86.7266 2 302.757 90.1527
435 324.978 86.7266 2 304.057 90.1858
436 334.978 86.7266 2 305.678 90.227
437 344.978 86.7266 2 307.616 90.276
438 354.978 86.7266 2 309.864 90.3325
439 364.978 86.7266 2 312.417 90.3963
440 374.978 86.7266 2 315.266 90.4671
441 384.978 86.7266 2 318.404 250
442 394.978 86.7266 2 321.823 250
443 404.978 86.7266 2 325.512 250
444 414.978 86.7266 2 329.464 90.8126
445 424.978 86.7266 2 333.669 90.9127
446 434.978 86.7266 2 338.118 91.0175
447 444.978 86.7266 2 342.801 250
448 454.978 86.7266 2 347.708 250
449 464.978 86.7266 2 352.83 250
450 474.978 86.7266 2 358.159 91.4761
451 484.978 86.7266 2 363.684 91.5989
452 84.9784 96.7266 2 350.605 91.3058
453 94.9784 96.7266 2 345.127 91.1803
454 104.978 96.7266 2 339.854 91.0581
455 114.978 96.7266 2 334.798 90.9393
456 124.978 96.7266 2 329.966 90.8246
457 134.978 96.7266 2 325.371 90.7142
458 144.978 96.7266 2 321.022 90.6086
459 154.978 96.7266 2 316.928 250
460 164.978 96.7266 2 313.1 250
461 174.978 96.7266 2 309.548 250
462 184.978 96.7266 2 306.282 90.2423
463 194.978 96.7266 2 303.31 250
464 204.978 96.7266 2 300.642 250
465 214.978 96.7266 2 298.285 250
466 224.978 96.7266 2 296.248 250
467 234.978 96.7266 2 294.535 250
468 244.978 96.7266 2 293.155 250
469 254.978 96.7266 2 292.11 250
470 264.978 96.7266 2 291.405 250
471 274.978 96.7266 2 291.041 89.8493
472 284.978 96.7266 2 291.022 89.8488
473 294.978 96.7266 2 291.345 89.8573
474 304.978 96.7266 2 292.011 89.8747
475 314.978 96.7266 2 293.017 89.9011
476 324.978 96.7266 2 294.359 89.9361
477 334.978 96.7266 2 296.034 89.9797
478 344.978 96.7266 2 298.034 90.0314
479 354.978 96.7266 2 300.355 90.0912
480 364.978 96.7266 2 302.987 90.1586
481 374.978 96.7266 2 305.925 90.2332
482 384.978 96.7266 2 309.158 250
483 394.978 96.7266 2 312.677 250
484 404.978 96.7266 2 316.473 250
485 414.978 96.7266 2 320.537 90.5968
486 424.978 96.7266 2 324.857 90.7018
487 434.978 96.7266 2 329.425 90.8117
488 444.978 96.7266 2 334.229 250
489 454.978 96.7266 2 339.261 250
490 464.978 96.7266 2 344.509 250
491 474.978 96.7266 2 349.964 91.2912
492 484.978 96.7266 2 355.617 91.4191
493 84.9784 106.727 2 342.521 91.1201
494 94.9784 106.727 2 336.912 90.9892
495 104.978 106.727 2 331.509 90.8614
496 114.978 106.727 2 326.323 90.7372
497 124.978 106.727 2 321.364 90.6169
498 134.978 106.727 2 316.644 90.5012
499 144.978 106.727 2 312.173 90.3903
500 154.978 106.727 2 307.962 250
501 164.978 106.727 2 304.021 250
502 174.978 106.727 2 300.362 250
503 184.978 106.727 2 296.995 90.0046
504 194.978 106.727 2 293.929 250
505 204.978 106.727 2 291.175 250
506 214.978 106.727 2 288.741 250
507 224.978 106.727 2 286.635 250
508 234.978 106.727 2 284.865 250
509 244.978 106.727 2 283.437 250
510 254.978 106.727 2 282.356 250
511 264.978 106.727 2 281.627 250
512 274.978 106.727 2 281.251 89.589
513 284.978 106.727 2 281.23 89.5884
514 294.978 106.727 2 281.565 89.5974
515 304.978 106.727 2 282.254 89.6159
516 314.978 106.727 2 283.295 89.6438
517 324.978 106.727 2 284.683 89.6809
518 334.978 106.727 2 286.414 89.727
519 344.978 106.727 2 288.481 89.7818
520 354.978 106.727 2 290.878 89.845
521 364.978 106.727 2 293.596 89.9162
522 374.978 106.727 2 296.626 89.995
523 384.978 106.727 2 299.959 250
524 394.978 106.727 2 303.585 250
525 404.978 106.727 2 307.494 250
526 414.978 106.727 2 311.674 90.3778
527 424.978 106.727 2 316.116 90.4881
528 434.978 106.727 2 320.808 90.6034
529 444.978 106.727 2 325.74 250
530 454.978 106.727 2 330.9 250
531 464.978 106.727 2 336.279 250
532 474.978 106.727 2 341.865 91.1049
533 484.978 106.727 2 347.65 91.2383
534 84.9784 116.727 2 334.541 90.9333
535 94.9784 116.727 2 328.795 90.7966
536 104.978 116.727 2 323.257 90.663
537 114.978 116.727 2 317.936 250
538 124.978 116.727 2 312.845 250
539 134.978 116.727 2 307.994 250
540 144.978 116.727 2 303.396 250
541 154.978 116.727 2 299.061 250
542 164.978 116.727 2 295.001 250
543 174.978 116.727 2 291.229 250
544 184.978 116.727 2 287.755 89.7626
545 194.978 116.727 2 284.59 250
546 204.978 116.727 2 281.744 250
547 214.978 116.727 2 279.228 250
548 224.978 116.727 2 277.05 250
549 234.978 116.727 2 275.218 250
550 244.978 116.727 2 273.74 250
551 254.978 116.727 2 272.621 250
552 264.978 116.727 2 271.865 250
553 274.978 116.727 2 271.476 89.3227
554 284.978 116.727 2 271.455 89.3221
555 294.978 116.727 2 271.802 89.3316
556 304.978 116.727 2 272.515 89.3513
557 314.978 116.727 2 273.593 89.3809
558 324.978 116.727 2 275.03 250
559 334.978 116.727 2 276.821 250
560 344.978 116.727 2 278.96 250
561 354.978 116.727 2 281.437 250
562 364.978 116.727 2 284.245 250
563 374.978 116.727 2 287.374 250
564 384.978 116.727 2 290.813 250
565 394.978 116.727 2 294.552 250
566 404.978 116.727 2 298.579 250
567 414.978 116.727 2 302.883 250
568 424.978 116.727 2 307.451 90.2718
569 434.978 116.727 2 312.274 90.3928
570 444.978 116.727 2 317.338 250
571 454.978 116.727 2 322.633 250
572 464.978 116.727 2 328.147 250
573 474.978 116.727 2 333.869 90.9174
574 484.978 116.727 2 339.79 91.0566
575 84.9784 126.727 2 326.673 90.7456
576 94.9784 126.727 2 320.786 90.6028
577 104.978 126.727 2 315.106 90.4632
578 114.978 126.727 2 309.646 250
579 124.978 126.727 2 304.416 250
580 134.978 126.727 2 299.428 250
581 144.978 126.727 2 294.696 250
582 154.978 126.727 2 290.232 250
583 164.978 126.727 2 286.047 250
584 174.978 126.727 2 282.155 250
585 184.978 126.727 2 278.567 89.5165
586 194.978 126.727 2 275.297 89.4275
587 204.978 126.727 2 272.354 89.3468
588 214.978 126.727 2 269.75 89.275
589 224.978 126.727 2 267.495 250
590 234.978 126.727 2 265.598 250
591 244.978 126.727 2 264.066 250
592 254.978 126.727 2 262.905 89.0838
593 264.978 126.727 2 262.121 89.0618
594 274.978 126.727 2 261.718 89.0504
595 284.978 126.727 2 261.696 89.0497
596 294.978 126.727 2 262.056 89.0599
597 304.978 126.727 2 262.796 89.0808
598 314.978 126.727 2 263.913 89.1122
599 324.978 126.727 2 265.403 250
600 334.978 126.727 2 267.258 250
601 344.978 126.727 2 269.473 250
602 354.978 126.727 2 272.037 250
603 364.978 126.727 2 274.941 250
604 374.978 126.727 2 278.174 250
605 384.978 126.727 2 281.726 250
606 394.978 126.727 2 285.583 250
607 404.978 126.727 2 289.735 250
608 414.978 126.727 2 294.168 250
609 424.978 126.727 2 298.87 90.053
610 434.978 126.727 2 303.829 90.18
611 444.978 126.727 2 309.031 250
612 454.978 126.727 2 314.466 250
613 464.978 126.727 2 320.121 250
614 474.978 126.727 2 325.984 90.729
615 484.978 126.727 2 332.046 90.8741
616 84.9784 136.727 2 318.923 90.5572
617 94.9784 136.727 2 312.891 90.4081
618 104.978 136.727 2 307.065 90.2621
619 114.978 136.727 2 301.459 90.1195
620 124.978 136.727 2 296.084 89.981
621 134.978 136.727 2 290.954 250
622 144.978 136.727 2 286.082 250
623 154.978 136.727 2 281.481 250
624 164.978 136.727 2 277.164 250
625 174.978 136.727 2 273.145 250
626 184.978 136.727 2 269.438 89.2663
627 194.978 136.727 2 266.055 89.1722
628 204.978 136.727 2 263.009 89.0868
629 214.978 136.727 2 260.312 89.0106
630 224.978 136.727 2 257.974 250
631 234.978 136.727 2 256.006 250
632 244.978 136.727 2 254.416 250
633 254.978 136.727 2 253.212 88.8077
634 264.978 136.727 2 252.398 88.7842
635 274.978 136.727 2 251.978 88.7721
636 284.978 136.727 2 251.956 88.7714
637 294.978 136.727 2 252.329 88.7822
638 304.978 136.727 2 253.098 88.8044
639 314.978 136.727 2 254.258 88.8378
640 324.978 136.727 2 255.804 250
641 334.978 136.727 2 257.729 250
642 344.978 136.727 2 260.024 250
643 354.978 136.727 2 262.68 250
644 364.978 136.727 2 265.687 250
645 374.978 136.727 2 269.032 250
646 384.978 136.727 2 272.702 250
647 394.978 136.727 2 276.686 250
648 404.978 136.727 2 280.969 250
649 414.978 136.727 2 285.538 250
650 424.978 136.727 2 290.38 89.8319
651 434.978 136.727 2 295.481 89.9653
652 444.978 136.727 2 300.828 250
653 454.978 136.727 2 306.408 250
654 464.978 136.727 2 312.209 250
655 474.978 136.727 2 318.218 90.5399
656 484.978 136.727 2 324.425 90.6913
657 84.9784 146.727 2 311.302 90.3685
658 94.9784 146.727 2 305.119 90.2128
659 104.978 146.727 2 299.142 90.06
660 114.978 146.727 2 293.384 89.9107
661 124.978 146.727 2 287.859 89.7654
662 134.978 146.727 2 282.58 89.6247
663 144.978 146.727 2 277.561 89.4892
664 154.978 146.727 2 272.816 89.3595
665 164.978 146.727 2 268.36 89.2364
666 174.978 146.727 2 264.207 89.1204
667 184.978 146.727 2 260.372 89.0123
668 194.978 146.727 2 256.87 88.9127
669 204.978 146.727 2 253.714 88.8221
670 214.978 146.727 2 250.917 88.7414
671 224.978 146.727 2 248.491 88.6708
672 234.978 146.727 2 246.447 88.6111
673 244.978 146.727 2 244.795 88.5627
674 254.978 146.727 2 243.543 88.5258
675 264.978 146.727 2 242.697 88.5008
676 274.978 146.727 2 242.261 88.4879
677 284.978 146.727 2 242.237 88.4872
678 294.978 146.727 2 242.626 88.4987
679 304.978 146.727 2 243.425 88.5223
680 314.978 146.727 2 244.631 88.5578
681 324.978 146.727 2 246.237 88.605
682 334.978 146.727 2 248.236 88.6634
683 344.978 146.727 2 250.618 88.7327
684 354.978 146.727 2 253.373 88.8123
685 364.978 146.727 2 256.489 88.9018
686 374.978 146.727 2 259.952 89.0004
687 384.978 146.727 2 263.749 89.1076
688 394.978 146.727 2 267.866 89.2227
689 404.978 146.727 2 272.287 89.345
690 414.978 146.727 2 277 89.4739
691 424.978 146.727 2 281.988 89.6088
692 434.978 146.727 2 287.238 89.7489
693 444.978 146.727 2 292.736 89.8937
694 454.978 146.727 2 298.468 90.0426
695 464.978 146.727 2 304.42 90.195
696 474.978 146.727 2 310.58 90.3504
697 484.978 146.727 2 316.936 90.5084
698 84.9784 156.727 2 303.819 90.1798
699 94.9784 156.727 2 297.48 90.0171
700 104.978 156.727 2 291.347 89.8573
701 114.978 156.727 2 285.432 89.7009
702 124.978 156.727 2 279.75 89.5485
703 134.978 156.727 2 274.314 89.4006
704 144.978 156.727 2 269.141 89.2581
705 154.978 156.727 2 264.245 89.1215
706 164.978 156.727 2 259.642 88.9916
707 174.978 156.727 2 255.348 88.8691
708 184.978 156.727 2 251.378 88.7547
709 194.978 156.727 2 247.749 88.6492
710 204.978 156.727 2 244.475 88.5532
711 214.978 156.727 2 241.57 88.4675
712 224.978 156.727 2 239.05 88.3926
713 234.978 156.727 2 236.925 88.3292
714 244.978 156.727 2 235.206 88.2776
715 254.978 156.727 2 233.902 88.2384
716 264.978 156.727 2 233.021 88.2118
717 274.978 156.727 2 232.567 88.1981
718 284.978 156.727 2 232.542 88.1973
719 294.978 156.727 2 232.947 88.2096
720 304.978 156.727 2 233.779 88.2347
721 314.978 156.727 2 235.034 88.2725
722 324.978 156.727 2 236.706 88.3226
723 334.978 156.727 2 238.785 88.3847
724 344.978 156.727 2 241.26 88.4583
725 354.978 156.727 2 244.121 88.5428
726 364.978 156.727 2 247.353 88.6376
727 374.978 156.727 2 250.942 88.7421
728 384.978 156.727 2 254.873 88.8555
729 394.978 156.727 2 259.131 88.9771
730 404.978 156.727 2 263.7 89.1062
731 414.978 156.727 2 268.563 89.242
732 424.978 156.727 2 273.705 89.3839
733 434.978 156.727 2 279.111 89.5312
734 444.978 156.727 2 284.766 89.6831
735 454.978 156.727 2 290.654 89.8391
736 464.978 156.727 2 296.763 89.9986
737 474.978 156.727 2 303.079 90.1609
738 484.978 156.727 2 309.589 90.3256
739 84.9784 166.727 2 296.484 89.9913
740 94.9784 166.727 2 289.985 89.8215
741 104.978 166.727 2 283.69 89.6544
742 114.978 166.727 2 277.612 89.4906
743 124.978 166.727 2 271.766 89.3307
744 134.978 166.727 2 266.168 89.1753
745 144.978 166.727 2 260.833 89.0254
746 154.978 166.727 2 255.778 88.8814
747 164.978 166.727 2 251.02 88.7443
748 174.978 166.727 2 246.575 88.6149
749 184.978 166.727 2 242.462 88.4939
750 194.978 166.727 2 238.697 88.3821
751 204.978 166.727 2 235.297 88.2804
752 214.978 166.727 2 232.279 88.1894
753 224.978 166.727 2 229.656 250
754 234.978 166.727 2 227.443 88.0424
755 244.978 166.727 2 225.652 250
756 254.978 166.727 2 224.293 250
757 264.978 166.727 2 223.374 250
758 274.978 166.727 2 222.9 87.9029
759 284.978 166.727 2 222.874 87.9021
760 294.978 166.727 2 223.296 250
761 304.978 166.727 2 224.164 250
762 314.978 166.727 2 225.473 250
763 324.978 166.727 2 227.215 250
764 334.978 166.727 2 229.38 250
765 344.978 166.727 2 231.956 250
766 354.978 166.727 2 234.93 88.2693
767 364.978 166.727 2 238.287 88.3699
768 374.978 166.727 2 242.01 250
769 384.978 166.727 2 246.084 88.6005
770 394.978 166.727 2 250.492 88.729
771 404.978 166.727 2 255.215 88.8653
772 414.978 166.727 2 260.236 89.0084
773 424.978 166.727 2 265.54 89.1578
774 434.978 166.727 2 271.109 89.3125
775 444.978 166.727 2 276.927 250
776 454.978 166.727 2 282.979 250
777 464.978 166.727 2 289.25 250
778 474.978 166.727 2 295.726 89.9717
779 484.978 166.727 2 302.394 90.1434
780 84.9784 176.727 2 289.31 89.8037
781 94.9784 176.727 2 282.646 89.6264
782 104.978 176.727 2 276.183 89.4517
783 114.978 176.727 2 269.936 89.2801
784 124.978 176.727 2 263.92 89.1124
785 134.978 176.727 2 258.152 88.9492
786 144.978 176.727 2 252.648 88.7914
787 154.978 176.727 2 247.426 88.6398
788 164.978 176.727 2 242.503 88.4951
789 174.978 176.727 2 237.9 88.3583
790 184.978 176.727 2 233.634 88.2303
791 194.978 176.727 2 229.725 88.1119
792 204.978 176.727 2 226.19 88.0041
793 214.978 176.727 2 223.048 87.9075
794 224.978 176.727 2 220.315 250
795 234.978 176.727 2 218.008 87.7513
796 244.978 176.727 2 216.138 250
797 254.978 176.727 2 214.719 250
798 264.978 176.727 2 213.759 250
799 274.978 176.727 2 213.263 87.603
800 284.978 176.727 2 213.236 87.6022
801 294.978 176.727 2 213.678 250
802 304.978 176.727 2 214.585 250
803 314.978 176.727 2 215.952 250
804 324.978 176.727 2 217.77 250
805 334.978 176.727 2 220.028 250
806 344.978 176.727 2 222.712 250
807 354.978 176.727 2 225.808 87.9923
808 364.978 176.727 2 229.298 88.099
809 374.978 176.727 2 233.165 250
810 384.978 176.727 2 237.391 88.3431
811 394.978 176.727 2 241.957 88.4789
812 404.978 176.727 2 246.843 88.6227
813 414.978 176.727 2 252.032 88.7736
814 424.978 176.727 2 257.504 88.9308
815 434.978 176.727 2 263.243 89.0934
816 444.978 176.727 2 269.231 250
817 454.978 176.727 2 275.452 250
818 464.978 176.727 2 281.891 250
819 474.978 176.727 2 288.532 89.7832
820 484.978 176.727 2 295.363 89.9622
821 84.9784 186.727 2 282.307 89.6173
822 94.9784 186.727 2 275.473 89.4323
823 104.978 186.727 2 268.838 89.2497
824 114.978 186.727 2 262.417 89.0701
825 124.978 186.727 2 256.225 88.8942
826 134.978 186.727 2 250.279 88.7228
827 144.978 186.727 2 244.598 88.5568
828 154.978 186.727 2 239.2 88.3971
829 164.978 186.727 2 234.105 88.2445
830 174.978 186.727 2 229.333 88.1
831 184.978 186.727 2 224.904 87.9646
832 194.978 186.727 2 220.84 87.8393
833 204.978 186.727 2 217.161 87.725
834 214.978 186.727 2 213.886 87.6226
835 224.978 186.727 2 211.035 250
836 234.978 186.727 2 208.625 87.4568
837 244.978 186.727 2 206.671 250
838 254.978 186.727 2 205.186 250
839 264.978 186.727 2 204.181 250
840 274.978 186.727 2 203.662 87.2992
841 284.978 186.727 2 203.634 87.2983
842 294.978 186.727 2 204.096 87.313
843 304.978 186.727 2 205.046 87.3432
844 314.978 186.727 2 206.476 87.3887
845 324.978 186.727 2 208.376 87.4489
846 334.978 186.727 2 210.735 250
847 344.978 186.727 2 213.536 250
848 354.978 186.727 2 216.763 250
849 364.978 186.727 2 220.396 250
850 374.978 186.727 2 224.417 250
851 384.978 186.727 2 228.805 88.0839
852 394.978 186.727 2 233.538 88.2274
853 404.978 186.727 2 238.597 88.3791
854 414.978 186.727 2 243.961 88.5381
855 424.978 186.727 2 249.611 88.7034
856 434.978 186.727 2 255.527 88.8742
857 444.978 186.727 2 261.692 250
858 454.978 186.727 2 268.088 250
859 464.978 186.727 2 274.699 250
860 474.978 186.727 2 281.51 89.5959
861 484.978 186.727 2 288.507 89.7825
862 84.9784 196.727 2 275.489 89.4328
863 94.9784 196.727 2 268.482 89.2398
864 104.978 196.727 2 261.67 89.049
865 114.978 196.727 2 255.068 88.8611
866 124.978 196.727 2 248.693 88.6767
867 134.978 196.727 2 242.562 88.4968
868 144.978 196.727 2 236.696 88.3223
869 154.978 196.727 2 231.114 88.1541
870 164.978 196.727 2 225.836 87.9932
871 174.978 196.727 2 220.886 87.8407
872 184.978 196.727 2 216.284 87.6976
873 194.978 196.727 2 212.055 87.565
874 204.978 196.727 2 208.221 87.444
875 214.978 196.727 2 204.803 87.3355
876 224.978 196.727 2 201.824 250
877 234.978 196.727 2 199.302 87.1598
878 244.978 196.727 2 197.256 87.0941
879 254.978 196.727 2 195.7 87.0441
880 264.978 196.727 2 194.645 87.0101
881 274.978 196.727 2 194.101 86.9926
882 284.978 196.727 2 194.072 86.9916
883 294.978 196.727 2 194.557 87.0073
884 304.978 196.727 2 195.552 87.0393
885 314.978 196.727 2 197.051 87.0875
886 324.978 196.727 2 199.042 87.1514
887 334.978 196.727 2 201.51 250
888 344.978 196.727 2 204.437 250
889 354.978 196.727 2 207.806 87.4308
890 364.978 196.727 2 211.593 87.5505
891 374.978 196.727 2 215.778 87.6818
892 384.978 196.727 2 220.337 87.8237
893 394.978 196.727 2 225.249 87.9752
894 404.978 196.727 2 230.49 88.1352
895 414.978 196.727 2 236.038 88.3026
896 424.978 196.727 2 241.873 250
897 434.978 196.727 2 247.974 250
898 444.978 196.727 2 254.322 250
899 454.978 196.727 2 260.898 250
900 464.978 196.727 2 267.687 250
901 474.978 196.727 2 274.672 89.4104
902 484.978 196.727 2 281.839 89.6048
903 84.9784 206.727 2 268.87 89.2506
904 94.9784 206.727 2 261.686 89.0495
905 104.978 206.727 2 254.692 88.8503
906 114.978 206.727 2 247.904 250
907 124.978 206.727 2 241.34 250
908 134.978 206.727 2 235.018 88.272
909 144.978 206.727 2 228.959 88.0886
910 154.978 206.727 2 223.183 87.9117
911 164.978 206.727 2 217.713 87.7422
912 174.978 206.727 2 212.573 87.5813
913 184.978 206.727 2 207.788 87.4303
914 194.978 206.727 2 203.382 87.2902
915 204.978 206.727 2 199.381 87.1623
916 214.978 206.727 2 195.81 87.0476
917 224.978 206.727 2 192.691 86.9471
918 234.978 206.727 2 190.048 86.8618
919 244.978 206.727 2 187.901 86.7924
920 254.978 206.727 2 186.267 86.7395
921 264.978 206.727 2 185.159 86.7036
922 274.978 206.727 2 184.587 86.6851
923 284.978 206.727 2 184.556 86.6841
924 294.978 206.727 2 185.066 86.7006
925 304.978 206.727 2 186.112 86.7345
926 314.978 206.727 2 187.686 86.7854
927 324.978 206.727 2 189.775 86.853
928 334.978 206.727 2 192.362 250
929 344.978 206.727 2 195.427 250
930 354.978 206.727 2 198.948 87.1484
931 364.978 206.727 2 202.901 87.2749
932 374.978 206.727 2 207.261 87.4136
933 384.978 206.727 2 212.004 87.5634
934 394.978 206.727 2 217.104 87.7232
935 404.978 206.727 2 222.537 87.8917
936 414.978 206.727 2 228.278 88.0679
937 424.978 206.727 2 234.306 250
938 434.978 206.727 2 240.599 250
939 444.978 206.727 2 247.137 250
940 454.978 206.727 2 253.9 250
941 464.978 206.727 2 260.871 250
942 474.978 206.727 2 268.033 89.2273
943 484.978 206.727 2 275.373 89.4296
944 84.9784 216.727 2 262.466 89.0715
945 94.9784 216.727 2 255.101 88.862
946 104.978 216.727 2 247.922 88.6542
947 114.978 216.727 2 240.943 250
948 124.978 216.727 2 234.184 250
949 134.978 216.727 2 227.663 88.0491
950 144.978 216.727 2 221.402 87.8567
951 154.978 216.727 2 215.424 87.6707
952 164.978 216.727 2 209.752 87.4924
953 174.978 216.727 2 204.413 87.3231
954 184.978 216.727 2 199.432 87.1639
955 194.978 216.727 2 194.837 87.0163
956 204.978 216.727 2 190.657 86.8814
957 214.978 216.727 2 186.918 86.7606
958 224.978 216.727 2 183.649 86.6547
959 234.978 216.727 2 180.874 86.5648
960 244.978 216.727 2 178.617 86.4918
961 254.978 216.727 2 176.896 86.4362
962 264.978 216.727 2 175.729 86.3985
963 274.978 216.727 2 175.127 86.379
964 284.978 216.727 2 175.094 86.378
965 294.978 216.727 2 175.631 250
966 304.978 216.727 2 176.734 250
967 314.978 216.727 2 178.391 250
968 324.978 216.727 2 180.587 250
969 334.978 216.727 2 183.304 250
970 344.978 216.727 2 186.517 250
971 354.978 216.727 2 190.203 86.8668
972 364.978 216.727 2 194.334 87.0001
973 374.978 216.727 2 198.882 87.1463
974 384.978 216.727 2 203.82 87.3042
975 394.978 216.727 2 209.12 87.4724
976 404.978 216.727 2 214.755 87.6498
977 414.978 216.727 2 220.699 87.8349
978 424.978 216.727 2 226.928 250
979 434.978 216.727 2 233.42 250
980 444.978 216.727 2 240.153 250
981 454.978 216.727 2 247.107 250
982 464.978 216.727 2 254.265 250
983 474.978 216.727 2 261.608 89.0473
984 484.978 216.727 2 269.123 89.2576
985 84.9784 226.727 2 256.291 88.8961
986 94.9784 226.727 2 248.744 88.6782
987 104.978 226.727 2 241.375 250
988 114.978 226.727 2 234.202 250
989 124.978 226.727 2 227.242 250
990 134.978 226.727 2 220.517 87.8293
991 144.978 226.727 2 214.047 87.6276
992 154.978 226.727 2 207.857 87.4325
993 164.978 226.727 2 201.973 87.2453
994 174.978 226.727 2 196.422 87.0673
995 184.978 226.727 2 191.233 86.9001
996 194.978 226.727 2 186.436 86.7449
997 204.978 226.727 2 182.063 86.6033
998 214.978 226.727 2 178.144 86.4765
999 224.978 226.727 2 174.711 86.3656
1000 234.978 226.727 2 171.792 86.2716
1001 244.978 226.727 2 169.413 86.1954
1002 254.978 226.727 2 167.599 86.1374
1003 264.978 226.727 2 166.367 86.0982
1004 274.978 226.727 2 165.73 86.0779
1005 284.978 226.727 2 165.695 86.0768
1006 294.978 226.727 2 166.263 250
1007 304.978 226.727 2 167.427 250
1008 314.978 226.727 2 169.175 250
1009 324.978 226.727 2 171.49 250
1010 334.978 226.727 2 174.348 250
1011 344.978 226.727 2 177.724 250
1012 354.978 226.727 2 181.588 86.588
1013 364.978 226.727 2 185.91 86.7279
1014 374.978 226.727 2 190.66 86.8816
1015 384.978 226.727 2 195.805 87.0475
1016 394.978 226.727 2 201.316 87.2243
1017 404.978 226.727 2 207.163 87.4105
1018 414.978 226.727 2 213.319 87.6048
1019 424.978 226.727 2 219.758 250
1020 434.978 226.727 2 226.455 250
1021 444.978 226.727 2 233.389 250
1022 454.978 226.727 2 240.539 250
1023 464.978 226.727 2 247.886 250
1024 474.978 226.727 2 255.413 88.871
1025 484.978 226.727 2 263.105 89.0895
1026 84.9784 236.727 2 250.364 88.7253
1027 94.9784 236.727 2 242.633 88.4989
1028 104.978 236.727 2 235.073 88.2736
1029 114.978 236.727 2 227.701 88.0503
1030 124.978 236.727 2 220.536 250
1031 134.978 236.727 2 213.599 87.6136
1032 144.978 236.727 2 206.913 87.4026
1033 154.978 236.727 2 200.503 87.1983
1034 164.978 236.727 2 194.397 87.0021
1035 174.978 236.727 2 188.623 86.8157
1036 184.978 236.727 2 183.213 86.6406
1037 194.978 236.727 2 178.201 86.4783
1038 204.978 236.727 2 173.62 86.3305
1039 214.978 236.727 2 169.506 86.1983
1040 224.978 236.727 2 165.894 86.0832
1041 234.978 236.727 2 162.817 85.9859
1042 244.978 236.727 2 160.306 85.9072
1043 254.978 236.727 2 158.387 85.8476
1044 264.978 236.727 2 157.082 85.8074
1045 274.978 236.727 2 156.408 85.7867
1046 284.978 236.727 2 156.371 85.7855
1047 294.978 236.727 2 156.972 250
1048 304.978 236.727 2 158.205 250
1049 314.978 236.727 2 160.054 250
1050 324.978 236.727 2 162.498 250
1051 334.978 236.727 2 165.512 250
1052 344.978 236.727 2 169.064 250
1053 354.978 236.727 2 173.122 86.3144
1054 364.978 236.727 2 177.65 86.4605
1055 374.978 236.727 2 182.615 86.6212
1056 384.978 236.727 2 187.98 86.7949
1057 394.978 236.727 2 193.714 86.9801
1058 404.978 236.727 2 199.784 87.1752
1059 414.978 236.727 2 206.16 250
1060 424.978 236.727 2 212.816 250
1061 434.978 236.727 2 219.725 250
1062 444.978 236.727 2 226.865 250
1063 454.978 236.727 2 234.214 250
1064 464.978 236.727 2 241.753 250
1065 474.978 236.727 2 249.465 88.6992
1066 484.978 236.727 2 257.335 88.9259
1067 84.9784 246.727 2 244.702 88.5599
1068 94.9784 246.727 2 236.786 88.325
1069 104.978 246.727 2 229.033 88.0909
1070 114.978 246.727 2 221.46 87.8585
1071 124.978 246.727 2 214.087 87.6288
1072 134.978 246.727 2 206.934 87.4032
1073 144.978 246.727 2 200.025 87.183
1074 154.978 246.727 2 193.387 86.9696
1075 164.978 246.727 2 187.048 86.7648
1076 174.978 246.727 2 181.04 86.5702
1077 184.978 246.727 2 175.397 86.3877
1078 194.978 246.727 2 170.154 86.2191
1079 204.978 246.727 2 165.351 86.0659
1080 214.978 246.727 2 161.026 85.9297
1081 224.978 246.727 2 157.219 85.8116
1082 234.978 246.727 2 153.969 85.7125
1083 244.978 246.727 2 151.311 85.6329
1084 254.978 246.727 2 149.276 85.5729
1085 264.978 246.727 2 147.891 85.5327
1086 274.978 246.727 2 147.175 85.5121
1087 284.978 246.727 2 147.135 85.511
1088 294.978 246.727 2 147.775 85.5294
1089 304.978 246.727 2 149.083 85.5673
1090 314.978 246.727 2 151.044 85.6249
1091 324.978 246.727 2 153.632 85.7023
1092 334.978 246.727 2 156.816 85.7992
1093 344.978 246.727 2 160.561 85.9151
1094 354.978 246.727 2 164.828 86.0493
1095 364.978 246.727 2 169.578 86.2006
1096 374.978 246.727 2 174.772 86.3676
1097 384.978 246.727 2 180.371 86.5486
1098 394.978 246.727 2 186.339 86.7418
1099 404.978 246.727 2 192.641 86.9455
1100 414.978 246.727 2 199.246 87.158
1101 424.978 246.727 2 206.125 87.3775
1102 434.978 246.727 2 213.251 87.6026
1103 444.978 246.727 2 220.6 87.8319
1104 454.978 246.727 2 228.151 88.064
1105 464.978 246.727 2 235.885 88.298
1106 474.978 246.727 2 243.783 88.5329
1107 484.978 246.727 2 251.83 88.7678
1108 84.9784 256.727 2 239.325 88.4008
1109 94.9784 256.727 2 231.224 88.1575
1110 104.978 256.727 2 223.278 87.9146
1111 114.978 256.727 2 215.503 87.6732
1112 124.978 256.727 2 207.919 87.4344
1113 134.978 256.727 2 200.546 87.1996
1114 144.978 256.727 2 193.409 86.9703
1115 154.978 256.727 2 186.536 86.7482
1116 164.978 256.727 2 179.956 86.5351
1117 174.978 256.727 2 173.703 86.3331
1118 184.978 256.727 2 167.813 86.1442
1119 194.978 256.727 2 162.325 85.9704
1120 204.978 256.727 2 157.283 85.8136
1121 214.978 256.727 2 152.73 85.6752
1122 224.978 256.727 2 148.711 85.5565
1123 234.978 256.727 2 145.27 85.458
1124 244.978 256.727 2 142.45 85.38
1125 254.978 256.727 2 140.287 85.322
1126 264.978 256.727 2 138.812 85.2835
1127 274.978 256.727 2 138.048 85.264
1128 284.978 256.727 2 138.007 85.2629
1129 294.978 256.727 2 138.688 85.2803
1130 304.978 256.727 2 140.082 85.3166
1131 314.978 256.727 2 142.166 85.3723
1132 324.978 256.727 2 144.913 85.448
1133 334.978 256.727 2 148.284 85.5441
1134 344.978 256.727 2 152.239 85.6605
1135 354.978 256.727 2 156.733 85.7966
1136 364.978 256.727 2 161.721 85.9514
1137 374.978 256.727 2 167.159 86.1234
1138 384.978 256.727 2 173.005 86.3107
1139 394.978 256.727 2 179.218 86.5112
1140 404.978 256.727 2 185.762 86.7231
1141 414.978 256.727 2 192.604 86.9443
1142 424.978 256.727 2 199.711 87.1729
1143 434.978 256.727 2 207.058 87.4072
1144 444.978 256.727 2 214.62 87.6455
1145 454.978 256.727 2 222.374 87.8867
1146 464.978 256.727 2 230.301 88.1295
1147 474.978 256.727 2 238.384 88.3728
1148 484.978 256.727 2 246.608 88.6158
1149 84.9784 266.727 2 234.25 88.2489
1150 94.9784 266.727 2 225.968 87.9973
1151 104.978 266.727 2 217.831 87.7458
1152 114.978 266.727 2 209.854 87.4956
1153 124.978 266.727 2 202.057 87.248
1154 134.978 266.727 2 194.462 250
1155 144.978 266.727 2 187.094 250
1156 154.978 266.727 2 179.979 250
1157 164.978 266.727 2 173.15 250
1158 174.978 266.727 2 166.642 86.1069
1159 184.978 266.727 2 160.493 85.913
1160 194.978 266.727 2 154.747 85.736
1161 204.978 266.727 2 149.449 85.578
1162 214.978 266.727 2 144.65 85.4406
1163 224.978 266.727 2 140.399 85.325
1164 234.978 266.727 2 136.75 85.2313
1165 244.978 266.727 2 133.75 250
1166 254.978 266.727 2 131.444 250
1167 264.978 266.727 2 129.869 250
1168 274.978 266.727 2 129.052 85.0561
1169 284.978 266.727 2 129.007 85.0552
1170 294.978 266.727 2 129.736 250
1171 304.978 266.727 2 131.224 250
1172 314.978 266.727 2 133.448 250
1173 324.978 266.727 2 136.37 250
1174 334.978 266.727 2 139.947 250
1175 344.978 266.727 2 144.131 250
1176 354.978 266.727 2 148.87 250
1177 364.978 266.727 2 154.113 250
1178 374.978 266.727 2 159.81 250
1179 384.978 266.727 2 165.915 250
1180 394.978 266.727 2 172.384 250
1181 404.978 266.727 2 179.178 250
1182 414.978 266.727 2 186.261 250
1183 424.978 266.727 2 193.602 250
1184 434.978 266.727 2 201.172 250
1185 444.978 266.727 2 208.946 250
1186 454.978 266.727 2 216.903 250
1187 464.978 266.727 2 225.023 250
1188 474.978 266.727 2 233.29 88.2199
1189 484.978 266.727 2 241.687 88.4709
1190 84.9784 276.727 2 229.5 88.1051
1191 94.9784 276.727 2 221.04 87.8455
1192 104.978 276.727 2 212.714 87.5858
1193 114.978 276.727 2 204.538 87.3271
1194 124.978 276.727 2 196.53 87.0708
1195 134.978 276.727 2 188.713 250
1196 144.978 276.727 2 181.111 250
1197 154.978 276.727 2 173.752 250
1198 164.978 276.727 2 166.668 250
1199 174.978 276.727 2 159.896 85.8944
1200 184.978 276.727 2 153.477 85.6976
1201 194.978 276.727 2 147.457 85.5202
1202 204.978 276.727 2 141.887 85.3647
1203 214.978 276.727 2 136.823 85.2331
1204 224.978 276.727 2 132.322 85.1263
1205 234.978 276.727 2 128.443 85.0438
1206 244.978 276.727 2 125.244 250
1207 254.978 276.727 2 122.778 250
1208 264.978 276.727 2 121.091 250
1209 274.978 276.727 2 120.214 84.9084
1210 284.978 276.727 2 120.166 84.9078
1211 294.978 276.727 2 120.948 250
1212 304.978 276.727 2 122.543 250
1213 314.978 276.727 2 124.921 250
1214 324.978 276.727 2 128.038 250
1215 334.978 276.727 2 131.842 250
1216 344.978 276.727 2 136.275 250
1217 354.978 276.727 2 141.277 250
1218 364.978 276.727 2 146.792 250
1219 374.978 276.727 2 152.762 250
1220 384.978 276.727 2 159.137 250
1221 394.978 276.727 2 165.871 250
1222 404.978 276.727 2 172.921 250
1223 414.978 276.727 2 180.25 250
1224 424.978 276.727 2 187.826 250
1225 434.978 276.727 2 195.62 250
1226 444.978 276.727 2 203.607 250
1227 454.978 276.727 2 211.764 250
1228 464.978 276.727 2 220.074 250
1229 474.978 276.727 2 228.519 88.0752
1230 484.978 276.727 2 237.086 88.334
1231 84.9784 286.727 2 225.094 87.9704
1232 94.9784 286.727 2 216.462 87.7032
1233 104.978 286.727 2 207.952 87.4355
1234 114.978 286.727 2 199.581 87.1687
1235 124.978 286.727 2 191.367 86.9044
1236 134.978 286.727 2 183.329 250
1237 144.978 286.727 2 175.494 250
1238 154.978 286.727 2 167.889 250
1239 164.978 286.727 2 160.546 250
1240 174.978 286.727 2 153.504 85.6985
1241 184.978 286.727 2 146.806 85.5016
1242 194.978 286.727 2 140.501 85.3277
1243 204.978 286.727 2 134.644 85.1801
1244 214.978 286.727 2 129.296 85.0611
1245 224.978 286.727 2 124.523 84.9717
1246 234.978 286.727 2 120.393 84.9106
1247 244.978 286.727 2 116.974 250
1248 254.978 286.727 2 114.331 250
1249 264.978 286.727 2 112.516 250
1250 274.978 286.727 2 111.573 84.8496
1251 284.978 286.727 2 111.521 84.8496
1252 294.978 286.727 2 112.363 250
1253 304.978 286.727 2 114.078 250
1254 314.978 286.727 2 116.629 250
1255 324.978 286.727 2 119.962 250
1256 334.978 286.727 2 124.013 250
1257 344.978 286.727 2 128.716 250
1258 354.978 286.727 2 134.001 250
1259 364.978 286.727 2 139.803 250
1260 374.978 286.727 2 146.059 250
1261 384.978 286.727 2 152.715 250
1262 394.978 286.727 2 159.719 250
1263 404.978 286.727 2 167.029 250
1264 414.978 286.727 2 174.606 250
1265 424.978 286.727 2 182.416 250
1266 434.978 286.727 2 190.431 250
1267 444.978 286.727 2 198.627 250
1268 454.978 286.727 2 206.981 250
1269 464.978 286.727 2 215.475 250
1270 474.978 286.727 2 224.094 87.9397
1271 484.978 286.727 2 232.823 88.2058
1272 84.9784 296.727 2 221.053 87.8459
1273 94.9784 296.727 2 212.256 87.5714
1274 104.978 296.727 2 203.571 87.2963
1275 114.978 296.727 2 195.012 87.0219
1276 124.978 296.727 2 186.596 86.7501
1277 134.978 296.727 2 178.344 250
1278 144.978 296.727 2 170.28 250
1279 154.978 296.727 2 162.431 250
1280 164.978 296.727 2 154.829 250
1281 174.978 296.727 2 147.515 85.5219
1282 184.978 296.727 2 140.532 85.3285
1283 194.978 296.727 2 133.931 85.1632
1284 204.978 296.727 2 127.774 85.0307
1285 214.978 296.727 2 122.125 84.9342
1286 224.978 296.727 2 117.06 84.875
1287 234.978 296.727 2 112.657 84.8509
1288 244.978 296.727 2 108.995 250
1289 254.978 296.727 2 106.153 250
1290 264.978 296.727 2 104.197 250
1291 274.978 296.727 2 103.177 84.922
1292 284.978 296.727 2 103.121 84.9231
1293 294.978 296.727 2 104.031 250
1294 304.978 296.727 2 105.882 250
1295 314.978 296.727 2 108.625 250
1296 324.978 296.727 2 112.196 84.8501
1297 334.978 296.727 2 116.518 84.8705
1298 344.978 296.727 2 121.511 84.9255
1299 354.978 296.727 2 127.096 85.0177
1300 364.978 296.727 2 133.198 85.1462
1301 374.978 296.727 2 139.751 85.3079
1302 384.978 296.727 2 146.693 85.4983
1303 394.978 296.727 2 153.972 85.7126
1304 404.978 296.727 2 161.542 85.9458
1305 414.978 296.727 2 169.364 86.1938
1306 424.978 296.727 2 177.405 86.4526
1307 434.978 296.727 2 185.637 250
1308 444.978 296.727 2 194.035 250
1309 454.978 296.727 2 202.579 250
1310 464.978 296.727 2 211.25 250
1311 474.978 296.727 2 220.034 87.8143
1312 484.978 296.727 2 228.918 88.0874
1313 84.9784 306.727 2 217.397 87.7323
1314 94.9784 306.727 2 208.446 87.4511
1315 104.978 306.727 2 199.595 87.1692
1316 114.978 306.727 2 190.858 86.888
1317 124.978 306.727 2 182.25 86.6094
1318 134.978 306.727 2 173.792 250
1319 144.978 306.727 2 165.506 250
1320 154.978 306.727 2 157.419 250
1321 164.978 306.727 2 149.563 250
1322 174.978 306.727 2 141.978 85.3672
1323 184.978 306.727 2 134.708 85.1816
1324 194.978 306.727 2 127.807 85.0313
1325 204.978 306.727 2 121.339 84.9231
1326 214.978 306.727 2 115.376 84.8624
1327 224.978 306.727 2 110 84.8516
1328 234.978 306.727 2 105.302 84.8879
1329 244.978 306.727 2 101.376 250
1330 254.978 306.727 2 98.3133 250
1331 264.978 306.727 2 96.1977 250
1332 274.978 306.727 2 95.0919 85.1879
1333 284.978 306.727 2 95.0313 85.1909
1334 294.978 306.727 2 96.0179 250
1335 304.978 306.727 2 98.02 250
1336 314.978 306.727 2 100.977 250
1337 324.978 306.727 2 104.809 84.8948
1338 334.978 306.727 2 109.423 250
1339 344.978 306.727 2 114.725 250
1340 354.978 306.727 2 120.625 250
1341 364.978 306.727 2 127.039 85.0166
1342 374.978 306.727 2 133.893 250
1343 384.978 306.727 2 141.123 250
1344 394.978 306.727 2 148.675 250
1345 404.978 306.727 2 156.502 250
1346 414.978 306.727 2 164.564 250
1347 424.978 306.727 2 172.829 250
1348 434.978 306.727 2 181.268 250
1349 444.978 306.727 2 189.86 250
1350 454.978 306.727 2 198.583 250
1351 464.978 306.727 2 207.421 250
1352 474.978 306.727 2 216.361 87.7
1353 484.978 306.727 2 225.39 87.9795
1354 84.9784 316.727 2 214.146 87.6307
1355 94.9784 316.727 2 205.053 87.3435
1356 104.978 316.727 2 196.049 87.0553
1357 114.978 316.727 2 187.146 86.7679
1358 124.978 316.727 2 178.36 86.4835
1359 134.978 316.727 2 169.708 250
1360 144.978 316.727 2 161.212 250
1361 154.978 316.727 2 152.898 250
1362 164.978 316.727 2 144.797 250
1363 174.978 316.727 2 136.948 85.2362
1364 184.978 316.727 2 129.395 85.0631
1365 194.978 316.727 2 122.195 84.9352
1366 204.978 316.727 2 115.413 84.8626
1367 214.978 316.727 2 109.127 84.8547
1368 224.978 316.727 2 103.427 84.9173
1369 234.978 316.727 2 98.4153 85.0485
1370 244.978 316.727 2 94.2022 250
1371 254.978 316.727 2 90.8984 250
1372 264.978 316.727 2 88.6059 250
1373 274.978 316.727 2 87.4042 85.7408
1374 284.978 316.727 2 87.3383 85.7473
1375 294.978 316.727 2 88.4107 250
1376 304.978 316.727 2 90.5811 250
1377 314.978 316.727 2 93.7732 250
1378 324.978 316.727 2 97.8872 85.0675
1379 334.978 316.727 2 102.812 250
1380 344.978 316.727 2 108.438 250
1381 354.978 316.727 2 114.662 250
1382 364.978 316.727 2 121.391 84.9238
1383 374.978 316.727 2 128.547 250
1384 384.978 316.727 2 136.062 250
1385 394.978 316.727 2 143.879 250
1386 404.978 316.727 2 151.953 250
1387 414.978 316.727 2 160.244 250
1388 424.978 316.727 2 168.721 250
1389 434.978 316.727 2 177.356 250
1390 444.978 316.727 2 186.128 250
1391 454.978 316.727 2 195.018 250
1392 464.978 316.727 2 204.011 250
1393 474.978 316.727 2 213.094 87.5977
1394 484.978 316.727 2 222.256 87.8831
1395 84.9784 326.727 2 211.318 87.5418
1396 94.9784 326.727 2 202.099 87.2493
1397 104.978 326.727 2 192.957 86.9557
1398 114.978 326.727 2 183.904 86.663
1399 124.978 326.727 2 174.955 86.3735
1400 134.978 326.727 2 166.126 86.0905
1401 144.978 326.727 2 157.436 85.8183
1402 154.978 326.727 2 148.912 85.5623
1403 164.978 326.727 2 140.582 85.3298
1404 174.978 326.727 2 132.483 85.1299
1405 184.978 326.727 2 124.66 84.974
1406 194.978 326.727 2 117.169 84.8759
1407 204.978 326.727 2 110.078 84.8514
1408 214.978 326.727 2 103.468 84.9166
1409 224.978 326.727 2 97.4377 85.0846
1410 234.978 326.727 2 92.1009 85.3589
1411 244.978 326.727 2 87.5846 85.723
1412 254.978 326.727 2 84.0211 86.1296
1413 264.978 326.727 2 81.5354 86.4961
1414 274.978 326.727 2 80.2279 86.7229
1415 284.978 326.727 2 80.1561 86.7361
1416 294.978 326.727 2 81.3233 86.5312
1417 304.978 326.727 2 83.6777 86.1757
1418 314.978 326.727 2 87.1231 85.769
1419 324.978 326.727 2 91.5365 85.3968
1420 334.978 326.727 2 96.7854 85.1109
1421 344.978 326.727 2 102.742 84.9305
1422 354.978 326.727 2 109.29 84.854
1423 364.978 326.727 2 116.331 84.869
1424 374.978 326.727 2 123.779 84.9595
1425 384.978 326.727 2 131.567 85.1095
1426 394.978 326.727 2 139.636 85.3049
1427 404.978 326.727 2 147.942 85.5342
1428 414.978 326.727 2 156.446 85.7878
1429 424.978 326.727 2 165.117 86.0585
1430 434.978 326.727 2 173.932 86.3405
1431 444.978 326.727 2 182.868 86.6294
1432 454.978 326.727 2 191.909 86.9219
1433 464.978 326.727 2 201.041 87.2155
1434 474.978 326.727 2 210.253 87.5082
1435 484.978 326.727 2 219.533 87.7988
1436 84.9784 336.727 2 208.931 87.4665
1437 94.9784 336.727 2 199.602 87.1694
1438 104.978 336.727 2 190.34 86.8712
1439 114.978 336.727 2 181.157 86.574
1440 124.978 336.727 2 172.065 86.2804
1441 134.978 336.727 2 163.079 85.9941
1442 144.978 336.727 2 154.218 85.72
1443 154.978 336.727 2 145.505 85.4646
1444 164.978 336.727 2 136.968 85.2367
1445 174.978 336.727 2 128.642 85.0478
1446 184.978 336.727 2 120.57 84.9129
1447 194.978 336.727 2 112.808 84.8512
1448 204.978 336.727 2 105.424 84.8863
1449 214.978 336.727 2 98.502 85.0455
1450 224.978 336.727 2 92.1473 85.3559
1451 234.978 336.727 2 86.4847 85.8356
1452 244.978 336.727 2 81.6583 86.4761
1453 254.978 336.727 2 77.8239 87.2146
1454 264.978 336.727 2 75.1335 87.9091
1455 274.978 336.727 2 73.7125 88.3548
1456 284.978 336.727 2 73.6343 88.3812
1457 294.978 336.727 2 74.9032 87.9772
1458 304.978 336.727 2 77.4531 87.3003
1459 314.978 336.727 2 81.1632 86.5581
1460 324.978 336.727 2 85.8833 85.9018
1461 334.978 336.727 2 91.4572 85.4023
1462 344.978 336.727 2 97.739 85.0731
1463 354.978 336.727 2 104.601 84.8978
1464 364.978 336.727 2 111.937 84.8498
1465 374.978 336.727 2 119.659 84.9017
1466 384.978 336.727 2 127.698 85.0292
1467 394.978 336.727 2 135.997 85.2127
1468 404.978 336.727 2 144.512 85.4368
1469 414.978 336.727 2 153.207 85.6895
1470 424.978 336.727 2 162.052 85.9618
1471 434.978 336.727 2 171.024 86.247
1472 444.978 336.727 2 180.105 86.5399
1473 454.978 336.727 2 189.278 86.8369
1474 464.978 336.727 2 198.531 87.1351
1475 474.978 336.727 2 207.854 87.4324
1476 484.978 336.727 2 217.236 87.7273
1477 84.9784 346.727 2 207.001 87.4053
1478 94.9784 346.727 2 197.58 87.1045
1479 104.978 346.727 2 188.219 86.8026
1480 114.978 346.727 2 178.927 250
1481 124.978 346.727 2 169.715 250
1482 134.978 346.727 2 160.598 250
1483 144.978 346.727 2 151.592 250
1484 154.978 346.727 2 142.719 250
1485 164.978 346.727 2 134.005 250
1486 174.978 346.727 2 125.482 250
1487 184.978 346.727 2 117.193 84.8761
1488 194.978 346.727 2 109.191 84.8545
1489 204.978 346.727 2 101.544 84.957
1490 214.978 346.727 2 94.338 85.2265
1491 224.978 346.727 2 87.682 85.7136
1492 234.978 346.727 2 81.7106 86.4676
1493 244.978 346.727 2 76.5839 250
1494 254.978 346.727 2 72.4816 250
1495 264.978 346.727 2 69.585 250
1496 274.978 346.727 2 68.0481 90.9919
1497 284.978 346.727 2 67.9634 91.0465
1498 294.978 346.727 2 69.3362 90.2307
1499 304.978 346.727 2 72.0832 88.9511
1500 314.978 346.727 2 76.0557 87.6511
1501 324.978 346.727 2 81.0738 86.5733
1502 334.978 346.727 2 86.9565 85.786
1503 344.978 346.727 2 93.541 85.2705
1504 354.978 346.727 2 100.69 84.9786
1505 364.978 346.727 2 108.291 84.8592
1506 374.978 346.727 2 116.256 84.8685
1507 384.978 346.727 2 124.514 250
1508 394.978 346.727 2 133.013 250
1509 404.978 346.727 2 141.707 250
1510 414.978 346.727 2 150.563 250
1511 424.978 346.727 2 159.555 250
1512 434.978 346.727 2 168.66 250
1513 444.978 346.727 2 177.862 86.4674
1514 454.978 346.727 2 187.145 250
1515 464.978 346.727 2 196.499 250
1516 474.978 346.727 2 205.913 87.3708
1517 484.978 346.727 2 215.38 87.6694
1518 84.9784 356.727 2 205.539 87.3589
1519 94.9784 356.727 2 196.048 87.0553
1520 104.978 356.727 2 186.61 250
1521 114.978 356.727 2 177.234 250
1522 124.978 356.727 2 167.93 250
1523 134.978 356.727 2 158.71 250
1524 144.978 356.727 2 149.59 250
1525 154.978 356.727 2 140.591 250
1526 164.978 356.727 2 131.736 250
1527 174.978 356.727 2 123.056 250
1528 184.978 356.727 2 114.592 84.8579
1529 194.978 356.727 2 106.394 84.875
1530 204.978 356.727 2 98.5302 85.0445
1531 214.978 356.727 2 91.0861 85.4285
1532 224.978 356.727 2 84.1734 86.1096
1533 234.978 356.727 2 77.9335 87.1898
1534 244.978 356.727 2 72.5405 250
1535 254.978 356.727 2 68.1953 250
1536 264.978 356.727 2 65.1082 250
1537 274.978 356.727 2 63.4631 95.2539
1538 284.978 356.727 2 63.3723 95.379
1539 294.978 356.727 2 64.8424 93.6101
1540 304.978 356.727 2 67.7718 91.1724
1541 314.978 356.727 2 71.9826 88.9914
1542 324.978 356.727 2 77.2656 87.3448
1543 334.978 356.727 2 83.4174 86.2116
1544 344.978 356.727 2 90.2604 85.4901
1545 354.978 356.727 2 97.6495 85.0765
1546 364.978 356.727 2 105.47 84.8857
1547 374.978 356.727 2 113.633 84.8537
1548 384.978 356.727 2 122.069 84.9334
1549 394.978 356.727 2 130.726 250
1550 404.978 356.727 2 139.563 250
1551 414.978 356.727 2 148.547 250
1552 424.978 356.727 2 157.654 250
1553 434.978 356.727 2 166.863 250
1554 444.978 356.727 2 176.158 86.4123
1555 454.978 356.727 2 185.527 250
1556 464.978 356.727 2 194.958 250
1557 474.978 356.727 2 204.444 87.3241
1558 484.978 356.727 2 213.976 87.6254
1559 84.9784 366.727 2 204.557 87.3277
1560 94.9784 366.727 2 195.018 87.0221
1561 104.978 366.727 2 185.527 250
1562 114.978 366.727 2 176.093 250
1563 124.978 366.727 2 166.725 250
1564 134.978 366.727 2 157.435 250
1565 144.978 366.727 2 148.237 250
1566 154.978 366.727 2 139.15 250
1567 164.978 366.727 2 130.197 250
1568 174.978 366.727 2 121.407 250
1569 184.978 366.727 2 112.82 84.8512
1570 194.978 366.727 2 104.483 250
1571 204.978 366.727 2 96.4635 250
1572 214.978 366.727 2 88.8464 250
1573 224.978 366.727 2 81.7446 250
1574 234.978 366.727 2 75.3038 250
1575 244.978 366.727 2 69.7075 250
1576 254.978 366.727 2 65.1738 250
1577 264.978 366.727 2 61.9363 250
1578 274.978 366.727 2 60.2045 102.399
1579 284.978 366.727 2 60.1088 102.763
1580 294.978 366.727 2 61.6567 98.3321
1581 304.978 366.727 2 64.7305 93.7281
1582 314.978 366.727 2 69.1268 90.3462
1583 324.978 366.727 2 74.6123 88.0654
1584 334.978 366.727 2 80.9659 86.5917
1585 344.978 366.727 2 87.9998 85.6833
1586 354.978 366.727 2 95.5638 85.1651
1587 364.978 366.727 2 103.542 84.9153
1588 374.978 366.727 2 111.845 84.8498
1589 384.978 366.727 2 120.407 84.9108
1590 394.978 366.727 2 129.176 250
1591 404.978 366.727 2 138.112 250
1592 414.978 366.727 2 147.185 250
1593 424.978 366.727 2 156.371 250
1594 434.978 366.727 2 165.651 250
1595 444.978 366.727 2 175.011 86.3753
1596 454.978 366.727 2 184.438 250
1597 464.978 366.727 2 193.922 250
1598 474.978 366.727 2 203.456 87.2926
1599 484.978 366.727 2 213.032 87.5958
1600 84.9784 376.727 2 204.06 87.3118
1601 94.9784 376.727 2 194.497 87.0053
1602 104.978 376.727 2 184.979 250
1603 114.978 376.727 2 175.516 250
1604 124.978 376.727 2 166.116 250
1605 134.978 376.727 2 156.789 250
1606 144.978 376.727 2 147.551 250
1607 154.978 376.727 2 138.419 250
1608 164.978 376.727 2 129.415 250
1609 174.978 376.727 2 120.569 250
1610 184.978 376.727 2 111.916 84.8498
1611 194.978 376.727 2 103.507 250
1612 204.978 376.727 2 95.4056 250
1613 214.978 376.727 2 87.6967 250
1614 224.978 376.727 2 80.4934 250
1615 234.978 376.727 2 73.9437 250
1616 244.978 376.727 2 68.236 250
1617 254.978 376.727 2 63.5975 250
1618 264.978 376.727 2 60.2754 250
1619 274.978 376.727 2 58.4945 114.996
1620 284.978 376.727 2 58.3959 116.905
1621 294.978 376.727 2 59.9881 103.248
1622 304.978 376.727 2 63.1431 95.7059
1623 314.978 376.727 2 67.6427 91.2591
1624 324.978 376.727 2 73.2394 88.5177
1625 334.978 376.727 2 79.7026 86.8216
1626 344.978 376.727 2 86.8388 85.7982
1627 354.978 376.727 2 94.4958 85.2182
1628 364.978 376.727 2 102.557 84.9343
1629 374.978 376.727 2 110.934 84.8499
1630 384.978 376.727 2 119.561 250
1631 394.978 376.727 2 128.388 250
1632 404.978 376.727 2 137.375 250
1633 414.978 376.727 2 146.494 250
1634 424.978 376.727 2 155.72 250
1635 434.978 376.727 2 165.037 250
1636 444.978 376.727 2 174.43 250
1637 454.978 376.727 2 183.887 250
1638 464.978 376.727 2 193.398 250
1639 474.978 376.727 2 202.956 87.2767
1640 484.978 376.727 2 212.555 87.5808
1641 84.9784 386.727 2 204.053 87.3116
1642 94.9784 386.727 2 194.489 87.0051
1643 104.978 386.727 2 184.971 86.6975
1644 114.978 386.727 2 175.508 250
1645 124.978 386.727 2 166.107 250
1646 134.978 386.727 2 156.78 250
1647 144.978 386.727 2 147.541 250
1648 154.978 386.727 2 138.408 250
1649 164.978 386.727 2 129.404 250
1650 174.978 386.727 2 120.556 250
1651 184.978 386.727 2 111.903 84.8498
1652 194.978 386.727 2 103.493 250
1653 204.978 386.727 2 95.39 250
1654 214.978 386.727 2 87.6797 250
1655 224.978 386.727 2 80.4749 250
1656 234.978 386.727 2 73.9236 250
1657 244.978 386.727 2 68.2142 250
1658 254.978 386.727 2 63.574 250
1659 264.978 386.727 2 60.2506 250
1660 274.978 386.727 2 58.469 115.45
1661 284.978 386.727 2 58.3704 117.478
1662 294.978 386.727 2 59.9632 103.351
1663 304.978 386.727 2 63.1195 95.7405
1664 314.978 386.727 2 67.6206 91.2741
1665 324.978 386.727 2 73.2191 88.5249
1666 334.978 386.727 2 79.6838 86.8252
1667 344.978 386.727 2 86.8216 85.8
1668 354.978 386.727 2 94.48 85.219
1669 364.978 386.727 2 102.542 84.9346
1670 374.978 386.727 2 110.921 84.8499
1671 384.978 386.727 2 119.549 250
1672 394.978 386.727 2 128.376 250
1673 404.978 386.727 2 137.364 250
1674 414.978 386.727 2 146.483 250
1675 424.978 386.727 2 155.711 250
1676 434.978 386.727 2 165.028 250
1677 444.978 386.727 2 174.421 250
1678 454.978 386.727 2 183.878 250
1679 464.978 386.727 2 193.39 250
1680 474.978 386.727 2 202.949 87.2764
1681 484.978 386.727 2 212.548 87.5805
1682 84.9784 396.727 2 204.535 87.327
1683 94.9784 396.727 2 194.995 87.0214
1684 104.978 396.727 2 185.503 86.7147
1685 114.978 396.727 2 176.068 86.4094
1686 124.978 396.727 2 166.699 86.1087
1687 134.978 396.727 2 157.407 85.8174
1688 144.978 396.727 2 148.207 85.5419
1689 154.978 396.727 2 139.118 85.2914
1690 164.978 396.727 2 130.163 85.0792
1691 174.978 396.727 2 121.371 84.9235
1692 184.978 396.727 2 112.78 84.8511
1693 194.978 396.727 2 104.44 84.9003
1694 204.978 396.727 2 96.4171 85.1265
1695 214.978 396.727 2 88.7961 85.6108
1696 224.978 396.727 2 81.6898 86.471
1697 234.978 396.727 2 75.2443 87.8769
1698 244.978 396.727 2 69.6433 250
1699 254.978 396.727 2 65.1051 250
1700 264.978 396.727 2 61.864 250
1701 274.978 396.727 2 60.1302 102.68
1702 284.978 396.727 2 60.0343 103.058
1703 294.978 396.727 2 61.5841 98.4898
1704 304.978 396.727 2 64.6613 93.8022
1705 314.978 396.727 2 69.0621 90.3825
1706 324.978 396.727 2 74.5523 88.0839
1707 334.978 396.727 2 80.9107 86.6013
1708 344.978 396.727 2 87.9489 85.6881
1709 354.978 396.727 2 95.517 85.1673
1710 364.978 396.727 2 103.499 84.916
1711 374.978 396.727 2 111.805 84.8497
1712 384.978 396.727 2 120.37 250
1713 394.978 396.727 2 129.141 250
1714 404.978 396.727 2 138.079 250
1715 414.978 396.727 2 147.154 250
1716 424.978 396.727 2 156.342 250
1717 434.978 396.727 2 165.624 250
1718 444.978 396.727 2 174.985 250
1719 454.978 396.727 2 184.413 250
1720 464.978 396.727 2 193.899 250
1721 474.978 396.727 2 203.434 87.2919
1722 484.978 396.727 2 213.011 87.5951
1723 84.9784 406.727 2 205.503 87.3578
1724 94.9784 406.727 2 196.01 87.0541
1725 104.978 406.727 2 186.57 86.7493
1726 114.978 406.727 2 177.192 86.4457
1727 124.978 406.727 2 167.885 86.1465
1728 134.978 406.727 2 158.663 85.8561
1729 144.978 406.727 2 149.541 85.5807
1730 154.978 406.727 2 140.538 85.3286
1731 164.978 406.727 2 131.679 85.1119
1732 174.978 406.727 2 122.995 84.9472
1733 184.978 406.727 2 114.527 84.8576
1734 194.978 406.727 2 106.324 84.8757
1735 204.978 406.727 2 98.4545 85.0472
1736 214.978 406.727 2 91.0042 85.4344
1737 224.978 406.727 2 84.0848 86.1212
1738 234.978 406.727 2 77.8378 87.2114
1739 244.978 406.727 2 72.4376 88.8127
1740 254.978 406.727 2 68.0859 90.9677
1741 264.978 406.727 2 64.9937 93.4542
1742 274.978 406.727 2 63.3456 95.4163
1743 284.978 406.727 2 63.2546 95.5448
1744 294.978 406.727 2 64.7273 93.7315
1745 304.978 406.727 2 67.6617 91.2462
1746 314.978 406.727 2 71.879 89.0333
1747 324.978 406.727 2 77.1691 87.368
1748 334.978 406.727 2 83.328 86.2241
1749 344.978 406.727 2 90.1778 85.4965
1750 354.978 406.727 2 97.5731 85.0794
1751 364.978 406.727 2 105.399 84.8867
1752 374.978 406.727 2 113.567 84.8534
1753 384.978 406.727 2 122.008 84.9325
1754 394.978 406.727 2 130.669 85.0899
1755 404.978 406.727 2 139.51 85.3016
1756 414.978 406.727 2 148.497 85.5503
1757 424.978 406.727 2 157.607 85.8235
1758 434.978 406.727 2 166.818 86.1125
1759 444.978 406.727 2 176.116 86.411
1760 454.978 406.727 2 185.487 86.7142
1761 464.978 406.727 2 194.92 87.019
1762 474.978 406.727 2 204.407 87.3229
1763 484.978 406.727 2 213.941 87.6243
1764 84.9784 416.727 2 206.951 87.4037
1765 94.9784 416.727 2 197.527 87.1028
1766 104.978 416.727 2 188.163 86.8008
1767 114.978 416.727 2 178.869 250
1768 124.978 416.727 2 169.654 250
1769 134.978 416.727 2 160.533 250
1770 144.978 416.727 2 151.524 250
1771 154.978 416.727 2 142.646 85.3853
1772 164.978 416.727 2 133.927 85.1631
1773 174.978 416.727 2 125.399 84.9867
1774 184.978 416.727 2 117.104 84.8754
1775 194.978 416.727 2 109.095 84.8549
1776 204.978 416.727 2 101.441 84.9594
1777 214.978 416.727 2 94.2273 85.2324
1778 224.978 416.727 2 87.5629 85.7252
1779 234.978 416.727 2 81.5828 86.4884
1780 244.978 416.727 2 76.4476 87.5481
1781 254.978 416.727 2 72.3375 88.8513
1782 264.978 416.727 2 69.4348 90.1774
1783 274.978 416.727 2 67.8946 91.0913
1784 284.978 416.727 2 67.8097 91.1472
1785 294.978 416.727 2 69.1856 90.3135
1786 304.978 416.727 2 71.9383 89.0093
1787 314.978 416.727 2 75.9184 87.6881
1788 324.978 416.727 2 80.945 86.5953
1789 334.978 416.727 2 86.8365 85.7984
1790 344.978 416.727 2 93.4294 85.277
1791 354.978 416.727 2 100.586 84.9814
1792 364.978 416.727 2 108.194 84.8598
1793 374.978 416.727 2 116.166 84.8678
1794 384.978 416.727 2 124.431 84.9702
1795 394.978 416.727 2 132.934 85.1402
1796 404.978 416.727 2 141.633 85.3579
1797 414.978 416.727 2 150.494 85.6087
1798 424.978 416.727 2 159.49 85.8818
1799 434.978 416.727 2 168.598 86.1693
1800 444.978 416.727 2 177.803 86.4655
1801 454.978 416.727 2 187.089 86.7661
1802 464.978 416.727 2 196.446 87.0681
1803 474.978 416.727 2 205.862 87.3692
1804 484.978 416.727 2 215.332 87.6678
1805 84.9784 426.727 2 208.867 87.4645
1806 94.9784 426.727 2 199.534 87.1672
1807 104.978 426.727 2 190.27 86.8689
1808 114.978 426.727 2 181.083 250
1809 124.978 426.727 2 171.987 250
1810 134.978 426.727 2 162.997 250
1811 144.978 426.727 2 154.131 250
1812 154.978 426.727 2 145.413 85.462
1813 164.978 426.727 2 136.87 250
1814 174.978 426.727 2 128.537 250
1815 184.978 426.727 2 120.459 250
1816 194.978 426.727 2 112.689 250
1817 204.978 426.727 2 105.296 250
1818 214.978 426.727 2 98.3657 250
1819 224.978 426.727 2 92.0015 85.3654
1820 234.978 426.727 2 86.3294 250
1821 244.978 426.727 2 81.4939 250
1822 254.978 426.727 2 77.6513 250
1823 264.978 426.727 2 74.9547 250
1824 274.978 426.727 2 73.5302 88.4166
1825 284.978 426.727 2 73.4519 88.4436
1826 294.978 426.727 2 74.7239 88.0313
1827 304.978 426.727 2 77.2796 250
1828 314.978 426.727 2 80.9977 250
1829 324.978 426.727 2 85.7269 250
1830 334.978 426.727 2 91.3104 250
1831 344.978 426.727 2 97.6016 250
1832 354.978 426.727 2 104.473 250
1833 364.978 426.727 2 111.817 250
1834 374.978 426.727 2 119.547 250
1835 384.978 426.727 2 127.593 250
1836 394.978 426.727 2 135.899 250
1837 404.978 426.727 2 144.419 250
1838 414.978 426.727 2 153.119 250
1839 424.978 426.727 2 161.969 250
1840 434.978 426.727 2 170.946 250
1841 444.978 426.727 2 180.03 250
1842 454.978 426.727 2 189.207 250
1843 464.978 426.727 2 198.464 87.1329
1844 474.978 426.727 2 207.789 87.4303
1845 484.978 426.727 2 217.175 250
1846 84.9784 436.727 2 211.241 87.5394
1847 94.9784 436.727 2 202.017 87.2467
1848 104.978 436.727 2 192.872 86.953
1849 114.978 436.727 2 183.815 250
1850 124.978 436.727 2 174.861 250
1851 134.978 436.727 2 166.027 250
1852 144.978 436.727 2 157.332 250
1853 154.978 436.727 2 148.802 85.5591
1854 164.978 436.727 2 140.465 250
1855 174.978 436.727 2 132.359 250
1856 184.978 436.727 2 124.529 250
1857 194.978 436.727 2 117.029 250
1858 204.978 436.727 2 109.929 250
1859 214.978 436.727 2 103.309 250
1860 224.978 436.727 2 97.2692 85.0912
1861 234.978 436.727 2 91.9227 250
1862 244.978 436.727 2 87.3972 250
1863 254.978 436.727 2 83.8257 250
1864 264.978 436.727 2 81.3341 250
1865 274.978 436.727 2 80.0232 86.7608
1866 284.978 436.727 2 79.9512 86.7743
1867 294.978 436.727 2 81.1214 86.5652
1868 304.978 436.727 2 83.4815 250
1869 314.978 436.727 2 86.9347 250
1870 324.978 436.727 2 91.3571 250
1871 334.978 436.727 2 96.6158 250
1872 344.978 436.727 2 102.582 250
1873 354.978 436.727 2 109.14 250
1874 364.978 436.727 2 116.19 250
1875 374.978 436.727 2 123.647 250
1876 384.978 436.727 2 131.442 85.1067
1877 394.978 436.727 2 139.519 250
1878 404.978 436.727 2 147.831 250
1879 414.978 436.727 2 156.341 250
1880 424.978 436.727 2 165.018 250
1881 434.978 436.727 2 173.837 250
1882 444.978 436.727 2 182.778 250
1883 454.978 436.727 2 191.824 250
1884 464.978 436.727 2 200.96 87.2129
1885 474.978 436.727 2 210.175 87.5058
1886 484.978 436.727 2 219.458 250
1887 84.9784 446.727 2 214.055 87.6279
1888 94.9784 446.727 2 204.959 87.3405
1889 104.978 446.727 2 195.95 87.0521
1890 114.978 446.727 2 187.043 250
1891 124.978 446.727 2 178.251 250
1892 134.978 446.727 2 169.594 250
1893 144.978 446.727 2 161.091 250
1894 154.978 446.727 2 152.771 85.6764
1895 164.978 446.727 2 144.663 250
1896 174.978 446.727 2 136.806 250
1897 184.978 446.727 2 129.245 250
1898 194.978 446.727 2 122.036 250
1899 204.978 446.727 2 115.245 250
1900 214.978 446.727 2 108.949 250
1901 224.978 446.727 2 103.239 84.9208
1902 234.978 446.727 2 98.2181 250
1903 244.978 446.727 2 93.9962 250
1904 254.978 446.727 2 90.685 250
1905 264.978 446.727 2 88.3869 250
1906 274.978 446.727 2 87.1822 85.763
1907 284.978 446.727 2 87.1161 85.7697
1908 294.978 446.727 2 88.1913 85.6654
1909 304.978 446.727 2 90.3669 250
1910 314.978 446.727 2 93.5664 250
1911 324.978 446.727 2 97.689 250
1912 334.978 446.727 2 102.624 250
1913 344.978 446.727 2 108.259 250
1914 354.978 446.727 2 114.493 250
1915 364.978 446.727 2 121.231 250
1916 374.978 446.727 2 128.396 250
1917 384.978 446.727 2 135.919 250
1918 394.978 446.727 2 143.745 250
1919 404.978 446.727 2 151.826 250
1920 414.978 446.727 2 160.123 250
1921 424.978 446.727 2 168.606 250
1922 434.978 446.727 2 177.247 250
1923 444.978 446.727 2 186.024 250
1924 454.978 446.727 2 194.919 250
1925 464.978 446.727 2 203.916 87.3073
1926 474.978 446.727 2 213.003 87.5948
1927 484.978 446.727 2 222.169 250
1928 84.9784 456.727 2 217.294 87.7291
1929 94.9784 456.727 2 208.339 87.4477
1930 104.978 456.727 2 199.483 87.1656
1931 114.978 456.727 2 190.741 250
1932 124.978 456.727 2 182.128 250
1933 134.978 456.727 2 173.663 250
1934 144.978 456.727 2 165.371 250
1935 154.978 456.727 2 157.277 85.8134
1936 164.978 456.727 2 149.414 250
1937 174.978 456.727 2 141.82 250
1938 184.978 456.727 2 134.541 250
1939 194.978 456.727 2 127.632 250
1940 204.978 456.727 2 121.154 250
1941 214.978 456.727 2 115.182 250
1942 224.978 456.727 2 109.797 84.8522
1943 234.978 456.727 2 105.09 250
1944 244.978 456.727 2 101.155 250
1945 254.978 456.727 2 98.0856 250
1946 264.978 456.727 2 95.9649 250
1947 274.978 456.727 2 94.8565 85.1996
1948 284.978 456.727 2 94.7957 85.2027
1949 294.978 456.727 2 95.7847 85.1548
1950 304.978 456.727 2 97.7916 250
1951 314.978 456.727 2 100.756 250
1952 324.978 456.727 2 104.595 250
1953 334.978 456.727 2 109.218 250
1954 344.978 456.727 2 114.53 250
1955 354.978 456.727 2 120.439 250
1956 364.978 456.727 2 126.862 250
1957 374.978 456.727 2 133.726 250
1958 384.978 456.727 2 140.965 250
1959 394.978 456.727 2 148.525 250
1960 404.978 456.727 2 156.359 250
1961 414.978 456.727 2 164.428 250
1962 424.978 456.727 2 172.699 250
1963 434.978 456.727 2 181.145 250
1964 444.978 456.727 2 189.742 250
1965 454.978 456.727 2 198.47 250
1966 464.978 456.727 2 207.314 87.4153
1967 474.978 456.727 2 216.258 87.6968
1968 484.978 456.727 2 225.291 250
1969 84.9784 466.727 2 220.938 87.8423
1970 94.9784 466.727 2 212.137 87.5676
1971 104.978 466.727 2 203.447 87.2923
1972 114.978 466.727 2 194.882 250
1973 124.978 466.727 2 186.461 250
1974 134.978 466.727 2 178.202 250
1975 144.978 466.727 2 170.131 250
1976 154.978 466.727 2 162.274 85.9688
1977 164.978 466.727 2 154.666 250
1978 174.978 466.727 2 147.343 250
1979 184.978 466.727 2 140.351 250
1980 194.978 466.727 2 133.742 250
1981 204.978 466.727 2 127.575 250
1982 214.978 466.727 2 121.918 250
1983 224.978 466.727 2 116.843 84.8731
1984 234.978 466.727 2 112.431 250
1985 244.978 466.727 2 108.763 250
1986 254.978 466.727 2 105.914 250
1987 264.978 466.727 2 103.953 250
1988 274.978 466.727 2 102.931 84.9267
1989 284.978 466.727 2 102.875 84.9278
1990 294.978 466.727 2 103.787 84.9109
1991 304.978 466.727 2 105.642 250
1992 314.978 466.727 2 108.391 250
1993 324.978 466.727 2 111.97 250
1994 334.978 466.727 2 116.3 250
1995 344.978 466.727 2 121.302 250
1996 354.978 466.727 2 126.896 250
1997 364.978 466.727 2 133.008 250
1998 374.978 466.727 2 139.569 250
1999 384.978 466.727 2 146.52 250
2000 394.978 466.727 2 153.807 250
2001 404.978 466.727 2 161.385 250
2002 414.978 466.727 2 169.214 250
2003 424.978 466.727 2 177.263 250
2004 434.978 466.727 2 185.501 250
2005 444.978 466.727 2 193.905 250
2006 454.978 466.727 2 202.454 250
2007 464.978 466.727 2 211.13 87.5359
2008 474.978 466.727 2 219.919 87.8107
2009 484.978 466.727 2 228.808 250
2010 84.9784 476.727 2 224.968 87.9666
2011 94.9784 476.727 2 216.331 87.6991
2012 104.978 476.727 2 207.816 87.4312
2013 114.978 476.727 2 199.439 87.1642
2014 124.978 476.727 2 191.219 86.8996
2015 134.978 476.727 2 183.175 86.6393
2016 144.978 476.727 2 175.333 86.3857
2017 154.978 476.727 2 167.72 86.1413
2018 164.978 476.727 2 160.37 85.9092
2019 174.978 476.727 2 153.32 85.6929
2020 184.978 476.727 2 146.613 85.4961
2021 194.978 476.727 2 140.299 85.3223
2022 204.978 476.727 2 134.434 85.1751
2023 214.978 476.727 2 129.077 85.0566
2024 224.978 476.727 2 124.296 84.9679
2025 234.978 476.727 2 120.158 84.9077
2026 244.978 476.727 2 116.732 84.8722
2027 254.978 476.727 2 114.083 84.8555
2028 264.978 476.727 2 112.264 84.8502
2029 274.978 476.727 2 111.318 84.8496
2030 284.978 476.727 2 111.267 84.8497
2031 294.978 476.727 2 112.11 84.85
2032 304.978 476.727 2 113.83 250
2033 314.978 476.727 2 116.386 250
2034 324.978 476.727 2 119.726 250
2035 334.978 476.727 2 123.785 250
2036 344.978 476.727 2 128.496 250
2037 354.978 476.727 2 133.79 250
2038 364.978 476.727 2 139.6 250
2039 374.978 476.727 2 145.865 250
2040 384.978 476.727 2 152.529 250
2041 394.978 476.727 2 159.542 250
2042 404.978 476.727 2 166.859 250
2043 414.978 476.727 2 174.444 250
2044 424.978 476.727 2 182.261 250
2045 434.978 476.727 2 190.283 250
2046 444.978 476.727 2 198.484 250
2047 454.978 476.727 2 206.844 250
2048 464.978 476.727 2 215.344 87.6682
2049 474.978 476.727 2 223.967 87.9358
2050 484.978 476.727 2 232.701 250
2051 84.9784 486.727 2 229.364 88.101
2052 94.9784 486.727 2 220.898 87.8411
2053 104.978 486.727 2 212.567 87.5811
2054 114.978 486.727 2 204.385 87.3222
2055 124.978 486.727 2 196.371 87.0657
2056 134.978 486.727 2 188.547 86.8133
2057 144.978 486.727 2 180.938 86.5669
2058 154.978 486.727 2 173.571 86.3289
2059 164.978 486.727 2 166.48 86.1018
2060 174.978 486.727 2 159.7 85.8883
2061 184.978 486.727 2 153.273 85.6915
2062 194.978 486.727 2 147.245 85.5141
2063 204.978 486.727 2 141.667 85.3588
2064 214.978 486.727 2 136.594 85.2274
2065 224.978 486.727 2 132.085 85.121
2066 234.978 486.727 2 128.199 85.039
2067 244.978 486.727 2 124.993 84.9797
2068 254.978 486.727 2 122.523 84.94
2069 264.978 486.727 2 120.832 84.9163
2070 274.978 486.727 2 119.953 84.9052
2071 284.978 486.727 2 119.905 84.9046
2072 294.978 486.727 2 120.689 84.9144
2073 304.978 486.727 2 122.288 84.9365
2074 314.978 486.727 2 124.671 84.9742
2075 324.978 486.727 2 127.794 85.031
2076 334.978 486.727 2 131.604 85.1103
2077 344.978 486.727 2 136.045 85.2139
2078 354.978 486.727 2 141.056 85.3424
2079 364.978 486.727 2 146.578 85.4951
2080 374.978 486.727 2 152.557 85.67
2081 384.978 486.727 2 158.941 85.8647
2082 394.978 486.727 2 165.682 86.0764
2083 404.978 486.727 2 172.74 86.3021
2084 414.978 486.727 2 180.077 86.539
2085 424.978 486.727 2 187.659 86.7845
2086 434.978 486.727 2 195.46 87.0364
2087 444.978 486.727 2 203.453 87.2925
2088 454.978 486.727 2 211.616 87.5512
2089 464.978 486.727 2 219.932 87.8111
2090 474.978 486.727 2 228.382 88.0711
2091 484.978 486.727 2 236.953 88.33
2092 84.9784 496.727 2 234.104 88.2445
2093 94.9784 496.727 2 225.817 87.9926
2094 104.978 496.727 2 217.673 250
2095 114.978 496.727 2 209.691 250
2096 124.978 496.727 2 201.888 250
2097 134.978 496.727 2 194.286 250
2098 144.978 496.727 2 186.911 250
2099 154.978 496.727 2 179.789 250
2100 164.978 496.727 2 172.952 250
2101 174.978 496.727 2 166.436 250
2102 184.978 496.727 2 160.279 250
2103 194.978 496.727 2 154.525 250
2104 204.978 496.727 2 149.219 85.5713
2105 214.978 496.727 2 144.412 85.434
2106 224.978 496.727 2 140.155 85.3185
2107 234.978 496.727 2 136.499 250
2108 244.978 496.727 2 133.493 250
2109 254.978 496.727 2 131.183 250
2110 264.978 496.727 2 129.605 250
2111 274.978 496.727 2 128.786 85.0507
2112 284.978 496.727 2 128.741 85.0498
2113 294.978 496.727 2 129.471 85.0647
2114 304.978 496.727 2 130.963 85.0963
2115 314.978 496.727 2 133.191 85.146
2116 324.978 496.727 2 136.118 85.2157
2117 334.978 496.727 2 139.702 85.3067
2118 344.978 496.727 2 143.893 85.4196
2119 354.978 496.727 2 148.639 85.5544
2120 364.978 496.727 2 153.89 85.7101
2121 374.978 496.727 2 159.595 85.8851
2122 384.978 496.727 2 165.708 86.0772
2123 394.978 496.727 2 172.185 86.2843
2124 404.978 496.727 2 178.986 86.5037
2125 414.978 496.727 2 186.077 86.7333
2126 424.978 496.727 2 193.425 86.9708
2127 434.978 496.727 2 201.001 87.2142
2128 444.978 496.727 2 208.782 87.4618
2129 454.978 496.727 2 216.745 87.712
2130 464.978 496.727 2 224.871 87.9636
2131 474.978 496.727 2 233.143 88.2155
2132 484.978 496.727 2 241.545 88.4667
2133 84.9784 506.727 2 239.169 88.3962
2134 94.9784 506.727 2 231.063 88.1526
2135 104.978 506.727 2 223.111 250
2136 114.978 506.727 2 215.33 250
2137 124.978 506.727 2 207.739 250
2138 134.978 506.727 2 200.36 250
2139 144.978 506.727 2 193.216 250
2140 154.978 506.727 2 186.336 250
2141 164.978 506.727 2 179.749 250
2142 174.978 506.727 2 173.488 250
2143 184.978 506.727 2 167.59 250
2144 194.978 506.727 2 162.096 250
2145 204.978 506.727 2 157.046 85.8063
2146 214.978 506.727 2 152.486 85.6679
2147 224.978 506.727 2 148.46 85.5492
2148 234.978 506.727 2 145.014 250
2149 244.978 506.727 2 142.188 250
2150 254.978 506.727 2 140.021 250
2151 264.978 506.727 2 138.544 250
2152 274.978 506.727 2 137.778 85.2571
2153 284.978 506.727 2 137.736 85.256
2154 294.978 506.727 2 138.419 250
2155 304.978 506.727 2 139.815 250
2156 314.978 506.727 2 141.904 250
2157 324.978 506.727 2 144.656 250
2158 334.978 506.727 2 148.033 250
2159 344.978 506.727 2 151.994 250
2160 354.978 506.727 2 156.495 250
2161 364.978 506.727 2 161.491 250
2162 374.978 506.727 2 166.936 250
2163 384.978 506.727 2 172.789 250
2164 394.978 506.727 2 179.01 250
2165 404.978 506.727 2 185.562 250
2166 414.978 506.727 2 192.41 250
2167 424.978 506.727 2 199.525 87.1669
2168 434.978 506.727 2 206.878 87.4014
2169 444.978 506.727 2 214.446 87.6401
2170 454.978 506.727 2 222.206 87.8815
2171 464.978 506.727 2 230.139 88.1245
2172 474.978 506.727 2 238.228 88.3681
2173 484.978 506.727 2 246.457 250
2174 84.9784 516.727 2 244.538 88.5551
2175 94.9784 516.727 2 236.616 88.3199
2176 104.978 516.727 2 228.857 250
2177 114.978 516.727 2 221.278 250
2178 124.978 516.727 2 213.899 250
2179 134.978 516.727 2 206.739 250
2180 144.978 516.727 2 199.824 250
2181 154.978 516.727 2 193.179 250
2182 164.978 516.727 2 186.833 250
2183 174.978 516.727 2 180.818 250
2184 184.978 516.727 2 175.167 250
2185 194.978 516.727 2 169.918 250
2186 204.978 516.727 2 165.108 86.0582
2187 214.978 516.727 2 160.776 85.9219
2188 224.978 516.727 2 156.963 85.8037
2189 234.978 516.727 2 153.707 250
2190 244.978 516.727 2 151.044 250
2191 254.978 516.727 2 149.006 250
2192 264.978 516.727 2 147.619 250
2193 274.978 516.727 2 146.901 85.5043
2194 284.978 516.727 2 146.862 85.5031
2195 294.978 516.727 2 147.502 250
2196 304.978 516.727 2 148.813 250
2197 314.978 516.727 2 150.777 250
2198 324.978 516.727 2 153.37 250
2199 334.978 516.727 2 156.559 250
2200 344.978 516.727 2 160.31 250
2201 354.978 516.727 2 164.583 250
2202 364.978 516.727 2 169.34 250
2203 374.978 516.727 2 174.541 250
2204 384.978 516.727 2 180.148 250
2205 394.978 516.727 2 186.123 250
2206 404.978 516.727 2 192.432 250
2207 414.978 516.727 2 199.044 250
2208 424.978 516.727 2 205.93 87.3713
2209 434.978 516.727 2 213.062 87.5967
2210 444.978 516.727 2 220.418 87.8262
2211 454.978 516.727 2 227.975 88.0586
2212 464.978 516.727 2 235.714 88.2929
2213 474.978 516.727 2 243.618 88.528
2214 484.978 516.727 2 251.67 250
2215 84.9784 526.727 2 250.191 88.7203
2216 94.9784 526.727 2 242.455 88.4937
2217 104.978 526.727 2 234.889 250
2218 114.978 526.727 2 227.511 250
2219 124.978 526.727 2 220.34 250
2220 134.978 526.727 2 213.397 250
2221 144.978 526.727 2 206.704 250
2222 154.978 526.727 2 200.288 250
2223 164.978 526.727 2 194.174 250
2224 174.978 526.727 2 188.393 250
2225 184.978 526.727 2 182.977 250
2226 194.978 526.727 2 177.958 250
2227 204.978 526.727 2 173.371 86.3224
2228 214.978 526.727 2 169.251 86.1902
2229 224.978 526.727 2 165.634 86.0749
2230 234.978 526.727 2 162.551 250
2231 244.978 526.727 2 160.036 250
2232 254.978 526.727 2 158.114 250
2233 264.978 526.727 2 156.807 250
2234 274.978 526.727 2 156.131 85.7782
2235 284.978 526.727 2 156.094 85.7771
2236 294.978 526.727 2 156.697 250
2237 304.978 526.727 2 157.931 250
2238 314.978 526.727 2 159.784 250
2239 324.978 526.727 2 162.232 250
2240 334.978 526.727 2 165.251 250
2241 344.978 526.727 2 168.808 250
2242 354.978 526.727 2 172.872 250
2243 364.978 526.727 2 177.407 250
2244 374.978 526.727 2 182.378 250
2245 384.978 526.727 2 187.75 250
2246 394.978 526.727 2 193.491 250
2247 404.978 526.727 2 199.567 250
2248 414.978 526.727 2 205.951 250
2249 424.978 526.727 2 212.613 87.5826
2250 434.978 526.727 2 219.528 87.7986
2251 444.978 526.727 2 226.674 88.0189
2252 454.978 526.727 2 234.029 88.2422
2253 464.978 526.727 2 241.574 88.4676
2254 474.978 526.727 2 249.292 88.6942
2255 484.978 526.727 2 257.167 250
2256 84.9784 536.727 2 256.111 88.8909
2257 94.9784 536.727 2 248.558 88.6728
2258 104.978 536.727 2 241.184 250
2259 114.978 536.727 2 234.005 250
2260 124.978 536.727 2 227.039 250
2261 134.978 536.727 2 220.307 250
2262 144.978 536.727 2 213.831 250
2263 154.978 536.727 2 207.635 250
2264 164.978 536.727 2 201.744 250
2265 174.978 536.727 2 196.186 250
2266 184.978 536.727 2 190.991 250
2267 194.978 536.727 2 186.188 250
2268 204.978 536.727 2 181.809 86.5951
2269 214.978 536.727 2 177.885 86.4681
2270 224.978 536.727 2 174.446 86.3571
2271 234.978 536.727 2 171.523 250
2272 244.978 536.727 2 169.14 250
2273 254.978 536.727 2 167.323 250
2274 264.978 536.727 2 166.089 250
2275 274.978 536.727 2 165.451 86.0691
2276 284.978 536.727 2 165.416 86.068
2277 294.978 536.727 2 165.985 250
2278 304.978 536.727 2 167.151 250
2279 314.978 536.727 2 168.902 250
2280 324.978 536.727 2 171.22 250
2281 334.978 536.727 2 174.083 250
2282 344.978 536.727 2 177.463 250
2283 354.978 536.727 2 181.333 250
2284 364.978 536.727 2 185.662 250
2285 374.978 536.727 2 190.417 250
2286 384.978 536.727 2 195.569 250
2287 394.978 536.727 2 201.086 250
2288 404.978 536.727 2 206.94 250
2289 414.978 536.727 2 213.102 250
2290 424.978 536.727 2 219.548 87.7992
2291 434.978 536.727 2 226.251 88.0059
2292 444.978 536.727 2 233.191 88.2169
2293 454.978 536.727 2 240.347 88.4312
2294 464.978 536.727 2 247.7 88.6478
2295 474.978 536.727 2 255.232 88.8658
2296 484.978 536.727 2 262.93 250
2297 84.9784 546.727 2 262.278 89.0662
2298 94.9784 546.727 2 254.908 88.8565
2299 104.978 546.727 2 247.723 250
2300 114.978 546.727 2 240.739 250
2301 124.978 546.727 2 233.974 250
2302 134.978 546.727 2 227.447 250
2303 144.978 546.727 2 221.18 250
2304 154.978 546.727 2 215.196 250
2305 164.978 546.727 2 209.518 250
2306 174.978 546.727 2 204.172 250
2307 184.978 546.727 2 199.185 250
2308 194.978 546.727 2 194.584 250
2309 204.978 546.727 2 190.398 86.8731
2310 214.978 546.727 2 186.655 86.752
2311 224.978 546.727 2 183.381 86.646
2312 234.978 546.727 2 180.602 250
2313 244.978 546.727 2 178.341 250
2314 254.978 546.727 2 176.618 250
2315 264.978 546.727 2 175.449 250
2316 274.978 546.727 2 174.845 86.37
2317 284.978 546.727 2 174.812 86.3689
2318 294.978 546.727 2 175.351 250
2319 304.978 546.727 2 176.455 250
2320 314.978 546.727 2 178.115 250
2321 324.978 546.727 2 180.315 250
2322 334.978 546.727 2 183.035 250
2323 344.978 546.727 2 186.253 250
2324 354.978 546.727 2 189.944 250
2325 364.978 546.727 2 194.081 250
2326 374.978 546.727 2 198.635 250
2327 384.978 546.727 2 203.579 250
2328 394.978 546.727 2 208.884 250
2329 404.978 546.727 2 214.525 250
2330 414.978 546.727 2 220.476 250
2331 424.978 546.727 2 226.712 88.02
2332 434.978 546.727 2 233.209 88.2175
2333 444.978 546.727 2 239.948 88.4194
2334 454.978 546.727 2 246.908 88.6246
2335 464.978 546.727 2 254.071 88.8324
2336 474.978 546.727 2 261.42 89.042
2337 484.978 546.727 2 268.941 250
2338 84.9784 556.727 2 268.676 89.2452
2339 94.9784 556.727 2 261.487 89.0438
2340 104.978 556.727 2 254.487 88.8444
2341 114.978 556.727 2 247.694 88.6476
2342 124.978 556.727 2 241.124 88.4543
2343 134.978 556.727 2 234.796 88.2653
2344 144.978 556.727 2 228.731 88.0817
2345 154.978 556.727 2 222.949 87.9044
2346 164.978 556.727 2 217.473 87.7347
2347 174.978 556.727 2 212.328 87.5736
2348 184.978 556.727 2 207.537 87.4223
2349 194.978 556.727 2 203.126 87.2821
2350 204.978 556.727 2 199.119 87.1539
2351 214.978 556.727 2 195.543 87.039
2352 224.978 556.727 2 192.42 86.9384
2353 234.978 556.727 2 189.774 86.8529
2354 244.978 556.727 2 187.623 86.7834
2355 254.978 556.727 2 185.986 86.7304
2356 264.978 556.727 2 184.877 86.6945
2357 274.978 556.727 2 184.304 86.6759
2358 284.978 556.727 2 184.273 86.6749
2359 294.978 556.727 2 184.783 86.6914
2360 304.978 556.727 2 185.832 86.7254
2361 314.978 556.727 2 187.408 86.7764
2362 324.978 556.727 2 189.5 86.8441
2363 334.978 556.727 2 192.091 86.9278
2364 344.978 556.727 2 195.16 87.0267
2365 354.978 556.727 2 198.685 87.14
2366 364.978 556.727 2 202.643 87.2667
2367 374.978 556.727 2 207.009 87.4056
2368 384.978 556.727 2 211.758 87.5557
2369 394.978 556.727 2 216.863 87.7157
2370 404.978 556.727 2 222.302 87.8845
2371 414.978 556.727 2 228.05 88.0609
2372 424.978 556.727 2 234.084 88.2439
2373 434.978 556.727 2 240.382 88.4323
2374 444.978 556.727 2 246.925 88.6251
2375 454.978 556.727 2 253.694 88.8216
2376 464.978 556.727 2 260.67 89.0207
2377 474.978 556.727 2 267.839 89.2219
2378 484.978 556.727 2 275.184 89.4244
2379 84.9784 566.727 2 275.289 89.4273
2380 94.9784 566.727 2 268.276 89.2341
2381 104.978 566.727 2 261.459 89.043
2382 114.978 566.727 2 254.851 88.8548
2383 124.978 566.727 2 248.471 88.6703
2384 134.978 566.727 2 242.335 88.4901
2385 144.978 566.727 2 236.463 88.3153
2386 154.978 566.727 2 230.875 88.1469
2387 164.978 566.727 2 225.592 87.9857
2388 174.978 566.727 2 220.636 87.833
2389 184.978 566.727 2 216.029 87.6896
2390 194.978 566.727 2 211.795 87.5568
2391 204.978 566.727 2 207.956 87.4356
2392 214.978 566.727 2 204.534 87.3269
2393 224.978 566.727 2 201.55 87.2317
2394 234.978 566.727 2 199.025 87.1509
2395 244.978 566.727 2 196.976 87.0851
2396 254.978 566.727 2 195.417 87.035
2397 264.978 566.727 2 194.362 87.001
2398 274.978 566.727 2 193.817 86.9834
2399 284.978 566.727 2 193.787 86.9825
2400 294.978 566.727 2 194.273 86.9981
2401 304.978 566.727 2 195.27 87.0303
2402 314.978 566.727 2 196.771 87.0785
2403 324.978 566.727 2 198.765 87.1425
2404 334.978 566.727 2 201.236 87.2217
2405 344.978 566.727 2 204.167 87.3153
2406 354.978 566.727 2 207.54 87.4224
2407 364.978 566.727 2 211.332 87.5423
2408 374.978 566.727 2 215.522 87.6738
2409 384.978 566.727 2 220.087 87.816
2410 394.978 566.727 2 225.004 87.9677
2411 404.978 566.727 2 230.25 88.1279
2412 414.978 566.727 2 235.804 88.2956
2413 424.978 566.727 2 241.645 88.4697
2414 434.978 566.727 2 247.751 88.6493
2415 444.978 566.727 2 254.105 88.8334
2416 454.978 566.727 2 260.687 89.0212
2417 464.978 566.727 2 267.481 89.212
2418 474.978 566.727 2 274.471 89.4049
2419 484.978 566.727 2 281.644 89.5995
2420 84.9784 576.727 2 282.101 89.6118
2421 94.9784 576.727 2 275.262 89.4266
2422 104.978 576.727 2 268.622 89.2437
2423 114.978 576.727 2 262.195 89.0638
2424 124.978 576.727 2 255.998 88.8877
2425 134.978 576.727 2 250.046 88.7161
2426 144.978 576.727 2 244.36 88.5499
2427 154.978 576.727 2 238.956 88.3898
2428 164.978 576.727 2 233.856 88.237
2429 174.978 576.727 2 229.079 88.0923
2430 184.978 576.727 2 224.646 87.9567
2431 194.978 576.727 2 220.577 87.8311
2432 204.978 576.727 2 216.893 87.7166
2433 214.978 576.727 2 213.614 87.614
2434 224.978 576.727 2 210.759 87.5242
2435 234.978 576.727 2 208.346 87.448
2436 244.978 576.727 2 206.389 87.3859
2437 254.978 576.727 2 204.902 87.3387
2438 264.978 576.727 2 203.896 87.3066
2439 274.978 576.727 2 203.376 87.2901
2440 284.978 576.727 2 203.348 87.2892
2441 294.978 576.727 2 203.811 87.3039
2442 304.978 576.727 2 204.762 87.3342
2443 314.978 576.727 2 206.194 87.3797
2444 324.978 576.727 2 208.097 87.4401
2445 334.978 576.727 2 210.459 87.5147
2446 344.978 576.727 2 213.264 87.603
2447 354.978 576.727 2 216.494 87.7042
2448 364.978 576.727 2 220.132 87.8174
2449 374.978 576.727 2 224.158 87.9417
2450 384.978 576.727 2 228.55 88.0762
2451 394.978 576.727 2 233.289 88.2199
2452 404.978 576.727 2 238.353 88.3719
2453 414.978 576.727 2 243.723 88.5311
2454 424.978 576.727 2 249.378 88.6967
2455 434.978 576.727 2 255.299 88.8677
2456 444.978 576.727 2 261.469 89.0433
2457 454.978 576.727 2 267.871 89.2228
2458 464.978 576.727 2 274.487 89.4054
2459 474.978 576.727 2 281.303 89.5904
2460 484.978 576.727 2 288.306 89.7772
2461 84.9784 586.727 2 289.098 89.7981
2462 94.9784 586.727 2 282.429 89.6206
2463 104.978 586.727 2 275.962 89.4457
2464 114.978 586.727 2 269.71 89.2738
2465 124.978 586.727 2 263.689 89.1059
2466 134.978 586.727 2 257.915 88.9425
2467 144.978 586.727 2 252.406 88.7844
2468 154.978 586.727 2 247.178 88.6325
2469 164.978 586.727 2 242.251 88.4876
2470 174.978 586.727 2 237.643 88.3506
2471 184.978 586.727 2 233.372 88.2224
2472 194.978 586.727 2 229.458 88.1038
2473 204.978 586.727 2 225.919 87.9958
2474 214.978 586.727 2 222.774 87.899
2475 224.978 586.727 2 220.038 87.8144
2476 234.978 586.727 2 217.727 87.7426
2477 244.978 586.727 2 215.855 87.6842
2478 254.978 586.727 2 214.434 87.6397
2479 264.978 586.727 2 213.473 87.6096
2480 274.978 586.727 2 212.977 87.594
2481 284.978 586.727 2 212.949 87.5932
2482 294.978 586.727 2 213.392 87.607
2483 304.978 586.727 2 214.3 87.6355
2484 314.978 586.727 2 215.669 87.6784
2485 324.978 586.727 2 217.489 87.7352
2486 334.978 586.727 2 219.75 87.8055
2487 344.978 586.727 2 222.437 87.8887
2488 354.978 586.727 2 225.537 87.984
2489 364.978 586.727 2 229.031 88.0908
2490 374.978 586.727 2 232.903 88.2083
2491 384.978 586.727 2 237.134 88.3354
2492 394.978 586.727 2 241.704 88.4715
2493 404.978 586.727 2 246.595 88.6155
2494 414.978 586.727 2 251.789 88.7666
2495 424.978 586.727 2 257.267 88.924
2496 434.978 586.727 2 263.011 89.0868
2497 444.978 586.727 2 269.004 89.2543
2498 454.978 586.727 2 275.23 89.4257
2499 464.978 586.727 2 281.674 89.6003
2500 474.978 586.727 2 288.32 89.7776
2501 484.978 586.727 2 295.156 89.9569
