# <Transmitter Set: Tx: 18 tx_ant_grid - Point 4> 
# <Receiver Set: Rx: 17 rx_ant_grid> 
# <X(m)> <Y(m)> <Z(m)> <Distance(m)> <PathGain(dB)>
1 84.9784 -13.2734 2 143.151 -83.7304
2 104.978 -13.2734 2 130.649 -83.751
3 124.978 -13.2734 2 120.192 -82.1915
4 144.978 -13.2734 2 112.352 -82.4231
5 164.978 -13.2734 2 107.703 -82.8271
6 184.978 -13.2734 2 106.663 -80.2893
7 84.9784 6.7266 2 130.714 -83.4015
8 104.978 6.7266 2 116.889 -85.4422
9 124.978 6.7266 2 105.072 -250
10 144.978 6.7266 2 96.0053 -86.4639
11 164.978 6.7266 2 90.5207 -87.555
12 184.978 6.7266 2 89.2802 -78.864
13 84.9784 26.7266 2 120.334 -83.2053
14 104.978 26.7266 2 105.153 -81.358
15 124.978 26.7266 2 91.8374 -82.9732
16 144.978 26.7266 2 81.3085 -91.308
17 164.978 26.7266 2 74.7531 -125.223
18 184.978 26.7266 2 73.2461 -90.6829
19 84.9784 46.7266 2 112.58 -81.9153
20 104.978 46.7266 2 96.183 -86.6377
21 124.978 46.7266 2 81.4134 -85.8388
22 144.978 46.7266 2 69.3188 -87.6818
23 164.978 46.7266 2 61.4985 -250
24 184.978 46.7266 2 59.6576 -250
25 84.9784 66.7266 2 108.02 -83.6124
26 104.978 66.7266 2 90.8031 -86.3226
27 124.978 66.7266 2 74.9812 -80.9886
28 144.978 66.7266 2 61.6372 -87.9365
29 164.978 66.7266 2 52.6887 -97.3132
30 184.978 66.7266 2 50.5279 -98.4593
31 84.9784 86.7266 2 107.062 -82.0236
32 104.978 86.7266 2 89.6618 -250
33 124.978 86.7266 2 73.5949 -250
34 144.978 86.7266 2 59.9431 -93.3835
35 164.978 86.7266 2 50.6965 -250
36 184.978 86.7266 2 48.4469 -93.9405
37 84.9784 106.727 2 109.801 -86.2035
38 104.978 106.727 2 92.9155 -81.9681
39 124.978 106.727 2 77.5258 -88.4015
40 144.978 106.727 2 64.7087 -89.5732
41 164.978 106.727 2 56.251 -250
42 184.978 106.727 2 54.2323 -90.6042
43 84.9784 126.727 2 115.976 -84.0939
44 104.978 126.727 2 100.137 -121.522
45 124.978 126.727 2 86.0482 -250
46 144.978 126.727 2 74.7078 -250
47 164.978 126.727 2 67.5145 -250
48 184.978 126.727 2 65.8421 -79.9655
49 84.9784 146.727 2 125.078 -83.2753
50 104.978 146.727 2 110.55 -84.953
51 124.978 146.727 2 97.971 -99.3655
52 144.978 146.727 2 88.1776 -107.883
53 164.978 146.727 2 82.1721 -123.425
54 184.978 146.727 2 80.8036 -81.3761
55 84.9784 166.727 2 136.523 -87.0819
56 104.978 166.727 2 123.351 -82.9564
57 124.978 166.727 2 112.216 -81.6665
58 144.978 166.727 2 103.775 -84.6355
59 164.978 166.727 2 98.7233 -83.4576
60 184.978 166.727 2 97.5872 -84.3497
61 84.9784 186.727 2 149.775 -86.6545
62 104.978 186.727 2 137.875 -86.125
63 124.978 186.727 2 128.009 -82.224
64 144.978 186.727 2 120.679 -82.9281
65 164.978 186.727 2 116.363 -84.0635
66 184.978 186.727 2 115.401 -81.3904
